numMazes: 2
mazeSize: 10
Maze 1
114 868 0.2589225589 2.2369205600 141 0.383956821298133
0 0 0 0 0 1 1 1 1 0
0 0 0 1 0 1 1 1 1 0
0 0 0 1 1 1 1 1 1 0
0 0 0 1 1 1 1 1 1 0
0 0 0 1 1 1 1 1 1 0
1 1 1 1 1 2 1 1 1 0
1 1 1 1 1 1 1 1 1 1
1 0 0 1 1 1 1 1 1 1
1 0 0 0 1 1 1 1 1 1
1 0 0 0 0 0 0 0 0 0
Maze 2
110 51 0.3236666667 2.3405422767 71 0.345228323881958
1 1 1 1 1 1 1 1 1 1
1 0 0 0 0 0 1 1 1 1
1 0 0 1 1 1 1 0 1 1
1 1 1 1 0 1 1 0 1 1
1 1 2 1 0 1 1 0 1 1
1 0 1 1 0 1 1 0 1 1
1 0 1 1 0 1 1 0 0 1
1 0 1 1 0 1 1 1 1 1
1 1 1 1 0 0 1 0 0 1
0 0 0 1 1 1 1 1 1 1
