numMazes: 100
mazeSize: 10
Maze1
0,0,0,2,0,0,2,1,2,2
0,0,0,1,0,0,3,0,0,1
0,2,0,1,0,0,1,0,0,1
0,1,0,2,0,0,1,0,0,1
0,1,0,2,0,0,1,0,0,1
2,2,1,1,1,1,2,1,1,2
2,1,1,2,1,1,2,1,2,2
0,1,0,1,0,0,2,0,0,0
0,1,0,1,0,0,1,0,0,0
0,2,1,2,1,1,2,1,1,2
Maze2
2,1,1,1,2,1,1,1,2,0
2,2,1,1,1,1,1,2,1,0
1,2,1,1,2,1,2,1,1,0
2,2,1,1,1,1,1,1,1,2
2,1,0,0,1,0,0,2,1,3
1,1,0,0,1,0,0,1,1,1
1,2,1,1,1,1,1,2,2,2
2,0,0,0,1,0,0,1,1,0
2,0,0,0,2,1,1,2,1,0
0,0,0,0,0,0,0,0,2,0
Maze3
2,2,1,2,2,1,1,1,2,0
1,2,0,2,2,0,0,0,1,0
1,1,0,1,1,0,0,0,1,0
1,1,2,2,1,0,0,0,1,2
2,2,1,1,1,1,1,1,2,2
1,0,1,0,1,0,0,0,0,1
2,1,2,1,2,2,2,0,0,1
2,1,2,1,1,1,1,1,1,2
2,0,1,0,0,0,0,0,0,0
0,0,2,1,1,1,1,1,1,3
Maze4
2,2,1,1,1,1,1,1,1,2
0,2,1,2,1,1,1,1,1,2
0,1,0,1,0,0,0,0,0,1
0,1,0,1,0,0,2,0,0,1
0,1,0,1,0,2,1,2,0,1
0,2,3,1,0,1,1,1,0,1
0,1,0,1,0,1,1,1,0,1
0,1,0,1,0,1,1,1,0,1
0,1,0,1,0,2,1,1,1,1
0,2,1,2,2,2,2,0,0,0
Maze5
0,2,1,2,1,1,1,1,2,0
2,1,1,2,1,1,1,1,2,0
1,1,0,2,0,0,0,0,1,0
2,1,0,1,0,0,0,0,1,0
2,1,1,2,2,1,1,1,1,2
0,3,0,0,1,0,0,0,1,0
0,2,1,1,1,1,1,2,2,0
0,1,0,0,1,0,0,1,0,0
0,1,0,0,2,1,1,2,1,2
0,2,2,1,2,1,1,2,0,0
Maze6
0,0,0,0,0,1,0,0,0,0
2,1,2,1,1,1,2,0,0,0
1,0,1,0,0,1,0,0,0,0
2,2,1,1,1,1,2,0,0,0
1,1,1,0,0,1,0,0,0,0
1,2,1,2,0,1,0,2,0,0
1,2,1,2,2,1,1,1,2,0
1,2,2,1,1,1,1,2,0,0
2,0,0,0,2,3,1,2,0,0
0,0,0,0,2,0,0,0,0,0
Maze7
2,2,1,1,1,2,1,1,1,2
1,0,0,0,0,1,0,0,0,0
1,0,1,0,0,2,0,0,2,3
1,0,1,1,1,2,2,0,1,0
1,0,0,0,2,2,0,0,1,0
1,0,2,0,1,1,0,0,1,0
1,0,2,2,2,2,1,1,1,2
2,0,1,1,1,1,0,0,1,0
1,0,1,1,2,1,1,1,2,0
2,1,2,2,1,2,0,0,0,0
Maze8
0,2,0,0,0,2,1,1,2,0
0,2,1,1,2,1,1,1,2,2
0,2,0,0,1,1,0,0,1,0
0,1,0,2,1,2,0,0,1,0
0,2,2,1,1,1,1,1,1,2
0,1,1,1,1,0,0,0,1,0
0,1,1,1,1,0,0,0,1,0
0,1,1,1,1,0,0,0,1,0
0,2,2,2,2,3,1,1,2,2
0,0,0,0,0,0,0,0,0,0
Maze9
0,0,0,0,2,1,1,2,0,0
0,2,2,1,2,1,1,1,2,0
0,2,2,0,1,0,0,1,0,0
0,2,0,0,2,0,0,2,0,0
0,1,0,0,0,0,0,1,0,0
0,2,1,3,0,0,0,1,0,0
0,1,0,2,1,1,1,2,0,0
0,2,0,1,0,0,0,0,0,0
0,2,0,2,0,0,0,0,0,0
0,2,2,2,1,1,1,1,2,0
Maze10
0,0,2,1,2,0,0,0,0,0
0,2,1,1,1,1,1,1,1,2
0,1,2,1,1,1,2,2,2,0
0,1,1,0,1,0,1,0,0,0
0,2,1,0,1,0,2,0,0,0
2,1,1,1,2,2,1,0,0,0
1,1,2,1,1,1,1,2,1,2
1,1,1,0,0,0,1,1,0,0
1,1,1,0,0,0,1,1,0,0
2,2,2,1,1,1,3,2,0,0
Maze11
2,0,0,0,0,0,0,0,0,0
1,0,0,0,1,0,0,0,0,0
2,1,1,1,1,2,2,0,0,0
2,2,1,3,1,2,0,0,0,0
1,1,0,0,1,2,1,1,2,0
1,2,0,2,1,1,2,0,0,0
1,1,0,2,1,1,2,2,2,0
1,1,0,1,1,1,1,0,0,0
1,1,0,1,1,1,1,0,0,0
2,2,1,2,2,2,1,1,1,2
Maze12
2,1,1,1,1,1,1,1,1,1
2,1,1,1,1,1,1,2,0,0
1,0,0,0,1,0,0,1,0,0
1,0,0,0,2,0,0,1,0,0
2,2,2,2,1,1,1,1,2,0
1,0,0,0,2,1,1,2,1,0
1,0,0,0,0,0,0,0,1,0
2,1,1,1,1,1,1,1,2,2
2,1,1,1,1,2,1,1,2,0
2,0,0,0,0,3,0,0,0,0
Maze13
0,0,0,2,0,2,1,2,0,0
2,0,0,1,0,2,0,1,0,0
2,1,1,2,1,1,1,3,0,0
2,1,1,1,1,2,1,1,1,2
2,1,1,1,1,2,1,2,0,1
2,0,0,1,0,1,0,0,0,1
2,0,0,1,0,1,0,0,0,1
0,2,1,2,1,2,1,1,1,2
0,2,0,0,0,1,0,0,0,0
0,2,1,1,1,2,1,1,1,2
Maze14
3,0,0,0,0,0,0,0,0,0
1,0,2,1,1,1,2,1,1,2
1,0,2,0,0,0,1,0,0,0
2,1,2,1,1,1,2,1,2,0
2,1,1,1,1,1,2,1,1,2
1,0,1,0,0,0,2,0,0,0
2,1,2,0,0,0,1,0,0,0
1,0,1,0,0,0,1,0,0,0
1,0,2,1,1,1,2,1,1,2
2,1,2,0,0,0,2,0,0,0
Maze15
2,0,0,1,1,1,0,0,0,0
1,0,0,1,0,1,0,0,0,0
1,0,0,1,2,1,0,0,0,0
1,0,0,1,1,1,0,2,1,2
1,0,0,1,1,1,0,1,0,2
1,0,0,1,1,1,0,1,0,1
2,1,1,2,1,1,3,2,0,1
1,0,0,1,1,1,0,2,1,2
2,1,1,2,1,1,1,1,2,1
0,0,0,2,2,2,1,2,2,2
Maze16
2,1,1,1,2,1,1,2,3,0
1,0,0,0,1,0,0,2,1,2
1,0,0,0,1,0,2,2,0,0
1,0,0,0,1,0,2,0,0,0
1,0,0,2,2,2,1,0,0,0
1,0,0,1,1,1,1,0,0,0
2,2,1,2,1,1,1,2,0,0
1,0,0,1,1,1,1,0,0,0
1,0,0,2,1,2,1,1,1,2
2,0,0,0,2,2,2,2,1,2
Maze17
0,2,0,0,0,0,0,0,2,0
2,1,1,1,1,1,1,1,1,2
2,2,0,0,0,0,0,0,1,0
2,1,1,2,1,1,1,1,1,2
1,1,0,2,0,0,0,0,1,0
3,1,0,1,1,1,1,1,1,0
0,1,0,1,0,0,0,0,1,0
0,1,0,2,1,1,1,1,2,2
2,1,1,1,1,1,1,1,2,0
2,2,1,2,1,1,1,1,2,0
Maze18
0,0,0,0,2,1,2,3,2,2
0,0,2,0,1,0,1,1,0,1
0,0,1,0,1,0,1,1,0,1
2,2,1,1,1,1,1,1,1,2
1,1,1,0,1,0,1,1,0,2
1,2,1,1,1,1,2,1,0,2
1,1,1,0,1,0,0,1,0,0
1,1,1,2,2,1,1,1,2,0
1,1,1,1,2,0,0,1,0,0
2,2,2,2,1,1,1,2,0,0
Maze19
0,0,2,1,1,2,1,2,0,0
2,0,1,0,0,1,0,0,0,0
1,0,1,0,0,1,0,0,0,0
2,1,1,1,1,1,1,1,2,0
1,0,3,1,1,2,1,1,0,0
1,0,2,0,2,2,1,1,2,0
1,0,1,0,1,0,0,0,0,0
1,0,2,0,1,0,0,0,0,0
2,1,2,1,1,1,1,2,0,0
0,0,2,1,2,2,1,2,0,0
Maze20
0,1,0,0,0,0,2,0,0,0
0,1,1,1,2,1,1,1,1,2
0,1,0,0,2,2,2,0,0,0
0,2,0,0,2,0,1,0,0,0
0,2,1,1,1,1,1,1,1,2
0,1,2,1,2,0,1,0,0,1
0,2,1,1,2,1,1,1,1,2
0,1,1,0,0,0,2,1,1,2
0,2,1,1,1,1,2,1,1,2
0,0,3,0,0,0,0,0,0,0
Maze21
0,2,0,0,0,0,0,0,0,0
0,2,1,2,1,2,1,2,1,2
0,1,0,2,0,1,0,0,0,1
0,1,0,2,1,1,1,2,2,2
0,1,0,1,0,1,0,1,1,0
0,2,3,1,1,2,0,1,1,1
0,1,0,1,0,1,0,1,0,0
0,1,1,2,0,1,0,1,0,0
0,1,0,0,0,2,1,2,0,0
0,0,0,0,0,2,2,0,0,0
Maze22
2,0,0,0,0,0,1,0,0,0
2,1,1,1,2,1,1,1,2,2
2,1,1,1,1,1,2,0,1,1
2,0,0,1,1,1,1,1,1,1
2,1,1,1,1,1,1,1,2,0
1,0,0,1,1,0,3,0,1,0
2,1,1,2,2,1,1,1,2,0
1,0,0,2,0,0,1,0,0,0
1,0,0,0,0,0,1,0,0,0
2,1,1,1,1,1,2,2,0,0
Maze23
0,0,0,0,0,2,0,0,0,0
0,1,1,2,1,1,2,1,1,2
0,1,2,2,0,1,2,0,0,1
0,1,1,0,0,1,1,0,0,1
0,1,2,1,1,3,1,0,0,1
0,1,1,0,0,1,1,0,0,1
2,1,1,1,1,2,2,2,0,1
2,0,1,0,0,0,0,0,0,1
1,0,2,0,0,0,0,0,0,1
2,2,1,1,1,1,1,1,1,2
Maze24
0,2,1,2,1,1,2,0,0,0
2,1,1,2,1,3,1,1,1,2
2,1,0,2,0,1,1,0,0,0
0,1,0,1,0,1,1,0,0,0
0,2,1,1,1,1,1,2,1,2
0,2,0,1,0,2,2,1,0,0
0,0,0,2,0,0,0,1,0,0
0,0,0,2,0,0,0,1,0,0
0,0,0,2,1,1,1,2,0,0
0,0,0,0,0,0,0,0,0,0
Maze25
2,1,2,2,1,1,1,2,0,0
1,0,2,1,1,1,1,1,1,2
1,0,2,1,1,2,2,1,2,1
1,0,1,1,0,0,1,1,0,1
1,0,1,1,0,0,1,1,0,1
1,0,1,1,0,0,1,1,0,1
1,0,1,1,0,0,1,1,0,1
1,0,1,2,1,1,2,2,1,2
1,0,1,0,0,0,0,0,0,2
2,1,2,1,1,1,1,1,1,3
Maze26
0,2,1,1,1,2,1,2,1,2
0,1,0,0,0,1,0,1,0,0
0,1,0,0,0,1,0,1,0,0
0,1,0,0,0,1,0,1,0,0
0,2,1,1,1,1,3,1,0,0
0,2,1,1,1,1,1,2,2,0
0,2,1,1,1,2,1,1,1,2
0,2,2,1,1,1,1,1,1,0
0,1,2,1,1,2,0,1,0,0
0,2,0,0,0,2,1,2,1,2
Maze27
0,2,0,0,0,0,2,0,0,0
0,1,0,0,0,0,1,0,0,0
0,2,1,1,1,1,3,1,2,2
2,2,1,1,1,1,2,0,0,0
2,2,1,1,1,1,1,2,0,0
2,1,1,1,1,1,1,1,1,2
2,1,1,2,1,1,1,1,1,0
1,0,0,1,0,0,1,0,1,0
1,0,0,2,1,1,2,1,1,2
2,1,1,1,1,1,1,1,1,0
Maze28
2,1,2,1,1,2,1,1,2,0
1,0,1,0,0,2,0,0,0,0
1,0,1,0,0,1,0,0,0,0
1,0,2,1,1,1,1,1,2,0
1,2,1,3,0,1,0,0,1,0
2,2,1,0,0,1,0,0,1,0
2,2,1,1,2,2,2,0,1,0
1,0,2,0,1,1,0,0,1,0
1,0,0,0,2,2,1,2,1,0
2,0,0,0,0,2,1,1,2,2
Maze29
0,0,2,2,0,0,0,0,0,0
0,2,1,1,1,1,1,3,0,0
0,1,1,1,0,0,0,0,0,0
0,1,1,1,0,2,0,0,0,0
2,1,1,2,0,1,0,0,0,0
2,1,1,1,1,2,2,2,1,2
1,2,1,1,0,0,1,1,0,0
2,2,1,2,2,1,2,1,2,0
2,0,1,0,0,0,1,1,0,0
2,1,2,1,1,1,2,2,1,2
Maze30
0,2,1,1,1,1,1,1,1,1
0,2,1,2,2,2,1,2,0,0
0,1,0,1,0,1,0,1,0,0
0,1,0,1,0,1,0,1,0,0
0,2,1,1,1,1,1,1,1,3
0,1,0,2,0,1,0,1,0,0
0,2,0,0,0,1,0,1,0,0
0,2,1,1,1,1,1,2,0,0
0,1,0,0,0,1,0,1,0,0
0,2,0,0,0,2,1,2,2,0
Maze31
0,0,2,1,1,2,2,2,1,2
0,0,1,0,0,1,0,1,0,1
2,1,2,1,1,2,0,1,0,1
1,0,1,0,0,1,0,1,2,2
1,0,1,0,0,2,1,2,2,0
1,0,1,0,0,1,0,1,0,0
1,0,1,0,0,2,1,2,0,0
1,0,2,1,1,2,3,0,0,0
1,0,2,0,0,1,0,0,0,0
2,1,1,1,1,2,1,1,1,2
Maze32
0,0,0,0,2,1,1,1,3,0
0,1,0,0,2,0,0,0,0,0
0,1,1,1,1,1,1,1,1,0
2,1,1,1,1,1,1,1,1,1
1,1,1,0,1,0,0,0,2,0
2,1,1,1,1,1,2,1,2,0
1,1,1,0,2,1,2,0,1,1
1,1,2,0,0,0,0,0,1,0
1,1,1,0,0,0,0,0,1,0
2,2,2,1,1,2,1,1,2,2
Maze33
0,0,0,2,2,0,0,0,0,0
0,0,0,1,1,0,2,0,0,0
2,2,1,2,1,2,1,1,1,2
1,1,0,1,1,0,1,0,0,0
2,1,0,1,1,0,1,0,0,0
1,1,2,1,1,1,1,1,1,3
1,1,1,1,1,0,1,0,0,0
1,1,1,1,1,0,1,0,0,0
2,1,2,2,2,1,2,2,0,0
0,2,0,2,1,1,2,2,0,0
Maze34
0,0,2,0,0,0,0,0,0,3
2,0,1,0,0,0,0,0,0,1
2,0,1,2,1,1,1,1,1,2
1,0,2,2,0,0,0,0,0,0
2,2,1,1,1,1,2,1,1,1
1,1,1,0,0,0,2,1,2,0
1,1,1,0,0,0,0,2,0,0
1,1,2,1,1,1,1,2,1,2
1,1,1,0,0,0,0,1,0,0
2,2,2,1,1,1,1,1,1,2
Maze35
2,0,0,0,1,1,1,1,2,0
1,0,0,0,1,0,0,0,1,0
2,2,1,2,1,1,1,1,1,1
1,1,0,1,1,0,0,0,1,0
1,1,0,3,2,1,1,1,1,2
1,1,0,1,1,0,0,0,1,0
1,1,0,2,1,1,1,1,2,0
1,1,0,2,2,1,1,2,2,2
1,1,0,0,1,0,0,0,1,0
2,2,1,1,2,1,1,1,2,2
Maze36
2,2,0,0,0,0,0,0,0,0
1,1,0,0,0,0,0,0,0,0
2,1,1,2,1,2,1,2,0,0
2,1,1,2,1,2,0,0,0,0
1,1,0,1,0,0,0,0,0,0
1,1,0,1,0,0,0,0,0,0
1,1,0,2,0,0,0,0,0,0
2,1,0,1,0,0,0,0,0,0
3,1,1,1,1,1,1,0,0,0
2,2,1,2,1,2,1,1,2,2
Maze37
0,0,2,0,0,0,0,0,2,0
2,2,2,1,1,1,1,2,2,2
1,1,1,0,0,0,1,0,1,0
2,1,1,1,2,1,1,1,1,2
1,1,1,0,2,0,1,0,1,0
1,1,1,0,1,0,1,0,1,0
1,1,1,0,1,0,1,0,1,0
1,1,1,0,1,0,1,0,1,0
2,2,1,1,1,1,2,1,2,0
2,2,2,1,2,3,0,0,0,0
Maze38
0,0,0,2,1,1,2,0,0,0
2,3,0,1,0,0,1,0,0,0
2,1,0,2,0,0,1,0,0,0
1,1,0,1,0,0,1,0,0,0
1,1,0,1,0,0,1,0,0,0
2,2,1,2,2,2,1,2,1,2
1,1,0,0,1,0,1,1,0,0
2,1,1,1,1,1,1,2,0,0
0,1,0,0,1,0,1,0,0,0
0,2,2,1,2,1,2,1,2,0
Maze39
0,0,2,1,1,2,2,0,0,0
0,0,1,0,0,1,1,0,0,0
0,0,1,0,0,2,1,1,1,2
0,0,1,0,0,1,1,0,0,0
0,0,2,0,0,1,1,0,0,0
0,0,2,1,1,3,2,2,0,0
0,0,1,0,0,1,1,0,0,0
2,1,1,1,1,2,2,1,1,2
1,0,1,0,0,1,1,0,0,0
2,0,2,1,1,2,2,0,0,0
Maze40
0,0,0,2,1,1,1,2,1,2
0,0,0,2,1,1,2,1,0,0
2,1,1,1,1,1,1,2,0,0
1,0,0,1,0,0,1,0,0,0
2,0,0,1,0,0,1,0,0,0
1,0,0,2,1,1,1,2,0,0
2,2,1,1,1,1,3,1,1,2
1,2,1,2,1,2,0,1,0,0
1,2,0,2,0,0,0,1,1,0
2,1,1,2,1,1,1,2,0,0
Maze41
1,0,0,0,0,0,0,2,2,2
1,1,1,2,2,0,0,1,1,0
1,2,1,1,2,0,0,1,1,0
1,2,0,1,0,0,0,1,1,0
2,2,1,2,3,1,1,2,1,2
2,0,0,1,0,0,0,1,1,0
1,0,0,1,0,0,0,1,1,0
2,1,2,1,1,2,0,1,1,0
0,0,2,1,0,0,0,2,1,0
0,0,0,2,1,1,1,1,2,0
Maze42
2,1,1,1,1,2,1,2,1,2
2,1,1,2,0,1,0,1,0,1
1,0,0,0,0,1,0,2,0,1
1,0,2,0,0,1,0,1,0,1
2,1,2,1,1,1,1,1,2,1
2,1,1,2,1,2,0,1,0,1
2,0,1,0,0,0,0,1,0,1
1,0,2,1,1,3,0,1,0,1
1,0,0,0,0,0,0,2,1,2
2,1,1,1,1,1,1,2,0,0
Maze43
0,0,2,1,1,1,2,2,2,2
2,0,1,0,0,0,1,1,0,0
1,0,1,2,1,1,2,1,0,0
1,0,1,3,0,0,2,2,0,0
1,0,1,0,0,0,1,1,0,0
2,1,1,1,1,1,2,2,0,0
1,0,1,0,0,0,0,1,0,0
1,0,2,1,1,2,0,1,0,0
1,0,2,1,1,1,1,1,1,1
2,1,2,1,1,2,0,1,1,1
Maze44
2,1,1,1,1,1,1,1,2,0
1,0,2,2,1,1,1,2,1,0
1,0,1,1,0,0,0,0,1,0
1,0,2,1,2,2,1,1,2,0
2,1,1,1,2,1,2,0,1,0
1,0,1,1,0,1,0,0,1,0
1,0,2,1,0,1,0,0,1,1
1,0,0,1,0,2,0,0,0,0
2,1,1,1,1,1,3,0,0,0
2,0,0,2,1,2,1,1,2,0
Maze45
0,0,0,2,1,1,1,2,1,2
2,1,1,1,1,2,1,1,3,0
1,0,0,1,0,0,0,1,0,0
2,1,1,1,1,2,2,1,1,2
2,0,0,2,0,1,0,2,0,0
2,1,1,2,2,1,1,1,1,2
1,0,0,0,0,1,0,1,0,0
2,1,1,1,1,1,1,2,1,2
2,0,0,0,0,1,0,1,0,0
0,2,1,1,1,2,0,2,0,0
Maze46
2,0,2,1,1,2,0,0,0,0
1,2,1,1,1,1,1,2,1,2
1,1,2,0,0,1,0,1,0,2
1,1,1,0,0,1,0,1,0,2
1,1,1,0,0,1,0,1,0,1
1,2,1,0,0,3,0,1,0,1
2,2,1,2,1,1,1,1,1,2
1,0,1,1,0,1,0,1,0,1
1,0,1,1,2,2,2,2,0,1
2,1,2,2,2,1,1,1,1,2
Maze47
0,0,0,0,0,0,1,0,0,0
0,2,1,1,1,1,1,2,0,0
0,2,0,0,0,0,1,1,0,0
2,2,1,1,1,1,1,2,2,2
2,1,0,0,3,0,1,0,1,0
1,2,0,0,1,0,1,0,1,0
1,2,1,1,2,1,2,1,2,0
1,1,0,0,0,0,0,0,0,0
1,1,0,0,0,0,0,0,0,0
2,2,1,1,1,1,1,1,1,2
Maze48
2,2,1,1,1,2,0,0,0,0
1,1,1,0,0,1,0,0,0,0
1,1,1,0,0,1,0,0,0,0
2,1,1,1,3,2,1,1,2,2
1,1,1,0,0,0,1,0,1,0
1,1,1,0,0,0,1,0,2,0
1,1,1,0,0,0,1,0,1,0
1,1,2,1,1,1,2,1,2,2
2,1,1,0,0,0,0,0,0,0
2,2,2,2,0,0,0,0,0,0
Maze49
0,1,0,2,2,2,1,1,1,2
0,1,0,1,1,0,0,0,0,0
2,1,1,1,1,1,1,3,0,0
1,1,0,1,1,0,0,0,0,0
1,1,1,1,1,1,2,1,1,2
1,1,0,1,1,0,1,0,0,0
1,1,0,1,1,0,1,0,0,0
1,1,0,1,1,0,1,0,0,0
2,2,2,2,1,1,2,2,0,0
2,2,0,0,2,1,2,0,0,0
Maze50
0,2,0,0,0,0,2,1,2,0
0,3,0,0,0,0,1,0,1,0
0,2,1,1,2,1,1,1,1,2
0,1,0,0,2,1,2,0,1,0
0,1,0,0,1,0,0,0,1,0
0,1,0,0,2,0,0,0,1,0
0,1,0,0,2,1,2,0,1,0
0,1,0,0,2,1,1,1,2,2
0,1,0,0,2,0,1,0,0,0
0,2,2,1,2,1,2,1,1,2
Maze51
2,1,1,1,1,1,1,2,0,0
1,0,0,0,0,0,0,1,0,0
1,0,0,0,0,0,0,1,0,0
1,0,0,2,0,0,0,1,0,0
1,0,2,2,1,2,1,1,2,2
1,0,1,1,0,2,1,3,1,2
1,0,1,1,0,1,0,1,0,1
2,0,1,1,1,1,1,1,1,1
1,0,1,0,1,1,1,1,0,0
2,1,2,1,2,2,1,1,2,0
Maze52
2,2,2,0,0,0,0,0,0,0
2,2,1,1,1,1,1,2,2,0
1,1,1,0,0,0,0,1,0,0
1,2,1,1,1,1,1,1,3,0
2,1,1,1,1,1,1,2,0,0
1,0,1,0,0,0,0,1,0,0
2,1,2,1,2,2,0,1,0,0
1,0,0,0,1,0,0,1,0,0
1,0,0,0,2,1,1,2,1,2
2,0,0,0,2,0,0,0,0,0
Maze53
0,0,1,0,0,0,0,0,0,0
1,0,1,0,0,2,0,0,0,0
1,1,1,2,1,2,1,2,0,0
1,2,1,1,1,1,1,1,3,0
1,1,1,2,0,1,0,0,0,0
1,1,1,1,0,1,0,0,0,0
1,1,1,1,0,1,0,0,0,0
1,1,1,1,0,1,0,0,0,0
2,2,2,1,1,2,1,2,0,0
2,2,1,1,1,2,1,1,2,0
Maze54
2,1,2,1,2,2,2,0,0,0
2,0,2,0,1,1,1,0,0,0
1,0,1,0,2,1,1,1,1,2
1,0,1,0,1,1,1,0,0,1
1,2,2,1,2,2,2,0,0,1
1,1,3,0,1,0,2,1,1,2
1,1,1,0,1,0,1,0,0,0
1,2,2,1,1,1,1,1,2,0
2,2,1,1,1,1,1,1,1,1
0,0,0,0,0,0,2,0,0,0
Maze55
0,0,0,0,0,0,0,0,0,0
0,0,0,0,2,0,0,0,0,0
2,2,1,3,2,2,2,1,2,0
2,2,0,0,1,0,1,0,0,0
1,1,0,0,2,1,1,1,1,1
2,2,1,2,2,2,1,0,0,0
0,1,0,1,0,1,1,2,0,0
0,1,0,1,0,1,1,1,0,0
0,1,0,2,1,2,1,2,1,2
0,2,0,0,0,0,2,0,0,0
Maze56
2,1,1,1,3,0,0,0,0,0
1,0,0,0,2,1,2,2,2,2
1,0,2,0,1,0,1,1,1,1
1,0,1,0,1,0,1,2,1,1
2,1,1,1,2,0,1,0,1,1
2,1,2,0,1,1,1,1,1,1
1,0,1,0,2,0,0,0,1,0
1,0,2,1,1,1,1,1,2,0
2,0,0,0,0,0,0,0,0,0
0,0,0,0,0,0,0,0,0,0
Maze57
0,0,0,2,1,1,1,1,2,2
0,0,0,1,0,0,0,0,1,0
2,0,0,1,0,0,0,0,1,0
1,0,0,2,1,1,1,1,2,0
1,0,0,1,2,1,3,0,0,0
1,0,0,2,2,1,1,2,1,2
1,0,0,2,2,1,1,2,2,0
2,1,1,2,2,0,0,0,0,0
1,0,0,0,1,0,0,0,0,0
2,1,1,1,2,0,0,0,0,0
Maze58
0,0,0,2,1,2,1,2,1,2
0,0,0,1,0,1,0,2,0,1
0,0,2,1,0,1,0,0,0,1
2,1,2,2,1,2,1,2,0,1
1,0,1,1,0,1,0,0,0,1
1,0,2,2,1,1,2,0,0,1
2,0,1,0,0,1,0,0,0,1
2,1,2,1,1,2,1,2,0,1
0,0,1,0,0,0,0,0,0,3
0,0,2,0,0,0,0,0,0,2
Maze59
0,2,1,1,1,2,1,1,1,2
0,1,0,0,0,1,0,0,0,0
2,1,1,1,1,2,2,1,2,0
2,3,1,2,0,1,1,0,1,0
1,0,0,1,0,1,1,0,1,0
1,0,0,2,1,1,2,2,2,0
1,0,0,1,0,2,1,1,2,0
1,0,0,1,0,1,0,0,1,0
2,1,1,1,1,2,0,0,1,1
2,1,1,1,1,1,1,1,1,0
Maze60
0,0,0,2,1,1,2,2,0,0
0,0,2,1,1,2,1,0,0,0
0,2,2,1,0,1,2,0,0,0
0,1,1,1,0,1,1,0,0,0
0,2,2,1,0,1,1,0,2,0
0,1,0,1,0,2,1,2,1,0
0,1,0,2,0,1,1,0,1,0
0,2,1,1,1,1,3,0,1,0
0,0,0,2,1,2,1,0,2,2
0,0,0,0,0,0,2,1,2,2
Maze61
0,0,2,1,1,1,2,1,1,2
2,0,1,0,0,0,1,0,0,0
2,1,1,1,1,1,2,0,0,0
2,0,1,0,0,0,0,0,0,0
2,1,2,1,2,1,1,1,2,0
1,0,3,0,0,0,0,0,1,0
2,1,2,1,1,1,1,2,1,0
1,0,1,0,0,0,0,2,2,2
2,0,2,0,0,0,0,1,0,0
2,1,1,1,1,2,1,2,1,2
Maze62
2,2,1,1,3,2,0,0,0,0
1,1,0,0,1,0,2,2,2,0
2,1,0,0,1,1,1,1,1,1
1,1,0,0,1,1,1,1,0,0
1,1,0,0,1,1,1,1,0,0
1,1,0,0,1,1,1,1,0,0
2,1,1,1,2,1,2,1,1,2
2,2,1,1,1,1,1,2,0,0
0,2,1,1,1,1,2,1,2,0
0,2,0,0,0,1,0,0,0,0
Maze63
0,0,0,0,2,0,0,0,0,0
2,2,2,1,1,2,2,2,1,2
2,1,1,0,1,1,0,1,0,0
2,1,1,1,1,1,1,1,2,0
1,1,1,0,1,1,0,1,0,0
1,1,1,0,1,2,0,1,0,0
2,1,2,0,1,1,0,1,0,0
1,1,0,0,1,2,1,3,0,0
1,1,0,0,2,1,1,2,0,0
2,2,1,1,1,1,1,1,1,0
Maze64
0,2,0,0,0,0,0,0,0,0
0,2,2,1,1,1,1,1,2,0
0,2,2,3,1,1,2,0,1,0
0,2,0,0,0,0,1,0,1,0
0,2,1,1,2,1,1,1,2,0
0,2,1,1,1,1,2,1,2,0
0,2,1,1,1,1,1,1,2,2
0,1,0,0,0,0,1,0,0,0
0,1,0,0,2,1,2,0,0,0
0,2,1,1,2,2,0,0,0,0
Maze65
2,1,1,2,2,1,2,1,2,0
2,1,1,1,2,0,1,0,0,0
0,0,0,1,1,0,1,0,0,0
0,2,0,1,1,1,1,1,1,0
0,1,0,1,1,0,1,0,0,0
0,1,0,2,3,0,1,0,0,0
0,2,1,1,2,1,1,2,0,0
0,2,0,0,2,0,1,0,0,0
0,1,0,0,0,0,1,0,0,0
0,2,1,1,1,1,2,2,1,2
Maze66
0,0,0,0,0,0,0,2,1,2
0,0,2,1,1,2,0,1,0,1
0,0,2,1,1,2,1,2,0,1
0,0,1,0,0,2,0,1,0,1
0,0,1,0,0,2,1,1,3,2
0,0,1,0,0,1,0,2,0,0
0,0,1,0,0,1,0,0,0,0
0,2,1,1,1,2,2,2,0,0
0,2,2,1,1,1,2,0,0,0
0,0,0,0,0,0,0,0,0,0
Maze67
2,2,0,0,0,0,0,0,0,0
2,1,1,1,1,1,1,1,2,0
2,1,1,1,1,1,1,1,2,0
1,1,0,0,0,0,0,0,0,0
1,1,0,2,1,1,1,2,1,2
3,1,0,1,0,0,0,1,0,0
2,2,1,1,1,2,2,1,0,0
2,1,1,1,1,1,1,1,1,1
1,2,1,1,1,2,0,1,0,0
2,1,1,1,1,1,1,2,1,2
Maze68
2,0,0,0,0,0,0,0,0,0
1,0,0,2,0,2,1,2,0,0
1,0,2,1,0,1,0,2,0,0
2,1,1,1,1,2,1,2,1,2
2,0,1,1,0,1,0,0,0,0
1,0,1,2,1,1,3,0,0,0
1,0,1,1,0,2,0,0,0,0
2,1,1,2,0,0,0,0,0,0
2,1,2,2,1,1,2,2,0,0
0,0,2,2,2,0,0,0,0,0
Maze69
0,2,0,0,0,0,0,0,0,0
0,1,0,0,0,0,0,0,0,2
0,1,0,0,0,0,0,0,0,2
2,1,1,1,1,1,2,2,0,1
2,1,0,0,0,0,1,0,0,1
1,1,1,2,0,0,1,0,0,1
1,1,0,1,0,0,1,0,0,1
2,2,0,1,2,1,1,1,3,1
2,2,0,1,1,0,1,0,0,1
0,2,1,2,2,1,2,1,1,2
Maze70
0,2,0,2,0,0,0,0,0,0
0,2,1,2,1,3,2,0,0,0
2,2,1,1,1,1,1,2,2,0
1,1,0,1,0,0,0,1,1,0
1,1,0,1,0,0,0,1,1,0
2,2,1,1,1,2,0,1,1,0
0,1,0,2,1,1,1,1,1,2
0,2,1,1,1,1,1,2,2,0
0,1,0,1,0,0,1,0,0,0
0,2,0,2,1,1,1,1,1,1
Maze71
2,0,0,0,0,0,0,0,0,0
1,0,2,2,1,1,2,1,2,0
1,0,1,1,0,0,2,0,2,2
2,0,1,1,0,0,1,0,0,1
2,1,1,1,1,1,1,2,0,1
1,0,2,1,0,0,1,1,0,1
2,1,2,1,1,1,3,1,1,2
0,0,0,1,0,0,2,1,2,0
0,2,1,2,0,0,0,1,0,0
0,2,1,1,1,1,1,2,0,0
Maze72
2,1,2,1,2,1,1,1,1,2
2,1,2,2,1,0,0,0,0,0
1,0,1,0,1,0,0,0,0,0
1,0,1,0,1,0,0,0,0,0
3,1,1,1,1,1,1,1,1,1
2,1,1,1,1,2,0,0,0,0
2,1,2,1,1,1,1,1,2,0
2,0,1,0,1,1,0,0,0,0
2,1,2,1,1,2,1,1,2,0
2,1,1,1,1,1,1,1,1,1
Maze73
0,2,2,1,1,2,1,2,2,0
0,2,1,1,1,2,1,1,2,2
2,2,1,0,0,1,0,1,1,0
1,0,1,0,2,2,1,2,1,0
1,0,1,0,1,1,0,1,1,0
1,0,1,0,2,1,0,1,2,0
2,0,1,0,1,1,1,1,1,1
2,2,1,0,1,0,0,1,0,0
0,1,1,0,2,1,1,1,3,0
0,2,2,0,0,0,0,1,0,0
Maze74
0,0,2,1,2,1,1,2,2,0
0,0,1,0,2,1,1,2,0,0
0,0,2,1,1,1,1,2,1,2
2,0,1,2,2,1,1,2,0,0
1,0,1,1,0,0,0,1,0,0
2,1,1,1,1,1,2,1,0,0
1,0,2,1,0,0,2,1,2,2
1,0,0,1,0,0,0,1,1,0
1,0,0,2,1,1,1,2,3,2
2,1,1,2,1,1,1,2,0,0
Maze75
2,1,1,1,1,1,2,0,0,0
1,0,0,0,0,0,1,0,0,2
2,1,2,0,0,0,1,0,0,1
1,0,1,0,0,2,1,2,2,2
1,0,1,0,2,2,1,2,0,1
1,0,2,1,3,1,1,1,1,1
1,0,1,0,0,0,0,1,0,2
2,0,1,0,0,0,0,1,0,1
0,0,2,1,1,1,1,2,2,2
0,0,2,1,1,1,1,2,0,0
Maze76
0,0,0,2,1,1,2,1,2,0
2,2,1,1,1,2,2,2,2,0
1,2,0,1,0,1,1,0,1,0
1,1,0,1,0,1,1,0,1,0
1,2,1,3,1,1,2,1,2,0
2,1,0,1,0,2,0,0,1,0
2,1,1,2,0,1,0,0,1,0
0,2,0,0,0,1,0,0,1,0
0,2,1,1,1,1,1,2,2,0
0,0,0,0,0,2,1,2,2,0
Maze77
2,0,0,0,0,0,2,0,0,0
1,0,0,0,0,0,2,2,1,2
1,0,2,1,2,0,1,1,0,0
2,2,2,1,1,1,1,2,0,0
2,1,2,1,1,1,1,1,2,0
2,1,0,0,1,0,1,0,0,0
1,1,0,0,1,0,1,0,0,0
1,1,0,0,2,2,1,0,0,0
2,2,0,0,0,1,1,0,0,0
2,1,1,1,1,3,2,1,1,2
Maze78
0,0,0,2,0,1,1,0,0,0
2,2,0,1,0,2,0,0,0,0
1,1,0,1,0,1,0,0,0,0
1,2,1,1,1,3,1,2,1,2
1,0,0,1,0,0,0,1,0,0
2,1,1,1,1,1,1,2,2,0
2,1,1,2,1,1,1,2,1,2
1,0,0,1,0,0,0,0,0,0
2,0,0,1,0,0,0,0,0,0
2,1,1,2,1,1,1,1,2,0
Maze79
0,2,1,1,1,1,2,0,0,0
3,2,0,0,0,0,1,0,0,0
0,2,2,1,1,1,2,0,0,0
0,2,1,2,0,0,1,0,0,0
0,2,1,1,2,0,1,0,0,0
0,1,1,1,0,0,1,0,0,2
0,2,1,1,1,1,1,1,1,2
0,2,2,2,1,1,1,1,1,1
0,2,1,0,0,0,2,1,1,2
0,0,2,0,0,0,0,0,0,0
Maze80
3,1,1,1,1,1,1,1,1,1
1,0,2,1,0,2,0,1,0,0
2,1,1,1,1,1,1,1,2,0
1,0,1,1,0,1,0,1,1,0
2,1,2,1,1,2,1,1,1,1
1,0,2,1,1,1,1,1,2,0
1,0,0,1,0,1,0,1,1,0
1,0,0,2,0,1,0,1,1,0
2,1,1,1,1,2,1,2,2,0
0,0,0,2,1,1,1,2,2,0
Maze81
2,0,0,0,2,0,0,2,3,0
1,2,1,1,2,2,0,1,0,0
2,2,0,0,0,0,0,1,0,0
1,2,1,2,0,0,0,1,0,0
1,1,0,2,1,2,0,1,0,0
1,2,0,2,1,2,1,1,1,2
1,1,0,1,0,0,0,1,0,0
1,1,0,1,0,0,0,1,0,0
2,2,1,2,1,1,1,1,2,0
0,0,0,2,1,1,1,2,0,0
Maze82
0,2,0,0,0,0,0,0,0,0
0,1,0,0,2,1,1,1,1,2
0,1,0,2,1,0,0,0,0,2
0,3,0,1,1,0,0,0,0,1
2,2,1,1,2,1,1,2,0,1
1,1,0,1,2,0,0,1,0,1
1,1,0,1,0,0,0,1,0,1
1,1,0,2,1,1,1,1,1,2
2,2,1,1,1,1,1,2,1,2
0,2,1,2,2,0,0,0,0,0
Maze83
2,1,1,1,1,1,1,1,2,0
1,0,0,0,0,0,0,0,1,0
2,0,0,2,0,0,0,0,1,0
1,0,0,1,0,0,0,0,1,0
1,0,2,1,1,2,1,2,2,0
2,1,1,1,1,2,2,1,0,0
2,1,1,1,1,1,1,2,0,0
2,1,1,1,3,1,0,0,0,0
0,0,2,1,1,2,1,2,0,0
0,0,2,2,1,2,1,1,1,1
Maze84
0,2,2,2,1,1,2,1,2,2
0,1,1,1,0,0,0,0,0,0
2,1,1,1,2,1,2,0,0,0
2,1,1,2,2,0,0,0,0,0
1,1,2,0,1,0,0,0,0,0
1,1,2,1,1,1,2,0,0,0
1,1,1,0,2,0,1,0,0,0
2,2,1,0,0,0,1,0,0,0
2,1,2,0,0,0,1,0,0,0
2,0,0,0,0,0,2,1,3,0
Maze85
2,0,0,1,1,1,1,1,1,0
1,0,0,1,0,0,0,0,1,0
1,0,0,1,0,0,0,0,1,0
2,1,1,1,2,1,2,0,1,0
1,0,0,1,1,0,0,0,1,0
2,0,0,1,2,0,0,0,1,0
1,0,0,1,1,0,0,0,1,0
2,1,2,1,2,1,1,1,2,2
0,0,0,1,1,0,0,0,1,0
0,2,1,3,2,1,1,1,2,2
Maze86
2,2,1,2,2,2,1,1,1,0
1,1,0,0,1,0,0,0,1,0
1,1,0,0,1,0,0,0,1,0
3,2,0,0,1,0,1,1,1,1
0,2,0,0,1,0,1,0,0,0
0,0,2,1,2,1,1,1,2,0
0,0,1,0,1,0,1,0,0,0
2,1,1,1,1,1,2,0,0,0
1,0,2,1,1,1,2,2,0,0
2,1,1,1,2,1,1,1,1,1
Maze87
0,2,2,1,1,2,2,2,0,0
0,1,1,0,0,1,1,0,0,0
0,1,1,0,0,1,1,0,0,0
2,1,1,1,1,2,2,1,2,2
1,1,1,0,0,0,2,0,0,1
1,1,1,0,0,0,0,0,0,1
2,2,3,2,0,0,0,0,0,1
2,2,1,1,2,2,0,0,0,1
1,0,0,1,0,0,0,0,0,1
2,0,0,2,1,1,1,1,1,2
Maze88
0,0,0,0,0,0,0,2,0,0
0,0,0,2,1,2,1,2,1,2
0,0,0,1,0,1,0,1,0,0
0,0,0,1,0,1,0,1,0,0
0,0,0,1,0,2,1,2,0,0
2,1,1,1,1,2,1,2,2,0
1,0,0,1,0,1,0,1,0,0
2,3,1,1,1,2,1,2,1,2
0,1,0,1,0,0,0,2,0,0
0,2,1,2,1,1,2,0,0,0
Maze89
0,0,2,1,2,1,1,1,1,2
0,0,1,0,2,2,1,2,0,1
2,1,2,0,1,1,0,0,0,1
1,0,0,0,1,1,0,0,0,1
1,0,0,0,1,1,0,0,0,1
2,1,1,1,1,2,1,1,1,3
2,0,0,0,1,1,0,0,0,1
2,1,1,1,1,2,1,1,1,2
2,1,1,1,2,2,1,2,0,0
2,0,0,0,0,0,0,0,0,0
Maze90
0,0,0,0,0,0,2,2,0,0
0,0,0,0,2,1,2,1,2,2
0,0,2,1,2,0,1,1,1,0
0,0,1,0,1,2,1,1,1,3
0,0,1,0,1,1,1,1,1,0
0,0,2,1,1,2,1,1,1,0
0,0,1,0,2,0,1,1,1,0
0,0,2,0,1,0,1,1,1,0
0,0,0,0,2,0,1,2,2,0
0,0,0,0,2,1,1,1,2,2
Maze91
2,2,2,0,1,1,1,1,1,1
1,1,0,0,2,0,0,0,0,1
1,2,1,1,1,1,2,0,0,1
1,1,0,0,2,1,2,1,1,2
1,2,0,0,0,0,1,0,0,1
2,1,1,1,1,1,3,2,2,2
1,1,0,0,0,0,2,1,0,1
1,2,0,0,0,0,2,1,1,2
1,0,0,0,0,0,0,1,0,0
2,0,0,0,0,0,0,2,0,0
Maze92
0,0,0,0,0,0,0,0,0,0
2,3,1,1,1,1,1,1,0,0
1,1,0,0,0,0,1,0,0,0
1,1,0,0,2,0,1,0,0,0
2,1,0,0,2,2,1,1,1,2
2,2,2,0,1,1,1,0,0,0
1,1,0,0,1,1,1,0,0,0
2,2,0,0,1,2,1,0,0,0
2,1,1,1,2,1,1,1,1,2
0,2,1,1,2,2,2,0,0,0
Maze93
2,1,1,1,1,2,1,1,2,0
1,0,0,0,0,1,0,0,0,0
2,2,1,2,0,1,0,0,0,0
1,1,0,1,0,1,0,0,0,0
1,1,0,1,0,2,1,2,2,2
1,1,0,1,0,1,0,3,1,0
1,2,1,1,1,1,1,2,1,0
1,1,0,1,0,2,1,1,2,0
1,2,1,1,1,2,1,2,1,0
2,1,1,2,1,2,0,0,2,0
Maze94
0,0,0,0,0,2,0,0,0,0
2,1,1,2,2,2,1,1,2,0
1,0,0,2,2,1,1,1,1,2
1,0,0,1,0,1,0,0,0,0
1,0,0,1,0,1,0,0,0,0
1,0,0,1,0,2,2,1,1,3
1,0,0,2,1,2,2,1,2,0
2,1,1,1,1,2,2,1,1,1
2,0,0,0,0,2,0,0,0,0
0,0,0,0,0,0,0,0,0,0
Maze95
2,0,0,0,0,0,0,0,1,1
1,0,2,0,0,1,0,0,1,1
1,0,2,2,0,1,0,0,1,1
2,0,1,1,0,1,0,0,1,1
1,0,1,1,0,1,0,0,1,1
2,3,1,2,1,1,1,1,2,2
1,0,2,0,0,1,1,1,2,2
1,0,1,0,0,1,0,0,0,0
2,1,1,1,1,2,1,1,2,0
2,0,2,1,1,2,0,0,0,0
Maze96
0,0,0,0,0,0,0,0,0,0
2,1,1,1,1,1,1,1,1,1
2,2,1,1,1,1,1,2,1,0
1,2,0,0,0,0,0,0,1,0
1,1,0,0,0,0,2,0,1,0
1,1,0,0,0,0,1,0,1,0
2,1,1,1,1,1,2,2,2,0
1,2,1,1,1,1,2,1,0,0
1,1,0,0,0,0,1,1,0,0
2,3,2,1,1,1,2,2,1,2
Maze97
0,0,0,2,1,1,1,1,1,3
0,0,0,1,0,0,0,0,0,0
2,0,0,1,0,0,0,0,0,0
1,0,2,2,1,2,0,0,2,2
1,0,1,1,0,1,2,0,1,1
2,1,2,1,1,2,2,1,2,1
1,0,1,1,0,0,1,0,2,1
1,0,1,1,0,0,1,0,1,1
2,1,2,1,1,1,1,1,2,2
0,0,0,2,1,1,2,0,0,0
Maze98
0,2,2,1,2,0,0,0,0,0
0,1,1,0,0,2,2,0,0,0
0,1,3,2,1,1,2,0,0,0
2,1,1,2,0,1,1,0,0,0
1,1,0,1,0,2,2,1,1,2
1,1,0,2,0,1,1,0,0,1
1,1,0,0,0,1,1,0,0,1
1,2,1,1,1,1,2,1,1,2
2,0,0,0,0,2,2,0,0,0
2,1,1,2,1,1,2,0,0,0
Maze99
0,0,2,1,1,1,2,1,2,0
0,0,1,0,0,0,1,0,2,0
0,2,1,1,1,1,1,1,2,2
0,1,1,0,0,0,2,0,1,0
0,1,1,0,0,2,2,2,2,2
0,2,1,1,1,1,1,2,1,0
0,1,1,0,0,1,1,0,1,0
0,1,3,0,0,1,2,0,1,0
0,2,1,1,1,2,1,1,2,0
0,2,0,0,0,0,2,0,0,0
Maze100
0,0,0,0,0,0,2,0,0,0
2,1,3,2,1,1,1,1,2,0
1,0,1,1,0,0,2,2,1,0
1,0,1,1,0,0,1,1,1,0
2,0,1,1,0,1,1,1,1,0
1,0,1,1,0,1,1,1,1,0
2,1,2,1,1,1,1,2,1,0
1,0,0,1,0,1,1,2,2,0
1,0,0,2,1,2,2,1,2,2
2,1,1,2,0,0,0,0,0,0
