numMazes: 200
mazeSize: 10
Maze 1
113 1664 3.1111111111 2.1730107613 112 0.395058912865256
41 11 18 78 13 77 73 22 56 33 85 10 52 37 69 41
400 400 400 73 73 400 72 52 53 83 5 2 32 67 61
400 400 400 401 401 400 401 401 401 401 402 402 402 401 401
0 1 1 1 1 1 1 1 1 1
1 1 1 1 1 1 1 1 0 0
1 1 1 0 1 0 0 1 0 0
1 1 1 1 1 1 1 1 0 0
2 1 1 0 1 0 1 1 0 0
1 1 1 1 1 1 1 1 0 0
1 1 1 1 1 1 1 1 1 0
0 1 1 1 1 1 1 1 0 0
0 0 1 1 1 0 0 0 0 0
0 0 0 0 0 0 0 0 0 0
Maze 2
111 80 3.3454545455 1.9978377799 112 0.391015362258649
73 20 44 75 30 55 51 16 39 17 64 4 49 88 17 73
13 14 74 25 25 400 11 36 37 14 400 44 48 87 13
402 402 401 402 402 400 402 401 401 402 400 401 402 401 402
0 0 0 1 0 0 0 0 0 0
1 1 1 1 1 1 1 1 1 1
1 0 1 1 1 1 1 1 1 1
1 0 1 1 1 1 1 1 1 0
1 0 1 1 1 1 1 1 1 0
1 1 1 1 1 0 1 1 0 0
0 0 1 1 1 0 1 1 0 0
0 0 2 1 1 0 1 1 0 0
0 0 0 0 0 0 1 1 0 0
0 0 0 0 0 0 0 0 0 0
Maze 3
95 89 2.8888888889 2.3294971503 64 0.366883531791846
17 59 59 64 27 68 89 6 23 10 40 64 83 41 99 17
57 400 54 24 67 88 86 3 3 400 34 63 81 91 97
401 400 402 402 401 401 401 402 402 400 402 402 401 401 401
0 0 1 1 1 1 1 1 1 1
0 0 1 0 0 1 2 0 0 1
0 0 1 1 1 1 1 0 0 1
0 0 0 1 1 1 1 1 1 1
1 0 0 1 0 1 1 0 0 0
1 0 0 1 1 1 1 1 1 0
1 0 1 1 0 1 1 1 0 0
1 0 1 0 0 1 1 1 0 0
1 1 1 0 0 1 1 1 1 0
1 1 1 1 1 1 1 1 1 0
Maze 4
113 73 3.1428571429 1.9327701513 90 0.393957003310411
27 22 97 26 57 61 7 99 96 99 33 26 43 59 93 27
400 92 96 56 51 1 97 400 400 93 23 23 53 53 23
400 401 401 401 402 402 401 400 400 401 402 402 401 402 402
1 1 1 1 1 1 1 0 0 0
1 0 0 0 0 0 1 0 0 0
1 1 1 1 1 1 2 0 0 0
1 1 1 0 0 1 1 0 0 0
1 1 1 0 0 1 1 0 0 0
1 1 1 1 1 1 1 1 1 0
1 1 1 0 0 1 1 0 0 0
0 1 1 0 0 1 1 0 0 0
0 1 1 0 0 1 1 0 0 0
0 1 1 1 1 1 1 1 1 0
Maze 5
97 96 3.0847457627 2.2157402060 66 0.383753025734053
62 18 2 82 73 52 80 10 50 53 88 6 94 75 71 62
12 12 400 72 72 72 400 400 43 83 86 4 74 400 61
402 401 400 402 401 401 400 400 402 401 401 402 402 400 402
0 1 0 1 1 1 0 0 0 1
0 1 1 1 1 1 1 1 0 1
0 1 0 1 0 1 0 0 0 1
0 1 0 1 0 1 0 0 0 1
0 1 1 1 1 1 1 1 1 1
0 1 1 1 0 1 0 0 0 1
1 2 1 1 0 1 0 0 0 1
1 1 1 1 1 1 1 1 1 1
0 1 1 1 1 1 1 1 0 0
0 0 0 1 0 0 0 0 0 0
Maze 6
89 60 2.9600000000 2.0608034551 39 0.388588933285099
65 68 86 19 18 97 91 53 56 80 16 98 95 22 31 65
400 66 16 400 17 400 51 400 76 76 96 400 92 21 61
400 402 402 400 402 400 402 400 401 401 401 400 401 402 401
0 0 0 0 0 0 0 0 0 0
0 0 0 0 0 1 1 1 1 0
1 1 0 0 0 1 1 0 0 0
1 1 0 0 0 1 1 0 0 0
1 1 0 0 0 1 1 0 0 0
1 1 1 1 1 1 1 0 0 0
1 1 1 1 2 1 1 1 0 0
1 1 0 0 0 1 1 1 1 1
1 1 0 0 0 1 1 0 0 0
1 1 1 1 1 1 1 1 0 0
Maze 7
113 36 2.8767123288 2.4642081037 84 0.378541310166178
41 1 83 81 17 29 52 60 10 62 29 100 74 96 37 41
400 81 400 11 27 22 400 400 2 22 99 94 94 36 31
400 401 400 402 401 402 400 400 402 402 401 401 401 402 402
1 1 1 1 1 1 1 1 1 1
1 1 1 1 1 1 1 0 0 1
1 1 1 1 1 1 1 1 1 1
1 1 1 1 1 1 1 0 1 1
2 1 0 0 0 1 0 0 1 1
1 1 1 1 1 1 1 1 1 1
1 1 0 0 0 1 0 0 1 0
1 0 0 1 0 1 0 0 1 0
1 1 1 1 0 1 0 0 1 0
0 0 0 1 1 1 1 1 1 1
Maze 8
95 30 3.1379310345 2.2461694829 56 0.387055505087059
22 57 65 5 23 54 96 65 69 89 24 65 1 73 8 22
52 55 400 3 53 94 95 400 400 84 64 61 71 3 2
401 402 400 402 401 401 401 400 400 401 401 401 401 402 402
1 1 1 1 1 1 1 1 0 0
1 1 1 0 1 0 0 0 0 0
1 2 1 1 1 0 0 0 0 0
1 1 1 1 1 0 0 0 0 0
1 1 1 1 1 0 0 0 0 0
1 1 1 1 1 1 1 0 0 0
1 1 1 1 1 1 1 1 1 0
1 1 1 1 1 0 0 0 1 0
0 0 0 1 1 1 1 1 1 0
0 0 0 1 1 1 0 0 0 0
Maze 9
91 309 3.0508474576 2.2873984271 45 0.406219656425335
55 37 75 55 12 3 77 99 51 14 34 90 95 64 50 55
35 35 400 52 2 73 97 91 11 400 84 85 94 44 45
402 402 400 401 402 401 401 401 402 400 401 402 401 402 402
0 1 1 0 0 0 0 0 0 0
1 1 1 1 0 0 0 0 0 0
1 1 1 1 0 0 0 0 0 0
1 1 1 1 1 1 1 0 0 0
1 1 1 1 1 1 1 1 1 1
1 1 1 1 2 0 0 0 0 0
1 0 1 1 1 0 0 0 0 0
1 0 1 1 1 1 1 0 0 0
1 0 0 1 1 1 1 1 1 1
1 1 1 1 1 1 1 1 1 0
Maze 10
123 48 3.1044776119 2.1083865466 132 0.394559565226901
5 69 3 69 29 67 54 48 81 32 18 85 10 100 100 5
65 63 63 400 27 64 44 41 31 12 15 5 400 400 95
401 401 401 400 402 401 402 402 402 402 402 402 400 400 401
0 0 1 0 2 1 1 1 1 1
0 1 1 1 1 1 1 1 0 1
0 1 1 0 1 0 1 1 1 1
1 1 1 0 1 0 1 0 1 1
1 1 1 1 1 1 1 1 1 1
1 0 1 1 1 0 1 0 1 1
1 0 1 1 1 1 1 1 1 1
1 0 0 0 1 0 0 0 0 1
1 0 0 0 1 0 0 0 0 1
0 0 0 0 1 1 1 1 1 1
Maze 11
123 4672 3.4838709677 2.1118349748 148 0.393952747739375
64 40 98 45 58 27 33 69 23 97 25 84 19 87 12 64
34 38 95 55 57 23 63 63 93 95 24 14 17 82 62
402 402 401 401 401 402 401 401 401 401 402 402 402 401 401
0 0 0 0 0 0 0 0 0 0
0 1 0 1 1 1 1 1 1 0
0 1 1 1 1 1 1 0 0 0
0 1 1 1 1 1 1 1 1 1
0 1 1 1 1 0 1 1 0 0
0 1 1 1 1 1 1 1 0 0
0 1 1 2 1 1 1 1 1 0
0 1 1 1 1 0 1 1 0 0
0 1 1 1 1 1 1 1 0 0
0 0 1 1 1 1 1 1 0 0
Maze 12
91 25 3.0980392157 2.0578165456 36 0.384599194890554
87 48 57 41 100 32 57 29 28 25 85 82 50 36 85 87
47 47 51 91 92 52 27 400 400 400 400 42 46 35 400
402 402 401 401 401 401 402 400 400 400 400 402 401 402 400
0 0 0 0 0 0 0 0 0 0
0 0 0 0 0 0 0 0 0 0
0 0 0 0 1 1 1 1 1 0
0 1 0 0 1 1 1 0 0 0
1 1 1 1 1 1 1 1 1 1
1 1 1 1 1 1 1 0 0 0
1 1 0 0 1 0 1 0 0 0
1 1 0 0 1 0 1 0 0 0
1 1 1 1 1 1 2 0 0 0
1 1 1 1 1 1 1 1 1 1
Maze 13
119 1087 3.4285714286 1.9304514539 148 0.386274302442070
92 4 84 28 84 30 63 77 36 41 81 74 51 6 69 92
2 400 24 24 24 23 73 76 31 400 71 71 1 66 62
402 400 402 402 402 402 401 401 402 400 402 401 402 401 402
1 1 1 1 1 1 0 0 0 0
1 1 0 1 0 1 0 0 0 0
1 1 1 1 1 1 1 1 1 1
1 1 1 1 1 1 0 0 0 0
1 1 1 1 0 1 0 0 0 0
1 1 1 1 0 1 0 0 0 0
1 1 1 1 1 1 1 1 1 0
1 1 1 1 1 1 1 0 0 0
1 1 0 1 0 0 0 0 0 0
0 2 0 0 0 0 0 0 0 0
Maze 14
99 283 3.1475409836 2.4251365861 58 0.382089957995917
1 59 9 34 49 78 92 35 32 69 51 29 49 33 31 1
51 400 4 44 48 72 32 400 62 61 21 400 43 400 400
401 400 402 401 402 402 402 400 401 401 402 400 401 400 400
2 0 0 1 1 1 1 1 1 0
1 0 0 1 0 0 0 0 1 0
1 1 1 1 1 1 1 1 1 0
1 1 1 1 1 0 0 0 1 0
1 1 1 1 1 1 1 1 1 0
1 1 1 1 1 1 1 1 1 0
1 1 1 1 1 1 1 1 1 0
0 1 1 1 1 1 1 1 0 0
0 1 0 0 0 0 0 0 0 0
0 1 0 0 0 0 0 0 0 0
Maze 15
91 50 2.8679245283 2.0592451339 45 0.397061626229127
71 52 89 51 33 15 97 99 96 29 90 64 99 75 64 71
51 82 81 31 13 95 400 400 26 89 84 94 95 74 61
402 401 401 402 402 401 400 400 402 401 401 401 401 401 402
0 0 0 0 0 0 0 0 0 0
0 0 1 1 1 0 0 0 0 0
0 0 1 0 1 1 1 1 1 0
1 1 1 0 1 1 0 0 1 0
1 0 0 0 1 1 0 0 1 0
1 1 0 0 1 1 0 0 1 0
1 1 1 1 1 1 0 0 1 0
2 1 0 1 1 1 0 0 1 0
1 1 1 1 1 1 1 1 1 1
0 0 0 1 1 1 1 1 1 0
Maze 16
103 100 3.7872340426 1.9107776352 84 0.396881958163505
3 63 56 72 25 31 46 85 28 34 94 17 83 18 1 3
400 53 52 22 21 41 45 25 24 400 14 13 13 11 400
400 402 402 402 402 401 402 402 402 400 402 402 402 401 400
1 1 2 0 0 0 0 0 0 0
1 1 1 1 1 1 1 1 0 0
1 1 1 1 1 1 1 1 0 0
1 1 1 1 1 0 0 0 0 0
1 1 1 1 1 1 0 0 0 0
0 1 1 1 1 1 0 0 0 0
0 1 1 1 1 0 0 0 0 0
0 1 1 1 1 0 0 0 0 0
0 0 1 1 1 0 0 0 0 0
0 0 0 1 0 0 0 0 0 0
Maze 17
91 33 3.2000000000 2.1329832892 50 0.378687343466290
46 95 69 18 43 43 80 85 68 13 38 51 21 41 4 46
45 65 68 13 400 73 75 65 63 33 31 400 400 1 44
402 402 401 402 400 401 402 402 401 401 402 400 400 402 401
1 1 1 1 0 0 0 0 0 0
1 0 1 1 1 1 1 1 0 0
1 0 1 1 0 0 0 1 0 0
1 1 1 1 1 1 1 1 0 0
1 0 1 1 1 2 0 1 0 0
1 0 1 0 1 0 0 1 0 0
0 0 1 1 1 1 1 1 1 0
0 0 1 1 1 1 1 1 1 1
0 0 0 0 1 0 0 0 0 0
0 0 0 0 1 0 0 0 0 0
Maze 18
131 745 3.7500000000 1.8958434999 145 0.386435710910780
67 4 82 36 25 89 12 14 55 17 97 8 92 40 83 67
64 2 32 35 85 82 400 54 15 400 7 2 32 33 63
401 402 402 401 401 401 400 401 402 400 402 402 402 402 402
0 1 1 1 1 1 1 1 0 0
0 1 1 1 1 1 1 0 0 0
0 1 0 1 1 0 1 0 0 0
0 1 1 1 1 1 1 1 1 1
0 1 1 1 1 0 1 0 0 0
0 1 1 1 1 0 1 0 0 0
0 1 1 1 1 1 2 0 0 0
0 1 1 0 1 0 1 0 0 0
0 1 1 1 1 1 1 1 1 0
0 1 0 0 0 0 1 0 0 0
Maze 19
85 50 3.4583333333 2.1525993444 45 0.383819492248534
49 55 59 51 40 62 71 98 97 73 93 64 24 75 42 49
45 400 400 31 32 61 91 400 93 400 63 400 74 72 400
402 400 400 402 402 402 401 400 401 400 402 400 401 401 400
0 0 0 0 0 0 0 0 0 0
0 0 0 0 0 0 0 0 0 0
0 0 0 1 0 0 0 0 0 0
1 1 1 1 1 1 1 1 1 1
1 1 1 1 1 1 1 1 2 0
1 1 1 1 1 1 1 1 1 0
1 1 1 1 0 0 0 0 0 0
1 1 1 1 1 0 0 0 0 0
1 0 1 0 0 0 0 0 0 0
1 1 1 1 1 1 1 1 0 0
Maze 20
91 194 3.4509803922 2.2327820968 27 0.375342959810715
6 64 75 62 8 40 68 24 29 80 28 7 72 77 45 6
4 74 72 2 38 38 64 400 79 78 27 2 400 75 5
402 401 401 402 401 402 401 400 401 401 401 402 400 401 402
0 1 1 1 1 2 1 1 0 0
0 1 0 1 1 0 1 1 0 0
0 1 0 1 1 1 1 1 1 0
0 1 0 1 1 0 0 1 1 1
0 1 0 1 1 0 0 1 1 0
0 1 0 1 1 0 0 1 1 0
0 1 0 1 1 1 1 1 1 0
0 1 1 1 1 1 1 1 1 1
0 0 0 0 0 0 0 0 0 0
0 0 0 0 0 0 0 0 0 0
Maze 21
91 39 3.4782608696 2.0703751042 45 0.389314205746291
63 38 85 35 83 79 34 35 42 31 90 14 17 43 33 63
33 35 400 33 73 74 400 32 41 81 84 400 13 400 400
402 402 400 402 402 401 400 402 401 401 401 400 402 400 400
0 0 0 0 0 0 0 0 0 0
0 0 1 1 1 1 1 0 0 0
0 0 1 1 0 0 0 0 0 0
1 1 1 1 1 1 1 1 0 0
1 1 1 1 1 0 0 0 0 0
1 0 1 1 1 0 0 0 0 0
1 0 2 1 1 0 0 0 0 0
1 0 1 1 1 1 1 1 1 0
1 1 1 1 1 1 1 1 1 1
0 0 0 0 0 0 0 0 0 0
Maze 22
99 2831 3.4285714286 2.2704001102 65 0.391028931782387
84 24 28 4 16 89 26 95 75 2 37 100 73 66 48 84
400 400 24 14 86 86 25 400 72 32 97 93 63 46 44
400 400 401 401 401 401 402 400 401 401 401 401 402 402 402
0 1 0 1 0 0 0 0 0 0
0 1 0 1 1 1 0 0 0 0
0 1 0 1 1 1 1 1 0 0
0 1 1 1 1 1 1 0 0 0
0 1 0 1 1 1 1 1 0 0
0 1 0 1 1 1 1 0 0 0
0 1 1 1 1 1 1 0 0 0
0 1 1 1 1 1 1 0 0 0
0 0 1 2 1 1 1 1 1 0
0 0 1 1 1 1 1 1 1 1
Maze 23
89 42 3.2400000000 2.0959983016 44 0.373947751096810
64 54 62 81 69 48 70 52 19 93 63 80 67 19 26 64
400 52 61 61 68 68 62 12 13 400 73 77 17 16 24
400 402 402 402 401 401 401 402 402 400 401 401 402 402 402
0 0 0 0 0 0 0 0 0 0
0 1 1 1 1 1 1 1 1 0
0 1 1 1 1 1 1 0 0 0
0 1 1 1 0 0 1 0 0 0
0 1 1 1 0 0 1 1 0 0
0 1 1 1 0 0 1 1 0 0
1 1 1 2 1 1 1 1 1 1
1 0 1 1 1 1 1 1 1 1
1 0 1 0 0 0 0 0 0 0
0 0 1 0 0 0 0 0 0 0
Maze 24
81 22 2.6071428571 2.1309185258 30 0.398989080394844
26 3 98 56 86 56 76 44 62 37 88 28 40 89 16 26
23 93 96 400 400 400 74 42 32 87 400 38 39 86 400
401 401 401 400 400 400 401 402 402 401 400 401 402 401 400
0 0 1 0 0 0 0 0 0 0
0 0 1 0 0 1 0 0 0 0
0 0 1 1 1 2 0 1 0 0
0 1 1 1 1 1 1 1 1 1
0 1 1 1 0 1 1 1 1 0
0 1 1 1 0 1 1 1 1 0
0 1 1 1 0 1 1 1 1 0
0 0 1 1 1 1 1 1 1 0
0 0 1 0 0 1 1 1 1 0
0 0 1 1 1 1 1 1 0 0
Maze 25
93 53 2.8620689655 2.2002656259 36 0.362748060779480
71 99 83 52 88 20 65 91 52 64 14 33 37 88 69 71
91 93 82 82 18 15 61 51 62 400 13 400 87 68 61
401 401 401 401 402 402 402 402 401 400 402 400 401 402 402
0 0 0 0 0 0 0 0 0 0
0 0 1 1 1 1 1 1 1 1
0 0 1 1 1 0 0 1 0 0
0 0 1 1 1 1 1 1 0 0
0 0 0 1 1 0 1 1 0 0
1 1 0 1 1 0 1 1 0 0
1 1 1 1 1 1 1 1 1 0
2 1 0 0 0 0 1 1 0 0
1 1 1 1 1 1 1 1 0 0
1 1 1 1 1 1 1 1 1 0
Maze 26
83 311 3.3181818182 2.0732441963 26 0.381284045150826
86 95 84 3 12 43 97 65 83 33 75 80 14 51 35 86
85 94 83 2 42 93 95 63 400 73 400 74 11 31 85
402 401 401 402 401 401 401 402 400 401 400 401 402 402 401
0 1 1 0 0 0 0 0 0 0
1 1 1 1 0 0 0 0 0 0
1 1 1 1 0 0 0 0 0 0
1 1 1 1 1 0 0 0 0 0
1 1 1 1 1 0 0 0 0 0
1 0 1 1 1 0 0 0 0 0
0 0 1 1 1 0 0 0 0 0
0 0 1 1 1 1 1 1 1 1
0 0 1 1 1 2 0 0 0 0
0 0 1 1 1 1 1 0 0 0
Maze 27
111 212 3.9130434783 1.9755909871 63 0.383526985351464
11 71 64 5 73 12 59 23 4 71 41 36 52 22 80 11
400 61 4 3 72 52 53 3 1 400 31 32 400 72 71
400 402 402 402 401 401 401 402 402 400 402 402 400 401 401
1 1 1 1 1 0 0 0 0 0
2 1 1 1 0 0 0 0 0 0
1 1 1 1 0 0 0 0 0 0
1 1 1 1 1 1 0 0 0 0
1 1 1 1 0 0 0 0 0 0
1 1 1 1 1 1 1 1 1 0
1 1 1 1 0 0 0 0 0 0
1 1 1 1 1 1 1 1 1 1
0 0 0 0 0 0 0 0 0 0
0 0 0 0 0 0 0 0 0 0
Maze 28
131 390 3.2835820896 2.1077286359 182 0.382811040906825
99 19 82 28 65 81 58 61 18 1 97 39 26 46 41 99
400 12 22 25 61 51 51 11 11 91 37 36 400 400 91
400 402 402 402 402 402 402 402 401 401 402 401 400 400 401
1 0 0 0 0 0 0 0 0 0
1 1 1 1 1 1 1 1 1 0
1 1 1 1 1 1 1 1 1 0
1 1 0 0 1 1 1 1 1 0
1 1 1 1 1 1 1 0 1 0
1 1 1 1 1 1 1 1 1 0
1 1 1 1 1 0 1 0 1 0
1 1 0 0 0 0 1 0 1 0
1 1 0 0 0 0 1 0 1 0
1 1 1 1 1 1 1 1 2 0
Maze 29
109 636 3.7037037037 2.1677176155 112 0.391018267222018
40 42 66 64 9 23 87 31 42 57 4 27 85 67 82 40
32 62 400 4 3 83 81 41 52 54 24 25 65 62 32
402 401 400 402 402 401 401 401 401 401 401 402 402 402 402
0 0 1 1 1 1 1 1 1 0
0 0 1 1 0 0 0 0 0 0
0 0 1 1 1 1 1 0 0 0
1 1 1 1 1 1 1 1 1 2
1 1 1 1 1 0 0 0 0 0
1 1 1 1 1 1 1 0 0 0
1 1 1 1 1 1 1 0 0 0
1 1 1 0 1 0 0 0 0 0
1 1 1 1 1 1 1 0 0 0
0 0 0 0 0 0 0 0 0 0
Maze 30
99 191 2.9508196721 2.2527805515 77 0.399401005702920
19 28 37 92 93 20 15 87 51 47 80 47 10 47 80 19
18 27 32 400 13 400 85 81 41 77 77 7 7 77 79
402 402 402 400 402 400 401 401 402 401 401 402 402 401 401
0 0 0 0 0 0 1 1 1 1
0 0 1 1 1 1 1 1 2 1
0 0 1 0 1 0 1 1 1 0
0 1 1 1 1 1 1 0 1 0
1 1 1 1 1 1 1 0 1 0
1 1 1 0 1 0 1 0 1 0
1 1 1 0 1 0 1 0 1 0
1 1 1 0 1 0 1 1 1 1
1 1 1 1 1 1 1 0 0 0
0 1 1 0 0 0 0 0 0 0
Maze 31
99 17 3.3584905660 2.1095039544 55 0.366570430763432
41 65 25 20 73 9 33 88 86 33 2 96 96 83 31 41
61 400 15 13 3 3 83 400 83 32 92 400 93 81 400
401 400 402 402 402 402 401 400 401 401 401 400 401 401 400
0 1 1 1 1 1 1 1 1 0
0 1 1 1 1 1 1 1 1 1
0 1 1 0 1 0 0 0 0 0
1 1 1 0 1 0 0 0 0 0
2 1 1 0 1 0 0 0 0 0
1 1 1 0 1 0 0 0 0 0
1 1 1 1 1 0 0 0 0 0
1 1 1 0 0 0 0 0 0 0
1 1 1 1 1 1 1 1 0 0
0 1 1 1 1 1 0 0 0 0
Maze 32
137 1079 3.6056338028 2.2492354705 163 0.392258769568402
85 27 31 11 28 65 2 16 62 90 3 99 10 81 36 85
25 21 400 21 25 62 12 12 82 83 93 9 1 31 35
402 402 400 401 402 401 401 402 401 401 401 402 402 402 402
1 1 1 1 1 1 1 1 1 1
1 1 1 1 1 1 0 0 1 0
1 1 1 1 1 1 1 1 1 0
1 1 1 1 1 1 0 0 1 0
1 1 1 0 1 0 0 0 1 0
1 1 1 0 1 0 0 0 1 0
1 1 1 1 1 0 0 0 1 0
1 1 1 0 1 0 0 0 1 0
1 1 1 1 2 1 1 1 1 1
0 0 1 1 1 1 1 1 1 0
Maze 33
101 131 2.7241379310 2.0141134552 71 0.383272399057941
86 46 8 89 77 1 12 8 99 83 46 42 46 21 90 86
400 6 88 87 71 11 2 98 93 43 400 400 41 81 400
400 402 401 401 401 401 402 401 401 402 400 400 401 401 400
1 1 1 1 1 1 1 1 0 0
1 1 0 0 0 1 0 1 0 0
1 0 0 0 0 1 0 1 0 0
1 0 0 0 0 1 0 1 0 0
1 1 1 1 1 1 0 1 0 0
1 0 1 0 0 1 0 1 0 0
1 0 1 0 0 1 0 1 0 0
1 1 1 1 1 1 1 1 0 0
1 1 1 1 1 2 1 1 1 1
0 0 1 1 1 1 1 1 1 0
Maze 34
81 26 2.6792452830 2.1818293277 23 0.357894513224953
62 44 66 87 13 33 20 60 30 32 24 71 67 97 43 62
42 64 86 83 400 13 400 400 22 22 21 61 400 93 42
402 401 401 401 400 402 400 400 402 402 402 402 400 401 402
0 0 0 0 0 0 0 0 0 0
0 0 1 1 1 1 1 1 1 1
1 1 1 1 1 1 1 1 1 1
1 1 1 0 0 0 0 0 0 1
1 1 1 1 0 0 0 0 0 1
1 1 1 1 0 0 0 0 0 1
1 2 1 1 1 1 1 0 0 0
1 0 1 0 0 1 1 0 0 0
0 0 1 1 1 1 1 0 0 0
0 0 1 1 1 1 1 0 0 0
Maze 35
111 905 3.5087719298 2.2189431303 105 0.374762252626136
31 85 97 10 97 15 94 70 11 63 51 61 59 78 47 31
81 95 7 7 95 14 64 61 61 61 400 51 58 77 41
401 401 402 402 401 402 402 401 401 401 400 402 402 401 401
0 0 0 0 0 0 1 1 1 1
1 0 0 1 1 0 1 0 0 0
1 0 0 1 1 0 1 0 0 0
2 0 0 1 1 0 1 0 0 0
1 1 1 1 1 1 1 0 0 0
1 1 1 1 1 1 1 1 1 0
1 1 1 1 1 1 1 1 1 1
1 0 0 1 1 0 1 1 0 0
1 1 1 1 1 0 1 0 0 0
0 0 0 1 1 1 1 0 0 0
Maze 36
123 12847 3.4029850746 2.2306225394 148 0.395089543855655
49 62 35 39 94 88 93 29 70 31 17 74 27 80 61 49
42 32 400 34 84 83 23 69 61 11 14 24 77 71 41
402 402 400 402 402 402 402 401 401 402 402 402 401 401 402
0 0 0 0 0 0 0 0 0 0
1 1 1 1 1 1 1 0 0 0
1 0 1 1 1 1 1 1 1 0
1 1 1 1 1 1 1 1 1 0
1 1 1 1 1 1 1 1 2 0
1 1 1 1 0 0 1 0 1 0
1 1 1 1 1 1 1 1 1 1
1 1 1 1 1 1 1 1 1 1
0 0 1 1 1 1 1 1 0 0
0 0 1 1 0 0 0 0 0 0
Maze 37
125 58 3.7037037037 1.9209744091 191 0.395041772231272
52 28 85 11 86 2 28 2 14 48 43 99 55 12 58 52
22 25 81 81 82 22 22 12 44 400 93 95 52 52 400
402 402 401 401 401 401 401 401 401 400 401 401 401 401 400
0 1 0 0 0 0 0 0 0 0
1 1 1 1 0 0 0 0 0 0
1 1 1 1 1 1 1 1 0 0
1 1 0 1 1 0 0 0 0 0
1 1 1 1 1 1 1 1 0 0
1 2 1 1 1 1 1 1 0 0
1 1 1 0 1 0 0 0 0 0
1 1 1 0 1 0 0 0 0 0
1 1 1 1 1 1 0 0 0 0
0 0 1 1 1 1 1 1 1 0
Maze 38
79 22 2.8076923077 2.2410821660 22 0.351853048501186
84 80 33 21 51 97 7 13 54 33 16 31 54 86 85 84
74 73 31 400 91 400 3 53 53 13 11 51 84 400 400
402 401 401 400 401 400 402 401 401 402 402 401 401 400 400
0 0 1 1 1 1 1 0 0 0
1 1 1 1 1 1 1 0 0 0
1 0 1 0 0 0 1 0 0 0
1 1 1 0 0 0 1 0 0 0
1 0 1 0 0 0 1 0 0 0
1 1 1 1 0 0 1 0 0 0
1 0 1 1 0 0 1 0 0 0
1 0 1 1 1 1 1 1 1 1
1 0 0 2 1 1 1 0 0 0
1 1 1 1 1 1 1 0 0 0
Maze 39
107 37 3.5000000000 2.0722518016 76 0.401606509888821
19 81 51 2 47 49 2 54 48 95 91 83 33 8 63 19
11 400 1 42 400 42 52 44 45 400 81 400 3 3 13
402 400 402 401 400 401 401 402 402 400 402 400 402 402 402
1 1 1 1 1 1 1 1 0 0
1 1 1 1 1 1 1 1 2 0
1 1 1 0 0 0 0 0 0 0
1 1 1 0 0 0 0 0 0 0
1 1 1 1 1 1 1 1 1 0
1 1 1 1 1 0 0 0 0 0
1 0 1 0 1 0 0 0 0 0
1 0 1 0 1 0 0 0 0 0
1 1 1 0 1 0 0 0 0 0
1 1 1 1 1 0 0 0 0 0
Maze 40
93 40 3.3877551020 2.1434809406 39 0.373882843583783
64 47 8 57 90 73 38 52 21 40 40 45 91 45 77 64
44 7 7 87 83 33 32 51 31 400 35 41 41 75 74
402 402 402 401 401 402 402 401 401 400 402 402 402 401 401
0 0 0 0 0 0 1 1 0 0
0 0 0 0 0 0 1 0 0 0
1 0 0 0 0 0 1 0 0 0
1 1 1 1 1 1 1 1 1 1
1 1 1 1 1 1 1 0 0 0
1 1 1 1 1 0 1 0 0 0
1 0 1 2 1 0 1 0 0 0
1 0 1 1 1 1 1 0 0 0
1 0 1 1 1 1 1 1 1 1
1 0 0 0 0 0 0 0 0 0
Maze 41
85 7 3.2000000000 2.1456267315 31 0.374953752893987
84 51 48 40 20 48 86 54 94 99 3 45 48 63 97 84
81 41 38 400 18 46 84 400 400 93 43 400 43 93 94
401 402 402 400 402 402 401 400 400 401 401 400 402 401 401
0 0 1 0 0 0 0 0 0 0
0 0 1 0 0 0 0 1 1 1
0 0 1 0 0 0 0 1 0 1
0 0 1 0 0 0 0 1 1 1
1 1 1 1 1 1 1 1 0 0
1 0 1 1 0 1 0 0 0 0
1 0 1 1 0 1 0 0 0 0
1 0 1 1 0 1 0 0 0 0
1 1 1 2 1 1 0 0 0 0
0 0 1 1 1 1 1 1 1 0
Maze 42
105 127 3.4166666667 1.8978465402 98 0.395001964629353
79 77 62 70 11 97 57 25 99 73 69 81 54 35 76 79
400 72 400 61 91 400 55 95 93 63 61 51 34 75 400
400 401 400 401 401 400 401 401 401 402 402 402 402 401 400
0 0 0 0 0 0 0 0 0 0
1 0 0 0 0 0 0 0 0 0
1 0 0 0 1 0 0 0 0 0
1 0 0 1 1 0 0 0 0 0
1 0 0 1 1 0 0 0 0 0
1 1 1 1 1 1 1 0 0 0
1 1 1 1 1 1 1 1 1 1
1 1 1 1 1 1 1 1 2 0
1 0 1 0 1 0 1 0 0 0
1 1 1 1 1 1 1 1 1 0
Maze 43
101 483 2.9687500000 2.3985436111 55 0.399658519247447
82 28 59 63 15 48 100 65 91 70 40 16 56 28 41 82
22 58 53 13 45 98 95 61 61 400 36 400 26 21 81
402 401 402 402 401 401 401 402 402 400 401 400 402 402 401
0 0 0 0 0 0 0 0 0 0
0 0 1 1 1 1 0 0 0 0
1 1 1 1 1 1 1 1 0 0
1 1 1 0 1 1 1 1 1 1
1 1 1 0 1 1 1 1 0 1
1 1 1 1 1 1 1 1 1 1
1 1 1 1 1 1 1 1 1 1
1 1 0 0 1 0 0 1 0 0
1 2 0 0 1 0 0 1 0 0
1 0 0 0 1 1 1 1 1 1
Maze 44
97 271 3.1481481481 2.0917531492 71 0.387542964318049
52 88 55 2 56 42 28 30 50 92 69 34 37 28 77 52
82 85 52 52 52 22 400 400 42 62 64 400 27 27 72
401 401 401 401 401 402 400 400 402 402 401 400 402 402 401
0 1 0 0 0 0 0 0 0 0
0 1 0 0 0 0 0 0 0 0
0 1 1 1 1 1 1 1 1 1
0 1 0 1 1 1 1 0 0 1
0 1 1 1 1 1 1 1 1 1
0 2 1 1 1 1 1 0 0 0
0 1 1 1 1 1 1 1 1 0
0 1 1 1 1 1 1 0 0 0
0 1 1 1 1 1 1 1 0 0
0 1 0 0 0 0 0 0 0 0
Maze 45
83 44 2.6440677966 2.3883482309 35 0.358143015313403
94 73 13 29 80 87 45 54 11 39 19 7 63 45 31 94
93 400 23 79 77 85 44 51 31 400 17 3 43 41 91
401 400 401 401 402 401 402 401 401 400 401 402 402 401 401
0 0 1 1 1 1 1 0 0 0
1 0 1 0 0 0 1 1 1 0
1 0 1 1 1 1 1 1 1 0
1 1 1 1 1 1 1 1 1 0
1 1 1 1 1 0 0 0 1 0
1 1 1 1 1 0 0 0 1 0
1 0 1 0 1 0 0 0 1 0
1 0 1 0 1 0 1 1 1 1
1 0 1 0 1 1 1 0 0 0
1 1 1 2 0 0 0 0 0 0
Maze 46
77 5 3.0476190476 2.0289336063 26 0.409827769117418
73 73 51 35 1 23 97 95 44 96 84 69 50 84 43 73
400 71 31 31 21 93 400 94 94 94 64 49 44 83 400
400 401 402 401 401 401 400 401 401 401 402 402 402 401 400
1 0 0 0 0 0 0 0 0 0
1 0 0 0 0 0 0 0 0 0
1 1 1 0 0 0 0 0 0 0
1 1 1 1 1 0 0 0 0 0
1 0 1 1 1 1 1 1 1 1
1 0 1 1 0 0 0 0 1 0
1 0 1 1 1 1 1 1 1 0
1 1 2 1 0 0 0 0 0 0
0 0 1 1 0 0 0 0 0 0
0 0 1 1 1 1 1 0 0 0
Maze 47
93 116 3.6888888889 2.0493196667 41 0.383782133670644
14 2 18 43 52 32 87 5 22 28 53 4 85 89 94 14
12 12 13 42 400 82 85 2 400 23 3 84 400 84 400
401 401 402 402 400 401 401 402 400 402 402 401 400 402 400
0 1 1 1 1 0 0 0 0 0
0 1 1 2 1 1 1 1 0 0
0 1 1 1 1 1 1 1 0 0
0 1 1 1 1 0 0 0 0 0
0 1 1 1 1 0 0 0 0 0
0 1 1 1 1 0 0 0 0 0
0 1 0 1 1 0 0 0 0 0
0 1 0 1 1 0 0 0 0 0
0 1 1 1 1 1 1 1 1 0
0 0 0 1 0 0 0 0 0 0
Maze 48
131 4557 3.0933333333 2.2853327921 127 0.388427732058165
58 97 61 65 50 90 12 75 83 16 89 55 71 10 92 58
57 91 400 45 400 82 72 73 13 86 85 51 1 2 52
402 401 400 402 400 401 401 402 402 401 401 402 402 402 402
1 1 1 1 1 1 1 1 1 1
1 1 1 1 1 1 0 0 0 0
1 1 1 0 0 1 0 0 0 0
1 1 1 0 0 1 0 0 0 0
1 1 1 0 1 1 1 1 1 1
1 1 1 1 1 1 1 2 0 1
1 1 1 1 1 1 1 0 0 1
1 1 1 1 1 1 1 0 0 1
1 1 1 1 1 1 1 1 1 1
1 1 1 1 1 1 1 0 0 0
Maze 49
103 760 3.6981132075 2.1510178837 65 0.390154982227627
24 36 54 19 85 10 49 62 52 79 6 66 59 92 33 24
34 34 14 15 5 9 42 400 72 76 400 56 52 32 23
401 402 402 402 402 402 402 400 401 401 400 402 402 402 402
0 0 0 0 1 1 1 1 1 1
0 0 0 1 1 1 1 1 1 0
0 0 1 2 1 1 0 0 1 0
0 1 1 1 1 1 0 0 1 0
0 1 1 1 1 1 1 1 1 0
0 1 1 1 1 1 1 1 1 0
0 1 0 0 1 1 0 0 0 0
0 1 1 1 1 1 1 1 1 0
0 1 0 0 1 0 0 0 0 0
0 1 0 0 0 0 0 0 0 0
Maze 50
109 242 3.1746031746 2.2254395523 90 0.374455100430994
76 18 64 50 100 19 67 19 17 93 15 47 95 82 27 76
16 14 44 400 99 17 17 400 13 13 45 45 92 22 26
402 402 402 400 401 402 402 400 402 402 401 402 401 402 402
0 0 0 0 0 0 0 0 0 0
0 0 1 1 1 1 1 1 1 0
0 1 1 1 1 1 1 0 1 0
0 1 1 1 1 1 1 0 1 0
0 1 1 1 1 1 1 1 1 1
0 1 1 1 1 1 1 0 1 1
0 1 1 1 1 1 1 0 1 1
0 1 1 0 1 2 0 0 1 1
0 1 1 0 1 0 0 0 1 1
0 1 1 1 1 0 0 0 1 1
Maze 51
109 25 3.2941176471 1.8084397258 71 0.371706253408605
100 83 98 3 73 17 7 71 15 39 63 64 86 33 35 100
93 93 93 400 13 400 1 11 35 33 400 84 83 400 95
401 401 401 400 402 400 402 402 401 402 400 401 401 400 401
1 1 1 1 1 1 1 0 0 0
1 1 1 1 1 1 1 0 0 0
1 0 1 0 1 0 0 0 0 0
1 0 1 1 1 1 1 1 1 0
1 0 1 0 1 0 0 0 0 0
1 0 1 0 1 0 0 0 0 0
1 0 1 1 1 0 0 0 0 0
1 0 1 1 1 0 0 0 0 0
0 0 1 1 1 1 0 0 0 0
0 0 1 1 1 1 1 1 1 2
Maze 52
85 117 3.4146341463 1.8630761059 32 0.374960249814342
28 14 50 56 52 14 43 33 15 63 42 29 12 72 95 28
24 44 46 400 12 13 400 13 13 62 22 22 400 92 25
401 401 402 400 402 402 400 402 402 401 402 401 400 401 402
0 0 0 0 0 0 0 0 0 0
0 1 1 1 1 0 0 0 0 0
0 1 1 1 1 1 1 2 1 0
0 1 1 1 1 0 0 0 0 0
0 1 1 1 1 1 1 1 1 1
0 1 1 1 1 1 0 0 0 0
0 1 1 0 1 0 0 0 0 0
0 1 0 0 1 0 0 0 0 0
0 1 0 0 1 0 0 0 0 0
0 1 1 1 1 0 0 0 0 0
Maze 53
113 27 3.0000000000 2.3107280976 86 0.373929315783401
15 9 68 28 17 80 19 100 9 46 68 51 99 35 81 15
5 8 400 27 77 79 99 99 6 66 61 91 95 31 11
402 402 400 401 401 401 401 401 402 401 401 401 401 402 402
0 0 0 0 1 1 1 1 1 0
1 1 1 1 2 1 1 1 1 0
1 0 0 0 0 1 1 1 1 0
1 1 1 1 1 1 1 1 1 0
1 0 0 0 1 1 1 1 1 0
1 0 0 0 1 1 1 1 1 0
1 1 1 1 1 1 1 1 1 0
1 0 0 0 1 0 1 1 1 1
1 0 0 0 1 0 0 0 1 0
1 1 1 1 1 1 1 1 1 1
Maze 54
105 60 3.3703703704 2.0891132189 98 0.386264521786078
96 30 16 96 43 67 61 31 70 2 41 23 48 16 94 96
26 26 400 93 63 400 400 61 62 1 21 43 46 14 400
402 401 400 401 401 400 400 401 401 402 402 401 401 402 400
1 1 0 0 0 0 0 0 0 0
1 1 0 1 1 1 0 0 0 0
1 1 1 1 0 1 1 1 1 1
1 1 1 1 0 1 0 0 0 0
1 1 1 1 1 1 1 1 0 0
1 1 1 1 0 1 0 0 0 0
1 1 1 1 1 1 1 1 1 1
0 0 1 1 0 1 0 0 0 0
0 0 1 1 0 1 0 0 0 0
0 0 1 1 1 2 0 0 0 0
Maze 55
123 234 3.3333333333 2.0428555593 113 0.386592170870796
47 91 97 55 99 25 12 40 63 16 68 87 10 95 5 47
41 400 95 95 95 22 32 33 13 66 67 7 5 400 45
402 400 401 401 401 401 401 402 402 401 402 402 402 400 401
0 0 0 0 1 1 1 1 1 1
0 1 1 1 1 1 1 0 0 0
0 1 1 1 1 1 1 0 0 0
0 1 1 1 1 1 1 1 1 1
1 1 1 1 1 1 2 0 0 0
1 0 1 0 1 1 1 0 0 0
1 0 1 0 1 1 1 1 0 0
1 0 0 0 1 0 1 0 0 0
1 0 0 0 1 0 1 0 0 0
1 1 1 1 1 1 1 1 1 0
Maze 56
97 63 2.9000000000 2.3122163260 66 0.384881119498598
81 35 29 13 36 6 32 3 49 28 57 75 60 100 1 81
31 25 23 33 400 2 2 43 48 27 55 55 400 91 400
402 402 401 401 400 402 402 401 401 402 402 402 400 401 400
1 1 1 1 1 1 0 0 0 0
1 1 1 0 0 1 0 0 0 0
1 1 1 1 1 1 1 1 1 0
1 1 1 1 1 1 1 1 0 0
1 0 1 1 1 1 1 1 1 0
1 0 0 0 1 1 1 1 1 1
1 0 0 0 1 0 0 0 0 1
1 0 0 0 1 0 0 0 0 1
2 0 0 0 0 0 0 0 0 1
1 1 1 1 1 1 1 1 1 1
Maze 57
103 64 3.0769230769 2.3589280246 55 0.381645498144199
11 87 88 2 29 9 100 95 67 30 3 84 76 34 62 11
81 400 82 22 400 99 400 65 27 23 83 74 74 32 61
401 400 401 401 400 401 400 402 402 401 401 402 401 402 401
0 1 1 0 0 0 0 0 1 0
2 1 1 0 0 0 0 0 1 0
1 1 1 1 1 1 1 1 1 1
1 1 1 1 0 0 1 0 1 0
1 1 1 1 0 0 1 0 1 0
1 1 1 1 0 0 1 0 1 0
1 1 1 1 1 1 1 0 1 0
1 1 1 1 1 1 0 0 1 0
1 1 1 1 1 1 1 1 1 0
0 0 0 0 1 1 1 1 1 1
Maze 58
105 39 3.0491803279 2.1661111510 91 0.362499905102027
78 6 77 35 100 19 31 52 2 93 14 37 62 52 35 78
76 76 75 95 99 11 51 400 92 13 34 32 400 32 75
401 401 401 401 401 402 401 400 401 402 401 402 400 402 401
0 1 0 0 0 1 0 0 0 0
1 1 1 1 1 1 1 1 1 0
1 1 1 1 0 1 0 0 1 0
1 1 1 1 1 1 1 0 1 0
1 1 1 0 1 1 0 0 1 0
1 1 1 0 1 1 0 0 1 0
0 1 1 0 1 1 0 0 1 0
0 1 1 0 1 1 1 2 1 0
0 1 1 0 1 0 0 0 1 0
0 1 1 0 1 1 1 1 1 1
Maze 59
109 36 3.5121951220 1.6421123595 69 0.387801941773064
80 78 61 36 83 43 80 3 85 81 22 54 21 17 13 80
400 71 31 33 400 73 73 83 400 21 52 51 11 400 73
400 401 402 402 400 401 401 401 400 402 401 401 402 400 401
0 0 1 0 0 0 0 0 0 0
1 1 1 1 1 1 1 0 0 0
1 1 1 0 0 0 0 0 0 0
1 1 1 1 1 1 0 0 0 0
1 1 1 0 0 0 0 0 0 0
1 1 1 1 0 0 0 0 0 0
1 0 1 0 0 0 0 0 0 0
1 1 1 1 1 1 1 1 1 2
1 1 1 1 1 0 0 0 0 0
0 0 0 0 0 0 0 0 0 0
Maze 60
101 2715 3.7254901961 2.2312033591 77 0.374076336634244
23 61 77 15 36 44 59 21 48 16 62 17 73 96 76 23
21 71 75 35 34 54 51 41 46 12 12 13 93 400 73
402 401 401 401 402 401 401 401 401 402 402 402 401 400 401
0 0 0 0 0 0 0 0 0 0
0 1 1 1 1 1 1 0 0 0
1 1 2 0 1 1 0 0 0 0
1 1 1 1 1 1 0 0 0 0
1 1 1 1 1 1 1 1 0 0
1 1 1 1 1 1 1 1 1 0
1 1 1 0 1 0 0 0 0 0
1 1 1 1 1 1 1 0 0 0
0 0 1 0 0 1 0 0 0 0
0 0 1 1 1 1 0 0 0 0
Maze 61
105 12 3.1034482759 2.1315981729 61 0.372079422911658
84 48 74 81 10 70 56 34 14 50 57 8 81 13 82 84
44 44 71 1 400 66 54 400 44 47 7 1 11 12 400
402 402 402 402 400 401 401 400 401 402 402 402 402 402 400
1 1 1 1 1 1 1 1 1 1
1 1 1 1 0 0 1 0 0 1
1 1 0 1 0 0 1 0 0 1
1 1 0 1 0 0 1 0 0 1
1 1 0 1 1 1 1 1 1 1
1 1 0 1 1 1 1 0 0 1
1 1 0 1 0 1 1 1 1 1
1 1 1 1 0 0 0 0 0 0
1 1 1 2 0 0 0 0 0 0
0 0 0 0 0 0 0 0 0 0
Maze 62
93 21 3.2608695652 1.9338650376 32 0.362873629908285
2 92 68 10 47 2 95 63 33 54 83 77 55 66 83 2
400 62 8 7 42 92 93 400 53 53 73 75 65 63 82
400 402 402 402 401 401 401 400 401 402 402 401 401 402 401
0 2 0 0 0 0 1 1 1 1
0 1 0 0 0 0 1 1 0 0
0 1 0 0 0 0 1 1 0 0
0 1 1 0 0 0 1 1 0 0
0 1 1 1 1 1 1 1 0 0
0 1 1 1 1 0 0 1 0 0
0 1 1 1 1 1 1 1 0 0
0 1 1 1 1 1 1 0 0 0
0 1 1 0 0 0 0 0 0 0
0 1 1 1 1 0 0 0 0 0
Maze 63
103 590 3.6153846154 2.1433758999 71 0.384875353266297
86 62 3 69 75 5 87 63 37 23 1 30 44 31 24 86
82 2 63 65 400 85 83 33 33 21 21 24 41 21 84
401 402 401 402 400 401 401 402 401 401 401 402 401 402 401
1 1 1 0 1 0 0 0 0 0
1 1 1 0 1 0 0 0 0 0
1 1 1 1 1 1 1 1 1 1
1 1 1 1 1 1 1 0 0 0
1 1 1 1 1 0 0 0 0 0
0 1 1 1 1 0 0 0 0 0
0 1 1 1 1 1 1 1 1 0
0 1 1 1 1 0 0 0 0 0
0 1 1 1 1 2 1 0 0 0
0 0 0 0 0 0 0 0 0 0
Maze 64
83 138 3.0000000000 2.1842552171 26 0.390082561816343
43 17 30 14 90 37 45 63 86 88 66 2 47 54 63 43
13 27 24 84 87 35 43 83 400 86 62 42 44 53 400
402 401 401 401 401 402 402 401 400 401 401 401 402 402 400
0 1 0 0 0 0 0 0 0 0
0 1 1 1 1 1 1 0 0 0
0 1 1 1 1 1 1 1 1 1
0 1 1 1 1 1 1 0 0 0
0 1 2 1 1 1 1 0 0 0
0 1 1 1 0 0 1 0 0 0
0 1 1 1 1 1 1 0 0 0
0 0 1 1 0 1 1 0 0 0
0 0 1 1 1 1 1 1 1 1
0 0 0 0 0 0 0 0 0 0
Maze 65
85 206 3.0400000000 2.1701545015 36 0.404772330616286
37 52 27 70 93 33 100 77 86 35 44 45 51 27 46 37
32 22 67 63 400 93 97 76 85 34 400 41 21 26 36
402 402 401 402 400 401 401 402 401 402 400 402 402 402 402
0 0 0 0 0 0 0 0 0 0
0 0 0 0 0 0 0 0 0 0
1 1 1 1 1 1 1 0 0 0
1 1 1 1 1 1 2 0 0 0
1 1 1 1 1 1 1 0 0 0
1 1 1 0 1 0 1 0 0 0
0 0 1 1 1 1 1 1 1 1
0 0 1 0 1 1 1 0 0 0
0 0 1 0 1 1 1 0 0 0
0 0 1 1 1 1 1 1 1 1
Maze 66
89 95 3.4347826087 2.0608034551 45 0.368144030079598
49 13 69 65 67 35 18 7 9 44 81 43 7 36 12 49
43 63 400 400 65 15 17 400 4 41 41 3 6 32 42
401 401 400 400 401 402 401 400 402 402 402 402 402 401 401
0 0 1 1 1 1 1 1 1 0
0 1 1 1 1 1 1 1 0 0
0 1 1 1 1 1 0 0 0 0
0 1 1 1 1 1 0 0 0 0
1 1 1 1 1 1 1 1 2 0
1 0 1 0 1 0 0 0 0 0
1 0 1 1 1 1 1 1 1 0
1 0 0 0 0 0 0 0 0 0
1 0 0 0 0 0 0 0 0 0
0 0 0 0 0 0 0 0 0 0
Maze 67
121 43 3.0625000000 2.0761570244 65 0.402755222990083
83 41 12 99 82 92 49 51 100 34 10 28 9 100 47 83
81 11 92 92 400 42 41 91 94 4 8 8 99 97 43
401 402 401 401 400 402 402 401 401 402 402 402 401 401 402
0 0 0 1 1 1 1 1 1 1
1 1 0 1 0 0 0 1 1 0
1 1 0 1 0 0 0 1 1 0
1 1 0 1 0 0 0 0 1 0
1 1 1 1 1 1 1 1 1 0
1 1 1 1 0 0 1 0 1 0
1 1 1 1 0 0 1 0 1 0
1 1 1 1 0 0 1 0 1 0
1 1 2 1 0 0 1 0 1 0
1 1 1 1 1 1 1 1 1 1
Maze 68
113 1068 3.5517241379 2.1837792618 112 0.381783620247725
40 2 61 73 30 26 14 60 18 2 92 56 82 50 24 40
32 1 71 23 400 24 54 58 12 400 52 52 42 44 34
401 402 401 402 400 401 401 401 401 400 402 402 402 401 401
1 1 0 0 0 0 0 0 0 0
1 1 1 1 1 1 1 1 0 0
1 1 1 1 1 1 1 1 1 1
1 1 1 1 1 1 1 1 1 2
1 1 1 1 1 1 1 1 1 1
1 1 1 1 1 1 1 1 1 1
1 1 1 0 0 0 0 0 0 0
1 1 1 0 0 0 0 0 0 0
0 1 0 0 0 0 0 0 0 0
0 1 0 0 0 0 0 0 0 0
Maze 69
85 6 3.8620689655 1.6817018632 40 0.378907508901036
75 5 79 91 45 32 71 21 77 45 77 73 91 91 92 75
400 75 71 41 42 31 400 71 75 75 400 71 400 400 72
400 401 402 402 401 402 400 401 401 401 400 402 400 400 402
0 0 0 0 1 0 0 0 0 0
0 0 0 0 1 0 0 0 0 0
1 0 0 0 1 0 0 0 0 0
1 1 0 0 1 0 0 0 0 0
1 1 1 1 1 0 0 0 0 0
1 0 0 0 1 0 0 0 0 0
1 0 0 0 1 0 0 0 0 0
1 1 1 1 2 1 1 1 1 0
1 1 0 0 0 0 0 0 0 0
1 1 0 0 0 0 0 0 0 0
Maze 70
91 106 3.1636363636 2.2034033850 40 0.392090262344417
40 17 4 10 82 57 28 55 33 32 14 97 65 42 64 40
37 14 400 2 52 27 25 53 400 12 94 95 62 62 34
401 401 400 402 402 402 402 401 400 402 401 401 401 401 402
0 1 1 1 1 1 1 1 1 1
0 1 1 1 1 1 1 0 0 0
0 1 0 1 1 1 1 1 0 0
0 1 1 1 1 1 1 1 1 2
0 1 1 1 1 0 1 0 0 0
0 1 1 1 1 1 1 0 0 0
0 1 1 1 1 0 0 0 0 0
0 1 0 1 1 0 0 0 0 0
0 1 0 1 1 0 0 0 0 0
0 0 0 1 1 1 1 0 0 0
Maze 71
105 103 2.8852459016 2.0393976077 98 0.377037834451704
79 8 76 10 89 75 65 30 51 46 62 95 27 68 29 79
78 6 6 9 85 400 25 21 41 42 92 25 67 28 400
401 402 402 402 401 400 402 402 402 402 401 402 401 402 400
0 0 0 0 0 1 1 1 1 1
0 0 0 0 0 1 0 1 1 0
1 1 1 1 1 1 1 1 1 1
1 0 0 0 1 1 1 1 1 0
1 1 1 1 1 1 1 1 1 0
1 1 0 0 1 1 1 1 1 0
0 1 0 0 1 1 1 1 1 0
0 1 0 0 1 1 0 1 2 0
0 1 0 0 1 1 1 1 1 0
0 1 1 1 1 0 0 0 0 0
Maze 72
127 1056 3.3623188406 2.3277828176 191 0.390835320272721
6 71 5 98 78 41 50 12 73 26 18 100 97 41 96 6
1 1 95 400 71 400 42 72 23 16 98 400 91 91 400
402 402 401 400 401 400 401 401 402 402 401 400 401 401 400
1 1 1 1 1 2 0 0 0 0
1 1 0 0 1 1 1 1 0 0
1 1 1 1 1 1 0 1 0 0
1 1 1 0 1 1 0 1 0 0
1 1 1 1 1 1 1 1 1 1
1 1 1 0 1 1 0 1 0 0
1 1 1 0 1 1 0 1 0 0
1 1 1 1 1 1 1 1 0 0
1 0 0 0 1 1 0 1 0 0
1 1 1 1 1 1 1 1 1 1
Maze 73
93 222 2.9090909091 2.1068143408 45 0.415593030668128
49 17 63 25 95 83 91 3 86 57 65 83 47 21 18 49
47 13 23 400 93 81 1 83 56 55 63 43 41 11 48
401 402 402 400 401 402 402 401 402 402 402 402 401 402 401
1 1 1 0 0 0 0 0 0 0
1 1 1 1 1 1 1 1 0 0
1 0 1 1 1 0 1 1 0 0
1 0 1 0 1 0 1 1 0 0
1 1 1 1 1 1 1 1 2 0
1 0 1 0 1 1 1 0 0 0
1 0 1 1 1 1 0 0 0 0
1 0 1 0 1 1 0 0 0 0
1 1 1 1 1 1 0 0 0 0
1 0 1 1 1 0 0 0 0 0
Maze 74
109 712 3.0882352941 2.4175564204 97 0.368498970680902
76 99 40 33 7 84 82 71 67 29 95 31 90 43 93 76
96 39 400 3 4 400 81 61 27 25 91 81 83 400 73
401 402 400 402 402 400 401 402 402 402 401 401 401 400 402
0 0 1 1 1 1 1 0 0 0
0 0 1 1 0 0 0 0 0 0
0 0 1 1 1 1 1 1 1 0
1 0 1 1 1 1 1 1 1 1
1 0 1 1 1 0 1 0 1 0
1 0 1 1 1 0 1 0 1 0
1 1 1 1 1 1 1 0 1 0
1 0 1 1 1 2 0 0 1 0
1 1 1 1 1 1 1 1 1 1
1 1 1 1 1 1 1 1 1 0
Maze 75
101 250 3.3559322034 2.2519012619 60 0.381456396127953
86 12 10 48 28 12 47 3 57 52 69 61 78 80 47 86
82 2 8 400 22 42 43 53 400 62 400 71 400 77 46
401 402 402 400 401 401 401 401 400 401 400 401 400 401 402
0 1 1 1 1 1 1 1 1 1
0 1 1 0 0 0 0 1 0 0
0 1 1 1 1 1 1 1 0 0
0 1 1 0 0 0 0 1 0 0
0 1 1 1 1 1 1 1 0 0
0 1 1 1 1 1 1 0 0 0
1 1 1 1 1 1 1 1 1 0
1 1 1 1 1 1 1 1 1 1
0 1 1 1 1 2 0 0 0 0
0 0 0 0 0 0 0 0 0 0
Maze 76
81 12 3.2727272727 2.0340585928 30 0.392438940732046
68 46 75 17 6 56 79 12 22 64 53 29 76 60 46 68
66 45 15 16 400 76 72 400 62 63 23 26 56 56 66
401 402 402 401 400 401 401 400 401 401 402 402 402 401 401
0 0 0 0 0 1 0 0 0 0
0 1 0 0 1 1 1 0 0 0
0 1 1 1 1 1 1 1 1 0
0 1 1 0 1 1 0 0 0 0
0 1 1 0 1 1 0 0 0 0
0 1 1 0 1 1 1 1 1 1
0 1 1 1 1 1 1 2 0 0
0 1 1 1 1 1 1 1 1 0
0 0 0 0 0 0 0 0 0 0
0 0 0 0 0 0 0 0 0 0
Maze 77
111 351 3.0000000000 2.3364028542 80 0.390371576484168
93 14 15 87 31 87 83 86 7 12 30 99 72 13 57 93
13 400 85 81 81 400 400 6 2 22 29 92 12 53 53
402 400 401 401 401 400 400 402 402 401 402 401 402 401 402
0 1 1 1 1 1 1 0 0 0
0 1 1 1 1 1 0 0 0 0
0 1 1 1 1 1 1 1 1 1
1 1 1 0 1 1 0 0 1 0
1 1 1 0 1 1 0 0 1 0
1 1 1 1 1 1 1 0 1 0
1 1 1 0 1 1 0 0 1 0
1 1 1 0 1 1 0 0 1 0
1 1 1 1 1 1 1 0 1 0
0 1 2 1 1 1 1 1 1 0
Maze 78
137 2723 3.4000000000 2.1089628501 191 0.385969767037498
76 22 89 21 46 100 13 31 27 12 99 20 9 82 80 76
72 82 81 41 96 93 11 21 22 92 19 19 2 72 400
401 401 401 401 401 401 402 402 401 401 402 401 402 402 400
0 1 1 1 1 1 1 1 1 0
1 1 1 0 0 0 0 0 1 1
1 1 1 1 1 1 1 0 1 0
1 1 1 0 0 0 0 0 1 0
1 1 1 1 1 1 0 0 1 0
1 1 1 0 0 1 0 0 1 0
1 1 1 0 0 1 0 0 1 0
1 1 1 1 1 2 1 1 1 1
1 1 1 1 1 1 1 1 1 0
0 1 1 1 1 1 1 1 1 1
Maze 79
99 12 3.4736842105 1.5909049468 65 0.388773384162833
35 59 27 60 14 77 95 34 77 82 97 34 97 8 37 35
55 57 57 54 74 75 94 74 72 92 94 94 7 7 400
401 401 401 401 401 402 401 401 402 401 401 401 402 402 400
0 0 0 0 0 0 1 1 0 0
0 0 0 1 0 0 1 0 0 0
0 0 0 1 0 0 1 0 0 0
0 0 0 1 2 1 1 0 0 0
0 0 0 1 1 0 1 0 0 0
0 0 0 1 1 1 1 1 1 1
0 0 0 1 0 0 1 0 0 0
0 1 1 1 1 1 1 0 0 0
0 1 0 1 1 0 1 0 0 0
0 1 1 1 1 1 1 0 0 0
Maze 80
91 214 3.5200000000 2.2327820968 45 0.369255373639271
58 98 50 77 62 78 64 8 53 46 23 17 66 32 63 58
400 48 47 72 72 74 4 3 43 43 13 16 62 62 53
400 402 402 401 401 401 402 402 402 401 402 402 401 401 402
0 0 1 1 1 1 1 1 0 0
0 0 1 1 1 1 1 0 0 0
0 0 1 1 0 1 0 0 0 0
0 1 1 1 0 1 0 0 0 0
0 1 1 1 1 1 1 1 1 1
0 1 1 1 1 1 1 2 0 0
0 1 1 1 1 1 1 1 0 0
0 1 1 1 1 1 1 1 0 0
0 0 0 0 0 0 0 1 0 0
0 0 0 0 0 0 0 1 0 0
Maze 81
123 68 3.3030303030 2.2452790075 124 0.389470390533814
36 40 78 41 46 71 88 87 93 71 30 91 20 45 99 36
400 38 71 400 41 81 400 83 91 21 21 11 15 95 96
400 402 401 400 402 401 400 402 401 402 402 402 402 401 401
0 0 0 0 0 0 0 0 0 0
1 1 1 1 1 1 1 1 1 1
1 1 1 1 1 1 1 1 1 1
1 0 0 0 1 2 1 1 1 1
1 1 1 1 1 1 0 1 0 0
1 0 0 0 1 1 0 1 0 0
1 0 0 0 1 1 0 1 0 0
1 1 1 1 1 1 1 1 0 0
1 1 1 1 1 1 1 1 0 0
1 1 1 0 1 1 1 1 1 0
Maze 82
111 258 3.0149253731 2.2709422638 112 0.380376211132040
11 64 88 6 12 64 15 86 2 7 67 64 3 97 88 11
61 84 86 2 62 14 85 82 400 400 400 63 93 87 81
401 401 401 402 401 402 401 401 400 400 400 401 401 402 401
0 1 1 1 1 1 1 0 0 0
2 1 1 1 1 1 1 0 0 0
1 1 1 1 1 1 1 0 0 0
1 1 1 1 1 1 1 0 0 0
1 1 1 1 1 1 1 0 0 0
1 1 1 1 1 1 1 0 0 0
1 1 1 1 1 1 1 0 0 0
1 1 1 1 1 1 0 0 0 0
1 1 1 1 1 1 1 1 0 0
0 0 1 1 1 1 1 0 0 0
Maze 83
125 945 3.6721311475 2.1338630856 191 0.384094515125083
31 89 63 50 94 24 68 1 93 17 76 46 6 75 77 31
81 83 43 44 400 64 61 91 13 16 400 400 5 400 71
401 401 402 402 400 401 401 401 402 402 400 400 402 400 401
1 0 0 0 1 1 0 0 0 0
1 0 1 1 1 1 1 0 0 0
1 0 1 1 1 1 0 0 0 0
2 0 1 1 1 1 0 0 0 0
1 0 1 1 1 1 1 1 1 1
1 0 1 1 1 1 0 0 0 0
1 1 1 1 1 1 1 1 0 0
1 1 1 1 1 1 1 0 0 0
1 1 1 1 1 1 1 1 1 0
1 1 1 1 0 0 0 0 0 0
Maze 84
117 159 3.3333333333 2.0041443494 156 0.394002152228020
98 22 74 24 96 74 71 49 42 19 3 29 87 72 18 98
92 72 400 94 94 400 41 400 12 13 23 27 82 12 400
401 401 400 401 401 400 402 400 402 401 401 402 401 402 400
0 0 1 0 0 0 0 0 0 0
0 1 1 1 1 1 1 1 1 0
0 1 1 1 1 1 1 1 1 0
0 1 0 1 0 0 1 1 0 0
1 1 1 1 1 1 1 1 1 0
1 1 0 1 0 0 1 1 0 0
1 1 0 1 0 0 1 1 0 0
1 1 1 1 0 0 1 1 0 0
0 1 1 1 1 1 1 1 0 0
0 1 1 1 1 1 1 2 0 0
Maze 85
109 210 3.0000000000 2.1529397116 104 0.387075656701374
59 87 13 68 25 20 90 74 90 37 61 21 18 10 13 59
57 83 63 65 15 400 84 84 87 31 400 11 8 3 53
402 401 401 401 402 400 401 401 401 402 400 402 402 402 401
0 0 1 1 1 1 1 1 1 1
1 1 1 1 1 1 1 1 1 1
1 0 1 0 1 0 0 0 0 1
1 1 1 1 1 1 1 0 0 1
1 0 1 0 1 0 1 0 0 1
1 0 1 1 1 1 1 1 2 1
1 0 1 1 1 1 1 1 0 1
0 0 1 1 0 0 1 0 0 1
0 0 1 1 1 1 1 1 1 1
0 0 0 0 0 0 0 0 0 0
Maze 86
93 123 3.4117647059 2.2175054495 41 0.396627260495406
35 1 45 92 1 6 12 23 75 23 19 12 27 14 75 35
31 41 42 91 400 2 22 73 73 13 400 22 24 74 400
401 401 402 401 400 402 401 401 401 402 400 401 401 401 400
1 1 1 1 1 1 0 0 0 0
1 1 1 1 1 1 1 1 1 0
1 1 1 1 1 1 1 0 0 0
1 1 1 1 2 0 0 0 0 0
1 1 1 1 1 0 0 0 0 0
1 1 1 1 1 0 0 0 0 0
1 1 1 1 1 0 0 0 0 0
1 1 1 1 1 0 0 0 0 0
1 1 0 0 0 0 0 0 0 0
1 1 0 0 0 0 0 0 0 0
Maze 87
97 143 3.2280701754 2.3158509097 60 0.407212885678506
52 52 35 37 91 30 40 90 27 50 44 64 40 45 9 52
400 32 400 31 21 400 400 87 47 400 400 34 35 5 2
400 402 400 402 402 400 400 401 401 400 400 402 402 402 402
0 1 1 1 1 1 1 1 1 0
0 1 0 0 1 0 0 0 0 0
1 1 1 1 1 1 1 1 1 1
1 1 1 1 1 1 1 1 1 1
1 1 0 1 1 1 1 1 1 1
1 2 0 1 0 0 1 0 0 1
1 0 0 1 0 0 1 0 0 1
1 0 0 0 0 0 1 0 0 1
1 0 0 0 0 0 1 1 1 1
1 0 0 0 0 0 0 0 0 0
Maze 88
77 18 2.7500000000 2.0853103103 26 0.397926569134630
68 24 72 22 63 36 2 76 67 98 99 70 19 30 46 68
64 22 400 62 33 32 72 66 97 400 69 69 29 26 66
401 402 400 401 402 401 401 402 401 400 402 401 401 402 401
0 1 0 0 0 0 0 0 0 0
0 1 0 0 0 0 0 0 1 0
0 1 1 1 0 1 1 1 1 1
0 1 1 1 1 1 0 0 1 0
0 1 1 1 0 1 0 0 1 0
0 1 1 1 0 1 0 0 1 0
0 1 1 1 1 1 1 2 1 1
0 1 1 1 1 1 1 0 1 0
0 0 0 0 0 0 1 0 1 0
0 0 0 0 0 0 1 1 1 0
Maze 89
113 550 3.0149253731 2.1712588204 120 0.399179832503209
29 82 15 28 20 87 81 99 39 78 14 90 80 4 40 29
22 12 25 18 17 400 91 400 38 74 84 400 74 34 39
402 402 401 402 402 400 401 400 402 401 401 400 401 401 401
0 0 0 1 0 0 0 0 0 0
0 1 1 1 1 0 1 1 1 1
0 1 1 1 1 1 1 1 2 0
0 1 0 1 1 1 1 1 1 1
0 1 0 1 0 0 1 1 1 0
0 1 0 1 0 0 1 1 1 0
0 1 0 1 0 0 1 1 1 0
0 1 0 1 1 1 1 1 1 1
1 1 1 1 1 1 1 1 1 1
1 1 1 1 1 1 1 1 1 0
Maze 90
113 104 3.5000000000 2.0435833212 98 0.375840572081137
90 3 85 46 35 78 49 91 66 68 29 63 31 64 12 90
83 83 45 45 75 48 41 61 400 28 23 61 61 62 82
401 401 402 401 401 402 402 402 400 402 402 401 401 401 401
0 0 1 0 0 0 0 0 0 0
0 1 1 0 0 0 0 0 0 0
0 1 1 1 1 1 1 1 1 0
1 1 1 0 1 0 0 1 0 0
1 1 1 1 1 1 1 1 1 0
1 1 1 0 1 0 0 1 0 0
1 1 1 1 1 1 1 1 0 0
1 1 1 0 1 1 1 1 0 0
1 1 1 1 1 1 1 1 1 2
1 0 0 0 0 0 0 0 0 0
Maze 91
85 71 2.9433962264 2.2203940849 36 0.363593760718311
58 51 73 22 74 54 17 25 88 80 26 16 21 88 75 58
400 71 72 72 400 14 15 85 78 76 400 11 81 85 55
400 401 401 401 400 402 402 401 402 401 400 402 401 401 402
0 0 0 0 0 0 0 0 0 0
1 1 1 1 1 1 1 0 0 0
1 1 0 1 1 1 0 0 0 0
1 1 0 1 1 1 0 0 0 0
1 1 0 1 1 1 0 0 0 0
1 1 1 1 1 1 1 2 0 0
1 1 0 1 1 1 0 0 0 0
1 1 1 1 1 1 1 1 1 1
1 1 1 1 1 1 1 1 0 0
0 0 0 0 0 0 0 0 0 0
Maze 92
91 165 2.8771929825 2.1670090362 33 0.367270166987621
19 99 50 15 13 56 19 91 92 50 66 69 17 26 8 19
400 49 45 400 53 16 11 400 42 46 400 67 16 6 18
400 402 401 400 401 402 402 400 402 402 400 401 402 402 401
0 0 0 0 0 1 1 1 0 0
1 1 1 1 1 1 1 1 2 0
1 0 1 0 1 1 1 0 1 0
1 0 1 0 1 1 1 0 1 0
1 1 1 1 1 1 1 1 1 1
1 1 1 1 1 1 1 0 1 0
1 1 0 0 0 1 1 1 1 0
1 1 0 0 0 0 0 0 1 0
1 1 0 0 0 0 0 0 1 0
1 1 0 0 0 0 0 0 1 0
Maze 93
101 2069 2.7812500000 2.2654447277 44 0.361880617407238
21 96 7 69 9 37 12 13 77 94 68 51 88 58 37 21
91 6 67 400 7 32 400 73 74 64 61 81 400 57 31
401 402 401 400 402 401 400 401 402 402 401 401 400 401 401
0 0 0 0 0 1 1 1 1 0
0 1 1 0 0 1 1 0 1 0
2 1 1 0 0 1 1 0 1 0
1 1 1 1 1 1 1 0 1 0
1 0 1 0 0 1 1 0 1 0
1 0 1 0 0 1 1 1 1 0
1 1 1 1 1 1 1 1 1 0
1 0 1 1 1 1 1 1 0 0
1 1 1 1 1 1 1 1 0 0
1 1 1 1 1 1 0 0 0 0
Maze 94
111 327 3.3000000000 2.1010616463 112 0.379464177081354
4 92 79 32 31 55 79 56 9 43 56 91 15 20 57 4
2 72 72 400 51 75 76 6 3 53 51 11 400 17 54
402 402 401 400 401 401 401 402 402 401 402 402 400 402 401
0 1 1 2 1 1 1 1 1 0
1 1 1 1 1 1 1 1 1 1
1 1 1 1 0 1 1 0 0 0
1 1 1 1 0 1 1 0 0 0
1 1 1 1 0 1 1 0 0 0
1 1 1 1 1 1 1 0 0 0
1 1 0 0 1 1 0 0 0 0
1 1 1 1 1 1 1 1 1 0
1 1 0 0 0 0 0 0 0 0
1 1 0 0 0 0 0 0 0 0
Maze 95
83 284 3.2500000000 2.1380330774 30 0.411086919682795
39 23 32 44 61 65 12 55 51 93 90 88 60 94 53 39
33 22 42 41 400 62 52 400 91 83 400 58 54 93 33
401 402 401 402 400 401 401 400 401 402 400 402 402 401 402
0 0 0 0 0 0 0 0 0 0
0 1 0 0 0 0 0 0 0 0
0 1 1 0 0 0 0 0 0 0
0 1 1 1 1 1 1 1 2 0
1 1 1 1 0 0 0 0 0 0
1 1 1 1 1 1 1 1 1 1
1 1 1 1 1 0 0 1 0 0
1 0 1 1 0 0 0 1 0 0
1 0 1 1 1 1 1 1 1 1
1 1 1 1 0 0 0 0 0 0
Maze 96
111 97 4.0416666667 1.9683435540 94 0.389534123179267
45 93 57 12 33 66 23 88 4 47 72 100 92 69 66 45
43 53 52 32 63 63 83 84 44 42 92 400 62 400 65
402 402 401 401 401 401 401 401 401 402 401 400 402 400 401
0 0 0 1 0 0 0 0 0 0
0 1 0 1 0 0 0 0 0 0
0 1 1 1 0 0 0 0 0 0
0 1 1 1 0 0 0 0 0 0
0 1 1 1 2 1 1 0 0 0
0 1 1 1 1 1 1 0 0 0
0 1 1 1 1 1 1 1 1 0
0 1 1 1 0 0 0 0 0 0
0 1 1 1 1 1 1 1 0 0
0 1 1 1 1 1 1 1 1 1
Maze 97
123 470 3.0144927536 2.1629228570 133 0.385741379443999
40 32 50 98 74 10 97 32 61 37 49 56 65 18 81 40
400 42 48 94 4 7 92 31 31 47 46 55 15 11 31
400 401 402 401 402 402 401 402 402 401 402 402 402 402 402
0 0 0 1 1 1 1 1 1 1
1 1 1 1 1 1 1 1 0 0
1 0 0 1 1 0 1 0 0 0
1 1 1 1 1 1 1 1 1 2
1 1 1 1 1 1 1 1 1 1
1 1 0 1 1 1 1 1 0 0
1 1 0 1 1 0 1 1 0 0
1 1 0 1 0 0 1 1 0 0
1 1 0 1 0 0 1 1 0 0
0 1 1 1 1 1 1 1 0 0
Maze 98
99 95 2.8275862069 2.1394928595 77 0.371301363463353
95 92 45 89 88 85 88 2 49 10 23 95 19 87 88 95
400 42 85 400 400 400 82 42 9 3 93 15 17 400 85
400 402 401 400 400 400 401 401 402 402 401 402 402 400 402
0 1 1 1 1 1 1 1 1 1
0 1 1 0 1 1 1 1 1 0
0 1 1 0 1 0 1 0 1 0
0 1 1 0 1 0 1 0 1 0
0 1 1 1 1 1 1 1 1 0
0 1 1 0 1 0 1 0 0 0
0 1 1 0 1 0 1 0 0 0
0 1 1 0 1 0 1 0 0 0
0 1 1 1 1 1 1 1 1 0
0 1 1 1 2 0 0 0 0 0
Maze 99
109 407 3.2542372881 2.2158655666 105 0.376530360994360
65 88 68 46 96 33 6 62 17 80 67 1 87 23 41 65
85 400 66 400 93 3 2 12 77 77 61 81 83 21 61
401 400 401 400 401 402 402 402 401 401 401 401 401 402 401
1 1 1 1 1 1 0 0 0 0
1 1 1 1 1 1 1 0 0 0
1 1 1 0 0 0 1 0 0 0
1 1 1 0 0 0 1 0 0 0
1 1 1 0 0 1 1 0 0 0
1 1 1 0 0 1 1 0 0 0
1 1 1 1 2 1 1 1 0 0
1 0 1 0 1 1 1 1 1 1
1 1 1 1 1 1 1 1 0 0
0 0 1 1 1 1 0 0 0 0
Maze 100
101 61 2.9615384615 1.9170975905 70 0.401322612931028
18 9 65 26 51 73 56 61 86 50 81 73 50 41 5 18
8 5 25 21 71 53 51 81 46 41 71 43 400 1 15
402 402 402 402 401 402 402 401 402 402 402 402 400 402 401
1 1 1 1 1 1 1 1 1 0
1 0 0 0 1 1 1 2 0 0
1 1 1 1 1 1 0 0 0 0
1 0 0 0 1 0 0 0 0 0
1 1 1 1 1 1 1 1 1 1
1 1 1 1 1 1 0 0 0 0
1 0 1 0 1 1 0 0 0 0
1 1 1 0 0 1 0 0 0 0
1 1 1 1 1 1 0 0 0 0
0 0 0 0 0 0 0 0 0 0
Maze 101
99 36 3.0980392157 1.8691087362 66 0.398288155835860
9 37 5 57 65 74 5 94 41 13 42 24 95 1 53 9
7 35 55 55 64 4 4 91 11 12 22 94 91 51 3
402 401 401 402 402 402 402 401 402 402 402 401 401 401 402
1 0 1 1 1 1 1 1 2 0
1 1 1 1 1 0 1 0 0 0
1 1 1 1 1 0 1 0 0 0
1 1 1 1 1 1 1 0 0 0
1 1 1 1 1 0 0 0 0 0
1 1 1 1 1 1 1 0 0 0
1 0 0 1 1 0 0 0 0 0
1 0 0 1 0 0 0 0 0 0
1 0 0 1 0 0 0 0 0 0
1 1 1 1 1 0 0 0 0 0
Maze 102
111 3066 3.2000000000 2.0550419855 97 0.386275875664888
65 47 50 16 41 69 85 18 50 94 1 13 79 28 21 65
45 400 46 11 61 65 15 48 44 91 11 73 78 400 61
402 400 401 402 401 402 402 401 402 401 401 401 401 400 401
1 0 0 0 0 0 0 0 0 0
1 1 1 1 1 1 1 1 0 0
1 1 1 1 1 1 1 1 0 0
1 0 1 0 1 1 0 1 0 0
1 0 1 1 1 1 1 1 1 1
1 0 1 1 1 0 0 1 0 0
1 1 1 1 2 1 1 1 1 0
1 0 1 1 1 1 1 1 1 0
1 0 0 1 1 0 0 0 0 0
1 1 1 1 0 0 0 0 0 0
Maze 103
81 399 3.7142857143 2.1148712311 35 0.387540671353116
71 63 38 55 63 72 54 51 73 11 47 4 89 56 65 71
61 33 35 53 62 52 400 71 71 41 44 84 86 55 61
402 402 402 402 402 402 400 401 401 401 401 401 401 402 402
0 0 0 1 0 0 0 0 0 0
1 0 0 1 0 0 0 0 0 0
1 0 0 1 0 0 0 0 0 0
1 0 1 1 1 1 1 1 0 0
1 1 1 1 1 1 1 0 0 0
1 1 1 1 1 1 0 0 0 0
1 1 1 1 1 1 0 0 0 0
2 1 1 1 0 1 0 0 0 0
0 0 0 1 1 1 1 1 1 0
0 0 0 0 0 0 0 0 0 0
Maze 104
91 33 3.6000000000 2.2232849288 41 0.399563114759414
1 12 62 13 60 37 78 96 49 44 77 84 97 34 20 1
11 400 12 53 57 77 76 46 400 74 74 94 94 14 11
401 400 402 401 401 401 402 402 400 401 402 401 401 402 401
2 0 0 0 0 0 0 0 0 0
1 1 1 1 1 1 1 1 1 1
0 1 1 1 0 0 0 0 0 0
0 1 1 1 0 0 1 0 0 0
0 1 1 1 1 1 1 1 1 0
0 1 1 1 1 1 1 1 1 1
0 1 0 1 0 1 1 0 0 0
0 0 0 1 1 1 1 1 0 0
0 0 0 1 0 1 0 0 0 0
0 0 0 1 1 1 1 0 0 0
Maze 105
89 167 2.9259259259 2.1567518755 50 0.382967173298596
90 99 69 27 20 88 71 44 26 84 6 38 47 20 35 90
89 400 67 17 18 81 41 24 24 4 36 37 17 15 85
402 400 401 402 402 401 402 402 402 402 401 402 402 402 401
0 0 0 1 1 1 0 0 0 0
0 0 0 1 1 1 1 1 1 1
0 0 0 1 1 1 1 1 0 0
0 0 0 1 1 1 1 1 0 0
1 1 1 1 1 0 1 1 0 0
1 0 0 1 1 0 1 1 0 0
1 0 0 1 1 0 1 1 1 0
1 0 0 1 1 0 0 1 1 0
1 1 1 1 1 1 1 1 1 2
0 0 0 0 0 0 0 0 1 0
Maze 106
119 67 3.5555555556 1.6276051768 102 0.397770789746006
87 62 22 37 73 90 16 89 22 47 89 63 92 20 36 87
82 400 32 33 83 86 86 82 42 87 83 62 12 16 86
401 400 401 402 401 401 401 401 401 401 401 402 402 402 401
0 0 0 0 0 0 0 0 0 0
0 1 1 1 1 1 1 1 1 1
0 1 0 0 0 1 0 0 0 0
0 1 1 1 1 1 1 0 0 0
0 1 1 1 1 1 1 0 0 0
0 1 1 0 0 1 1 0 0 0
0 1 1 0 0 1 1 0 0 0
0 1 1 0 0 1 1 0 0 0
0 1 1 1 1 1 2 1 1 1
0 1 0 0 0 0 0 0 0 0
Maze 107
89 98 3.3043478261 1.9986791005 41 0.384068755217522
88 36 67 31 32 46 80 45 20 77 57 95 75 99 36 88
86 66 61 400 42 76 75 15 17 400 55 400 95 96 86
401 401 401 400 401 401 401 402 402 400 402 400 401 401 401
0 0 0 0 0 0 0 0 0 0
0 0 0 0 1 1 1 1 1 1
0 0 0 0 1 0 1 0 0 0
1 1 0 0 1 1 1 0 0 0
1 1 1 1 1 1 1 0 0 0
1 0 0 0 1 1 1 0 0 0
1 1 1 1 1 1 1 0 0 0
0 0 0 0 1 1 1 1 1 1
0 0 0 0 1 1 1 2 0 0
0 0 0 0 1 1 1 1 1 0
Maze 108
105 77 3.2758620690 2.2277379314 98 0.383770679477954
38 51 82 58 34 41 39 100 9 80 81 97 66 42 69 38
31 81 52 54 31 31 99 99 79 71 91 96 62 62 68
402 401 402 401 402 402 401 401 401 402 401 401 401 401 401
0 0 0 0 0 0 0 0 1 0
0 0 0 0 0 0 0 0 1 0
0 0 0 0 0 0 0 0 1 0
1 1 1 1 1 1 1 2 1 0
1 1 0 1 0 0 0 1 1 0
1 1 1 1 1 1 1 1 1 0
1 1 1 1 1 1 1 1 1 0
1 1 1 1 1 1 1 1 1 1
1 1 0 0 0 1 0 0 1 0
1 1 1 1 1 1 1 0 1 1
Maze 109
89 8 2.8163265306 2.0139763925 38 0.395427262234057
4 71 51 26 2 25 29 90 94 13 51 26 54 35 56 4
1 400 21 22 22 400 89 84 93 11 21 24 34 55 54
402 400 402 401 401 400 401 402 401 402 402 402 402 401 401
1 1 1 2 0 0 0 0 0 0
1 1 1 1 0 0 0 0 0 0
1 1 1 1 1 1 1 1 1 0
1 0 1 1 1 0 0 0 1 0
1 0 1 1 1 0 0 0 1 0
1 0 1 1 1 1 0 0 1 0
1 0 1 0 0 0 0 0 1 0
1 0 1 0 0 0 0 0 1 0
0 0 1 1 1 1 1 1 1 1
0 0 1 1 0 0 0 0 0 0
Maze 110
81 21 3.0000000000 1.9633545216 19 0.374416731955781
90 8 39 46 46 73 79 44 31 14 75 62 84 14 89 90
88 38 36 400 43 400 74 41 11 74 72 82 400 84 400
401 401 402 400 402 400 401 401 402 401 401 401 400 401 400
0 0 0 0 0 0 0 1 0 0
1 1 1 1 0 0 0 1 0 0
1 0 0 1 0 0 0 1 0 0
1 0 0 1 0 1 1 1 1 0
1 1 1 1 1 1 0 1 0 0
0 0 1 1 0 0 0 1 0 0
0 1 1 1 0 0 0 1 0 0
0 1 1 1 1 1 1 1 1 0
0 1 1 1 1 1 1 1 1 2
0 0 0 0 0 0 0 0 0 0
Maze 111
119 195 3.4827586207 2.0189953010 107 0.390644487017871
32 21 39 65 3 92 6 30 92 88 33 99 86 29 35 32
31 31 35 63 2 2 26 22 82 83 93 96 26 25 400
401 401 402 401 402 402 401 402 402 401 401 401 402 402 400
0 1 1 1 1 1 0 0 0 0
0 1 1 0 0 1 0 0 0 0
1 1 1 1 1 1 1 1 1 1
1 2 1 1 1 1 1 1 1 0
0 1 1 0 1 1 0 0 0 0
0 1 1 0 1 1 0 0 0 0
0 1 1 1 1 1 0 0 0 0
0 1 1 0 0 1 0 0 0 0
0 1 1 1 1 1 1 1 0 0
0 1 1 1 1 1 1 1 1 0
Maze 112
89 143 3.4347826087 1.9743327015 44 0.401212382542886
35 67 43 26 32 4 36 37 76 64 48 15 30 63 10 35
65 63 23 22 2 34 400 36 74 44 45 25 23 3 5
401 401 402 402 402 401 400 402 401 402 401 401 402 402 402
0 1 1 1 1 1 1 1 1 1
0 1 1 1 1 0 0 0 0 0
0 1 1 1 1 1 1 1 1 1
0 1 1 1 2 1 1 0 0 0
0 0 1 1 1 1 1 1 0 0
0 0 1 1 1 1 0 0 0 0
0 0 1 1 1 1 1 0 0 0
0 0 0 1 1 1 0 0 0 0
0 0 0 0 0 0 0 0 0 0
0 0 0 0 0 0 0 0 0 0
Maze 113
115 581 3.0508474576 2.0080728844 104 0.392360283432952
83 96 64 36 34 1 96 6 73 96 59 61 69 64 10 83
93 94 34 400 31 91 400 3 93 56 51 400 400 4 3
401 401 402 400 401 401 400 402 401 402 402 400 400 402 402
1 0 1 1 1 1 1 1 1 1
1 0 1 1 0 1 0 0 0 0
1 0 1 1 0 1 0 0 0 0
1 1 1 1 1 1 0 0 0 0
1 0 1 1 0 1 0 0 0 0
1 1 1 1 1 1 1 1 1 0
1 1 1 1 1 1 1 1 1 0
1 0 1 1 0 1 0 0 0 0
1 0 2 1 0 1 0 0 0 0
1 1 1 1 1 1 0 0 0 0
Maze 114
111 12 3.0877192982 1.9731936798 97 0.386957146167798
89 46 6 84 20 54 20 63 28 86 96 72 6 19 49 89
86 400 4 14 14 14 13 23 26 400 92 2 16 400 400
401 400 402 402 402 402 402 402 402 400 401 402 401 400 400
0 1 1 1 1 1 0 0 0 0
0 1 1 1 1 1 1 1 1 1
0 1 1 1 1 1 1 1 1 0
0 1 1 1 0 1 0 0 1 0
0 1 1 1 0 1 0 0 1 0
0 1 1 1 0 1 0 0 1 0
0 1 1 1 0 1 0 0 1 0
0 1 0 1 0 1 0 0 1 0
0 1 0 1 0 1 1 1 2 0
0 1 1 1 1 1 0 0 0 0
Maze 115
117 19 3.1014492754 2.2673324483 126 0.391466422430423
70 76 55 20 91 8 75 92 30 50 55 68 42 97 66 70
66 75 15 11 1 5 72 22 400 45 65 62 92 96 400
402 401 402 402 402 402 402 402 400 402 401 401 401 401 400
1 1 1 1 1 1 1 1 0 0
1 1 1 1 1 1 1 1 1 1
1 1 1 1 1 1 1 1 1 1
1 1 0 0 1 0 0 0 0 1
1 1 0 0 1 1 1 1 1 1
1 1 0 0 1 0 0 0 0 0
1 1 1 1 1 1 1 1 1 2
1 1 1 1 1 1 0 0 0 0
1 1 0 0 0 1 0 0 0 0
1 1 1 1 1 1 1 0 0 0
Maze 116
87 24 3.2916666667 2.1025120994 44 0.382530767826308
39 59 56 75 30 52 37 74 46 82 84 88 84 79 15 39
400 400 55 25 22 32 34 44 42 400 400 400 74 75 35
400 400 402 402 402 402 402 402 402 400 400 400 402 401 401
0 0 0 0 0 0 0 0 0 0
0 0 0 0 1 0 0 0 0 0
0 1 1 1 1 1 1 1 1 1
0 1 1 1 1 1 1 1 2 0
0 1 1 1 1 1 0 0 1 0
0 1 0 1 1 1 1 1 1 0
0 1 0 1 1 0 0 0 0 0
0 1 0 1 1 1 1 1 1 0
0 1 1 1 1 1 1 1 0 0
0 0 0 0 0 0 0 0 0 0
Maze 117
97 33 2.9200000000 1.9126169186 77 0.394999161111227
93 78 76 84 88 94 43 45 79 23 80 100 51 56 18 93
73 400 74 400 84 93 400 75 73 73 400 91 400 16 13
402 400 402 400 402 401 400 401 401 401 400 401 400 402 402
0 0 0 0 0 0 0 0 0 0
0 0 1 1 1 1 1 1 0 0
0 0 1 0 0 1 0 0 0 0
0 0 1 0 0 1 0 0 0 0
0 0 1 1 1 1 0 0 0 0
1 1 1 1 1 1 0 0 0 0
1 0 1 0 1 0 0 0 0 0
1 0 1 1 1 1 1 1 1 1
1 0 1 1 1 1 1 1 0 1
1 1 2 1 1 1 1 1 1 1
Maze 118
93 96 3.1923076923 2.1774865224 40 0.357836354001063
22 48 46 87 33 59 10 92 24 3 94 63 61 51 55 22
42 400 86 83 53 9 2 22 23 93 93 400 400 400 52
401 400 401 401 401 402 402 402 401 401 401 400 400 400 401
0 1 1 1 1 1 1 1 1 1
0 1 1 0 0 0 0 0 1 0
0 2 1 1 0 0 0 0 1 0
0 1 1 0 0 0 0 0 1 0
0 1 1 1 1 1 1 1 1 0
1 1 1 1 1 1 1 1 1 0
1 1 1 0 0 1 0 0 0 0
0 1 1 0 0 1 0 0 0 0
0 1 1 1 1 1 1 0 0 0
0 1 1 1 0 0 0 0 0 0
Maze 119
95 112 2.9824561404 2.1421620914 84 0.375437139339590
37 30 60 85 45 17 74 93 69 5 54 4 12 76 81 37
27 400 55 400 15 14 73 63 65 4 400 2 72 71 31
402 400 402 400 402 402 402 402 401 402 400 402 401 402 402
0 1 1 1 1 0 0 0 0 0
0 1 0 1 1 1 1 0 0 0
0 1 0 1 1 0 1 1 1 1
1 1 1 1 1 1 2 0 0 1
1 1 0 1 1 0 0 0 0 1
1 1 0 1 1 1 1 1 1 1
1 1 1 1 1 1 1 1 1 0
1 1 1 1 1 1 0 0 0 0
1 0 1 0 1 0 0 0 0 0
0 0 1 0 0 0 0 0 0 0
Maze 120
97 91 3.2400000000 1.9244128973 71 0.391891040313583
80 74 29 8 68 27 64 57 86 32 60 45 78 73 24 80
400 24 28 400 67 24 54 56 82 52 55 75 400 23 74
400 402 401 400 401 402 402 402 401 401 401 401 400 402 401
0 0 0 0 0 0 0 1 0 0
0 0 0 0 0 0 0 1 0 0
0 0 1 1 1 1 1 1 1 0
0 1 1 1 0 0 1 1 0 0
0 1 1 1 1 0 1 1 0 0
0 1 1 1 1 1 1 1 1 1
0 1 1 1 1 1 1 1 0 0
0 1 1 1 1 1 1 1 1 2
0 1 1 1 1 1 0 0 0 0
0 0 0 0 0 0 0 0 0 0
Maze 121
105 56 2.4923076923 2.1318092796 86 0.382016072046086
9 64 51 71 100 67 91 48 7 42 60 70 9 23 47 9
4 61 400 91 97 61 41 47 2 52 400 69 3 43 7
402 401 400 401 401 402 402 401 402 401 400 401 402 401 402
0 1 1 1 1 1 1 1 2 0
0 1 1 1 0 0 1 0 1 0
0 1 1 1 0 0 1 0 1 0
0 1 1 1 0 0 1 0 1 0
1 1 1 1 1 1 1 1 1 0
1 1 1 1 1 1 1 1 1 1
1 1 1 1 1 1 1 0 1 1
1 0 0 0 0 0 1 0 0 0
1 0 0 0 0 0 1 0 0 0
1 1 1 1 1 1 1 1 1 1
Maze 122
111 10 3.4693877551 1.9969704430 99 0.380137203289865
86 61 19 43 77 73 77 36 4 34 18 56 7 96 1 86
81 11 13 73 400 400 76 34 400 14 16 6 6 91 81
401 402 402 401 400 400 401 401 400 402 402 402 402 401 401
1 0 0 1 0 1 1 0 0 0
1 1 1 1 1 1 1 1 1 0
1 0 1 1 0 1 0 0 0 0
1 0 1 1 1 1 0 0 0 0
1 0 1 0 0 1 0 0 0 0
1 0 1 0 0 1 0 0 0 0
1 0 1 0 0 1 0 0 0 0
1 0 1 1 1 1 1 0 0 0
1 1 1 1 1 2 0 0 0 0
1 1 1 1 1 1 0 0 0 0
Maze 123
105 67 3.3962264151 2.1174324509 81 0.375087564719850
65 96 99 30 93 8 85 94 49 98 93 97 5 28 29 65
95 400 29 23 3 5 84 44 48 400 400 95 25 400 25
401 400 402 402 402 402 402 402 402 400 400 401 401 400 402
0 0 1 1 1 1 1 1 0 0
0 0 1 0 1 0 0 0 0 0
0 0 1 1 1 1 1 1 1 1
0 0 1 0 1 0 0 0 1 0
0 0 1 1 1 1 1 1 1 0
0 0 1 1 1 0 0 1 1 0
0 0 1 1 2 0 0 1 1 0
0 0 1 1 1 0 0 1 1 0
0 0 1 1 1 0 0 1 1 0
0 0 1 1 1 1 1 1 1 0
Maze 124
117 16 3.2631578947 1.9212235053 112 0.384878422179128
60 62 40 37 52 9 20 42 6 87 51 89 58 43 12 60
52 32 400 32 2 19 12 2 86 81 81 88 53 42 52
402 402 400 402 402 401 402 402 401 401 401 401 401 401 401
0 1 1 1 1 1 1 1 1 0
0 1 1 1 1 1 1 1 1 1
0 1 0 0 0 1 0 0 0 0
0 1 1 1 1 1 1 1 1 1
0 1 1 0 0 1 0 0 0 0
1 1 1 1 1 1 1 1 1 2
1 1 0 0 0 1 0 1 0 0
1 0 0 0 0 1 0 1 0 0
1 1 1 1 1 1 1 1 1 0
0 0 0 0 0 0 0 0 0 0
Maze 125
85 8 2.9629629630 2.2451360554 40 0.392676789135656
64 29 21 66 81 63 32 85 53 88 70 66 59 39 76 64
24 400 61 61 61 62 82 83 83 68 400 56 400 36 74
402 400 401 402 402 401 401 401 401 402 400 402 400 402 401
0 0 0 0 0 0 0 0 0 0
0 0 0 0 0 0 0 0 0 0
1 1 1 1 1 1 1 1 1 0
1 1 0 1 0 1 1 1 1 0
1 1 0 1 0 1 0 0 1 0
1 1 1 1 0 1 1 1 1 0
1 1 1 2 1 1 1 1 1 1
1 1 1 1 1 1 0 1 0 0
1 1 1 1 1 1 1 1 0 0
0 0 0 0 0 0 0 0 0 0
Maze 126
93 10 3.1666666667 1.9509538634 45 0.364793505832804
41 52 13 92 90 74 39 64 75 7 44 13 82 87 53 41
51 12 12 82 84 34 34 74 5 4 43 12 400 83 51
401 402 402 402 401 402 402 401 402 402 401 402 400 401 401
0 0 0 1 1 1 1 0 0 0
0 1 1 1 1 0 0 0 0 0
0 1 1 1 1 0 0 0 0 0
0 1 1 1 1 1 1 1 1 0
2 1 1 1 1 0 0 0 0 0
1 1 1 1 1 0 0 0 0 0
0 1 1 1 1 0 0 0 0 0
0 1 1 1 1 0 0 0 0 0
0 1 1 1 1 1 1 1 1 1
0 1 0 0 0 0 0 0 0 0
Maze 127
75 273 2.7200000000 2.1688600619 25 0.375447609879763
36 65 14 32 28 33 35 19 38 76 24 41 69 70 30 36
35 64 12 22 23 400 15 18 36 74 21 61 400 400 26
402 401 402 402 402 400 402 402 402 401 402 401 400 400 402
0 0 0 0 0 0 0 0 0 0
0 1 1 1 1 1 1 1 1 0
1 1 1 1 1 1 1 1 1 1
1 1 1 1 1 2 1 1 0 1
1 0 0 1 1 1 0 0 0 1
1 0 0 1 1 1 0 0 0 1
1 1 1 1 1 1 1 1 1 1
0 0 0 1 1 1 0 0 0 0
0 0 0 0 0 0 0 0 0 0
0 0 0 0 0 0 0 0 0 0
Maze 128
97 1689 3.1000000000 2.2190339383 65 0.393897707427721
8 29 83 56 20 55 7 78 89 81 25 39 13 33 32 8
28 23 53 16 15 5 77 88 400 21 35 33 400 400 2
401 402 402 402 402 402 401 401 400 402 401 401 400 400 402
0 1 1 1 1 1 1 2 0 0
0 1 1 0 1 1 1 1 1 1
1 1 1 1 1 1 1 1 1 0
1 1 1 1 1 1 1 1 1 0
1 0 1 0 1 1 1 0 0 0
1 0 1 1 1 1 1 0 0 0
1 0 1 0 0 0 1 0 0 0
1 0 1 0 0 0 1 1 0 0
1 1 1 1 1 1 1 1 1 0
0 0 0 0 0 0 0 0 0 0
Maze 129
139 301 3.2000000000 2.0486497519 193 0.386980872745736
19 88 97 10 61 76 53 43 9 91 80 44 84 30 82 19
18 87 7 1 71 73 400 3 1 71 74 400 24 22 12
402 402 402 402 401 401 400 402 402 402 401 400 402 402 402
1 1 1 1 1 1 1 1 1 1
1 1 1 1 1 1 1 1 2 0
1 1 1 1 1 1 1 1 1 1
1 1 1 1 0 0 1 1 0 0
1 1 1 1 0 0 1 1 0 0
1 1 1 1 0 0 1 1 0 0
1 1 1 1 0 0 1 1 0 0
1 1 1 1 1 1 1 1 1 1
1 1 0 1 0 0 1 1 0 0
1 0 0 0 0 0 1 0 0 0
Maze 130
85 46 3.1707317073 1.8320248375 41 0.362531271798054
78 85 54 43 80 75 22 98 47 38 32 53 42 2 95 78
75 84 53 73 400 72 92 97 37 400 52 52 400 92 75
402 401 401 401 400 401 401 401 402 400 401 401 400 401 402
0 1 0 0 0 0 0 0 0 0
0 1 0 0 0 0 0 0 0 0
0 1 0 0 0 0 0 0 0 0
0 1 1 1 1 1 1 1 0 0
0 1 1 0 0 0 1 0 0 0
0 1 1 1 0 0 1 0 0 0
0 1 1 1 0 0 1 0 0 0
0 1 1 1 1 1 1 2 1 1
0 1 0 1 1 0 1 0 0 0
0 1 1 1 1 1 1 1 0 0
Maze 131
101 153 2.8571428571 2.4539727270 84 0.365757513036279
31 41 79 16 40 70 14 26 1 37 57 10 63 73 97 31
400 71 76 36 400 64 24 21 31 400 7 3 400 93 91
400 401 401 401 400 401 401 401 401 400 402 402 400 401 401
1 0 1 1 1 1 1 1 1 1
1 0 1 1 0 1 1 0 0 0
1 1 1 1 1 1 1 0 0 0
2 1 1 1 1 1 1 1 1 1
1 0 1 1 0 1 1 0 0 1
1 0 1 1 0 1 1 0 0 1
1 0 1 1 1 1 1 1 1 1
1 1 1 1 1 1 1 1 1 0
1 0 1 0 0 0 0 0 0 0
1 1 1 1 1 1 1 0 0 0
Maze 132
87 220 3.2340425532 2.0892875990 32 0.395881006895313
12 53 34 88 75 42 78 21 43 74 77 76 16 31 28 12
52 33 84 85 72 72 71 41 73 400 400 400 11 21 22
401 402 401 401 401 401 401 401 401 400 400 400 402 402 401
0 0 0 0 0 0 0 0 0 0
1 2 1 1 1 1 0 0 0 0
1 1 1 1 1 1 1 1 0 0
1 1 1 1 0 1 0 0 0 0
1 1 1 1 0 1 0 0 0 0
1 1 1 1 0 1 0 0 0 0
1 1 1 1 0 1 0 0 0 0
1 1 1 1 1 1 1 1 0 0
0 0 0 1 1 1 1 1 0 0
0 0 0 0 0 0 0 0 0 0
Maze 133
77 266 2.6785714286 2.4048131494 26 0.363190876067693
14 99 38 53 12 6 46 54 52 84 57 85 63 24 21 14
94 98 33 52 2 400 44 400 82 54 55 83 23 400 11
401 401 402 401 402 400 402 400 401 402 402 401 402 400 402
0 1 1 1 1 1 0 0 0 0
1 1 1 2 0 1 0 0 0 0
1 1 1 1 0 1 0 0 0 0
0 1 1 1 1 1 1 1 0 0
0 1 1 1 1 1 0 1 0 0
0 1 1 1 1 1 1 1 0 0
0 1 1 1 1 0 0 1 0 0
0 1 1 1 1 0 0 1 0 0
0 1 1 1 1 0 0 1 0 0
0 0 0 1 1 1 1 1 1 0
Maze 134
71 66 3.4871794872 2.0731953087 16 0.389533548530467
51 55 41 26 30 45 27 57 66 36 84 48 58 8 26 51
400 51 21 400 25 25 400 56 400 34 44 400 400 6 21
400 401 402 400 402 402 400 402 400 402 402 400 400 402 402
0 0 0 0 0 1 1 1 0 0
0 0 0 0 0 1 0 1 0 0
1 1 1 1 1 1 1 1 1 1
1 0 0 1 1 1 1 1 0 0
1 0 0 1 1 1 1 1 0 0
2 1 1 1 1 1 1 1 0 0
0 0 0 1 0 1 0 0 0 0
0 0 0 1 0 0 0 0 0 0
0 0 0 1 0 0 0 0 0 0
0 0 0 0 0 0 0 0 0 0
Maze 135
107 81 3.2962962963 2.0334819451 112 0.386211416585917
72 97 62 4 87 26 88 37 79 54 72 13 79 45 93 72
92 92 2 84 86 86 87 77 74 52 12 73 75 43 92
401 401 402 401 401 401 401 401 401 402 402 401 401 402 401
0 1 1 1 0 0 0 0 0 0
0 1 1 1 0 0 0 0 0 0
0 1 1 1 0 1 0 0 0 0
0 1 1 1 0 1 1 0 0 0
0 1 1 1 1 1 1 0 0 0
0 1 1 1 1 1 1 0 0 0
0 1 1 1 1 1 1 0 0 0
0 2 1 1 1 1 1 1 1 0
0 1 1 1 1 1 1 1 0 0
0 1 1 1 1 1 1 0 0 0
Maze 136
93 179 3.0833333333 1.9915923522 41 0.389573073600932
34 17 93 32 17 57 79 12 45 27 16 65 6 3 75 34
14 13 92 12 400 77 72 42 25 26 15 5 400 73 74
402 402 401 402 400 401 401 401 402 401 402 402 400 401 401
0 0 1 1 1 1 0 0 0 0
0 1 1 1 1 1 1 0 0 0
0 1 1 1 1 1 1 0 0 0
0 1 1 2 1 0 1 0 0 0
0 1 1 1 1 0 1 0 0 0
0 1 1 1 1 0 1 0 0 0
0 1 1 1 1 0 1 0 0 0
0 1 1 1 1 1 1 1 1 0
0 1 1 0 0 0 0 0 0 0
0 1 1 0 0 0 0 0 0 0
Maze 137
99 14 3.6666666667 1.8472740658 71 0.369218185078614
88 40 88 54 58 14 55 42 38 61 22 12 37 71 22 88
38 38 84 400 54 54 52 32 31 21 400 32 31 21 82
402 402 401 400 401 401 401 402 402 402 400 401 402 402 401
0 0 0 0 0 0 0 0 0 0
0 1 0 1 0 0 0 0 0 0
1 1 0 1 0 0 0 0 0 0
1 1 1 1 1 1 1 1 1 1
1 1 0 1 0 0 0 1 0 0
1 1 1 1 1 1 1 1 0 0
1 1 0 1 0 0 0 1 0 0
1 1 0 1 0 0 0 1 0 0
0 1 1 1 1 1 1 2 0 0
0 0 0 0 0 0 0 0 0 0
Maze 138
81 174 2.8846153846 2.0999776797 35 0.372824704537208
57 85 89 62 91 44 88 69 83 59 48 14 13 2 21 57
55 400 82 61 41 84 68 63 53 58 44 400 12 1 51
402 400 401 402 402 401 402 402 402 401 401 400 401 402 401
1 1 0 0 0 0 0 0 0 0
1 1 1 1 0 0 0 0 0 0
1 0 0 1 0 0 0 0 0 0
1 0 0 1 0 0 0 0 0 0
1 1 1 1 1 1 1 1 0 0
1 1 1 1 1 1 2 1 1 0
1 1 1 1 1 1 1 1 1 0
1 1 1 1 1 0 0 1 0 0
1 1 1 1 1 1 1 1 1 0
1 0 0 0 0 0 0 0 0 0
Maze 139
83 6 3.3500000000 1.9436664340 30 0.364499836331307
56 54 82 74 95 54 32 53 39 37 61 31 37 2 90 56
400 52 72 94 94 52 52 33 400 31 400 400 32 82 86
400 402 402 401 401 401 401 402 400 402 400 400 401 401 401
0 1 0 0 0 0 0 0 0 0
0 1 0 0 0 0 0 0 0 0
0 1 0 0 0 0 0 0 0 0
1 1 1 1 1 1 1 1 1 0
1 1 1 0 0 0 0 0 0 0
1 1 1 1 1 2 0 0 0 0
1 1 0 1 0 1 0 0 0 0
0 1 1 1 0 1 0 0 0 0
0 1 1 1 1 1 1 1 1 1
0 0 0 1 1 0 0 0 0 0
Maze 140
93 113 3.1111111111 2.1936379531 45 0.376056236256174
48 98 56 73 38 12 6 40 25 77 47 67 10 53 75 48
400 96 53 33 32 2 36 35 75 400 400 7 3 73 45
400 401 402 402 401 402 401 401 401 400 400 402 402 401 402
0 1 1 1 1 1 1 1 1 1
0 1 1 0 0 1 1 0 0 0
0 1 1 0 1 1 1 0 0 0
0 1 1 1 1 1 1 1 1 1
0 0 1 0 1 1 1 2 0 0
0 0 1 1 1 1 1 1 0 0
0 0 1 0 1 1 1 1 0 0
0 0 1 1 1 1 1 1 0 0
0 0 0 0 0 1 0 1 0 0
0 0 0 0 0 1 1 1 0 0
Maze 141
93 30 3.3461538462 2.2000583642 56 0.372030841730585
97 76 28 79 34 50 41 44 82 2 95 16 5 95 98 97
96 26 78 74 44 400 400 42 400 92 15 15 400 400 400
401 402 401 401 401 400 400 402 400 401 402 401 400 400 400
0 1 0 0 1 0 0 0 0 0
0 1 0 0 1 1 0 0 0 0
0 1 0 0 1 1 1 1 0 0
0 1 0 1 1 1 0 1 0 0
1 1 1 1 1 1 1 1 1 1
0 1 0 1 1 1 0 1 0 0
0 1 0 1 1 1 0 1 0 0
0 1 0 1 1 1 1 1 1 0
0 1 0 0 1 1 0 0 0 0
0 1 1 1 1 1 2 1 0 0
Maze 142
117 79 3.2063492063 2.1603806102 117 0.365757207040567
66 80 9 8 29 75 92 66 92 9 91 16 31 97 79 66
76 79 400 28 25 72 62 62 2 1 11 11 91 77 76
401 401 400 401 402 402 402 402 402 402 402 402 401 402 401
1 1 1 1 1 1 1 1 1 0
1 1 1 1 1 1 0 1 1 0
1 1 0 0 1 1 1 1 1 0
1 1 0 0 1 0 0 0 1 0
1 1 0 0 1 0 0 0 1 0
1 1 0 0 1 0 0 0 1 0
1 1 1 1 1 2 0 0 1 0
1 1 1 1 1 1 1 1 1 1
1 1 0 0 0 0 1 0 0 0
1 1 1 1 1 1 1 0 0 0
Maze 143
99 286 3.0877192982 2.1522219506 70 0.380238142879523
17 96 68 40 43 47 63 11 84 67 51 46 80 87 82 17
16 66 38 33 400 43 61 81 64 61 41 76 77 400 12
402 402 402 402 400 402 401 401 402 401 402 401 402 400 402
0 0 0 0 0 0 0 0 0 0
1 1 1 1 1 1 2 0 0 0
1 1 0 0 0 1 0 0 0 0
1 1 1 1 1 1 1 1 1 1
1 1 1 1 1 1 1 1 0 0
1 1 1 0 0 1 0 1 0 0
1 1 1 1 1 1 1 1 0 0
1 1 0 1 0 1 1 1 1 1
1 1 1 1 1 1 1 0 0 0
0 0 0 0 0 1 0 0 0 0
Maze 144
113 249 3.3818181818 2.0893880012 105 0.400207235689526
92 34 29 80 11 86 69 73 78 24 77 78 32 47 13 92
32 24 79 71 81 66 63 400 74 74 400 72 42 43 12
402 402 401 401 401 402 402 400 401 401 400 401 401 401 402
0 0 0 0 0 0 0 0 0 0
1 1 1 0 0 0 0 0 0 0
1 1 1 1 1 1 1 1 1 0
1 1 1 1 0 0 0 0 1 0
1 1 1 1 1 1 1 0 1 0
1 1 0 1 0 0 0 0 1 0
1 1 1 1 1 1 1 1 1 0
1 1 1 1 1 1 1 1 1 1
1 1 1 1 1 1 0 0 0 0
0 2 0 0 0 0 0 0 0 0
Maze 145
81 4 3.4210526316 1.9767226489 23 0.362527737344366
96 59 61 58 49 43 29 30 53 72 61 53 92 59 69 96
56 51 51 48 400 23 400 23 52 71 51 52 52 400 66
402 402 402 402 400 402 400 402 402 401 402 402 402 400 402
0 0 0 0 0 0 0 0 0 0
0 0 0 0 0 0 0 0 0 0
0 0 1 1 1 1 1 1 1 1
0 0 1 0 0 0 0 0 0 0
0 0 1 1 1 1 1 1 1 0
1 1 1 1 1 1 1 1 1 0
1 1 0 0 0 1 1 1 1 0
1 1 0 0 0 1 0 0 0 0
0 1 0 0 0 1 0 0 0 0
0 1 0 0 0 2 0 0 0 0
Maze 146
97 100 3.3090909091 2.2126880212 71 0.392203836790478
4 95 49 32 82 69 41 100 77 67 80 44 2 14 34 4
94 45 42 400 62 61 91 97 400 77 74 42 12 400 400
401 402 401 400 402 401 401 401 400 401 401 401 401 400 400
0 1 0 2 0 0 0 0 0 0
0 1 1 1 0 0 0 0 0 0
0 1 0 1 0 0 0 0 0 0
0 1 0 1 0 0 0 0 0 0
1 1 1 1 1 1 1 1 1 0
1 1 0 1 1 0 0 0 0 0
1 1 1 1 1 1 1 1 1 0
1 1 0 1 1 1 1 1 1 1
1 1 0 1 1 0 1 0 0 0
1 1 1 1 1 1 1 1 1 1
Maze 147
79 44 2.8400000000 2.2073402913 23 0.363311786374593
98 80 46 49 66 39 17 24 77 69 80 47 24 53 5 98
78 76 400 46 36 37 14 74 67 79 77 44 23 3 95
402 401 400 402 402 401 402 401 402 401 401 401 402 402 401
0 0 1 1 1 0 0 0 0 0
0 0 1 1 1 1 1 0 0 0
0 0 1 1 1 0 1 0 0 0
0 0 1 1 1 1 1 1 1 0
0 0 1 1 1 1 1 1 1 0
0 0 1 1 1 1 1 0 0 0
0 0 0 1 1 1 1 1 1 0
0 0 0 1 1 1 1 1 1 1
0 0 0 0 1 0 0 1 0 0
0 0 0 0 1 1 1 2 0 0
Maze 148
95 67 3.2307692308 2.1235256579 51 0.360761413829134
73 62 33 97 73 10 74 85 94 2 54 61 92 98 57 73
72 32 93 93 3 4 84 84 92 52 51 91 400 97 53
401 402 401 401 402 402 401 402 401 401 402 401 400 401 402
0 1 1 1 1 1 1 1 1 1
0 1 1 1 0 0 0 0 0 0
0 1 1 1 0 0 0 0 0 0
0 1 1 1 0 0 0 0 0 0
0 1 1 1 0 0 0 0 0 0
1 1 1 1 1 1 1 0 0 0
1 1 1 1 0 0 1 0 0 0
1 1 2 1 0 0 1 0 0 0
1 1 1 1 1 0 1 0 0 0
1 1 1 1 1 1 1 1 0 0
Maze 149
119 312 2.9275362319 2.0957648666 102 0.381952815506555
95 59 10 95 81 8 45 89 50 10 24 83 80 3 14 95
55 9 5 91 1 5 85 49 400 4 23 73 73 13 94
402 402 402 401 402 402 401 402 400 402 402 402 401 401 401
1 1 1 1 1 1 1 1 1 1
1 0 1 1 1 0 0 0 1 1
1 0 1 1 1 0 0 0 1 1
1 0 1 1 1 0 0 0 1 1
1 0 1 1 1 0 0 0 1 1
1 0 1 1 1 1 1 1 1 0
1 0 1 1 1 0 0 0 1 0
1 0 1 1 1 1 1 1 1 1
1 0 1 1 1 1 1 1 1 0
1 1 1 1 2 0 0 0 0 0
Maze 150
95 203 3.0344827586 2.2529287279 62 0.387642623409232
100 44 23 52 34 29 39 84 81 45 71 4 63 6 77 100
94 43 22 32 24 400 34 400 41 41 1 3 3 76 97
401 401 402 402 402 400 402 400 402 402 402 402 402 401 401
1 1 1 1 1 1 0 0 0 0
1 0 1 0 0 1 0 0 0 0
1 1 1 1 1 1 1 1 1 0
1 1 1 1 1 1 1 1 1 0
1 1 1 1 1 1 0 0 0 0
1 1 1 1 0 1 0 0 0 0
1 0 1 1 0 1 0 0 0 0
1 0 0 1 0 1 1 0 0 0
1 1 1 1 0 0 1 0 0 0
0 0 0 1 1 1 1 1 1 2
Maze 151
93 105 2.8000000000 2.4750551551 44 0.390774856036642
86 53 4 29 29 69 8 40 100 12 66 50 57 14 57 86
83 3 24 400 400 68 38 400 92 62 46 47 54 54 56
401 402 401 400 400 401 401 400 401 401 402 402 401 401 402
0 0 1 1 0 0 0 1 0 0
0 1 1 1 0 0 0 1 0 0
0 1 1 1 1 1 1 1 1 0
0 1 1 1 0 0 0 1 1 1
0 1 1 1 0 1 1 1 1 1
0 1 1 1 1 1 1 1 1 1
0 1 1 1 1 1 0 1 1 1
0 1 1 0 0 1 0 0 0 1
0 1 1 1 1 2 0 0 0 1
0 1 1 1 1 1 1 1 1 1
Maze 152
97 36 3.2444444444 1.8761377231 51 0.395377986409975
84 43 11 8 62 31 67 92 65 69 93 66 74 43 5 84
83 41 1 2 61 61 62 62 400 63 63 64 73 3 4
401 401 402 402 401 401 402 402 400 402 402 402 401 402 402
1 1 1 1 1 1 1 1 0 0
1 1 1 1 0 0 0 0 0 0
1 1 1 1 0 0 0 0 0 0
1 1 1 1 0 0 0 0 0 0
1 1 1 1 0 0 0 0 0 0
1 1 1 1 0 0 0 0 0 0
1 1 1 1 1 1 1 1 1 0
0 1 1 1 0 0 0 0 0 0
0 1 1 2 0 0 0 0 0 0
0 1 1 0 0 0 0 0 0 0
Maze 153
97 632 3.5652173913 2.0876399738 77 0.399419035752740
72 32 81 63 24 56 34 1 56 71 50 60 5 67 15 72
400 31 61 23 54 54 31 51 51 41 400 55 65 65 12
400 402 402 402 401 401 401 401 402 402 400 401 401 401 402
1 0 0 0 1 0 0 0 0 0
1 1 1 1 1 0 0 0 0 0
1 1 1 1 1 0 0 0 0 0
1 1 1 1 1 0 0 0 0 0
1 1 1 1 1 1 1 1 1 1
1 1 1 1 1 1 1 1 1 1
1 1 1 0 1 1 1 0 0 0
1 2 0 0 0 0 0 0 0 0
1 0 0 0 0 0 0 0 0 0
0 0 0 0 0 0 0 0 0 0
Maze 154
105 35 3.1578947368 2.0675947945 85 0.371507512923251
95 54 39 31 90 72 68 72 79 76 65 70 44 6 41 95
94 34 400 81 82 62 62 400 400 75 400 64 4 1 91
401 402 400 401 401 402 402 400 400 401 400 401 402 402 401
1 1 1 1 1 1 0 0 0 0
1 0 0 1 0 0 0 0 0 0
1 0 0 1 0 0 0 0 0 0
1 1 1 1 1 1 1 1 1 0
1 0 0 1 0 0 0 0 0 0
1 0 0 1 0 0 0 0 0 0
1 1 1 1 1 1 1 1 1 1
1 1 1 1 1 1 1 1 1 0
1 1 1 1 1 1 1 1 1 1
1 1 1 1 2 0 0 0 0 0
Maze 155
77 193 2.4000000000 2.3787497453 30 0.384979656720840
28 60 42 32 21 22 33 97 46 10 50 55 65 93 11 28
58 52 400 31 400 32 93 96 6 400 45 400 63 91 21
401 401 400 401 400 401 401 401 402 400 402 400 402 401 401
0 0 0 0 0 1 1 1 1 1
1 0 0 0 0 1 0 0 0 1
1 1 1 1 1 1 1 2 0 1
1 1 1 0 0 1 0 1 0 1
1 1 1 0 1 1 1 1 1 1
1 1 1 1 1 1 1 1 1 1
1 0 1 1 1 1 0 0 0 0
1 0 1 0 0 1 0 0 0 0
1 0 1 0 0 1 0 0 0 0
1 1 1 1 1 1 1 0 0 0
Maze 156
83 30 3.0800000000 2.1842552171 30 0.392111210334280
17 64 34 13 92 59 34 7 35 44 87 37 49 25 39 17
14 400 33 12 52 54 4 5 34 84 400 47 45 35 37
402 400 401 402 402 401 402 402 402 401 400 401 401 401 401
0 0 0 1 1 1 1 0 0 0
0 1 1 1 1 1 2 0 0 0
0 1 1 1 1 0 1 0 0 0
0 1 1 1 1 1 1 1 1 0
0 1 0 1 1 1 1 1 1 0
0 1 1 1 1 1 1 1 1 0
0 1 0 1 0 0 1 0 0 0
0 1 0 1 0 0 1 0 0 0
0 1 0 1 1 1 1 0 0 0
0 1 0 0 0 0 0 0 0 0
Maze 157
119 852 3.4333333333 2.0428199297 147 0.383991043958050
30 47 82 28 70 82 65 74 5 29 43 91 18 2 77 30
27 42 22 68 62 62 64 4 25 23 41 11 12 72 27
402 402 402 401 402 402 402 402 401 402 402 402 401 401 402
0 1 0 1 1 0 0 0 0 0
1 1 1 1 1 1 1 1 0 0
1 1 1 1 1 1 1 1 1 2
1 1 1 1 0 0 1 1 0 0
1 1 1 1 1 1 1 1 0 0
1 1 0 1 0 0 1 1 0 0
1 1 1 1 1 1 1 1 1 1
1 1 1 1 1 1 1 0 0 0
1 1 0 0 0 0 0 0 0 0
1 0 0 0 0 0 0 0 0 0
Maze 158
95 41 2.8813559322 2.2065196760 47 0.395863608094059
34 32 87 46 12 24 9 50 65 55 100 84 11 9 42 34
400 82 86 42 22 4 49 45 400 95 94 81 1 2 32
400 401 401 401 401 402 401 402 400 401 401 401 402 402 402
1 1 1 1 1 1 1 1 1 0
1 1 0 1 0 0 0 0 1 0
1 1 1 1 0 0 0 0 1 0
1 1 1 2 0 0 0 0 1 0
1 1 1 1 1 1 1 1 1 1
1 1 0 0 1 1 0 0 0 0
1 1 0 0 1 1 0 0 0 0
1 1 0 0 1 1 0 0 0 0
1 1 1 1 1 1 1 0 0 0
0 0 0 1 1 1 1 1 1 1
Maze 159
113 313 3.3793103448 2.1950160786 86 0.373242378225775
1 34 49 98 17 38 50 21 83 16 19 61 3 85 97 1
31 44 48 97 37 48 41 81 13 400 11 1 83 95 91
401 401 402 401 401 401 401 401 402 400 402 402 401 401 401
2 1 1 0 0 0 0 0 0 0
1 1 1 1 1 1 1 1 1 0
1 0 1 0 0 0 1 0 0 0
1 1 1 1 0 0 1 1 0 0
1 1 1 1 1 1 1 1 1 1
1 0 1 0 0 0 1 1 0 0
1 0 1 0 0 0 1 1 0 0
1 0 1 0 0 0 1 1 0 0
1 1 1 1 1 0 1 1 0 0
1 1 1 1 1 1 1 1 0 0
Maze 160
75 84 2.9787234043 2.3075852003 19 0.393212145579699
21 56 39 65 76 85 99 66 68 55 90 98 28 20 41 21
51 36 35 75 75 95 96 400 65 85 88 400 18 11 400
401 402 402 401 402 401 401 400 401 401 402 400 402 402 400
0 0 0 0 0 0 0 0 0 0
1 1 1 1 1 1 1 1 1 1
2 0 0 0 0 0 0 1 0 0
1 0 0 0 1 1 1 1 1 0
1 0 0 0 1 1 0 1 0 0
1 1 1 1 1 1 0 1 0 0
0 0 0 0 1 1 1 1 0 0
0 0 0 0 1 1 0 1 0 0
0 0 0 0 1 1 1 1 1 1
0 0 0 0 1 1 1 1 1 0
Maze 161
103 14 3.4583333333 1.8449311543 66 0.383525958087651
73 48 84 84 79 14 97 61 12 24 50 92 54 32 94 73
43 44 400 74 74 94 91 11 22 44 42 52 52 92 93
402 402 400 402 401 401 401 402 401 401 402 402 401 401 401
0 0 0 0 0 0 0 0 0 0
1 1 0 1 0 0 0 0 0 0
1 1 1 1 0 0 0 0 0 0
1 1 0 1 0 0 0 0 0 0
1 1 1 1 1 1 1 1 1 1
1 1 1 1 0 0 0 0 0 0
1 1 1 1 0 0 0 0 0 0
1 1 2 1 1 1 1 1 1 0
1 1 1 1 0 0 0 0 0 0
1 1 1 1 1 1 1 0 0 0
Maze 162
91 60 3.4468085106 2.0515990296 50 0.403437769485487
31 55 49 74 57 73 28 66 99 65 74 78 56 4 29 31
51 45 44 54 53 23 26 96 95 64 400 76 54 24 21
401 402 402 402 402 402 402 401 401 402 400 401 401 401 402
0 0 0 1 0 0 0 0 0 0
0 0 0 1 0 0 0 0 0 0
1 1 1 1 1 1 1 1 1 0
2 0 1 1 0 1 0 0 0 0
1 0 1 1 1 1 1 1 1 0
1 1 1 1 1 1 1 0 0 0
0 0 1 1 1 1 0 0 0 0
0 0 1 1 1 1 1 1 0 0
0 0 0 0 1 1 0 0 0 0
0 0 0 0 1 1 1 1 1 0
Maze 163
113 1774 3.3770491803 2.2223968618 105 0.377202820976424
98 38 1 70 6 68 22 60 69 24 25 3 75 41 52 98
400 31 61 66 66 62 52 59 64 400 23 73 71 51 92
400 401 401 401 401 401 401 402 401 400 401 401 401 401 401
1 0 1 0 0 1 0 0 0 0
1 0 1 0 0 1 0 0 0 0
1 1 1 1 1 1 0 0 0 0
1 1 1 1 1 1 1 1 0 0
1 1 1 1 0 1 0 1 0 0
1 1 1 1 1 1 1 1 1 1
1 1 1 1 1 1 1 1 1 1
1 1 1 1 1 0 0 1 0 0
0 1 0 0 0 0 0 1 0 0
0 1 1 1 1 1 1 2 0 0
Maze 164
103 89 3.0163934426 2.1587942072 77 0.376386567406441
88 94 20 17 51 63 30 29 44 5 90 68 29 28 2 88
84 14 400 11 61 23 400 24 4 85 88 28 400 22 82
402 402 400 402 401 402 400 402 402 401 401 402 400 401 401
0 1 0 1 1 0 0 0 0 0
1 1 1 1 1 1 1 1 1 1
1 1 1 1 1 1 1 1 1 1
1 1 1 1 1 0 0 1 0 0
1 1 1 1 1 0 0 1 0 0
1 1 1 1 1 0 0 1 0 0
1 1 1 1 1 0 0 1 0 0
0 1 0 1 1 0 0 1 0 0
0 1 1 1 1 1 1 2 1 1
0 0 0 1 0 0 0 0 0 0
Maze 165
81 1123 2.8571428571 2.3569250361 35 0.369734455914909
19 99 95 76 50 9 58 46 13 29 97 78 82 84 75 19
400 400 75 46 49 8 56 43 23 27 77 72 400 74 15
400 400 402 402 401 402 401 401 401 402 402 402 400 402 402
0 0 0 0 0 0 0 1 1 0
0 0 1 0 1 1 1 1 2 0
0 0 1 1 1 1 1 1 1 0
0 0 1 0 1 0 1 1 1 0
0 0 1 1 1 1 1 1 1 1
0 0 0 0 1 1 1 1 1 0
0 0 0 0 1 1 1 0 1 0
0 1 1 1 1 1 1 1 1 0
0 1 1 1 1 0 1 0 1 0
0 0 0 0 1 1 1 1 1 0
Maze 166
101 584 3.1147540984 2.2718348948 77 0.390622356440462
35 93 46 90 92 11 15 16 5 69 83 2 38 27 1 35
33 43 86 82 91 400 400 15 65 63 82 32 37 21 31
402 402 401 402 401 400 400 401 401 402 401 401 401 401 401
1 1 0 0 1 0 0 0 0 0
1 1 1 1 1 1 0 0 0 0
1 1 1 1 1 1 1 0 0 0
1 1 1 1 2 1 1 1 0 0
1 1 1 1 1 1 0 0 0 0
1 1 1 0 1 1 0 0 0 0
1 1 1 1 1 1 1 1 1 0
1 1 1 0 0 1 0 0 0 0
1 1 1 1 1 1 1 1 1 1
1 1 1 0 0 0 0 0 0 0
Maze 167
93 374 3.1320754717 2.0895281506 44 0.385825762541897
23 5 79 26 86 91 57 22 1 18 37 1 34 57 23 23
3 75 76 400 81 51 52 21 11 17 31 31 54 53 400
402 401 401 400 402 402 401 401 401 402 401 401 401 401 400
1 0 1 1 1 0 0 0 0 0
1 1 1 1 1 1 1 1 0 0
1 1 2 0 1 1 1 0 0 0
1 1 1 1 1 1 1 0 0 0
0 1 1 1 1 1 0 0 0 0
1 1 1 1 1 1 1 0 0 0
1 0 0 0 1 1 0 0 0 0
1 0 0 0 1 1 1 1 1 0
1 1 1 1 1 1 0 0 0 0
1 0 0 0 0 0 0 0 0 0
Maze 168
75 85 3.1489361702 2.2618421881 30 0.351581929983660
64 35 63 44 78 60 86 65 51 33 43 20 19 81 85 64
34 33 43 74 58 56 85 61 31 400 13 400 11 400 84
402 402 402 401 402 402 401 401 402 400 402 400 402 400 401
0 0 0 0 0 0 0 0 0 0
1 1 1 1 1 1 1 1 1 1
1 0 1 0 0 0 0 0 0 0
1 1 1 1 1 0 0 0 0 0
1 0 1 1 0 0 0 0 0 0
1 0 1 1 0 1 1 1 1 1
1 1 1 2 1 1 0 1 0 0
1 0 0 1 1 1 1 1 0 0
1 1 1 1 1 1 0 0 0 0
0 0 0 0 0 0 0 0 0 0
Maze 169
95 17 3.5000000000 1.8881285929 77 0.384594899075726
91 47 58 55 4 36 89 63 71 83 21 49 71 86 51 91
41 57 400 54 34 86 83 61 81 81 41 41 81 81 400
402 401 400 401 401 401 401 402 401 401 401 402 401 401 400
0 0 0 1 0 0 0 0 0 0
0 0 0 1 0 0 0 0 0 0
1 0 0 1 0 0 0 0 0 0
1 0 0 1 1 1 0 0 0 0
1 1 1 1 1 1 1 1 1 0
1 0 0 1 1 1 1 1 0 0
1 1 1 0 0 1 0 0 0 0
1 0 1 0 0 1 0 0 0 0
1 1 1 1 1 1 1 1 1 0
2 0 0 0 0 0 0 0 0 0
Maze 170
95 555 3.2244897959 1.9974214096 65 0.379135020885596
19 87 56 91 67 23 58 28 7 79 16 17 83 86 78 19
17 86 51 61 63 53 400 27 77 76 400 13 400 76 18
402 401 402 402 401 401 400 401 401 401 400 402 400 402 402
0 0 0 0 0 0 1 0 0 0
0 0 1 1 1 1 1 1 2 0
0 0 1 0 0 1 1 1 0 0
0 0 1 0 0 1 1 1 0 0
0 0 1 0 0 1 1 1 0 0
1 1 1 1 1 1 1 1 0 0
1 1 1 1 1 1 1 1 0 0
1 0 1 0 0 1 1 1 1 0
1 0 1 1 1 1 1 0 0 0
1 0 0 0 0 0 0 0 0 0
Maze 171
99 619 3.2982456140 2.2312033591 70 0.398732197484622
6 43 52 40 58 53 97 45 71 60 48 2 25 18 64 6
3 42 32 38 400 93 95 41 51 58 42 22 15 14 4
402 402 402 402 400 401 401 402 402 401 401 401 402 402 402
0 1 1 1 1 2 0 0 0 0
0 1 1 1 1 1 1 1 0 0
0 1 1 1 1 0 0 0 0 0
0 1 1 1 1 1 1 1 1 1
1 1 1 1 1 1 1 1 0 0
1 1 1 1 1 1 1 1 1 1
1 0 1 1 1 0 0 0 0 0
1 0 1 0 1 0 0 0 0 0
0 0 1 0 1 0 0 0 0 0
0 0 1 1 1 1 1 0 0 0
Maze 172
63 12 2.5853658537 2.1450841829 10 0.364532447612236
14 41 43 65 66 51 53 66 78 49 40 21 43 59 35 14
11 400 63 400 61 400 63 76 48 39 31 41 53 55 34
402 400 401 400 401 400 401 401 402 402 401 401 401 401 401
0 0 0 0 0 0 0 0 0 0
1 1 1 2 0 0 0 0 0 0
1 0 0 1 0 0 0 0 0 0
1 1 1 1 1 1 1 1 1 1
1 1 1 0 1 0 0 1 1 0
1 1 1 1 1 1 1 1 1 0
1 1 1 1 1 1 0 1 0 0
0 0 0 0 0 1 1 1 0 0
0 0 0 0 0 0 0 0 0 0
0 0 0 0 0 0 0 0 0 0
Maze 173
85 66 3.0588235294 2.1850306080 45 0.369787432885246
54 78 24 37 36 73 45 83 66 76 51 8 28 81 94 54
74 74 34 400 33 43 43 63 400 71 1 400 21 91 400
401 401 401 400 402 402 402 402 400 401 402 400 402 401 400
1 1 1 1 1 1 1 1 0 0
1 0 0 0 0 0 0 1 0 0
1 1 1 1 1 1 1 1 0 0
1 0 1 1 1 1 1 0 0 0
1 0 1 1 1 0 0 0 0 0
1 0 1 2 0 0 0 0 0 0
1 0 1 1 1 1 0 0 0 0
1 1 1 1 1 1 1 1 0 0
1 0 1 1 0 0 0 0 0 0
1 1 1 1 0 0 0 0 0 0
Maze 174
127 42 3.2187500000 2.0245397120 180 0.378975281811929
96 12 72 89 7 62 47 81 10 60 50 82 70 82 64 96
92 400 82 87 2 42 41 1 400 400 42 62 62 62 94
401 400 401 401 402 402 402 402 400 400 402 402 402 402 401
1 1 1 1 1 1 1 1 1 1
1 1 0 0 0 0 1 0 0 1
1 1 0 0 0 0 1 0 0 1
1 1 0 0 0 0 1 0 0 1
1 1 1 1 1 1 1 1 1 1
1 1 0 0 0 0 1 0 0 1
1 1 1 1 1 1 1 1 1 1
1 1 0 1 0 0 1 0 0 0
1 1 1 1 1 1 1 1 1 0
0 1 1 1 1 2 0 0 0 0
Maze 175
87 14 2.7118644068 2.2330575306 50 0.383367879953946
21 63 44 58 15 85 100 30 95 31 39 24 17 15 23 21
61 43 54 55 400 95 400 25 91 400 34 14 400 13 400
401 402 401 401 400 401 400 402 401 400 401 402 400 402 400
0 0 0 0 0 0 0 0 0 0
0 0 1 1 1 1 1 0 0 0
2 1 1 1 1 1 1 1 1 1
1 1 1 1 1 1 1 1 1 1
1 0 1 1 1 0 0 0 0 1
1 0 1 1 1 1 1 1 0 1
1 1 1 0 1 0 0 0 0 1
1 0 0 0 1 0 0 0 0 1
1 0 0 0 1 0 0 0 0 1
1 1 1 1 1 1 1 1 1 1
Maze 176
101 32 2.8800000000 1.7770147333 66 0.366167401495437
100 99 32 68 67 99 2 6 1 96 98 89 88 34 21 100
400 92 62 400 97 92 400 400 91 400 88 400 84 31 91
400 401 401 400 401 401 400 400 401 400 402 400 401 401 401
1 1 1 1 1 1 0 0 0 0
1 1 0 0 0 0 0 0 0 0
1 1 0 0 0 0 0 0 0 0
1 1 1 1 0 0 0 0 0 0
1 1 0 1 0 0 0 0 0 0
1 1 0 1 0 0 0 0 0 0
1 1 1 1 1 1 1 1 0 0
1 1 0 1 0 0 1 0 0 0
1 1 0 1 1 1 1 1 1 0
1 1 1 1 1 1 1 1 1 2
Maze 177
87 77 2.6031746032 2.4134718315 25 0.391829753650649
11 39 19 10 90 33 41 43 62 81 31 19 99 32 34 11
31 400 9 400 83 31 400 42 61 400 11 400 92 400 31
401 400 402 400 401 402 400 402 402 400 402 400 401 400 401
0 0 0 0 0 0 0 0 1 1
2 1 1 1 1 1 1 1 1 1
1 0 0 0 0 0 0 0 1 1
1 1 1 1 1 1 1 1 1 1
1 1 1 0 0 0 0 0 1 1
1 1 1 0 0 0 0 0 1 1
1 1 1 0 0 0 0 0 1 1
1 1 1 0 0 0 0 0 1 1
1 1 1 1 1 1 1 1 1 1
0 1 1 1 1 1 1 1 1 0
Maze 178
83 81 2.8163265306 2.0588641838 21 0.364059678819599
42 36 37 5 1 66 15 7 66 3 11 83 71 94 12 42
32 400 35 400 61 65 5 6 63 1 81 81 91 92 400
402 400 401 400 401 401 402 402 401 402 401 401 401 401 400
1 1 1 1 1 1 1 0 0 0
1 1 1 0 1 1 0 0 0 0
1 1 1 0 1 1 0 0 0 0
1 1 1 1 1 1 1 0 0 0
1 2 1 0 1 1 0 0 0 0
1 1 1 0 1 1 0 0 0 0
1 1 1 1 1 1 0 0 0 0
1 1 0 0 0 0 0 0 0 0
1 1 1 0 0 0 0 0 0 0
1 1 1 1 0 0 0 0 0 0
Maze 179
101 1085 3.4000000000 2.0846340683 71 0.394949862685173
69 41 75 16 44 96 3 76 43 68 90 86 23 46 87 69
61 71 15 14 94 93 73 73 63 88 400 83 43 86 67
401 401 402 402 401 401 401 401 401 401 400 401 401 401 402
0 0 1 0 0 0 0 0 0 0
0 0 1 1 1 1 0 0 0 0
0 0 1 1 1 0 0 0 0 0
0 0 1 1 1 0 0 0 0 0
1 0 1 1 1 1 0 0 0 0
1 0 1 1 1 1 0 0 0 0
1 1 1 1 1 1 1 1 2 0
1 1 1 1 1 1 1 1 0 0
0 0 1 1 1 1 1 1 1 1
0 0 1 1 1 1 0 0 0 0
Maze 180
75 40 2.8750000000 2.1609643088 35 0.371616144717116
23 46 67 40 28 96 89 56 40 79 100 48 41 81 82 23
43 66 37 38 26 86 86 36 39 99 98 400 400 400 22
401 401 402 401 402 402 401 402 402 401 401 400 400 400 402
0 0 0 0 0 0 0 0 0 0
0 0 0 0 0 0 0 0 0 0
0 1 2 0 0 1 1 1 0 0
0 1 1 0 0 1 1 1 1 1
1 1 1 1 1 1 1 1 1 0
1 1 0 0 0 1 1 1 1 0
1 1 0 0 0 1 1 1 1 0
1 1 0 0 0 1 0 1 1 0
1 1 0 0 0 1 1 1 1 0
0 0 0 0 0 1 0 1 1 1
Maze 181
85 24 2.9787234043 2.0028475083 56 0.393879661622123
76 40 34 52 22 11 87 88 47 21 40 21 2 12 6 76
36 400 32 400 21 81 400 87 41 31 31 1 400 2 400
402 400 402 400 401 401 400 401 401 401 401 402 400 402 400
1 1 1 1 1 1 0 0 0 0
1 1 0 0 0 1 0 0 0 0
1 1 0 0 0 1 0 0 0 0
1 1 1 1 1 1 1 1 1 1
1 1 1 1 1 1 1 0 0 0
1 1 0 0 0 1 1 0 0 0
1 0 0 0 0 1 1 0 0 0
1 0 0 0 0 2 1 0 0 0
1 1 1 1 1 1 1 1 0 0
0 0 0 0 0 0 0 0 0 0
Maze 182
85 52 3.1372549020 2.2286107981 45 0.383897216358785
36 59 28 18 9 85 30 100 79 47 48 77 58 4 79 36
56 58 400 8 5 25 400 99 77 400 47 57 54 74 76
401 401 400 402 402 402 400 401 401 400 402 402 401 401 401
0 0 0 1 1 1 1 1 1 0
0 0 0 1 1 0 0 1 0 0
0 0 0 1 1 1 1 1 1 1
0 0 0 1 1 2 0 1 0 1
0 0 0 1 1 1 1 1 0 1
0 0 0 1 1 1 1 1 1 1
0 0 0 1 1 1 1 0 0 1
0 0 0 1 1 1 1 1 1 1
0 0 0 0 1 0 0 0 1 1
0 0 0 0 0 0 0 0 1 1
Maze 183
83 31 3.1600000000 2.2277784588 20 0.387920543620737
31 54 8 30 22 100 72 72 24 14 26 33 37 47 73 31
51 4 28 400 92 92 400 22 400 24 23 400 400 43 71
401 402 401 400 401 401 400 402 400 401 402 400 400 402 401
0 0 0 1 1 1 1 1 0 0
0 0 0 1 0 0 0 1 0 0
0 1 1 1 1 1 1 1 1 1
2 1 1 1 1 1 1 0 0 0
1 1 1 1 1 1 1 0 0 0
1 1 1 1 0 0 0 0 0 0
1 1 1 0 0 0 0 0 0 0
1 1 1 0 0 0 0 0 0 0
0 1 0 0 0 0 0 0 0 0
0 1 1 1 1 1 1 1 1 1
Maze 184
101 309 2.9454545455 1.8600868373 50 0.370534359250943
86 76 29 83 87 30 21 64 46 68 4 23 97 54 90 86
400 26 23 400 27 400 61 44 66 64 3 93 94 84 400
400 402 402 400 402 400 401 402 401 401 402 401 401 401 400
0 0 1 1 0 0 0 0 0 0
0 0 1 1 0 0 0 0 0 0
1 1 1 1 1 1 1 1 1 1
1 0 1 1 0 1 1 0 0 0
1 0 1 1 1 1 1 0 0 0
1 0 1 1 0 1 1 0 0 0
1 1 1 1 1 1 1 1 0 0
0 0 1 1 0 1 1 0 0 0
0 0 1 1 1 2 1 1 1 1
0 0 1 1 1 1 1 0 0 0
Maze 185
105 37 3.6734693878 2.0242121464 66 0.398119116574444
13 28 61 11 98 66 95 28 18 12 17 96 7 43 6 13
23 21 400 91 96 65 25 400 400 400 16 6 3 3 3
401 402 400 401 401 402 402 400 400 400 402 402 402 402 402
0 0 1 1 1 1 1 0 0 0
1 1 2 1 1 1 1 1 0 0
1 1 1 1 1 1 1 1 0 0
1 0 1 0 1 1 0 0 0 0
1 0 1 0 1 1 0 0 0 0
1 0 0 0 1 1 0 0 0 0
1 0 0 0 1 1 0 0 0 0
1 0 0 0 1 1 0 0 0 0
1 0 0 0 1 1 0 0 0 0
1 1 1 1 1 1 1 1 0 0
Maze 186
107 296 3.7083333333 2.0685826813 89 0.388767315418611
3 33 31 13 71 69 22 3 53 27 51 84 91 29 96 3
400 400 11 11 61 62 2 400 23 21 81 81 21 26 93
400 400 402 402 402 401 402 400 402 402 401 402 402 402 401
0 1 2 0 0 0 0 0 0 0
1 1 1 0 0 0 0 0 0 0
1 1 1 1 1 1 1 1 1 0
1 1 1 0 0 1 0 0 0 0
1 1 1 0 0 1 0 0 0 0
1 1 1 0 0 1 0 0 0 0
1 1 1 1 1 1 1 1 1 0
1 0 1 0 0 1 0 0 0 0
1 1 1 1 0 1 0 0 0 0
1 0 1 1 1 1 0 0 0 0
Maze 187
103 10 3.3913043478 1.8128527293 44 0.405190767544746
20 28 52 22 16 1 54 81 41 78 57 69 12 28 72 20
18 22 400 12 11 51 51 400 71 77 67 62 22 22 12
402 402 400 402 401 401 402 400 401 401 401 401 401 402 402
1 0 0 0 0 0 0 0 0 0
1 1 1 1 1 1 1 1 1 2
1 1 1 1 1 1 1 1 0 0
1 1 0 0 0 0 0 0 0 0
1 1 0 0 0 0 0 0 0 0
1 1 1 1 0 0 1 0 0 0
1 1 1 1 1 1 1 1 1 0
1 1 1 1 1 1 1 1 0 0
1 0 0 0 0 0 0 0 0 0
0 0 0 0 0 0 0 0 0 0
Maze 188
111 15 3.6000000000 1.7483994631 81 0.394613561092669
47 15 16 42 65 16 2 74 70 82 90 72 97 2 94 47
45 400 12 62 15 12 72 64 62 400 82 92 92 92 44
401 400 402 401 402 401 401 402 402 400 401 401 401 401 402
0 1 0 0 0 0 0 0 0 0
0 1 1 1 1 1 0 0 0 0
0 1 0 0 1 0 0 0 0 0
0 1 0 0 1 0 0 0 0 0
0 1 0 1 1 1 2 0 0 0
0 1 0 1 1 0 0 0 0 0
0 1 1 1 1 1 1 1 1 1
0 1 1 1 0 0 0 0 0 0
0 1 1 1 1 1 1 1 1 1
0 1 1 1 1 1 1 0 0 0
Maze 189
103 192 3.6000000000 2.0713505547 77 0.381332900410254
22 48 80 22 67 96 79 48 27 16 28 84 70 53 98 22
42 78 72 62 66 76 78 47 26 26 24 64 63 93 92
401 401 401 401 402 402 401 401 401 401 402 402 401 401 401
0 0 0 0 0 0 0 0 0 0
0 0 0 0 0 1 0 0 0 0
0 2 0 1 1 1 1 1 0 0
0 1 0 1 0 0 1 0 0 0
0 1 1 1 1 1 1 1 0 0
0 1 1 1 0 0 0 1 0 0
0 1 1 1 1 1 1 1 1 1
0 1 1 1 1 1 1 1 1 1
0 1 1 1 0 1 0 0 0 0
0 1 1 1 1 1 1 1 0 0
Maze 190
83 24 4.0000000000 1.9943199809 26 0.381848622852556
96 8 57 77 29 76 49 24 35 55 66 35 84 40 76 96
6 7 400 27 26 46 44 34 400 65 65 34 34 36 400
402 402 400 402 402 402 401 401 400 401 401 402 402 402 400
0 0 0 0 0 1 1 1 0 0
0 0 0 0 0 1 1 0 0 0
0 0 0 1 0 1 1 1 1 0
0 0 0 1 1 1 1 1 1 1
0 0 0 1 1 1 1 1 1 0
0 0 0 1 1 1 1 0 0 0
0 0 0 1 1 1 1 0 0 0
0 0 0 1 0 1 1 0 0 0
0 0 0 1 0 1 0 0 0 0
0 0 0 0 0 2 0 0 0 0
Maze 191
85 155 3.2000000000 1.9562299112 41 0.392742483544985
67 73 18 4 4 94 88 67 35 33 16 6 99 37 13 67
63 13 14 400 400 84 87 65 400 13 400 96 97 33 63
402 402 401 400 400 402 401 401 400 402 400 401 401 401 401
0 0 0 1 0 1 0 0 0 0
0 0 1 1 1 1 1 1 0 0
0 0 1 1 0 1 0 0 0 0
0 0 1 1 1 1 1 0 0 0
0 0 1 1 1 1 1 0 0 0
0 0 1 1 1 1 1 0 0 0
0 0 1 1 1 1 2 0 0 0
0 0 1 1 0 1 1 0 0 0
0 0 0 1 1 1 1 1 0 0
0 0 0 1 0 1 1 1 1 0
Maze 192
131 1029 3.5238095238 2.1029821343 201 0.402623742418325
4 39 77 1 39 71 19 99 90 61 85 69 95 5 95 4
34 37 71 31 31 11 400 89 81 81 65 65 400 400 94
401 402 401 401 402 402 400 402 401 401 402 402 400 400 401
1 0 0 2 1 0 0 0 0 0
1 1 1 1 1 1 1 1 1 0
1 0 0 1 1 0 0 0 1 0
1 1 1 1 1 1 1 1 1 0
1 0 0 1 1 0 1 0 1 0
1 0 0 1 1 0 1 0 1 0
1 0 0 1 1 1 1 1 1 0
1 1 1 1 1 1 1 0 1 0
1 1 1 1 1 1 1 1 1 1
0 0 0 1 1 0 0 0 1 0
Maze 193
109 544 3.0645161290 2.2641973290 91 0.374393058954157
60 99 26 43 48 71 30 10 27 39 1 81 17 45 23 60
59 96 23 400 41 21 400 7 37 31 400 11 15 43 53
402 401 402 400 402 402 400 402 401 401 400 402 402 401 401
1 0 0 0 0 0 1 1 1 1
1 1 1 1 1 1 1 0 0 1
1 1 1 1 1 1 1 1 1 1
1 1 1 1 1 1 1 1 1 0
1 1 1 1 1 1 1 1 0 0
1 0 1 1 1 1 1 1 1 2
1 0 0 0 0 1 0 0 1 0
1 0 0 0 0 1 0 0 1 0
1 0 0 0 0 1 0 0 1 0
0 0 0 0 0 1 1 1 1 0
Maze 194
95 102 3.3333333333 1.9857456601 70 0.369842626641187
88 58 6 34 73 48 88 18 88 15 84 15 73 96 73 88
400 56 4 33 43 400 400 400 85 14 14 13 93 93 83
400 401 402 402 402 400 400 400 401 402 402 402 401 401 401
0 0 0 1 1 1 0 0 0 0
0 0 1 1 1 1 0 1 0 0
0 0 1 1 1 1 0 1 0 0
0 0 1 1 1 1 0 1 0 0
0 0 1 1 1 1 1 1 0 0
0 0 1 1 1 1 1 1 0 0
0 0 1 1 1 0 0 1 0 0
0 0 1 1 1 0 0 1 0 0
0 0 1 1 1 1 1 2 0 0
0 0 1 1 1 1 0 0 0 0
Maze 195
93 74 3.0370370370 2.1675701093 45 0.390102691033140
51 19 10 96 95 32 64 16 76 13 96 66 49 66 54 51
11 9 6 400 92 62 14 400 73 93 400 46 46 64 400
402 402 402 400 401 401 402 400 401 401 400 402 402 401 400
0 0 0 0 0 1 1 1 1 1
1 1 1 1 1 1 1 1 1 0
1 0 1 1 0 1 0 0 0 0
1 1 1 1 0 1 0 0 0 0
1 1 1 1 0 1 1 1 1 0
2 1 1 1 0 1 0 0 0 0
0 1 1 1 1 1 0 0 0 0
0 1 1 1 1 1 0 0 0 0
0 1 1 0 0 1 0 0 0 0
0 1 1 1 1 1 0 0 0 0
Maze 196
89 64 3.1600000000 2.1525993444 56 0.407883253852382
48 78 57 12 58 81 72 97 97 96 81 46 69 71 16 48
400 77 52 52 51 71 92 400 400 91 41 66 61 11 46
400 401 401 401 402 402 401 400 400 401 402 401 402 402 401
0 0 0 0 0 0 0 0 0 0
1 1 1 1 1 1 0 0 0 0
1 1 0 0 0 1 0 0 0 0
1 1 0 0 0 1 0 0 0 0
1 1 1 1 1 1 1 2 0 0
1 1 1 1 1 1 1 1 0 0
1 1 1 1 1 1 1 1 1 0
1 1 0 0 0 0 1 1 0 0
1 1 0 0 0 0 0 0 0 0
1 1 1 1 1 1 1 0 0 0
Maze 197
103 88 3.6078431373 2.0297752770 71 0.374871392816571
27 73 88 44 4 94 77 49 96 58 4 81 57 44 3 27
23 83 84 400 400 74 47 46 56 54 1 51 54 43 23
402 401 401 400 400 402 402 402 402 401 402 402 401 401 401
1 1 1 1 0 0 0 0 0 0
1 0 1 1 0 0 0 0 0 0
1 0 1 1 1 1 2 0 0 0
1 0 1 1 0 0 0 0 0 0
1 0 1 1 0 1 1 1 1 0
1 1 1 1 1 1 1 1 0 0
1 0 1 1 0 1 1 0 0 0
1 0 1 1 1 1 1 0 0 0
1 0 1 1 1 1 1 1 0 0
0 0 0 1 0 1 0 0 0 0
Maze 198
117 200 3.2187500000 2.2056667656 117 0.399830060627050
99 11 90 91 16 55 59 83 57 13 36 38 48 14 30 99
91 81 81 11 15 400 53 53 53 33 400 400 44 24 29
401 401 402 402 402 400 402 402 401 401 400 400 401 401 402
0 0 0 0 0 0 0 0 0 0
1 1 1 1 1 1 0 0 0 0
1 0 1 1 1 1 1 1 1 1
1 0 1 1 1 1 1 1 1 0
1 0 1 1 1 1 1 1 1 0
1 0 1 1 1 1 1 1 1 0
1 0 1 0 0 0 0 0 1 0
1 0 1 0 0 0 0 0 1 0
1 1 1 1 1 1 1 1 1 1
1 1 1 1 1 1 1 1 2 0
Maze 199
91 120 3.4893617021 2.1446459614 36 0.386991068299641
22 7 14 97 39 39 17 95 65 7 79 15 2 52 35 22
2 4 94 37 400 37 15 400 5 77 75 12 400 32 32
402 402 401 402 400 401 402 400 402 401 401 401 400 402 401
0 1 1 1 1 1 1 0 0 0
0 1 1 1 1 1 1 0 0 0
0 2 0 1 1 0 1 0 0 0
0 1 1 1 1 0 1 1 1 0
0 1 0 1 1 0 1 0 0 0
0 1 0 1 1 0 1 0 0 0
0 0 0 1 1 0 1 0 0 0
0 0 0 1 1 1 1 1 1 0
0 0 0 1 1 0 1 0 0 0
0 0 0 1 1 1 1 0 0 0
Maze 200
89 72 2.9433962264 2.1239033607 50 0.370854062222936
26 67 55 23 86 94 24 59 10 46 67 9 54 84 52 26
66 65 53 83 84 400 54 9 6 66 7 4 400 82 22
401 401 401 401 402 400 401 402 402 401 402 402 400 401 402
0 0 0 1 1 1 1 1 1 1
0 0 0 1 0 1 1 0 1 0
0 1 1 1 1 2 1 0 1 0
0 1 1 1 0 1 1 0 1 0
0 1 1 1 0 1 1 0 1 0
0 1 1 1 1 1 1 1 1 0
0 1 1 1 1 1 1 0 0 0
0 1 1 1 0 0 0 0 0 0
0 1 1 1 1 1 0 0 0 0
0 0 0 1 0 0 0 0 0 0
