numMazes: 200
mazeSize: 10
Maze 1
117 631 3.9166666667 1.9135831752 109 0.388400073647816
80 57 54 89 2 64 67 13 2 78 76 58 72 99 3 80
77 400 84 82 62 400 63 12 72 400 56 52 92 93 73
401 400 401 401 401 400 401 401 401 400 402 402 401 401 401
0 1 1 0 0 0 0 0 0 0
0 1 1 0 0 0 0 0 0 0
0 1 1 0 0 0 0 0 0 0
0 1 1 0 0 0 0 0 0 0
0 1 1 0 0 0 0 0 0 0
0 1 1 1 1 1 1 1 0 0
0 1 1 1 1 1 1 0 0 0
0 1 1 1 1 1 1 1 1 2
0 1 1 1 1 1 1 1 1 0
0 1 1 1 1 1 1 1 1 0
Maze 2
93 174 3.3333333333 1.9742544470 45 0.381087320875103
92 40 29 22 76 33 85 57 36 86 13 93 91 73 32 92
32 39 400 72 73 83 55 56 400 83 400 400 71 72 400
402 401 400 401 401 401 402 401 400 401 400 400 402 401 400
0 0 0 0 0 0 0 0 0 0
0 0 1 0 0 0 0 0 0 0
0 1 1 1 1 1 1 1 1 0
0 1 1 1 1 1 1 1 1 1
0 1 1 0 0 1 0 0 0 0
0 1 1 0 1 1 1 0 0 0
0 1 1 0 1 1 0 0 0 0
1 1 1 1 1 1 0 0 0 0
1 1 1 1 1 1 0 0 0 0
1 2 1 0 0 0 0 0 0 0
Maze 3
89 235 2.8965517241 2.2924673924 39 0.376769116173304
69 88 83 77 29 21 99 66 32 33 75 74 48 52 32 69
68 400 73 27 400 91 96 62 400 73 400 44 42 400 62
402 400 402 402 400 401 401 401 400 401 400 402 402 400 401
0 0 0 0 0 0 0 0 0 0
0 0 0 0 0 0 0 0 0 0
1 1 1 1 1 1 1 1 1 0
1 1 1 0 0 0 1 0 0 0
1 1 1 1 1 1 1 1 0 0
1 1 1 1 0 0 1 0 0 0
1 1 1 1 1 1 1 1 2 0
1 0 1 1 1 1 1 1 0 0
1 0 1 1 1 1 1 1 0 0
1 1 1 1 1 1 1 1 1 0
Maze 4
65 13 2.5306122449 2.3797289699 20 0.375215739901199
85 6 57 56 36 97 52 13 21 38 26 35 25 25 53 85
5 56 400 400 96 92 12 11 31 36 25 400 400 23 83
402 401 400 400 401 401 402 402 401 401 402 400 400 402 401
0 0 0 0 1 1 0 0 0 0
1 1 1 0 1 1 0 0 0 0
1 1 1 1 1 1 0 0 0 0
1 1 1 1 1 1 1 1 0 0
0 1 1 0 1 1 0 0 0 0
0 1 1 0 1 1 1 0 0 0
0 1 1 0 1 1 0 0 0 0
0 1 1 0 1 1 0 0 0 0
0 1 1 1 2 1 0 0 0 0
0 1 1 1 1 1 1 0 0 0
Maze 5
81 110 3.0980392157 2.2600651031 30 0.379200514977914
6 19 89 96 25 7 42 26 59 78 29 37 27 45 88 6
16 400 86 95 5 2 22 56 58 28 27 400 25 85 86
401 400 402 401 402 402 402 401 402 402 402 400 402 401 401
0 1 1 1 1 2 1 0 0 0
0 1 0 0 1 1 1 1 1 0
0 1 1 1 1 1 1 1 1 0
0 1 0 0 1 1 1 1 1 0
0 1 0 0 1 1 0 1 1 0
0 0 0 0 1 1 1 1 1 0
0 0 0 0 1 1 0 1 1 0
0 0 0 0 1 1 0 1 1 0
0 0 0 0 1 1 1 1 1 0
0 0 0 0 1 1 0 0 0 0
Maze 6
83 9 3.2727272727 2.0165392271 19 0.375114328886118
44 17 63 49 4 14 45 39 20 30 37 50 91 13 32 44
14 13 43 44 400 44 35 19 400 27 47 41 11 12 42
402 402 402 401 400 401 402 402 400 402 401 402 402 402 401
0 0 0 1 0 0 0 0 0 0
1 1 1 1 1 1 1 0 1 1
1 1 1 1 0 0 1 1 1 1
1 1 1 1 1 1 1 1 1 0
1 1 1 2 1 1 1 1 1 1
1 0 1 0 0 0 0 0 0 0
1 0 1 0 0 0 0 0 0 0
1 0 0 0 0 0 0 0 0 0
1 0 0 0 0 0 0 0 0 0
1 0 0 0 0 0 0 0 0 0
Maze 7
95 88 3.2000000000 2.2367571148 64 0.401862325219269
81 8 14 45 66 93 5 89 60 64 66 88 78 46 4 81
1 4 44 65 63 3 85 59 54 400 86 400 76 44 1
402 402 401 401 402 402 401 402 402 400 401 400 401 401 402
1 1 1 1 1 1 1 1 0 0
1 0 1 1 1 0 0 0 0 0
1 0 1 1 1 0 0 0 0 0
1 0 1 1 1 0 0 0 0 0
1 0 1 1 1 1 0 0 0 0
1 0 1 1 1 1 1 1 1 1
1 0 1 1 1 1 0 0 1 0
1 0 1 0 1 1 1 1 1 0
2 0 1 0 1 1 1 1 1 0
0 0 1 0 0 0 0 0 0 0
Maze 8
85 72 2.9361702128 2.0000000000 31 0.387745274433619
78 18 16 12 84 76 13 53 22 36 76 71 93 27 72 78
400 400 400 82 74 73 400 52 32 400 400 91 23 22 400
400 400 400 401 402 401 400 401 401 400 400 401 402 402 400
0 0 0 0 0 0 0 0 0 0
0 1 1 1 1 1 1 1 0 0
0 1 1 1 1 1 1 1 0 0
0 1 1 1 1 1 0 1 0 0
0 1 1 0 0 1 0 1 0 0
0 1 1 0 0 1 0 1 0 0
0 1 1 0 0 1 0 1 0 0
1 1 1 1 1 1 1 2 0 0
1 1 1 1 0 0 0 0 0 0
1 1 1 0 0 0 0 0 0 0
Maze 9
117 44 3.5686274510 1.8923838870 124 0.380500601803056
60 22 26 61 60 47 48 9 88 25 52 2 90 12 67 60
52 400 21 51 57 400 8 8 85 22 400 82 82 62 57
401 400 402 402 401 400 402 402 401 402 400 401 401 401 402
0 1 0 0 0 0 0 1 1 0
0 1 0 0 0 0 0 1 0 0
1 1 1 1 1 1 0 1 0 0
1 1 0 0 1 0 0 1 0 0
1 1 0 0 1 0 1 1 0 0
1 1 1 1 1 1 1 1 1 2
1 1 1 1 1 1 1 1 0 0
0 1 0 0 1 0 0 1 0 0
0 1 1 1 1 1 1 1 1 1
0 0 0 0 0 0 0 0 0 0
Maze 10
87 107 3.0526315789 2.3390125974 50 0.407873062079785
12 29 56 95 85 50 58 68 100 23 68 76 34 6 10 12
22 26 55 400 45 48 400 98 93 63 66 74 4 400 2
401 402 402 400 402 402 400 401 401 401 402 401 402 400 402
0 1 1 1 1 1 1 1 1 1
0 2 0 1 0 0 0 0 0 0
0 1 1 1 1 1 1 1 1 0
0 0 1 1 0 1 0 0 0 0
0 0 1 1 1 1 1 1 1 1
0 0 1 1 1 1 0 1 0 0
0 0 1 1 1 1 1 1 0 0
0 0 1 1 1 1 0 1 0 0
0 0 1 0 1 0 0 1 0 0
0 0 1 1 1 1 1 1 1 1
Maze 11
93 135 3.3061224490 2.0097305899 29 0.400706519188681
68 13 88 75 84 41 41 17 28 90 84 79 83 15 74 68
63 83 85 74 81 400 11 27 88 400 74 73 13 14 64
401 401 401 402 401 400 402 401 401 400 402 402 402 402 402
0 0 0 0 0 0 0 0 0 0
1 1 1 1 1 1 1 0 0 0
1 0 1 1 0 0 1 1 0 0
1 0 1 1 0 0 0 1 0 0
1 0 1 1 0 0 0 1 0 0
1 0 1 1 0 0 0 1 0 0
1 0 1 1 1 1 1 2 0 0
1 0 1 1 1 1 1 1 1 0
1 1 1 1 1 1 1 1 1 1
0 0 0 0 0 0 0 0 0 0
Maze 12
105 530 3.2413793103 2.2187711799 99 0.378994197074106
68 94 11 87 19 31 41 13 59 32 18 26 32 23 5 68
64 91 81 17 11 400 11 53 52 12 16 22 22 3 65
402 401 401 402 402 400 402 401 401 402 402 402 402 402 401
0 0 1 1 1 0 0 0 0 0
1 1 1 1 1 1 1 1 1 0
1 1 1 1 1 1 1 0 0 0
1 1 1 0 1 0 1 0 0 0
1 1 1 0 1 0 1 0 0 0
1 1 1 1 1 1 1 1 1 0
1 0 0 1 1 1 1 2 0 0
1 0 0 1 0 0 1 0 0 0
1 1 1 1 1 1 1 0 0 0
1 1 1 1 0 0 0 0 0 0
Maze 13
89 12 3.1153846154 2.1771102584 39 0.402406202537489
28 79 66 43 62 52 100 76 78 23 68 74 20 46 6 28
78 76 63 42 400 92 96 400 73 63 64 14 16 400 26
401 401 401 402 400 401 401 400 401 401 402 402 402 400 401
0 0 0 0 0 1 0 0 0 0
0 0 0 1 1 1 1 1 1 1
0 0 1 1 0 1 1 2 0 0
0 0 1 1 0 1 0 1 0 0
0 1 1 1 0 1 0 1 0 0
0 1 1 1 0 0 0 1 0 0
0 1 1 1 1 1 1 1 0 0
0 1 1 1 1 1 1 1 1 0
0 1 0 0 0 1 0 0 0 0
0 1 1 1 1 1 1 1 1 1
Maze 14
91 23 3.2156862745 2.1805203052 50 0.420524019558110
8 45 74 82 42 81 55 23 81 50 98 29 26 20 35 8
5 44 72 400 41 51 53 21 41 48 28 400 16 15 5
402 402 402 400 402 402 401 402 402 402 402 400 402 402 402
0 0 0 0 1 1 1 2 0 0
0 0 0 0 1 1 1 1 1 1
1 1 1 0 1 1 1 1 1 0
1 0 1 0 1 0 0 1 0 0
1 1 1 1 1 1 1 1 1 1
1 1 1 1 1 0 0 1 0 0
1 1 0 1 0 0 0 1 0 0
1 1 1 1 0 0 0 1 0 0
1 1 0 0 0 0 0 1 0 0
0 0 0 0 0 0 0 1 0 0
Maze 15
105 460 3.3684210526 2.2481381577 86 0.384115994476864
8 94 52 17 32 80 6 16 9 93 60 49 55 24 16 8
4 92 12 12 72 76 400 6 3 53 59 45 54 14 6
402 401 402 402 401 401 400 402 402 402 401 402 401 402 402
0 0 1 1 1 1 1 2 1 0
0 1 1 1 1 1 1 0 0 0
0 1 1 1 0 1 0 0 0 0
0 1 1 1 0 1 0 0 0 0
0 1 1 1 1 1 1 1 1 0
0 1 1 1 1 1 1 1 1 1
0 1 1 1 0 1 0 0 0 0
0 1 1 1 1 1 1 1 1 1
0 1 1 1 0 0 0 0 0 0
0 1 1 1 0 0 0 0 0 0
Maze 16
93 283 3.4117647059 2.0037220763 32 0.388693523721867
57 86 7 41 26 46 80 46 4 49 77 53 82 32 5 57
56 6 1 21 400 76 76 44 44 47 73 52 400 2 55
402 402 402 402 400 401 401 401 401 402 401 402 400 402 401
1 1 1 1 1 1 1 0 0 0
1 1 0 1 1 1 0 0 0 0
1 1 1 1 1 1 0 0 0 0
1 1 0 1 1 1 0 0 0 0
1 1 0 1 1 1 1 1 1 0
0 1 1 0 1 1 2 0 0 0
0 1 1 0 0 1 1 0 0 0
0 1 1 1 1 1 1 1 1 1
0 1 0 0 0 1 0 0 0 0
0 0 0 0 0 0 0 0 0 0
Maze 17
95 58 3.2830188679 2.1647742959 77 0.395641110058473
42 85 90 76 67 91 71 97 38 46 80 15 67 32 17 42
82 400 86 66 61 400 91 37 36 76 75 65 62 12 12
401 400 401 402 402 400 401 402 402 401 401 401 401 402 402
0 0 0 0 0 0 0 0 0 0
0 1 1 1 1 1 1 0 0 0
0 1 0 0 1 0 0 0 0 0
0 1 0 0 1 1 1 1 0 0
0 2 0 0 1 1 1 0 0 0
0 1 0 0 1 1 1 0 0 0
1 1 1 1 1 1 1 0 0 0
1 1 0 0 1 1 1 1 1 1
1 1 1 1 1 1 1 1 1 1
1 1 1 1 1 1 1 0 0 0
Maze 18
123 15 3.1864406780 1.8230988515 107 0.395456855077023
13 9 53 15 72 32 73 13 67 25 94 91 19 92 98 13
3 3 13 12 400 72 400 63 65 24 400 11 12 400 93
402 402 402 402 400 401 400 401 401 402 400 402 402 400 401
0 0 1 1 1 1 1 1 1 0
1 1 2 1 1 1 1 1 1 0
1 1 1 1 1 0 0 0 0 0
1 1 1 1 1 0 0 0 0 0
1 1 1 1 1 0 0 0 0 0
1 1 1 1 1 0 0 0 0 0
1 1 1 1 1 1 1 0 0 0
1 1 1 1 0 0 0 0 0 0
1 1 1 1 0 0 0 0 0 0
1 1 1 1 1 1 1 1 0 0
Maze 19
93 190 3.0740740741 2.1152672496 50 0.383717521984631
59 55 25 12 47 13 31 2 6 73 42 88 18 92 82 59
400 400 22 42 43 11 1 400 3 72 82 400 12 400 52
400 400 401 401 401 402 402 400 402 401 401 400 402 400 402
1 1 1 1 1 1 0 0 0 0
1 1 1 1 1 1 1 1 0 0
1 1 1 1 1 0 0 1 0 0
1 1 1 0 1 0 0 1 0 0
0 1 1 1 1 1 1 1 0 0
0 1 1 1 1 1 1 1 2 0
0 1 1 0 0 0 0 1 0 0
0 1 1 0 0 0 0 1 0 0
0 1 1 1 1 1 1 1 0 0
0 1 0 0 0 0 0 0 0 0
Maze 20
97 36 2.7164179104 2.3680745488 70 0.372363413851089
92 21 12 70 37 16 19 90 50 19 44 56 67 95 9 92
91 11 62 67 36 400 89 400 49 14 54 66 65 5 2
401 402 401 401 401 400 401 400 401 402 401 401 402 402 402
0 1 1 1 1 1 1 1 1 0
1 1 0 1 1 1 1 1 1 0
1 1 0 1 1 1 0 0 1 0
1 1 0 1 1 1 1 0 1 0
1 1 0 1 1 0 1 0 1 1
1 1 0 1 1 1 1 0 1 1
1 1 1 1 1 1 1 1 1 1
1 1 0 0 1 0 0 0 1 1
1 1 0 0 1 0 0 0 1 1
1 2 0 0 1 0 0 0 0 0
Maze 21
81 44 3.2272727273 2.0708638520 30 0.383314709073935
14 97 36 34 71 25 8 5 15 69 59 15 66 65 58 14
94 96 400 31 21 5 400 400 65 400 55 65 400 55 54
401 401 400 402 402 402 400 400 401 400 401 401 400 402 401
0 0 0 0 1 1 1 1 0 0
0 0 0 2 1 0 0 0 0 0
1 1 1 1 1 0 0 0 0 0
1 1 1 1 1 1 0 0 0 0
1 0 0 1 1 1 0 0 0 0
1 0 0 1 1 1 1 1 1 0
1 0 0 1 1 1 1 1 1 0
1 0 0 1 0 1 0 0 0 0
0 0 0 1 0 1 0 0 0 0
0 0 0 1 1 1 1 0 0 0
Maze 22
93 46 3.4594594595 1.7606830940 50 0.393461265546709
96 14 16 54 6 39 74 65 59 14 47 17 46 4 40 96
94 400 14 4 36 34 64 55 54 44 400 16 44 34 36
401 400 402 402 401 402 402 402 401 401 400 402 401 401 402
0 0 0 1 1 1 0 0 0 0
0 0 0 1 1 1 1 0 0 0
0 0 0 1 0 1 1 0 0 0
0 0 0 1 1 1 1 1 1 1
0 0 0 1 1 1 1 0 0 0
0 0 0 1 1 1 1 1 1 0
0 0 0 1 1 1 0 0 0 0
0 0 0 1 0 1 0 0 0 0
0 0 0 1 0 1 0 0 0 0
0 0 0 1 1 2 0 0 0 0
Maze 23
81 493 3.1250000000 2.1710669416 30 0.366624826412025
36 24 64 44 97 88 49 80 60 11 68 74 50 77 78 36
34 400 400 94 87 48 79 400 51 61 64 44 47 400 76
401 400 400 401 402 402 401 400 401 401 402 402 402 400 401
0 0 0 0 0 0 0 0 0 0
1 0 0 0 0 0 0 0 0 0
1 0 0 1 0 0 0 0 0 0
1 0 0 1 1 2 0 0 0 0
1 0 0 1 1 1 1 1 1 1
1 1 1 1 1 1 1 1 1 1
1 1 1 1 1 1 1 1 1 1
0 0 0 1 0 1 1 1 1 1
0 0 0 1 0 0 1 1 0 0
0 0 0 1 1 1 1 0 0 0
Maze 24
85 3 3.0000000000 2.2676108397 35 0.331165865825836
54 54 98 39 50 19 29 27 10 13 67 62 91 31 100 54
400 94 38 49 49 400 400 7 3 63 400 61 400 91 94
400 401 402 401 401 400 400 402 402 401 400 402 400 401 401
0 0 1 1 1 1 1 1 1 1
0 0 1 0 0 0 1 0 1 0
0 0 1 0 0 0 1 1 1 0
1 0 1 0 0 0 0 1 1 0
1 0 1 0 0 0 0 1 1 1
1 0 1 2 0 0 0 1 0 0
1 1 1 1 1 1 1 1 0 0
1 0 0 1 0 0 0 1 0 0
1 0 0 1 0 0 0 1 0 0
1 1 1 1 1 1 1 1 1 1
Maze 25
71 70 2.6530612245 2.2126389853 16 0.384726241403829
4 27 68 11 3 36 7 13 55 77 88 76 76 55 9 4
24 67 61 1 33 6 3 53 75 87 86 400 75 5 400
401 401 401 402 401 402 402 401 401 401 401 400 401 402 400
1 1 1 2 1 1 1 1 1 0
1 0 1 1 1 1 0 0 0 0
1 0 1 1 1 1 1 0 0 0
1 0 1 1 1 1 1 0 0 0
1 0 1 0 1 0 1 0 0 0
1 0 1 1 1 0 1 0 0 0
1 1 1 1 1 1 1 1 0 0
0 0 0 0 1 1 1 0 0 0
0 0 0 0 0 1 1 1 0 0
0 0 0 0 0 0 0 0 0 0
Maze 26
89 4 3.0000000000 1.8775470338 45 0.396392451471018
6 19 68 64 64 95 4 40 63 40 69 44 84 35 11 6
16 18 400 400 94 94 34 33 33 39 64 400 34 31 1
401 402 400 400 401 401 401 402 402 402 401 400 402 401 402
1 1 1 1 1 2 0 0 0 0
1 0 0 1 0 1 1 1 1 0
1 0 0 1 0 0 0 1 0 0
1 1 1 1 1 1 1 1 1 1
0 0 1 1 0 0 0 1 1 0
0 0 1 1 0 0 0 1 1 0
0 0 1 1 1 1 1 1 1 0
0 0 0 1 0 0 0 0 0 0
0 0 0 1 0 0 0 0 0 0
0 0 0 1 1 0 0 0 0 0
Maze 27
95 178 2.7457627119 2.0263695460 71 0.370924034788235
74 66 93 3 97 58 45 88 29 39 99 26 81 83 23 74
64 63 400 93 57 55 85 28 400 400 96 21 400 400 73
402 402 400 401 402 401 401 402 400 400 401 402 400 400 401
0 0 1 0 0 0 0 0 0 0
0 0 1 0 0 0 0 0 0 0
1 1 1 1 1 1 0 1 1 0
1 0 1 0 0 1 0 1 1 0
1 0 1 0 1 1 0 1 1 0
1 0 1 0 1 1 1 1 1 0
1 0 1 1 1 1 1 1 1 0
1 0 1 2 1 1 1 1 1 0
1 1 1 0 1 1 1 1 1 0
0 0 1 1 1 1 1 1 1 0
Maze 28
75 37 3.5000000000 2.1223874547 35 0.374364452446513
93 71 45 33 32 52 59 14 86 97 83 41 37 71 81 93
91 41 43 400 400 400 54 84 96 93 81 31 31 400 91
401 402 401 400 400 400 401 401 401 401 401 402 402 400 401
0 0 0 0 0 0 0 0 0 0
0 0 0 1 0 0 0 0 0 0
0 0 0 1 0 0 0 0 0 0
1 1 1 1 1 1 1 0 0 0
1 1 1 1 1 0 0 0 0 0
1 1 1 1 1 1 1 1 1 0
1 0 0 1 0 0 0 0 0 0
1 0 0 1 0 0 0 0 0 0
1 1 1 1 1 1 0 0 0 0
1 1 2 1 1 1 1 0 0 0
Maze 29
125 11728 3.4920634921 2.1644163541 180 0.401327319404270
46 51 27 73 6 91 12 77 19 74 66 61 40 30 11 46
41 21 23 3 1 11 72 17 14 64 400 31 400 21 41
402 402 402 402 402 402 401 402 402 402 400 402 400 401 401
1 1 1 1 1 1 0 0 0 0
1 1 1 1 1 1 1 1 1 0
1 1 1 1 1 1 1 1 1 1
1 1 1 1 1 1 1 1 1 1
1 1 1 1 1 2 1 0 0 0
1 1 1 1 0 0 1 0 0 0
1 1 1 1 1 1 1 0 0 0
1 1 1 1 1 1 1 0 0 0
1 0 0 0 0 0 0 0 0 0
1 0 0 0 0 0 0 0 0 0
Maze 30
65 7 2.9302325581 2.2390593531 10 0.401595315766788
61 45 91 52 25 26 30 17 27 89 58 79 44 44 73 61
41 41 51 22 400 400 27 400 87 88 78 74 400 43 71
402 402 402 402 400 400 401 400 401 401 401 401 400 402 401
0 0 0 0 0 0 0 0 0 0
0 0 0 0 0 0 1 0 0 0
0 1 1 1 1 1 1 1 1 1
0 1 0 0 0 0 1 0 0 0
1 1 1 1 1 0 1 0 0 0
1 1 1 1 0 0 1 1 0 0
2 0 1 1 0 0 1 1 0 0
1 1 1 1 1 1 1 1 1 0
1 0 0 0 0 0 1 1 1 0
1 0 0 0 0 0 0 0 0 0
Maze 31
93 177 2.5217391304 2.3620753006 45 0.381554416218751
81 97 55 6 16 31 89 100 80 77 92 70 59 16 9 81
91 95 5 400 11 81 99 400 400 72 62 69 56 6 1
401 401 402 400 402 401 401 400 400 402 402 401 401 402 402
1 1 1 1 1 1 1 1 1 0
1 1 1 1 1 1 0 0 0 0
1 0 0 0 1 1 0 0 0 0
1 0 0 0 1 1 0 0 0 0
1 0 0 0 1 1 0 0 0 0
1 0 0 0 1 1 1 1 1 0
1 1 1 1 1 1 1 1 1 1
1 1 1 1 1 1 1 1 1 1
2 1 1 1 1 1 1 1 1 1
1 1 1 1 1 1 1 0 1 1
Maze 32
79 268 2.7719298246 2.3207485712 35 0.378286879351442
19 3 78 40 70 64 56 26 6 54 37 59 41 11 24 19
13 73 38 400 400 54 400 400 4 34 57 51 400 21 14
401 401 402 400 400 402 400 400 402 402 401 401 400 401 402
0 0 1 1 1 1 0 0 0 0
1 0 1 1 1 1 1 1 2 0
1 1 1 1 0 1 0 0 0 0
1 0 1 1 1 1 1 1 1 1
1 0 1 1 0 1 1 1 0 1
1 1 1 1 1 1 1 1 1 1
0 0 1 1 1 1 1 1 1 1
0 0 1 1 1 1 1 1 0 0
0 0 0 0 0 0 0 0 0 0
0 0 0 0 0 0 0 0 0 0
Maze 33
99 84 3.0188679245 2.0640750970 42 0.389620862685007
39 42 45 45 57 39 61 23 4 81 61 16 99 28 1 39
32 400 400 55 37 31 21 3 1 400 11 96 98 21 31
402 400 400 401 402 402 402 402 402 400 402 401 401 401 401
1 1 1 1 0 0 0 0 0 0
1 1 1 1 1 1 0 0 0 0
1 1 1 1 1 1 1 1 0 0
1 1 1 1 1 1 1 1 2 0
1 1 1 1 1 1 1 1 0 0
1 0 0 0 1 1 1 1 0 0
1 0 0 0 0 1 0 1 0 0
1 0 0 0 0 1 0 1 0 0
1 0 0 0 0 1 0 1 0 0
0 0 0 0 0 1 1 1 1 0
Maze 34
91 333 2.8000000000 2.4301429583 56 0.402914676805388
21 5 48 25 84 75 2 44 73 96 71 30 80 77 36 21
1 45 45 24 74 72 42 43 93 91 21 400 400 76 31
402 401 401 402 402 401 401 402 401 401 402 400 400 401 401
1 1 1 1 1 0 0 0 0 0
1 1 0 0 1 0 0 0 0 0
2 1 1 1 1 1 1 1 1 1
1 1 1 1 1 1 0 0 0 1
1 1 1 1 1 1 1 1 0 1
1 1 1 1 0 1 0 0 0 1
1 1 1 1 0 1 0 0 0 1
1 1 1 1 1 1 1 1 1 1
1 0 1 1 0 0 0 0 0 0
1 1 1 1 1 1 0 0 0 0
Maze 35
99 5 3.2244897959 1.9306771692 42 0.370450000661685
79 71 85 98 98 22 53 75 32 3 10 92 37 78 46 79
400 81 95 400 92 52 73 72 2 400 2 32 77 76 76
400 401 401 400 401 401 401 401 402 400 402 402 401 401 401
0 1 1 1 1 1 1 1 1 1
0 1 0 0 0 0 0 0 0 0
0 1 0 0 0 0 0 0 0 0
0 1 1 1 1 1 1 0 0 0
0 1 0 0 0 1 1 0 0 0
0 1 1 0 0 1 1 0 0 0
0 1 1 0 0 1 1 0 0 0
1 1 1 1 1 1 1 1 2 0
1 1 1 1 1 0 0 0 0 0
0 1 1 1 1 1 1 1 0 0
Maze 36
79 164 3.0800000000 2.2810033881 30 0.386278675121207
87 47 44 28 17 82 83 91 96 18 55 36 58 63 49 87
400 400 24 27 12 400 81 400 16 15 35 56 53 43 47
400 400 402 401 402 400 402 400 402 402 402 401 402 402 402
0 0 0 0 0 0 0 0 0 0
0 1 1 1 1 1 1 1 0 0
0 1 0 1 1 1 1 1 0 0
0 1 0 1 1 1 0 0 0 0
0 1 1 1 1 1 1 1 1 0
0 1 1 1 1 1 1 1 0 0
0 1 1 0 0 1 1 0 0 0
0 1 0 0 0 1 1 0 0 0
1 1 1 0 0 1 2 0 0 0
1 1 1 1 1 1 0 0 0 0
Maze 37
101 229 2.7419354839 2.1453917411 77 0.369413733310327
12 94 79 66 28 82 98 7 11 63 47 30 64 84 32 12
92 74 76 26 22 92 97 1 61 43 27 24 400 82 400
401 402 401 402 402 401 401 402 401 402 402 402 400 401 400
1 1 1 1 1 1 1 0 0 0
1 2 0 0 0 0 1 0 0 0
1 1 1 1 1 1 1 1 1 1
1 1 0 1 0 1 1 0 0 0
1 1 1 1 1 1 1 0 0 0
1 1 1 1 0 1 1 0 0 0
1 1 1 1 0 1 1 0 0 0
0 1 0 1 1 1 1 1 1 0
0 1 1 1 0 0 1 0 0 0
0 1 1 1 1 1 1 1 0 0
Maze 38
119 362 3.4333333333 2.1157777844 102 0.382828231769061
1 60 57 51 100 49 35 2 49 83 58 24 90 35 43 1
51 400 400 91 99 45 32 42 43 53 54 84 85 33 41
401 400 400 401 401 401 401 401 402 402 401 401 401 402 401
2 1 0 0 0 0 0 0 0 0
1 1 0 0 0 0 0 0 0 0
1 1 0 1 0 0 0 0 0 0
1 1 1 1 1 0 0 0 0 0
1 1 1 1 1 1 1 1 1 0
1 1 1 1 1 1 1 1 1 1
1 0 1 1 1 0 0 0 1 0
1 0 1 1 1 0 0 0 1 0
1 0 1 1 1 1 1 1 1 1
1 1 1 1 1 1 1 1 1 1
Maze 39
87 205 3.3953488372 1.9760608746 50 0.381560081730847
64 14 38 82 46 61 81 55 56 5 31 23 35 40 21 64
400 34 32 42 41 400 51 400 55 1 21 33 400 31 61
400 401 402 402 402 400 402 400 401 402 402 401 400 401 401
1 1 1 1 1 0 0 0 0 0
1 0 0 1 1 0 0 0 0 0
1 1 1 1 1 0 0 0 0 0
1 1 1 1 1 1 1 1 1 1
1 1 1 1 1 1 0 0 0 0
1 1 1 1 1 1 0 0 0 0
1 1 1 2 0 0 0 0 0 0
1 1 0 0 0 0 0 0 0 0
1 1 0 0 0 0 0 0 0 0
0 0 0 0 0 0 0 0 0 0
Maze 40
115 542 3.3015873016 2.1592585377 126 0.404623575416409
55 10 82 14 93 80 76 69 53 98 15 40 48 94 92 55
5 2 12 13 73 400 66 63 93 95 35 38 44 400 52
402 402 402 402 402 400 402 401 401 401 401 402 402 400 402
0 1 1 1 1 1 1 1 1 1
0 1 1 1 1 0 0 0 0 0
0 1 1 0 1 0 0 0 0 0
0 1 1 0 1 1 1 1 1 1
0 1 1 1 1 1 1 1 0 0
0 1 1 1 2 0 0 0 0 0
0 1 1 1 1 1 1 1 1 0
0 1 1 1 1 1 1 1 1 1
0 1 1 1 1 0 0 0 0 0
0 1 1 1 1 1 1 1 0 0
Maze 41
103 29 2.6865671642 2.2217810464 60 0.396980383280698
63 22 15 78 26 15 73 21 98 46 76 7 78 10 8 63
62 12 75 76 25 13 71 91 96 400 6 77 8 400 3
401 402 401 401 401 402 401 401 401 400 402 401 402 400 402
0 0 1 1 1 1 1 1 1 1
0 1 1 1 1 1 1 1 0 0
1 1 1 0 1 1 1 1 0 0
1 1 1 0 1 1 1 1 0 0
1 1 1 0 1 1 1 1 0 0
1 1 1 0 1 1 1 1 0 0
1 1 2 0 1 1 1 1 0 0
1 1 1 0 1 1 1 1 0 0
1 0 0 0 0 1 0 0 0 0
1 1 1 1 1 1 1 1 0 0
Maze 42
97 24 3.0322580645 2.3599363106 70 0.381703996219810
8 18 50 80 24 59 37 57 21 30 42 96 82 65 31 8
400 48 400 74 54 57 400 51 400 22 92 92 62 61 1
400 401 400 401 401 401 400 401 400 402 401 401 402 401 402
1 1 1 1 1 1 1 2 0 0
1 0 0 0 0 0 0 1 0 0
1 1 1 1 1 1 1 1 1 1
1 1 0 1 0 0 1 1 0 0
1 1 0 1 0 0 1 1 1 1
1 1 1 1 1 1 1 1 1 1
1 1 1 1 1 0 0 0 0 1
0 1 0 1 1 1 1 1 1 1
0 1 0 0 0 0 0 0 0 0
0 1 1 1 1 1 0 0 0 0
Maze 43
133 42 3.5254237288 1.9741066069 123 0.387406590701505
84 79 52 19 93 59 89 21 83 85 71 9 72 78 41 84
74 72 12 13 53 400 81 81 400 81 1 2 400 71 81
402 401 402 402 402 400 401 401 400 401 402 402 400 401 401
1 1 1 1 1 1 1 1 1 0
1 1 1 1 1 1 1 1 1 0
1 1 1 0 0 0 0 0 0 0
1 1 1 0 0 0 0 0 0 0
1 1 1 0 0 0 0 0 0 0
1 1 1 1 1 1 1 1 1 0
1 1 1 0 0 0 0 0 1 0
1 1 1 1 1 1 1 1 1 0
1 1 1 2 1 1 1 1 1 0
0 0 1 0 0 0 0 0 0 0
Maze 44
81 122 2.9545454545 1.9437772714 35 0.367371867058505
43 68 47 50 75 64 63 49 25 37 81 84 94 50 88 43
63 67 400 45 74 400 43 45 35 31 400 400 44 48 83
401 401 400 402 401 400 402 401 401 402 400 400 402 402 401
0 0 0 0 0 0 0 0 0 0
0 0 0 0 0 0 0 0 0 0
0 0 0 0 1 0 0 0 0 0
1 1 1 1 1 1 1 0 0 0
1 0 2 1 1 1 1 1 1 1
1 0 1 1 1 0 1 1 0 0
1 0 1 1 1 1 1 1 0 0
1 0 1 1 1 0 0 1 0 0
1 1 1 1 1 1 1 1 0 0
0 0 0 1 0 0 0 0 0 0
Maze 45
101 66 3.1481481481 2.0778394245 84 0.390840167819557
94 7 88 66 60 24 75 56 99 99 29 94 23 30 59 94
4 87 86 56 54 74 55 96 400 400 24 93 400 29 54
402 401 401 402 401 401 402 401 400 400 402 401 400 402 402
0 0 0 1 1 1 1 0 0 0
0 0 0 1 0 0 1 0 0 0
0 0 1 1 1 1 1 1 1 1
0 0 1 1 0 0 1 0 1 0
0 0 1 1 0 0 1 0 1 0
0 0 1 1 1 1 1 1 1 1
0 0 1 1 1 1 1 0 1 0
0 0 1 1 1 1 1 0 1 0
0 0 1 1 0 1 1 1 1 0
0 0 1 2 0 1 1 1 1 0
Maze 46
81 3 3.0500000000 1.7670190695 30 0.394044945260835
98 32 67 69 62 96 61 52 54 62 95 32 35 27 89 98
92 62 400 400 92 91 51 400 52 92 92 400 25 87 88
401 401 400 400 401 401 402 400 402 401 401 400 402 401 402
0 0 0 0 0 0 0 0 0 0
0 0 0 0 0 0 0 0 0 0
0 0 0 0 1 1 1 0 0 0
0 1 1 1 1 0 1 0 0 0
0 1 0 0 0 0 1 0 0 0
1 1 1 1 0 0 1 0 0 0
1 1 1 1 1 1 1 1 1 0
1 1 0 0 0 0 1 0 0 0
1 1 0 0 0 0 1 1 1 0
1 1 1 1 1 1 1 2 0 0
Maze 47
93 336 2.7619047619 2.3023768884 39 0.370293974887516
58 78 13 68 29 13 13 40 5 43 32 54 100 20 55 58
400 73 63 28 23 400 33 35 3 42 52 94 400 15 400
400 401 401 402 401 400 401 401 402 401 401 401 400 402 400
0 0 1 1 1 0 0 0 0 0
0 0 1 0 1 1 1 1 1 1
0 0 1 1 1 1 1 1 1 1
0 1 1 1 1 1 1 1 1 1
0 1 1 0 1 0 0 1 0 1
0 1 1 1 1 1 1 2 0 1
0 0 1 1 1 1 1 1 0 1
0 0 1 1 1 1 1 1 0 1
0 0 0 1 0 0 0 0 0 1
0 0 0 1 1 1 1 1 1 1
Maze 48
111 327 3.5454545455 1.7983537335 80 0.384127188333556
17 24 27 72 15 62 72 39 7 9 73 18 72 14 75 17
14 400 22 12 12 400 32 37 400 3 13 12 12 74 15
402 400 402 402 402 400 402 401 400 402 402 402 402 401 402
0 0 1 1 1 1 1 1 1 0
0 1 1 1 1 1 2 1 0 0
0 1 1 1 1 1 1 0 0 0
0 1 1 1 1 1 1 1 1 0
0 1 1 1 1 0 0 0 0 0
0 1 1 1 1 0 0 0 0 0
0 1 1 1 1 0 0 0 0 0
0 1 1 1 1 0 0 0 0 0
0 0 0 0 0 0 0 0 0 0
0 0 0 0 0 0 0 0 0 0
Maze 49
127 22 3.6296296296 1.8842146398 135 0.379310724830512
22 65 23 40 92 51 28 13 10 52 64 2 65 23 80 22
62 63 33 32 91 21 23 3 2 62 62 62 63 73 72
401 401 401 402 401 402 401 402 402 401 401 401 401 401 401
0 1 1 1 1 1 1 1 1 1
0 1 1 0 0 0 0 0 0 0
1 2 1 1 1 1 1 1 0 0
1 1 1 1 1 1 1 1 1 1
1 1 1 0 0 0 0 0 0 0
1 1 1 0 0 0 0 0 0 0
1 1 1 1 1 0 0 0 0 0
1 1 1 1 1 1 1 1 1 1
1 1 0 0 0 0 0 0 0 0
1 1 0 0 0 0 0 0 0 0
Maze 50
87 35 3.1250000000 2.1047990871 50 0.362424707630301
46 44 97 36 70 30 22 68 77 51 74 84 27 74 48 46
400 94 96 66 400 400 62 67 71 71 400 24 24 44 400
400 401 401 401 400 400 401 402 401 401 400 402 402 402 400
0 0 0 0 0 0 0 0 0 0
0 0 0 0 0 0 0 0 0 0
0 1 1 1 1 1 1 1 1 1
0 1 0 1 0 1 0 0 0 1
0 1 0 1 1 2 1 1 0 1
1 1 0 1 0 1 0 0 0 1
1 1 1 1 1 1 1 1 1 1
1 1 1 1 1 1 1 0 0 0
0 0 0 1 0 1 0 0 0 0
0 0 0 1 1 1 1 0 0 0
Maze 51
93 169 3.2888888889 2.0643439482 45 0.374450875656094
82 50 64 1 4 44 37 61 57 16 16 81 51 36 71 82
42 44 61 400 400 34 31 51 56 400 11 400 31 31 81
402 402 401 400 400 402 402 402 401 400 402 400 402 402 401
1 1 1 1 0 0 0 0 0 0
1 1 1 1 1 1 0 0 0 0
1 0 0 1 0 1 0 0 0 0
1 1 1 1 1 1 1 0 0 0
1 1 1 1 1 1 1 1 1 1
1 1 1 1 1 1 1 0 0 0
1 1 1 1 0 0 0 0 0 0
1 1 0 0 0 0 0 0 0 0
1 2 0 0 0 0 0 0 0 0
0 0 0 0 0 0 0 0 0 0
Maze 52
97 110 2.8064516129 2.3071810962 46 0.385779912262459
4 75 88 100 23 11 72 45 65 9 29 74 11 40 15 4
74 85 98 93 21 71 42 400 5 400 24 71 31 35 14
401 401 401 401 401 401 402 400 402 400 402 401 401 401 401
0 0 0 2 1 1 1 1 1 0
1 0 0 1 1 0 0 0 1 0
1 1 1 1 1 1 1 1 1 0
1 1 1 1 1 1 1 1 1 1
1 1 1 1 1 0 0 0 0 0
1 1 1 1 1 0 0 0 0 0
1 1 1 1 1 0 0 0 0 0
1 1 1 1 1 0 0 0 0 0
0 0 1 0 1 1 1 1 0 0
0 0 1 1 1 1 1 1 1 1
Maze 53
83 255 3.0000000000 2.2475669626 22 0.387125019552837
62 93 65 53 25 87 42 47 9 50 36 63 8 7 5 62
92 63 63 23 85 82 400 7 49 46 33 3 400 400 2
401 402 401 402 401 401 400 402 401 401 402 402 400 400 402
0 1 1 1 1 1 1 1 1 0
0 1 1 0 0 0 1 0 1 0
0 1 1 1 1 0 1 0 1 0
0 1 1 1 1 1 1 0 1 0
0 1 1 1 1 1 1 1 1 1
0 1 1 0 1 0 0 0 0 0
0 2 1 1 1 0 0 0 0 0
0 1 1 0 1 0 0 0 0 0
0 1 1 1 1 1 1 0 0 0
0 1 1 0 0 0 0 0 0 0
Maze 54
93 69 3.4761904762 1.9744911536 45 0.367294414586798
72 21 53 76 85 28 34 53 27 62 23 93 2 21 78 72
71 51 73 75 25 24 33 23 22 22 400 92 1 71 400
401 401 401 402 402 402 402 402 402 402 400 401 402 401 400
1 1 0 0 0 0 0 0 0 0
1 1 0 0 0 0 0 0 0 0
1 1 1 1 1 1 1 1 0 0
1 1 1 1 1 0 0 0 0 0
1 1 1 0 1 0 0 0 0 0
1 1 1 0 1 0 0 0 0 0
1 1 1 0 1 0 0 0 0 0
1 2 1 1 1 1 1 1 0 0
0 1 1 0 1 0 0 0 0 0
0 1 1 0 0 0 0 0 0 0
Maze 55
91 45 3.0434782609 1.8915111435 40 0.380890603342520
55 76 18 62 64 38 62 61 61 76 10 37 63 92 38 55
75 16 12 400 34 32 400 400 71 6 7 33 62 32 35
401 402 402 400 402 402 400 400 401 402 402 402 402 402 402
0 0 0 0 0 1 1 1 1 1
0 1 1 1 1 1 1 1 0 0
0 1 0 0 0 1 1 0 0 0
0 1 1 1 1 1 1 1 0 0
0 1 1 1 1 1 0 0 0 0
0 1 1 1 2 1 0 0 0 0
1 1 1 1 1 1 0 0 0 0
1 1 1 1 1 1 0 0 0 0
0 1 0 0 0 0 0 0 0 0
0 1 0 0 0 0 0 0 0 0
Maze 56
95 15 2.9841269841 2.3261592018 65 0.399292455537339
53 14 9 42 48 92 85 84 25 74 94 80 20 79 17 53
13 4 2 400 42 82 400 24 24 400 74 400 19 77 13
402 402 402 400 402 402 400 402 402 400 402 400 402 401 402
0 1 1 1 1 1 1 1 1 0
0 1 1 1 1 1 1 0 1 1
0 1 1 1 1 0 1 0 1 1
0 1 1 1 0 0 1 0 1 1
0 1 1 1 1 1 1 1 1 1
0 1 2 1 0 0 1 0 1 1
0 1 0 1 0 0 1 0 1 1
0 1 0 1 1 1 1 1 1 1
0 1 1 1 1 0 0 0 0 0
0 1 0 1 0 0 0 0 0 0
Maze 57
85 24 3.5555555556 2.2451360554 33 0.368728821028424
86 31 75 13 72 46 9 46 54 35 35 22 84 67 94 86
81 71 73 12 42 6 6 44 34 400 32 82 64 64 84
401 401 401 402 402 402 402 402 402 400 401 401 402 402 402
0 0 0 0 0 1 1 1 1 0
0 1 1 0 0 1 0 0 0 0
0 1 1 0 0 1 0 0 0 0
1 1 1 1 1 1 0 0 0 0
1 1 1 1 1 1 0 0 0 0
1 1 1 1 0 0 0 0 0 0
1 1 1 1 1 1 1 0 0 0
1 1 1 1 1 0 0 0 0 0
1 1 1 1 1 2 0 0 0 0
0 0 0 1 0 0 0 0 0 0
Maze 58
115 1437 2.8405797101 2.0833756176 148 0.402298548012734
21 19 43 85 7 19 78 81 42 60 93 70 40 20 98 21
11 13 83 5 17 18 71 41 52 53 63 400 400 18 91
402 402 401 402 401 402 402 402 401 402 402 400 400 402 401
0 0 0 0 1 1 1 0 0 0
1 1 1 1 1 1 1 1 1 1
2 0 1 0 1 0 0 1 0 1
1 0 1 0 1 0 0 1 0 1
1 1 1 0 1 0 0 1 0 1
1 1 1 1 1 1 1 1 1 1
1 0 1 1 1 1 1 1 1 1
1 1 1 1 1 1 1 1 0 0
1 0 1 1 1 0 0 1 0 0
1 1 1 1 1 1 1 1 0 0
Maze 59
93 71 3.2000000000 1.9447890740 56 0.372050709042961
79 67 77 4 49 87 94 15 82 64 26 44 91 96 71 79
77 400 74 44 47 84 14 12 62 24 24 41 400 91 400
401 400 401 401 402 402 402 402 402 402 402 402 400 401 400
0 0 0 1 0 0 0 0 0 0
0 1 1 1 1 0 0 0 0 0
0 1 0 1 1 1 0 0 0 0
0 1 0 1 0 0 0 0 0 0
1 1 1 1 1 1 1 1 1 0
1 1 0 1 0 0 1 0 0 0
1 1 1 1 0 0 1 0 0 0
1 1 1 1 1 1 1 1 2 0
1 1 0 1 1 1 1 0 0 0
1 1 1 1 1 1 0 0 0 0
Maze 60
97 12 3.8000000000 1.9381130672 41 0.382275285629532
37 16 32 32 11 33 10 73 61 15 61 31 79 13 11 37
36 12 400 31 31 3 3 71 11 11 400 71 73 400 31
401 402 400 401 401 402 402 401 402 402 400 401 401 400 401
0 0 1 1 1 1 1 1 1 1
1 1 1 1 1 1 0 0 0 0
1 1 1 0 0 1 0 0 0 0
1 1 1 1 1 1 2 0 0 0
1 0 1 0 0 0 0 0 0 0
1 0 1 0 0 0 0 0 0 0
1 0 1 0 0 0 0 0 0 0
1 1 1 1 1 1 1 1 1 0
0 0 0 0 0 0 0 0 0 0
0 0 0 0 0 0 0 0 0 0
Maze 61
73 62 3.0000000000 2.1102166535 10 0.416253730672048
47 35 1 43 21 56 34 19 77 69 44 23 18 15 27 47
45 31 41 41 51 54 14 17 67 64 43 13 400 25 400
401 401 401 401 401 401 402 402 402 401 401 402 400 401 400
1 0 0 0 0 0 0 0 0 0
1 0 1 1 1 1 1 1 1 0
1 0 1 1 1 1 1 0 0 0
1 1 1 1 1 0 1 0 0 0
1 1 1 1 1 1 2 0 0 0
1 1 1 1 1 1 1 0 0 0
0 0 0 1 1 1 1 1 1 0
0 0 0 0 0 0 1 0 0 0
0 0 0 0 0 0 0 0 0 0
0 0 0 0 0 0 0 0 0 0
Maze 62
99 7964 3.3703703704 2.2126112110 49 0.383812757372554
95 24 42 100 96 26 23 79 68 41 56 68 72 24 39 95
94 22 92 400 400 400 73 78 61 51 66 62 22 34 35
401 402 401 400 400 400 401 401 401 401 401 402 402 401 402
0 0 0 0 0 0 0 0 0 0
0 0 0 0 0 0 0 0 0 0
0 1 1 1 1 1 0 0 0 0
0 1 1 1 1 1 1 1 1 0
1 1 1 1 1 1 0 0 0 0
1 1 1 1 1 1 0 0 0 0
1 1 1 1 1 1 1 1 0 0
0 1 1 1 1 1 1 1 1 0
0 1 0 1 1 1 0 0 0 0
0 1 1 1 2 1 1 1 1 1
Maze 63
81 18 3.0196078431 2.2277784588 30 0.381317947708923
27 37 40 17 83 38 69 89 38 64 15 8 20 65 87 27
400 400 37 13 33 68 400 88 34 14 5 18 15 85 400
400 400 401 402 402 401 400 401 402 402 402 401 402 401 400
0 0 0 0 1 1 1 1 0 0
0 0 1 1 1 1 1 1 1 1
0 0 1 1 1 0 2 0 0 0
0 0 1 1 1 1 1 1 1 1
0 0 1 1 1 0 1 1 0 0
0 0 1 1 1 0 1 1 0 0
0 0 1 1 1 0 1 1 1 0
0 0 1 0 1 0 1 1 1 0
0 0 1 0 1 1 1 1 1 0
0 0 0 0 0 0 0 0 0 0
Maze 64
83 13 2.8461538462 2.0871934166 35 0.373180222247807
77 97 40 15 4 27 29 67 73 67 83 51 2 59 18 77
400 37 35 14 24 400 27 63 63 63 81 1 52 58 17
400 402 401 401 401 400 402 402 402 402 401 402 401 401 402
1 1 0 1 0 0 0 0 0 0
1 1 0 1 1 0 1 1 0 0
1 1 0 1 1 1 1 1 1 0
1 1 0 0 1 1 1 1 1 1
1 1 0 0 0 0 1 1 0 0
1 1 1 1 1 1 1 1 1 0
1 0 1 1 1 1 1 0 0 0
1 0 1 0 0 0 2 0 0 0
1 1 1 0 0 0 1 0 0 0
0 0 0 0 0 0 1 0 0 0
Maze 65
117 102 3.2758620690 1.9698620751 102 0.400458797341069
51 80 23 77 40 80 75 43 90 26 85 30 57 63 15 51
71 73 73 37 400 400 73 83 86 25 25 27 53 13 11
401 401 401 402 400 400 401 401 401 402 402 402 402 402 402
0 0 0 0 0 0 0 0 0 0
1 1 1 1 1 0 0 0 0 0
1 0 1 0 1 1 1 1 1 1
1 0 1 0 1 1 1 1 1 1
1 0 1 0 1 1 1 0 0 1
2 0 1 1 1 1 1 0 0 1
1 0 1 0 1 1 1 0 0 1
1 1 1 1 1 1 1 1 1 1
0 0 1 1 1 1 1 1 1 1
0 0 0 0 0 0 0 0 0 0
Maze 66
115 49 3.7083333333 1.8886861245 156 0.384252602383602
78 46 62 1 75 23 29 73 37 82 13 49 55 63 11 78
76 42 61 71 73 400 23 33 32 12 43 45 53 61 71
401 402 401 401 401 400 402 402 402 402 401 402 402 401 401
1 0 0 0 0 0 0 0 0 0
1 1 1 0 0 0 0 0 0 0
1 1 1 1 1 1 1 1 1 0
1 1 1 1 1 1 1 0 0 0
1 1 1 1 1 1 1 1 1 0
1 1 1 1 1 1 0 0 0 0
1 1 1 0 0 1 0 0 0 0
1 1 1 1 1 1 1 2 0 0
0 1 0 0 0 0 0 0 0 0
0 0 0 0 0 0 0 0 0 0
Maze 67
99 568 3.0153846154 2.3530959993 77 0.395405619376437
60 64 93 6 71 86 40 39 29 46 97 35 94 21 30 60
54 63 3 1 81 36 400 400 26 96 95 34 91 400 400
402 402 402 402 401 402 400 400 402 401 401 402 401 400 400
1 1 1 1 1 1 0 0 0 0
1 0 1 0 0 0 0 0 0 0
1 1 1 1 1 1 1 1 1 1
1 0 1 1 1 1 1 1 1 1
1 0 1 1 1 1 0 0 0 1
1 0 1 1 1 1 1 1 1 2
1 0 1 1 1 1 0 0 0 0
1 0 1 1 1 1 0 0 0 0
1 1 1 1 1 1 0 0 0 0
1 1 1 1 1 1 1 0 0 0
Maze 68
87 17 3.5121951220 1.8750000000 45 0.391723403732331
55 25 46 38 23 50 71 36 33 8 18 85 16 18 13 55
400 45 36 33 43 41 31 400 3 400 15 15 400 400 53
400 401 402 401 401 402 402 400 402 400 402 402 400 400 401
0 0 1 1 1 1 1 1 0 0
0 0 1 1 1 1 1 1 0 0
0 0 1 0 1 0 0 0 0 0
1 1 1 1 1 1 1 1 0 0
1 1 1 1 1 1 1 1 1 1
1 0 1 1 2 0 0 0 0 0
1 0 0 0 1 0 0 0 0 0
1 0 0 0 1 0 0 0 0 0
0 0 0 0 1 0 0 0 0 0
0 0 0 0 0 0 0 0 0 0
Maze 69
129 60 3.5757575758 2.1518863235 159 0.386347042426336
18 42 100 12 28 63 8 55 70 27 98 1 1 42 75 18
12 92 92 22 23 3 5 65 67 97 91 400 41 72 15
402 401 401 401 402 402 402 401 401 401 401 400 401 401 402
1 0 1 1 1 1 1 1 0 0
1 1 1 1 1 1 1 2 0 0
1 1 1 1 1 1 1 1 0 0
1 1 1 0 1 0 1 0 0 0
1 1 1 0 1 0 1 0 0 0
1 1 1 0 1 0 1 0 0 0
1 1 1 0 1 1 1 1 1 1
1 1 1 1 1 0 1 0 0 0
1 1 0 0 0 0 1 0 0 0
1 1 1 1 1 1 1 1 1 1
Maze 70
103 78 3.0909090909 2.0658832909 59 0.381341414999994
29 92 100 43 47 5 89 13 24 44 98 84 89 69 99 29
22 400 93 400 45 85 83 23 400 94 94 400 400 400 400
402 400 401 400 401 401 401 401 400 401 401 400 400 400 400
0 0 0 0 1 0 0 0 0 0
0 0 1 0 1 0 0 0 0 0
0 1 1 1 1 1 1 1 2 0
0 1 1 1 1 0 0 0 1 0
0 1 1 1 1 1 1 0 1 0
0 1 1 1 1 0 0 0 1 0
0 1 1 1 1 0 0 0 1 0
0 1 1 1 1 0 0 0 1 0
0 1 1 1 1 1 1 1 1 0
0 1 1 1 1 1 1 1 1 1
Maze 71
83 216 3.5555555556 2.1968652086 21 0.392798044706349
13 46 17 44 81 22 62 59 2 21 14 67 69 62 63 13
43 16 14 41 21 400 52 52 1 11 64 400 400 400 400
401 402 402 402 402 400 402 401 402 402 401 400 400 400 400
1 1 0 0 0 0 0 0 0 0
1 1 2 1 1 1 1 0 0 0
1 1 1 1 0 1 0 0 0 0
1 1 1 1 0 1 0 0 0 0
1 1 1 1 1 1 0 0 0 0
1 1 1 1 1 1 1 1 1 0
1 1 1 1 1 1 1 1 1 0
1 0 0 0 0 0 0 0 0 0
1 0 0 0 0 0 0 0 0 0
0 0 0 0 0 0 0 0 0 0
Maze 72
123 177 3.4230769231 1.8914406761 107 0.392932344103698
4 68 81 68 83 61 16 90 3 43 15 72 16 84 2 4
64 61 61 63 81 11 86 83 400 13 12 12 14 82 400
401 402 402 402 401 402 401 401 400 402 402 402 402 401 400
0 1 1 2 0 0 0 0 0 0
1 1 1 1 1 1 0 0 0 0
1 1 1 1 0 1 0 0 0 0
1 1 1 1 0 1 0 0 0 0
1 1 1 1 0 1 0 0 0 0
1 1 1 1 0 1 0 0 0 0
1 1 1 1 1 1 1 1 0 0
1 1 1 1 0 1 0 0 0 0
1 1 1 1 1 1 1 1 1 1
0 0 0 0 0 0 0 0 0 0
Maze 73
91 3 2.7659574468 1.7812024718 36 0.365502034211617
13 90 89 4 33 4 81 86 57 76 90 56 88 92 12 13
83 400 84 3 3 1 400 56 56 86 86 86 82 400 400
401 400 401 402 402 402 400 402 402 401 401 401 402 400 400
1 1 1 1 0 0 0 0 0 0
1 1 2 1 0 0 0 0 0 0
1 1 1 1 0 0 0 0 0 0
1 1 1 1 0 0 0 0 0 0
1 1 1 1 0 0 0 0 0 0
1 1 1 1 0 1 1 0 0 0
1 1 1 1 0 1 0 0 0 0
1 1 1 1 0 1 0 0 0 0
1 1 1 1 1 1 1 1 1 1
0 1 0 0 0 0 0 0 0 0
Maze 74
91 60 3.1555555556 1.9096162670 36 0.381322484407076
73 24 59 25 92 83 50 29 54 68 96 66 33 47 92 73
23 54 55 22 82 43 49 24 64 66 400 63 43 42 72
402 401 401 402 402 402 401 402 401 402 400 401 401 402 402
0 0 0 0 0 0 0 0 0 0
0 0 0 0 0 0 0 0 0 0
0 1 1 1 1 1 1 1 1 0
0 1 1 1 1 0 0 0 1 0
0 1 1 1 1 1 1 1 1 1
0 1 1 1 1 1 1 1 1 0
0 1 1 1 1 1 1 1 0 0
0 1 2 0 0 1 0 0 0 0
0 1 1 0 0 1 0 0 0 0
0 1 0 0 0 1 0 0 0 0
Maze 75
93 93 3.1272727273 2.2069336866 50 0.373804628466142
30 98 48 58 27 61 8 57 7 39 6 43 79 55 50 30
28 400 400 57 21 1 7 400 37 36 3 73 75 45 400
402 400 400 401 402 402 402 400 401 401 402 401 401 402 400
1 1 1 1 1 1 1 1 0 0
1 0 1 0 0 1 1 0 0 0
1 1 1 1 1 1 1 1 1 2
1 0 1 0 0 1 1 1 1 1
1 0 1 0 1 1 1 1 1 1
1 0 1 0 1 0 1 1 0 0
1 0 1 0 1 0 0 1 0 0
0 0 1 1 1 1 1 1 1 0
0 0 0 0 0 0 0 1 0 0
0 0 0 0 0 0 0 1 0 0
Maze 76
107 48 3.0877192982 1.9811992235 57 0.368733332497941
54 90 23 90 96 53 11 39 78 10 11 22 55 52 93 54
84 83 83 86 93 51 31 38 8 1 21 52 400 92 53
401 401 401 402 401 401 401 402 402 402 401 401 400 401 402
1 1 1 1 1 1 1 1 1 1
1 0 0 0 0 0 0 1 0 0
1 1 1 0 0 0 0 1 0 0
1 1 1 1 1 1 1 1 1 0
1 1 1 0 0 0 0 1 0 0
1 1 1 2 1 0 0 1 0 0
0 1 1 1 0 0 0 1 0 0
0 1 1 1 0 0 0 1 0 0
0 1 1 1 1 1 1 1 1 1
0 1 1 1 1 1 0 0 0 0
Maze 77
103 107 2.9508196721 2.1220051839 70 0.398054052093751
64 9 2 55 70 58 66 39 49 88 21 9 75 25 50 64
4 400 52 65 68 56 36 400 48 81 1 5 400 45 44
402 400 401 401 401 402 402 400 402 401 402 402 400 401 402
1 1 1 1 1 1 1 1 1 0
1 1 0 1 1 0 0 0 0 0
1 1 0 1 1 0 0 0 0 0
1 1 0 1 1 1 1 1 1 0
1 1 0 1 1 1 1 1 1 1
1 1 1 1 1 1 1 1 0 0
1 0 0 2 1 1 1 1 1 1
1 0 0 0 1 0 0 1 0 0
1 1 1 1 1 1 1 1 0 0
0 0 0 0 0 0 0 0 0 0
Maze 78
125 1569 3.6428571429 2.0522931505 116 0.390658561898080
66 61 30 41 57 50 21 70 34 30 45 5 1 62 10 66
400 21 21 51 47 41 61 64 24 25 400 400 61 2 6
400 402 402 401 402 401 401 401 402 402 400 400 401 402 402
1 1 1 1 1 1 1 1 1 1
1 1 0 0 1 1 0 0 0 0
1 1 1 1 1 1 1 1 1 1
1 1 0 1 1 1 0 0 0 0
1 1 1 1 1 1 1 1 1 1
1 1 1 1 1 1 1 0 0 0
1 1 1 1 1 2 1 1 1 1
0 0 0 0 0 0 0 0 0 0
0 0 0 0 0 0 0 0 0 0
0 0 0 0 0 0 0 0 0 0
Maze 79
79 53 2.6333333333 2.3880166457 35 0.387932765522715
68 29 28 23 51 73 94 9 76 89 99 60 32 55 38 68
28 400 400 21 71 93 4 6 86 400 59 52 52 35 400
402 400 400 402 401 401 402 402 401 400 402 401 401 402 400
0 0 0 1 1 1 1 1 1 0
0 0 0 1 0 1 0 0 0 0
1 1 1 1 1 1 1 1 1 0
1 1 0 1 1 1 1 1 0 0
1 1 0 1 1 1 0 1 0 0
1 1 1 1 1 1 1 1 1 1
1 0 0 1 0 1 0 2 1 0
1 1 1 1 0 1 0 0 1 0
0 0 1 1 0 1 1 1 1 0
0 0 1 1 0 0 0 0 1 0
Maze 80
107 65 2.9310344828 2.0340312028 86 0.404821976396076
89 4 51 16 30 65 89 93 29 86 75 57 88 75 28 89
84 1 11 26 25 85 83 23 26 85 55 87 85 25 88
401 402 402 401 402 401 402 402 402 401 402 401 401 402 401
1 1 1 1 0 0 0 0 0 0
1 1 1 1 1 1 0 0 0 0
1 0 1 1 1 1 1 1 1 1
1 0 1 1 1 1 0 1 0 0
1 0 1 1 1 1 0 1 0 0
1 0 1 1 1 1 1 1 0 0
0 0 1 1 1 1 1 1 0 0
0 0 1 1 1 1 1 1 0 0
0 0 1 1 1 1 1 1 2 0
0 0 1 0 0 0 0 0 0 0
Maze 81
107 527 3.1692307692 2.2777687567 92 0.400771399057415
24 59 22 72 45 68 81 3 13 99 20 59 58 36 90 24
54 52 400 42 65 61 1 400 93 19 19 400 56 86 84
401 401 400 402 401 402 402 400 401 402 402 400 401 401 401
1 1 1 0 0 0 0 0 0 0
1 0 1 0 0 0 0 0 1 1
1 1 1 2 0 0 0 0 1 0
1 1 1 1 0 1 0 0 1 0
1 1 1 1 1 1 0 0 1 0
1 1 1 1 1 1 1 1 1 0
1 1 1 1 1 1 1 1 1 0
1 1 1 1 0 1 0 0 1 0
1 0 1 1 1 1 1 1 1 1
0 0 1 1 1 1 1 1 1 0
Maze 82
115 25 3.0877192982 2.0284699731 112 0.389330281452173
81 94 92 1 48 66 19 80 21 28 43 28 73 46 7 81
91 400 91 41 46 16 79 71 400 23 23 23 43 6 1
401 400 401 401 402 402 401 401 400 402 402 402 402 402 402
1 1 1 1 1 1 1 0 0 0
1 0 0 0 0 1 1 1 1 0
1 1 1 1 1 1 1 1 1 0
1 0 1 0 0 1 0 0 1 0
1 1 1 1 1 1 1 1 1 0
1 0 1 0 0 1 0 0 1 0
1 0 1 0 0 1 0 0 1 0
1 1 1 1 1 1 1 1 1 1
2 0 0 0 0 0 0 0 0 0
1 1 1 1 0 0 0 0 0 0
Maze 83
101 25 3.4893617021 1.9698997141 84 0.391194408695297
26 30 84 92 94 76 98 12 55 22 69 5 56 92 56 26
400 24 82 400 74 96 92 52 52 62 65 55 52 52 400
400 402 402 400 402 401 401 401 401 401 401 401 402 402 400
0 0 0 0 1 0 0 0 0 0
0 1 0 0 1 0 0 0 0 0
0 1 0 1 1 2 1 1 1 1
0 1 0 1 1 1 0 0 0 0
0 1 0 1 1 1 0 0 0 0
0 1 1 1 1 1 0 0 0 0
0 1 1 1 1 1 1 1 1 0
0 1 0 1 1 1 0 0 0 0
0 1 1 1 0 1 0 0 0 0
0 1 1 1 1 1 1 1 0 0
Maze 84
89 23 3.1153846154 2.1290129965 39 0.393283861790081
17 47 92 68 73 22 56 12 3 49 78 11 31 45 45 17
400 42 62 63 72 52 52 2 43 48 71 400 41 400 15
400 402 402 402 401 401 401 402 401 402 401 400 401 400 402
0 1 1 0 0 0 0 0 0 0
1 1 1 0 1 1 2 0 0 0
1 1 1 0 1 0 1 0 0 0
1 1 1 0 1 0 1 0 0 0
1 1 1 1 1 1 1 1 1 0
1 1 1 1 1 1 0 1 0 0
1 1 1 1 1 1 1 1 0 0
1 1 1 1 1 1 1 1 0 0
0 1 0 0 0 0 0 0 0 0
0 1 0 0 0 0 0 0 0 0
Maze 85
93 71 3.1481481481 2.1705323067 50 0.393814278479266
7 66 25 47 90 57 98 14 70 83 21 11 37 44 5 7
6 65 45 87 87 97 94 64 63 81 400 31 34 4 400
402 401 401 401 401 401 401 401 402 401 400 401 402 402 400
0 0 0 1 1 1 2 0 0 0
1 0 0 1 0 1 0 0 0 0
1 0 0 1 1 1 0 0 0 0
1 1 1 1 1 1 1 0 0 0
1 0 0 1 1 1 1 0 0 0
1 0 0 1 1 1 1 0 0 0
1 0 1 1 1 1 1 1 1 1
1 0 1 1 0 0 1 0 0 0
1 1 1 1 0 0 1 1 1 1
0 0 0 1 1 1 1 1 0 0
Maze 86
87 55 3.2400000000 2.1976578704 50 0.410982905201478
29 17 10 68 65 33 66 71 42 85 50 23 30 87 68 29
27 7 8 400 63 63 61 41 82 45 43 400 27 67 28
401 402 402 400 401 401 402 402 401 402 401 400 402 402 402
0 0 0 0 0 0 1 1 1 1
0 0 0 0 0 0 1 1 0 0
0 0 1 1 1 1 1 1 2 1
0 0 1 0 0 0 1 1 0 0
1 1 1 1 1 1 1 1 1 1
1 1 1 0 1 0 1 1 0 0
1 1 1 1 1 1 1 1 0 0
1 1 0 0 1 0 1 0 0 0
0 1 1 1 1 0 1 0 0 0
0 0 0 0 0 0 0 0 0 0
Maze 87
115 171 3.0476190476 2.0582747065 124 0.391732568200698
81 30 62 88 17 52 13 30 56 24 10 49 78 19 31 81
21 22 82 87 12 12 23 26 54 4 9 48 18 11 400
402 402 401 401 402 402 401 402 401 402 402 402 402 402 400
0 0 0 1 1 1 1 1 1 1
1 1 1 1 1 1 1 1 1 0
1 1 1 1 1 1 1 1 1 1
1 1 0 1 0 1 1 1 1 0
1 1 0 1 0 1 1 1 1 0
1 1 0 1 1 1 1 1 0 0
1 1 0 0 0 0 1 1 0 0
1 1 0 0 0 0 1 1 0 0
2 1 1 1 1 1 1 1 0 0
0 0 0 0 0 0 0 0 0 0
Maze 88
103 315 3.2363636364 2.0979063311 52 0.386119389122893
83 19 6 29 16 74 3 56 69 53 54 89 30 52 79 83
13 16 26 26 14 73 53 66 63 400 84 29 22 72 73
402 401 401 401 402 401 401 401 401 400 401 402 402 401 402
0 0 1 0 0 1 0 0 0 0
0 0 1 1 1 1 1 1 1 0
0 1 1 1 1 1 1 1 1 1
0 1 1 1 0 0 0 0 1 0
0 1 1 1 0 0 0 0 1 0
0 1 1 1 1 1 0 0 1 0
0 1 1 1 1 1 1 1 1 0
0 1 1 1 1 1 1 1 1 0
0 0 2 1 1 1 1 1 1 0
0 0 0 0 0 0 0 0 0 0
Maze 89
95 237 3.6279069767 1.9338650376 71 0.399445882809637
69 88 34 97 75 68 41 93 100 45 99 90 76 79 83 69
68 84 94 95 65 61 91 400 95 95 89 86 400 73 63
402 401 401 401 402 401 401 400 401 401 402 401 400 402 402
0 0 0 0 0 0 0 0 0 0
0 0 0 0 0 0 0 0 0 0
0 0 0 0 0 0 0 0 0 0
0 0 0 1 0 0 0 0 0 0
1 0 0 1 1 0 0 0 0 0
1 0 0 1 1 0 0 0 0 0
1 1 1 1 1 1 1 1 2 0
1 0 1 1 1 1 1 1 1 0
1 0 1 1 1 1 1 1 1 1
1 1 1 1 1 1 1 1 1 1
Maze 90
95 160 2.9056603774 2.1631779888 59 0.395351556300984
77 4 51 81 66 89 11 95 76 81 34 23 47 39 56 77
74 1 400 61 86 81 91 75 71 31 33 43 37 36 76
401 402 400 402 401 401 401 402 402 402 401 401 402 402 401
1 1 1 1 0 0 0 0 0 0
1 0 0 1 0 0 0 0 0 0
1 0 1 1 0 0 0 0 0 0
1 1 1 1 0 1 1 1 1 0
1 0 1 1 1 1 1 0 0 0
1 0 0 1 0 1 0 0 0 0
1 1 1 1 1 1 0 0 0 0
1 1 1 1 1 1 2 0 0 0
1 1 1 1 1 1 1 1 1 0
1 1 1 1 1 0 0 0 0 0
Maze 91
121 344 3.0285714286 2.3611939244 131 0.373859012941358
86 98 1 90 37 51 26 9 32 68 86 65 38 61 80 86
96 91 81 87 31 21 6 2 62 66 85 35 31 71 76
401 401 401 401 402 402 402 402 401 402 401 402 402 401 402
1 1 1 1 1 1 1 1 1 0
1 1 0 0 0 1 0 0 0 0
1 1 1 1 1 1 0 0 0 0
1 1 1 1 1 1 1 1 0 0
1 1 0 0 1 0 1 0 0 0
1 1 0 0 1 0 1 0 0 0
1 1 1 1 1 1 1 1 0 0
1 1 1 1 1 1 1 1 1 1
1 1 1 1 1 2 1 1 1 1
1 1 1 1 1 1 1 1 0 0
Maze 92
97 43 3.9444444444 1.7012925613 58 0.373340358756736
63 72 97 52 98 48 14 94 48 93 87 94 43 72 87 63
62 92 92 92 400 44 400 44 43 83 84 93 42 82 83
402 401 401 401 400 401 400 402 402 402 402 401 402 401 401
0 0 0 0 0 0 0 0 0 0
0 0 0 1 0 0 0 0 0 0
0 0 0 1 0 0 0 0 0 0
0 0 0 1 0 0 0 0 0 0
0 1 1 1 1 1 1 1 0 0
0 1 1 1 0 0 0 1 0 0
0 1 2 1 0 0 0 1 0 0
0 1 1 1 0 0 0 1 0 0
0 1 1 1 1 1 1 1 0 0
0 1 1 1 1 1 1 1 0 0
Maze 93
103 41 3.3454545455 2.1178867188 77 0.396171218562704
33 44 38 23 85 51 19 88 42 71 83 4 8 23 69 33
43 34 33 83 81 11 18 82 41 81 3 400 3 63 63
401 402 401 401 401 402 402 401 402 401 402 400 402 401 401
0 0 1 1 1 1 1 1 0 0
1 1 1 1 1 1 1 1 1 0
1 0 1 0 0 0 0 1 0 0
1 0 2 1 1 1 1 1 0 0
1 1 1 1 0 0 0 1 0 0
1 1 1 0 0 0 0 1 0 0
1 1 1 1 1 1 1 1 1 0
1 1 1 0 0 0 0 1 0 0
1 1 1 1 1 1 1 1 0 0
0 0 0 0 0 0 0 0 0 0
Maze 94
115 198 3.3114754098 2.1586783508 124 0.379217457853119
87 99 66 40 91 97 82 12 95 8 14 25 70 12 81 87
97 96 36 31 400 92 400 92 5 4 24 65 62 11 400
401 401 402 402 400 401 400 401 402 402 401 401 401 402 400
0 0 0 1 1 1 1 1 0 0
1 1 0 1 1 0 0 0 0 0
1 1 0 1 1 0 0 0 0 0
1 1 1 1 1 1 1 1 1 1
1 1 0 0 1 1 0 0 0 0
1 1 0 0 1 1 0 0 0 0
1 1 1 1 1 1 1 1 1 1
1 1 0 0 1 1 0 0 0 0
1 1 1 1 1 1 2 0 0 0
1 1 1 1 1 1 1 1 1 0
Maze 95
73 11 2.8636363636 2.0571321380 13 0.367977050737099
85 55 47 57 30 26 15 12 63 55 93 21 23 1 30 85
400 45 400 27 400 25 400 62 53 53 91 400 21 21 25
400 402 400 402 400 401 400 401 402 402 401 400 401 401 402
1 0 0 0 0 0 0 0 0 0
1 1 1 1 1 0 0 0 0 0
1 1 1 1 1 1 1 1 1 1
1 1 0 0 1 0 1 0 0 0
1 1 0 0 1 1 1 0 0 0
1 1 1 1 1 0 1 0 0 0
1 1 1 0 1 0 0 0 0 0
1 0 1 0 1 0 0 0 0 0
1 0 1 0 2 0 0 0 0 0
1 1 1 0 0 0 0 0 0 0
Maze 96
105 42 3.1153846154 1.9344444613 66 0.362480826145950
76 84 13 97 89 37 63 10 6 62 86 94 25 93 33 76
74 83 93 87 87 33 3 400 2 82 84 24 23 400 73
402 401 401 402 401 402 402 400 402 401 402 402 402 400 401
0 1 1 1 1 1 1 1 1 1
0 1 1 0 0 0 0 0 0 0
0 1 1 1 1 0 0 0 0 0
0 1 1 1 1 1 1 0 0 0
0 1 1 1 0 0 1 0 0 0
0 1 1 1 0 0 1 0 0 0
0 1 1 1 0 0 1 0 0 0
0 1 1 1 1 2 1 0 0 0
0 1 1 1 1 1 1 1 1 0
0 0 1 1 1 1 1 0 0 0
Maze 97
71 100 2.9565217391 2.2040701479 16 0.392694330056143
3 11 41 59 92 89 49 57 46 67 49 36 35 66 86 3
1 400 51 52 82 400 47 56 66 47 46 400 65 400 83
402 400 401 402 402 400 402 401 401 402 401 400 401 400 401
1 1 2 0 0 0 0 0 0 0
1 0 1 0 0 0 0 0 0 0
1 0 1 0 0 0 0 0 0 0
1 0 1 0 1 1 0 0 0 0
1 0 1 0 1 1 1 1 1 0
1 1 1 1 1 1 1 1 1 0
0 1 1 0 1 1 1 0 1 0
0 1 1 0 0 1 0 0 1 0
0 1 1 1 1 1 1 1 1 0
0 1 0 0 0 0 0 0 0 0
Maze 98
91 85 2.6875000000 2.2944303027 32 0.356589526189718
57 23 87 67 99 67 30 6 31 31 98 9 56 44 68 57
53 83 400 97 97 27 26 1 400 91 8 6 54 64 67
401 401 400 401 401 402 401 402 400 401 402 402 401 401 401
1 1 1 1 1 1 1 1 1 0
1 0 0 0 0 1 0 1 0 0
1 0 1 0 0 1 1 1 1 1
1 0 1 0 0 1 1 1 0 0
1 0 1 1 0 1 1 1 0 0
1 0 1 1 1 1 2 1 0 0
1 0 1 1 1 1 1 1 0 0
1 0 1 0 0 0 1 1 0 0
1 0 1 1 1 1 1 1 0 0
1 1 1 1 1 1 1 1 1 0
Maze 99
101 183 3.6078431373 2.0778394245 71 0.386524061761988
13 39 63 12 66 9 34 59 37 10 37 67 72 57 86 13
33 33 62 62 6 4 54 57 7 7 400 62 52 56 83
401 402 401 401 402 402 401 401 402 402 400 402 402 402 401
0 0 0 1 1 1 1 1 1 1
0 1 2 1 0 1 1 0 0 0
0 1 1 1 0 1 1 0 0 0
0 1 1 1 1 1 1 1 1 0
0 1 1 1 0 1 1 0 0 0
0 1 1 1 1 1 1 1 1 0
0 1 1 1 1 1 1 0 0 0
0 1 1 0 0 1 0 0 0 0
0 0 1 1 1 1 0 0 0 0
0 0 0 0 0 0 0 0 0 0
Maze 100
97 1662 3.4883720930 1.9806273400 66 0.386742563799003
3 1 48 29 26 81 5 56 26 61 16 37 52 25 38 3
400 41 28 400 21 1 55 400 21 11 36 32 22 35 33
400 401 402 400 402 402 401 400 402 402 401 402 402 401 401
1 1 2 1 1 0 0 0 0 0
1 1 1 1 1 1 0 0 0 0
1 1 1 1 1 1 1 1 1 0
1 1 1 1 1 1 1 1 0 0
1 1 1 1 1 1 1 1 0 0
1 1 0 0 1 1 0 0 0 0
1 0 0 0 0 0 0 0 0 0
1 0 0 0 0 0 0 0 0 0
1 0 0 0 0 0 0 0 0 0
0 0 0 0 0 0 0 0 0 0
Maze 101
101 98 3.2222222222 2.1027473282 70 0.378402517034127
75 74 82 69 33 95 41 75 17 38 81 61 8 25 51 75
400 72 62 63 93 91 71 15 37 31 400 1 5 21 71
400 402 402 401 401 401 401 402 401 402 400 402 402 402 401
1 1 1 1 1 1 1 1 0 0
1 0 0 0 1 1 1 0 0 0
1 1 1 1 1 0 1 0 0 0
1 1 1 1 1 1 1 1 0 0
1 0 1 0 1 0 0 0 0 0
1 0 1 0 1 0 0 0 0 0
1 1 1 1 1 1 1 1 1 0
1 1 1 1 2 0 0 0 0 0
1 1 1 0 0 0 0 0 0 0
1 1 1 1 1 0 0 0 0 0
Maze 102
81 25 2.6415094340 2.1818293277 16 0.376211854398591
97 68 57 54 44 96 9 67 74 95 21 23 57 59 8 97
67 67 400 400 94 6 7 64 94 91 400 53 400 58 7
402 401 400 400 401 402 402 402 401 401 400 401 400 401 402
0 0 0 0 0 1 1 1 1 0
0 0 0 0 0 1 1 1 0 0
1 1 1 0 0 1 1 1 0 0
1 0 1 0 0 1 1 1 0 0
1 0 1 1 0 1 1 1 0 0
1 0 1 1 1 1 1 1 1 0
1 0 0 1 1 1 1 1 0 0
1 0 0 1 0 1 1 0 0 0
1 0 0 1 0 1 1 0 0 0
1 1 1 1 1 1 2 0 0 0
Maze 103
97 160 3.2156862745 2.1296986218 65 0.399766317263022
74 70 47 91 37 32 68 77 80 37 86 9 30 79 46 74
64 67 41 31 400 62 67 400 77 36 6 29 29 76 44
402 401 402 402 400 401 402 400 401 402 402 401 402 401 402
0 0 0 0 0 1 1 1 1 0
0 0 0 0 0 1 0 0 1 0
0 0 0 0 0 1 0 0 1 1
1 1 1 1 1 1 1 0 1 0
1 1 1 1 1 1 1 0 1 0
1 1 0 1 0 1 1 0 1 0
1 1 1 1 1 1 1 1 1 1
1 0 0 2 0 1 1 1 1 1
1 0 0 0 0 1 0 0 0 0
1 0 0 0 0 0 0 0 0 0
Maze 104
93 64 2.8064516129 2.2802289250 39 0.402813928461577
90 18 33 82 88 99 96 93 20 69 19 89 94 30 90 90
88 13 32 400 98 400 400 13 19 400 400 84 24 400 400
401 402 402 400 401 400 400 402 402 400 400 402 402 400 400
0 0 0 0 0 0 0 0 0 0
0 0 1 1 1 1 1 1 1 1
0 0 1 1 1 1 1 1 1 1
0 1 1 1 0 0 0 1 1 1
0 1 1 1 0 0 0 1 1 1
0 1 1 1 0 0 0 1 1 1
0 1 1 1 0 0 0 1 1 1
0 1 1 1 0 0 0 1 1 1
0 1 1 1 1 1 1 1 1 2
0 0 1 1 1 1 1 1 1 0
Maze 105
123 37 3.6734693878 1.9171777012 122 0.378445111978461
11 86 55 75 27 74 45 91 10 81 56 45 85 25 79 11
81 85 400 25 24 44 41 1 1 51 55 400 400 75 71
401 401 400 402 402 402 402 402 402 402 401 400 400 401 401
1 1 1 1 1 1 1 1 1 1
2 0 0 0 0 0 0 0 0 0
1 0 0 1 1 1 1 0 0 0
1 0 0 1 1 0 0 0 0 0
1 1 1 1 1 0 0 0 0 0
1 1 1 1 1 1 0 0 0 0
1 0 0 1 1 0 0 0 0 0
1 1 1 1 1 1 1 1 1 0
1 1 1 1 1 1 0 0 0 0
1 0 0 0 0 0 0 0 0 0
Maze 106
109 1821 3.1692307692 2.2802066108 99 0.378797213262142
63 95 68 39 34 72 25 64 54 1 87 52 6 100 24 63
93 65 38 400 32 22 24 400 51 81 82 2 96 94 23
401 402 402 400 402 402 402 400 401 401 401 402 401 401 402
1 1 1 1 1 1 0 0 0 0
1 1 0 0 0 1 0 0 0 0
1 1 1 1 1 1 0 0 0 0
1 1 1 1 1 1 1 1 1 0
1 1 1 1 0 1 0 1 0 0
1 1 1 1 0 1 0 1 0 0
1 1 2 1 1 1 1 1 0 0
1 1 1 1 1 1 0 0 0 0
1 1 1 1 1 1 1 0 0 0
0 0 1 1 1 1 1 1 1 1
Maze 107
105 189 3.6666666667 1.9083033199 98 0.390187597568638
43 40 53 49 38 13 56 78 53 47 15 68 92 60 94 43
33 33 43 48 33 53 76 73 43 45 65 62 52 54 93
402 402 402 401 401 401 401 401 402 401 401 402 402 402 401
0 0 0 0 0 0 0 0 0 0
0 0 1 0 1 0 0 0 0 0
0 0 1 0 1 0 0 0 0 0
0 0 1 1 1 1 1 1 1 1
0 0 2 1 1 1 1 1 1 0
0 1 1 1 1 1 1 1 1 1
0 1 1 1 1 1 1 1 0 0
0 1 1 1 1 1 1 1 0 0
0 1 1 1 0 0 0 0 0 0
0 1 1 1 0 0 0 0 0 0
Maze 108
93 575 2.7666666667 2.2225016104 56 0.382824387212185
4 12 78 7 96 55 26 94 55 44 43 53 4 59 99 4
2 72 77 6 95 25 24 54 54 400 400 3 54 400 94
402 401 401 402 401 402 402 402 401 400 400 402 401 400 401
0 1 1 2 0 1 1 0 0 0
0 1 1 1 0 1 1 0 0 0
0 1 1 1 1 1 1 0 0 0
0 1 1 1 1 1 1 0 0 0
0 1 1 1 1 1 1 0 0 0
0 1 1 1 1 1 1 1 1 0
0 1 0 1 1 1 1 0 1 0
0 1 1 1 1 1 1 1 1 0
0 0 0 1 1 1 0 0 1 0
0 0 0 1 1 1 1 1 1 0
Maze 109
87 255 2.9019607843 2.0392407769 32 0.380147824867821
20 90 28 4 31 11 38 46 80 99 50 31 11 39 70 20
400 88 24 1 400 31 36 76 79 49 41 400 31 69 400
400 401 401 402 400 401 402 401 402 402 401 400 401 401 400
1 1 1 1 0 0 0 0 0 0
1 0 0 1 0 0 0 0 0 2
1 0 0 1 1 1 1 1 0 1
1 1 1 1 1 1 1 1 1 1
1 1 1 1 1 1 1 1 1 1
0 0 0 0 0 1 0 1 1 1
0 0 0 0 0 1 0 1 1 1
0 0 0 0 0 1 1 1 1 1
0 0 0 0 0 0 0 1 1 1
0 0 0 0 0 0 0 0 1 0
Maze 110
103 521 3.3818181818 2.1078326209 71 0.381437068302602
49 90 21 21 55 66 63 88 14 49 96 40 38 81 92 49
89 81 400 51 65 400 83 84 44 46 36 400 31 91 42
401 401 400 401 401 400 401 401 401 402 402 400 402 401 402
0 0 0 0 0 0 0 0 0 0
0 0 0 1 0 0 0 0 0 0
1 0 0 1 0 0 0 0 0 0
1 1 1 1 1 1 1 1 1 1
1 1 1 1 1 1 1 1 2 0
1 1 1 1 1 1 0 0 1 0
1 1 1 1 1 1 0 0 1 0
1 1 1 1 0 1 0 0 1 0
1 1 1 1 1 1 1 1 1 1
1 1 0 0 0 1 0 0 0 0
Maze 111
95 106 3.1739130435 1.8884841937 56 0.386067833616878
32 56 50 33 11 23 60 100 37 50 42 57 33 64 80 32
52 46 43 31 21 53 400 97 47 400 52 53 63 74 72
401 402 401 401 401 401 400 401 401 400 401 401 401 401 401
0 0 0 0 0 0 0 0 0 0
1 0 0 0 0 0 0 0 0 0
1 1 1 0 0 0 0 0 0 0
1 2 1 0 0 0 1 0 0 0
0 1 1 1 1 1 1 1 1 1
0 1 1 1 1 1 1 1 1 1
0 1 1 1 0 0 1 0 0 1
0 1 1 1 1 1 1 1 1 1
0 0 0 0 0 0 1 0 0 1
0 0 0 0 0 0 1 1 1 1
Maze 112
89 18 3.0000000000 2.1223199761 45 0.360077878361665
85 55 38 17 57 77 28 90 25 8 21 89 46 16 6 85
400 35 37 400 400 27 88 85 5 1 81 86 400 400 5
400 402 401 400 400 402 401 401 402 402 401 401 400 400 402
1 1 1 1 1 1 1 1 0 0
1 0 0 0 1 1 1 0 0 0
1 0 0 0 1 1 1 1 0 0
1 0 0 0 1 1 1 1 0 0
1 0 0 0 1 1 1 1 0 0
1 0 0 0 1 1 1 1 0 0
1 0 0 0 1 1 1 1 0 0
1 0 0 0 1 1 1 1 0 0
1 1 1 1 2 1 1 1 1 1
0 0 0 0 0 0 0 0 0 0
Maze 113
113 378 2.6944444444 2.2112130952 97 0.375928994614718
17 24 57 21 50 16 84 65 89 8 5 83 11 14 100 17
14 54 51 41 46 14 64 85 88 400 3 81 400 94 97
402 401 401 401 401 402 402 401 401 400 402 401 400 401 401
0 0 1 1 1 1 1 1 0 0
1 1 1 1 1 1 2 1 0 0
1 0 1 1 0 1 1 1 0 0
1 0 1 1 0 1 1 1 0 0
1 1 1 1 1 1 1 1 1 1
1 1 1 1 1 1 1 1 0 0
1 0 1 1 1 0 1 1 0 0
1 0 1 1 1 0 1 1 0 0
1 1 1 1 1 1 1 1 1 0
0 0 0 1 1 1 1 1 1 1
Maze 114
87 24 2.7719298246 2.1838364972 50 0.387196309329929
60 97 42 15 6 39 28 34 77 49 42 51 42 50 23 60
57 92 12 5 36 38 24 74 47 400 41 41 400 43 53
402 401 402 402 401 401 402 401 402 400 402 402 400 401 401
0 0 0 0 1 1 0 0 0 0
0 1 1 1 1 1 0 0 0 0
0 1 1 1 1 1 1 1 0 0
0 1 1 1 0 1 1 1 1 0
1 1 1 1 1 1 1 1 1 1
1 1 1 1 1 1 1 1 1 2
0 1 0 1 0 0 1 0 0 0
0 1 0 1 1 1 1 0 0 0
0 1 0 0 0 0 1 0 0 0
0 1 1 1 1 1 1 0 0 0
Maze 115
93 185 2.8813559322 2.3303059088 39 0.413860612211477
46 62 84 93 1 67 54 35 96 79 66 61 30 89 26 46
42 82 83 91 61 64 34 95 76 76 400 21 29 86 400
402 401 402 401 401 401 402 401 402 401 400 402 402 401 400
1 0 0 0 0 0 0 0 0 0
1 0 0 0 0 0 0 0 0 0
1 1 1 1 1 1 1 1 1 1
1 0 0 1 1 1 0 0 1 0
1 1 1 1 1 2 0 0 1 0
1 1 0 1 1 1 0 0 1 0
1 1 1 1 1 1 1 0 1 0
1 1 0 0 1 1 1 1 1 0
1 1 1 1 1 1 1 1 1 0
1 1 1 0 1 1 0 0 0 0
Maze 116
95 289 3.5909090909 1.8884841937 65 0.390983299567708
28 47 13 72 46 22 17 84 3 35 40 26 82 43 41 28
27 43 12 42 42 12 14 83 33 400 36 22 42 400 21
402 401 402 402 401 402 402 401 401 400 401 402 402 400 402
0 0 1 0 0 0 0 0 0 0
0 1 1 1 1 1 1 0 0 0
1 1 1 1 1 1 1 2 0 0
1 1 1 1 1 1 1 1 1 1
1 1 1 1 1 1 1 0 0 0
0 1 1 1 0 0 0 0 0 0
0 1 1 1 0 0 0 0 0 0
0 1 1 1 0 0 0 0 0 0
0 1 1 1 0 0 0 0 0 0
0 0 0 0 0 0 0 0 0 0
Maze 117
87 2096 2.6984126984 2.4072239978 50 0.368416692174578
78 35 33 27 98 9 96 86 12 54 65 69 40 34 63 78
75 400 23 97 8 6 400 82 52 64 400 39 400 33 73
401 400 402 401 402 402 400 401 401 401 400 402 400 402 401
0 0 0 0 0 1 1 1 1 0
0 1 0 0 0 1 0 1 0 0
0 1 1 1 1 1 1 1 0 0
0 1 1 1 1 1 1 1 1 1
0 1 1 0 1 1 1 1 1 0
0 1 1 1 1 1 1 1 1 0
0 1 1 1 1 1 1 1 1 0
0 1 1 1 1 1 1 2 0 0
0 1 1 1 1 1 1 1 0 0
0 0 0 0 0 1 1 1 0 0
Maze 118
117 345 3.7818181818 2.1518147395 139 0.383803710302871
30 91 90 76 83 6 53 85 76 59 94 7 84 41 58 30
21 81 86 73 3 3 83 75 56 54 4 4 81 51 28
402 402 401 402 402 402 401 402 402 402 402 402 401 401 402
0 0 1 1 1 1 1 0 0 0
0 0 1 1 0 0 0 0 0 0
1 1 1 1 1 1 1 1 1 2
1 0 1 1 0 0 0 1 0 0
1 0 1 1 0 0 0 1 0 0
1 1 1 1 1 1 1 1 1 0
1 0 1 1 0 1 0 0 0 0
1 0 1 1 1 1 0 0 0 0
1 1 1 1 1 1 1 1 1 1
1 0 0 1 0 0 0 0 0 0
Maze 119
73 14 2.7169811321 2.3785878219 20 0.390415347367847
77 98 71 87 72 3 93 77 76 79 60 55 45 15 48 77
97 91 81 82 2 400 73 400 400 59 400 400 400 45 47
401 401 401 401 402 400 402 400 400 402 400 400 400 401 402
0 1 1 0 0 0 0 0 0 0
0 1 1 0 1 0 0 0 0 0
0 1 1 0 1 0 0 0 0 0
0 1 1 0 1 0 0 0 0 0
0 1 1 0 1 1 1 1 0 0
0 1 1 0 1 1 1 1 1 1
0 1 1 0 0 0 1 0 1 0
1 1 1 1 1 1 2 1 1 0
1 1 1 1 1 1 1 0 0 0
1 1 1 1 1 1 1 1 0 0
Maze 120
93 362 3.1228070175 2.2232849288 39 0.384388127673043
63 39 8 98 5 55 63 89 18 67 51 82 55 51 23 63
33 38 400 95 400 53 83 88 17 61 81 52 400 21 400
402 401 400 401 400 402 401 401 402 401 401 402 400 402 400
0 0 0 0 1 0 0 1 0 0
0 0 0 0 1 0 1 1 0 0
1 1 1 0 1 0 1 1 0 0
1 0 1 1 1 1 1 1 1 0
1 0 1 0 1 0 1 1 0 0
1 1 1 1 1 0 1 1 0 0
1 1 2 1 1 1 1 1 0 0
1 1 1 0 1 0 0 1 0 0
1 1 1 1 1 1 1 1 1 0
0 0 0 0 1 1 1 1 0 0
Maze 121
83 6 2.7924528302 2.1456267315 11 0.354938783427922
6 33 23 100 50 48 88 30 38 30 65 32 93 2 13 6
3 400 93 400 400 400 28 28 28 25 62 92 92 12 3
402 400 401 400 400 400 402 402 402 402 401 401 401 401 402
0 1 1 1 1 2 0 0 0 0
0 1 1 0 0 0 0 0 0 0
0 1 1 0 1 1 1 1 1 1
0 1 1 0 1 0 0 1 0 0
0 1 1 0 1 0 0 1 1 1
0 1 1 0 1 0 0 1 0 1
0 1 1 1 1 0 0 1 0 1
0 1 1 0 0 0 0 1 0 1
0 1 1 0 0 0 0 1 0 1
0 1 1 1 1 1 1 1 1 1
Maze 122
99 66 3.2800000000 1.9200576944 70 0.386726112863294
39 29 64 70 33 89 45 97 38 14 90 72 68 68 29 39
400 24 400 63 83 85 95 37 34 84 82 62 400 28 400
400 402 400 401 401 401 401 402 401 401 401 402 400 402 400
0 0 0 0 0 0 0 0 0 0
0 0 0 1 0 0 0 0 0 0
0 0 0 1 1 1 1 1 1 0
0 0 1 1 1 1 1 1 2 0
0 0 1 1 1 0 1 1 0 0
0 0 1 1 1 0 1 1 0 0
0 1 1 1 1 1 1 1 1 1
0 1 1 1 1 0 1 0 0 0
0 1 1 1 1 1 1 1 1 1
0 0 0 0 1 1 1 0 0 0
Maze 123
95 36 2.9818181818 2.0708490455 56 0.380571738212523
16 92 73 55 89 10 99 12 47 57 48 99 3 3 13 16
12 72 53 85 9 9 92 42 400 47 98 93 400 400 400
402 402 402 401 402 402 401 401 400 402 401 401 400 400 400
0 0 1 0 0 0 0 0 1 1
0 1 1 1 1 2 0 0 1 0
0 1 1 0 0 0 0 0 1 0
0 1 1 0 0 0 0 0 1 0
0 1 1 1 1 1 1 1 1 0
0 1 1 1 1 0 1 1 1 0
0 1 1 0 1 0 0 1 1 0
0 1 1 0 1 0 0 1 1 0
0 1 1 0 1 1 1 1 1 0
0 1 1 1 1 1 1 1 1 0
Maze 124
93 406 2.7575757576 2.2894655837 45 0.399198792136888
1 4 64 8 15 11 25 60 37 73 77 29 90 50 72 1
400 400 4 5 400 21 55 57 33 400 27 89 400 42 71
400 400 402 402 400 401 401 401 402 400 402 401 400 402 401
2 1 1 1 1 1 1 1 0 0
1 1 1 1 1 0 0 0 0 0
1 1 1 1 1 0 1 1 1 0
1 0 1 1 1 1 1 0 1 0
1 1 1 1 1 1 1 1 1 1
1 1 1 1 1 1 1 1 1 1
1 1 1 1 0 0 1 0 1 1
1 1 1 1 1 1 1 0 1 1
0 0 0 0 0 0 0 0 1 1
0 0 0 0 0 0 0 0 0 0
Maze 125
89 32 3.1538461538 2.1463343897 50 0.362856396006532
44 94 97 39 3 27 55 64 22 16 2 78 12 51 31 44
400 400 37 33 23 25 54 62 12 12 72 72 11 400 41
400 400 402 401 401 402 402 401 402 401 401 401 402 400 401
0 1 1 0 0 0 0 0 0 0
1 1 1 1 1 1 0 0 0 0
1 1 1 1 1 1 1 0 0 0
1 1 1 1 1 1 1 1 1 0
1 1 1 2 1 0 1 0 0 0
1 1 0 1 1 0 1 0 0 0
0 1 1 1 0 0 1 0 0 0
0 1 1 1 1 1 1 1 0 0
0 0 0 1 0 0 1 0 0 0
0 0 0 1 1 1 1 0 0 0
Maze 126
107 574 2.8656716418 2.3124415465 105 0.393740471455155
6 44 11 100 87 82 44 97 49 45 6 77 70 1 42 6
4 41 91 97 400 42 94 47 400 5 76 67 61 41 2
402 401 401 401 400 402 401 402 400 402 401 402 401 401 402
1 1 1 1 1 2 0 0 0 0
1 1 0 1 1 1 0 0 0 0
1 1 0 1 1 1 0 0 0 0
1 1 0 1 1 1 0 0 0 0
1 1 1 1 1 1 1 1 1 0
1 1 0 1 0 1 1 0 0 0
1 1 1 1 1 1 1 1 1 1
1 1 0 1 0 1 1 0 0 0
1 1 1 1 1 1 1 0 0 0
1 1 1 1 1 1 1 1 1 1
Maze 127
107 101 3.2592592593 2.0076366573 69 0.386314286931077
49 45 97 77 6 94 61 49 75 39 61 6 77 46 33 49
400 95 400 76 4 91 41 45 35 31 1 76 76 43 43
400 401 400 401 402 401 402 402 402 402 402 401 401 401 401
1 1 1 1 1 1 0 0 0 0
1 0 0 1 0 1 0 0 0 0
1 0 0 1 0 1 0 0 0 0
1 1 1 1 1 1 1 1 1 0
1 1 1 1 1 1 1 1 2 0
1 0 0 1 1 1 0 0 0 0
1 0 0 1 1 1 0 0 0 0
1 0 0 1 1 1 1 0 0 0
1 0 0 1 1 0 1 0 0 0
1 1 1 1 1 1 1 0 0 0
Maze 128
107 515 2.8611111111 2.3448555988 98 0.400404240977299
30 43 21 90 53 22 75 27 88 19 96 43 9 7 30 30
23 41 81 83 52 72 25 87 18 16 93 3 400 27 400
402 401 401 401 401 401 402 401 402 402 401 402 400 401 400
0 0 1 1 1 1 1 1 1 0
0 0 1 0 0 1 1 1 1 0
1 1 1 1 1 1 1 1 1 2
1 1 1 0 1 1 1 1 0 0
1 1 1 0 1 1 1 1 0 0
1 1 1 0 1 1 1 1 0 0
1 1 1 0 1 1 1 1 0 0
1 1 1 1 1 1 1 1 0 0
1 1 1 1 1 1 1 1 1 1
0 0 1 1 1 1 0 0 0 0
Maze 129
89 49 2.8253968254 2.4156976839 56 0.397389362027907
15 20 22 84 30 7 45 70 100 96 59 47 27 43 39 15
400 12 82 24 27 5 65 400 400 56 57 400 23 33 35
400 402 401 402 401 402 401 400 400 402 401 400 402 402 401
0 0 0 0 1 1 1 0 0 0
0 1 1 1 2 1 1 1 1 1
0 1 1 1 1 1 1 1 1 1
0 1 1 1 1 1 1 1 1 0
0 1 1 1 1 0 1 0 0 0
0 1 0 1 1 1 1 1 1 0
0 1 0 1 1 1 1 1 1 1
0 1 0 1 0 1 0 0 0 1
0 1 1 1 0 1 0 0 0 1
0 0 0 0 0 1 1 1 1 1
Maze 130
115 94 3.6603773585 1.8797462093 148 0.387622324506883
57 77 5 77 84 80 52 49 72 91 39 64 18 39 82 57
400 75 75 74 74 72 42 42 71 31 34 14 38 32 52
400 401 401 402 402 401 402 402 402 402 402 402 401 402 402
0 0 0 0 1 0 0 0 0 0
0 0 0 1 1 1 1 1 0 0
0 0 0 1 1 0 0 1 0 0
1 1 1 1 1 1 1 1 1 0
1 1 1 1 1 1 1 1 1 0
1 1 1 1 1 1 2 0 0 0
1 1 0 1 1 0 1 0 0 0
1 1 1 1 1 1 1 1 1 1
1 1 0 1 0 0 0 0 0 0
1 0 0 0 0 0 0 0 0 0
Maze 131
99 51 3.3750000000 2.0029377812 56 0.396985262506319
74 39 54 98 91 11 83 47 77 33 69 57 74 95 33 74
34 34 94 400 400 81 43 400 73 63 67 54 94 93 73
402 402 401 400 400 401 402 400 401 401 401 402 401 401 401
0 0 0 0 0 0 0 0 0 0
1 0 0 0 0 0 0 0 0 0
1 0 0 0 0 0 0 0 0 0
1 0 1 1 1 1 1 1 1 0
1 0 1 1 1 1 1 0 0 0
1 0 1 1 1 1 1 0 0 0
1 0 1 1 1 1 1 1 1 0
1 0 1 2 1 1 1 0 0 0
1 1 1 1 0 0 0 0 0 0
1 1 1 1 1 1 1 1 0 0
Maze 132
101 938 3.3846153846 2.0238695693 84 0.390577890908225
8 60 53 58 76 7 79 27 22 13 9 87 13 48 14 8
58 400 400 56 6 77 77 400 12 3 7 83 43 44 4
401 400 400 402 402 401 401 400 402 402 402 401 401 401 402
0 0 1 1 1 1 1 2 1 0
0 1 1 1 0 1 1 1 0 0
0 1 1 1 1 1 1 1 0 0
0 0 1 1 0 1 1 1 0 0
0 0 1 1 1 1 1 1 0 0
0 0 1 1 1 1 1 1 1 1
0 0 1 0 0 1 1 0 0 0
0 0 1 0 0 1 1 1 1 0
0 0 1 1 1 1 1 0 0 0
0 0 0 0 0 0 0 0 0 0
Maze 133
119 1641 2.8611111111 2.2066595582 132 0.377732123522578
18 52 98 70 20 96 92 21 28 52 77 8 84 11 41 18
12 92 68 400 16 400 91 400 22 72 7 4 81 400 11
402 401 402 400 402 400 401 400 402 401 402 402 401 400 402
0 0 0 1 1 1 1 1 0 0
1 1 1 1 1 1 1 2 1 1
1 1 1 1 1 1 1 1 0 1
1 1 0 1 0 1 1 0 0 1
1 1 0 1 0 1 1 0 0 1
1 1 0 1 0 1 1 0 0 1
1 1 0 1 0 1 1 1 1 1
1 1 1 1 1 1 1 1 0 0
1 1 1 1 0 1 0 1 0 0
1 1 1 1 1 1 1 1 0 0
Maze 134
97 81 2.9375000000 2.3110125115 70 0.363597307741133
26 70 9 75 61 7 32 59 34 85 64 72 88 97 35 26
66 69 5 71 1 2 52 54 84 84 62 82 87 95 25
401 401 402 401 402 402 401 401 401 401 402 401 402 401 402
1 1 1 1 1 1 1 1 1 0
1 1 0 0 1 0 0 0 1 0
1 1 0 0 1 2 0 0 1 0
1 1 0 1 1 1 0 0 1 0
1 1 0 1 1 1 0 0 1 0
1 1 1 1 1 1 1 1 1 0
1 1 1 1 1 1 1 1 1 1
1 1 1 1 1 0 0 0 0 0
0 1 1 1 1 1 1 1 0 0
0 0 0 0 1 1 1 0 0 0
Maze 135
117 17 3.1929824561 1.9578710623 113 0.400964999185845
19 2 21 97 21 64 15 86 26 85 49 74 7 85 29 19
12 1 91 91 61 14 85 400 25 45 44 4 5 25 400
401 402 401 401 401 402 401 400 402 402 402 402 402 402 400
1 1 0 1 1 1 1 0 0 0
1 1 1 1 1 1 1 1 2 0
1 0 0 1 1 1 1 1 1 0
1 0 0 1 1 1 0 0 0 0
1 0 0 1 1 1 1 1 1 0
1 0 0 1 1 1 0 0 0 0
1 1 1 1 1 1 0 0 0 0
1 0 0 1 1 1 0 0 0 0
1 0 0 0 1 1 0 0 0 0
1 1 1 1 1 1 1 0 0 0
Maze 136
103 39 3.3090909091 2.1105177172 70 0.370705474590508
94 90 73 70 66 26 81 97 63 46 47 92 5 62 87 94
84 83 63 400 400 21 91 93 43 400 42 2 2 82 84
402 401 402 400 400 402 401 401 402 400 402 402 402 401 402
0 1 1 1 1 0 0 0 0 0
0 1 0 0 0 0 0 0 0 0
1 1 1 1 1 1 0 0 0 0
1 1 0 0 0 1 0 0 0 0
1 1 1 1 1 1 1 0 0 0
1 1 1 0 0 1 0 0 0 0
1 1 1 1 1 1 1 1 1 1
1 1 1 0 0 0 0 0 0 0
1 1 1 1 1 1 1 1 1 1
1 1 1 2 1 1 1 0 0 0
Maze 137
85 10 3.2549019608 2.2277784588 32 0.381372710832020
50 34 44 73 90 86 57 66 61 85 11 23 52 8 43 50
44 400 43 83 400 56 56 400 81 81 21 22 2 3 400
401 400 402 401 400 402 402 400 401 401 401 402 402 402 400
0 1 1 1 1 1 1 1 0 0
1 1 1 0 0 0 0 0 0 0
1 1 1 0 0 0 0 0 0 0
1 1 1 1 0 0 0 0 0 0
1 1 1 1 1 1 1 1 1 2
1 1 1 0 0 1 1 0 0 0
1 1 1 1 1 1 0 0 0 0
1 0 1 0 0 1 0 0 0 0
1 1 1 1 1 1 1 1 1 1
0 0 0 0 0 0 0 0 0 0
Maze 138
91 21 3.0000000000 2.3524225091 40 0.368097132356889
36 38 97 41 1 82 99 6 20 46 46 15 42 93 57 36
400 37 91 400 81 92 96 16 16 400 45 12 92 53 56
400 402 401 400 401 401 401 401 402 400 401 402 401 402 401
1 0 0 0 0 1 0 0 0 0
1 1 1 1 1 1 1 1 1 1
1 1 0 0 1 1 0 0 0 0
1 1 0 0 1 2 1 1 0 0
1 1 0 0 1 1 1 0 0 0
1 1 1 1 1 1 1 0 0 0
1 1 1 0 0 1 1 0 0 0
1 1 1 0 0 1 1 0 0 0
1 1 1 0 0 1 1 0 0 0
1 1 1 1 1 1 1 1 1 0
Maze 139
93 396 3.0689655172 2.2573010794 41 0.364601124541779
39 45 74 45 71 49 19 67 68 29 80 6 41 64 82 39
35 44 44 41 41 400 17 400 28 79 76 1 61 62 32
402 402 402 402 402 400 402 400 402 401 401 402 401 402 402
1 1 1 1 1 1 0 0 0 0
1 0 0 0 0 1 1 1 1 0
1 0 0 0 0 1 1 1 1 0
1 1 1 1 1 1 1 1 2 0
1 1 1 1 1 1 1 1 1 0
1 1 0 1 0 1 1 1 1 0
1 1 1 1 0 1 1 1 1 0
1 1 0 1 0 1 1 1 1 1
0 1 0 0 0 0 0 0 0 0
0 0 0 0 0 0 0 0 0 0
Maze 140
117 120 3.1746031746 2.0893880012 131 0.388533907008201
17 76 69 62 1 95 29 45 57 98 22 1 99 7 12 17
16 66 400 61 91 25 25 55 97 92 21 91 97 2 400
402 402 400 401 401 402 402 401 401 401 401 401 401 402 400
1 1 1 1 1 1 1 0 0 0
1 1 1 1 1 1 2 0 0 0
1 1 0 0 1 1 1 1 1 0
1 1 0 0 1 1 1 0 0 0
1 1 0 0 1 1 1 0 0 0
1 1 0 0 1 1 1 0 0 0
1 1 1 1 1 1 1 1 1 0
1 1 0 0 1 1 1 0 0 0
1 1 0 0 1 0 1 0 0 0
1 1 1 1 1 1 1 1 1 0
Maze 141
93 316 3.2962962963 2.1936379531 56 0.376832223273269
47 87 9 67 83 15 60 28 43 55 32 80 59 90 39 47
400 7 7 63 13 55 58 23 53 52 72 79 89 89 37
400 402 402 402 402 401 401 402 401 401 401 401 401 401 402
0 0 0 0 0 0 1 1 1 0
0 0 1 1 1 0 1 0 0 0
0 0 1 1 1 1 1 1 0 0
0 1 1 0 1 0 1 1 1 0
0 1 1 0 1 0 2 1 1 0
0 1 1 1 1 1 1 1 1 1
0 1 1 1 1 1 1 0 1 0
0 1 1 1 1 1 1 1 1 1
0 0 1 0 0 0 1 0 1 1
0 0 0 0 0 0 0 0 0 0
Maze 142
115 2282 3.2121212121 2.2898601544 133 0.398379541342880
18 22 91 16 7 90 70 14 75 23 88 9 96 65 13 18
12 21 11 6 87 400 64 74 73 83 8 6 95 63 400
402 402 402 402 401 400 401 401 401 401 402 402 401 401 400
0 0 0 0 0 1 1 1 1 0
1 1 1 1 1 1 1 2 0 0
1 1 1 1 0 1 1 1 0 0
1 0 1 1 0 1 1 1 0 0
1 0 1 1 0 1 1 1 0 0
1 0 1 1 0 1 1 1 0 0
1 0 1 1 1 1 1 1 1 1
1 0 1 1 1 1 1 1 0 1
1 0 1 1 1 1 1 1 1 1
1 0 0 0 1 1 0 0 0 0
Maze 143
107 18 3.5600000000 1.9915147184 94 0.380927736827069
12 92 67 69 45 7 91 15 46 72 28 75 7 29 26 12
400 62 400 65 5 1 11 45 42 22 25 5 27 400 22
400 402 400 401 402 402 402 401 402 402 402 402 401 400 401
1 1 1 1 1 1 1 0 0 0
1 2 1 1 1 0 1 0 0 0
1 1 1 1 1 1 1 1 1 0
1 1 0 0 1 0 0 0 0 0
1 1 1 1 1 1 0 0 0 0
1 1 0 0 1 0 0 0 0 0
1 1 1 1 1 1 1 1 1 0
1 1 0 0 1 0 0 0 0 0
1 1 0 0 0 0 0 0 0 0
1 1 0 0 0 0 0 0 0 0
Maze 144
81 69 2.9795918367 2.1269673984 35 0.361811853325527
60 99 34 23 59 56 16 9 86 54 71 92 96 53 66 60
59 94 33 53 400 400 6 6 84 51 91 400 93 63 56
402 401 401 401 400 400 402 402 401 402 401 400 401 401 402
0 0 0 0 0 1 1 1 1 0
0 0 0 0 0 1 0 0 0 0
0 0 1 0 0 1 0 0 0 0
0 0 1 1 0 1 0 0 0 0
0 0 1 1 0 1 0 0 0 0
1 1 1 1 1 1 1 1 1 2
1 0 1 1 1 1 0 0 1 0
1 0 1 1 0 1 0 0 1 0
1 0 1 1 1 1 0 0 1 0
1 1 1 1 1 1 1 1 1 0
Maze 145
107 43 3.4230769231 1.9605856027 99 0.389608065348442
71 45 84 7 87 97 19 14 99 92 62 59 16 34 60 71
41 44 4 400 400 17 400 94 400 400 52 56 14 54 51
402 402 402 400 400 402 400 401 400 400 402 401 402 401 402
0 0 0 1 1 1 1 0 0 0
0 0 0 1 1 1 1 1 1 0
0 0 0 1 0 1 1 0 0 0
0 0 0 1 0 1 1 0 0 0
1 1 1 1 1 1 1 0 0 0
1 1 1 1 1 1 1 1 1 1
1 1 0 1 0 0 1 0 0 0
2 1 0 1 0 0 1 0 0 0
0 1 0 1 0 0 1 0 0 0
0 1 1 1 1 1 1 1 1 0
Maze 146
95 998 3.0175438596 2.2126880212 70 0.367321950387257
17 89 69 9 2 39 77 77 93 45 17 83 14 75 49 17
87 400 400 400 32 37 400 73 43 15 13 13 74 45 47
401 400 400 400 401 402 400 402 402 402 402 402 401 402 401
0 1 1 1 1 1 1 1 1 0
0 1 1 1 1 1 2 0 1 0
0 1 1 1 1 0 1 0 1 0
0 1 1 1 1 1 1 1 1 0
0 0 1 1 1 1 1 1 1 0
0 0 1 1 1 0 1 0 1 0
0 0 1 1 1 0 1 0 1 0
0 0 1 1 1 1 1 0 1 0
0 0 1 0 0 0 1 1 1 0
0 0 1 0 0 0 0 0 0 0
Maze 147
99 177 3.9166666667 2.0846340683 58 0.388381273115786
24 14 20 66 99 24 28 64 42 85 82 87 15 96 60 24
400 400 16 96 94 400 24 62 82 400 400 85 95 56 54
400 400 402 401 401 400 402 401 401 400 400 401 401 402 401
0 0 0 0 0 0 0 0 0 0
0 0 0 1 1 1 1 1 1 1
0 0 0 2 1 1 1 1 0 0
0 0 0 1 1 1 0 0 0 0
0 1 0 1 1 1 0 0 0 0
0 1 0 1 1 1 1 1 1 1
0 1 1 1 1 1 0 0 0 0
0 1 0 1 1 1 0 0 0 0
0 1 1 1 1 1 1 0 0 0
0 0 0 1 1 1 1 1 1 0
Maze 148
75 26 2.8510638298 2.1643511881 35 0.373943496113982
48 36 69 44 7 3 22 33 86 69 37 18 49 34 62 48
46 66 64 4 400 2 32 83 66 67 17 48 44 32 42
401 401 401 402 400 402 401 401 402 401 402 401 401 402 402
0 1 1 1 1 1 1 0 0 0
0 1 0 1 0 0 1 1 0 0
0 1 0 1 0 0 1 1 0 0
0 1 1 1 0 1 1 1 0 0
0 1 1 1 1 1 1 2 1 0
0 1 1 1 0 1 1 0 0 0
0 1 1 1 1 1 1 1 1 0
0 0 1 0 0 1 0 0 0 0
0 0 1 1 1 1 0 0 0 0
0 0 0 0 0 0 0 0 0 0
Maze 149
109 3130 2.7619047619 1.9760019091 112 0.376604827446278
40 85 88 4 11 60 63 84 25 79 99 6 71 62 79 40
35 400 84 1 51 53 83 24 75 400 96 1 61 72 39
402 400 401 402 401 402 401 402 401 400 401 402 402 401 402
1 1 1 1 1 1 0 0 0 0
1 0 0 1 0 1 0 0 0 0
1 0 0 1 1 1 0 0 0 0
1 0 0 1 1 1 1 1 1 2
1 0 0 1 1 1 0 0 1 0
1 1 1 1 1 1 1 1 1 1
1 1 1 1 1 1 0 0 1 0
1 1 1 1 1 1 1 1 1 0
0 0 1 1 1 1 1 1 1 0
0 0 0 0 0 1 1 1 1 0
Maze 150
101 12 3.3636363636 1.8434657947 55 0.388019331787121
94 50 58 88 54 87 93 95 31 73 77 1 81 3 46 94
44 48 400 84 84 83 400 91 71 400 71 400 1 43 44
402 402 400 401 401 402 400 401 401 400 401 400 402 401 402
1 1 1 0 0 0 0 0 0 0
1 0 1 0 0 0 0 0 0 0
1 0 1 0 0 0 0 0 0 0
1 0 1 0 0 0 0 0 0 0
1 0 1 1 1 1 1 1 1 1
1 0 0 1 0 0 0 1 0 0
1 0 0 1 0 0 0 1 0 0
1 1 1 1 1 1 1 1 0 0
1 0 1 1 1 1 1 1 0 0
1 1 1 2 1 0 0 0 0 0
Maze 151
91 12 2.8421052632 2.2645090451 45 0.385466808261273
44 1 61 72 96 55 76 11 19 32 31 58 9 60 20 44
41 400 71 92 95 75 71 400 12 400 51 8 59 400 14
401 400 401 401 401 401 401 400 402 400 401 402 401 400 402
1 0 0 0 0 0 0 1 1 0
1 1 1 1 1 1 1 1 1 1
1 1 0 1 0 0 0 1 1 1
1 1 0 1 0 0 0 1 1 1
1 1 1 2 0 0 0 1 1 1
1 1 1 1 1 1 1 1 1 1
1 0 0 0 1 0 0 0 0 0
1 1 1 1 1 1 0 0 0 0
0 1 0 0 1 0 0 0 0 0
0 1 1 1 1 1 0 0 0 0
Maze 152
119 311 3.2142857143 1.9239837574 114 0.383745670216956
62 96 12 3 85 61 76 12 44 88 10 93 77 100 32 62
92 92 2 83 81 71 72 42 84 8 3 73 97 92 400
401 401 402 401 401 401 401 401 401 402 402 402 401 401 400
0 1 1 1 1 1 1 1 1 1
0 1 1 0 0 0 0 1 0 0
0 1 1 0 0 0 0 1 0 0
0 1 1 0 0 0 0 1 0 0
0 1 1 1 0 0 0 1 0 0
0 1 1 1 0 0 0 1 0 0
1 2 1 1 0 0 0 1 0 0
1 1 1 1 1 1 1 1 0 0
1 1 1 1 1 1 1 1 0 0
0 1 1 1 1 1 1 1 1 1
Maze 153
91 332 3.3076923077 2.2524340398 50 0.367976530827546
94 66 16 58 47 25 85 67 50 83 82 1 79 56 32 94
64 400 56 57 45 400 65 47 43 400 81 71 76 52 92
402 400 401 401 401 400 402 402 402 400 401 401 401 401 401
1 0 0 0 0 0 0 0 0 0
1 0 0 0 0 1 0 0 0 0
1 0 0 0 1 1 0 0 0 0
1 1 0 0 1 1 0 0 0 0
1 1 1 1 1 1 1 1 1 1
1 1 1 1 1 1 1 1 0 0
1 1 1 1 1 1 1 0 0 0
1 1 1 1 1 1 1 1 1 0
1 1 1 1 1 0 0 0 0 0
0 1 1 2 0 0 0 0 0 0
Maze 154
129 95 3.2352941176 2.1192932218 176 0.372380954866580
2 95 8 35 98 9 86 85 4 23 42 82 38 51 100 2
92 5 5 95 8 6 400 84 3 22 400 32 31 91 92
401 402 402 401 402 402 400 401 402 402 400 402 402 401 401
0 2 1 1 1 1 1 1 1 0
0 1 1 1 1 1 0 1 0 0
0 1 1 1 1 1 0 1 0 0
1 1 1 1 1 1 1 1 0 0
1 1 0 1 1 1 0 1 0 0
1 1 0 1 1 1 0 1 0 0
1 1 0 1 1 1 0 1 0 0
1 1 0 1 1 1 0 1 0 0
1 1 0 1 1 1 0 1 0 0
1 1 1 1 1 1 1 1 1 1
Maze 155
95 189 3.1666666667 1.9915923522 60 0.395713921782533
67 94 6 19 77 3 14 67 73 56 76 46 69 11 18 67
64 4 16 17 73 13 64 63 53 400 400 66 61 400 17
402 402 401 402 401 401 401 402 402 400 400 401 401 400 402
0 0 1 1 1 1 0 0 0 0
1 1 1 1 1 1 1 1 1 0
1 0 1 1 0 0 1 0 0 0
1 0 1 1 0 0 1 0 0 0
1 0 1 1 0 1 1 0 0 0
1 0 1 1 1 1 1 0 0 0
1 1 1 1 1 1 2 1 1 0
0 0 1 1 1 1 1 0 0 0
0 0 0 1 0 0 0 0 0 0
0 0 0 1 0 0 0 0 0 0
Maze 156
87 31 3.7674418605 2.1025120994 45 0.389062216162648
47 43 84 25 28 72 13 45 97 5 54 85 64 17 15 47
400 83 24 400 22 12 43 95 95 4 84 84 14 400 45
400 401 402 400 402 402 401 401 401 402 401 401 402 400 401
0 0 0 1 1 0 0 0 0 0
0 1 1 1 1 1 1 0 0 0
0 1 1 1 1 1 1 1 0 0
0 1 1 1 1 0 0 0 0 0
0 1 1 1 1 1 2 0 0 0
0 1 1 1 1 0 0 0 0 0
0 1 1 1 1 0 0 0 0 0
0 1 1 1 1 0 0 0 0 0
0 0 1 1 1 0 0 0 0 0
0 0 0 0 1 1 1 0 0 0
Maze 157
113 63 3.0370370370 2.0134204765 98 0.385605865223109
13 35 54 83 31 70 1 66 35 8 90 59 1 92 31 13
33 34 53 81 61 61 61 65 5 88 89 51 91 91 11
401 402 402 401 401 401 401 401 402 401 401 401 401 401 402
1 0 0 0 1 1 1 1 0 0
1 1 2 0 1 0 0 1 0 0
1 0 1 0 1 0 0 1 0 0
1 0 1 1 1 0 0 1 0 0
1 0 0 1 1 0 0 1 0 0
1 1 1 1 1 1 1 1 1 0
1 1 1 1 1 1 1 1 1 1
1 0 1 0 0 0 0 1 1 0
1 1 1 0 0 0 0 1 1 1
1 1 0 0 0 0 0 0 0 0
Maze 158
83 50 3.0833333333 1.9629570896 35 0.388516979056635
27 19 5 35 17 39 85 99 47 31 68 35 88 40 36 27
17 15 400 15 37 35 95 97 41 61 65 85 38 400 26
402 401 400 402 401 402 401 401 401 401 401 401 402 400 402
0 0 0 0 1 0 0 0 0 0
0 0 0 0 1 1 1 1 1 0
0 0 0 0 1 1 2 0 0 0
1 0 0 0 1 1 1 1 1 1
1 1 1 1 1 1 1 1 0 0
1 0 0 0 1 0 1 1 0 0
1 1 1 1 1 1 1 1 0 0
0 0 0 0 1 0 1 1 0 0
0 0 0 0 1 1 1 1 0 0
0 0 0 0 1 1 1 1 1 0
Maze 159
87 5 3.3191489362 2.1329832892 56 0.403199930969521
25 52 17 52 3 7 65 90 82 80 65 65 35 56 39 25
22 12 12 2 400 5 85 400 72 75 400 400 55 36 35
402 402 402 402 400 402 401 400 402 401 400 400 401 402 401
0 1 1 1 1 1 1 0 0 0
0 1 1 1 1 1 1 0 0 0
0 1 1 1 2 0 0 0 0 0
0 1 0 0 1 1 1 1 1 0
0 1 0 0 1 1 0 0 0 0
0 1 0 0 1 1 0 0 0 0
0 0 0 0 1 0 0 0 0 0
0 1 1 1 1 1 1 1 1 1
0 1 1 1 1 1 1 1 1 1
0 0 0 0 0 0 0 0 0 0
Maze 160
101 6 3.1428571429 1.8889449313 64 0.398353717675532
62 76 32 79 23 3 8 96 68 35 38 86 96 20 79 62
72 72 72 73 400 400 6 66 65 400 36 400 16 19 72
401 401 401 401 400 400 402 402 401 400 402 400 402 402 401
0 0 1 1 1 1 1 1 0 0
0 0 1 0 0 1 1 1 1 1
0 0 1 0 0 1 0 0 1 0
0 1 1 0 1 1 1 1 1 0
0 1 1 0 1 1 0 0 1 0
0 1 1 0 1 1 0 0 1 0
0 2 1 0 1 1 1 1 1 0
0 1 1 1 1 1 1 1 1 0
0 0 0 0 0 1 0 0 0 0
0 0 0 0 0 1 0 0 0 0
Maze 161
103 23 2.9375000000 2.2369178431 71 0.384721333737477
89 52 100 2 31 21 83 6 47 67 44 47 4 36 6 89
82 92 92 1 400 81 3 46 400 64 400 44 34 400 86
401 401 401 402 400 401 402 401 400 401 400 401 401 400 401
1 1 1 1 1 1 0 0 0 0
1 1 1 1 0 1 0 0 0 0
1 1 1 1 0 1 0 0 0 0
1 1 1 1 1 1 0 0 0 0
1 1 1 1 1 1 1 0 0 0
1 1 1 1 0 1 1 0 0 0
1 1 1 1 1 1 1 0 0 0
1 1 1 0 0 1 0 0 0 0
1 1 1 1 1 1 1 1 2 0
0 1 1 1 1 1 1 1 1 1
Maze 162
105 4 3.6888888889 1.9170916252 75 0.370349205691343
95 93 50 51 5 13 9 52 98 22 63 94 82 66 53 95
400 43 41 1 3 3 2 92 92 62 93 92 62 63 93
400 402 402 402 402 402 402 401 401 401 401 401 402 401 401
1 1 1 1 1 1 1 1 1 0
1 1 1 0 0 0 0 0 0 0
1 1 0 0 0 0 0 0 0 0
1 1 0 0 0 0 0 0 0 0
1 1 1 1 1 1 1 1 1 1
1 1 1 0 0 0 0 0 0 0
0 1 1 1 1 1 0 0 0 0
0 1 1 0 0 0 0 0 0 0
0 1 1 0 0 0 0 0 0 0
0 1 1 1 2 1 1 1 0 0
Maze 163
105 45 2.9090909091 2.2580311572 73 0.371980638387271
85 31 42 7 60 58 98 9 1 24 6 100 51 34 12 85
81 41 2 57 400 400 8 400 21 4 96 91 31 32 82
401 401 402 401 400 400 402 400 401 402 401 401 402 401 401
1 1 1 1 1 1 1 1 1 0
1 1 0 1 0 1 1 1 0 0
1 1 1 1 0 1 1 1 0 0
1 1 1 1 0 1 1 1 0 0
1 1 0 0 0 1 1 1 0 0
1 1 0 0 0 1 1 1 1 1
1 1 0 0 0 1 0 1 0 0
1 1 0 0 0 1 0 1 0 0
1 1 1 1 2 1 0 1 0 0
1 1 1 1 1 1 1 1 1 1
Maze 164
107 28 3.5294117647 2.0348505379 105 0.379711789759432
71 8 6 15 93 20 19 1 94 3 67 35 87 56 61 71
1 400 5 13 13 400 11 91 93 63 65 85 86 51 400
402 400 402 402 402 400 401 401 401 401 401 401 401 402 400
1 1 1 1 1 1 1 1 0 0
1 1 1 1 1 1 1 1 1 1
1 0 1 0 0 0 0 0 0 0
1 0 1 0 1 0 0 0 0 0
1 0 1 0 1 0 0 0 0 0
1 1 1 1 1 1 0 0 0 0
1 0 1 1 1 1 1 0 0 0
2 0 1 0 1 1 0 0 0 0
1 0 1 0 1 1 1 0 0 0
1 1 1 1 0 0 0 0 0 0
Maze 165
103 15 3.4666666667 1.7878264509 65 0.383874245626650
13 69 83 29 71 49 49 62 41 37 17 16 73 49 23 13
63 63 23 21 41 400 42 61 31 400 400 13 43 43 400
401 402 402 402 402 400 402 401 402 400 400 402 402 401 400
0 0 0 0 0 0 0 0 0 0
0 0 2 1 1 1 1 0 0 0
1 1 1 1 1 1 1 1 1 0
1 1 1 1 1 1 1 0 0 0
1 1 1 1 1 1 1 1 1 0
1 1 1 0 0 0 0 0 0 0
1 1 1 1 1 1 1 1 1 0
1 0 1 0 0 0 0 0 0 0
0 0 1 0 0 0 0 0 0 0
0 0 0 0 0 0 0 0 0 0
Maze 166
101 452 3.3207547170 2.1137200236 58 0.377608972165696
54 31 74 50 19 63 16 63 31 36 59 94 8 37 42 54
51 71 44 49 13 13 13 61 400 56 54 4 7 32 52
401 401 402 401 402 402 402 401 400 401 402 402 402 402 401
0 0 0 1 1 1 1 1 0 0
0 0 1 1 1 1 1 1 1 0
0 0 1 1 0 0 1 0 1 0
1 1 1 1 1 1 1 0 1 0
1 1 1 1 1 1 1 1 1 1
1 1 1 2 1 1 1 1 1 0
1 1 1 1 0 0 0 0 0 0
1 1 1 1 0 0 0 0 0 0
0 0 0 1 0 0 0 0 0 0
0 0 0 1 0 0 0 0 0 0
Maze 167
95 19 2.8679245283 2.0289621172 71 0.389403447002347
23 19 1 13 71 5 60 68 17 11 60 89 77 66 83 23
13 11 11 11 1 55 58 67 400 51 59 87 76 63 400
402 401 401 402 402 401 402 401 400 401 402 401 401 402 400
1 1 1 1 1 0 0 0 0 0
1 1 1 1 1 1 1 1 1 0
1 0 2 0 1 0 1 0 0 0
1 0 1 0 1 0 1 0 0 0
1 0 1 0 1 0 1 0 0 0
1 1 1 1 1 1 1 1 1 1
1 0 1 1 1 1 1 1 1 0
1 0 1 0 0 1 1 0 1 0
0 0 1 0 0 0 1 1 1 0
0 0 0 0 0 0 0 0 0 0
Maze 168
93 87 3.0638297872 2.0055919533 31 0.384536663181738
65 86 58 87 31 47 62 45 56 71 27 97 51 87 56 65
85 56 57 81 41 42 42 55 51 21 400 91 81 86 55
401 402 402 401 401 402 402 401 402 402 400 401 401 401 402
0 0 0 0 0 0 0 0 0 0
0 0 0 0 0 0 0 0 0 0
1 1 1 1 1 1 1 0 0 0
1 0 0 0 0 0 1 0 0 0
1 1 1 1 1 1 1 0 0 0
1 1 1 1 1 1 1 1 0 0
1 1 0 0 2 1 1 0 0 0
1 0 0 0 1 1 1 0 0 0
1 1 1 1 1 1 1 0 0 0
1 1 1 1 1 1 1 0 0 0
Maze 169
103 19 3.7916666667 2.0359730652 50 0.376300598801877
22 1 86 94 89 61 26 6 57 25 38 37 72 7 92 22
21 81 84 84 81 21 400 56 55 35 400 32 2 2 400
401 401 402 402 401 402 400 401 401 401 400 402 402 402 400
1 1 1 1 1 1 1 0 0 0
1 1 0 0 0 1 0 0 0 0
1 2 1 1 1 1 0 0 0 0
1 1 1 1 1 1 1 1 0 0
1 1 0 0 1 1 0 0 0 0
1 1 0 0 1 1 1 0 0 0
1 1 0 0 0 0 0 0 0 0
1 1 0 0 0 0 0 0 0 0
1 1 1 1 1 1 1 1 1 0
0 1 0 1 0 0 0 0 0 0
Maze 170
95 108 3.3461538462 2.1275846358 77 0.391723317345215
83 29 54 20 98 90 97 73 22 66 48 65 65 32 47 83
23 24 14 18 88 87 93 72 62 46 45 400 62 42 43
402 402 402 402 402 402 401 401 401 402 402 400 401 401 402
0 0 0 0 0 0 0 0 0 0
0 0 0 1 1 1 1 1 1 1
0 1 1 1 1 1 1 1 1 0
0 1 1 1 0 0 0 1 0 0
0 1 1 1 1 1 1 1 0 0
0 1 1 1 1 1 0 1 0 0
0 1 1 1 1 1 0 1 0 0
0 1 1 0 0 0 0 1 0 0
0 0 2 0 0 0 1 1 1 1
0 0 1 1 1 1 1 1 0 0
Maze 171
103 17 3.3750000000 1.8323485676 77 0.395363780723576
70 36 69 43 88 36 6 96 50 35 63 6 20 12 20 70
66 66 63 83 86 400 400 46 45 33 3 16 400 400 400
401 401 401 401 401 400 400 402 401 402 402 401 400 400 400
0 0 1 1 1 1 0 0 0 0
0 1 1 1 1 1 1 1 1 1
0 0 1 0 0 1 0 0 0 1
0 0 1 1 1 1 0 0 0 1
0 0 1 0 1 1 1 1 1 1
0 0 1 0 0 1 0 0 0 1
0 0 1 1 1 1 1 1 1 2
0 0 1 0 0 1 0 0 0 0
0 0 1 1 1 1 1 1 0 0
0 0 0 0 0 1 0 0 0 0
Maze 172
89 112 3.0212765957 2.0042468333 40 0.379594539219898
58 86 43 72 7 30 25 66 2 12 32 64 68 95 22 58
56 83 42 2 27 400 65 62 400 400 62 400 65 92 52
402 401 402 402 401 400 401 401 400 400 401 400 402 401 401
0 1 1 1 1 1 1 0 0 0
0 1 0 0 0 0 1 0 0 0
0 1 0 0 1 1 1 1 1 1
0 1 0 0 1 0 0 0 0 0
0 1 1 0 1 0 0 0 0 0
0 1 1 1 1 1 1 2 0 0
0 1 1 1 1 1 1 1 0 0
0 1 1 0 1 1 0 0 0 0
0 1 1 1 1 1 0 0 0 0
0 1 1 1 1 0 0 0 0 0
Maze 173
95 117 3.5510204082 2.1070469813 66 0.380982341078117
95 67 33 28 41 80 15 85 63 70 22 95 84 85 84 95
65 63 23 21 71 75 400 83 400 62 92 94 400 400 94
402 401 402 402 401 401 400 401 400 401 401 401 400 400 401
0 0 0 0 0 0 0 0 0 0
0 0 0 0 1 0 0 0 0 0
1 1 1 1 1 1 1 1 0 0
1 1 1 0 1 0 0 0 0 0
1 1 1 0 1 0 0 0 0 0
1 1 1 0 1 0 0 0 0 0
1 1 1 1 1 1 1 1 1 1
1 1 1 1 1 1 1 1 1 1
0 1 1 1 1 0 0 0 0 0
0 1 1 1 2 0 0 0 0 0
Maze 174
77 34 2.7555555556 1.9844081985 35 0.372031173013352
82 73 47 6 89 30 46 37 8 76 69 39 50 28 54 82
72 43 46 86 29 26 36 7 6 66 400 49 48 24 52
402 402 401 401 402 402 402 402 402 402 400 401 401 402 402
0 0 0 0 0 1 1 1 0 0
0 0 0 0 0 1 1 0 0 0
0 0 0 1 1 1 1 1 1 1
0 0 0 1 0 1 1 1 1 0
0 0 1 1 1 1 1 1 1 1
0 1 1 1 0 1 0 0 1 0
0 1 1 0 0 1 1 1 1 0
0 1 1 0 0 1 0 0 1 0
0 2 0 0 0 1 1 1 1 0
0 0 0 0 0 0 0 0 0 0
Maze 175
73 38 2.8979591837 2.2101918335 16 0.350614770600893
51 55 42 77 87 37 16 9 71 21 18 17 47 63 32 51
400 52 72 400 400 36 6 1 400 11 400 400 43 62 31
400 401 401 400 400 401 402 402 400 402 400 400 402 401 402
1 1 1 1 1 1 1 1 1 0
1 1 1 1 1 1 1 1 0 0
1 0 0 0 0 1 1 0 0 0
1 1 0 0 0 1 1 0 0 0
1 1 1 1 1 1 1 0 0 0
2 1 1 1 1 0 1 0 0 0
1 1 1 0 0 0 1 0 0 0
1 1 1 1 1 1 1 0 0 0
0 0 0 0 0 0 1 0 0 0
0 0 0 0 0 0 0 0 0 0
Maze 176
93 33 3.6666666667 1.9338650376 22 0.394484384717009
16 10 2 25 43 77 54 90 4 86 43 12 55 64 44 16
6 400 22 23 73 74 84 84 84 83 42 52 54 400 14
402 400 401 402 401 401 401 401 401 401 401 401 402 400 402
0 1 1 1 1 1 1 1 1 1
0 1 0 1 1 2 0 0 0 0
0 1 1 1 1 0 0 0 0 0
0 1 1 1 0 0 0 0 0 0
0 1 1 1 0 0 0 0 0 0
0 1 1 1 1 0 0 0 0 0
0 0 1 1 0 0 0 0 0 0
0 0 1 1 1 1 1 0 0 0
0 0 1 1 1 1 1 1 1 1
0 0 0 0 0 0 0 0 0 0
Maze 177
91 181 3.2549019608 2.1068143408 50 0.384352122041068
81 54 68 32 15 67 59 31 42 34 48 97 83 22 88 81
51 64 62 12 65 57 51 41 32 44 47 93 82 82 400
402 401 401 402 401 402 401 401 402 401 402 401 401 401 400
0 0 0 0 0 0 0 0 0 0
0 1 1 1 1 0 0 0 0 0
0 1 0 0 1 0 0 0 0 0
1 1 1 1 1 0 0 0 0 0
1 1 0 1 1 1 1 1 0 0
1 1 1 1 1 1 1 1 1 0
1 1 1 1 1 1 1 1 0 0
1 1 0 0 0 0 1 0 0 0
2 1 1 1 1 1 1 1 0 0
0 0 1 1 1 1 1 0 0 0
Maze 178
89 39 3.3061224490 2.1239033607 44 0.388082439470549
32 97 33 57 28 84 35 69 57 88 95 68 27 27 59 32
92 93 53 27 24 34 65 67 87 85 65 67 400 57 52
401 401 401 402 402 402 401 401 401 402 402 401 400 401 401
0 0 0 0 0 0 0 0 0 0
0 0 0 0 0 0 0 0 0 0
0 0 0 1 1 1 1 1 0 0
0 2 1 1 1 0 1 0 0 0
0 1 1 1 1 0 1 0 0 0
0 1 1 1 1 1 1 1 1 0
0 1 1 1 1 1 1 1 1 0
0 1 1 1 1 0 1 0 0 0
0 1 1 1 1 1 1 1 0 0
0 1 1 1 1 1 1 0 0 0
Maze 179
79 13 3.1739130435 2.1302935356 30 0.364501521566344
33 27 90 27 14 3 3 4 1 28 95 80 34 56 66 33
23 87 87 24 13 400 400 400 21 25 75 74 54 400 63
402 401 401 401 401 400 400 400 401 402 402 401 401 400 401
1 1 1 1 0 0 0 0 0 0
1 0 1 1 0 0 0 0 0 0
1 1 1 1 1 1 1 1 0 0
0 0 2 1 1 0 1 0 0 0
0 0 1 1 1 0 1 0 0 0
0 0 1 1 1 1 1 0 0 0
0 0 1 1 1 1 1 0 0 0
0 0 0 1 1 1 1 1 1 1
0 0 0 0 1 0 1 1 1 1
0 0 0 0 1 0 0 0 0 0
Maze 180
99 60 3.4166666667 1.9345424077 65 0.370027743165750
44 77 55 57 5 89 65 86 8 4 71 24 49 5 58 44
74 75 400 55 85 85 85 6 400 1 21 44 45 55 54
401 401 400 401 401 401 401 402 400 402 402 401 401 401 401
1 1 1 1 1 1 1 1 0 0
1 0 0 0 1 1 0 0 0 0
1 1 1 1 1 1 0 0 0 0
1 0 0 1 1 1 0 0 0 0
1 0 0 2 1 1 1 1 1 0
1 0 0 1 1 1 1 1 0 0
1 0 0 1 1 1 0 0 0 0
1 0 0 1 1 1 1 0 0 0
0 0 0 0 1 1 1 1 1 0
0 0 0 0 0 0 0 0 0 0
Maze 181
115 1511 3.3442622951 2.1219120290 140 0.389785776170143
39 92 36 28 87 40 81 78 10 35 97 60 36 67 34 39
32 32 26 27 37 31 71 8 5 95 57 56 66 64 400
402 402 402 402 402 402 402 402 402 401 402 401 401 401 400
0 0 0 0 1 1 1 1 1 1
0 0 0 0 1 0 0 1 0 0
0 0 0 0 1 1 1 1 0 0
1 1 1 1 1 1 1 1 2 1
1 1 0 1 1 1 1 1 0 0
1 1 0 1 1 1 1 1 1 1
1 1 0 1 1 1 1 1 0 0
1 1 1 1 1 1 1 1 0 0
1 1 0 0 1 0 1 0 0 0
0 1 0 0 1 1 1 0 0 0
Maze 182
97 155 2.8387096774 2.2126880212 77 0.390334149870252
88 73 42 19 99 35 59 63 36 37 64 21 20 7 55 88
83 72 12 400 95 55 53 33 400 34 61 11 17 5 85
401 401 402 400 401 401 402 402 400 402 401 402 401 402 401
0 0 0 0 1 1 1 0 0 0
1 1 1 1 1 1 1 1 1 1
1 1 0 0 1 0 0 0 1 0
1 1 1 1 1 1 1 0 1 0
1 1 1 1 1 0 0 0 1 0
1 1 1 1 1 1 1 1 1 0
1 1 1 1 1 0 0 0 1 0
0 1 1 0 1 0 0 0 1 0
0 0 1 1 1 1 1 2 1 0
0 0 0 0 1 1 1 1 1 0
Maze 183
101 99 3.0545454545 1.9968846417 71 0.382590109701824
22 89 89 30 28 99 53 98 14 90 98 72 77 48 24 22
82 400 29 400 98 93 93 94 84 88 92 400 47 44 400
401 400 402 400 401 401 401 401 401 402 401 400 402 401 400
0 0 0 0 0 0 0 0 0 0
0 0 0 1 0 0 0 0 0 0
0 2 1 1 0 0 0 1 1 1
0 1 0 1 0 0 0 1 1 0
0 1 0 1 1 1 1 1 1 0
0 1 1 1 0 0 1 1 1 0
0 1 1 1 0 0 1 1 1 0
0 1 1 1 1 1 1 1 1 0
0 1 1 1 1 1 1 1 1 1
0 1 1 1 1 1 1 1 1 0
Maze 184
95 23 3.0370370370 2.0649466257 55 0.392817027429197
56 4 32 42 100 92 96 63 40 28 59 64 94 19 13 56
54 2 400 92 400 400 93 33 38 58 54 400 14 400 53
401 402 400 401 400 400 401 402 401 401 402 400 402 400 401
0 1 1 1 0 0 0 0 0 0
0 1 1 1 1 1 1 1 1 0
0 1 1 1 0 0 0 1 0 0
0 1 1 1 1 1 1 1 1 1
0 1 1 1 0 0 0 1 0 0
0 1 1 1 1 2 1 1 1 0
0 1 1 1 0 0 0 0 0 0
0 1 1 1 0 0 0 0 0 0
0 1 1 1 0 0 0 0 0 0
0 1 1 1 1 1 1 1 1 1
Maze 185
107 103 2.9152542373 2.0137286468 90 0.367053078986779
73 62 78 10 31 81 29 16 41 81 4 87 46 7 44 73
72 72 8 1 400 21 26 11 400 1 84 86 6 4 43
401 401 402 402 400 402 401 402 400 402 401 401 402 402 402
1 1 1 1 1 1 1 1 1 1
1 1 1 1 1 1 0 1 0 0
1 1 1 1 1 1 1 1 1 0
1 0 0 1 0 1 0 1 0 0
1 0 1 1 0 1 0 1 0 0
1 0 1 1 0 1 0 1 0 0
1 1 1 1 0 1 0 1 0 0
1 1 2 1 1 1 1 1 0 0
1 0 0 1 1 1 1 0 0 0
0 0 0 0 0 0 0 0 0 0
Maze 186
105 206 3.5000000000 2.1105177172 70 0.386157636805374
88 41 25 71 100 85 37 50 84 87 29 97 47 26 94 88
81 21 21 91 95 35 47 44 400 27 27 400 46 24 84
401 402 402 401 401 402 401 402 400 402 402 400 401 402 402
0 0 0 0 0 0 0 0 0 0
0 0 0 0 0 0 0 0 0 0
1 1 1 1 1 1 1 1 1 0
1 0 0 1 1 1 1 0 0 0
1 0 0 1 1 1 1 1 1 1
1 0 0 1 1 0 1 0 0 0
1 0 0 1 1 0 1 0 0 0
1 0 0 1 1 0 1 0 0 0
1 1 1 1 1 1 1 2 0 0
1 1 1 1 1 1 1 1 1 1
Maze 187
99 112 2.9818181818 2.0708490455 56 0.370748787499622
99 72 88 52 51 38 87 79 50 21 89 46 82 84 66 99
92 82 82 400 31 37 77 49 41 81 86 42 400 64 96
401 401 401 400 402 402 402 402 401 401 401 402 400 402 401
0 0 0 0 0 0 0 0 0 0
0 0 0 0 0 0 0 0 0 0
1 0 0 0 0 0 0 0 0 0
1 1 1 1 1 1 1 1 0 0
1 1 1 1 1 1 1 1 1 1
1 1 0 0 0 1 1 0 1 0
1 1 0 1 1 1 1 0 1 0
1 1 0 1 0 1 1 1 1 0
1 1 1 1 1 1 1 1 1 0
0 1 1 1 1 1 1 1 2 0
Maze 188
123 1128 3.2121212121 2.1405584293 140 0.387004314371193
32 35 71 90 23 92 92 70 28 92 10 87 94 64 79 32
400 31 81 83 22 400 62 68 22 2 7 84 400 74 72
400 402 401 401 402 400 402 401 402 402 402 402 400 401 401
0 1 1 1 1 1 1 1 1 1
0 1 0 0 0 0 1 0 0 0
0 1 1 1 1 1 1 1 0 0
1 2 1 1 1 0 1 1 0 0
1 1 1 0 0 0 1 1 0 0
1 1 1 0 0 0 1 1 0 0
1 1 1 1 1 1 1 1 1 1
1 1 1 1 1 1 1 1 1 0
1 1 1 1 1 1 1 1 1 1
0 1 0 1 0 0 0 0 0 0
Maze 189
81 56 2.7142857143 1.7015739188 30 0.379973441879800
56 49 42 73 49 36 17 45 50 42 77 49 68 61 33 56
46 400 72 43 46 16 15 400 400 72 47 48 400 31 53
402 400 401 402 401 402 402 400 400 401 402 402 400 402 401
0 0 0 0 0 0 0 0 0 0
0 0 0 0 1 1 1 0 0 0
0 0 0 0 1 1 0 0 0 0
1 1 1 0 1 1 0 0 0 0
1 1 1 1 1 1 1 1 1 1
1 1 1 1 1 2 1 1 0 0
1 1 1 1 1 1 1 1 0 0
0 1 1 1 1 1 1 0 0 0
0 0 0 0 0 0 0 0 0 0
0 0 0 0 0 0 0 0 0 0
Maze 190
79 104 3.0666666667 2.0394153354 19 0.386028943942745
70 58 75 26 48 30 59 81 35 76 24 45 47 36 5 70
68 55 25 46 28 29 51 31 75 74 44 400 46 35 65
401 402 402 401 402 402 402 402 401 401 401 400 401 401 401
0 0 0 0 1 0 0 0 0 0
0 0 0 0 1 0 0 0 0 0
0 0 0 1 1 1 0 1 1 1
1 1 1 1 1 1 0 1 1 0
1 0 0 1 1 1 1 1 1 0
1 1 1 1 1 1 1 1 1 0
1 0 0 1 1 1 1 1 1 2
1 0 0 1 1 1 0 0 0 0
1 0 0 0 0 0 0 0 0 0
0 0 0 0 0 0 0 0 0 0
Maze 191
93 60 3.1020408163 1.9567232082 45 0.376827377727955
9 85 77 96 20 9 34 61 62 66 16 84 19 24 2 9
5 75 76 16 19 4 31 400 400 400 14 14 14 22 400
402 402 402 402 401 402 402 400 400 400 402 402 402 401 400
0 1 1 1 1 1 1 1 2 0
0 1 0 1 1 1 1 1 1 1
0 1 1 1 1 1 0 0 0 0
1 1 1 1 1 1 0 0 0 0
1 0 0 1 1 1 0 0 0 0
1 0 0 1 1 1 0 0 0 0
1 1 1 1 1 1 0 0 0 0
0 0 0 1 1 1 1 0 0 0
0 0 0 1 1 1 0 0 0 0
0 0 0 0 0 1 0 0 0 0
Maze 192
97 131 3.0181818182 2.1872580440 71 0.382117550541093
34 42 35 49 99 3 87 69 32 77 68 21 93 72 33 34
32 32 45 400 93 83 67 62 72 67 61 91 92 32 400
402 402 401 400 401 401 402 401 401 402 401 401 401 402 400
0 0 1 0 0 0 0 0 0 0
0 0 1 0 0 0 0 0 0 0
1 0 1 0 0 0 0 0 0 0
1 1 1 2 1 0 0 0 0 0
1 1 1 0 1 1 1 1 1 0
1 1 1 0 0 0 0 0 1 0
1 1 1 1 1 1 1 1 1 0
1 1 1 1 1 1 1 0 1 0
1 1 1 1 1 1 1 0 1 0
1 1 1 1 1 1 1 1 1 0
Maze 193
65 23 2.7555555556 2.2406644220 13 0.395269564950495
22 25 87 88 45 63 68 65 63 31 24 58 8 16 31 22
400 85 400 85 43 400 400 400 61 21 54 400 6 11 21
400 401 400 401 402 400 400 400 401 402 401 400 402 402 402
0 0 0 0 0 1 1 1 0 0
1 1 1 1 1 1 0 1 0 0
1 2 1 1 1 0 0 1 0 0
1 0 0 1 1 0 0 1 0 0
1 0 1 1 1 0 0 1 0 0
1 0 1 1 1 1 1 1 0 0
1 1 1 1 1 1 1 1 0 0
0 0 0 0 1 0 0 0 0 0
0 0 0 0 1 1 1 1 0 0
0 0 0 0 0 0 0 0 0 0
Maze 194
91 22 3.0400000000 1.9563276022 41 0.358510565948912
66 22 60 55 49 77 58 44 49 77 14 7 41 77 80 66
62 52 400 45 47 57 54 400 47 74 4 1 71 400 76
401 401 400 402 402 402 401 400 402 401 402 402 401 400 401
1 1 1 1 1 1 1 0 0 0
1 0 0 1 0 0 0 0 0 0
1 1 0 1 0 0 0 0 0 0
1 1 0 1 0 0 0 0 0 0
1 1 0 1 1 1 1 1 1 0
1 1 1 1 1 1 1 1 1 1
1 1 1 1 1 2 1 0 0 0
1 1 1 1 1 1 1 1 1 1
0 0 0 0 0 0 0 0 0 0
0 0 0 0 0 0 0 0 0 0
Maze 195
119 63 3.5087719298 2.1032640357 131 0.377408884535161
86 11 58 14 99 4 30 8 53 63 23 6 61 5 15 86
81 51 54 94 94 24 28 3 400 400 3 1 1 400 85
401 401 401 401 401 401 401 402 400 400 402 402 402 400 401
1 1 1 1 1 1 1 1 0 0
1 0 1 1 1 0 0 1 0 0
1 0 1 1 1 1 1 1 1 1
1 0 1 1 1 0 0 0 0 0
1 0 1 1 1 0 0 0 0 0
1 1 1 1 1 1 1 1 0 0
1 0 1 1 1 0 0 0 0 0
1 0 0 1 1 0 0 0 0 0
1 1 1 1 1 2 0 0 0 0
0 0 0 1 1 1 1 1 1 0
Maze 196
97 11 3.3061224490 2.1223199761 64 0.383081686964699
65 21 4 35 47 61 15 7 41 39 81 68 59 53 41 65
61 1 34 45 41 11 5 1 31 31 61 58 400 51 61
401 402 401 401 402 402 402 402 402 402 402 402 400 401 401
1 1 1 1 1 1 1 0 0 0
1 1 1 1 1 0 0 0 0 0
1 0 0 1 0 0 0 0 0 0
1 1 1 1 1 1 1 1 1 0
1 1 1 1 1 1 1 0 0 0
1 1 1 1 1 1 1 1 1 0
1 1 1 1 2 1 1 1 0 0
1 0 0 0 0 0 0 0 0 0
1 0 0 0 0 0 0 0 0 0
0 0 0 0 0 0 0 0 0 0
Maze 197
75 12 3.0666666667 2.1958185718 30 0.360052359656839
56 61 97 58 67 16 15 25 73 63 40 52 53 82 37 56
51 91 57 57 66 400 400 23 400 33 32 400 52 32 36
402 401 402 402 401 400 400 402 400 402 402 400 402 402 402
0 0 0 0 0 0 0 0 0 0
0 0 0 0 1 1 0 0 0 0
0 0 1 1 1 1 0 0 0 0
0 1 1 1 1 1 1 1 1 1
0 1 1 0 0 1 0 0 0 0
1 1 1 1 1 2 1 1 0 0
1 1 1 0 0 1 1 0 0 0
1 1 1 0 0 0 1 0 0 0
1 1 0 0 0 0 1 0 0 0
1 1 1 1 1 1 1 0 0 0
Maze 198
101 117 3.9565217391 2.0131844052 70 0.390686231735339
17 73 37 55 26 29 12 66 60 33 27 94 68 71 62 17
13 33 35 25 400 22 62 56 53 23 24 64 61 61 12
402 402 402 402 400 401 401 402 401 402 402 402 402 402 402
0 0 0 0 0 0 0 0 0 0
0 1 1 1 1 1 2 0 0 0
0 1 1 1 1 1 1 1 1 0
0 1 1 1 1 1 1 0 0 0
0 1 1 1 1 0 0 0 0 0
0 1 1 1 1 1 1 1 1 1
1 1 1 1 1 1 1 1 0 0
1 0 1 1 0 0 0 0 0 0
0 0 0 1 0 0 0 0 0 0
0 0 0 1 0 0 0 0 0 0
Maze 199
131 153 3.4838709677 1.9599119571 160 0.387162035457759
90 33 83 18 34 50 76 1 96 8 26 74 81 6 23 90
83 400 13 14 44 46 71 91 6 6 24 71 1 3 83
401 400 402 402 401 402 401 401 402 402 402 402 402 402 401
1 1 1 1 1 1 1 1 0 0
1 0 1 1 1 1 1 1 0 0
1 0 1 1 1 1 0 0 0 0
1 0 1 1 0 1 0 0 0 0
1 0 1 1 1 1 1 1 1 1
1 0 1 1 0 1 0 0 0 0
1 0 1 1 0 1 0 0 0 0
1 1 1 1 1 1 0 0 0 0
1 0 1 1 1 1 1 1 1 2
1 1 1 1 1 1 0 0 0 0
Maze 200
85 36 3.0000000000 2.1278622236 40 0.387419068936388
93 92 41 64 95 74 68 69 56 9 98 35 70 36 79 93
400 91 61 94 94 64 400 66 6 8 95 65 66 76 73
400 401 401 401 401 402 400 401 402 402 401 401 401 401 402
0 0 0 0 0 1 1 1 1 0
0 0 0 0 0 1 0 1 0 0
0 0 0 0 0 1 0 1 0 0
0 0 0 0 1 1 0 1 0 0
1 0 0 0 1 1 0 1 0 0
1 0 0 0 1 1 0 1 0 0
1 1 1 1 1 1 1 1 1 1
1 0 1 1 1 1 1 1 1 0
1 0 1 1 1 0 0 1 0 0
1 1 2 1 1 1 1 1 0 0
