numMazes: 200
mazeSize: 10
Maze 1
97 54 3.1864406780 2.3294971503 55 0.402991733444378
25 31 35 2 81 99 66 44 48 74 89 73 20 31 26 25
21 400 32 1 91 96 64 400 44 84 83 13 11 21 400
402 400 401 402 401 401 401 400 402 401 401 402 402 402 400
1 1 0 0 0 0 0 0 0 0
1 1 1 1 1 1 1 1 1 1
1 1 1 1 2 1 0 0 0 0
1 1 1 1 1 0 0 0 0 0
1 0 1 1 1 1 1 1 0 0
1 0 1 1 0 0 0 0 0 0
1 0 1 1 1 1 0 0 0 0
1 0 1 1 0 1 0 0 0 0
1 0 1 1 1 1 1 1 1 0
1 1 1 1 1 1 1 1 1 0
Maze 2
71 4 3.1162790698 2.0857945676 16 0.402747351894301
18 13 31 21 21 17 47 49 53 59 93 89 75 60 69 18
400 11 400 400 11 400 400 43 400 53 83 85 55 59 68
400 402 400 400 402 400 400 402 400 402 402 401 402 402 401
0 0 0 0 0 0 0 0 0 0
1 1 1 1 1 1 1 2 0 0
1 0 0 0 0 0 1 1 0 0
1 0 0 0 0 0 1 1 0 0
0 0 1 1 1 1 1 1 1 0
0 0 1 1 1 1 1 1 1 1
0 0 1 0 1 0 0 1 1 0
0 0 1 0 1 0 0 0 0 0
0 0 1 1 1 1 1 1 1 0
0 0 1 0 0 0 0 0 0 0
Maze 3
103 29 3.4166666667 1.9043636265 47 0.391865069382433
17 83 31 70 53 63 89 2 4 44 93 13 75 64 3 17
13 81 61 63 400 83 82 400 400 43 400 73 74 63 13
402 401 401 401 400 401 401 400 400 402 400 401 401 401 401
0 1 1 1 0 0 0 0 0 0
0 1 1 1 1 1 2 0 0 0
0 1 1 1 0 0 0 0 0 0
1 1 1 1 0 0 0 0 0 0
1 1 1 1 0 0 0 0 0 0
1 1 1 0 0 0 0 0 0 0
1 1 1 1 1 1 1 1 1 1
1 1 1 1 1 0 0 0 0 0
1 1 1 1 1 1 1 1 1 0
0 0 1 0 0 0 0 0 0 0
Maze 4
105 56 3.1851851852 2.0286952934 104 0.372551272002370
34 41 60 50 44 77 84 20 26 7 33 76 3 78 2 34
31 51 400 400 74 74 14 16 6 3 73 73 73 72 32
402 401 400 400 401 402 402 402 402 402 401 401 401 401 401
0 1 1 1 1 1 1 0 0 0
0 1 1 1 1 1 1 1 1 1
0 1 1 1 0 1 0 0 0 0
1 1 1 2 0 0 0 0 0 0
1 1 1 1 1 1 1 1 1 1
1 1 1 1 1 1 1 1 1 1
0 1 1 1 0 0 0 0 0 0
0 1 1 1 1 1 1 1 0 0
0 0 0 1 0 0 0 0 0 0
0 0 0 0 0 0 0 0 0 0
Maze 5
103 83 2.8484848485 2.2805926570 70 0.371919006021078
88 73 45 79 56 30 25 19 59 51 94 21 96 42 39 88
83 43 75 76 26 400 15 400 400 91 91 91 92 32 38
401 402 401 401 402 400 402 400 400 401 401 401 401 402 402
0 0 0 0 0 0 0 0 0 0
0 0 0 0 1 1 1 1 1 0
1 0 0 0 1 1 1 1 1 1
1 1 1 1 1 1 1 1 1 0
1 1 1 1 1 1 0 1 1 0
1 1 1 1 1 1 1 1 1 0
1 1 1 0 1 1 0 1 0 0
1 1 1 0 1 1 1 1 1 0
1 1 1 1 1 1 1 2 0 0
1 1 1 1 1 1 0 0 0 0
Maze 6
83 13 3.3333333333 1.9943199809 26 0.370927619475045
66 94 53 94 65 70 33 42 18 27 19 64 48 96 44 66
64 93 93 64 400 63 32 12 17 17 14 44 46 94 64
402 401 401 402 400 401 402 402 402 402 402 402 402 401 401
0 0 0 0 0 0 0 0 0 0
0 1 1 1 1 1 1 1 1 0
0 1 0 1 0 0 1 0 0 0
0 1 1 1 0 0 0 0 0 0
0 1 1 1 1 1 1 1 0 0
0 0 1 1 0 1 0 0 0 0
0 0 1 1 1 2 1 1 1 1
0 0 1 1 0 1 0 0 0 0
0 0 1 1 0 1 0 0 0 0
0 0 1 1 1 1 0 0 0 0
Maze 7
113 2330 3.2063492063 2.2337038277 112 0.380941850321933
33 1 88 34 92 28 78 5 21 45 72 36 97 70 38 33
31 81 84 32 22 400 75 1 41 42 32 96 67 68 400
401 401 401 402 402 400 401 402 401 402 402 401 402 401 400
1 1 1 1 1 0 0 0 0 0
1 0 0 0 1 0 0 0 0 0
1 1 1 1 1 1 1 1 0 0
1 1 2 1 1 1 1 1 0 0
1 1 1 1 1 1 0 1 0 0
1 1 0 1 1 1 0 1 0 0
1 1 0 1 1 1 1 1 1 1
1 1 0 1 1 1 1 1 0 0
1 1 1 1 1 1 1 1 0 0
0 1 0 0 0 1 1 0 0 0
Maze 8
103 17 3.6410256410 1.6416540247 44 0.380013200192586
24 88 4 57 63 8 64 41 63 82 87 65 63 83 10 24
84 84 54 53 3 4 61 61 62 400 85 400 400 3 4
401 401 401 402 402 402 401 401 402 400 401 400 400 402 402
0 0 1 1 1 1 1 1 1 1
0 0 1 1 0 0 0 0 0 0
0 0 1 2 0 0 0 0 0 0
0 0 1 1 0 0 0 0 0 0
1 0 1 1 0 0 0 0 0 0
1 0 1 1 1 1 1 0 0 0
1 1 1 1 1 0 0 0 0 0
0 1 1 1 1 0 0 0 0 0
0 1 1 1 1 1 1 1 0 0
0 0 0 0 0 0 0 0 0 0
Maze 9
85 13 3.0000000000 2.0892875990 56 0.361836728018948
42 50 28 69 7 17 55 4 35 41 99 55 47 35 49 42
400 48 68 67 400 15 54 34 31 91 95 45 45 45 400
400 401 401 401 400 402 401 401 402 401 401 402 401 401 400
0 0 0 1 0 0 1 0 0 0
0 0 0 1 1 1 1 0 0 0
0 0 0 1 1 0 1 1 0 0
1 1 1 1 1 0 1 1 0 0
1 2 1 1 1 1 1 1 1 1
1 0 0 1 1 0 1 1 0 0
1 0 0 0 1 0 1 1 1 0
1 0 0 0 1 0 0 0 0 0
1 0 0 0 1 0 0 0 0 0
1 1 1 1 1 1 1 1 1 0
Maze 10
85 23 2.8510638298 2.1189443476 33 0.396963003153630
54 66 62 91 25 47 71 46 81 60 47 50 50 100 65 54
64 400 61 21 45 41 41 41 51 57 400 400 400 95 64
401 400 402 402 401 402 402 402 402 401 400 400 400 401 401
0 0 0 0 0 0 0 0 0 0
0 0 0 0 0 0 0 0 0 0
1 1 1 1 1 0 0 0 0 0
1 0 0 0 1 0 0 0 0 0
1 1 1 1 1 1 1 1 1 1
1 1 1 2 1 1 1 1 1 1
1 1 1 1 1 1 0 0 0 1
1 0 0 0 1 0 0 0 0 1
1 0 0 0 1 0 0 0 0 1
1 0 0 0 1 1 1 1 1 1
Maze 11
119 112 3.3333333333 2.1137170656 90 0.377588379736329
22 6 26 78 9 72 18 51 89 72 52 81 6 93 71 22
2 400 76 8 2 12 11 81 82 400 51 1 3 91 21
402 400 401 402 402 402 402 401 401 400 402 402 402 401 402
1 1 1 1 1 1 1 1 1 0
1 1 1 1 1 1 1 1 0 0
1 2 1 0 0 1 0 1 0 0
1 1 1 0 0 1 0 1 0 0
1 1 1 0 0 1 0 1 0 0
1 1 1 0 0 1 0 1 0 0
1 1 1 0 0 1 0 1 0 0
1 1 1 0 0 1 1 1 0 0
1 1 1 1 1 1 1 1 1 0
1 1 1 0 0 0 0 0 0 0
Maze 12
85 93 3.4634146341 1.9562299112 56 0.391537951674891
58 7 46 63 60 66 27 64 94 69 26 36 89 57 33 58
57 6 43 53 56 26 24 400 64 66 400 86 87 53 53
401 402 402 402 402 402 402 400 402 401 400 401 401 401 401
0 0 0 0 0 1 1 0 0 0
0 0 0 0 0 1 1 0 0 0
0 0 0 1 1 1 1 0 0 0
0 0 1 1 0 1 1 0 0 0
0 0 1 1 1 1 1 0 0 0
0 0 1 1 1 1 1 2 1 1
0 0 1 1 1 1 1 1 1 0
0 0 0 1 0 1 1 0 0 0
0 0 0 1 0 1 1 1 1 0
0 0 0 1 0 0 0 0 0 0
Maze 13
81 52 2.7368421053 2.3140614082 26 0.383687253644494
8 92 31 40 6 37 76 78 45 84 81 85 77 69 27 8
2 91 400 36 36 36 400 75 44 400 400 75 67 67 7
402 401 400 401 401 402 400 401 402 400 400 402 402 401 402
0 1 1 1 1 1 1 2 0 0
0 1 0 0 0 1 1 0 0 0
0 1 0 0 0 1 1 0 0 0
1 1 1 1 1 1 1 1 1 1
1 1 0 1 1 1 1 0 0 0
1 1 0 1 1 1 1 0 0 0
1 1 0 1 1 1 1 1 1 0
1 1 0 1 1 1 1 1 0 0
1 1 1 1 1 0 0 0 0 0
1 1 0 0 0 0 0 0 0 0
Maze 14
93 10 2.8627450980 1.9992869340 36 0.384824236181759
6 91 77 91 81 77 79 90 100 61 24 2 77 94 46 6
1 71 71 400 71 400 89 400 91 21 22 72 74 44 400
402 402 402 400 402 400 401 400 401 402 401 401 402 402 400
1 1 1 1 1 2 0 0 0 0
1 1 0 0 0 1 0 0 0 0
1 1 1 1 0 1 0 0 0 0
1 1 0 0 0 1 0 0 0 0
1 1 0 1 1 1 0 0 0 0
1 1 0 1 0 0 0 0 0 0
1 1 0 1 0 0 0 0 0 0
1 1 1 1 1 1 1 1 1 0
1 0 0 1 0 0 0 0 1 1
1 1 1 1 1 1 1 1 1 1
Maze 15
105 37 3.4901960784 1.9708340383 92 0.378290454797574
87 24 34 4 100 70 94 33 41 32 93 79 3 99 65 87
84 400 400 94 400 64 93 31 31 92 73 73 93 95 85
401 400 400 401 400 402 401 402 402 401 402 401 401 401 401
0 0 1 1 0 0 0 0 0 0
0 0 1 1 0 0 0 0 0 0
0 0 1 1 0 0 0 0 0 0
1 1 1 1 0 0 0 0 0 0
1 1 1 1 0 0 0 0 0 0
0 1 1 1 0 0 0 0 0 0
0 1 1 1 1 1 1 1 1 1
0 1 1 1 1 1 1 1 1 1
0 1 1 1 1 1 2 0 0 1
0 1 1 1 1 1 1 1 1 1
Maze 16
109 1610 3.0294117647 2.2792540053 99 0.390172599163422
41 49 2 67 19 100 75 29 54 45 28 89 77 43 95 41
400 42 62 17 99 95 25 24 44 25 88 87 73 93 91
400 401 401 402 401 401 402 402 402 402 401 401 401 401 401
0 1 0 0 0 0 0 0 0 0
0 1 0 0 0 0 1 1 1 0
0 1 0 1 1 1 1 1 1 0
0 1 0 1 1 0 1 1 1 0
2 1 1 1 1 1 1 1 1 0
1 1 1 1 1 0 1 1 1 0
1 1 1 1 1 1 1 1 1 0
1 0 1 1 1 1 1 1 1 0
1 0 1 0 1 0 1 1 1 0
1 1 1 1 1 1 1 1 1 1
Maze 17
113 214 3.4035087719 2.0379923487 72 0.392285953091725
57 92 94 19 100 13 46 46 43 4 96 22 30 46 3 57
52 400 14 99 93 43 400 400 3 94 92 400 26 43 53
402 400 402 401 401 401 400 400 402 401 401 400 402 401 401
0 0 1 1 0 0 0 0 0 0
0 0 1 1 1 1 1 1 1 0
0 1 1 1 1 1 1 1 1 1
0 1 1 1 0 1 0 0 1 0
0 1 1 1 1 1 0 0 1 0
0 1 1 1 1 1 2 0 1 0
0 1 1 1 0 0 0 0 1 0
0 1 1 1 0 0 0 0 1 0
0 1 1 1 0 0 0 0 1 0
0 1 1 1 1 1 1 1 1 1
Maze 18
75 12 3.0416666667 2.2200808201 30 0.368979272567192
37 34 13 85 93 26 66 65 14 20 17 28 82 31 23 37
400 33 83 83 23 400 400 64 400 400 27 22 81 21 33
400 401 401 402 402 400 400 401 400 400 401 402 401 402 401
0 0 0 0 0 0 0 0 0 0
0 0 1 1 1 1 1 1 1 1
1 1 1 1 1 1 1 1 0 0
1 1 1 1 1 1 2 0 0 0
1 1 1 1 0 1 0 0 0 0
1 1 1 1 0 1 0 0 0 0
1 1 1 1 1 1 0 0 0 0
1 1 1 0 0 0 0 0 0 0
1 1 1 1 1 0 0 0 0 0
0 0 1 0 0 0 0 0 0 0
Maze 19
77 20 3.0476190476 1.9171401240 22 0.402127456061479
28 62 32 92 38 53 44 76 79 84 52 58 38 45 49 28
22 400 400 32 33 43 74 400 74 82 400 400 35 400 48
402 400 400 402 402 402 401 400 402 401 400 400 402 400 401
0 0 0 0 0 0 0 0 0 0
0 0 0 0 0 0 0 0 0 0
0 1 1 1 1 1 1 2 0 0
0 1 1 1 1 1 1 1 0 0
0 1 1 1 1 1 1 1 1 0
0 1 1 1 1 1 1 1 0 0
0 1 0 1 0 0 0 0 0 0
0 1 0 1 1 1 1 1 1 0
0 1 1 1 0 0 0 0 0 0
0 1 0 0 0 0 0 0 0 0
Maze 20
109 35 3.1272727273 2.0028468331 84 0.383039243186476
72 98 63 87 17 97 39 90 93 87 63 9 48 24 97 72
92 93 83 400 400 37 89 83 83 83 3 8 44 94 92
401 401 401 400 400 402 401 402 402 401 402 402 401 401 401
0 0 1 1 1 1 1 1 1 0
0 0 1 0 0 0 1 1 0 0
0 0 1 1 0 0 1 1 0 0
0 0 1 1 0 0 1 1 1 0
0 0 1 1 1 1 1 1 1 0
0 0 1 1 0 0 1 0 1 0
0 0 1 1 0 0 1 0 1 0
0 2 1 1 0 0 1 0 1 0
0 1 1 1 1 1 1 1 1 1
0 1 1 1 1 1 1 1 0 0
Maze 21
93 781 3.3461538462 2.1538174925 50 0.370309207967154
47 67 83 91 79 54 38 25 86 70 8 87 67 31 83 47
400 63 81 71 74 34 35 85 66 68 7 400 61 81 43
400 402 402 402 401 402 401 401 402 401 402 400 401 401 402
0 0 0 0 0 0 1 1 0 0
0 0 0 0 0 0 1 1 0 0
0 0 0 0 1 0 1 1 0 0
1 0 0 1 1 1 1 1 0 0
1 0 1 1 1 1 2 1 0 0
1 0 1 1 1 0 1 1 0 0
1 1 1 1 1 1 1 1 1 1
1 1 1 1 1 1 1 1 1 0
1 1 1 0 1 1 1 0 0 0
1 0 0 0 0 0 0 0 0 0
Maze 22
89 41 3.2363636364 2.2595637259 50 0.387444419588520
84 65 98 83 42 77 75 81 50 67 44 21 4 33 29 84
64 95 93 82 72 400 71 41 47 64 41 1 3 23 24
402 401 401 401 401 400 402 402 402 401 401 402 402 402 402
1 1 1 1 0 0 0 0 0 0
1 0 1 0 0 0 0 0 0 0
1 0 1 1 1 1 1 1 1 0
1 0 1 1 0 0 0 0 0 0
1 1 1 1 1 1 1 1 1 1
1 1 0 1 0 0 1 0 0 0
1 1 0 1 1 1 1 0 0 0
1 1 1 1 1 1 1 0 0 0
1 1 1 2 1 0 0 0 0 0
0 0 1 1 1 1 1 1 0 0
Maze 23
115 190 3.3333333333 2.2056667656 120 0.390904742518534
93 28 46 98 55 59 72 46 1 32 40 58 71 10 10 93
23 26 96 95 400 52 42 41 31 400 38 51 1 400 3
402 402 401 401 400 402 402 401 401 400 402 402 402 400 402
1 1 1 1 1 1 1 1 1 1
1 0 1 0 0 0 0 0 0 0
1 0 1 1 1 1 1 1 0 0
1 1 1 1 1 1 1 1 1 1
1 1 1 1 1 1 0 1 0 0
1 1 1 1 1 1 1 1 1 0
1 1 1 0 1 1 0 0 0 0
1 1 1 0 1 1 0 0 0 0
0 0 1 0 1 1 0 0 0 0
0 0 2 0 1 1 1 1 0 0
Maze 24
89 72 3.1666666667 1.9986791005 40 0.376940288844706
77 77 45 74 15 62 52 47 4 59 51 29 20 42 82 77
400 75 44 14 12 400 42 44 54 400 21 19 12 400 72
400 401 402 402 402 400 402 401 401 400 402 402 402 400 402
0 0 0 1 0 0 0 0 0 0
0 1 1 1 1 1 1 1 1 1
1 1 1 1 1 1 1 1 1 0
1 1 0 1 0 0 0 0 0 0
1 1 1 1 1 1 1 0 0 0
1 1 1 1 1 1 1 1 1 0
0 1 0 1 1 0 0 0 0 0
0 1 1 1 1 1 2 0 0 0
0 1 0 0 0 0 0 0 0 0
0 0 0 0 0 0 0 0 0 0
Maze 25
103 1544 3.1864406780 2.1775736601 71 0.365195079482629
50 44 28 80 18 66 8 52 35 3 68 38 22 56 99 50
400 24 78 78 16 6 2 32 33 63 400 32 52 96 49
400 402 401 401 402 402 402 402 401 401 400 401 401 401 402
0 1 1 1 1 1 1 1 0 0
0 1 1 0 0 1 1 1 0 0
0 1 1 1 1 1 1 1 0 0
0 1 1 1 1 1 1 1 0 0
0 1 1 1 1 1 1 1 1 2
0 1 1 1 1 1 0 1 1 0
0 0 1 1 1 1 1 1 1 0
0 0 0 0 0 1 0 1 1 1
0 0 0 0 0 1 0 0 1 0
0 0 0 0 0 1 1 1 1 0
Maze 26
83 51 3.5111111111 2.1560348361 30 0.386538937881728
46 2 84 86 51 47 27 64 82 63 68 3 75 84 65 46
42 82 400 81 41 400 24 62 62 400 63 73 74 64 45
401 401 400 401 402 400 402 402 402 400 401 401 402 402 402
0 1 1 0 0 0 0 0 0 0
0 1 1 0 0 0 0 0 0 0
0 1 1 1 1 1 1 0 0 0
0 1 1 1 0 0 1 0 0 0
1 1 1 1 1 2 1 0 0 0
1 1 1 1 1 0 0 0 0 0
1 1 1 1 1 1 1 1 0 0
1 1 1 1 1 0 0 0 0 0
1 1 1 1 1 1 0 0 0 0
0 0 0 0 0 0 0 0 0 0
Maze 27
83 18 2.7241379310 2.3323997208 26 0.386086254907773
31 84 58 23 16 13 32 34 43 9 77 60 90 98 50 31
81 54 53 13 400 12 400 33 3 7 57 400 88 48 41
401 402 401 402 400 402 400 402 402 402 402 400 402 402 401
0 0 1 1 1 1 1 1 1 0
0 1 1 1 1 1 1 0 0 0
0 1 1 0 0 0 1 0 0 0
2 1 1 1 0 0 1 0 0 0
1 1 1 1 1 1 1 1 1 1
1 0 1 1 1 1 1 1 1 1
1 0 0 1 0 0 1 1 0 1
1 0 0 1 0 0 1 1 0 1
1 1 1 1 0 0 0 1 1 1
0 0 0 0 0 0 0 1 0 0
Maze 28
91 783 3.2363636364 2.2232849288 50 0.377986298183864
85 13 11 36 74 80 34 18 26 6 24 8 47 72 5 85
83 400 31 34 400 74 14 16 400 4 4 7 42 2 400
401 400 401 402 400 401 402 402 400 402 402 402 402 402 400
0 1 1 1 1 1 1 1 0 0
1 1 1 1 1 1 1 1 0 0
1 1 1 1 1 1 1 0 0 0
1 1 1 1 1 1 1 0 0 0
0 1 1 1 1 1 1 0 0 0
0 1 1 1 1 0 0 0 0 0
0 1 1 1 1 0 0 0 0 0
0 1 1 1 1 1 1 1 1 1
0 0 1 1 2 0 0 0 0 0
0 0 0 0 0 0 0 0 0 0
Maze 29
85 394 3.1739130435 2.0493837165 45 0.379752230760164
27 39 32 30 39 33 9 45 57 53 48 33 14 25 80 27
37 400 22 29 400 3 5 55 400 43 43 13 24 75 77
401 400 402 402 400 402 402 401 400 402 401 402 401 401 401
0 0 1 1 1 1 1 1 1 0
0 0 1 1 1 0 0 0 0 0
0 1 1 1 1 1 2 1 1 1
0 1 1 1 1 1 1 1 1 0
0 0 1 1 1 1 1 1 0 0
0 0 1 1 1 1 1 0 0 0
0 0 0 0 1 0 1 0 0 0
0 0 0 0 1 1 1 1 1 1
0 0 0 0 0 0 0 0 0 0
0 0 0 0 0 0 0 0 0 0
Maze 30
93 294 2.8000000000 2.3887160217 36 0.381582312433898
85 92 18 24 39 78 53 25 90 38 9 14 24 56 100 85
82 12 14 34 38 73 23 85 88 8 4 400 54 96 95
402 402 402 401 402 401 402 401 401 402 402 400 401 401 401
0 0 0 1 1 1 1 1 1 0
0 1 1 1 1 1 1 1 0 0
0 1 1 1 1 0 0 1 0 0
0 1 1 1 1 1 1 1 1 0
0 1 1 1 1 0 0 1 0 0
0 1 1 1 1 1 0 1 0 0
0 1 1 0 1 1 0 1 0 0
0 1 1 1 1 1 1 1 0 0
0 1 1 1 2 1 1 1 1 1
0 1 0 0 1 1 1 1 1 1
Maze 31
117 39 3.2758620690 1.9643299746 122 0.392983850847944
18 73 30 26 38 23 51 92 77 41 53 100 3 98 60 18
13 23 400 36 33 21 91 72 71 51 93 93 93 58 58
402 402 400 401 401 402 401 402 401 401 401 401 401 402 401
0 0 1 0 0 0 0 0 0 0
0 0 1 1 1 1 1 2 0 0
1 1 1 1 1 1 1 1 1 1
1 0 1 1 1 1 1 1 0 0
1 0 1 0 0 0 0 1 0 0
1 1 1 0 0 0 0 1 1 1
1 0 1 0 0 0 0 1 0 0
1 1 1 1 1 1 1 1 0 0
1 1 1 0 0 0 0 1 0 0
1 1 1 1 1 1 1 1 1 1
Maze 32
99 321 3.1320754717 2.0023458814 42 0.388659505742471
92 37 29 12 82 10 79 79 4 6 56 39 34 63 13 92
32 27 22 400 2 9 400 74 400 400 36 400 33 400 12
402 402 401 400 402 402 400 401 400 400 402 400 402 400 402
0 1 1 1 1 1 1 1 1 1
0 1 1 1 0 1 0 0 1 0
0 1 1 1 1 1 1 1 1 0
0 1 1 1 1 1 1 1 1 0
0 1 1 1 0 1 0 0 1 0
0 1 1 1 0 1 0 0 1 0
0 1 1 1 0 0 0 0 1 0
0 1 0 1 1 1 1 1 1 0
0 1 0 0 0 0 0 0 0 0
0 2 0 0 0 0 0 0 0 0
Maze 33
101 288 3.3725490196 2.1639973307 77 0.403055287909887
66 21 63 64 96 1 79 47 64 34 40 76 51 5 67 66
61 61 400 94 91 71 77 44 400 400 36 71 1 65 400
401 401 400 401 401 401 401 402 400 400 402 401 402 401 400
1 1 1 1 1 0 0 0 0 0
1 0 0 0 1 0 0 0 0 0
1 0 0 0 1 0 0 0 0 0
1 0 0 1 1 1 1 1 1 1
1 0 0 1 1 1 1 0 0 0
1 0 0 1 1 1 1 0 0 0
1 1 1 1 1 2 1 0 0 0
1 1 1 1 1 1 1 1 1 0
1 0 0 1 0 0 0 0 0 0
1 1 1 1 1 1 0 0 0 0
Maze 34
109 220 3.0447761194 2.2742792991 97 0.372054993924990
99 97 73 46 14 55 98 40 1 99 30 12 62 95 48 99
400 93 43 44 54 95 38 31 91 29 22 400 92 45 98
400 401 402 401 401 401 402 401 401 402 401 400 401 402 401
1 0 0 0 0 0 0 0 0 0
1 1 0 1 0 0 0 0 0 0
1 1 1 1 1 1 1 1 1 1
1 1 1 1 1 1 1 1 1 1
1 1 1 1 1 1 1 1 1 0
1 1 1 1 1 0 0 1 1 0
1 1 1 0 1 0 0 1 1 0
1 1 1 0 1 0 0 1 1 0
1 1 1 0 1 0 0 1 1 0
1 1 1 1 1 1 1 1 2 0
Maze 35
89 197 3.0000000000 2.0352447276 44 0.377246556942880
90 93 5 59 49 53 72 5 24 61 63 58 55 6 65 90
83 3 55 400 43 52 2 4 21 400 53 400 5 5 85
402 402 401 400 402 402 402 402 402 400 402 400 402 402 401
0 1 1 1 1 1 0 0 0 0
0 1 1 1 1 0 0 0 0 0
1 1 1 1 1 0 0 0 0 0
1 1 1 0 1 0 0 0 0 0
1 1 1 1 1 1 1 1 1 0
1 1 1 1 1 1 1 1 1 0
1 1 1 0 1 0 0 0 0 0
0 1 1 0 1 0 0 0 0 0
0 0 1 1 1 1 1 1 1 2
0 0 1 0 0 0 0 0 0 0
Maze 36
95 46 3.0612244898 1.9338650376 37 0.371754726994910
76 88 64 83 35 92 41 40 38 82 73 64 7 72 90 76
86 84 63 33 32 91 31 400 32 72 63 4 2 82 86
401 401 402 402 402 401 402 400 402 402 402 402 402 401 401
0 1 1 1 1 1 1 0 0 0
0 1 0 1 0 0 0 0 0 0
0 1 0 1 0 0 0 0 0 0
1 1 1 1 1 1 1 1 1 1
1 1 1 1 0 0 0 0 0 0
1 1 1 1 0 0 0 0 0 0
1 1 1 1 0 0 0 0 0 0
1 1 1 1 0 2 0 0 0 0
1 1 1 1 1 1 1 1 1 1
1 1 0 0 0 0 0 0 0 0
Maze 37
115 55 3.2653061224 1.7537207307 148 0.384350830009993
31 50 57 95 11 54 13 16 12 95 23 82 14 22 98 31
41 47 55 91 51 53 400 400 92 93 22 12 12 92 91
401 402 402 401 401 401 400 400 401 401 402 402 402 401 401
0 0 0 0 0 0 0 0 0 0
1 1 1 1 1 1 0 0 0 0
1 1 1 0 0 0 0 0 0 0
2 1 1 0 0 0 0 0 0 0
1 1 1 1 1 1 1 1 1 1
1 1 1 1 1 1 1 0 0 0
1 1 1 0 1 0 0 0 0 0
1 1 1 0 1 0 0 0 0 0
1 1 1 0 1 0 0 0 0 0
1 1 1 1 1 1 1 1 0 0
Maze 38
83 62 2.8163265306 2.0825200630 30 0.409716622857697
38 29 96 94 53 46 72 57 97 96 74 65 100 52 92 38
28 26 400 93 43 42 52 400 400 94 64 95 92 400 32
402 402 400 401 402 402 402 400 400 401 402 401 401 400 402
0 0 0 0 0 0 0 0 0 0
0 0 0 0 0 0 0 0 0 0
0 0 0 0 0 1 1 1 1 0
0 1 1 1 1 1 1 2 0 0
0 1 1 1 1 1 0 0 0 0
0 1 1 1 1 1 1 0 0 0
0 1 1 1 1 1 1 0 0 0
0 1 1 1 1 1 1 0 0 0
0 1 1 1 1 1 1 0 0 0
0 1 1 1 1 1 1 1 1 1
Maze 39
109 2326 3.2812500000 2.3510230785 65 0.385380298309164
91 21 34 98 39 99 26 68 90 79 23 58 50 23 19 91
400 31 94 38 400 96 66 88 89 73 53 48 43 13 11
400 401 401 402 400 401 401 401 401 401 401 402 401 402 402
0 0 0 0 0 0 0 0 0 0
1 1 1 1 1 1 1 1 1 0
1 0 1 0 0 1 0 0 0 0
1 1 1 1 0 1 0 1 1 0
1 0 1 1 1 1 1 1 1 1
1 0 1 1 1 1 1 1 1 0
1 0 1 1 0 1 1 1 1 0
1 0 1 1 1 1 1 1 1 0
1 0 0 1 0 1 0 1 1 1
2 0 0 1 1 1 1 1 1 0
Maze 40
73 71 2.9166666667 2.2704006955 12 0.392047058667274
12 13 41 51 52 33 49 41 38 19 58 89 59 25 86 12
400 11 400 400 32 43 400 31 18 18 88 400 55 85 82
400 402 400 400 402 401 400 402 402 402 401 400 401 401 401
0 0 0 0 0 0 0 0 0 0
1 2 1 0 0 0 0 1 1 0
1 1 0 0 1 0 0 1 0 0
1 1 1 1 1 1 1 1 0 0
1 1 1 1 1 1 1 1 1 0
1 1 0 0 1 1 1 1 1 0
0 1 0 0 1 0 0 1 1 0
0 1 0 0 1 0 0 1 1 0
0 1 1 1 1 1 0 1 1 0
0 0 0 0 0 0 0 0 0 0
Maze 41
119 192 3.5517241379 2.0332987268 107 0.378780072111002
100 38 8 78 99 81 75 84 39 93 78 27 94 10 63 100
98 400 400 98 91 71 74 34 33 73 77 24 4 3 93
401 400 400 401 401 402 402 402 402 402 401 402 402 402 401
0 0 1 1 1 1 1 1 1 1
0 0 1 1 0 0 0 1 0 0
0 0 1 1 1 1 1 1 0 0
0 0 1 1 1 1 1 1 1 0
0 0 1 1 0 0 1 1 0 0
0 0 1 1 0 0 1 1 0 0
0 0 1 1 0 0 1 1 0 0
1 1 1 1 1 1 1 1 0 0
1 0 1 1 0 0 0 1 0 0
1 1 1 1 1 1 1 1 1 2
Maze 42
119 185 3.2631578947 2.0429291191 100 0.408036889565769
71 9 83 70 33 73 95 62 62 29 85 67 51 8 46 71
1 3 63 63 400 93 92 400 22 25 65 61 1 6 41
402 402 402 401 400 401 401 400 402 402 402 401 402 402 402
1 1 1 1 1 1 1 1 1 0
1 0 1 0 0 1 0 0 0 0
1 1 1 1 1 1 1 1 1 0
1 1 1 0 1 1 0 0 0 0
1 1 1 1 1 1 0 0 0 0
1 1 1 0 1 0 0 0 0 0
1 1 1 1 1 1 1 1 1 1
2 1 1 0 1 0 0 0 0 0
0 1 1 0 1 0 0 0 0 0
0 1 1 1 1 0 0 0 0 0
Maze 43
93 39 2.8518518519 2.0921215796 50 0.370563227554217
92 85 72 16 99 78 29 81 92 86 52 60 45 57 58 92
82 82 12 96 98 28 21 91 82 82 400 55 55 400 52
402 401 402 401 401 402 402 401 402 401 400 401 401 400 402
0 0 0 0 0 0 0 0 0 0
0 1 1 1 1 1 0 0 0 0
1 1 1 1 1 1 1 1 1 0
1 1 0 0 0 1 0 1 0 0
1 1 0 0 1 1 0 1 0 0
1 1 1 1 1 1 1 1 1 1
1 1 0 0 0 1 0 1 0 0
1 1 0 0 0 1 0 1 0 0
1 1 1 1 1 1 0 1 0 0
1 2 0 0 0 1 1 1 1 0
Maze 44
101 61 3.0740740741 1.9968846417 64 0.384009695081010
17 29 42 28 8 43 75 29 9 93 64 35 70 18 89 17
27 22 22 400 3 73 25 400 3 63 34 65 68 88 87
401 402 402 400 402 401 402 400 402 402 402 401 401 401 401
0 0 1 1 1 1 1 1 1 0
0 0 1 0 0 0 2 1 1 0
0 1 1 1 1 1 1 1 1 0
0 1 1 1 1 0 1 1 0 0
0 1 1 1 1 0 1 1 0 0
0 0 1 1 1 0 1 1 0 0
0 0 1 1 1 1 1 1 1 1
0 0 1 1 1 0 1 1 0 0
0 0 1 0 0 0 1 1 1 0
0 0 1 0 0 0 0 0 0 0
Maze 45
105 1002 3.2982456140 2.1435735922 104 0.393281628921280
37 84 86 77 28 16 92 26 90 44 57 53 30 80 82 37
34 400 76 27 26 12 22 86 84 54 400 23 400 72 32
402 400 402 402 401 402 402 401 401 401 400 402 400 402 402
0 0 0 0 0 0 0 0 0 0
0 1 1 1 1 1 0 0 0 0
0 1 1 1 1 1 1 1 1 1
0 1 1 1 1 1 2 0 0 1
0 1 1 1 0 1 1 0 0 1
0 1 1 1 1 1 1 0 0 1
0 1 0 1 0 1 1 0 0 1
0 1 1 1 1 1 1 1 1 1
0 1 0 1 1 1 1 1 1 1
0 1 0 0 0 0 0 0 0 0
Maze 46
95 77 2.9152542373 2.1584783329 62 0.368963499810447
86 68 76 98 41 56 90 57 100 44 60 7 35 15 72 86
66 66 96 91 51 86 87 97 94 54 57 5 400 12 82
402 402 401 401 401 401 401 401 401 401 401 402 400 402 401
0 0 0 0 1 1 1 0 0 0
0 1 1 1 1 0 1 0 0 0
0 1 0 0 1 0 1 0 0 0
0 1 0 0 1 0 1 0 0 0
1 1 0 1 0 0 1 0 0 0
1 1 1 1 1 1 1 1 1 1
1 1 0 1 0 1 1 1 0 0
1 1 0 1 0 1 1 0 0 0
1 1 1 1 1 2 1 1 1 1
1 1 1 1 1 1 1 1 1 1
Maze 47
101 1044 3.4074074074 2.1587942072 66 0.380212200310856
27 44 3 99 46 6 79 15 8 64 33 34 58 89 53 27
24 43 93 96 400 76 75 5 4 63 400 54 88 83 23
402 401 401 401 400 401 401 402 402 401 400 401 401 401 402
0 0 1 1 1 1 1 1 0 0
0 0 1 1 1 1 0 0 0 0
0 0 1 1 1 1 2 0 0 0
0 0 1 1 1 1 0 0 0 0
0 0 1 1 1 1 0 0 0 0
0 0 1 1 1 1 1 1 0 0
0 0 1 1 1 1 0 1 0 0
0 0 1 0 1 1 1 1 1 0
0 0 1 1 1 1 1 1 1 0
0 0 1 1 1 1 1 1 1 0
Maze 48
119 1020 3.1515151515 2.2590819950 107 0.390346762141345
9 85 31 53 93 77 18 81 26 100 51 43 22 37 75 9
5 81 51 400 73 17 11 21 96 91 41 42 32 35 5
402 401 401 400 402 402 402 402 401 401 402 401 401 402 402
0 0 0 0 1 1 1 1 2 0
1 1 1 1 1 1 1 1 0 0
1 1 1 1 1 1 1 0 0 0
1 1 1 1 1 1 1 0 0 0
1 1 1 0 1 1 1 0 0 0
1 1 1 0 1 1 1 0 0 0
1 0 1 0 1 1 1 0 0 0
1 0 1 1 1 1 1 0 0 0
1 1 1 1 1 1 0 0 0 0
1 1 1 1 1 1 1 1 1 1
Maze 49
101 661 3.0000000000 2.2065196760 51 0.381100922205276
56 30 52 63 17 98 46 91 17 44 21 84 63 71 51 56
26 22 62 13 97 96 41 11 14 41 81 83 61 400 400
402 402 401 402 401 401 402 402 402 401 401 401 402 400 400
0 0 0 0 0 0 0 0 0 0
1 1 1 1 1 1 1 0 0 0
1 1 1 1 1 1 1 1 1 1
1 1 1 1 0 1 1 0 0 0
1 1 1 1 1 1 1 0 0 0
1 1 1 1 1 2 1 0 0 0
1 1 1 0 0 1 1 0 0 0
1 0 1 0 0 1 1 0 0 0
1 1 1 1 0 1 1 0 0 0
1 0 0 0 0 1 1 1 0 0
Maze 50
115 165 3.5161290323 2.2509419485 112 0.387933300226025
5 53 80 68 13 6 82 15 40 88 10 26 85 67 100 5
3 73 78 63 3 2 12 35 38 8 6 25 65 97 95
402 401 401 401 402 402 402 401 402 402 402 402 402 401 401
0 1 1 1 2 1 1 1 1 1
0 1 1 1 1 1 0 1 0 0
0 1 1 0 1 1 0 1 0 0
0 1 1 0 1 1 1 1 1 1
0 1 1 0 1 0 0 1 0 0
0 1 1 0 1 0 0 1 0 0
0 1 1 1 1 1 1 1 0 0
0 1 1 1 1 1 1 1 1 1
0 1 0 0 1 0 1 1 0 0
0 0 0 0 1 1 1 1 1 1
Maze 51
93 7 3.1666666667 1.9992869340 50 0.394810249335756
52 56 91 1 85 59 62 55 49 13 56 15 6 22 63 52
400 51 400 81 55 52 52 45 43 53 55 5 2 62 62
400 402 400 401 402 402 402 402 401 401 401 402 402 401 401
1 1 1 1 1 1 0 0 0 0
1 1 1 0 1 0 0 0 0 0
1 1 1 0 1 0 0 0 0 0
1 1 1 0 1 0 0 0 0 0
1 1 1 1 1 1 1 1 1 0
1 2 1 1 1 1 1 1 1 0
1 1 1 0 1 0 0 0 0 0
1 0 0 0 1 0 0 0 0 0
1 1 1 1 1 0 0 0 0 0
1 0 0 0 0 0 0 0 0 0
Maze 52
95 46 2.9259259259 2.0721391996 45 0.413411770152270
22 18 92 3 21 8 48 47 67 15 19 98 45 9 29 22
12 12 2 1 1 400 400 400 65 400 18 95 5 400 400
402 402 402 402 402 400 400 400 401 400 402 401 402 400 400
1 1 1 1 1 1 1 1 1 0
1 1 1 1 1 1 1 1 1 0
1 2 1 1 1 1 1 1 1 0
0 1 0 0 1 0 0 1 0 0
0 1 0 0 1 0 1 1 0 0
0 1 0 0 1 0 1 1 0 0
0 1 0 0 1 1 1 1 0 0
0 1 0 0 1 0 0 1 0 0
0 1 0 0 1 0 0 1 0 0
0 1 0 0 1 1 1 1 0 0
Maze 53
91 1929 3.0877192982 2.2478822365 45 0.376913341064344
57 51 37 44 3 3 46 87 75 6 69 24 91 90 49 57
400 31 34 43 400 43 86 85 5 66 64 21 81 89 47
400 402 402 401 400 401 401 401 402 401 401 402 402 401 402
0 0 1 0 1 1 0 0 0 0
0 0 1 0 1 1 0 0 0 0
1 1 1 1 1 1 0 0 0 0
1 1 1 1 1 1 1 0 0 0
1 0 1 1 1 1 1 1 1 0
1 1 1 1 1 1 2 0 1 0
1 0 0 1 1 1 1 1 1 0
1 0 0 0 1 1 0 0 1 0
1 1 1 1 1 1 1 1 1 1
1 0 0 0 0 0 0 0 0 0
Maze 54
97 1123 3.0545454545 2.1484533688 84 0.370606596604746
12 16 54 87 7 23 39 6 41 24 49 64 68 21 45 12
400 14 84 400 3 33 36 1 21 44 44 400 61 41 42
400 402 401 400 402 401 401 402 402 401 402 400 401 401 401
1 1 1 1 1 1 1 0 0 0
1 2 1 1 1 1 1 0 0 0
1 1 1 1 0 1 1 0 0 0
1 1 1 1 1 1 1 1 1 0
1 1 1 1 1 1 1 1 1 0
1 0 0 1 0 0 1 0 0 0
1 1 1 1 1 1 1 1 0 0
0 0 0 1 0 0 1 0 0 0
0 0 0 1 1 1 1 0 0 0
0 0 0 0 0 0 0 0 0 0
Maze 55
109 749 2.8666666667 1.9769562613 105 0.394233714432352
95 42 46 89 88 91 57 89 5 39 65 20 89 5 14 95
92 400 86 400 81 51 87 85 35 35 15 19 85 4 94
401 400 401 400 402 402 401 401 401 402 402 402 401 402 401
0 0 0 1 1 0 0 0 0 0
0 0 0 1 1 1 1 1 1 1
0 0 0 1 1 0 0 0 1 0
0 0 0 1 1 1 1 1 1 0
0 1 1 1 1 1 0 0 1 0
1 1 1 1 1 1 1 0 1 0
1 1 0 1 1 1 1 0 1 0
1 1 0 1 1 1 1 0 1 0
1 1 1 1 1 1 1 1 1 0
1 1 1 1 2 0 0 0 0 0
Maze 56
103 626 3.6734693878 2.0398564191 84 0.377101416305828
14 86 85 18 31 26 2 55 93 67 49 43 86 73 90 14
84 400 15 11 21 22 52 53 63 47 400 83 83 83 84
401 400 402 402 402 401 401 402 402 402 400 401 401 401 401
0 1 0 0 0 0 0 0 0 0
1 1 1 2 1 1 1 1 0 0
1 1 1 1 1 1 0 0 0 0
1 1 0 1 1 0 0 0 0 0
0 1 1 1 1 1 1 1 1 0
0 1 1 1 1 0 1 0 0 0
0 0 1 1 1 1 1 0 0 0
0 0 1 1 1 0 0 0 0 0
0 0 1 1 1 1 1 1 1 1
0 0 1 0 0 0 0 0 0 0
Maze 57
89 64 3.0357142857 2.3051214655 39 0.375797386651954
1 84 56 36 80 64 20 19 32 15 70 50 49 70 47 1
81 54 400 76 74 14 400 12 12 65 400 400 69 67 41
401 402 400 401 401 402 400 402 402 401 400 400 401 401 401
2 0 0 0 0 0 0 0 0 0
1 1 1 1 1 1 1 1 1 1
1 1 0 1 1 0 0 0 0 0
1 1 0 1 1 1 0 0 0 0
1 1 1 1 1 1 1 0 1 1
1 0 0 1 1 1 1 0 1 1
1 0 0 1 1 1 1 1 1 1
1 0 0 1 1 1 1 1 1 1
1 1 1 1 0 0 0 0 0 0
0 0 0 0 0 0 0 0 0 0
Maze 58
111 180 3.0000000000 2.2959570931 80 0.371536670978512
24 100 91 19 30 68 35 81 47 4 71 83 53 86 72 24
94 400 11 29 28 65 31 41 44 1 81 400 83 82 22
401 400 402 401 402 401 402 402 401 402 401 400 401 401 402
1 1 1 1 0 0 0 0 0 0
1 1 1 1 1 1 1 1 1 0
1 1 1 2 0 0 0 1 1 1
1 1 1 1 1 0 0 1 0 0
1 1 1 1 1 1 1 1 0 0
1 1 1 1 1 0 0 1 0 0
1 1 1 1 1 1 1 1 0 0
1 1 1 1 0 0 0 0 0 0
1 1 1 1 1 1 0 0 0 0
1 1 1 1 1 1 1 1 1 1
Maze 59
95 526 3.1785714286 2.2225016104 71 0.388512423254446
66 12 68 57 96 93 5 54 50 62 42 76 61 28 37 66
62 62 67 56 400 3 4 44 42 400 72 71 21 27 36
401 401 401 402 400 402 402 402 402 400 401 401 402 402 402
0 0 1 1 1 0 0 0 0 0
0 1 1 1 0 0 0 0 0 0
1 1 1 1 1 1 1 1 0 0
1 1 1 1 0 1 1 0 0 0
1 1 1 1 1 1 1 1 1 1
1 1 1 1 0 1 1 0 0 0
1 1 1 1 1 2 1 1 0 0
1 1 1 1 1 1 0 0 0 0
0 0 1 0 0 1 0 0 0 0
0 0 1 1 1 1 0 0 0 0
Maze 60
101 486 3.7358490566 2.1550793855 58 0.381723077373579
76 70 33 77 78 45 31 54 92 34 10 89 10 34 88 76
66 63 73 400 75 41 51 52 32 4 9 9 4 84 86
402 401 401 400 401 401 401 402 402 402 402 402 402 401 401
0 0 0 1 1 1 1 1 1 1
0 0 0 1 0 0 0 0 1 0
0 0 0 1 0 0 0 0 1 0
1 1 1 1 0 0 0 0 1 0
1 1 1 1 1 0 0 0 1 0
1 1 1 1 1 0 0 0 1 0
0 1 1 1 1 1 1 1 1 1
0 1 1 1 1 2 1 1 1 0
0 1 0 1 1 1 1 1 1 0
0 1 0 0 0 0 0 0 0 0
Maze 61
105 151 3.1111111111 2.2892315007 112 0.379905033648192
8 16 90 86 21 49 98 29 17 68 71 31 97 48 23 8
6 86 400 81 41 48 28 27 67 61 400 91 47 43 3
402 401 400 401 401 402 402 401 401 402 400 401 402 401 402
0 0 1 1 1 1 1 2 0 0
0 0 1 0 0 1 1 0 0 0
1 0 1 0 0 1 1 1 1 0
1 0 1 0 0 1 1 1 0 0
1 1 1 1 1 1 1 1 1 0
1 0 0 0 0 1 1 1 0 0
1 1 1 1 1 1 1 1 0 0
1 0 0 0 0 1 1 1 0 0
1 1 1 1 1 1 1 1 1 1
1 1 1 1 1 1 1 1 0 0
Maze 62
83 84 3.6923076923 2.0340585928 26 0.392393606937100
62 76 3 43 22 1 40 46 65 94 55 62 25 53 26 62
72 73 400 42 21 31 36 45 64 54 52 22 23 23 22
401 401 400 401 401 401 402 402 402 402 402 402 402 402 402
1 0 1 0 0 0 0 0 0 0
1 0 1 0 0 0 0 0 0 0
1 1 1 1 1 1 0 0 0 0
1 1 1 1 1 1 1 1 1 1
0 1 1 0 1 1 0 0 0 0
0 1 1 1 1 0 0 0 0 0
0 2 1 1 1 0 0 0 0 0
0 1 1 1 1 1 0 0 0 0
0 0 0 1 0 0 0 0 0 0
0 0 0 1 0 0 0 0 0 0
Maze 63
133 41 3.2380952381 2.0105433592 191 0.375025001196968
91 31 98 40 10 95 21 61 43 72 15 92 17 83 5 91
400 91 38 400 5 91 400 41 42 12 12 12 13 3 1
400 401 402 400 402 401 400 402 402 402 402 402 402 402 402
1 1 1 1 1 1 1 1 1 1
1 1 1 1 1 1 1 0 0 1
1 1 1 0 1 0 0 0 0 1
1 1 1 0 1 0 0 1 1 1
1 1 1 0 1 0 0 1 0 0
1 1 1 0 1 0 0 1 0 0
1 1 1 0 1 0 0 1 0 0
1 1 1 0 1 0 0 1 0 0
1 1 1 0 1 0 0 1 0 0
2 1 1 1 1 1 1 1 0 0
Maze 64
93 1055 3.0357142857 2.1547848641 50 0.371401876078612
90 38 25 17 100 26 98 24 15 23 44 29 24 31 57 90
88 35 15 97 96 96 94 14 13 43 24 400 21 51 87
401 401 402 401 401 401 401 402 402 401 402 400 402 401 401
0 0 0 0 0 0 0 0 0 0
0 0 1 1 1 1 1 0 0 0
1 1 1 1 1 1 1 1 1 0
1 0 1 1 1 1 1 1 0 0
1 0 1 1 0 1 1 1 0 0
1 1 1 1 1 1 1 1 0 0
0 0 0 1 0 1 1 1 0 0
0 0 0 1 0 1 1 1 0 0
0 0 0 1 0 1 1 1 1 2
0 0 0 1 1 1 1 1 1 1
Maze 65
107 2732 3.1746031746 2.2959570931 91 0.387269666644911
84 92 54 64 87 45 11 33 80 93 9 78 31 70 98 84
82 52 400 84 85 41 31 73 73 3 8 71 61 68 94
402 402 400 401 401 401 401 401 402 402 402 401 401 402 401
0 0 1 1 1 1 1 1 1 0
1 0 1 0 0 0 0 1 0 0
1 0 1 0 0 0 0 1 0 0
1 1 1 0 0 0 0 1 0 0
1 1 1 1 1 0 0 1 0 0
1 1 1 1 1 0 0 1 0 0
1 1 1 1 1 1 1 1 1 1
1 1 1 1 1 1 1 1 1 1
0 1 1 2 1 1 1 1 0 0
0 1 1 1 1 1 1 1 0 0
Maze 66
137 321 3.6981132075 1.8883799859 205 0.384417658591369
86 1 87 27 52 16 81 78 3 86 11 58 89 82 90 86
81 81 400 22 12 11 71 73 83 81 51 88 400 400 400
401 401 400 402 402 402 402 401 401 401 401 401 400 400 400
1 0 1 0 0 0 0 0 0 0
1 1 1 1 1 1 0 0 0 0
1 1 1 1 1 1 1 0 0 0
1 1 1 0 0 0 1 0 0 0
1 1 1 0 0 0 1 0 0 0
1 1 1 1 1 1 1 1 0 0
1 0 1 0 0 0 1 1 0 0
1 1 1 1 1 1 1 1 0 0
1 1 1 1 1 2 1 1 1 1
0 0 0 0 0 0 0 0 0 0
Maze 67
111 19 3.0000000000 2.0078831554 72 0.381506275940637
15 94 30 74 51 3 37 24 27 35 75 40 22 100 40 15
14 24 24 71 1 33 34 400 25 400 35 32 92 400 35
402 402 402 401 402 401 401 400 402 400 402 401 401 400 401
1 1 1 0 0 0 0 0 0 0
1 0 1 1 2 0 0 0 0 0
1 1 1 1 1 1 1 1 1 1
1 1 1 1 1 1 1 1 1 1
1 1 0 1 1 0 0 0 0 1
1 1 0 1 1 0 0 0 0 1
1 1 0 1 1 0 0 0 0 1
1 1 1 1 1 0 0 0 0 1
0 1 0 1 0 0 0 0 0 1
0 1 1 1 1 1 1 1 1 1
Maze 68
97 196 3.9069767442 1.9801929812 51 0.377636155815568
17 5 97 5 30 72 72 74 2 73 55 54 18 37 73 17
15 95 95 25 22 400 400 72 72 53 400 14 17 33 13
401 401 401 401 402 400 400 401 401 402 400 402 402 402 402
0 1 0 0 1 0 0 0 0 0
0 1 1 1 1 1 2 1 0 0
0 1 1 1 1 1 1 1 1 1
0 1 1 1 1 1 1 0 0 0
0 1 1 1 1 0 0 0 0 0
0 1 1 1 1 0 0 0 0 0
0 1 1 0 1 0 0 0 0 0
0 1 1 1 1 0 0 0 0 0
0 0 0 0 1 0 0 0 0 0
0 0 0 0 1 1 1 0 0 0
Maze 69
117 1440 3.0571428571 2.3092838171 115 0.389560515669015
1 50 98 82 40 11 26 36 81 93 90 3 9 56 56 1
41 48 92 32 31 21 400 31 91 83 83 400 6 400 51
401 402 401 402 401 401 400 402 401 402 401 400 402 400 401
2 0 1 1 1 1 1 1 1 0
1 0 1 0 0 1 0 0 0 0
1 1 1 1 1 1 0 0 0 0
1 1 1 1 1 1 1 1 1 1
1 1 1 1 1 1 1 1 1 1
1 1 1 1 1 1 0 1 0 0
1 1 1 0 0 0 0 1 0 0
1 1 1 0 0 0 0 1 0 0
1 1 1 1 1 1 1 1 1 1
1 1 1 1 1 1 1 1 0 0
Maze 70
109 110 3.4814814815 2.0283057745 81 0.387136057692667
41 93 40 96 3 90 72 99 56 32 84 86 96 67 47 41
91 33 36 93 83 82 92 96 52 82 400 400 66 400 400
401 402 402 401 401 401 401 401 401 401 400 400 402 400 400
0 0 1 0 0 0 0 0 0 0
0 0 1 0 0 0 0 0 0 0
0 0 1 0 0 0 0 0 0 0
0 1 1 1 1 1 1 1 1 1
2 1 1 1 1 1 1 0 0 0
1 1 1 1 1 1 1 0 0 0
1 1 1 0 0 1 1 0 0 0
1 1 1 0 0 1 0 0 0 0
1 1 1 1 1 1 1 1 1 1
1 1 1 1 1 1 1 1 1 0
Maze 71
101 21 3.0943396226 2.0257023249 56 0.361193558049033
76 70 90 37 7 60 79 30 52 91 58 61 54 28 91 76
66 400 87 400 57 59 29 22 51 51 51 51 24 21 71
402 400 401 400 401 402 402 402 402 402 402 402 402 402 402
0 0 0 0 0 0 1 0 0 0
0 0 0 0 0 0 1 0 0 0
1 1 1 1 1 1 1 1 1 1
1 1 0 1 0 0 1 0 1 0
1 1 0 1 0 0 1 0 1 0
1 1 1 1 1 1 1 1 1 1
1 0 0 0 0 1 1 1 1 1
1 1 1 1 1 2 1 0 1 1
1 0 0 0 0 0 1 1 1 1
1 0 0 0 0 0 0 0 0 0
Maze 72
77 7 3.3181818182 2.2119288269 26 0.386438920238476
21 78 56 45 55 38 83 81 87 85 7 28 8 75 75 21
71 76 55 400 35 33 400 400 400 5 27 400 5 400 71
401 401 401 400 402 402 400 400 400 402 401 400 402 400 401
0 0 0 0 1 1 1 1 0 0
0 0 0 0 1 0 1 1 0 0
2 0 0 0 1 0 1 1 0 0
1 0 1 1 1 1 1 1 0 0
1 0 1 0 1 0 0 0 0 0
1 0 1 0 1 1 0 0 0 0
1 0 1 0 1 1 0 0 0 0
1 1 1 1 1 1 1 1 0 0
1 1 1 1 1 1 1 0 0 0
0 0 0 0 0 0 0 0 0 0
Maze 73
79 142 2.8148148148 2.2732310462 30 0.373028614464719
68 79 92 32 28 56 55 7 2 23 4 68 73 24 39 68
78 72 400 22 26 400 5 400 22 3 64 63 23 34 38
401 402 400 402 402 400 402 400 401 402 401 402 402 401 402
0 1 1 1 1 1 1 0 0 0
0 1 1 1 1 0 0 0 0 0
0 1 1 1 1 1 1 1 0 0
0 1 1 1 1 1 1 1 1 0
0 1 1 1 1 1 0 1 0 0
0 1 1 1 1 1 0 1 0 0
0 1 1 1 1 1 1 2 0 0
0 1 1 1 1 1 1 1 1 0
0 1 0 0 0 0 0 0 0 0
0 1 0 0 0 0 0 0 0 0
Maze 74
83 42 3.3023255814 2.0028475083 35 0.385664352869878
62 67 61 63 45 48 66 81 15 83 33 72 27 27 69 62
400 400 400 43 400 46 61 11 13 400 32 22 400 67 400
400 400 400 402 400 402 402 402 402 400 402 402 400 401 400
0 0 0 0 0 0 0 0 0 0
1 1 1 1 1 0 0 0 0 0
1 1 1 1 1 1 1 0 0 0
1 1 1 0 0 0 1 0 0 0
1 1 1 1 1 1 1 1 0 0
1 1 1 0 0 1 1 0 0 0
1 2 1 1 1 1 1 1 1 0
1 1 1 0 0 0 0 0 0 0
1 0 1 0 0 0 0 0 0 0
0 0 0 0 0 0 0 0 0 0
Maze 75
93 64 3.2363636364 2.2825725269 45 0.421598845487808
15 21 7 52 71 51 43 5 100 26 69 5 28 48 24 15
11 1 2 51 400 41 3 95 96 66 65 25 400 44 14
402 402 402 402 400 402 402 401 401 401 401 401 400 401 402
1 1 1 1 1 1 1 0 0 0
1 1 1 1 2 0 0 0 0 0
1 1 1 1 1 1 1 1 0 0
0 1 1 1 1 1 0 1 0 0
1 1 1 1 1 1 1 1 0 0
1 1 0 0 1 1 0 0 0 0
1 0 0 0 1 1 1 1 1 0
1 0 0 0 1 1 0 0 0 0
0 0 0 0 1 1 0 0 0 0
0 0 0 0 1 1 1 1 1 1
Maze 76
113 275 3.1525423729 2.0433078131 98 0.402136675566039
46 97 54 91 28 18 76 100 24 97 92 7 39 24 2 46
96 94 51 21 400 16 96 94 94 400 2 37 34 22 42
401 401 402 402 400 402 401 401 401 400 402 401 401 401 401
0 1 1 1 1 1 1 0 0 0
0 1 0 0 0 1 1 1 0 0
1 1 1 1 1 1 1 1 0 0
1 1 0 1 1 1 1 1 1 0
1 1 1 1 1 2 0 0 0 0
1 1 1 1 0 1 0 0 0 0
1 1 0 1 0 1 0 0 0 0
1 1 0 1 0 1 0 0 0 0
1 1 0 1 0 1 0 0 0 0
1 1 1 1 1 1 1 1 1 1
Maze 77
95 64 3.1111111111 2.1009189107 55 0.397883357140516
81 61 83 17 73 85 3 8 99 68 62 75 64 16 89 81
400 81 13 13 83 83 400 98 98 400 72 74 14 86 400
400 401 402 402 401 401 400 401 401 400 401 401 402 401 400
0 0 1 1 1 1 1 1 0 0
0 0 1 1 1 1 1 1 0 0
0 0 1 1 0 1 0 1 0 0
0 0 1 1 0 1 0 1 0 0
0 0 1 1 0 1 0 1 0 0
0 0 1 1 0 1 0 1 0 0
1 1 1 1 1 1 1 1 0 0
1 1 1 1 1 1 0 1 0 0
2 1 1 1 1 1 1 1 1 0
0 0 0 0 0 0 0 1 1 0
Maze 78
89 12 3.0740740741 2.1837316244 38 0.375108642432430
32 92 79 45 10 17 85 34 3 30 79 48 98 78 54 32
400 72 75 5 7 15 84 33 23 29 78 400 400 74 52
400 402 401 402 402 402 401 401 401 402 401 400 400 401 401
0 0 1 0 1 1 1 1 1 1
0 0 1 0 1 1 1 0 0 0
0 0 1 1 1 1 1 1 1 1
0 2 1 1 1 0 0 0 1 0
0 1 0 1 1 0 0 1 1 0
0 1 1 1 1 0 0 1 1 0
0 1 0 1 1 0 0 1 1 0
0 1 1 1 1 1 1 1 1 0
0 1 0 1 1 0 0 1 0 0
0 1 0 0 0 0 0 1 0 0
Maze 79
91 90 2.9122807018 2.2356913271 41 0.389042694240864
66 68 52 23 41 43 40 26 61 91 81 15 86 82 9 66
400 62 22 21 400 33 36 21 400 400 11 85 400 2 6
400 401 402 402 400 402 401 402 400 400 402 401 400 402 402
0 1 1 1 1 1 1 1 1 0
1 1 1 1 1 1 0 0 0 0
1 1 1 1 1 1 0 0 0 0
1 1 1 1 1 1 1 1 1 1
1 1 1 0 1 1 0 0 0 0
1 1 0 0 1 1 0 0 0 0
1 1 1 1 1 2 1 1 0 0
1 1 0 0 1 0 0 0 0 0
1 1 1 1 1 1 0 0 0 0
1 0 0 0 0 0 0 0 0 0
Maze 80
83 12 3.2272727273 2.0892875990 22 0.391421831764693
75 70 35 96 92 6 38 27 86 98 46 45 49 96 45 75
65 65 95 400 2 36 37 26 96 96 400 400 46 95 400
402 401 401 400 402 401 401 402 401 401 400 400 402 401 400
0 1 1 1 1 1 0 0 0 0
0 1 0 0 0 1 0 0 0 0
0 1 0 0 0 1 1 0 0 0
0 1 0 0 1 1 1 1 0 0
0 1 0 0 1 1 1 1 1 0
0 1 0 0 1 1 0 0 0 0
0 1 0 0 1 1 1 1 1 1
0 1 0 0 2 1 0 0 0 0
0 1 0 0 1 1 0 0 0 0
0 1 1 1 1 1 1 1 0 0
Maze 81
101 61 3.4901960784 2.0410015789 77 0.395998074454934
21 31 28 67 98 69 2 22 68 54 97 38 85 29 75 21
400 21 27 97 68 62 400 62 64 94 37 35 25 25 71
400 402 402 401 402 401 400 401 401 401 402 402 402 402 401
0 1 0 0 0 0 0 0 0 0
0 1 0 0 0 0 0 0 0 0
2 1 1 1 1 1 1 1 1 0
1 1 0 0 1 1 1 1 0 0
1 1 0 0 1 0 1 0 0 0
1 1 0 1 1 0 1 0 0 0
1 1 1 1 1 1 1 1 1 0
1 1 1 1 1 0 1 1 0 0
0 0 0 1 1 0 1 1 0 0
0 0 0 1 1 1 1 1 0 0
Maze 82
115 25 3.5555555556 1.6693546598 100 0.394911633291743
60 91 64 74 18 85 59 91 98 23 74 59 84 95 34 60
51 61 400 14 15 55 51 400 93 73 54 54 94 94 54
402 402 400 402 402 402 402 400 401 401 402 402 401 401 401
0 0 0 0 0 0 0 0 0 0
0 0 0 1 1 1 1 1 0 0
0 0 1 1 1 0 0 0 0 0
0 0 1 1 1 0 0 0 0 0
0 0 1 1 1 0 0 0 0 0
1 1 1 1 1 1 1 1 1 2
1 1 1 1 1 0 0 0 0 0
1 0 1 1 1 0 0 0 0 0
1 0 1 1 1 0 0 0 0 0
1 1 1 1 1 1 1 1 0 0
Maze 83
115 2309 3.2666666667 2.0531863206 133 0.379561006954551
21 48 13 21 50 44 16 38 20 56 93 26 92 35 97 21
41 43 11 41 400 14 36 18 16 53 23 22 32 95 91
401 401 402 401 400 402 401 402 402 402 402 402 402 401 401
0 0 0 0 0 0 0 0 0 0
1 1 1 1 1 1 1 1 1 1
2 1 1 1 1 1 0 1 0 0
1 1 1 1 1 1 1 1 0 0
1 1 1 1 1 1 1 1 1 1
1 1 1 1 1 1 0 0 0 0
1 1 1 0 1 0 0 0 0 0
1 1 1 0 1 0 0 0 0 0
1 1 1 0 1 0 0 0 0 0
1 1 1 1 1 1 1 0 0 0
Maze 84
69 19 3.0000000000 2.0441632013 11 0.394992909652624
57 38 57 85 12 27 50 76 77 80 81 72 42 57 38 57
37 37 55 82 22 47 46 400 400 71 71 400 52 37 37
402 402 402 401 401 401 402 400 400 402 402 400 401 402 402
0 0 0 0 0 0 0 0 0 0
0 1 0 0 0 0 0 0 0 0
0 1 1 1 1 1 1 0 0 0
0 1 0 0 0 0 1 1 0 0
0 1 0 0 0 1 1 1 1 1
0 1 1 1 1 1 2 0 0 0
0 1 0 0 1 1 0 0 0 0
1 1 1 1 1 1 1 1 1 1
1 1 1 1 1 0 0 0 0 0
0 0 0 0 0 0 0 0 0 0
Maze 85
87 186 3.0612244898 1.9806273400 45 0.360659051645553
43 72 62 73 94 55 99 48 72 58 53 19 72 86 33 43
42 400 72 93 54 95 98 42 52 400 13 12 82 83 400
402 400 401 401 402 401 401 402 402 400 402 402 401 401 400
0 0 0 0 0 0 0 0 0 0
0 1 1 1 1 1 1 1 1 0
0 1 1 0 0 0 0 0 0 0
0 1 1 0 0 0 0 0 0 0
0 1 2 1 1 1 1 1 0 0
0 1 1 1 1 1 1 1 0 0
0 1 1 1 1 0 0 1 0 0
0 1 1 1 1 0 0 1 0 0
0 1 1 1 1 1 0 1 0 0
0 0 1 1 1 1 1 1 1 0
Maze 86
107 177 3.3454545455 2.0592222229 92 0.378183924352361
17 99 53 23 38 46 70 99 49 93 57 2 84 3 56 17
97 93 400 33 36 66 69 400 43 53 52 82 83 53 16
401 401 400 401 402 401 402 400 402 402 401 401 401 401 402
0 1 1 0 0 0 0 0 0 0
0 1 1 0 0 1 2 0 0 0
0 1 1 0 0 1 1 0 0 0
0 1 1 1 1 1 1 1 0 0
0 1 1 1 1 1 1 1 1 0
0 1 1 1 1 1 1 0 1 0
0 1 1 0 0 1 1 1 1 1
0 1 1 0 0 0 1 0 1 0
0 1 1 1 0 0 1 0 1 0
0 0 1 1 1 1 1 1 1 0
Maze 87
85 17 3.3061224490 2.2187500000 50 0.362665841952450
85 91 86 55 30 27 22 18 56 46 59 86 10 35 32 85
81 81 85 25 400 400 12 16 400 56 56 6 5 400 82
402 402 401 402 400 400 402 402 400 401 402 402 402 400 401
0 0 0 0 1 1 1 1 1 1
0 1 1 1 1 1 1 1 0 0
0 1 1 1 1 1 1 1 1 1
0 1 1 1 1 1 0 0 0 0
0 1 0 0 1 1 0 0 0 0
0 1 0 0 1 1 1 1 1 0
0 1 0 0 1 1 0 0 0 0
0 1 0 0 1 1 0 0 0 0
1 1 1 1 2 1 0 0 0 0
1 0 0 0 0 0 0 0 0 0
Maze 88
85 46 3.0196078431 2.2046400587 56 0.378970257514920
34 65 96 80 37 16 72 48 70 57 98 27 54 26 8 34
64 95 76 77 36 12 42 68 67 97 97 24 24 6 4
401 401 402 401 401 402 402 401 401 401 401 402 402 402 402
0 0 0 1 1 1 1 1 0 0
0 1 1 1 1 1 0 0 0 0
0 1 0 1 1 1 1 0 0 0
0 1 0 2 0 1 1 0 0 0
0 1 1 1 1 1 1 1 0 0
0 1 0 1 0 0 1 1 0 0
0 1 0 1 1 0 1 1 1 1
0 1 0 0 1 1 1 1 1 1
0 0 0 0 1 1 1 0 0 0
0 0 0 0 1 1 1 1 0 0
Maze 89
81 21 2.8400000000 2.1954918145 35 0.386442689519057
94 9 40 77 15 63 78 69 86 70 47 59 57 70 80 94
4 39 37 75 13 73 68 66 66 67 57 400 67 400 74
402 401 402 401 402 401 402 402 402 401 401 400 401 400 402
0 0 0 1 1 1 1 1 1 0
0 0 1 1 1 0 0 0 1 0
0 0 1 1 1 0 0 0 1 0
0 0 1 1 1 0 1 1 1 1
0 0 1 1 1 0 1 0 0 0
0 0 1 1 1 0 1 1 1 0
0 0 1 1 1 1 1 1 1 1
0 0 1 1 1 1 1 1 1 1
0 0 0 1 0 1 0 0 0 0
0 0 0 2 0 0 0 0 0 0
Maze 90
85 114 2.7407407407 2.1666933254 50 0.364606260265547
83 69 35 100 50 46 41 73 52 52 68 52 27 57 91 83
63 65 95 400 400 400 71 72 400 62 62 22 400 51 81
402 401 401 400 400 400 401 401 400 401 401 402 400 402 402
0 0 0 0 0 0 0 0 0 0
0 0 0 0 0 0 0 0 0 0
0 1 1 1 1 1 1 0 0 0
0 1 0 0 1 0 1 0 0 0
1 1 1 1 1 1 1 1 1 1
1 1 1 1 1 1 1 0 0 1
1 1 1 1 1 1 1 1 1 1
1 1 1 0 1 0 0 0 0 1
1 1 2 0 1 0 0 0 0 1
1 0 0 0 1 1 1 1 1 1
Maze 91
107 50 3.0545454545 1.9764579225 85 0.396375816450466
9 26 6 89 24 19 60 54 61 90 2 57 4 22 16 9
6 400 86 84 14 59 400 51 81 82 52 54 2 12 6
402 400 401 401 402 401 400 402 401 401 401 401 402 402 402
0 1 1 1 0 1 1 1 2 0
0 1 1 1 1 1 1 1 1 0
0 1 0 1 0 1 0 0 1 0
0 1 0 1 0 1 0 0 1 0
0 1 0 1 0 1 0 0 1 0
1 1 1 1 1 1 1 1 1 1
1 1 0 1 0 1 0 0 0 0
1 1 0 1 0 1 0 0 0 0
1 1 1 1 1 1 1 1 1 1
0 0 0 0 0 0 0 0 0 0
Maze 92
135 70 3.3650793651 2.0707576109 191 0.396275233787744
46 71 20 80 88 60 53 11 80 11 90 53 29 43 11 46
41 11 400 78 58 400 51 71 71 81 83 23 23 41 41
402 402 400 402 402 400 401 401 401 401 401 402 402 401 401
0 0 0 0 0 0 0 0 0 0
1 1 1 1 1 1 1 1 1 1
1 0 1 1 1 1 1 1 1 1
1 0 1 0 0 0 0 0 0 1
1 1 1 1 1 2 0 0 0 1
1 1 1 1 1 1 1 1 1 1
1 0 1 0 0 0 0 1 0 1
1 1 1 1 1 1 1 1 1 1
1 1 1 1 1 1 1 1 1 1
0 0 0 0 0 0 0 0 0 0
Maze 93
83 12 2.8727272727 2.3046710610 30 0.398853574227081
87 78 1 82 19 59 97 88 28 70 79 75 44 44 24 87
77 71 81 12 400 57 87 400 68 69 400 74 400 400 84
402 401 401 402 400 402 402 400 401 402 400 401 400 400 401
1 0 0 0 0 0 0 0 0 0
1 1 1 1 1 1 1 1 1 0
1 1 0 1 0 0 0 1 1 0
1 1 0 1 0 0 0 1 1 0
1 1 0 1 0 0 0 1 1 0
1 1 0 1 0 0 1 1 1 0
1 1 0 1 0 0 1 1 1 1
1 1 1 1 1 1 1 1 1 0
1 1 0 1 1 1 2 1 0 0
0 0 0 0 0 0 1 0 0 0
Maze 94
93 37 2.6451612903 2.2894655837 40 0.364107571556663
93 93 48 59 88 65 20 11 9 78 69 15 57 14 61 93
400 43 58 58 85 15 400 1 8 68 65 55 54 11 91
400 402 401 402 401 402 400 402 402 402 401 401 401 402 401
1 1 1 1 1 1 1 1 1 0
1 1 1 1 1 1 1 1 1 1
1 0 0 1 1 0 0 1 0 0
1 0 0 1 1 0 0 1 0 0
1 0 1 1 1 1 1 1 0 0
1 0 1 1 1 1 1 1 1 0
1 0 1 0 1 1 1 1 1 0
1 0 1 0 1 0 0 1 0 0
1 0 1 0 1 1 1 1 0 0
1 1 2 0 0 0 0 0 0 0
Maze 95
107 70 3.8750000000 2.0022881626 74 0.398152727817729
46 53 55 36 33 45 98 11 100 16 97 52 86 13 44 46
43 400 35 400 43 95 91 91 96 96 92 82 83 43 400
402 400 402 400 401 401 401 401 401 401 401 401 401 401 400
0 0 0 0 0 0 0 0 0 0
1 0 1 0 0 1 0 0 0 0
1 0 1 0 0 1 0 0 0 0
1 0 1 1 1 1 0 0 0 0
1 0 1 1 1 2 0 0 0 0
1 1 1 1 1 1 0 0 0 0
1 1 1 0 1 1 0 0 0 0
1 1 1 0 1 1 0 0 0 0
1 1 1 1 1 1 0 0 0 0
1 1 1 1 1 1 1 1 1 1
Maze 96
101 111 3.1379310345 2.1513259886 64 0.392858529257107
86 2 58 46 59 60 99 79 37 74 41 87 8 2 10 86
82 52 56 56 400 59 400 77 34 71 81 7 400 400 6
401 401 401 401 400 402 400 401 402 401 401 402 400 400 402
0 1 1 1 1 1 1 1 1 1
0 1 0 0 0 1 1 0 0 0
0 1 0 0 0 1 1 0 0 0
0 1 0 1 1 1 1 0 0 0
1 1 0 1 0 1 1 0 0 0
1 1 1 1 1 1 1 1 1 1
1 1 0 1 0 1 1 0 1 0
1 1 1 1 0 1 1 1 1 0
1 1 1 1 1 2 1 0 1 0
0 0 0 0 0 0 0 0 1 0
Maze 97
85 6 2.8076923077 2.1013482055 44 0.413567759290359
8 5 44 49 37 78 81 91 31 56 100 95 85 80 51 8
400 4 400 47 77 71 400 400 51 96 400 400 75 71 1
400 402 400 401 401 402 400 400 401 401 400 400 402 401 402
1 1 1 1 1 1 1 2 0 0
1 0 0 1 0 0 0 0 0 0
1 0 0 1 0 0 0 0 0 0
1 0 0 1 0 0 1 0 0 0
1 0 0 1 1 1 1 1 1 0
1 1 1 1 1 1 1 0 0 0
1 0 0 0 0 1 1 0 0 0
1 1 1 1 1 1 1 1 1 1
1 0 0 0 1 1 0 0 0 0
1 0 0 0 1 1 1 1 1 1
Maze 98
85 26 3.1923076923 2.2356913271 40 0.364595271792366
72 67 89 78 97 80 63 28 39 14 8 63 32 34 50 72
62 87 88 77 77 73 23 38 34 4 3 62 400 44 42
402 401 401 402 402 401 402 401 401 402 402 401 400 401 402
0 0 1 1 1 1 1 1 0 0
0 0 1 1 0 0 0 0 0 0
0 0 1 1 1 1 1 1 0 0
0 1 1 1 1 1 1 1 1 0
0 1 1 1 1 1 1 1 1 1
0 1 1 0 0 0 0 0 0 0
0 1 1 1 1 1 1 0 0 0
0 2 1 1 1 1 1 1 1 1
0 0 0 0 0 0 1 1 1 0
0 0 0 0 0 0 1 0 0 0
Maze 99
103 622 2.7812500000 2.2306852128 43 0.368035741964398
88 24 82 86 89 30 26 43 96 24 67 80 20 92 56 88
84 22 400 400 29 400 23 93 94 64 77 400 12 52 86
401 402 400 400 402 400 402 401 401 401 401 400 402 402 401
0 0 0 0 0 0 0 0 0 0
0 1 1 1 1 1 1 1 1 1
0 1 1 1 1 1 1 1 1 1
0 1 1 1 0 0 0 0 1 1
0 1 1 1 0 0 0 0 1 1
0 1 1 1 1 1 0 0 1 1
0 1 1 1 1 1 1 0 1 1
0 1 1 1 0 1 1 1 1 1
0 1 1 1 1 1 1 2 1 0
0 1 1 1 1 1 0 0 0 0
Maze 100
115 51 3.4716981132 1.9570506704 156 0.396043803684485
37 42 66 73 87 43 68 91 14 6 79 14 80 69 81 37
32 62 63 83 83 63 61 11 4 76 74 74 79 61 31
402 401 402 401 401 401 402 402 402 401 401 401 401 402 402
0 0 0 1 1 1 0 0 0 0
1 1 1 1 0 1 0 0 0 0
1 0 0 1 0 1 0 0 0 0
1 1 1 1 1 1 2 0 0 0
1 1 1 1 0 1 0 0 0 0
1 1 1 1 0 1 0 0 0 0
1 1 1 1 1 1 1 1 1 0
1 0 1 1 1 1 1 1 1 1
1 0 1 1 1 1 1 0 0 0
1 0 0 0 0 0 0 0 0 0
Maze 101
71 7 2.5714285714 2.1955732290 8 0.352219877403788
33 36 62 82 42 88 19 19 30 52 76 98 51 42 42 33
400 32 400 400 82 18 400 29 22 72 96 91 41 400 32
400 402 400 400 401 402 400 401 402 401 401 401 402 400 402
0 0 0 0 0 0 0 0 0 0
0 0 0 0 0 0 0 1 1 0
0 1 1 1 1 1 1 1 1 1
0 1 2 1 1 1 0 1 0 0
1 1 0 0 0 0 0 1 0 0
1 1 0 0 0 0 0 1 0 0
1 1 0 0 0 0 0 1 0 0
1 1 1 1 1 1 0 1 0 0
1 1 1 1 1 1 1 1 0 0
1 1 1 1 1 1 1 1 0 0
Maze 102
83 11 2.7037037037 2.1525993444 21 0.357024493249448
98 86 33 26 24 83 78 19 99 98 27 23 17 73 62 98
96 83 23 400 23 73 18 400 400 97 400 13 13 72 92
401 401 402 400 402 402 402 400 400 401 400 402 402 401 401
0 0 0 0 0 0 0 0 0 0
0 0 1 1 1 1 1 1 1 0
0 0 1 1 1 1 1 1 1 0
0 0 1 0 0 0 1 1 1 0
0 0 1 0 0 0 1 1 1 0
0 0 1 0 0 0 1 1 1 0
0 1 1 0 0 0 1 1 1 0
0 1 1 1 1 1 1 1 1 0
0 1 1 1 1 1 1 0 1 0
0 1 1 1 1 1 1 2 1 0
Maze 103
77 8 2.8571428571 2.1929286465 18 0.386901415786295
23 71 43 35 15 12 40 76 67 86 66 62 100 75 61 23
21 41 33 400 400 32 36 66 66 400 400 92 95 71 21
402 402 402 400 400 401 402 402 402 400 400 401 401 401 402
0 0 0 0 0 0 0 0 0 0
0 1 1 1 1 0 0 0 0 0
1 1 2 0 1 0 0 0 0 0
1 1 1 1 1 1 1 1 1 1
1 1 1 0 0 1 0 0 0 0
1 0 0 0 0 1 0 0 0 0
1 1 1 1 1 1 1 0 0 0
1 1 1 1 1 1 0 0 0 0
0 1 0 0 1 1 0 0 0 0
0 1 1 1 1 1 1 1 1 1
Maze 104
93 283 3.2941176471 2.0674287209 45 0.384719248503672
74 45 98 89 13 69 51 41 50 26 23 44 79 50 52 74
44 95 88 83 63 61 400 400 46 400 43 74 49 42 72
402 401 402 401 401 401 400 400 401 400 401 401 402 402 401
0 0 0 0 0 0 0 0 0 0
0 0 1 0 0 0 0 0 0 0
0 0 1 1 1 1 0 0 0 0
0 0 1 0 0 1 0 0 0 0
1 1 1 1 1 1 1 1 1 1
1 1 1 1 1 0 0 0 1 0
1 1 1 1 1 1 1 1 1 0
0 1 1 2 1 1 1 1 1 0
0 0 1 1 1 1 1 1 1 0
0 0 0 0 1 1 1 1 0 0
Maze 105
93 11 3.2830188679 2.1805210830 45 0.380838647364413
96 3 98 36 58 71 44 17 8 1 8 30 60 66 98 96
93 93 96 56 51 41 14 7 400 400 28 400 56 96 400
401 401 401 401 402 402 402 402 400 400 401 400 402 401 400
1 1 1 1 1 1 1 1 0 0
0 0 1 1 1 1 1 1 0 0
0 0 1 1 0 0 0 1 1 1
0 0 1 1 0 1 0 0 0 1
1 1 1 1 0 1 0 0 0 1
1 1 1 1 1 1 1 1 1 1
1 0 1 0 0 1 0 0 0 0
1 0 1 0 0 1 0 0 0 0
0 0 1 0 0 1 0 0 0 0
0 0 1 1 1 2 1 1 0 0
Maze 106
95 57 3.6956521739 1.9971713062 71 0.379818008006520
9 25 59 27 50 9 82 9 39 67 58 65 38 21 26 9
5 55 57 47 49 2 2 400 37 57 55 35 31 400 6
402 401 401 401 401 402 402 400 402 402 402 402 401 400 402
0 1 1 1 1 1 1 1 2 0
0 1 0 0 1 1 0 0 1 0
1 1 1 1 1 1 1 0 1 0
1 1 1 1 1 1 1 1 1 0
0 1 0 0 1 0 1 1 1 1
0 1 0 0 1 1 1 1 1 0
0 1 0 0 1 0 1 0 0 0
0 1 0 0 0 0 0 0 0 0
0 1 0 0 0 0 0 0 0 0
0 0 0 0 0 0 0 0 0 0
Maze 107
95 68 3.2244897959 1.9290100698 66 0.395110035932261
10 67 76 48 93 90 79 43 79 38 13 53 37 49 33 10
7 66 46 43 83 89 73 73 78 33 400 33 47 43 3
402 402 402 402 402 401 401 401 401 401 400 402 401 401 402
0 0 1 1 1 1 1 1 1 2
0 0 1 0 0 0 1 0 0 0
0 0 1 0 0 0 1 0 0 0
0 0 1 1 1 1 1 1 0 0
0 0 1 1 1 1 1 1 1 0
0 0 1 0 0 1 1 1 0 0
0 0 1 0 0 1 1 1 0 0
0 0 1 1 1 1 1 1 1 0
0 0 1 1 1 1 1 1 1 1
0 0 1 0 0 0 0 0 0 0
Maze 108
87 8 3.0400000000 2.2378690013 44 0.356180193250955
14 81 31 53 70 70 60 67 55 40 8 61 5 64 85 14
11 400 51 63 400 400 57 65 35 38 1 1 4 84 84
402 400 401 401 400 400 402 401 402 401 402 402 402 401 401
1 1 1 1 1 1 1 1 0 0
1 1 1 2 0 0 0 1 0 0
1 0 0 1 0 0 0 1 0 0
1 0 0 1 1 1 1 1 1 1
1 0 0 1 1 0 0 0 0 0
1 1 1 1 1 0 1 1 1 1
1 0 1 1 1 1 1 1 1 1
1 0 0 1 0 0 0 0 0 0
1 0 0 1 1 0 0 0 0 0
0 0 0 0 0 0 0 0 0 0
Maze 109
83 18 3.1428571429 1.8420299846 26 0.383662086587074
41 58 68 57 95 18 100 35 55 16 23 44 13 3 48 41
51 400 67 55 15 98 95 400 15 13 43 43 400 43 400
401 400 401 402 402 401 401 400 402 402 401 401 400 401 400
0 0 1 0 0 0 0 0 0 0
0 0 1 1 1 1 1 1 0 0
0 0 1 0 1 0 0 1 0 0
0 0 1 0 1 0 0 1 0 0
2 1 1 1 1 1 1 1 0 0
1 1 1 1 1 1 1 1 0 0
0 0 0 0 1 0 1 1 0 0
0 0 0 0 1 0 0 1 0 0
0 0 0 0 1 0 0 1 0 0
0 0 0 0 1 1 1 1 1 1
Maze 110
81 43 2.9333333333 1.8907756828 30 0.367565003894739
54 19 65 52 42 45 69 38 78 17 55 19 36 81 63 54
14 15 62 400 400 65 68 400 77 15 15 16 31 61 53
402 402 401 400 400 401 401 400 401 402 402 402 402 402 402
0 0 0 0 0 0 0 0 0 0
0 0 0 1 1 1 1 1 1 0
0 0 0 1 1 1 1 0 0 0
1 1 1 1 1 1 1 1 0 0
1 1 1 1 1 0 1 1 0 0
1 1 1 2 1 0 1 1 0 0
1 1 1 1 1 1 1 1 1 0
1 0 0 0 0 0 1 1 0 0
1 0 0 0 0 0 0 0 0 0
0 0 0 0 0 0 0 0 0 0
Maze 111
93 67 2.9090909091 2.1575048980 29 0.371430847008828
13 31 90 18 12 85 45 43 37 44 36 16 13 20 85 13
11 81 88 400 82 400 400 33 34 34 400 400 400 15 83
402 401 401 400 401 400 400 402 402 402 400 400 400 402 401
0 0 0 0 0 0 0 0 0 0
1 1 2 1 1 1 1 1 1 1
1 1 1 0 1 1 0 1 0 0
1 1 1 1 1 1 1 1 0 0
1 1 1 1 1 0 0 1 0 0
1 1 1 0 1 0 0 1 0 0
1 1 1 0 1 0 0 1 0 0
1 1 1 0 1 0 0 1 0 0
1 1 1 1 1 1 1 1 1 1
0 0 0 0 0 0 0 0 0 0
Maze 112
101 3 3.2000000000 2.0721391996 59 0.376778382447563
16 71 60 34 74 56 55 22 40 74 35 27 19 9 71 16
11 51 54 400 54 400 52 32 34 34 25 17 400 1 11
402 402 401 400 402 400 401 401 402 402 402 402 400 402 402
1 1 1 1 1 1 1 1 1 0
1 1 1 1 1 2 1 1 1 0
1 1 0 0 1 1 1 0 0 0
1 1 1 1 1 1 1 1 1 1
1 1 0 1 0 0 0 0 0 0
1 1 1 1 1 1 1 1 1 1
1 0 0 1 0 0 0 0 0 0
1 0 0 1 0 0 0 0 0 0
0 0 0 0 0 0 0 0 0 0
0 0 0 0 0 0 0 0 0 0
Maze 113
93 185 3.4222222222 1.8927164347 50 0.383090057540153
25 3 28 38 33 38 72 54 40 9 57 51 38 19 83 25
23 23 400 400 400 32 52 34 39 7 400 31 18 13 23
401 401 400 400 400 402 402 402 401 402 400 402 402 402 402
0 0 1 0 0 0 1 1 1 0
0 0 1 1 1 1 1 1 1 0
0 0 1 1 2 1 1 1 1 0
1 1 1 1 1 1 1 1 1 1
1 1 1 1 0 0 1 0 0 0
1 1 1 1 1 1 1 0 0 0
0 1 1 0 0 0 0 0 0 0
0 1 1 0 0 0 0 0 0 0
0 0 1 0 0 0 0 0 0 0
0 0 0 0 0 0 0 0 0 0
Maze 114
111 65 3.3333333333 2.1585000996 80 0.407673219938731
49 88 11 56 72 57 81 86 3 27 80 24 70 29 20 49
48 81 51 52 52 51 400 83 23 77 74 64 69 19 19
402 401 401 402 402 402 400 401 401 401 401 401 401 402 402
0 0 1 0 0 0 0 0 0 0
1 0 1 0 0 0 0 0 1 1
1 0 1 1 1 1 1 0 1 0
1 0 1 1 0 0 1 0 1 0
1 0 1 1 0 0 1 1 2 0
1 1 1 1 1 1 1 1 1 0
1 1 1 1 1 1 1 1 1 1
1 1 1 1 1 1 1 1 1 1
1 1 1 1 1 1 1 1 0 0
0 0 0 0 0 0 0 0 0 0
Maze 115
103 20 2.8333333333 2.1220051839 50 0.364171580795108
45 99 9 21 51 27 92 24 46 44 12 28 63 32 17 45
95 400 1 400 21 22 22 44 400 42 22 23 62 12 15
401 400 402 400 402 402 402 401 400 401 401 402 401 402 402
1 1 1 1 1 1 1 1 1 0
1 1 1 1 1 1 1 0 1 0
1 1 1 1 1 1 1 1 1 0
1 1 1 1 1 0 0 0 1 0
1 1 1 1 2 1 0 0 1 0
1 1 1 0 1 0 0 0 1 0
0 1 1 0 1 0 0 0 1 0
0 1 0 0 1 0 0 0 1 0
0 1 0 0 1 0 0 0 1 0
0 1 0 0 1 1 1 1 1 0
Maze 116
107 238 2.9152542373 2.0283057745 57 0.404134327809461
17 53 29 49 73 7 74 99 96 56 19 100 50 43 93 17
13 23 400 43 3 4 94 400 400 16 99 400 400 400 13
402 402 400 402 402 402 401 400 400 402 401 400 400 400 402
0 0 1 1 1 1 1 0 0 0
0 0 1 1 1 1 2 1 1 0
0 0 1 1 1 1 1 1 1 0
0 0 1 1 0 1 0 0 1 0
0 0 1 1 1 1 1 1 1 1
0 0 1 1 0 1 0 0 1 1
0 0 1 1 0 1 0 0 1 1
0 0 1 1 0 1 0 0 1 1
0 0 1 1 0 1 0 0 1 1
0 0 1 1 1 1 1 1 1 1
Maze 117
101 19 3.2800000000 1.9914407138 66 0.374587583350040
83 67 40 93 52 71 39 47 47 20 98 41 33 71 99 83
63 37 33 92 51 31 37 400 17 18 91 31 31 91 93
402 402 402 401 402 402 402 400 402 402 401 402 402 401 401
0 0 0 0 0 0 0 0 0 0
0 0 0 0 0 0 1 1 1 1
0 0 0 0 0 0 1 1 0 0
1 1 1 1 1 1 1 1 1 1
1 0 1 0 0 0 1 1 0 0
1 1 1 0 0 0 1 1 0 0
1 1 1 1 1 1 1 1 0 0
1 1 1 0 0 0 0 1 0 0
1 1 2 0 0 0 0 1 0 0
1 1 1 1 1 1 1 1 1 0
Maze 118
107 78 3.6400000000 2.0076152131 98 0.390227350366742
93 24 76 81 5 33 52 72 50 34 3 82 9 3 15 93
23 74 71 1 3 32 400 42 44 33 2 2 400 13 13
402 401 402 402 402 402 400 402 401 401 402 402 400 401 402
1 1 1 1 1 1 1 1 1 0
1 1 1 1 1 0 0 0 0 0
1 1 1 1 0 0 0 0 0 0
1 1 1 1 0 0 0 0 0 0
1 1 1 1 1 1 1 1 1 1
1 1 1 1 0 0 0 0 0 0
1 1 1 1 0 0 0 0 0 0
1 1 1 1 1 1 0 0 0 0
1 1 1 0 0 0 0 0 0 0
0 0 2 0 0 0 0 0 0 0
Maze 119
101 97 3.7894736842 1.7540202934 62 0.389221341872812
9 55 63 24 7 42 17 29 5 28 5 63 27 4 94 9
5 53 23 4 2 12 27 25 25 25 3 23 24 400 4
402 402 402 402 402 402 401 401 401 401 402 402 401 400 402
0 1 1 1 1 1 1 1 2 0
0 1 1 1 1 1 1 0 0 0
0 1 1 1 1 1 1 1 1 0
0 1 1 1 1 0 0 0 0 0
0 1 1 1 1 0 0 0 0 0
0 0 1 1 1 0 0 0 0 0
0 0 1 1 0 0 0 0 0 0
0 0 0 1 0 0 0 0 0 0
0 0 0 1 0 0 0 0 0 0
0 0 0 1 0 0 0 0 0 0
Maze 120
99 71 3.3333333333 1.9474870901 41 0.376692749222381
89 4 99 89 38 34 95 43 15 40 6 87 87 34 73 89
84 94 400 88 400 94 93 13 35 36 86 400 84 33 83
401 401 400 401 400 401 401 402 401 401 401 400 401 402 401
0 0 0 1 0 1 0 0 0 0
0 0 1 1 1 1 0 0 0 0
0 0 1 1 1 1 0 0 0 0
0 0 1 1 1 1 1 1 1 1
0 0 1 1 0 1 0 1 0 0
0 0 1 1 0 1 0 1 0 0
0 0 1 1 0 1 0 1 0 0
0 0 1 1 0 1 0 1 0 0
0 0 1 1 1 1 1 1 2 0
0 0 1 1 1 1 1 1 1 0
Maze 121
107 1106 2.8888888889 2.1010616463 87 0.382610281890359
13 72 88 44 30 35 96 81 52 98 16 42 65 100 58 13
12 82 84 24 25 95 91 51 92 96 12 62 95 98 53
402 401 401 402 402 401 401 402 401 401 402 401 401 401 401
0 0 0 0 0 0 0 0 0 0
0 1 2 1 1 1 0 0 0 0
0 1 1 1 1 1 1 1 1 1
0 1 1 1 1 1 0 0 0 0
0 1 1 1 1 1 0 0 0 0
1 1 1 1 1 1 1 1 0 0
1 1 1 1 1 1 0 1 0 0
1 1 0 1 1 1 0 1 0 0
1 1 1 1 1 1 1 1 0 0
1 1 1 1 1 1 1 1 1 1
Maze 122
111 253 3.0000000000 2.2143702592 97 0.374031011603322
98 71 90 87 9 70 2 76 83 90 40 14 69 55 74 98
91 81 400 7 69 62 72 73 400 400 34 64 65 54 94
401 401 400 402 401 401 401 402 400 400 401 401 401 402 401
0 1 0 0 0 0 1 1 1 0
0 1 0 1 0 0 1 0 1 0
0 1 0 1 0 0 1 0 1 0
0 1 0 1 1 1 1 1 1 1
0 1 0 1 0 0 1 0 1 1
0 1 0 1 1 0 1 0 1 1
0 1 1 1 1 1 1 1 1 1
1 1 1 1 1 1 1 0 0 1
1 1 1 1 1 1 1 1 1 1
1 1 1 1 1 1 1 2 0 0
Maze 123
93 57 3.2156862745 2.0543486302 45 0.387949449513055
39 28 53 82 47 67 88 5 87 21 35 36 32 71 2 39
38 23 52 42 400 87 85 85 81 31 400 400 31 1 32
401 402 402 402 400 401 401 401 401 401 400 400 402 402 401
1 1 0 0 1 0 0 0 0 0
1 1 0 0 1 0 0 0 0 0
1 1 1 1 1 1 1 1 0 0
1 1 1 1 1 1 1 1 2 0
1 1 1 1 1 1 1 0 0 0
1 1 1 0 1 0 1 0 0 0
1 1 0 0 1 0 1 0 0 0
1 1 0 0 1 0 1 0 0 0
1 1 1 1 1 1 1 1 0 0
0 0 0 0 0 0 0 0 0 0
Maze 124
113 606 3.2121212121 2.2143702592 99 0.375401147625093
39 44 100 28 59 43 83 15 28 31 8 4 48 100 31 39
34 94 98 58 53 400 13 25 21 1 400 44 98 91 400
402 401 401 401 401 400 402 401 402 402 400 401 401 401 400
1 1 1 1 1 1 1 1 0 0
1 0 1 1 1 0 0 0 0 0
1 1 1 1 1 1 1 1 0 0
1 1 1 1 1 1 1 1 2 0
1 0 1 1 1 1 1 1 0 0
1 0 1 1 1 1 1 1 1 0
1 0 1 1 0 0 0 1 0 0
1 0 1 1 0 0 0 1 0 0
1 0 1 1 0 0 0 1 0 0
1 1 1 1 1 1 1 1 1 1
Maze 125
101 71 2.8620689655 2.0796956454 55 0.403615590340212
50 85 4 68 64 55 1 62 71 6 19 79 71 8 10 50
45 84 64 400 54 51 61 61 1 16 400 400 1 400 400
402 401 401 400 402 401 401 402 402 401 400 400 402 400 400
1 1 1 1 1 1 1 1 1 1
1 0 0 1 0 1 1 1 1 1
1 0 0 1 0 0 0 0 1 1
1 0 0 1 0 0 0 0 1 1
1 0 0 1 1 1 1 1 1 2
1 1 1 1 1 0 0 0 1 0
1 1 0 1 1 1 1 1 1 0
1 1 1 1 1 1 1 1 1 0
0 0 0 1 1 0 0 0 0 0
0 0 0 0 0 0 0 0 0 0
Maze 126
79 5 3.0588235294 2.1848414420 35 0.370606118452051
47 49 56 40 2 82 91 61 11 2 1 83 28 55 86 47
400 46 36 32 400 81 400 400 1 400 81 23 25 85 46
400 402 402 401 400 402 400 400 402 400 401 402 402 401 402
1 1 0 0 0 0 0 0 0 0
1 1 0 0 0 0 0 0 0 0
1 1 1 1 1 1 1 1 0 0
1 1 1 1 1 1 1 1 1 1
1 1 1 0 1 1 2 1 1 0
1 1 1 0 1 1 0 0 0 0
1 1 1 0 1 1 0 0 0 0
1 1 1 0 1 1 0 0 0 0
1 1 1 0 1 1 0 0 0 0
1 0 0 0 0 0 0 0 0 0
Maze 127
77 89 2.9361702128 2.1525783848 22 0.369710668545596
98 77 76 17 80 86 92 96 46 78 14 46 22 55 55 98
97 400 16 77 76 82 400 400 76 74 44 42 52 400 95
401 400 402 401 402 402 400 400 401 401 401 401 401 400 401
0 0 0 0 0 0 0 0 0 0
0 0 0 1 0 1 1 0 0 0
0 1 0 1 0 1 1 0 0 0
0 1 0 1 0 1 1 0 0 0
0 1 1 1 1 1 1 0 0 0
0 1 1 1 1 1 1 0 0 0
0 0 0 1 1 1 1 0 0 0
0 0 0 1 1 1 1 1 1 1
0 1 1 1 1 1 1 0 0 0
0 1 1 1 1 1 1 2 0 0
Maze 128
97 77 3.2452830189 2.1256661497 60 0.366803408699008
64 65 54 73 60 81 68 27 6 61 99 95 5 98 94 64
400 64 53 53 51 61 67 26 1 91 400 400 95 400 400
400 401 402 402 402 402 401 401 402 401 400 400 401 400 400
1 1 1 1 1 1 0 0 0 0
1 0 0 0 1 1 0 0 0 0
1 0 0 0 1 1 1 0 0 0
1 0 0 0 1 0 1 0 0 0
1 0 0 0 1 0 1 0 0 0
1 1 1 1 1 1 1 1 1 1
1 1 1 2 1 1 1 1 0 0
1 0 1 1 1 0 0 0 0 0
1 0 0 1 1 0 0 0 0 0
1 1 1 1 1 1 1 1 1 0
Maze 129
87 60 2.7931034483 2.2739711755 50 0.378814110357723
34 56 36 50 30 58 92 94 79 76 11 13 59 9 83 34
54 400 46 400 28 52 400 74 400 71 400 53 400 3 33
401 400 401 400 402 402 400 402 400 401 400 401 400 402 402
0 0 1 1 1 1 1 1 1 0
1 1 1 0 0 0 0 0 1 0
1 0 1 0 0 0 0 1 1 1
1 0 1 2 0 1 0 1 1 1
1 0 1 1 0 1 1 1 1 1
1 1 1 1 1 1 1 1 1 0
1 1 1 0 0 0 0 0 0 0
1 1 1 1 1 1 1 1 1 0
0 1 1 1 0 0 0 0 0 0
0 1 1 1 0 0 0 0 0 0
Maze 130
121 103 3.3684210526 1.8784189806 125 0.388600819344709
2 11 34 94 19 94 9 92 85 79 85 19 67 25 48 2
1 31 400 14 14 4 2 82 75 75 15 17 65 45 42
402 401 400 402 402 402 402 402 402 402 402 402 401 401 401
1 2 1 1 1 1 1 1 1 0
1 1 0 1 1 1 1 1 1 0
1 1 0 1 1 0 1 0 0 0
1 1 1 1 1 0 1 0 0 0
0 1 1 1 1 1 1 1 0 0
0 1 0 1 1 0 1 0 0 0
0 1 0 1 1 1 1 0 0 0
0 1 0 1 1 1 1 1 1 0
0 1 1 1 1 0 0 0 0 0
0 1 0 1 0 0 0 0 0 0
Maze 131
95 48 2.7868852459 2.2000583642 77 0.373344979850519
31 99 40 64 73 36 90 86 89 57 39 2 55 76 26 31
91 39 34 63 33 86 400 400 87 37 32 52 75 400 21
401 402 402 402 402 401 400 400 401 402 401 401 401 400 402
0 1 0 0 0 0 0 0 0 0
0 1 0 0 0 0 0 0 0 0
1 1 1 1 1 1 0 0 0 0
2 1 1 1 1 1 1 1 1 1
1 1 1 1 0 1 1 0 1 0
1 1 1 1 1 1 1 0 1 0
1 0 1 1 1 1 1 0 1 0
1 0 1 0 1 1 1 0 1 0
1 0 0 0 0 1 1 1 1 1
1 1 1 1 1 1 1 1 1 0
Maze 132
95 36 3.3333333333 2.2712597216 56 0.384682427992222
95 20 66 77 46 82 98 16 55 11 59 30 29 27 48 95
15 16 76 76 42 92 96 15 51 51 29 400 400 47 45
402 402 401 401 402 401 401 402 401 401 402 400 400 401 402
0 0 0 0 0 0 0 0 0 0
1 0 0 0 1 1 1 1 1 1
1 0 0 0 1 1 1 1 1 1
1 0 0 0 1 1 1 0 1 0
1 1 1 1 1 1 1 1 1 0
1 1 1 1 1 1 1 1 1 0
0 1 0 0 1 1 0 0 0 0
0 1 0 0 1 1 1 0 0 0
0 1 0 0 1 1 0 0 0 0
0 1 1 1 2 1 1 1 0 0
Maze 133
115 113 2.7605633803 2.2646968560 92 0.374183264789547
94 79 31 3 79 20 2 31 3 90 99 66 24 9 42 94
74 71 1 73 19 12 1 1 83 89 96 64 4 2 92
402 401 402 401 402 401 402 402 401 402 401 401 402 402 401
1 1 1 1 1 1 1 1 1 0
1 1 1 1 1 1 1 1 1 1
1 1 1 1 0 0 0 0 1 0
1 1 1 1 0 0 0 0 1 0
1 1 1 1 0 0 0 0 1 0
1 1 1 1 0 0 0 0 1 0
1 1 1 1 1 1 0 0 1 0
1 1 1 1 1 1 1 1 1 0
0 1 1 1 1 1 1 1 1 1
0 1 1 2 0 1 1 1 1 0
Maze 134
95 24 2.8965517241 2.1805210830 54 0.379652279909524
15 76 74 83 71 89 50 69 14 78 12 55 75 81 8 15
75 400 73 81 81 49 49 64 74 72 52 400 71 1 5
401 400 402 401 401 402 402 401 401 401 401 400 402 402 402
1 1 1 1 1 1 1 1 0 0
1 1 0 1 2 0 0 0 0 0
1 1 0 1 1 0 0 0 0 0
1 1 0 1 1 0 0 0 0 0
1 1 0 1 1 0 0 0 1 1
1 1 1 1 1 0 0 0 1 0
1 1 0 1 1 1 1 1 1 0
1 1 1 1 1 1 1 1 1 0
1 1 1 1 1 1 1 1 1 0
0 0 0 0 0 0 0 0 0 0
Maze 135
75 11 3.1219512195 1.9381657953 14 0.361471426147566
88 73 76 44 16 63 45 32 31 22 29 22 26 63 51 88
83 400 74 14 13 43 42 400 21 400 400 400 23 61 81
401 400 401 402 402 402 401 400 402 400 400 400 402 401 401
0 0 0 0 0 0 0 0 0 0
0 0 1 1 1 1 0 0 0 0
1 1 1 1 1 1 1 1 1 0
1 1 1 1 0 0 0 0 0 0
0 1 1 1 1 0 0 0 0 0
1 0 1 1 0 0 0 0 0 0
1 1 1 1 0 0 0 0 0 0
1 0 1 1 1 1 0 0 0 0
1 1 1 1 1 1 1 2 0 0
0 0 0 0 0 0 0 0 0 0
Maze 136
113 113 3.2380952381 2.1640436624 98 0.372595014232969
94 64 92 10 85 87 56 19 7 11 19 63 71 30 82 94
400 62 2 5 400 86 16 17 1 400 13 61 21 22 92
400 402 402 402 400 401 402 401 402 400 402 402 402 402 401
1 1 1 1 1 1 1 1 1 1
1 1 1 1 1 1 1 1 1 0
1 1 1 1 1 1 1 1 1 1
1 1 1 0 1 1 0 0 0 0
1 1 1 0 1 1 0 0 0 0
1 1 1 0 1 1 0 0 0 0
1 1 1 1 1 1 0 0 0 0
1 1 0 1 1 1 0 0 0 0
0 1 0 1 1 1 1 0 0 0
0 1 1 2 0 0 0 0 0 0
Maze 137
89 23 3.3181818182 1.9444185697 39 0.392073766002096
93 44 13 59 82 42 94 89 60 26 57 25 57 59 29 93
43 43 53 52 400 92 84 59 56 56 55 55 400 400 23
402 401 401 402 400 401 402 402 401 401 401 401 400 400 402
0 0 0 0 0 0 0 0 0 0
0 0 1 0 0 0 0 0 0 0
0 0 1 1 1 1 1 1 1 0
0 0 1 0 1 1 0 0 1 0
0 1 1 1 1 1 0 0 1 0
0 1 1 1 1 1 1 1 1 1
0 1 1 0 0 0 0 0 1 0
0 1 1 0 0 0 0 0 1 0
0 1 1 1 1 1 1 1 1 0
0 1 2 1 0 0 0 0 0 0
Maze 138
113 214 3.5087719298 2.0989941232 99 0.392607014012720
35 5 58 63 21 85 17 2 86 96 27 92 17 9 74 35
400 55 53 61 81 15 12 82 400 26 22 12 7 4 34
400 401 402 401 401 402 401 401 400 402 402 402 402 402 402
0 1 0 1 1 1 1 1 1 0
0 1 1 1 1 1 1 0 0 0
1 1 1 1 1 1 1 0 0 0
1 1 0 1 2 1 0 0 0 0
1 1 0 1 1 1 0 0 0 0
1 1 1 1 1 1 1 1 0 0
1 1 1 1 1 1 0 0 0 0
1 1 0 1 1 1 0 0 0 0
1 1 1 1 1 1 0 0 0 0
0 1 0 0 0 1 0 0 0 0
Maze 139
95 318 2.8070175439 2.1275846358 70 0.386948885517626
73 10 58 53 28 7 68 2 3 8 39 64 89 66 88 73
3 8 400 23 27 67 62 400 400 38 34 84 86 86 83
402 402 400 402 401 401 401 400 400 401 402 401 401 401 401
0 1 1 1 1 1 1 1 1 1
0 1 1 0 0 0 1 1 0 0
0 1 1 1 1 1 1 1 0 0
0 1 1 1 1 1 1 1 1 0
0 1 1 1 0 0 1 1 0 0
0 1 1 1 1 1 1 1 0 0
0 1 1 1 1 1 1 1 0 0
0 0 2 1 0 1 0 0 0 0
0 0 1 1 1 1 1 1 1 0
0 0 0 0 0 0 0 0 0 0
Maze 140
103 306 3.0175438596 2.0948293652 64 0.386033295370263
90 70 16 81 39 68 93 92 22 74 68 85 11 95 84 90
400 66 11 31 38 63 400 400 72 64 65 81 91 94 400
400 401 402 402 402 402 400 400 401 402 402 401 401 401 400
0 0 0 0 0 0 0 0 0 0
1 1 1 1 1 1 0 0 0 0
1 1 0 0 0 1 0 0 0 0
1 1 1 1 1 1 1 1 1 0
1 1 0 0 0 1 0 1 0 0
1 1 0 0 0 1 0 1 0 0
1 1 1 1 1 1 1 1 1 1
1 1 1 1 1 0 0 0 0 1
1 1 1 1 1 1 1 1 1 2
1 1 1 1 1 0 0 0 0 0
Maze 141
97 601 3.1228070175 2.1711102278 77 0.374346954415772
76 81 70 35 25 95 86 6 63 29 39 96 83 81 3 76
71 61 65 400 400 85 400 3 23 400 36 93 400 1 73
402 402 401 400 400 402 400 402 402 400 402 401 400 402 401
1 1 1 1 1 1 0 0 0 0
1 0 1 0 0 1 0 0 0 0
1 0 1 1 1 1 1 1 1 0
1 0 1 0 1 1 1 1 1 0
1 0 1 0 1 1 0 0 0 0
1 0 1 0 1 1 0 0 0 0
1 1 1 1 1 1 1 1 1 1
1 1 1 1 1 2 0 0 0 0
1 1 1 0 1 1 0 0 0 0
0 0 1 1 1 1 0 0 0 0
Maze 142
117 78 3.1851851852 1.8136544121 140 0.386509539678169
90 3 98 65 26 64 23 70 63 13 12 80 100 87 23 90
83 93 95 25 24 63 63 400 400 400 72 400 97 83 83
401 401 401 402 402 401 401 400 400 400 401 400 401 401 401
0 0 1 0 0 0 0 0 0 0
0 1 1 0 0 0 0 0 0 0
0 1 1 1 1 1 0 0 0 0
0 1 1 1 1 0 0 0 0 0
0 1 1 1 1 0 0 0 0 0
0 1 1 1 1 0 0 0 0 0
0 1 1 1 1 1 1 1 1 1
0 1 1 1 1 1 1 1 1 1
0 0 1 1 1 1 1 1 1 2
0 0 1 1 1 1 1 1 1 1
Maze 143
95 566 3.3818181818 2.2779762722 84 0.389977996409118
27 66 5 20 24 96 82 67 29 75 56 43 71 37 21 27
26 65 15 14 94 92 62 27 25 55 53 41 31 31 400
402 401 401 402 401 401 402 402 402 402 401 402 402 401 400
0 0 0 0 1 0 0 0 0 0
0 0 0 1 1 1 1 1 1 1
1 1 1 1 1 1 2 1 1 0
1 1 1 1 1 1 1 0 0 0
1 1 1 1 1 1 1 0 0 0
1 0 1 1 1 1 1 0 0 0
1 1 1 1 1 1 1 0 0 0
1 1 0 1 1 0 0 0 0 0
0 1 0 1 0 0 0 0 0 0
0 1 1 1 1 1 0 0 0 0
Maze 144
117 75 3.1076923077 2.1288612824 131 0.369747389281649
4 18 89 56 35 37 50 16 42 10 62 30 6 2 98 4
14 88 86 55 400 47 46 12 2 2 22 26 400 92 94
401 401 401 401 400 401 401 402 402 402 402 401 400 401 401
0 1 1 2 1 1 1 1 1 1
0 1 1 1 1 1 1 1 0 0
0 1 1 1 1 1 1 1 1 1
0 1 0 1 1 1 1 1 0 0
0 1 0 1 1 1 1 1 1 1
0 1 0 1 1 1 0 1 0 0
0 1 0 1 0 1 0 1 0 0
0 1 0 1 0 1 0 1 0 0
0 1 0 1 0 1 1 1 1 0
0 1 1 1 1 1 1 1 0 0
Maze 145
71 11 2.6530612245 2.2321661162 20 0.401633390448921
43 40 39 90 79 54 95 78 57 78 31 33 47 18 29 43
33 400 89 89 74 94 75 77 77 71 400 43 17 28 23
402 400 401 401 401 401 402 401 401 401 400 401 402 401 402
0 0 0 0 0 0 0 0 0 0
0 0 0 0 0 0 1 1 0 0
0 0 1 1 1 1 1 1 1 0
1 1 1 1 1 1 1 1 1 1
1 0 2 1 1 1 1 0 1 0
1 0 0 1 0 0 1 0 1 0
1 0 0 1 0 0 1 0 1 0
1 1 1 1 1 1 1 1 1 0
0 0 0 1 1 0 0 0 1 1
0 0 0 1 1 0 0 0 0 0
Maze 146
97 177 2.9629629630 2.0613539079 84 0.387278971359620
98 60 26 100 91 73 61 28 49 55 69 93 21 26 65 98
58 56 96 400 71 71 21 48 45 65 63 91 400 25 95
402 401 401 400 402 401 402 401 402 401 402 401 400 402 401
0 0 0 0 0 0 0 0 0 0
0 0 0 0 0 0 0 0 0 0
1 1 1 1 1 1 1 1 0 0
1 0 0 0 1 1 0 1 0 0
1 0 0 0 1 1 1 1 1 0
1 0 0 0 1 1 1 1 1 1
1 0 1 1 1 1 1 1 1 0
1 1 1 0 1 1 0 1 0 0
1 0 1 0 1 1 0 1 0 0
1 1 1 1 1 1 1 2 1 1
Maze 147
91 27 3.1489361702 1.9992869340 50 0.398935177196984
33 49 83 51 94 13 62 77 94 63 75 95 21 17 48 33
43 43 81 91 93 12 72 74 93 73 400 91 11 47 43
401 402 401 401 401 402 401 402 401 401 400 401 402 401 401
0 0 0 0 0 0 0 0 0 0
1 1 1 1 1 1 1 0 0 0
1 1 1 0 0 0 1 0 0 0
1 1 2 0 0 0 1 0 0 0
1 1 1 1 1 1 1 1 1 0
1 1 1 0 0 0 0 0 0 0
1 1 1 0 0 0 0 0 0 0
1 1 1 1 1 1 1 0 0 0
1 1 1 1 1 0 0 0 0 0
1 1 1 1 1 0 0 0 0 0
Maze 148
97 73 3.2592592593 2.1780943860 65 0.386825477746894
93 42 20 19 65 46 30 50 92 70 34 11 33 17 15 93
92 12 400 15 45 26 400 42 62 64 31 31 13 400 13
401 402 400 402 402 402 400 402 402 401 401 401 402 400 402
0 0 0 0 0 0 0 0 0 0
1 1 1 1 1 1 1 1 1 1
1 1 1 0 1 1 1 1 1 1
1 1 1 1 1 1 0 0 0 1
0 1 1 1 1 1 1 1 1 1
0 1 1 1 1 0 0 0 0 0
0 1 1 1 1 1 1 1 1 1
0 1 1 0 0 0 0 0 0 0
0 1 1 0 0 0 0 0 0 0
0 1 2 0 0 0 0 0 0 0
Maze 149
75 116 3.0909090909 2.2010812680 22 0.352243513979227
34 94 25 8 19 10 66 71 76 55 66 61 41 96 57 34
400 24 5 18 9 6 61 400 75 65 400 400 91 56 54
400 402 402 401 402 402 402 400 401 401 400 400 401 402 401
0 0 0 0 1 1 1 1 1 1
0 0 0 0 1 1 0 1 1 0
0 0 0 1 1 1 0 0 0 0
0 0 0 2 0 1 0 0 0 0
1 0 0 1 0 1 0 0 0 0
1 0 0 1 1 1 1 0 0 0
1 1 1 1 1 1 0 0 0 0
1 1 1 1 1 1 0 0 0 0
1 0 0 1 0 1 0 0 0 0
1 1 1 1 1 1 0 0 0 0
Maze 150
123 1481 3.1014492754 2.2290409671 131 0.396145335063085
74 9 71 50 89 81 21 77 18 42 94 63 53 51 20 74
4 1 41 49 400 400 71 17 12 92 93 400 400 11 14
402 402 402 402 400 400 401 402 402 401 401 400 400 402 402
1 1 1 1 1 1 1 1 1 0
1 1 1 1 1 1 1 1 1 1
1 1 0 1 0 0 1 0 0 0
1 1 0 1 0 0 1 0 0 0
1 1 1 1 1 1 1 1 1 1
1 1 1 1 0 0 1 0 1 0
1 1 1 1 0 0 1 0 1 0
1 1 1 2 1 1 1 0 1 0
1 1 1 1 1 1 1 1 1 0
0 1 1 1 0 0 0 0 0 0
Maze 151
89 16 3.1071428571 2.2595637259 44 0.367762023187940
94 89 65 30 59 68 38 91 43 6 95 87 78 74 14 94
84 85 25 29 58 400 31 41 3 5 85 77 400 400 400
402 401 402 402 402 400 402 402 402 402 402 402 400 400 400
0 0 1 1 1 1 0 0 0 0
0 0 1 1 1 0 0 0 0 0
0 0 1 1 1 1 1 1 1 1
1 1 1 1 1 1 1 1 1 0
1 1 1 1 1 0 0 1 1 0
1 0 0 1 1 0 0 1 1 0
1 0 0 1 1 0 0 1 0 0
1 0 0 1 1 1 1 1 0 0
1 0 0 1 1 1 1 1 1 0
1 0 0 2 1 0 0 0 0 0
Maze 152
85 43 2.9795918367 2.1818293277 56 0.383966495519229
22 73 31 11 48 28 93 67 61 73 67 88 93 97 41 22
72 71 400 41 400 23 63 400 71 63 87 83 400 91 21
401 401 400 401 400 402 402 400 401 402 401 402 400 401 402
0 0 0 0 0 0 0 0 0 0
1 0 0 0 0 0 0 0 0 0
1 2 1 1 1 1 1 1 0 0
1 1 1 0 0 0 0 1 0 0
1 1 1 1 1 1 1 1 0 0
1 1 1 0 0 0 0 0 0 0
1 1 1 1 1 1 1 0 0 0
1 1 1 0 0 0 1 0 0 0
1 0 1 1 1 1 1 1 0 0
1 1 1 1 1 1 1 0 0 0
Maze 153
93 149 3.1153846154 2.1070469813 45 0.411159757687551
56 13 93 63 24 94 92 12 87 60 46 73 30 88 56 56
53 400 400 23 400 400 400 82 57 56 43 23 28 86 400
401 400 400 402 400 400 400 401 402 401 402 402 402 401 400
0 0 0 0 0 0 0 0 0 0
0 1 1 0 0 0 0 0 0 0
0 1 1 1 1 1 1 1 1 1
0 1 1 1 0 0 0 1 0 0
0 1 1 1 1 1 0 1 0 0
0 1 1 1 1 2 1 1 1 1
0 1 1 1 0 1 1 1 0 0
0 1 1 1 0 1 1 1 0 0
0 1 1 1 1 1 1 1 0 0
0 1 1 1 0 0 0 0 0 0
Maze 154
101 47 2.9830508475 2.3502969440 77 0.368594411775916
81 57 65 80 61 10 70 25 4 30 71 62 91 53 43 81
51 55 75 71 1 400 65 24 24 21 61 61 51 400 41
402 402 401 401 402 400 401 401 401 402 402 402 402 400 402
1 1 1 1 1 1 1 1 1 1
1 0 0 1 0 0 0 0 0 1
1 1 1 1 1 1 1 1 1 1
1 0 0 0 1 0 0 0 0 1
1 1 1 0 1 0 0 0 0 1
1 1 1 1 1 1 1 0 0 1
1 1 0 0 1 1 1 1 1 1
1 1 1 1 1 1 1 1 1 1
2 0 0 0 0 0 0 0 0 0
1 0 0 0 0 0 0 0 0 0
Maze 155
103 219 3.0344827586 2.2254194555 70 0.370320995203737
25 71 70 36 1 1 75 13 19 21 62 95 91 80 48 25
21 61 66 31 400 71 73 400 11 61 92 400 71 78 45
402 402 401 401 400 401 401 400 402 401 401 400 402 401 401
1 0 0 0 0 0 0 0 0 0
1 1 1 1 1 1 1 1 1 0
1 1 1 1 2 0 0 0 0 0
1 1 1 1 1 1 0 0 0 0
1 0 1 0 1 1 1 1 0 0
1 0 1 0 0 1 0 1 0 0
1 1 1 1 1 1 1 1 1 1
1 1 1 1 1 1 1 1 1 1
1 1 0 0 0 0 0 0 0 0
1 1 1 1 1 0 0 0 0 0
Maze 156
89 17 2.8400000000 1.9145044378 25 0.394526189130961
3 85 80 68 83 98 98 18 68 43 36 59 98 9 45 3
83 75 78 63 93 400 400 400 63 33 56 58 8 5 43
401 402 401 402 401 400 400 400 401 402 401 402 402 402 401
0 0 2 0 1 1 1 1 1 0
0 0 1 0 1 0 0 1 0 0
0 0 1 0 1 0 0 1 0 0
0 0 1 1 1 1 0 1 0 0
0 0 1 1 1 1 0 1 0 0
0 0 1 0 0 1 1 1 1 0
0 0 1 1 1 1 1 1 0 0
0 0 1 0 1 1 1 1 1 1
0 0 1 1 1 0 0 1 0 0
0 0 1 1 1 1 1 1 0 0
Maze 157
105 55 3.0909090909 2.0235967155 73 0.390411141059341
40 17 74 32 33 19 30 82 2 88 78 98 62 36 61 40
37 14 72 400 13 29 22 400 82 400 400 92 32 31 31
401 402 401 400 402 401 402 400 401 400 400 401 402 402 402
0 1 0 0 0 0 0 0 0 0
0 1 1 1 1 1 1 1 1 0
0 1 1 1 1 1 1 1 1 1
1 1 1 1 1 1 1 1 1 2
1 1 0 1 0 0 0 0 0 0
1 1 0 1 0 0 0 0 0 0
1 1 0 1 0 0 0 0 0 0
0 1 1 1 0 0 0 1 0 0
0 1 1 1 1 1 1 1 0 0
0 1 1 1 1 1 1 1 0 0
Maze 158
105 60 3.5714285714 1.6468919062 99 0.395887669447561
64 37 2 8 55 29 29 72 49 84 8 29 32 50 54 64
34 32 400 5 25 400 22 42 44 4 28 22 42 44 400
402 401 400 402 402 400 402 402 402 402 401 402 401 402 400
0 1 1 1 1 1 1 1 0 0
0 1 0 1 1 0 0 1 0 0
0 1 1 1 1 1 1 1 1 0
0 1 1 1 1 1 1 0 0 0
0 1 1 1 1 1 1 1 1 1
0 1 0 1 1 0 0 0 0 0
0 1 0 2 0 0 0 0 0 0
0 1 0 1 0 0 0 0 0 0
0 0 0 1 0 0 0 0 0 0
0 0 0 0 0 0 0 0 0 0
Maze 159
99 10 3.3600000000 2.0626550785 60 0.405834380176621
9 51 6 74 86 95 76 92 52 43 22 79 79 48 91 9
1 1 4 84 85 75 72 400 42 42 72 400 78 41 1
402 402 402 401 402 402 402 400 402 401 401 400 401 402 402
1 1 1 1 1 1 1 1 2 0
1 0 0 1 0 0 0 0 0 0
1 1 0 1 0 0 0 0 0 0
1 1 0 1 0 0 0 0 0 0
1 1 1 1 1 1 1 1 0 0
1 1 0 1 0 0 0 1 0 0
1 1 0 1 0 0 0 1 0 0
1 1 1 1 1 1 1 1 1 0
1 1 0 1 1 1 0 0 0 0
1 1 0 0 1 0 0 0 0 0
Maze 160
125 70 3.4736842105 2.0633904688 117 0.381878656377703
82 23 2 14 18 90 61 9 81 43 11 78 21 29 21 82
22 22 12 400 88 81 1 1 41 41 71 71 400 400 81
402 401 401 400 401 401 402 402 402 401 401 401 400 400 401
1 1 1 1 1 1 1 1 1 0
1 1 1 1 1 1 1 1 0 0
1 1 1 1 1 1 1 1 1 0
1 1 0 0 0 0 0 1 0 0
1 1 1 0 0 0 0 1 0 0
1 1 0 0 0 0 0 1 0 0
1 1 0 0 0 0 0 1 0 0
1 1 1 1 1 1 1 1 0 0
1 2 1 1 1 1 1 1 1 1
0 0 0 0 0 0 0 0 0 0
Maze 161
85 22 3.0980392157 2.2102054875 26 0.366306260784804
61 65 89 75 21 41 76 84 8 20 2 22 69 85 82 61
400 85 85 71 400 71 74 4 18 12 400 62 65 400 81
400 401 401 401 400 401 402 402 401 401 400 401 402 400 401
0 1 0 1 1 1 1 1 0 0
0 1 1 1 1 1 1 1 1 1
1 1 0 1 0 0 0 0 0 0
1 1 0 1 0 0 0 0 0 0
1 1 0 1 0 0 0 0 0 0
1 1 0 1 0 0 0 0 0 0
2 1 1 1 1 1 1 1 1 0
1 1 1 1 1 1 0 0 0 0
1 1 1 1 1 1 1 1 1 0
0 0 0 0 0 0 0 0 0 0
Maze 162
99 286 3.3584905660 2.1355672607 77 0.389262181175607
74 67 26 12 19 21 50 83 44 84 63 70 8 14 29 74
64 66 22 400 11 41 43 43 400 83 400 68 4 24 24
402 401 401 400 402 401 402 402 400 401 400 401 402 401 402
0 0 0 1 1 1 1 1 0 0
1 1 1 1 1 1 1 1 1 0
1 1 1 1 1 1 1 1 1 0
1 0 0 1 0 1 0 1 0 0
1 1 1 1 1 1 1 1 1 1
0 0 1 1 0 1 0 1 0 0
0 0 1 1 1 1 1 1 1 1
0 0 1 2 0 0 0 0 0 0
0 0 1 1 0 0 0 0 0 0
0 0 0 0 0 0 0 0 0 0
Maze 163
117 192 3.0606060606 2.1748123974 124 0.392505355662431
88 83 50 80 91 12 30 99 30 6 100 33 48 15 46 88
400 43 400 71 11 22 29 29 26 96 93 43 45 45 86
400 402 400 402 402 401 402 402 401 401 401 401 401 401 401
0 0 0 0 0 1 0 0 0 0
1 1 0 0 1 1 0 0 0 0
1 1 1 1 1 1 1 1 1 1
1 0 1 0 1 1 0 0 1 0
1 0 1 1 1 1 1 1 1 1
1 0 1 0 0 1 0 0 1 1
1 0 1 0 0 1 0 0 1 1
1 1 1 1 1 1 1 1 1 1
1 0 1 1 1 1 1 2 1 0
1 0 1 1 1 1 1 1 1 1
Maze 164
107 38 3.3818181818 2.0181138969 98 0.376253565174102
26 60 13 49 56 58 87 58 3 13 41 78 2 96 70 26
56 53 43 46 400 57 57 53 400 11 71 72 92 66 66
401 401 401 402 400 402 402 401 400 402 401 401 401 402 401
0 1 1 0 0 0 0 0 0 0
1 1 1 0 0 0 0 0 0 0
1 1 1 0 0 2 0 0 0 0
1 1 1 0 0 1 0 0 0 0
1 1 1 1 1 1 1 1 1 0
1 1 1 1 1 1 1 1 1 1
1 1 0 0 0 1 1 1 1 1
1 1 1 1 1 1 1 1 0 0
0 1 0 0 0 1 1 0 0 0
0 1 1 1 1 1 0 0 0 0
Maze 165
87 128 3.7894736842 1.9633545216 50 0.390266581585638
58 67 91 37 75 57 25 34 91 27 74 56 29 29 26 58
57 61 31 35 55 55 24 31 21 24 54 26 400 400 56
402 402 402 402 402 401 402 402 402 402 402 402 400 400 401
0 0 0 0 0 0 0 0 0 0
0 0 0 0 0 0 0 0 0 0
1 1 1 1 1 1 1 1 1 0
1 1 1 1 1 1 1 0 0 0
1 0 0 1 1 1 0 0 0 0
1 0 0 1 1 1 1 2 0 0
1 1 1 1 1 1 1 0 0 0
1 0 0 1 1 0 0 0 0 0
1 0 0 0 0 0 0 0 0 0
1 0 0 0 0 0 0 0 0 0
Maze 166
81 21 2.9361702128 2.1309185258 26 0.371985958374353
36 66 94 27 88 94 8 62 66 36 57 49 37 57 53 36
400 64 24 87 84 4 2 400 400 56 47 47 400 400 33
400 402 402 401 402 402 402 400 400 401 402 401 400 400 402
0 1 1 1 1 1 1 1 0 0
0 1 0 1 0 0 0 0 0 0
0 1 0 1 1 1 1 0 0 0
0 1 1 1 1 2 1 0 0 0
0 1 1 1 0 1 1 1 1 0
0 1 1 1 1 1 1 0 0 0
0 1 1 1 1 1 1 0 0 0
0 0 0 1 0 0 1 0 0 0
0 0 0 1 1 1 1 1 0 0
0 0 0 1 0 0 0 0 0 0
Maze 167
91 126 3.3076923077 2.2299989452 36 0.378398332509709
35 26 7 56 99 43 19 74 55 41 66 84 49 54 58 35
25 6 6 96 93 13 14 54 51 61 64 44 44 400 55
402 402 402 401 401 402 402 402 401 401 402 402 402 400 401
0 0 0 0 0 1 1 0 0 0
0 0 1 1 1 1 1 1 1 0
0 0 1 1 1 1 0 0 0 0
0 0 1 1 2 1 0 0 0 0
1 0 1 1 1 1 1 1 1 0
1 1 1 1 1 1 1 1 0 0
1 1 1 1 1 1 0 0 0 0
0 0 1 1 0 1 0 0 0 0
0 0 1 1 0 1 0 0 0 0
0 0 1 1 1 1 1 1 1 0
Maze 168
117 228 3.5357142857 2.0281474630 93 0.399624819383035
13 10 57 90 31 81 57 24 56 90 6 76 71 36 82 13
3 7 87 81 400 51 54 54 86 86 400 400 31 32 12
402 402 401 401 400 402 401 401 401 401 400 400 402 402 402
0 0 1 1 1 1 1 1 1 1
0 1 2 0 0 1 1 0 0 0
0 1 0 1 0 1 1 0 0 0
1 1 1 1 1 1 1 0 0 0
1 1 0 1 0 1 1 0 0 0
1 1 1 1 1 1 1 0 0 0
1 1 0 0 0 1 1 0 0 0
1 1 1 1 1 1 1 0 0 0
1 1 1 1 1 1 1 1 1 1
0 0 0 0 0 0 0 0 0 0
Maze 169
97 247 2.8181818182 2.3110125115 65 0.381453952522949
67 24 95 92 83 16 38 89 4 61 56 98 19 27 80 67
64 94 400 82 13 36 88 84 1 51 96 18 17 77 77
401 401 400 402 402 401 401 401 402 402 401 402 402 401 401
1 1 1 1 0 0 0 0 0 0
1 0 1 1 1 1 1 1 1 0
1 0 1 1 0 1 1 1 0 0
1 0 1 1 0 1 1 1 0 0
1 0 1 1 0 0 1 1 0 0
1 1 1 1 1 1 1 1 0 0
1 0 1 1 1 1 2 1 0 0
0 0 1 1 0 1 1 1 1 1
0 1 1 1 1 1 1 1 1 0
0 1 1 1 1 1 1 1 0 0
Maze 170
83 43 2.9411764706 2.2159110899 35 0.375798373291883
69 40 39 28 76 89 92 18 45 84 33 46 63 86 82 69
39 400 38 26 86 82 12 15 44 83 43 43 83 400 62
402 400 401 402 401 402 402 402 402 401 401 402 401 400 402
0 0 0 0 0 0 0 0 0 0
0 1 1 1 1 1 1 1 0 0
0 1 0 0 1 1 1 1 0 0
0 1 1 0 1 1 0 1 1 1
0 1 1 1 1 1 0 0 1 0
0 1 1 1 0 1 0 0 1 0
0 1 1 1 1 1 1 1 2 0
0 1 1 1 0 1 0 0 0 0
0 1 1 1 1 1 1 1 1 0
0 1 0 0 0 0 0 0 0 0
Maze 171
107 13 3.1481481481 2.1780943860 94 0.390468934770586
83 98 81 91 76 31 75 1 34 88 68 41 70 28 31 83
93 91 400 71 71 71 71 31 84 400 61 61 68 21 81
401 401 400 402 401 401 401 401 401 400 401 401 401 402 401
1 0 0 0 0 0 0 0 0 0
1 0 0 0 0 0 0 0 0 0
1 1 1 1 1 1 1 1 0 0
1 1 1 1 0 0 0 1 0 0
1 0 0 1 0 0 0 1 0 0
1 0 0 1 0 0 0 1 0 0
1 1 1 1 1 1 1 1 1 1
1 1 1 1 1 1 0 1 0 0
1 1 2 1 1 1 1 1 0 0
1 1 1 1 1 1 1 1 0 0
Maze 172
101 58 3.4042553191 2.0640750970 56 0.379408256487423
57 71 10 55 14 86 44 3 31 51 1 85 71 23 26 57
51 1 5 54 84 84 43 1 400 400 81 81 21 400 56
402 402 402 401 401 401 401 402 400 400 401 401 402 400 401
1 1 1 1 1 1 1 1 1 1
1 0 1 1 1 0 0 0 0 0
1 1 1 1 1 1 0 0 0 0
1 0 1 1 1 1 0 0 0 0
1 0 1 1 1 1 0 0 0 0
1 1 1 1 1 1 2 0 0 0
1 0 0 1 0 0 0 0 0 0
1 0 0 1 0 0 0 0 0 0
1 1 1 1 1 1 0 0 0 0
0 0 0 0 0 0 0 0 0 0
Maze 173
93 42 3.0169491525 2.3311565995 36 0.355044121537947
65 30 79 99 95 100 10 28 48 98 10 62 74 49 30 65
25 29 400 400 400 400 8 400 400 8 2 72 44 29 25
402 402 400 400 400 400 402 400 400 402 402 401 402 402 402
0 1 1 1 1 1 1 1 1 1
0 1 0 0 0 0 0 1 0 1
0 1 0 0 1 1 1 1 1 1
0 1 0 0 1 0 0 1 1 1
0 1 0 1 1 1 1 1 1 1
0 1 0 1 1 0 0 1 1 1
0 1 0 1 2 0 0 1 1 1
0 1 1 1 0 0 0 1 1 1
0 0 0 0 0 0 0 1 1 1
0 0 0 0 1 1 1 1 1 1
Maze 174
129 227 3.6949152542 2.0386291486 136 0.394380771959573
16 77 40 12 57 32 96 22 99 9 80 1 42 78 68 16
76 37 32 52 52 92 92 92 400 79 71 41 72 400 66
401 402 401 401 401 401 401 401 400 401 401 401 401 400 401
1 0 0 0 0 0 0 0 1 0
1 1 0 0 0 2 0 0 1 0
1 1 0 0 0 1 0 0 1 0
1 1 1 1 1 1 1 1 1 1
1 1 0 0 0 1 1 0 1 0
1 1 1 1 1 1 1 0 1 0
1 1 0 0 0 1 1 1 1 0
1 1 1 1 1 1 1 1 1 1
0 1 0 0 0 0 0 0 1 0
0 1 1 1 1 1 1 1 1 0
Maze 175
109 4 3.3725490196 1.9244458719 98 0.371471247583184
100 15 99 47 84 74 47 15 48 83 3 62 91 12 47 100
95 95 97 44 400 44 45 45 43 400 2 61 11 42 97
401 401 401 402 400 402 401 401 402 400 402 402 402 401 401
0 1 1 0 0 0 0 0 0 0
1 1 1 0 1 0 0 0 0 0
1 1 1 0 1 0 0 0 0 0
1 1 1 0 1 0 0 0 0 0
1 1 1 1 1 1 1 1 0 0
1 1 1 1 1 0 1 0 0 0
1 1 1 1 1 0 1 0 0 0
1 0 1 1 1 0 1 0 0 0
1 0 1 1 1 0 1 0 0 0
1 0 0 0 1 1 1 1 1 2
Maze 176
109 116 3.1929824561 1.9921757752 112 0.404723538895541
18 66 30 96 21 34 34 59 22 96 90 17 6 59 33 18
16 26 26 91 31 400 54 52 92 86 87 16 56 53 13
402 402 402 401 401 400 401 401 401 402 401 401 401 401 402
0 0 0 0 0 1 0 0 0 0
0 0 1 1 1 1 1 2 0 0
1 1 1 0 0 1 1 1 1 1
1 1 1 1 0 1 1 0 0 0
1 1 1 1 0 1 1 0 0 0
1 1 1 1 1 1 1 1 1 0
1 1 0 0 0 1 1 0 0 0
1 1 0 0 0 1 1 0 0 0
1 1 0 0 0 1 1 1 1 1
1 1 1 1 1 1 0 0 0 0
Maze 177
115 269 3.3333333333 2.2709422638 97 0.402513083607356
55 52 9 41 1 84 100 39 88 60 90 21 49 96 60 55
400 2 1 400 81 94 99 38 58 400 81 41 46 56 400
400 402 402 400 401 401 401 402 402 400 401 401 402 402 400
1 1 1 1 1 1 1 1 1 0
1 1 0 0 0 0 0 0 0 0
1 1 0 0 0 0 0 0 0 0
1 1 0 0 0 0 0 1 1 0
1 1 1 1 1 1 1 1 1 0
1 1 1 1 2 1 1 1 1 1
1 0 0 0 0 1 0 1 1 1
1 0 0 0 0 1 0 1 1 1
1 1 1 1 1 1 1 1 1 1
0 0 0 1 1 1 1 1 1 1
Maze 178
101 192 2.8620689655 2.0675947945 84 0.389206107354240
63 69 78 33 41 37 2 98 78 5 52 3 44 40 19 63
400 68 73 31 31 32 92 400 75 2 2 43 34 39 13
400 402 401 402 402 401 401 400 401 402 402 401 402 401 402
0 1 1 1 1 0 0 0 0 0
0 1 1 1 1 1 1 1 1 0
0 1 1 0 1 0 0 0 1 0
1 1 1 1 1 1 1 1 1 1
1 1 1 1 1 0 0 0 0 0
0 1 1 0 1 0 0 0 0 0
0 1 2 1 1 1 1 1 1 0
0 1 1 1 1 1 1 1 0 0
0 1 0 0 0 0 0 1 0 0
0 1 1 1 1 1 1 1 0 0
Maze 179
115 6681 3.6949152542 2.2143702592 133 0.404283929683987
41 29 55 1 59 93 50 19 57 10 8 30 78 94 38 41
21 25 51 51 53 43 49 17 7 400 28 28 74 34 31
402 402 401 401 402 402 401 402 402 400 401 402 402 402 402
1 0 0 0 0 0 1 1 1 1
1 0 0 0 0 0 1 1 1 0
1 1 1 1 1 1 1 1 1 1
1 1 1 1 1 1 1 1 1 0
2 0 1 1 1 1 1 1 1 1
1 1 1 1 1 1 1 1 1 0
0 0 1 1 0 0 0 1 0 0
0 0 1 1 1 1 1 1 0 0
0 0 1 1 0 0 0 0 0 0
0 0 1 1 0 0 0 0 0 0
Maze 180
77 407 2.7843137255 2.2433568690 30 0.371178180615842
80 39 56 74 74 34 42 35 100 40 46 80 81 67 90 80
79 36 54 400 400 32 32 95 400 36 76 71 61 87 400
401 402 402 400 400 402 402 401 400 402 401 402 402 401 400
0 0 0 0 0 0 0 0 0 0
0 0 0 0 0 0 0 0 0 0
0 0 0 0 0 0 0 0 0 0
0 1 1 1 1 1 1 1 1 1
0 1 0 1 1 1 0 0 1 1
0 0 0 1 1 1 0 0 1 1
1 1 1 1 1 1 1 0 1 1
1 1 1 1 1 1 1 1 1 2
1 0 0 0 1 0 1 1 1 1
0 0 0 0 1 1 1 1 1 1
Maze 181
93 2141 2.5937500000 2.2573010794 45 0.387898097449663
79 38 44 63 51 47 38 31 80 89 26 61 59 90 10 79
78 34 43 61 41 37 400 71 79 86 21 51 89 400 9
401 402 402 401 402 402 400 401 402 401 402 402 401 400 402
0 0 0 0 0 0 0 0 1 1
0 0 0 0 0 0 0 0 1 1
1 1 1 1 1 1 0 0 1 1
1 1 1 1 1 1 1 1 1 1
1 1 1 1 1 1 1 1 1 1
1 1 1 1 1 1 1 1 1 1
1 1 1 0 0 1 0 1 1 1
1 1 1 1 1 1 1 1 2 1
0 0 0 0 0 1 1 1 1 1
0 0 0 0 0 0 0 0 0 0
Maze 182
109 852 2.9393939394 2.3082585795 97 0.387799801365949
53 36 1 56 8 2 98 69 93 94 75 11 79 7 5 53
33 31 51 6 400 92 68 63 400 74 71 71 77 400 3
402 401 401 402 400 401 402 402 400 402 401 401 401 400 402
1 1 1 1 1 1 1 1 0 0
1 1 1 0 0 1 1 0 0 0
1 1 1 0 0 1 1 0 0 0
1 1 1 1 1 1 1 0 0 0
1 1 1 0 0 1 1 0 0 0
1 1 2 1 1 1 1 0 0 0
1 1 1 1 1 1 1 1 1 0
1 1 1 1 1 1 1 1 1 0
0 1 1 1 0 0 0 1 0 0
0 1 1 1 1 1 1 1 0 0
Maze 183
103 128 3.5600000000 1.9211122810 77 0.367321768236783
80 92 79 85 69 24 88 53 42 66 17 92 51 93 84 80
72 72 75 65 64 84 83 52 62 16 12 91 91 83 74
402 402 402 402 401 401 401 401 401 402 402 401 401 402 402
0 0 0 0 0 0 0 0 0 0
0 1 1 1 1 1 1 0 0 0
0 1 0 1 0 1 0 0 0 0
0 1 0 1 0 1 0 0 0 0
0 1 0 1 0 1 0 0 0 0
1 1 1 1 0 1 0 0 0 0
1 1 1 1 1 1 1 1 1 0
1 1 1 1 1 1 1 1 1 2
1 1 1 1 1 1 1 1 0 0
1 1 1 0 0 0 0 0 0 0
Maze 184
93 11 3.5319148936 2.0204560095 41 0.392165445164750
20 60 70 39 83 62 77 12 38 72 87 94 3 59 50 20
400 400 69 33 82 72 72 32 32 82 84 93 53 49 400
400 400 401 402 401 401 401 401 402 401 402 401 401 402 400
0 0 1 0 0 0 0 0 0 0
0 1 1 0 0 0 0 0 0 2
0 1 1 0 0 0 0 0 0 1
0 1 1 1 1 1 1 1 1 1
0 1 1 0 0 0 0 0 1 1
0 1 1 1 1 1 1 1 1 1
0 1 1 0 0 0 0 0 1 1
0 1 1 1 1 1 1 0 0 0
0 1 1 1 1 1 1 0 0 0
0 0 1 1 0 0 0 0 0 0
Maze 185
131 67 3.0333333333 1.7251487273 147 0.396242291428741
89 74 12 10 78 61 14 87 73 29 92 10 68 78 43 89
84 72 2 8 71 11 84 83 23 22 2 8 400 73 83
401 401 402 402 401 402 401 401 402 402 402 402 400 401 401
0 1 1 1 1 1 1 1 1 1
1 1 1 1 0 0 0 1 0 0
1 1 1 1 1 1 1 1 1 0
1 1 1 1 0 0 0 1 0 0
1 1 1 1 0 0 0 1 0 0
1 1 1 1 0 0 0 1 0 0
1 1 1 1 0 0 0 1 0 0
1 1 1 1 1 1 1 1 0 0
0 1 1 1 1 1 1 1 2 0
0 1 0 0 0 0 0 0 0 0
Maze 186
107 180 3.6538461538 2.0334819451 97 0.398241274472329
37 59 5 76 56 86 39 12 80 52 38 79 43 10 36 37
57 55 75 400 400 36 32 72 72 32 78 73 3 6 400
401 401 401 400 400 402 401 401 401 402 401 401 402 402 400
0 0 1 1 1 1 1 1 1 1
0 1 1 0 1 1 0 0 0 0
0 1 1 0 1 1 0 0 0 0
0 1 1 1 1 1 2 1 1 0
0 1 1 0 1 1 1 1 0 0
0 1 1 0 1 1 1 1 1 0
0 1 1 0 1 1 0 1 0 0
0 1 1 1 1 1 1 1 1 1
0 0 0 0 0 1 0 0 0 0
0 0 0 0 0 0 0 0 0 0
Maze 187
101 32 3.3913043478 1.9338650376 62 0.374145486251017
27 70 5 27 15 69 30 46 64 92 71 12 91 69 31 27
67 65 25 25 65 29 26 44 62 91 11 11 61 61 21
401 401 401 401 401 402 402 402 402 401 402 402 402 401 402
0 0 0 0 1 0 0 0 0 0
1 1 0 0 1 0 0 0 0 0
1 1 1 1 1 1 2 1 1 1
1 0 0 0 1 1 1 0 1 0
1 0 0 1 1 1 1 0 1 0
1 0 0 1 1 0 1 0 1 0
1 1 1 1 1 1 1 1 1 1
1 1 0 0 0 0 0 0 0 0
1 1 0 0 0 0 0 0 0 0
1 1 0 0 0 0 0 0 0 0
Maze 188
101 43 2.8666666667 2.0778394245 64 0.384641709080561
49 79 55 65 27 72 10 94 73 22 58 64 89 10 8 49
400 75 400 25 22 2 4 93 72 52 54 84 9 400 48
400 401 400 402 402 402 402 401 401 401 402 401 402 400 401
0 1 1 1 1 1 1 1 1 1
0 1 0 1 0 0 0 1 1 0
0 1 1 1 1 1 1 1 1 0
0 1 0 1 1 0 0 1 1 0
0 1 0 1 1 0 0 1 2 0
0 1 1 1 1 1 1 1 1 0
0 1 0 1 1 0 0 0 1 0
0 1 1 1 1 1 1 1 1 0
0 0 1 1 1 1 1 1 1 0
0 0 1 1 0 0 0 0 0 0
Maze 189
105 43 3.0980392157 1.9629915608 72 0.389103363994731
47 71 18 39 80 76 52 46 24 61 30 71 14 12 39 47
41 11 38 79 400 72 42 44 21 21 21 11 400 32 37
402 402 401 401 400 401 402 401 402 402 402 402 400 401 402
0 0 0 0 0 0 0 0 0 0
1 1 1 1 1 1 1 1 0 0
1 1 1 1 1 1 1 1 1 1
1 1 1 1 1 1 1 1 1 0
1 1 1 1 1 1 2 0 1 0
1 1 0 0 0 0 0 0 1 0
1 1 0 0 0 0 0 0 1 0
1 1 1 1 1 1 1 1 1 1
0 0 0 0 0 0 0 0 0 0
0 0 0 0 0 0 0 0 0 0
Maze 190
87 13 3.3846153846 1.8526722469 45 0.380032804651036
36 38 16 86 86 40 51 1 31 3 60 11 6 36 67 36
400 36 400 400 36 31 400 400 1 53 51 1 400 66 66
400 401 400 400 402 402 400 400 402 401 401 402 400 401 401
1 1 1 1 1 1 0 0 0 0
1 0 1 0 0 1 0 0 0 0
1 0 1 0 0 1 0 0 0 0
1 1 1 1 1 2 1 1 1 1
1 0 1 0 0 1 0 0 0 0
1 1 1 1 1 1 1 1 1 1
0 0 0 0 0 1 1 0 0 0
0 0 0 0 0 1 0 0 0 0
0 0 0 0 0 1 0 0 0 0
0 0 0 0 0 0 0 0 0 0
Maze 191
107 598 3.1076923077 2.3082585795 105 0.384111576431806
34 81 72 35 19 95 3 61 94 36 14 29 43 88 50 34
31 71 32 15 15 93 1 91 34 34 24 23 83 48 44
402 402 402 402 402 401 402 401 402 401 401 402 401 402 401
1 1 1 0 0 0 0 0 0 0
1 0 1 1 1 1 1 1 1 0
1 0 1 1 1 1 1 1 1 0
1 1 1 2 1 1 0 0 0 0
1 1 1 1 1 1 1 1 1 1
1 1 1 1 1 0 0 1 0 0
1 1 1 1 1 0 0 1 0 0
1 1 1 1 1 0 0 1 0 0
1 0 1 1 1 1 1 1 0 0
1 1 1 1 1 0 0 0 0 0
Maze 192
115 20 3.5217391304 1.7791369731 117 0.390463675289559
45 58 58 4 52 94 6 52 22 98 52 11 57 1 50 45
55 400 54 2 92 4 2 400 92 92 51 51 51 41 400
401 400 401 402 401 402 402 400 401 401 401 401 401 401 400
1 1 1 1 1 1 0 0 0 0
1 1 0 1 0 0 0 0 0 0
1 1 0 1 0 0 0 0 0 0
1 1 0 1 0 0 0 0 0 0
1 1 1 1 2 1 1 1 1 1
1 1 1 1 1 1 1 1 0 0
0 1 0 1 0 0 0 0 0 0
0 1 0 1 0 0 0 0 0 0
0 1 0 1 0 0 0 0 0 0
0 1 1 1 1 1 1 1 0 0
Maze 193
99 21 2.9818181818 2.0601645749 66 0.362376167032094
31 23 76 86 88 83 59 80 18 9 94 89 13 51 87 31
21 73 400 400 400 53 79 78 8 4 84 83 11 81 81
402 401 400 400 400 402 401 401 402 402 402 401 402 401 401
0 0 0 1 1 1 1 1 1 0
1 1 1 1 0 0 0 1 0 0
1 1 1 1 0 0 0 1 0 0
2 0 1 1 0 0 0 1 0 0
1 0 1 1 0 0 0 1 0 0
1 0 1 1 1 1 1 1 1 0
1 0 1 1 0 0 0 1 1 0
1 0 1 1 1 1 0 1 1 1
1 1 1 1 1 1 1 1 1 0
0 0 0 1 0 0 0 0 0 0
Maze 194
119 1921 3.5185185185 1.9135831752 165 0.393103445237650
96 32 50 83 50 68 43 60 5 38 67 71 39 88 39 96
92 42 43 43 48 63 53 55 35 37 61 31 38 38 36
401 401 402 402 402 401 401 401 401 402 402 402 402 402 402
0 0 0 0 1 0 0 0 0 0
0 0 0 0 1 0 0 0 0 0
0 0 0 0 1 0 0 0 0 0
1 1 1 1 1 1 1 1 1 0
1 1 1 1 1 1 1 1 1 1
1 1 1 1 1 1 1 1 1 1
1 1 1 1 1 1 1 1 0 0
1 1 1 0 0 1 0 1 0 0
0 1 1 0 0 1 0 1 0 0
0 1 1 1 1 2 0 0 0 0
Maze 195
101 117 3.3478260870 1.9857456601 70 0.384980375859416
4 95 39 94 58 68 11 33 41 82 43 51 38 76 39 4
94 35 34 54 400 61 31 31 81 42 41 31 36 36 34
401 402 402 402 400 401 401 402 401 402 402 402 402 402 401
0 0 0 2 0 0 0 0 0 0
1 0 0 1 0 0 0 0 0 0
1 0 0 1 0 0 0 0 0 0
1 1 1 1 1 1 1 1 1 0
1 1 1 1 1 1 0 0 0 0
1 1 0 1 1 1 1 1 0 0
1 1 1 1 1 1 1 1 0 0
1 1 0 1 1 1 0 0 0 0
1 1 0 1 1 0 0 0 0 0
0 0 0 1 1 0 0 0 0 0
Maze 196
105 210 3.0158730159 2.2423118645 81 0.375217029617783
29 9 100 92 48 9 39 85 84 88 72 10 82 78 47 29
400 99 400 42 8 400 35 400 400 82 2 2 72 77 27
400 401 400 402 402 400 402 400 400 401 402 402 402 401 402
0 1 1 1 1 1 1 1 1 1
0 1 0 0 0 0 0 1 1 0
0 1 0 0 0 0 1 1 2 0
0 1 0 0 1 1 1 1 1 0
0 1 1 1 1 1 1 1 1 0
0 1 0 0 1 0 1 0 1 0
0 1 0 0 1 0 1 0 1 0
0 1 1 1 1 1 1 1 1 0
0 1 1 1 1 1 1 1 1 0
0 1 1 1 1 1 1 1 1 1
Maze 197
101 110 3.0344827586 2.0743230103 60 0.377707680777514
98 42 48 56 8 81 86 42 34 84 4 65 67 4 5 98
92 400 46 6 1 400 82 32 400 400 64 400 64 400 95
401 400 402 402 402 400 401 402 400 400 401 400 401 400 401
1 1 1 1 1 1 1 1 0 0
1 0 0 1 1 1 0 0 0 0
1 0 0 1 1 1 0 0 0 0
1 1 1 1 1 1 0 0 0 0
1 1 1 1 1 1 1 1 0 0
1 1 0 1 1 1 0 0 0 0
1 1 0 1 1 1 1 0 0 0
1 1 0 1 1 0 0 0 0 0
1 1 1 1 1 1 0 0 0 0
0 1 1 1 1 1 1 2 0 0
Maze 198
91 22 2.5384615385 1.8214801316 26 0.397812586318391
57 87 42 10 87 72 43 17 48 90 13 53 54 53 24 57
400 82 2 7 82 42 13 47 88 83 400 400 400 23 54
400 401 402 402 401 402 402 401 401 401 400 400 400 402 401
0 1 1 1 1 1 1 1 1 1
0 1 1 1 1 1 1 0 0 0
0 1 1 1 0 0 1 0 0 0
0 1 1 1 0 0 1 0 0 0
0 1 1 1 0 0 1 1 0 0
0 1 1 1 1 1 2 1 0 0
0 1 1 0 0 0 1 1 0 0
0 1 1 0 0 0 1 1 0 0
0 1 1 1 1 1 1 1 1 1
0 0 0 0 0 0 0 0 0 0
Maze 199
91 30 2.7241379310 2.3199300170 39 0.380372084006591
99 9 77 41 54 54 31 26 56 71 76 79 90 21 47 99
400 7 71 51 400 51 21 400 51 400 400 89 81 41 97
400 402 401 401 400 401 402 400 402 400 400 401 401 401 401
0 0 0 0 0 0 1 1 1 0
0 0 0 0 0 0 1 0 1 0
1 1 1 1 1 1 1 0 1 0
1 0 0 0 0 1 1 0 1 0
1 1 1 1 1 1 1 0 1 0
1 1 1 1 1 1 1 0 1 0
1 0 0 0 0 0 1 0 1 0
1 1 1 1 1 1 1 1 1 0
1 1 1 1 1 1 1 1 1 1
0 0 0 0 0 0 1 1 2 0
Maze 200
111 110 3.4035087719 2.0956654259 97 0.394504175799224
27 28 50 8 91 48 30 95 9 4 69 79 7 50 15 27
400 48 48 1 41 28 25 5 400 64 400 77 47 45 25
400 401 401 402 402 402 402 402 400 401 400 401 401 401 401
1 1 1 1 1 1 1 1 1 0
1 0 0 1 1 0 1 1 0 0
1 0 0 1 1 1 2 1 1 1
1 0 0 1 1 0 1 1 0 0
1 1 1 1 1 1 1 1 1 1
1 0 0 1 1 0 1 0 0 0
1 0 0 1 1 1 1 1 1 0
1 0 0 0 1 0 1 1 1 0
1 0 0 0 1 0 0 0 0 0
1 0 0 0 1 0 0 0 0 0
