numMazes: 200
mazeSize: 10
Maze 1
83 127 3.0384615385 2.3413561720 35 0.386087681917478
75 76 97 22 3 58 25 26 53 94 76 51 69 44 37 75
400 96 92 2 53 55 400 23 93 74 71 61 64 34 35
400 401 401 402 401 401 400 402 401 402 401 401 401 402 402
0 1 1 0 0 0 0 0 0 0
0 1 1 0 0 0 0 0 0 0
0 1 1 1 1 1 0 0 0 0
0 1 1 1 1 1 1 0 0 0
0 1 1 1 1 0 0 0 0 0
1 1 1 1 1 1 1 1 0 0
1 1 1 1 1 1 1 1 1 0
1 1 1 1 2 1 0 0 0 0
0 1 1 1 0 1 0 0 0 0
0 1 1 1 1 1 1 0 0 0
Maze 2
97 110 2.9259259259 2.0565098260 64 0.419044459437999
97 21 35 42 24 74 96 1 25 29 100 94 38 40 18 97
91 31 32 22 400 94 91 21 400 99 400 34 400 38 17
401 401 402 402 400 401 401 401 400 401 400 402 400 401 402
1 0 0 0 0 0 0 0 0 0
1 0 0 0 0 0 1 1 0 0
1 1 1 1 1 1 1 1 1 0
1 1 1 1 1 1 1 1 1 1
1 1 0 1 0 0 1 0 1 0
1 0 0 1 0 0 1 0 1 0
1 0 0 1 0 0 1 0 1 0
1 0 0 1 0 0 1 0 1 0
1 0 0 1 0 0 1 0 1 0
1 1 1 1 1 1 2 1 1 1
Maze 3
73 172 2.9565217391 2.1900376742 20 0.371763926304079
83 53 83 69 63 71 56 17 47 39 41 48 28 6 63 83
400 400 63 400 61 51 16 400 37 31 400 400 26 3 400
400 400 402 400 402 402 402 400 402 402 400 400 401 402 400
0 0 1 1 1 1 0 0 0 0
0 0 1 0 0 1 1 0 0 0
0 0 1 0 0 1 1 1 0 0
1 1 1 1 1 1 1 1 1 0
1 1 1 1 1 1 1 1 0 0
1 1 1 1 1 1 0 0 0 0
1 1 1 1 1 1 1 1 1 0
1 0 1 0 0 0 0 0 0 0
0 0 2 0 0 0 0 0 0 0
0 0 0 0 0 0 0 0 0 0
Maze 4
83 77 2.8000000000 2.2847533338 30 0.391292105430791
29 41 75 100 70 95 74 43 39 26 48 88 95 37 23 29
21 71 95 400 65 94 73 33 36 46 400 85 35 33 400
402 401 401 400 402 401 401 402 401 401 400 402 402 401 400
0 0 0 0 0 0 0 0 0 0
0 0 0 0 0 0 0 0 0 0
1 1 1 1 1 1 1 1 2 0
1 0 1 1 1 1 1 1 1 0
1 0 1 0 1 1 1 1 0 0
1 0 1 0 1 0 0 1 0 0
1 0 1 0 1 1 1 1 1 1
1 1 1 1 1 0 0 1 0 1
0 0 0 1 1 1 1 1 0 1
0 0 0 1 1 1 1 1 1 1
Maze 5
95 490 3.2244897959 1.9742544470 55 0.382008862653780
76 15 14 79 42 17 33 58 59 71 26 16 73 60 68 76
75 400 74 72 12 13 53 400 51 21 400 13 53 58 66
401 400 401 401 402 402 401 400 402 402 400 402 402 402 402
0 0 0 0 0 0 0 0 0 0
0 1 1 1 1 1 1 0 0 0
1 1 1 1 1 1 0 0 0 0
1 1 1 1 1 0 0 0 0 0
1 1 1 1 1 0 0 0 0 0
1 1 1 1 1 1 1 1 1 1
1 1 1 1 1 1 1 1 0 0
1 1 1 1 1 2 1 1 1 0
0 0 0 0 0 0 0 0 0 0
0 0 0 0 0 0 0 0 0 0
Maze 6
89 14 3.0566037736 2.1837316244 32 0.400120194240101
37 90 89 84 83 13 34 83 82 66 87 20 97 32 10 37
87 400 400 400 400 33 33 400 62 86 17 17 92 2 7
401 400 400 400 400 401 402 400 402 401 402 402 401 402 402
0 1 1 1 1 1 1 1 1 1
0 1 1 0 0 0 1 1 1 1
0 1 1 0 0 0 1 0 0 0
0 1 1 1 0 0 2 0 0 0
0 1 1 0 0 0 1 0 0 0
0 1 1 0 0 0 1 0 0 0
0 1 1 1 1 1 1 0 0 0
0 1 1 0 0 1 1 0 0 0
0 1 1 1 1 1 1 1 1 1
0 1 1 1 1 1 1 0 0 0
Maze 7
77 111 2.8936170213 2.1224045190 30 0.391911598060461
59 91 85 57 53 24 43 28 50 25 36 87 79 38 54 59
51 81 55 400 23 23 23 48 45 35 86 77 78 34 400
402 402 402 400 402 402 402 401 401 401 401 402 401 402 400
0 0 0 0 0 0 0 0 0 0
0 0 0 0 0 0 0 0 0 0
0 0 1 1 1 1 1 1 0 0
0 0 1 1 1 1 1 1 0 0
0 0 1 1 1 1 1 1 1 1
1 1 1 1 1 1 1 1 2 0
1 0 0 0 1 1 0 1 0 0
1 0 0 0 1 1 1 1 1 0
1 1 1 1 1 1 1 0 0 0
1 0 0 0 0 0 0 0 0 0
Maze 8
99 334 3.6078431373 2.1120634639 71 0.385909697747766
5 10 57 63 28 38 90 26 80 38 54 26 62 12 57 5
400 7 53 23 400 88 86 76 78 34 24 22 400 52 55
400 402 402 402 400 401 401 401 401 402 402 402 400 401 401
0 0 0 0 2 1 1 1 1 1
0 1 0 0 1 0 1 0 0 0
0 1 1 1 1 1 1 1 0 0
0 1 1 1 1 1 1 1 0 0
0 1 1 1 1 1 1 1 0 0
0 1 1 1 1 1 1 1 0 0
0 1 1 0 0 1 0 1 0 0
0 0 0 0 0 1 1 1 1 1
0 0 0 0 0 1 1 1 1 1
0 0 0 0 0 0 0 0 0 0
Maze 9
91 34 3.3777777778 1.9262302544 38 0.376538859718703
49 59 9 56 92 82 30 11 42 31 48 13 74 92 46 49
400 400 6 52 400 22 21 41 41 41 43 73 72 42 400
400 400 402 402 400 402 401 401 401 401 401 401 402 402 400
0 0 0 0 0 1 1 1 1 0
1 0 1 0 0 1 0 0 1 0
1 1 1 1 1 1 1 1 1 1
1 1 1 0 0 1 0 0 1 0
1 1 1 1 1 1 1 1 2 0
0 1 1 1 1 1 0 0 1 0
0 1 1 0 0 0 0 0 0 0
0 1 1 1 0 0 0 0 0 0
0 1 0 0 0 0 0 0 0 0
0 1 0 0 0 0 0 0 0 0
Maze 10
89 24 3.3333333333 2.0173713053 39 0.384960502690996
82 26 68 2 35 61 39 6 26 56 34 46 93 53 94 82
22 66 62 32 31 31 36 400 400 54 44 43 400 93 92
402 401 401 401 402 402 401 400 400 401 401 402 400 401 401
0 1 0 0 0 1 0 0 0 0
0 1 0 0 0 1 0 0 0 0
0 1 1 1 1 1 0 0 0 0
1 1 1 1 1 1 1 1 1 0
1 1 1 1 1 1 0 0 0 0
1 1 1 1 1 1 0 0 0 0
1 1 1 1 1 1 1 1 0 0
0 1 1 0 0 0 0 0 0 0
0 2 1 0 0 0 0 0 0 0
0 1 1 1 0 0 0 0 0 0
Maze 11
105 175 3.6170212766 1.9368434983 86 0.387291069635056
46 73 68 68 100 65 73 90 21 50 54 68 62 78 21 46
43 63 400 98 95 63 83 81 41 44 64 400 72 71 41
402 402 400 401 401 402 401 401 401 402 401 400 401 401 401
0 0 0 0 0 0 0 0 0 0
0 0 0 0 0 0 0 0 0 0
1 0 0 0 0 0 0 0 0 0
1 0 0 0 0 0 0 0 0 0
1 1 1 1 1 2 1 1 1 1
1 0 1 1 0 0 0 0 0 0
1 1 1 1 1 1 1 1 0 0
1 1 1 1 1 1 1 1 0 0
1 1 1 1 1 1 1 1 1 1
0 0 0 0 1 1 1 1 1 1
Maze 12
103 225 3.1147540984 2.2008977154 65 0.382148478521050
66 89 37 74 61 88 30 59 98 2 2 92 70 7 49 66
86 87 34 71 81 28 29 58 92 400 400 62 67 47 46
401 401 402 401 401 402 402 402 401 400 400 402 401 401 402
0 1 0 0 0 0 1 0 0 0
0 1 0 0 0 0 1 0 0 0
0 1 0 0 0 0 1 1 1 1
0 1 0 1 1 1 1 1 1 0
0 1 0 1 0 1 1 1 1 0
0 1 0 1 0 1 1 1 1 0
1 1 1 1 1 2 1 1 1 1
1 1 1 1 0 1 1 1 0 0
1 1 1 1 1 1 1 1 1 0
0 1 1 1 1 1 1 1 0 0
Maze 13
91 73 2.8363636364 1.9925315786 34 0.380599815953747
71 89 38 74 3 66 68 83 67 28 36 67 30 4 11 71
81 88 34 73 63 400 63 63 27 26 66 27 24 1 400
401 401 402 401 401 400 402 402 402 402 401 402 401 402 400
1 1 1 1 0 0 0 0 0 0
1 0 1 1 0 0 0 0 0 0
1 0 1 1 1 1 1 1 1 1
1 0 1 1 1 1 1 1 0 0
1 0 1 1 0 1 1 1 0 0
1 0 1 1 0 1 1 1 0 0
1 0 1 1 1 1 1 1 0 0
2 0 1 1 0 0 0 1 0 0
1 1 1 1 1 1 1 1 1 0
0 0 0 0 0 0 0 0 0 0
Maze 14
93 102 3.2592592593 2.1903968493 41 0.394348964437533
20 92 21 82 55 39 6 22 18 69 47 29 29 54 14 20
12 91 81 52 35 36 2 12 68 67 27 400 24 400 400
402 401 401 402 402 401 402 402 401 401 402 400 402 400 400
0 1 1 1 1 1 0 0 0 0
0 1 1 1 1 1 1 1 1 2
1 1 0 1 1 1 1 1 1 0
1 1 0 1 1 1 1 1 1 0
1 1 0 1 1 0 1 1 0 0
1 1 1 1 1 0 1 1 0 0
1 1 0 0 0 0 1 1 1 0
1 1 0 0 0 0 0 0 0 0
1 1 0 0 0 0 0 0 0 0
1 1 0 0 0 0 0 0 0 0
Maze 15
93 37 3.1320754717 2.1634544791 50 0.393177217344690
61 16 74 66 90 87 32 22 51 73 33 40 82 35 5 61
11 14 64 86 400 82 400 21 71 400 400 32 32 400 1
402 402 402 401 400 401 400 402 401 400 400 402 402 400 402
1 1 1 1 1 0 0 0 0 0
1 1 1 1 1 1 0 0 0 0
1 1 0 1 1 0 0 0 0 0
1 1 1 1 1 1 1 1 1 1
1 1 1 1 0 0 0 0 0 0
1 1 1 1 0 0 0 0 0 0
2 1 1 1 1 1 0 0 0 0
1 1 1 1 0 1 0 0 0 0
0 1 1 1 1 1 1 1 1 1
0 0 0 0 0 0 0 0 0 0
Maze 16
97 62 3.2400000000 2.0024716013 70 0.381651290630110
100 17 40 44 56 86 62 70 53 69 73 47 54 5 54 100
97 37 34 54 400 82 400 63 63 63 43 44 4 4 94
401 401 402 401 400 401 400 401 401 402 402 402 402 402 401
0 0 0 1 1 0 0 0 0 0
0 0 0 1 0 0 1 0 0 0
0 0 0 1 0 0 1 0 0 0
0 0 0 1 1 1 1 1 1 1
0 0 1 1 1 1 1 0 0 0
0 0 1 1 1 1 1 0 0 0
0 1 1 1 1 1 1 1 1 1
0 1 1 1 0 1 1 0 0 0
0 1 1 1 1 1 1 0 0 0
0 0 0 1 1 1 1 1 1 2
Maze 17
85 36 2.6349206349 2.4295830426 50 0.391965610314307
12 41 52 48 8 5 87 55 68 53 74 20 79 95 11 12
11 51 42 400 400 85 85 65 63 73 14 19 75 91 400
402 401 402 400 400 401 401 401 401 401 402 402 402 401 400
0 0 0 0 1 1 1 1 0 0
1 2 0 1 1 1 1 1 1 1
1 0 0 1 1 0 0 1 1 0
1 0 0 1 1 0 0 1 1 0
1 1 1 1 1 1 1 1 1 0
1 1 1 1 1 0 0 0 1 0
1 0 1 1 1 1 1 1 1 0
1 0 1 1 1 1 1 1 1 0
1 0 0 0 1 1 1 0 0 0
1 1 1 1 1 0 0 0 0 0
Maze 18
95 48 2.9818181818 2.1838364972 65 0.375621468736308
21 60 47 9 26 14 98 31 72 26 48 25 12 81 41 21
51 57 7 6 24 94 91 71 22 46 45 22 11 400 400
401 401 402 402 401 401 401 401 402 401 401 401 402 400 400
0 0 0 0 0 1 1 1 1 0
1 1 0 1 0 1 1 0 0 0
2 1 1 1 1 1 1 0 0 0
1 1 0 1 1 1 1 0 0 0
1 1 0 1 1 1 1 1 0 0
1 1 1 1 1 1 1 1 1 1
1 1 0 1 0 0 0 0 0 0
1 1 0 1 0 0 0 0 0 0
1 0 0 1 0 0 0 0 0 0
1 1 1 1 1 1 1 1 0 0
Maze 19
87 13691 3.6444444444 2.1939256689 45 0.396731511123961
84 3 47 88 44 47 56 59 72 79 86 48 99 45 96 84
83 43 87 84 400 46 400 52 400 76 46 98 95 95 94
401 401 401 401 400 402 400 402 400 402 402 401 401 401 401
0 0 1 0 0 0 0 0 0 0
0 0 1 0 0 0 0 0 0 0
0 0 1 0 0 0 0 0 0 0
0 0 1 0 0 0 0 0 0 0
0 0 1 1 1 1 1 1 0 0
0 1 1 1 1 1 1 1 1 0
0 1 1 1 1 1 1 1 0 0
0 1 1 1 1 1 1 1 1 0
0 0 1 2 1 1 1 1 0 0
0 0 0 1 1 1 1 1 1 0
Maze 20
81 65 2.7586206897 2.2923517475 30 0.366739456348796
56 68 94 89 28 52 46 10 17 87 75 96 98 80 83 56
66 64 84 88 22 42 6 7 400 85 95 400 78 73 53
401 402 402 401 402 402 402 402 400 401 401 400 402 402 402
0 0 0 0 0 1 1 1 1 1
0 0 0 0 0 1 1 0 0 0
0 1 1 1 1 1 1 1 0 0
0 1 0 0 0 1 1 1 0 0
0 1 1 1 1 1 1 1 0 0
0 1 1 1 1 2 1 1 0 0
0 0 1 1 1 1 1 1 0 0
0 0 1 1 1 1 1 1 1 1
0 0 1 1 1 1 1 1 1 0
0 0 0 1 1 1 1 1 0 0
Maze 21
101 58 3.1320754717 1.9636924498 59 0.394676147094293
19 82 76 13 95 79 64 34 71 36 59 13 74 54 27 19
12 72 73 93 75 74 400 31 31 56 53 73 400 24 17
402 402 401 401 402 401 400 402 402 401 401 401 400 402 402
0 0 0 0 0 0 0 0 0 0
0 1 1 1 1 1 1 1 2 0
0 1 1 1 1 1 1 0 0 0
1 1 1 1 1 1 0 0 0 0
1 1 1 1 0 1 0 0 0 0
1 1 1 1 1 1 1 1 1 0
1 1 1 1 0 0 0 0 0 0
1 1 1 1 1 1 1 1 1 0
0 1 1 0 1 0 0 0 0 0
0 0 1 1 1 0 0 0 0 0
Maze 22
95 1791 2.7692307692 2.3140275492 50 0.384736936155972
90 11 15 54 83 86 16 50 23 2 20 30 1 7 58 90
81 400 14 53 400 400 46 43 22 12 400 21 400 57 88
401 400 402 402 400 400 401 401 401 401 400 401 400 401 401
1 1 1 1 1 1 1 0 0 0
1 1 1 1 1 1 1 1 1 1
1 1 1 1 1 1 1 1 1 1
1 0 1 1 0 1 1 0 0 0
1 0 1 1 1 1 1 1 1 1
1 0 1 1 0 1 1 1 0 0
1 0 1 0 0 1 0 1 0 0
1 0 1 0 0 1 0 1 0 0
1 1 1 1 1 1 1 1 1 2
0 0 0 0 0 0 0 0 0 0
Maze 23
117 1177 3.5483870968 2.2344253461 140 0.383155930502135
4 97 39 25 66 100 13 76 56 72 29 81 40 4 4 4
94 37 35 65 96 93 73 400 52 22 21 31 34 400 400
401 402 401 401 401 401 401 400 402 402 402 402 401 400 400
0 0 0 2 0 0 0 0 0 0
0 0 1 1 0 0 0 0 0 0
1 1 1 1 1 1 1 1 1 0
1 1 1 1 1 1 1 1 1 1
1 1 1 1 1 0 1 0 0 0
1 1 1 1 1 1 1 0 0 0
1 1 1 1 1 1 1 0 0 0
1 1 1 1 1 1 1 0 0 0
1 0 1 1 0 1 1 0 0 0
0 0 1 1 1 1 1 1 1 1
Maze 24
101 145 3.1538461538 1.9858393741 84 0.381772236843683
5 85 92 44 73 72 59 4 22 80 44 73 12 41 92 5
400 82 42 43 400 52 54 2 72 74 43 72 11 91 2
400 402 402 402 400 402 401 402 401 401 402 401 402 401 402
0 1 1 1 2 0 0 0 0 0
1 1 0 1 1 0 0 0 0 0
1 1 0 1 1 0 0 0 0 0
1 1 0 1 1 0 0 0 0 0
1 1 1 1 1 0 0 0 0 0
1 1 1 1 1 1 1 1 1 0
1 1 1 1 1 0 0 0 0 0
1 1 1 1 1 1 1 1 1 1
1 1 1 1 1 0 0 0 0 0
1 1 0 0 0 0 0 0 0 0
Maze 25
71 200 3.6000000000 2.0282524032 20 0.400707135371617
25 41 27 57 58 72 33 41 47 3 45 53 32 18 27 25
21 21 400 400 52 32 31 400 43 43 43 52 12 17 400
402 402 400 400 402 402 402 400 401 401 402 401 402 402 400
0 0 1 0 0 0 0 0 0 0
0 1 1 1 1 1 1 1 0 0
1 1 1 1 2 1 1 0 0 0
1 1 1 0 0 0 1 0 0 0
1 1 1 1 1 1 1 0 0 0
0 1 1 1 1 1 1 1 0 0
0 1 0 0 0 0 0 0 0 0
0 1 0 0 0 0 0 0 0 0
0 0 0 0 0 0 0 0 0 0
0 0 0 0 0 0 0 0 0 0
Maze 26
97 333 2.8000000000 2.1843202261 77 0.390986311875249
30 3 10 46 13 8 12 57 94 81 35 29 8 65 69 30
23 400 6 43 3 2 52 54 91 31 25 28 5 400 29
401 400 402 401 402 402 401 402 401 402 402 401 402 400 402
0 1 1 1 1 1 1 1 1 1
0 1 1 0 1 1 0 1 0 0
0 1 1 1 1 1 1 1 1 2
1 1 1 1 1 1 0 0 1 0
1 1 1 1 1 1 0 0 1 0
1 1 1 1 1 1 1 0 1 0
1 0 0 1 1 1 1 1 1 0
1 0 0 1 0 0 0 0 0 0
1 0 0 1 0 0 0 0 0 0
1 1 1 1 0 0 0 0 0 0
Maze 27
81 4 3.1555555556 2.0970076991 30 0.370880581955190
66 93 90 90 75 59 32 21 51 15 49 6 48 66 83 66
63 83 400 85 55 52 31 400 11 45 46 46 46 63 63
402 402 400 401 402 401 401 400 402 401 401 401 402 402 402
0 0 0 0 0 1 0 0 0 0
1 1 1 1 1 1 0 0 0 0
1 0 0 0 1 1 0 0 0 0
1 1 0 0 1 1 0 0 0 0
1 1 0 0 1 1 1 1 1 0
1 1 1 1 1 1 1 1 1 0
0 0 1 1 1 2 0 0 0 0
0 0 1 0 1 0 0 0 0 0
0 0 1 1 1 1 1 1 1 1
0 0 1 0 0 0 0 0 0 0
Maze 28
95 63 3.4693877551 2.0992168406 64 0.379825894107702
52 56 44 38 16 59 95 97 67 13 98 83 17 72 94 52
400 54 34 36 56 55 400 400 63 93 93 13 12 92 92
400 401 402 401 401 402 400 400 401 401 401 402 402 401 401
0 0 0 0 0 0 0 0 0 0
0 1 1 1 1 1 1 0 0 0
0 1 1 0 0 1 0 0 0 0
0 1 1 1 1 1 1 1 0 0
0 1 1 1 0 1 0 0 0 0
0 2 1 1 1 1 1 1 1 0
0 1 1 1 1 1 1 0 0 0
0 1 1 0 1 0 1 0 0 0
0 1 1 0 1 0 1 0 0 0
0 1 1 1 1 1 1 1 0 0
Maze 29
117 345 3.2063492063 2.1503763030 156 0.384258287765907
33 6 71 69 49 83 15 63 59 15 2 96 15 79 83 33
3 1 61 400 43 13 13 53 55 12 92 95 75 73 400
402 402 402 400 402 402 402 402 401 401 401 401 401 402 400
1 1 1 1 1 1 0 0 0 0
1 1 1 1 1 0 0 0 0 0
1 1 1 0 1 0 0 0 0 0
1 1 2 0 1 0 0 0 0 0
1 1 1 1 1 1 1 1 1 0
1 1 1 1 1 1 1 1 1 0
1 1 1 1 1 1 1 1 1 0
1 1 1 1 1 1 1 1 1 0
0 1 1 0 1 0 0 0 0 0
0 1 1 1 1 1 0 0 0 0
Maze 30
123 69 3.3750000000 2.1042277521 91 0.389104082625579
7 54 16 86 10 96 90 32 80 53 15 31 93 23 31 7
4 14 400 6 6 86 82 72 73 13 11 91 400 21 1
402 402 400 402 402 402 401 401 401 402 402 401 400 402 402
1 1 1 1 1 1 2 1 1 1
1 1 1 1 1 1 0 0 0 0
1 1 1 1 0 1 0 0 0 0
1 1 1 1 0 1 0 0 0 0
1 1 1 1 0 1 0 0 0 0
1 1 1 1 0 1 0 0 0 0
1 1 1 0 0 1 0 0 0 0
1 1 1 1 1 1 1 1 1 1
1 1 1 1 1 1 1 1 1 1
1 1 1 0 0 1 0 0 0 0
Maze 31
69 3 3.3714285714 1.9335088397 12 0.385739671734878
95 52 84 83 31 25 21 26 85 6 75 84 84 74 88 95
92 82 400 81 21 400 400 25 5 5 74 400 400 84 85
401 401 400 401 402 400 400 402 402 402 402 400 400 401 402
0 0 0 0 1 1 0 0 0 0
0 0 0 0 1 0 0 0 0 0
1 1 1 1 1 1 0 0 0 0
1 0 0 0 1 0 0 0 0 0
1 0 0 0 1 0 0 0 0 0
1 1 0 0 1 0 0 0 0 0
1 1 0 0 1 0 0 0 0 0
1 1 0 1 1 0 0 0 0 0
1 1 1 1 1 1 1 1 0 0
0 1 1 1 2 0 0 0 0 0
Maze 32
101 12 3.0526315789 2.1559524309 26 0.396124364367338
71 98 41 97 97 53 90 97 97 78 92 12 33 30 7 71
91 91 91 400 93 83 87 400 77 72 400 32 23 27 1
401 401 401 400 401 401 402 400 402 402 400 401 402 401 402
1 1 1 1 1 1 1 0 0 0
1 1 0 0 0 0 1 0 0 0
1 1 1 1 1 1 1 1 1 1
1 1 1 0 0 0 0 0 0 0
1 1 0 0 0 0 0 0 0 0
1 1 1 0 0 0 0 0 0 0
1 1 1 0 0 0 0 0 0 0
2 1 1 1 1 1 1 1 0 0
1 1 1 1 1 1 1 1 1 1
1 1 1 1 1 1 1 1 0 0
Maze 33
85 833 3.0800000000 2.0493837165 56 0.385093285955979
30 78 82 22 68 56 43 4 2 52 85 16 46 65 83 30
28 72 400 62 66 53 3 400 400 82 15 400 45 63 23
402 402 400 401 401 401 402 400 400 401 402 400 402 402 402
0 1 1 1 0 0 0 0 0 0
0 1 1 0 1 1 0 0 0 0
0 1 1 1 1 1 1 1 1 2
0 1 1 0 1 1 0 1 0 0
0 1 1 0 1 1 0 1 0 0
0 1 1 1 1 1 0 1 0 0
0 1 1 1 1 1 1 1 0 0
0 1 1 1 1 1 1 1 0 0
0 1 1 1 1 0 0 0 0 0
0 0 0 0 0 0 0 0 0 0
Maze 34
83 196 2.7843137255 2.1632051702 30 0.382527368570769
84 96 59 38 65 80 42 69 79 52 11 29 48 85 64 84
94 56 58 35 75 72 62 400 72 51 21 28 45 84 400
401 402 401 402 401 401 401 400 401 401 401 402 402 401 400
0 0 0 0 0 0 0 0 0 0
1 0 0 0 0 0 0 0 0 0
1 1 1 1 1 1 1 1 1 0
1 0 0 0 1 1 1 1 0 0
1 1 0 0 1 1 1 1 0 0
1 1 0 0 1 1 1 1 1 0
0 1 1 1 1 1 1 1 1 0
0 1 1 1 1 1 1 1 1 1
0 0 0 2 1 1 0 0 0 0
0 0 0 1 1 1 0 0 0 0
Maze 35
121 138 3.2537313433 2.1869553332 104 0.391267841494620
24 72 9 23 18 59 22 100 69 90 88 94 4 20 91 24
22 2 3 13 58 52 92 99 89 400 84 400 14 11 21
402 402 402 402 401 401 401 401 401 400 402 400 401 402 402
0 1 1 1 1 1 1 1 1 0
1 1 1 1 1 1 1 1 1 1
1 1 1 2 0 0 0 1 0 0
1 1 0 1 0 0 0 1 0 0
1 1 0 1 0 0 0 1 0 0
1 1 1 1 1 1 1 1 1 0
1 1 0 1 0 0 0 0 1 0
1 1 0 1 0 0 0 0 1 0
1 1 0 1 1 1 1 1 1 1
1 1 1 1 1 1 1 1 1 1
Maze 36
85 31 3.0416666667 2.0259758536 45 0.387786298756582
68 22 53 63 68 80 46 81 80 47 12 16 12 39 28 68
62 52 400 400 78 76 41 71 77 42 400 400 32 38 400
401 401 400 400 401 401 402 402 401 401 400 400 401 401 400
0 0 0 0 0 0 0 0 0 0
0 1 1 1 1 1 0 0 0 0
0 1 0 0 0 0 0 1 0 0
0 1 1 1 1 1 1 1 1 0
1 1 1 1 1 1 1 1 0 0
1 1 1 0 0 1 1 1 0 0
1 1 1 1 1 1 1 2 0 0
1 1 1 1 1 1 1 1 1 1
1 0 0 0 0 0 0 0 0 0
0 0 0 0 0 0 0 0 0 0
Maze 37
105 212 3.0566037736 1.9857456601 86 0.366838016758237
40 36 44 41 60 35 98 38 54 67 62 11 93 11 99 40
400 34 400 51 55 95 400 34 64 400 61 91 91 91 39
400 402 400 401 401 401 400 402 401 400 401 401 401 401 402
0 0 0 0 0 0 0 0 0 0
1 0 0 0 0 0 0 0 0 0
1 0 0 0 0 0 0 0 0 0
1 0 0 1 1 1 1 1 1 2
1 1 1 1 1 0 0 1 1 0
1 1 1 1 1 1 1 1 1 1
1 1 1 1 1 1 1 1 1 0
1 0 0 0 1 0 0 1 1 0
1 0 0 0 1 0 0 1 1 0
1 1 1 1 1 1 1 1 1 0
Maze 38
141 15 3.4237288136 1.8799697669 143 0.399781147019013
91 20 22 11 8 91 51 79 97 91 80 96 30 42 9 91
11 12 21 1 1 400 71 77 400 71 76 26 22 2 1
402 402 401 402 402 400 401 402 400 402 402 402 402 402 402
1 1 1 1 1 1 1 1 1 0
1 1 1 1 1 1 1 1 1 1
1 1 1 1 1 1 1 1 1 1
1 1 0 0 0 1 0 0 0 0
1 1 0 0 0 1 0 0 0 0
1 0 0 0 0 1 0 0 0 0
1 0 0 0 0 1 0 0 0 0
1 1 1 1 1 1 1 1 1 1
1 0 0 0 0 1 1 0 0 0
2 1 1 1 1 1 1 0 0 0
Maze 39
113 192 3.2982456140 1.9824669129 86 0.381560781116193
68 12 90 62 87 51 36 28 22 23 42 79 7 44 21 68
62 82 82 82 81 31 26 400 400 22 72 77 4 41 61
401 401 401 401 401 402 402 400 400 402 401 401 402 401 401
0 0 0 1 1 1 1 0 0 0
0 1 0 1 0 0 1 0 0 0
1 1 1 1 1 1 1 1 0 0
1 1 1 1 1 1 1 0 0 0
1 1 1 1 0 0 1 0 0 0
1 1 0 0 0 0 1 0 0 0
1 1 1 1 1 1 1 2 0 0
1 1 1 1 1 1 1 1 1 0
1 1 1 1 1 1 1 1 1 1
0 0 0 0 0 0 0 0 0 0
Maze 40
101 15 2.9032258065 2.1943516508 55 0.370944701854663
97 28 91 100 99 77 10 78 10 9 85 44 22 3 27 97
27 21 400 400 97 7 8 8 400 5 84 42 2 23 400
402 402 400 400 401 402 402 402 400 402 401 401 402 401 400
0 1 1 0 1 1 1 1 1 1
0 1 1 0 1 0 1 1 0 0
1 1 1 1 1 1 1 1 0 0
1 1 0 0 1 0 1 1 0 0
1 1 1 1 1 0 1 1 0 0
1 0 0 1 1 0 1 1 0 0
1 0 0 1 1 0 1 1 0 0
1 0 0 1 1 0 1 1 0 0
1 0 0 1 1 0 1 0 0 0
1 1 1 1 1 1 2 1 1 1
Maze 41
99 360 3.6000000000 1.9801929812 77 0.383446301895429
59 72 77 35 31 61 43 65 2 50 22 76 46 16 72 59
52 400 75 400 400 41 63 62 42 42 72 400 400 12 52
402 400 401 400 400 402 401 401 401 401 401 400 400 402 402
0 1 0 0 0 0 0 0 0 0
0 1 1 1 1 1 0 0 0 0
0 1 0 0 0 1 0 0 0 0
1 1 1 1 1 1 0 0 0 0
1 1 1 1 1 1 1 1 1 1
1 1 1 1 1 1 1 1 2 0
1 1 1 1 1 1 0 0 0 0
0 1 1 1 1 1 1 0 0 0
0 0 0 0 0 0 0 0 0 0
0 0 0 0 0 0 0 0 0 0
Maze 42
85 66 3.4736842105 1.8563529526 33 0.379927133749878
42 64 53 27 81 16 3 58 17 15 15 2 53 81 13 42
62 63 23 21 11 13 53 57 400 400 12 52 51 11 12
401 401 402 402 402 401 401 401 400 400 401 401 402 402 402
0 1 1 0 0 0 0 0 0 0
1 1 1 1 1 1 1 0 0 0
1 1 1 1 1 1 1 0 0 0
1 1 1 0 0 0 1 0 0 0
1 2 1 0 0 0 1 0 0 0
1 1 1 1 1 1 1 1 0 0
1 1 1 1 0 0 0 0 0 0
1 0 0 0 0 0 0 0 0 0
1 0 0 0 0 0 0 0 0 0
0 0 0 0 0 0 0 0 0 0
Maze 43
121 391 3.0571428571 2.1629228570 131 0.376213475102274
4 80 43 40 38 69 97 30 32 9 86 74 11 83 9 4
74 73 33 400 68 67 27 22 2 6 84 71 81 3 400
401 401 402 400 401 402 402 402 402 402 401 401 401 402 400
0 1 1 2 1 1 1 1 1 0
1 1 1 1 0 1 0 0 0 0
1 1 1 1 1 1 1 1 1 1
1 1 1 1 1 1 1 1 1 1
1 0 1 1 0 1 1 1 0 0
1 0 1 1 0 1 1 1 0 0
1 0 1 1 0 1 1 1 1 0
1 1 1 1 1 1 1 1 1 1
1 1 1 1 1 1 1 0 0 0
0 0 0 0 0 0 1 0 0 0
Maze 44
105 677 3.4509803922 2.0128678854 92 0.373027185447009
47 35 47 4 87 20 43 18 52 32 78 16 75 24 59 47
45 45 44 84 17 13 13 12 400 72 76 15 74 54 57
401 401 401 401 402 402 402 402 400 401 401 402 401 401 401
0 0 0 1 0 0 0 0 0 0
0 1 1 1 1 1 1 1 1 1
0 1 1 1 1 1 1 0 0 0
0 1 1 1 1 1 1 0 0 0
0 1 1 1 1 1 2 0 0 0
0 1 0 1 1 1 1 1 1 0
0 1 0 1 1 1 1 0 0 0
0 1 1 1 1 1 1 1 0 0
0 0 0 1 1 1 1 0 0 0
0 0 0 0 0 0 0 0 0 0
Maze 45
103 117 3.1636363636 2.0515663646 53 0.387404555085836
69 19 90 41 70 57 82 80 12 31 24 25 78 63 52 69
400 89 81 61 67 52 72 72 11 21 400 75 73 62 62
400 401 401 401 401 402 402 401 402 402 400 401 401 401 401
0 0 0 0 0 0 0 0 0 0
1 1 0 0 0 0 0 0 1 0
1 1 1 1 1 0 0 0 1 0
1 1 0 0 1 0 0 0 1 0
1 1 0 0 1 0 0 0 1 0
1 1 1 1 1 1 1 0 1 0
1 1 1 1 1 1 1 1 2 1
1 1 1 1 1 1 1 1 1 1
1 1 1 1 1 1 1 1 1 1
0 0 0 0 0 0 0 0 0 0
Maze 46
85 423 2.7719298246 2.3826308282 50 0.382152771286450
72 36 59 61 46 78 39 4 53 36 5 17 39 100 76 72
32 56 51 41 76 38 34 3 33 35 15 37 99 96 400
402 401 402 402 401 402 401 402 402 401 401 401 401 401 400
0 0 1 1 1 0 0 0 0 0
0 0 1 1 1 1 1 0 0 0
0 0 1 1 1 0 1 0 0 0
0 1 1 1 1 1 1 1 1 0
1 1 1 1 1 1 0 1 1 0
1 1 1 1 1 1 1 1 1 0
1 1 0 0 0 1 0 1 1 0
0 2 1 1 1 1 1 1 1 0
0 0 0 0 0 1 0 0 1 0
0 0 0 0 0 1 1 1 1 1
Maze 47
93 326 2.8771929825 2.1771102584 50 0.386125792315045
36 67 78 51 64 73 76 72 97 71 30 39 13 97 8 36
66 77 71 61 63 400 400 92 91 21 29 33 93 7 6
401 401 401 401 402 400 400 401 401 402 402 401 401 402 402
0 0 0 0 0 1 1 1 0 0
0 0 1 0 0 1 1 0 0 0
1 1 1 1 1 1 1 1 1 1
1 0 1 1 1 2 1 1 1 0
1 0 1 0 0 1 1 0 0 0
1 0 1 0 0 1 1 0 0 0
1 1 1 1 0 1 1 0 0 0
1 1 1 1 1 1 1 1 0 0
1 1 1 0 0 0 1 0 0 0
1 1 1 1 1 1 1 0 0 0
Maze 48
91 48 3.2083333333 2.0961030859 38 0.373961900241238
77 31 81 64 83 85 5 67 70 59 52 82 13 74 11 77
71 400 61 63 400 400 65 400 69 400 400 12 73 71 71
401 400 402 402 400 400 401 400 401 400 400 402 401 401 401
0 0 0 0 1 0 0 0 0 0
1 1 1 0 1 0 0 0 0 0
1 1 1 0 1 0 0 0 0 0
1 1 1 0 1 0 0 0 0 0
1 1 1 0 1 0 0 0 0 0
1 1 1 1 1 1 1 1 1 0
1 1 1 1 1 1 1 1 1 1
1 1 1 1 1 1 2 0 0 0
1 1 1 1 1 0 0 0 0 0
0 0 0 0 0 0 0 0 0 0
Maze 49
89 33 3.0877192982 2.2524340398 32 0.397060591232911
20 40 85 88 76 2 69 31 35 33 15 31 9 27 7 20
400 35 400 86 72 62 61 400 400 13 11 1 7 400 17
400 402 400 401 401 401 401 400 400 402 402 402 402 400 401
1 1 1 1 1 1 1 1 1 0
1 1 1 1 1 0 1 1 1 2
1 1 1 0 0 0 1 0 0 1
1 1 1 1 1 1 1 1 1 1
1 1 0 0 1 0 0 0 0 0
1 1 0 0 1 0 0 0 0 0
1 1 1 1 1 1 1 1 1 0
0 1 1 1 1 1 0 0 0 0
0 0 0 0 1 1 1 1 0 0
0 0 0 0 0 0 0 0 0 0
Maze 50
67 21 2.8500000000 2.0685460481 16 0.341724090876485
95 93 53 65 89 53 44 45 68 20 3 23 54 87 55 95
400 400 63 85 83 43 400 65 18 13 400 53 84 85 400
400 400 401 401 401 402 400 401 402 401 400 401 401 401 400
0 0 1 0 0 0 0 0 0 0
0 0 1 1 1 1 1 1 1 1
0 0 1 0 0 0 0 1 0 0
0 0 1 0 0 0 0 1 0 0
0 0 1 1 1 0 0 1 0 0
0 0 1 1 1 0 0 1 0 0
0 0 1 1 1 1 1 1 0 0
0 0 1 1 1 0 0 0 0 0
0 0 1 1 1 1 1 1 1 0
0 0 1 1 2 0 0 0 0 0
Maze 51
97 2176 3.4117647059 2.1132139551 56 0.375177507694591
38 93 28 10 93 71 50 24 52 64 45 55 71 62 61 38
33 23 8 3 91 41 44 22 62 44 400 51 61 400 31
402 402 402 402 401 402 401 402 401 402 400 402 402 400 402
0 0 1 1 1 1 1 1 1 1
0 0 1 0 0 0 0 1 0 0
0 1 1 1 1 1 1 1 0 0
1 1 1 1 1 1 1 2 0 0
1 1 1 1 1 1 1 1 1 1
1 1 1 1 1 0 0 0 0 0
1 1 1 1 0 0 0 0 0 0
1 0 1 0 0 0 0 0 0 0
1 0 1 0 0 0 0 0 0 0
1 1 1 0 0 0 0 0 0 0
Maze 52
101 39 3.1929824561 2.1178867188 70 0.382875503924481
81 78 33 17 72 53 98 55 50 28 36 58 3 93 32 81
71 73 13 12 52 93 95 45 48 26 56 53 400 92 31
402 401 402 402 402 401 401 402 401 402 401 401 400 401 402
0 0 1 0 0 0 0 0 0 0
0 1 1 1 1 1 1 0 0 0
0 1 1 0 0 1 1 1 0 0
1 1 1 0 0 1 0 1 0 0
1 1 1 0 1 1 1 1 1 1
1 1 1 1 1 1 1 1 0 0
1 1 1 0 1 0 0 0 0 0
1 1 1 1 1 1 1 1 0 0
2 1 1 0 1 0 0 0 0 0
0 1 1 1 1 1 1 1 0 0
Maze 53
121 70 2.9552238806 2.0972386333 97 0.384705275851083
80 10 3 64 12 64 19 51 1 69 87 51 8 42 78 80
400 400 63 62 62 14 11 400 61 67 81 1 2 72 400
400 400 401 401 401 402 402 400 401 402 401 402 402 401 400
1 1 1 1 1 1 1 1 1 1
1 1 1 1 1 1 1 1 1 1
1 1 1 1 0 0 0 0 0 1
1 1 1 1 0 0 0 0 0 1
1 1 1 1 0 0 0 0 0 1
1 1 1 1 0 0 0 0 0 1
1 1 1 1 1 1 1 1 1 1
1 1 1 1 1 1 1 1 1 2
1 1 1 1 1 1 1 0 0 0
0 0 0 0 0 0 0 0 0 0
Maze 54
87 42 2.6785714286 2.1913804989 56 0.357307944332145
37 41 75 45 73 62 29 59 66 39 8 51 75 64 92 37
31 71 400 43 72 22 400 56 36 38 1 71 74 62 32
402 401 400 402 401 402 400 402 402 401 402 401 401 402 402
1 1 1 1 1 1 1 1 0 0
1 0 0 0 0 0 0 1 0 0
1 1 1 1 1 1 1 1 1 0
1 1 1 1 1 1 2 1 1 0
1 1 1 1 1 1 0 0 1 0
1 1 1 0 1 1 1 1 1 0
1 1 1 1 1 1 0 0 0 0
1 1 1 1 1 0 0 0 0 0
0 1 0 0 0 0 0 0 0 0
0 1 0 0 0 0 0 0 0 0
Maze 55
97 18 3.2075471698 2.1670090362 51 0.390581921213485
1 76 56 90 21 56 37 19 5 35 48 45 19 80 82 1
71 400 86 81 51 36 17 15 400 45 400 15 79 72 81
401 400 401 401 401 402 402 401 400 401 400 402 401 402 401
2 0 0 0 1 0 0 0 0 0
1 0 0 0 1 1 1 1 1 0
1 0 0 0 1 0 1 0 1 0
1 0 0 0 1 1 1 0 1 0
1 0 0 0 1 1 1 1 1 0
1 1 1 1 1 1 0 0 1 0
1 0 0 0 0 1 0 0 1 0
1 1 1 1 1 1 1 1 1 1
1 1 1 1 1 1 1 1 1 1
0 0 0 0 0 0 0 0 0 0
Maze 56
91 248 3.0566037736 2.1152672496 41 0.367285766240939
47 69 98 96 59 67 2 60 27 7 74 3 55 84 89 47
67 68 400 56 57 62 52 57 400 4 73 53 54 400 87
401 402 400 402 402 401 401 401 400 402 401 401 402 400 401
0 1 1 1 1 1 1 0 0 0
0 1 1 1 0 0 1 0 0 0
0 1 1 1 0 0 1 0 0 0
0 1 1 1 0 0 1 0 0 0
0 1 1 1 0 0 2 0 0 0
0 1 1 1 1 1 1 1 1 1
0 1 1 1 1 1 1 1 1 0
0 0 1 1 0 1 1 1 0 0
0 0 0 1 1 1 1 1 1 0
0 0 0 0 0 1 1 1 0 0
Maze 57
103 44 2.8709677419 2.2604583530 64 0.388032099500327
8 99 98 94 77 41 98 87 61 63 54 72 80 16 81 8
98 400 400 74 71 91 97 81 400 53 52 400 76 11 1
401 400 400 402 401 401 401 401 400 402 402 400 401 402 402
1 1 1 1 1 1 1 2 0 0
1 1 1 1 1 1 0 1 0 0
1 0 0 0 0 1 0 1 0 0
1 0 0 0 0 1 0 1 0 0
1 0 0 0 0 1 0 1 0 0
1 1 1 1 0 1 0 1 0 0
1 1 1 0 0 1 0 1 0 0
1 1 1 1 1 1 1 1 1 1
1 1 1 1 1 1 1 1 0 0
1 1 1 1 1 1 1 1 1 0
Maze 58
63 3 3.5172413793 1.8567356122 7 0.362617611286443
34 26 86 57 78 70 78 66 86 87 54 5 84 89 84 34
24 400 56 77 68 68 76 400 400 84 4 4 400 400 400
402 400 402 401 402 402 401 400 400 401 402 402 400 400 400
0 0 0 1 1 0 0 0 0 0
0 0 0 1 0 0 0 0 0 0
0 0 0 1 1 1 0 0 0 0
0 0 0 2 0 1 0 0 0 0
0 0 0 1 0 1 0 0 0 0
0 0 0 1 0 1 1 0 0 0
0 0 0 1 0 1 1 1 1 1
0 0 0 1 0 1 1 1 0 0
0 0 0 1 1 1 1 1 1 0
0 0 0 0 0 0 0 0 0 0
Maze 59
87 786 2.9122807018 2.3437500000 56 0.361479014963071
36 75 94 13 82 87 69 39 19 15 41 4 77 82 3 36
35 74 93 12 400 67 400 400 400 11 1 74 72 2 33
402 402 401 402 400 402 400 400 400 402 402 401 402 402 401
1 1 1 1 0 0 0 0 0 0
1 1 1 1 1 1 1 1 1 0
1 1 1 1 0 0 0 0 1 0
1 1 1 1 1 2 0 0 1 0
1 1 1 1 1 0 0 0 1 0
0 1 1 1 1 0 0 0 1 0
0 1 1 1 1 0 1 1 1 0
0 1 1 1 1 1 1 0 0 0
0 1 1 1 1 1 1 0 0 0
0 0 1 1 0 0 0 0 0 0
Maze 60
93 43 3.3333333333 2.3068695392 56 0.368744071555813
1 37 23 62 59 78 94 7 97 7 8 1 92 91 61 1
31 33 22 52 58 74 4 400 400 400 400 91 400 400 400
401 401 402 402 402 402 402 400 400 400 400 401 400 400 400
2 1 1 1 1 1 1 1 0 0
1 0 0 1 0 0 1 0 0 0
1 1 1 1 0 0 1 0 0 0
1 1 1 1 1 1 1 0 0 0
1 1 0 1 0 0 1 0 0 0
1 1 1 1 1 1 1 1 1 0
1 1 0 1 0 0 1 1 0 0
1 0 0 1 1 1 1 1 0 0
1 0 0 1 0 0 1 0 0 0
1 1 0 1 0 0 1 0 0 0
Maze 61
103 44 3.3333333333 2.1394928595 64 0.385964116398534
60 76 73 11 68 10 39 12 40 28 75 48 98 30 88 60
56 400 71 61 8 9 32 32 38 25 45 400 28 28 58
402 400 401 401 402 402 401 401 401 402 402 400 402 402 402
0 0 0 0 0 0 0 1 1 1
1 1 0 0 0 0 0 1 1 0
1 1 0 0 1 1 1 1 1 1
1 1 1 1 1 1 1 1 1 1
1 0 0 0 1 1 1 1 0 0
1 0 0 0 1 1 1 1 1 2
1 1 1 1 1 1 1 1 0 0
1 1 1 1 1 1 0 1 0 0
0 0 0 0 0 0 0 1 0 0
0 0 0 0 0 0 0 1 0 0
Maze 62
97 151 3.2000000000 2.1025120994 53 0.369016587306612
76 71 2 98 51 78 17 31 84 54 34 16 24 11 11 76
400 1 92 91 71 77 11 81 400 400 14 14 21 400 71
400 402 401 401 401 401 402 401 400 400 402 402 401 400 401
1 1 0 0 0 0 0 0 0 0
1 1 1 1 1 1 1 0 0 0
1 1 1 1 0 0 1 0 0 0
1 1 0 1 0 0 1 0 0 0
1 1 0 1 0 0 1 0 0 0
1 1 0 1 0 0 1 0 0 0
1 1 0 1 0 0 1 0 0 0
1 1 1 1 1 2 1 1 0 0
1 1 1 1 0 0 0 0 0 0
1 1 1 1 1 1 1 1 0 0
Maze 63
113 531 3.2413793103 2.1174324509 81 0.382124103517329
29 56 20 71 54 19 24 9 9 42 1 39 27 96 31 29
26 16 11 51 14 14 4 400 2 41 31 37 26 91 21
402 402 402 402 402 402 402 400 402 401 401 401 402 401 402
1 1 1 1 1 1 1 1 1 0
1 1 1 1 1 1 1 1 1 1
1 1 1 1 1 1 1 1 2 0
1 1 1 1 1 1 1 1 1 0
1 1 0 1 0 1 0 0 0 0
1 1 1 1 0 1 0 0 0 0
1 0 0 0 0 1 0 0 0 0
1 0 0 0 0 1 0 0 0 0
1 0 0 0 0 1 0 0 0 0
1 1 1 1 1 1 0 0 0 0
Maze 64
97 21 3.1111111111 2.1675701093 47 0.394161711239482
4 14 1 28 46 29 54 16 31 20 98 52 54 61 8 4
400 11 21 26 26 24 14 11 11 18 92 400 51 1 400
400 401 401 402 402 402 402 402 402 402 401 400 402 402 400
1 1 1 2 1 1 1 1 0 0
1 1 1 1 1 1 1 1 1 1
1 1 1 1 1 1 1 1 1 0
1 0 0 1 0 1 0 1 0 0
1 0 0 1 0 1 0 1 0 0
1 1 1 1 0 0 0 1 0 0
1 1 0 0 0 0 0 1 0 0
0 1 0 0 0 0 0 1 0 0
0 1 0 0 0 0 0 1 0 0
0 1 1 1 1 1 1 1 0 0
Maze 65
103 185 3.2068965517 2.2437875504 71 0.396806567095342
21 38 21 64 88 31 6 44 70 23 52 61 67 16 19 21
31 31 61 84 81 1 4 64 63 22 51 400 66 400 11
401 401 401 401 401 402 402 401 401 402 402 400 401 400 402
1 1 1 1 1 1 0 0 0 0
1 1 1 1 1 1 1 1 1 0
2 1 1 1 0 1 0 0 0 0
1 1 1 1 1 1 1 1 0 0
1 1 1 1 0 1 0 0 0 0
1 1 1 1 0 1 0 0 0 0
1 1 1 1 1 1 1 1 1 1
1 0 0 1 0 0 0 0 0 0
1 1 1 1 1 1 1 1 0 0
0 0 0 0 0 0 0 0 0 0
Maze 66
83 313 2.9600000000 2.1126964219 26 0.379598841696902
21 65 90 94 46 56 3 35 86 97 93 79 58 95 52 21
61 85 84 44 400 53 33 85 96 400 73 78 55 92 51
401 401 402 402 400 401 401 401 401 400 402 401 402 401 401
0 0 1 0 0 0 0 0 0 0
0 0 1 0 0 0 0 0 0 0
2 0 1 0 0 0 0 0 0 0
1 0 1 1 1 0 0 0 0 0
1 0 1 1 1 1 0 0 0 0
1 1 1 1 1 1 1 1 0 0
1 1 1 1 1 0 0 1 0 0
0 1 1 1 1 1 1 1 1 0
0 1 1 1 1 1 1 1 1 1
0 1 1 1 1 1 1 0 0 0
Maze 67
121 269 3.7931034483 2.2098712214 71 0.391908339783315
19 25 5 51 52 23 10 93 75 69 2 73 31 100 21 19
15 400 1 400 22 3 3 73 65 62 72 71 91 91 11
402 400 402 400 402 402 402 402 402 401 401 401 401 401 402
1 1 1 1 1 1 1 1 1 1
1 1 1 1 1 1 1 1 2 0
1 1 1 0 1 0 0 0 0 0
1 1 1 0 0 0 0 0 0 0
1 1 1 0 0 0 0 0 0 0
1 1 1 0 0 0 0 0 0 0
1 1 1 1 1 1 1 1 1 0
1 1 1 1 1 0 0 0 0 0
1 0 1 0 0 0 0 0 0 0
1 1 1 1 1 1 1 1 1 1
Maze 68
95 23 3.1698113208 2.1369116885 77 0.396092355743226
90 68 41 7 14 65 11 96 57 46 59 56 98 52 90 90
88 61 1 4 64 61 91 56 56 56 400 96 92 82 400
401 401 402 402 401 401 401 402 401 401 400 401 401 401 400
1 1 1 1 1 1 1 0 0 0
1 0 0 1 0 0 0 0 0 0
1 0 0 1 0 0 0 0 0 0
1 0 0 1 0 0 0 0 0 0
1 0 0 1 0 1 0 0 0 0
1 1 0 1 0 1 1 1 1 0
1 1 1 1 1 1 1 1 0 0
1 1 0 0 0 1 0 1 0 0
1 1 1 1 1 1 1 1 1 2
1 1 1 1 1 1 1 1 0 0
Maze 69
119 1115 2.9705882353 2.1238847721 148 0.397875834135421
65 2 47 2 90 48 71 93 40 19 15 68 3 27 79 65
62 42 42 82 88 41 91 33 39 400 65 63 23 77 75
401 401 401 401 401 402 401 402 401 400 401 401 401 401 401
0 1 1 0 0 0 0 0 0 0
0 1 1 0 1 1 1 1 1 0
0 1 1 1 1 1 1 0 1 0
0 1 1 1 1 1 1 1 1 1
1 1 1 1 1 1 1 1 0 0
1 1 1 0 1 0 1 1 0 0
1 1 1 1 2 1 1 1 0 0
1 1 1 0 1 1 1 1 1 0
1 1 1 1 1 1 1 1 1 1
1 1 1 0 0 0 0 0 0 0
Maze 70
77 99 3.1111111111 2.0612868458 30 0.395581927774854
25 61 57 63 72 6 14 24 34 79 55 47 76 79 83 25
21 51 53 62 2 4 400 400 74 75 45 46 400 73 23
402 402 402 402 402 402 400 400 401 401 402 402 400 402 402
0 1 1 1 1 1 0 0 0 0
0 1 0 1 0 0 0 0 0 0
1 1 1 1 2 0 0 0 0 0
1 1 1 1 0 0 0 0 0 0
1 1 1 1 1 1 1 0 0 0
1 1 1 1 1 1 1 0 0 0
1 1 1 1 1 1 0 0 0 0
0 1 1 1 1 1 1 1 1 0
0 0 1 0 0 0 0 0 0 0
0 0 0 0 0 0 0 0 0 0
Maze 71
89 21 3.4594594595 1.7948479105 41 0.399073260568491
76 35 27 22 79 24 90 67 47 45 85 89 25 78 64 76
75 25 400 72 74 84 87 400 400 400 400 85 75 74 74
401 402 400 401 401 401 401 400 400 400 400 401 401 401 401
0 0 0 0 0 0 0 0 0 0
0 0 0 0 0 0 0 0 0 0
0 1 1 1 1 1 1 0 0 0
0 1 0 1 1 0 0 0 0 0
0 1 0 1 1 1 1 0 0 0
0 1 0 1 1 0 1 0 0 0
0 1 0 1 1 0 1 0 0 0
0 1 1 1 1 2 1 1 1 0
0 0 0 1 1 1 1 1 1 1
0 0 0 0 0 0 0 0 0 0
Maze 72
85 10 3.0000000000 1.8320248375 38 0.397471592540811
15 64 23 73 19 12 19 78 75 28 48 45 14 53 7 15
14 63 400 13 400 400 18 400 25 400 400 44 13 3 5
402 401 400 402 400 400 402 400 402 400 400 401 402 402 402
0 0 1 1 1 1 1 0 0 0
0 1 1 1 2 1 1 1 1 0
0 0 1 1 1 1 1 1 0 0
0 0 1 1 1 0 0 1 0 0
0 0 1 1 1 1 1 1 0 0
0 0 1 1 1 0 0 1 0 0
0 0 1 1 1 0 0 1 0 0
0 0 1 0 1 1 1 1 0 0
0 0 0 0 0 0 0 0 0 0
0 0 0 0 0 0 0 0 0 0
Maze 73
97 340 3.0000000000 2.1809182432 42 0.391218953934096
7 98 43 73 65 31 20 77 32 42 42 90 44 21 14 7
97 93 400 63 61 11 17 72 400 400 82 84 41 11 4
401 401 400 402 401 402 402 401 400 400 401 401 401 402 402
0 0 0 1 1 1 2 0 0 0
1 1 1 1 1 1 1 1 1 1
1 0 0 0 0 0 1 0 0 0
1 1 0 0 0 0 1 0 0 0
1 1 1 1 0 0 1 0 0 0
1 1 1 1 0 0 1 0 0 0
1 1 1 1 1 0 1 0 0 0
0 1 1 1 1 1 1 0 0 0
0 1 1 1 1 1 1 1 1 1
0 0 1 1 1 1 1 1 0 0
Maze 74
107 58 3.2280701754 2.1380182894 94 0.384514850159482
34 78 49 62 18 26 88 81 49 26 76 9 8 33 78 34
74 48 42 12 16 86 400 41 46 400 6 400 3 73 74
401 402 402 402 402 401 400 402 401 400 402 400 402 401 401
0 0 1 1 1 1 1 1 1 0
0 1 1 1 1 1 1 1 0 0
0 1 1 0 0 1 0 0 0 0
0 1 1 2 0 1 0 0 0 0
1 1 1 1 1 1 1 1 1 0
1 1 1 1 0 1 0 1 0 0
1 1 1 1 0 1 0 1 0 0
1 0 1 1 1 1 1 1 0 0
1 1 1 1 1 1 1 1 0 0
0 0 0 0 0 0 0 0 0 0
Maze 75
101 120 2.9666666667 2.1857791348 84 0.370798086793178
59 59 99 10 74 22 36 98 10 12 76 29 60 99 87 59
400 400 9 4 72 32 96 8 2 72 26 59 59 97 57
400 400 402 402 401 401 401 402 402 401 402 401 402 401 402
0 1 1 1 1 1 1 1 1 1
0 1 0 1 0 0 0 1 1 0
0 1 0 1 0 1 1 1 1 0
0 1 1 1 1 1 0 1 1 0
0 1 0 1 0 1 0 1 1 0
0 1 0 1 0 1 1 1 2 1
0 1 0 1 0 1 1 1 1 0
0 1 1 1 1 1 1 1 1 0
0 0 0 0 0 1 1 1 1 0
0 0 0 0 0 1 1 1 1 0
Maze 76
99 728 2.7384615385 2.2402688511 71 0.377213391174445
78 85 18 98 68 24 1 19 67 80 100 75 8 3 90 78
75 15 400 400 64 21 11 17 77 400 95 5 400 83 88
402 402 400 400 401 401 401 402 401 400 401 402 400 401 401
1 0 1 1 1 1 1 1 0 0
1 1 1 1 1 1 1 1 1 0
1 1 1 1 1 0 1 1 0 0
0 0 1 1 1 0 1 1 0 0
0 0 1 1 1 0 1 1 0 0
0 0 1 1 1 0 1 1 0 0
0 0 1 1 1 1 1 1 0 0
0 0 1 0 1 1 1 2 1 1
0 0 1 1 1 1 1 1 1 1
0 0 0 0 1 1 1 1 1 1
Maze 77
115 18 3.5294117647 1.9870744808 125 0.392109045979372
82 27 14 57 88 21 77 23 92 90 21 94 97 72 93 82
22 24 54 87 81 71 73 22 82 81 91 400 92 92 92
402 401 401 401 401 401 401 402 402 401 401 400 401 401 401
0 0 0 0 0 0 0 0 0 0
0 0 0 1 0 0 0 0 0 0
1 1 1 1 1 1 1 0 0 0
1 1 1 1 0 0 0 0 0 0
1 1 1 1 0 0 0 0 0 0
1 1 1 1 1 1 1 0 0 0
1 1 1 0 0 0 1 0 0 0
1 1 1 1 1 1 1 0 0 0
1 2 1 1 1 1 1 1 1 1
1 1 1 1 1 1 1 0 0 0
Maze 78
103 2829 3.1851851852 2.0366596856 65 0.389508621478613
80 64 78 58 71 83 92 46 96 56 11 98 70 11 25 80
74 74 400 51 81 82 42 400 400 51 91 68 61 21 75
401 401 400 402 401 402 402 400 400 401 401 402 401 401 401
0 0 0 0 0 0 0 0 0 0
1 0 0 0 0 0 0 0 0 0
1 1 1 1 1 0 0 0 0 0
1 0 0 0 1 0 0 0 0 0
1 1 1 1 1 1 0 0 0 0
1 1 1 1 1 1 1 1 0 0
1 1 1 1 1 1 1 1 1 1
1 1 0 1 1 1 1 1 1 2
1 1 1 0 0 1 0 1 0 0
1 1 1 1 1 1 1 1 0 0
Maze 79
145 122 3.6417910448 2.0576230616 243 0.391477219999107
88 33 18 56 7 70 41 100 2 97 67 1 81 6 13 88
83 13 16 6 67 61 91 92 92 400 61 400 1 3 83
401 402 402 402 401 401 401 401 401 400 401 400 402 402 401
1 1 1 1 1 1 1 0 0 0
1 1 1 1 1 1 1 1 0 0
1 1 1 0 0 1 1 0 0 0
1 1 1 0 0 1 1 0 0 0
1 1 1 0 0 1 1 0 0 0
1 1 1 0 0 1 1 0 0 0
1 1 1 1 1 1 1 1 1 1
1 1 1 0 0 0 1 0 0 0
1 1 1 1 1 1 1 2 0 0
1 1 1 1 1 1 1 1 1 1
Maze 80
89 202 3.1153846154 2.1538174925 36 0.376473072962370
97 75 84 3 38 45 49 26 15 45 94 46 97 10 44 97
95 74 83 33 35 400 46 25 400 44 44 96 7 4 94
401 402 401 401 402 400 401 401 400 402 402 401 402 402 401
0 0 1 1 1 1 1 1 1 1
0 0 1 1 1 0 1 0 0 0
0 0 1 1 1 1 1 0 0 0
0 0 1 1 1 1 1 1 0 0
0 0 1 1 1 1 1 1 1 0
0 0 1 1 0 1 1 0 0 0
0 0 1 1 0 1 1 0 0 0
0 0 1 1 1 1 1 0 0 0
0 0 1 1 1 1 1 0 0 0
0 0 0 1 1 1 2 0 0 0
Maze 81
83 89 3.3777777778 2.1209434717 35 0.386388554869948
76 86 54 40 95 86 92 80 52 14 48 26 47 63 72 76
400 84 34 35 85 82 72 72 12 44 46 46 43 62 400
400 401 402 402 402 402 402 401 402 401 401 401 402 402 400
0 0 0 0 0 0 0 0 0 0
0 1 1 1 0 0 0 0 0 0
0 1 0 1 0 1 0 0 0 0
0 1 0 1 1 1 1 1 1 1
0 1 1 1 1 1 1 1 0 0
0 1 1 1 1 0 0 0 0 0
0 1 1 1 1 0 0 0 0 0
0 1 1 1 1 2 1 1 1 1
0 1 1 1 1 1 0 0 0 0
0 1 0 0 1 0 0 0 0 0
Maze 82
93 60 3.2000000000 2.0204560095 50 0.390106380814812
17 95 43 12 40 33 93 96 55 87 52 4 86 95 57 17
15 93 42 32 400 400 400 95 85 82 2 84 85 55 400
402 401 401 401 400 400 400 401 401 401 402 401 402 402 400
0 1 1 1 0 0 0 0 0 0
0 1 0 1 1 1 2 0 0 0
0 1 0 1 1 0 1 0 0 0
0 1 1 1 1 1 1 1 1 1
0 1 1 1 1 0 1 0 0 0
0 1 1 1 1 1 1 0 0 0
0 1 1 1 1 0 0 0 0 0
0 1 1 1 1 0 0 0 0 0
0 1 1 1 1 1 1 0 0 0
0 0 1 1 1 1 0 0 0 0
Maze 83
87 215 2.8965517241 2.2905166536 56 0.371223739072051
17 90 55 56 65 80 29 43 49 72 83 85 45 39 41 17
87 85 400 55 75 79 23 400 42 82 400 400 35 31 11
401 401 400 402 401 401 402 400 402 401 400 400 402 402 402
0 0 0 0 0 0 0 0 0 0
1 1 1 1 1 1 2 0 0 0
1 0 1 1 1 1 1 1 1 0
1 1 1 1 1 1 1 1 1 0
1 1 1 1 1 1 1 1 1 0
0 1 0 0 1 1 1 0 1 0
0 1 0 0 1 0 1 0 1 0
0 1 0 0 1 1 1 1 1 1
0 1 1 1 1 1 1 1 1 1
0 0 0 0 0 0 0 0 0 0
Maze 84
119 37 3.5185185185 2.0330813216 101 0.404813985623948
8 6 81 20 76 43 44 74 4 76 53 7 90 17 64 8
400 1 11 16 73 400 400 400 74 73 3 87 87 14 4
400 402 402 402 401 400 400 400 401 401 402 401 401 402 402
1 1 1 1 1 1 1 2 0 0
1 1 1 1 1 1 1 1 1 1
1 0 1 1 0 1 1 0 0 0
1 0 1 1 0 1 1 0 0 0
1 0 1 1 0 1 1 0 0 0
1 0 1 1 0 1 1 0 0 0
1 0 1 1 0 1 1 0 0 0
1 0 1 1 1 1 1 0 0 0
1 0 0 0 0 0 1 1 1 1
0 0 0 0 0 0 0 0 0 0
Maze 85
77 452 3.0000000000 2.1073958466 35 0.386607058996346
72 47 49 84 98 76 82 26 70 51 51 43 85 66 63 72
42 400 44 94 96 72 22 66 61 400 41 83 65 400 62
402 400 402 401 401 402 402 401 401 400 402 401 402 400 402
0 0 0 0 0 0 0 0 0 0
0 0 0 0 0 0 0 0 0 0
0 1 1 1 1 1 0 0 0 0
0 1 0 0 0 1 0 0 0 0
1 1 1 1 1 1 1 1 1 0
1 1 1 1 0 1 0 0 0 0
1 1 1 1 1 1 1 1 1 1
0 2 1 1 1 1 0 0 0 0
0 1 1 1 1 1 0 0 0 0
0 0 0 1 1 1 1 1 0 0
Maze 86
111 115 3.1929824561 2.0231479501 79 0.403621043383473
64 5 53 17 98 2 58 7 68 78 63 2 33 55 20 64
4 3 13 97 92 52 57 67 400 73 62 32 53 15 14
402 402 402 401 401 401 401 401 400 401 401 401 401 402 402
0 1 1 1 1 0 1 0 0 0
0 1 1 1 1 1 1 1 1 1
0 1 1 1 1 0 1 0 0 0
0 1 1 1 1 0 1 0 0 0
0 1 1 1 1 0 1 0 0 0
0 1 1 1 1 1 1 1 0 0
0 1 1 2 0 0 1 1 0 0
0 1 1 1 1 1 1 1 0 0
0 1 0 0 0 0 1 0 0 0
0 1 1 1 1 1 1 1 0 0
Maze 87
89 10 2.9583333333 1.8762538919 50 0.370411553215289
96 15 57 25 64 8 15 14 71 52 95 49 78 45 15 96
95 55 55 24 4 5 400 11 51 92 45 48 75 400 95
401 401 401 402 402 402 400 402 402 401 402 402 401 400 401
0 0 0 1 1 1 1 1 0 0
1 1 1 1 1 0 0 0 0 0
1 0 0 1 1 0 0 0 0 0
1 0 0 1 1 0 0 0 0 0
1 0 0 1 1 1 1 1 1 0
1 1 0 1 1 1 1 1 0 0
1 1 0 1 1 0 0 1 0 0
1 1 0 0 1 1 1 1 0 0
0 1 0 0 1 0 0 0 0 0
0 1 1 1 1 2 0 0 0 0
Maze 88
91 188 2.9629629630 2.1702024648 45 0.380250257606165
86 49 21 7 18 48 15 20 36 61 22 37 90 90 19 86
46 41 1 17 400 45 400 16 31 21 32 87 400 89 16
402 401 402 401 400 401 400 402 402 402 401 401 400 401 402
1 1 1 1 1 1 1 0 0 0
1 0 0 0 1 1 1 1 1 1
1 1 0 0 1 1 0 1 1 0
1 1 1 1 1 1 1 1 1 0
1 1 1 1 1 1 1 1 1 0
1 0 0 0 0 1 1 0 1 0
1 0 0 0 0 1 1 0 1 0
0 0 0 0 0 1 1 0 1 0
0 0 0 0 0 2 1 1 1 1
0 0 0 0 0 0 0 0 0 0
Maze 89
91 25 3.1666666667 1.9806273400 25 0.393682423600463
43 26 53 35 6 32 71 3 17 23 90 90 7 42 2 43
23 23 33 5 2 31 1 13 13 83 400 87 2 400 42
402 402 402 402 402 402 402 401 402 401 400 401 402 400 401
1 1 1 1 1 1 1 0 0 0
1 1 1 1 1 1 1 0 0 0
1 1 1 1 1 1 1 0 0 0
1 1 1 1 1 0 1 0 0 0
1 1 2 0 0 0 1 0 0 0
1 0 1 0 0 0 1 0 0 0
1 0 1 0 0 0 1 0 0 0
1 0 1 0 0 0 1 0 0 0
0 0 1 1 1 1 1 1 1 1
0 0 0 0 0 0 0 0 0 0
Maze 90
89 783 3.6250000000 2.1538174925 45 0.390242735076870
64 86 20 76 63 65 39 87 29 98 90 95 55 48 23 64
84 16 16 73 400 35 37 27 28 88 85 400 45 43 63
401 402 402 401 400 402 402 402 402 402 402 400 402 401 401
0 0 0 0 0 0 0 0 0 0
0 0 0 0 0 1 1 1 1 1
0 0 1 0 0 1 1 1 1 0
0 0 1 0 1 1 1 1 1 0
0 0 1 1 1 1 1 1 0 0
0 0 1 0 1 1 1 1 0 0
0 0 1 2 1 1 1 1 0 0
0 0 1 1 1 1 1 1 0 0
0 0 0 1 1 1 1 1 1 1
0 0 0 0 1 0 0 1 0 0
Maze 91
79 6 3.2340425532 2.2225866499 21 0.354710474129921
86 84 99 32 2 19 18 24 48 43 73 85 91 42 21 86
400 94 92 400 12 400 14 44 400 400 83 81 41 41 81
400 401 401 400 401 400 402 401 400 400 401 402 402 401 401
0 1 0 0 0 0 0 0 0 0
0 1 1 1 1 1 1 1 1 0
1 1 0 1 0 0 0 0 0 0
1 1 0 1 0 0 0 0 0 0
1 1 1 1 1 1 1 1 0 0
1 1 1 0 0 0 0 0 0 0
1 1 1 0 0 0 0 0 0 0
1 1 1 0 0 0 0 0 0 0
1 1 1 1 1 2 0 0 0 0
1 1 1 1 1 1 1 1 1 0
Maze 92
93 210 3.1764705882 2.0279931174 45 0.382988552392299
60 64 84 55 17 1 45 14 72 25 88 68 20 41 53 60
54 400 54 15 11 41 44 12 22 85 400 18 11 51 400
402 400 402 402 401 401 401 402 402 401 400 402 402 401 400
1 0 0 0 0 0 0 0 0 0
1 1 1 1 1 1 1 1 1 1
1 1 1 1 1 0 0 1 0 0
1 1 0 1 1 0 0 1 0 0
1 1 1 1 1 0 0 1 0 0
1 1 1 1 1 1 1 1 1 2
0 1 0 1 1 0 0 1 0 0
0 1 0 1 1 0 0 1 0 0
0 0 0 1 1 1 1 1 0 0
0 0 0 0 0 0 0 0 0 0
Maze 93
85 70 3.2340425532 2.1387029870 45 0.373001549334218
22 63 49 39 30 20 28 45 41 16 92 30 27 59 2 22
62 43 400 29 400 18 25 400 11 12 22 400 57 52 400
401 402 400 402 400 402 402 400 402 402 402 400 401 401 400
0 1 0 0 0 0 0 0 0 0
1 1 1 1 1 1 0 1 1 1
1 2 1 1 1 1 1 1 1 1
1 1 0 0 1 0 1 0 1 0
1 1 1 1 1 1 1 1 1 0
0 1 1 1 1 1 1 1 1 0
0 1 1 0 0 0 0 0 0 0
0 1 0 0 0 0 0 0 0 0
0 1 0 0 0 0 0 0 0 0
0 1 0 0 0 0 0 0 0 0
Maze 94
105 48 3.2142857143 2.0947999892 112 0.389936790671741
95 93 45 20 27 68 61 1 33 85 19 66 81 69 8 95
400 43 15 17 67 400 400 31 83 15 16 61 61 68 5
400 402 402 402 401 400 400 401 401 402 402 402 402 401 402
1 0 0 0 1 1 1 1 0 0
1 0 0 0 1 1 1 1 1 1
1 0 0 0 1 1 1 1 0 0
1 1 1 0 1 1 1 1 0 0
1 0 1 1 1 1 1 1 0 0
1 0 1 0 1 1 1 1 0 0
1 1 1 1 1 1 1 1 1 0
1 0 1 0 1 0 0 0 0 0
1 0 1 1 1 0 0 0 0 0
0 0 1 1 2 0 0 0 0 0
Maze 95
101 60 2.8363636364 1.9803616072 77 0.397171169509620
49 35 71 50 49 85 54 7 90 28 27 98 93 100 64 49
45 31 41 400 45 84 4 87 88 400 97 400 400 94 44
401 402 402 400 402 401 402 401 401 400 401 400 400 401 402
0 0 0 1 1 1 1 0 0 0
0 0 0 1 0 0 1 0 0 0
0 0 0 1 0 0 1 1 0 0
1 1 1 1 1 0 1 1 0 0
1 1 1 1 1 1 1 1 2 1
1 0 0 1 1 0 1 1 0 0
1 0 0 1 1 0 1 1 0 0
1 0 0 1 1 0 1 1 0 0
0 0 0 1 1 0 1 1 1 1
0 0 1 1 1 1 1 1 1 1
Maze 96
111 613 3.0149253731 2.3004204405 91 0.404350303918853
27 31 19 41 11 83 8 67 70 32 89 48 18 55 60 27
21 11 11 400 81 3 7 400 62 82 88 400 15 400 57
402 402 402 400 401 402 402 400 401 401 401 400 402 400 401
0 0 1 1 1 1 1 1 0 0
1 1 1 1 1 1 1 1 1 0
1 1 1 1 1 1 2 1 0 0
1 1 1 0 1 0 1 1 0 0
1 1 1 0 1 0 1 1 0 0
1 1 1 0 1 1 1 1 1 1
1 1 1 1 1 1 1 1 1 1
1 1 1 0 0 0 0 1 0 0
1 1 1 1 1 1 1 1 1 0
0 0 0 0 0 0 0 0 0 0
Maze 97
103 368 2.6176470588 2.2187493950 55 0.378005153591708
46 84 10 70 56 48 29 100 46 3 51 76 14 60 88 46
44 4 400 66 46 28 99 96 43 1 71 74 54 58 86
402 402 400 401 402 402 401 401 401 402 401 401 401 402 401
1 1 1 1 1 1 1 1 1 1
1 0 1 1 0 0 0 0 0 1
1 0 1 1 0 0 0 1 1 1
1 0 1 1 0 0 0 1 1 1
1 0 1 1 1 2 1 1 1 1
1 0 0 1 1 1 1 1 1 1
1 0 0 1 0 1 1 1 1 1
1 1 1 1 1 1 0 1 1 0
0 0 0 1 0 1 1 1 1 0
0 0 0 0 0 1 1 1 1 1
Maze 98
95 70 3.2142857143 2.2166146212 58 0.396923340751229
4 20 75 84 85 39 51 89 41 17 58 80 80 64 33 4
14 15 74 400 35 31 81 81 11 57 78 400 74 63 3
401 402 402 400 402 402 401 401 402 401 401 400 401 401 402
0 0 1 2 0 0 0 0 0 0
1 1 1 1 1 1 1 1 1 1
1 0 1 0 1 0 1 0 0 0
1 1 1 1 1 1 1 1 1 0
1 0 1 0 1 0 1 0 0 0
1 0 1 0 1 0 1 1 0 0
1 0 1 1 1 0 0 1 0 0
1 0 0 1 1 1 1 1 1 1
1 1 1 1 1 1 1 1 1 0
0 0 0 0 0 0 0 0 0 0
Maze 99
97 33 3.2830188679 2.0708490455 77 0.386196252944826
62 5 37 75 8 93 3 66 33 43 48 88 27 11 52 62
2 35 35 5 3 400 63 63 400 400 400 87 21 51 400
402 401 402 402 402 400 401 401 400 400 400 401 401 401 400
0 1 1 1 1 1 1 1 0 0
1 1 1 0 1 0 0 0 0 0
1 1 1 1 1 1 1 0 0 0
1 1 1 0 1 1 1 0 0 0
1 1 1 1 1 1 1 1 0 0
1 1 1 0 1 0 1 1 0 0
0 2 1 1 1 1 1 1 0 0
0 0 1 0 1 0 1 1 0 0
0 0 1 0 0 0 1 1 0 0
0 0 1 0 0 0 0 0 0 0
Maze 100
103 313 2.8275862069 2.0022860393 64 0.384539818247532
89 71 30 58 56 7 83 30 39 76 23 65 33 15 78 89
81 21 28 400 6 3 23 29 36 73 63 63 13 75 88
401 402 402 400 402 402 402 402 402 401 401 401 402 401 401
0 0 1 1 1 1 1 0 0 0
0 0 1 1 1 1 0 0 0 0
1 1 1 1 1 1 1 1 1 1
1 0 1 0 1 1 1 1 1 0
1 0 1 0 1 1 0 1 0 0
1 0 1 0 1 1 1 1 0 0
1 0 1 1 1 1 0 0 0 0
1 0 1 1 1 1 1 1 0 0
1 1 1 1 1 1 1 1 2 0
0 0 0 0 0 0 0 0 0 0
Maze 101
107 189 2.9117647059 2.2777687567 98 0.376327522910654
70 84 56 15 20 79 74 95 2 75 7 63 21 94 48 70
64 54 55 400 19 400 94 92 72 5 3 61 91 44 68
402 402 401 400 402 400 401 401 401 402 402 401 401 402 401
0 1 1 1 1 1 1 0 0 0
0 1 1 0 1 1 1 1 1 1
1 1 1 0 1 0 0 0 1 0
1 1 1 0 1 0 0 0 1 0
1 1 1 1 1 1 1 1 1 0
1 1 1 1 1 1 0 1 1 0
1 1 1 1 1 1 1 1 1 2
1 1 1 1 1 1 1 1 1 0
1 1 0 1 0 0 0 0 0 0
1 1 1 1 1 0 0 0 0 0
Maze 102
85 492 2.5762711864 2.2847533338 45 0.361359278631458
51 32 69 39 20 16 42 93 26 7 64 89 31 22 62 51
31 62 400 19 400 12 92 23 6 4 84 81 21 400 61
402 401 400 402 400 402 401 402 402 402 401 401 402 400 401
0 0 0 1 1 1 1 0 0 0
0 1 1 1 1 1 1 1 1 1
1 1 1 1 1 1 0 0 1 0
1 1 1 1 0 0 0 0 1 0
1 1 1 1 0 0 0 0 1 0
2 1 1 1 0 0 0 0 1 0
1 1 1 1 1 1 1 1 1 0
1 1 1 1 0 0 0 0 0 0
1 1 1 1 1 1 1 1 1 0
0 1 1 0 0 0 0 0 0 0
Maze 103
83 194 2.8888888889 2.1309185258 22 0.377733049566725
68 29 34 86 3 1 55 22 30 47 7 12 37 67 76 68
28 24 84 83 400 51 52 400 27 400 2 32 400 66 66
402 402 401 401 400 401 401 400 402 400 402 401 400 402 402
1 1 1 1 1 1 1 0 0 0
1 1 1 0 0 0 1 0 0 0
1 1 1 1 1 1 1 1 1 1
1 1 1 1 1 1 1 1 0 0
1 1 1 1 0 0 1 1 0 0
1 1 1 1 1 0 1 1 0 0
0 0 1 1 0 1 1 2 0 0
0 0 1 1 0 1 0 0 0 0
0 0 1 1 1 1 0 0 0 0
0 0 0 0 0 0 0 0 0 0
Maze 104
101 81 2.8888888889 2.2616503982 55 0.366694356394312
75 28 24 14 62 97 18 14 47 32 30 44 54 10 1 75
25 400 400 12 92 17 400 44 42 22 24 400 4 400 71
402 400 400 402 401 402 400 401 401 402 402 400 402 400 401
1 1 1 1 1 1 1 1 1 1
1 1 1 1 1 1 1 1 0 0
1 1 1 1 1 1 1 1 1 1
1 1 0 1 1 0 1 0 0 0
1 1 1 1 1 1 1 0 0 0
1 1 0 1 1 0 1 0 0 0
1 1 0 0 1 0 1 0 0 0
1 1 1 1 2 0 1 0 0 0
0 1 0 0 0 0 1 0 0 0
0 1 1 1 1 1 1 0 0 0
Maze 105
91 29 3.3061224490 2.0479375372 50 0.382572985492712
27 86 8 45 36 77 80 37 91 27 97 67 30 50 60 27
26 6 5 35 76 400 77 31 21 400 400 27 400 400 57
402 402 402 402 401 400 401 402 402 400 400 402 400 400 401
0 0 0 0 1 1 1 1 0 0
0 0 0 0 1 1 0 0 0 0
1 1 1 1 1 1 2 1 1 1
1 1 1 1 1 1 1 0 0 1
1 0 0 0 1 1 1 0 0 1
1 0 0 0 0 1 1 1 1 1
1 0 0 0 0 1 1 0 0 0
1 0 0 0 0 1 1 1 1 1
1 0 0 0 0 1 1 0 0 0
1 0 0 0 0 0 1 0 0 0
Maze 106
97 56 2.9677419355 2.3043813974 63 0.383148556162914
71 29 3 57 19 13 49 80 72 96 47 69 77 96 99 71
21 23 53 17 400 43 79 400 92 46 67 67 76 400 91
402 401 401 402 400 401 401 400 401 402 401 402 402 400 401
0 0 1 0 0 0 0 0 0 0
0 0 1 1 1 1 1 1 1 0
1 1 1 1 1 1 1 1 1 0
1 0 1 0 0 0 1 0 0 0
1 0 1 1 1 1 1 1 1 0
1 0 1 1 1 1 1 0 1 0
1 0 0 0 0 1 1 1 1 0
2 1 1 1 1 1 1 1 1 1
1 1 0 0 0 1 0 0 0 0
1 1 1 1 1 1 1 1 1 0
Maze 107
75 72 2.9565217391 2.1643511881 25 0.383798530161080
57 17 35 58 98 15 15 38 33 10 67 27 56 59 89 57
400 15 55 400 95 400 35 400 3 7 400 26 400 400 87
400 402 401 400 401 400 401 400 402 402 400 402 400 400 401
0 0 1 1 1 1 1 1 1 1
0 0 1 0 1 1 1 0 0 0
0 0 1 0 1 1 1 0 0 0
0 0 1 1 1 1 1 1 0 0
0 0 0 0 1 1 1 0 0 0
0 0 0 0 1 1 2 1 1 0
0 0 0 0 1 0 1 1 1 0
0 0 0 0 1 0 1 1 1 0
0 0 0 0 1 0 1 1 1 0
0 0 0 0 1 1 1 1 0 0
Maze 108
95 1056 3.2941176471 2.0601645749 71 0.385223118084726
25 2 93 88 57 2 17 84 81 63 58 89 5 42 64 25
22 92 83 87 52 12 14 400 61 53 88 85 2 62 24
401 401 402 401 401 401 402 400 402 402 401 401 402 401 402
0 1 1 1 1 0 0 0 0 0
0 1 1 1 1 1 1 0 0 0
0 1 1 1 2 0 0 0 0 0
0 1 0 1 1 0 0 0 0 0
0 1 0 1 1 0 0 0 0 0
0 1 1 1 1 1 1 1 0 0
1 1 1 1 1 0 1 1 0 0
1 1 0 1 1 0 1 1 0 0
1 1 1 1 1 1 1 1 1 0
0 1 1 0 0 0 0 0 0 0
Maze 109
117 48 3.4482758621 2.1000208982 127 0.405150855345319
78 86 43 29 63 6 85 100 92 87 2 38 95 7 29 78
76 83 23 23 3 5 95 400 82 82 32 35 5 27 28
402 401 402 402 402 402 401 400 402 401 401 402 402 401 402
0 1 1 1 1 1 1 0 0 0
0 1 1 0 1 0 1 0 0 0
0 1 1 1 1 1 1 1 1 0
0 1 1 1 1 1 1 1 0 0
0 1 1 0 1 0 0 1 0 0
0 1 1 0 1 0 0 1 0 0
0 1 1 0 1 0 0 1 0 0
0 1 1 0 1 1 1 2 0 0
0 1 1 1 1 1 1 0 0 0
0 1 1 1 1 1 1 1 1 1
Maze 110
81 3 3.7142857143 1.8589066366 35 0.394412834620264
29 86 94 89 55 41 59 24 24 26 87 96 28 24 12 29
26 84 84 85 51 51 54 400 400 86 86 26 400 22 22
402 402 402 401 401 401 401 400 400 401 402 402 400 401 401
0 0 0 0 0 0 0 0 0 0
0 1 0 0 0 0 0 0 0 0
0 1 1 1 1 1 1 1 2 0
0 0 0 1 0 1 0 0 0 0
1 0 0 1 0 1 0 0 0 0
1 1 1 1 1 1 1 1 1 0
0 0 0 0 1 1 0 0 0 0
0 0 0 0 1 1 0 0 0 0
0 0 0 1 1 1 1 1 1 0
0 0 0 1 0 1 0 0 0 0
Maze 111
113 18 3.5102040816 1.8045532156 120 0.382853506031812
75 12 68 8 69 61 4 92 18 44 60 64 41 12 65 75
72 62 400 68 400 1 2 12 14 54 54 61 11 62 400
401 401 400 401 400 402 402 402 402 401 402 401 402 401 400
1 1 1 1 0 0 0 1 0 0
1 1 1 1 1 1 1 1 0 0
1 1 0 1 0 0 0 1 0 0
1 1 0 1 0 0 0 1 0 0
1 1 0 1 0 0 0 1 0 0
1 1 0 1 1 1 1 1 1 1
1 1 1 1 1 1 1 1 1 0
0 1 1 1 2 0 0 0 0 0
0 1 0 0 0 0 0 0 0 0
0 1 0 0 0 0 0 0 0 0
Maze 112
95 98 3.2857142857 2.3209182322 59 0.383254329765194
80 100 31 33 31 79 23 64 96 6 75 91 94 48 88 80
400 91 400 400 71 73 63 94 400 5 71 400 44 400 78
400 401 400 400 401 401 401 401 400 402 402 400 402 400 402
0 0 0 0 1 1 0 0 0 0
0 0 0 0 1 1 0 0 0 0
0 0 1 0 1 1 0 0 0 0
1 1 1 0 1 1 0 0 0 0
1 0 1 1 1 1 1 1 0 0
1 0 1 1 1 1 0 1 0 0
1 0 1 1 1 1 0 1 0 0
1 1 1 1 1 1 1 1 1 2
1 0 0 1 0 1 0 1 0 1
1 1 1 1 1 1 1 1 1 1
Maze 113
125 4043 3.5223880597 2.2375708437 139 0.392603790497351
64 7 50 94 18 43 69 2 60 10 34 36 100 85 37 64
4 47 44 14 13 63 62 52 400 4 400 96 95 35 34
402 401 402 402 402 401 401 401 400 402 400 401 401 402 402
0 1 0 1 1 1 1 1 1 1
0 1 1 1 1 1 1 1 0 1
0 1 1 1 0 0 1 0 0 1
0 1 1 1 1 1 1 0 0 1
0 1 1 1 1 1 1 1 1 1
0 1 1 1 1 1 1 1 1 1
0 1 1 2 1 1 1 1 1 0
0 0 0 1 1 1 0 0 0 0
0 0 0 1 1 1 0 0 0 0
0 0 0 1 1 1 1 1 1 1
Maze 114
89 202 2.9310344828 2.3333022836 56 0.372702785980941
66 78 30 36 94 13 28 17 19 72 47 8 40 58 83 66
76 28 26 34 93 23 27 400 12 42 7 38 38 53 63
401 402 402 402 401 401 401 400 402 402 402 401 402 402 402
0 0 0 0 0 0 1 1 0 0
0 1 1 1 1 1 1 1 1 0
0 1 1 1 1 1 1 1 1 1
0 1 1 1 1 1 1 1 1 1
0 1 1 1 1 1 1 1 0 0
0 1 1 1 1 1 1 1 0 0
0 1 1 1 1 2 0 1 0 0
0 1 1 1 0 1 1 1 0 0
0 0 1 1 0 0 0 0 0 0
0 0 1 1 0 0 0 0 0 0
Maze 115
91 112 3.1851851852 2.2977938640 39 0.396047015747780
59 70 52 21 6 13 61 27 59 32 20 28 31 36 34 59
69 62 51 1 3 11 21 57 52 12 18 21 400 400 54
401 401 401 402 402 402 402 401 401 402 402 402 400 400 401
1 1 1 1 1 1 0 0 0 0
1 1 1 1 1 1 1 1 1 1
1 1 1 1 1 1 1 1 0 0
1 1 1 1 1 1 1 0 0 0
1 1 0 1 0 0 1 0 0 0
1 1 1 1 1 1 1 1 2 0
1 1 1 1 1 1 1 1 1 1
0 0 0 0 0 0 0 0 0 0
0 0 0 0 0 0 0 0 0 0
0 0 0 0 0 0 0 0 0 0
Maze 116
99 120 3.0000000000 2.1095039544 84 0.386117028532770
6 94 21 6 80 80 4 28 39 4 37 93 93 95 38 6
4 91 1 76 400 74 24 38 34 34 33 400 400 35 36
402 401 402 401 400 401 401 401 401 401 402 400 400 402 401
1 1 1 1 1 2 0 0 0 0
1 0 0 1 0 1 0 0 0 0
1 0 0 1 1 1 1 1 0 0
1 0 1 1 1 1 1 1 1 0
1 0 1 1 1 1 0 0 0 0
1 0 1 1 1 1 0 0 0 0
1 0 1 1 1 1 0 0 0 0
1 0 1 1 1 1 1 1 1 1
1 0 1 1 1 0 0 0 0 0
1 1 1 1 1 0 0 0 0 0
Maze 117
71 7 3.1219512195 2.0105263894 13 0.391878582148490
38 67 85 67 62 63 92 94 78 13 53 78 90 46 30 38
37 65 65 400 400 62 400 74 73 400 73 88 86 26 28
402 402 402 400 400 402 400 402 401 400 401 401 401 402 402
0 0 0 0 0 0 0 0 0 0
0 0 1 0 0 0 0 0 0 0
0 0 1 0 0 1 1 1 1 1
0 0 1 0 0 1 1 2 0 0
0 0 1 0 0 1 1 0 0 0
0 0 1 0 0 1 1 0 0 0
0 1 1 1 1 1 1 0 0 0
0 1 1 1 1 1 1 1 0 0
0 1 0 1 1 1 1 1 1 1
0 1 1 1 0 0 0 0 0 0
Maze 118
105 112 3.2758620690 2.1976385809 112 0.380710777323468
57 43 21 7 98 18 80 86 70 37 4 86 72 56 11 57
53 41 1 97 400 78 76 66 67 34 84 82 52 51 51
401 401 402 401 400 401 402 402 401 401 401 401 402 401 401
1 1 1 1 1 1 1 0 0 0
1 0 0 1 0 0 1 1 0 0
1 0 0 1 0 0 1 1 0 0
1 0 0 1 1 1 1 1 0 0
1 1 1 1 0 0 1 1 0 0
1 1 1 1 1 1 2 1 0 0
0 1 0 1 0 1 1 1 1 1
0 1 0 1 0 1 1 1 1 1
0 1 1 1 1 1 1 1 0 0
0 0 0 0 0 0 1 1 0 0
Maze 119
121 626 3.5000000000 2.1477486459 113 0.381262640622470
3 71 50 20 18 62 10 60 8 84 20 83 62 12 54 3
1 41 400 400 12 2 400 58 4 14 13 82 400 52 53
402 402 400 400 402 402 400 401 402 402 402 401 400 401 401
1 1 2 1 1 1 1 1 1 1
1 1 1 1 1 1 1 1 1 1
1 1 1 1 0 0 0 1 0 1
1 1 1 1 0 0 0 1 0 1
1 1 1 1 1 1 1 1 1 1
1 1 1 1 0 0 0 1 1 1
1 1 1 1 0 0 0 0 0 0
1 1 1 1 0 0 0 0 0 0
0 1 1 1 0 0 0 0 0 0
0 0 0 0 0 0 0 0 0 0
Maze 120
105 8 3.2380952381 1.6686073099 86 0.396995973452396
5 69 15 46 57 95 46 95 51 92 68 81 14 55 70 5
65 65 45 56 55 45 45 91 91 62 61 11 54 65 65
401 401 401 401 402 402 402 401 401 402 402 402 401 401 401
0 0 0 0 2 0 0 0 0 0
1 1 1 1 1 0 0 0 0 0
1 0 0 1 1 0 0 0 0 0
1 0 0 1 1 0 0 0 0 0
1 0 0 1 1 1 0 0 0 0
1 0 0 1 1 1 1 0 0 0
1 1 1 1 1 1 1 1 1 1
1 1 0 0 1 0 0 0 0 0
1 1 0 0 1 0 0 0 0 0
1 1 1 1 1 0 0 0 0 0
Maze 121
91 114 2.7857142857 2.0103642316 45 0.383658902134168
47 74 14 90 57 37 95 95 31 48 18 84 32 43 15 47
44 400 84 87 400 35 400 91 41 400 14 82 42 13 45
402 400 401 401 400 402 400 401 401 400 402 401 401 402 401
0 0 0 0 0 0 0 0 0 0
0 0 1 1 1 1 1 1 0 0
0 0 1 1 1 0 0 1 0 0
1 1 1 1 1 1 1 1 0 0
1 1 1 1 1 1 2 1 0 0
1 1 0 1 1 0 1 0 0 0
1 1 0 1 1 0 1 0 0 0
1 1 0 1 1 0 1 0 0 0
1 1 1 1 1 1 1 1 1 1
1 1 1 1 1 0 0 0 0 0
Maze 122
95 72 3.5686274510 2.1839035784 70 0.377246205194694
77 63 24 33 51 57 41 89 26 20 97 18 3 45 53 77
73 23 23 31 400 51 81 86 16 17 17 13 43 43 73
401 402 402 402 400 401 401 401 402 402 402 401 401 402 401
0 0 1 0 0 0 0 0 0 0
0 0 1 1 1 1 1 1 1 1
0 0 1 1 0 1 1 0 0 0
1 1 1 0 0 1 1 0 0 0
1 0 1 1 1 1 1 0 0 0
1 1 1 1 1 1 1 0 0 0
1 0 1 0 0 1 1 0 0 0
1 0 1 1 1 1 2 0 0 0
1 1 1 1 1 1 1 1 1 0
0 0 0 0 0 0 1 0 0 0
Maze 123
105 12 3.2444444444 1.7253153303 105 0.389180960719772
28 94 70 74 43 70 22 28 52 30 50 16 7 6 53 28
24 64 64 73 63 62 400 22 22 400 46 6 400 3 23
402 402 402 401 401 401 400 402 402 400 401 402 400 402 402
0 0 1 1 1 1 1 0 0 0
0 0 1 0 0 1 0 0 0 0
0 1 1 1 1 1 1 2 1 1
0 1 1 1 0 1 0 0 0 1
0 1 1 1 0 1 1 1 1 1
0 1 1 1 0 0 0 0 0 0
0 1 1 1 1 1 1 1 1 1
0 0 1 1 0 0 0 0 0 0
0 0 0 1 0 0 0 0 0 0
0 0 0 1 0 0 0 0 0 0
Maze 124
101 52 2.7384615385 2.3176851468 60 0.366077463434478
96 61 7 79 29 93 86 76 30 18 91 56 73 87 76 96
91 1 77 400 23 83 400 26 28 11 51 53 83 86 400
401 402 401 400 402 402 400 402 401 402 402 402 401 401 400
1 1 1 1 1 1 1 0 0 0
1 1 1 1 1 1 1 1 0 0
1 0 1 1 1 1 1 1 1 1
1 0 1 0 0 1 1 0 1 0
1 0 1 0 0 1 1 0 1 0
1 1 1 1 1 1 1 0 1 0
1 0 1 0 0 1 1 0 1 0
1 0 1 0 0 1 1 1 1 0
1 0 1 1 1 1 1 0 0 0
1 1 1 1 1 2 0 0 0 0
Maze 125
83 11 3.2857142857 1.9943199809 25 0.376045765309095
54 12 92 92 25 37 30 97 7 85 55 62 24 85 74 54
52 400 400 22 35 27 27 400 5 400 52 22 84 84 400
401 400 400 402 401 402 402 400 402 400 402 402 401 401 400
0 0 0 0 1 1 1 0 0 0
0 1 0 0 1 0 1 0 0 0
0 1 1 1 1 0 1 1 1 1
0 1 0 1 1 1 1 0 0 0
0 1 0 1 1 0 1 0 0 0
0 1 1 2 1 0 1 0 0 0
0 1 0 1 1 0 1 0 0 0
0 1 0 1 1 0 1 0 0 0
0 1 0 1 1 0 1 0 0 0
0 1 0 0 0 0 1 0 0 0
Maze 126
87 153 3.4693877551 2.1329832892 45 0.378659554362336
27 93 48 62 64 10 36 17 84 79 18 15 27 39 39 27
23 43 42 400 4 6 16 14 74 78 400 25 37 400 37
402 402 402 400 402 402 402 402 402 401 400 401 401 400 401
0 0 0 1 1 1 1 1 1 1
0 0 0 1 1 1 1 1 0 0
0 0 1 1 1 1 2 1 0 0
0 0 1 1 0 1 1 1 1 0
0 1 1 1 1 1 1 1 0 0
0 1 1 1 0 0 0 1 0 0
0 1 1 1 0 0 0 1 0 0
0 0 1 1 1 1 1 1 1 0
0 0 1 1 0 0 0 0 0 0
0 0 1 0 0 0 0 0 0 0
Maze 127
113 41 3.5652173913 1.8299694581 62 0.382317531430232
43 75 45 66 96 9 43 84 78 87 21 90 13 66 8 43
73 400 65 400 6 3 83 74 77 81 81 83 63 6 3
401 400 401 400 402 402 401 402 402 401 401 401 401 402 402
0 0 1 1 1 1 1 1 1 0
0 0 1 0 0 1 0 0 0 0
1 0 1 0 0 1 0 0 0 0
1 0 1 0 0 1 0 0 0 0
1 0 2 0 1 1 0 0 0 0
1 0 1 0 1 1 0 0 0 0
1 0 1 1 1 1 0 0 0 0
1 0 1 1 1 1 1 1 0 0
1 1 1 1 1 1 1 1 1 1
0 0 0 0 0 1 0 0 0 0
Maze 128
103 267 3.1785714286 2.0628766741 70 0.370737519358727
94 96 10 52 31 4 13 39 51 16 8 99 34 97 84 94
400 6 2 51 1 3 33 31 11 6 98 94 94 94 400
400 402 402 401 402 402 401 402 402 402 401 401 401 401 400
1 1 1 1 1 1 1 1 1 1
1 1 1 1 1 1 0 1 0 0
1 1 1 0 0 1 0 1 0 0
1 1 1 1 1 1 1 1 1 0
1 1 0 1 0 1 0 1 0 0
1 1 0 1 0 1 0 1 0 0
0 0 0 1 0 1 0 1 0 0
0 0 0 1 0 1 0 1 0 0
0 0 0 1 0 1 0 1 0 0
0 0 0 2 1 1 1 1 1 0
Maze 129
103 177 3.1000000000 2.1718260238 64 0.405969188161622
22 66 19 70 92 87 85 6 86 100 96 39 89 84 18 22
62 16 69 62 82 400 5 400 96 400 36 400 400 14 12
401 402 401 402 402 400 402 400 401 400 402 400 400 402 402
0 0 0 0 1 1 0 0 0 0
0 1 1 1 1 1 1 1 1 0
0 2 0 1 1 1 0 0 1 0
0 1 0 1 1 1 1 1 1 0
0 1 0 1 1 1 0 0 1 0
0 1 0 1 1 1 0 0 1 0
0 1 1 1 1 1 1 1 1 1
0 1 0 1 1 1 0 0 1 0
0 1 1 1 1 1 1 1 1 0
0 1 0 0 0 1 1 1 1 1
Maze 130
107 165 3.2982456140 2.1364430563 61 0.374083676578811
66 95 69 10 66 58 92 3 72 83 5 73 37 10 14 66
65 65 9 6 56 52 2 2 82 3 3 33 7 4 64
402 402 402 402 402 402 402 402 401 402 402 402 402 402 401
0 1 1 1 1 1 1 1 1 1
0 1 1 1 0 1 1 0 1 0
0 1 1 1 0 1 1 0 1 0
0 1 1 1 1 1 1 0 1 0
0 1 1 1 0 1 0 0 1 0
0 1 1 1 1 1 1 1 1 0
0 1 1 1 1 2 1 1 1 0
0 1 1 0 1 0 0 0 0 0
0 1 1 0 1 0 0 0 0 0
0 1 0 0 1 0 0 0 0 0
Maze 131
111 1860 3.3666666667 2.1604287540 112 0.386457299427509
13 38 48 63 65 36 71 80 43 61 95 19 2 59 81 13
33 400 43 400 35 31 400 73 41 91 15 12 52 51 11
401 400 402 400 402 402 400 401 402 401 402 401 401 402 402
0 1 0 0 0 0 0 0 0 0
1 1 2 1 1 1 1 1 1 0
1 1 1 0 1 0 0 0 0 0
1 1 1 1 1 1 1 1 0 0
1 1 1 1 1 1 1 1 0 0
1 1 1 1 1 1 1 1 1 0
1 0 1 1 1 0 0 0 0 0
1 1 1 1 1 1 1 1 1 1
1 0 0 0 1 0 0 0 0 0
1 1 1 1 1 0 0 0 0 0
Maze 132
105 7110 2.9230769231 2.2667339176 85 0.398882628168234
78 27 85 82 37 1 97 36 9 70 84 96 48 49 94 78
77 25 400 32 31 91 96 6 69 64 94 46 400 44 74
401 402 400 402 401 401 401 402 401 402 401 402 400 402 402
1 0 0 0 0 1 1 1 1 0
1 0 0 0 0 1 0 0 1 0
1 0 0 0 1 1 1 0 1 0
1 1 1 1 1 1 1 0 1 0
1 1 0 1 1 1 1 1 1 0
1 1 0 1 1 1 1 0 1 0
1 1 0 1 1 1 1 1 1 1
1 1 0 1 1 1 1 2 0 0
1 1 1 1 1 1 0 0 0 0
1 1 1 1 1 1 1 0 0 0
Maze 133
91 8 3.4693877551 2.1634544791 50 0.366512911165007
31 85 81 52 59 75 25 28 20 32 95 52 44 3 57 31
81 400 51 400 55 400 400 18 12 92 92 42 43 53 51
401 400 402 400 402 400 400 402 402 401 401 402 401 401 401
0 0 1 0 0 0 0 0 0 0
0 1 1 1 1 1 1 1 1 1
0 1 1 0 1 1 1 1 0 0
2 1 1 0 1 0 0 0 0 0
1 1 1 1 1 0 0 0 0 0
1 1 1 1 1 1 1 1 1 0
1 1 0 0 1 0 0 0 0 0
1 1 0 0 1 0 0 0 0 0
1 1 1 1 1 0 0 0 0 0
0 1 1 1 1 0 0 0 0 0
Maze 134
91 859 3.5652173913 2.1805203052 36 0.378295775135944
98 62 11 75 37 16 96 34 85 47 82 41 65 93 98 98
92 61 71 35 36 400 94 84 45 42 81 61 63 400 400
401 401 401 402 401 400 401 401 402 402 401 401 402 400 400
0 0 0 0 0 0 0 0 0 0
1 0 0 0 0 1 0 0 0 0
1 0 0 0 0 1 0 0 0 0
1 0 0 1 1 1 1 0 0 0
1 1 1 1 1 1 1 0 0 0
1 1 0 1 1 1 0 0 0 0
1 1 1 1 1 1 0 0 0 0
1 1 1 1 1 1 0 0 0 0
1 1 1 1 1 1 0 0 0 0
0 1 1 1 1 1 1 2 0 0
Maze 135
87 37 3.0588235294 2.1318275832 56 0.381436361355968
81 26 18 55 62 28 78 39 98 84 5 24 62 92 64 81
21 16 15 52 22 400 38 38 94 4 4 22 400 62 61
402 402 402 402 402 400 402 402 401 402 402 402 400 402 402
0 0 0 1 1 0 0 0 0 0
0 0 0 1 1 1 1 1 0 0
1 1 1 1 1 1 1 1 0 0
1 1 0 1 1 0 0 1 1 0
1 1 0 1 1 0 0 1 0 0
1 1 1 1 1 0 0 1 0 0
1 1 1 1 0 0 0 1 0 0
1 1 0 1 0 0 0 1 0 0
2 1 0 1 0 0 0 1 0 0
0 1 0 1 1 1 1 1 0 0
Maze 136
93 106 2.8846153846 2.0279931174 56 0.370561875496891
85 98 15 31 38 55 18 21 95 88 68 13 18 86 88 85
95 95 11 400 35 15 11 91 85 400 63 400 16 400 400
401 401 402 400 402 402 402 401 402 400 401 400 402 400 400
0 0 0 0 0 0 0 0 0 0
1 1 1 1 1 1 1 1 0 0
1 0 1 0 1 1 0 0 0 0
1 1 1 1 1 1 1 1 0 0
1 0 1 0 1 1 0 0 0 0
1 0 1 0 1 1 0 0 0 0
1 0 1 1 1 1 1 1 0 0
1 0 0 0 1 1 0 1 0 0
1 0 0 0 2 1 1 1 0 0
1 1 1 1 1 1 1 1 0 0
Maze 137
111 10 3.0322580645 2.2814183635 66 0.383678526273324
14 16 61 99 11 39 29 3 14 22 61 20 70 54 79 14
400 11 91 91 31 400 23 13 12 21 11 400 64 74 74
400 402 401 401 401 400 401 401 402 402 402 400 401 401 401
0 0 1 0 0 0 0 0 0 0
1 1 1 2 1 1 1 1 1 1
1 1 1 1 1 1 1 1 1 1
1 1 1 1 1 1 1 1 1 1
1 0 0 1 0 0 0 0 0 1
1 0 0 1 0 0 0 0 0 1
1 0 0 1 1 1 1 1 1 1
1 0 0 1 1 1 1 1 1 0
1 0 0 0 0 0 0 0 0 0
1 1 1 1 1 1 1 1 1 0
Maze 138
103 90 3.0322580645 2.2847332286 56 0.396004762171742
6 91 1 43 83 55 7 67 16 53 93 90 62 30 26 6
1 400 41 400 53 5 400 66 13 400 83 82 22 400 400
402 400 401 400 402 402 400 401 402 400 402 401 402 400 400
1 1 1 1 1 2 1 0 0 0
1 0 1 1 1 1 1 0 0 0
1 1 1 1 1 1 1 1 1 1
1 1 1 0 1 1 1 0 0 0
1 1 1 0 1 1 1 0 0 0
1 1 1 1 1 1 1 0 0 0
1 1 1 0 0 1 1 0 0 0
1 1 1 0 0 0 0 0 0 0
1 1 1 1 1 1 1 1 1 1
1 0 1 0 0 0 0 0 0 0
Maze 139
85 32 3.0638297872 2.0377763663 45 0.380862273568387
49 76 100 88 3 54 39 47 36 46 39 26 96 79 71 49
46 96 98 83 53 34 37 46 400 36 36 400 76 400 41
402 401 401 401 401 402 402 401 400 402 401 400 402 400 402
0 0 1 0 0 0 0 0 0 0
0 0 1 0 0 0 0 0 0 0
0 0 1 0 0 1 0 0 0 0
0 0 1 1 1 1 1 1 1 0
1 1 1 1 1 1 1 1 2 0
1 0 1 1 0 1 0 0 0 0
1 0 1 0 0 1 0 0 0 0
1 1 1 1 1 1 1 1 1 0
0 0 1 1 1 1 1 1 0 0
0 0 0 0 0 1 1 1 1 1
Maze 140
119 37 3.2692307692 1.7700644370 116 0.376179879858138
13 98 20 5 16 26 73 69 93 20 11 63 3 17 98 13
93 18 15 15 400 23 63 63 13 400 61 400 13 97 93
401 402 401 401 400 402 402 402 402 400 401 400 401 401 401
0 0 1 0 1 0 0 0 0 0
1 1 2 1 1 1 1 1 1 1
1 0 1 1 1 1 1 1 0 0
1 0 1 0 0 0 1 1 0 0
1 0 1 0 0 0 1 1 0 0
1 0 1 0 0 0 1 1 0 0
1 1 1 1 1 1 1 1 1 0
0 0 1 0 0 0 1 1 0 0
0 0 1 0 0 0 1 1 0 0
0 0 1 1 1 1 1 1 0 0
Maze 141
115 61 3.7959183673 1.9029531752 119 0.385385940079584
41 29 41 90 3 30 4 63 58 5 4 48 83 55 31 41
21 21 81 83 23 24 3 53 55 400 44 43 53 51 400
402 402 401 401 401 401 402 402 401 400 401 402 402 401 400
0 0 1 1 1 0 0 0 0 0
0 0 1 1 1 0 0 0 0 0
1 1 1 1 1 1 1 1 1 1
1 0 1 1 1 0 0 0 0 0
2 0 1 1 1 1 1 1 0 0
1 1 1 1 1 1 1 1 0 0
1 0 1 0 0 0 0 0 0 0
1 0 1 0 0 0 0 0 0 0
1 1 1 1 1 1 1 1 1 1
0 0 0 0 0 0 0 0 0 0
Maze 142
81 61 3.3333333333 1.8403387268 17 0.392340827358200
26 19 72 45 14 45 77 36 65 2 64 4 54 52 53 26
16 12 42 44 44 75 76 35 62 62 400 400 400 400 23
402 402 402 401 401 401 401 402 401 401 400 400 400 400 402
0 1 0 1 0 0 0 0 0 0
0 1 1 1 1 1 1 1 1 0
0 1 1 1 1 2 0 0 0 0
0 1 1 1 1 1 0 0 0 0
0 1 1 1 1 1 0 0 0 0
0 1 1 1 1 1 0 0 0 0
0 1 1 1 1 1 0 0 0 0
0 1 0 0 1 1 1 0 0 0
0 0 0 0 0 0 0 0 0 0
0 0 0 0 0 0 0 0 0 0
Maze 143
79 35 2.9200000000 2.2073402913 30 0.364092020142832
99 89 90 59 7 47 75 88 70 56 13 30 44 70 74 99
400 400 89 57 400 45 85 68 66 53 23 24 64 64 94
400 400 401 401 400 402 401 402 401 401 401 402 401 402 401
0 0 0 0 0 0 1 0 0 0
0 0 1 0 0 0 1 0 0 0
0 0 1 1 1 1 1 1 1 1
0 0 1 1 0 0 1 0 0 0
0 0 1 1 1 1 1 0 0 0
0 0 1 1 1 1 1 1 1 0
0 0 0 1 1 1 1 1 1 1
0 0 0 1 1 0 0 1 1 0
0 0 0 1 1 1 1 1 1 1
0 0 0 1 1 1 1 1 2 0
Maze 144
85 203 3.4634146341 2.0304360261 29 0.383483749422977
31 12 53 65 2 32 81 97 80 96 23 71 91 78 65 31
11 52 63 62 400 31 91 77 76 93 21 400 71 75 61
402 401 401 401 400 402 401 402 402 401 402 400 402 401 401
0 1 0 0 0 0 0 0 0 0
1 1 0 0 0 0 0 0 0 0
1 1 1 0 0 0 0 0 0 0
2 1 1 0 0 0 0 0 0 0
1 1 1 0 0 0 0 0 0 0
1 1 1 0 0 0 0 0 0 0
1 1 1 1 1 0 0 0 0 0
1 1 1 1 1 1 1 1 1 1
1 0 1 0 0 1 1 0 0 0
1 1 1 1 1 1 1 0 0 0
Maze 145
93 14 3.0943396226 2.1872580440 41 0.367782813268738
64 58 100 66 48 69 12 26 39 23 16 29 22 75 2 64
54 98 96 46 68 62 22 36 33 13 26 400 72 72 62
402 401 401 402 401 401 401 401 401 402 401 400 401 401 401
0 1 0 0 0 0 0 0 0 0
0 1 1 1 1 1 0 0 0 0
0 1 1 1 1 1 1 1 1 0
0 1 1 1 1 1 1 1 1 0
0 1 0 0 0 1 1 1 0 0
0 1 0 1 1 1 1 1 0 0
0 1 1 2 1 1 1 1 1 0
0 1 1 1 1 1 0 1 0 0
0 0 0 0 0 1 0 1 0 0
0 0 0 0 0 1 1 1 1 1
Maze 146
73 12 2.5614035088 2.5056101587 20 0.371547840489849
25 8 35 49 10 8 78 67 35 27 46 83 96 61 4 25
5 5 45 9 400 400 77 65 25 26 43 93 91 1 24
402 402 401 402 400 400 401 401 402 402 402 401 401 402 401
1 1 1 1 1 1 1 1 1 1
1 0 0 1 1 0 0 1 1 0
1 0 0 1 2 1 1 1 1 0
1 0 0 0 1 1 0 1 1 0
1 0 1 1 1 1 1 1 1 0
1 0 1 0 1 0 0 1 0 0
1 0 1 0 1 1 1 1 0 0
1 0 1 0 0 0 1 1 0 0
1 0 1 0 0 0 0 0 0 0
1 1 1 1 1 1 0 0 0 0
Maze 147
113 496 3.2923076923 2.2198899698 120 0.386299953323565
19 69 24 49 27 13 67 7 79 43 11 100 46 96 74 19
400 64 44 47 23 63 400 77 73 41 91 96 400 94 14
400 401 401 401 401 401 400 401 401 401 401 401 400 401 402
0 0 0 0 0 0 1 0 0 0
1 0 1 1 1 1 1 1 2 0
1 0 1 1 1 1 1 0 1 0
1 0 1 1 0 0 1 0 1 0
1 1 1 1 1 1 1 1 1 0
1 0 1 1 0 1 1 0 1 0
1 0 1 1 1 1 1 1 1 0
1 0 1 1 1 1 1 1 1 0
1 0 0 1 0 1 0 0 0 0
1 1 1 1 1 1 1 1 1 1
Maze 148
119 313 3.2537313433 2.1439433693 141 0.385322408694709
41 86 75 80 54 89 4 86 29 12 59 95 13 9 21 41
81 85 400 74 84 84 84 26 22 52 55 93 3 1 400
401 401 400 401 401 401 401 402 401 401 402 401 402 402 400
1 1 1 1 1 1 1 1 1 0
1 1 1 1 0 0 0 0 0 0
1 1 1 1 1 1 1 1 1 0
1 1 1 1 0 1 0 0 0 0
2 1 1 1 0 1 0 0 0 0
1 1 1 1 1 1 1 1 1 0
1 0 1 1 1 1 0 0 0 0
1 0 1 1 1 1 1 1 1 1
1 1 1 1 1 1 1 1 1 0
0 0 1 1 1 0 0 0 0 0
Maze 149
85 198 3.2272727273 2.0493837165 56 0.395246662188584
64 53 40 62 50 47 67 96 52 42 37 66 72 25 69 64
63 33 32 42 400 400 66 92 400 32 36 62 22 65 400
401 402 402 402 400 400 402 401 400 402 402 402 402 401 400
0 0 0 0 0 0 0 0 0 0
0 0 0 0 0 0 0 0 0 0
0 1 1 1 1 0 0 0 0 0
0 1 1 1 1 1 1 1 1 1
0 1 1 1 1 1 1 1 1 1
0 1 1 0 1 1 1 0 0 0
0 1 1 2 1 1 1 1 1 0
0 1 0 0 0 1 0 0 0 0
0 1 0 0 0 1 0 0 0 0
0 1 1 1 1 1 0 0 0 0
Maze 150
101 78 3.2982456140 2.1728967634 84 0.373918811764692
68 6 56 70 87 64 92 2 19 34 39 22 21 95 4 68
66 400 66 67 84 62 400 12 14 400 32 400 91 94 64
401 400 401 402 401 402 400 401 402 400 401 400 401 401 401
0 1 0 1 0 1 0 0 0 0
0 1 1 1 1 1 1 1 1 0
1 1 0 1 0 1 0 0 0 0
1 1 1 1 1 1 1 1 1 0
1 1 0 1 0 1 0 0 0 0
1 1 0 1 0 1 0 0 0 0
1 1 1 1 1 1 1 2 1 1
1 1 0 1 0 0 1 0 0 0
1 1 0 1 1 1 1 0 0 0
1 1 1 1 1 0 0 0 0 0
Maze 151
107 64 3.3220338983 2.1621833341 105 0.403131219018274
58 5 2 6 96 42 96 74 60 97 13 64 10 45 69 58
55 400 400 400 92 92 94 54 57 93 63 4 5 65 68
401 400 400 400 401 401 401 402 402 401 401 402 402 401 401
0 1 1 1 1 1 1 1 1 1
0 0 1 1 1 1 0 0 0 0
0 0 1 1 1 1 0 0 0 0
0 0 1 1 1 1 0 0 0 0
0 1 1 1 1 1 0 0 0 0
0 1 1 1 1 1 1 2 1 1
0 1 1 1 1 1 1 1 1 0
0 1 1 1 0 1 1 0 0 0
0 1 1 1 0 1 1 0 0 0
0 1 1 1 1 1 1 0 0 0
Maze 152
109 71 3.5517241379 2.2193299396 75 0.383853155386047
67 2 43 79 92 73 30 41 94 86 34 54 54 10 12 67
62 42 73 72 72 23 21 91 84 84 400 400 4 2 62
401 401 401 402 402 402 402 401 402 401 400 400 402 402 401
0 1 1 1 1 1 1 1 1 1
0 1 0 1 0 0 0 0 0 0
1 1 1 1 1 1 1 1 1 1
1 1 1 1 0 0 0 0 0 0
1 1 1 1 0 0 0 0 0 0
1 1 1 1 0 0 0 0 0 0
1 1 1 1 1 1 2 0 0 0
1 1 1 1 1 1 1 1 1 0
1 1 0 1 1 1 0 0 0 0
1 1 1 1 0 0 0 0 0 0
Maze 153
85 43 2.8571428571 2.3046710610 45 0.368395466422005
41 99 79 31 35 41 3 23 11 47 78 70 59 96 58 41
91 400 71 400 31 1 400 21 41 77 68 69 56 56 51
401 400 401 400 402 402 400 401 401 401 402 401 402 402 401
1 1 1 0 0 0 0 0 0 0
1 0 1 0 0 0 0 0 0 0
1 1 1 0 0 0 0 0 0 0
1 1 1 1 1 0 0 0 0 0
2 1 1 1 1 1 1 0 0 0
1 1 1 1 1 1 1 1 1 0
1 0 0 0 0 1 1 1 1 1
1 1 1 1 1 1 1 1 1 0
1 0 0 0 0 1 0 0 1 0
1 1 1 1 1 1 1 1 1 0
Maze 154
85 16 3.1320754717 2.2847533338 23 0.345005692998583
52 88 89 45 29 44 16 9 10 35 71 81 100 74 91 52
82 400 85 25 24 14 6 400 5 31 400 91 94 71 51
401 400 401 402 402 402 402 400 402 402 400 401 401 402 402
0 0 0 0 1 1 1 1 1 1
0 0 0 1 1 1 0 0 0 0
0 0 0 1 1 1 1 1 1 0
1 1 1 1 1 0 0 0 0 0
1 0 0 1 1 0 0 0 0 0
1 2 0 0 1 0 0 0 0 0
1 1 0 0 1 0 0 0 0 0
1 1 1 1 1 0 0 0 0 0
1 1 1 1 1 1 1 1 1 0
1 1 1 1 1 1 1 1 1 1
Maze 155
89 11 3.1538461538 2.1837316244 40 0.380402219761761
53 60 15 69 98 19 78 82 94 33 93 47 27 7 34 53
400 55 65 68 18 18 72 92 93 400 43 400 400 4 33
400 401 401 402 402 402 402 401 401 400 402 400 400 402 402
0 0 0 1 1 1 1 0 0 0
0 0 0 1 1 0 1 1 1 0
0 0 0 1 1 0 1 1 0 0
0 0 1 1 1 0 1 1 0 0
0 0 1 1 1 1 1 1 0 0
0 0 2 1 1 1 1 1 1 1
0 0 1 0 1 1 1 1 1 0
0 1 1 1 1 1 1 1 0 0
0 1 1 0 0 0 0 1 0 0
0 1 1 1 0 0 0 1 0 0
Maze 156
115 405 3.1384615385 2.2422700500 118 0.380989397849722
64 51 19 85 9 33 34 41 3 29 57 31 96 30 42 64
61 11 15 5 3 400 31 1 23 27 51 91 26 22 62
401 402 402 402 402 400 402 402 401 402 401 401 402 402 401
1 1 1 1 1 1 1 1 1 0
1 1 1 1 1 1 1 1 1 0
1 1 1 1 1 1 1 1 1 1
1 1 1 1 1 1 1 0 0 0
1 1 0 0 1 1 1 0 0 0
1 1 1 1 1 1 1 0 0 0
1 1 1 2 1 1 0 0 0 0
1 0 0 0 1 1 0 0 0 0
1 0 0 0 1 1 0 0 0 0
1 1 1 1 1 1 0 0 0 0
Maze 157
107 297 3.0000000000 2.3326251536 105 0.379083193717181
86 37 18 54 48 36 9 47 12 71 89 14 73 100 19 86
36 17 14 44 46 6 7 42 11 81 84 13 93 99 16
402 402 402 402 401 402 402 401 402 401 401 402 401 401 402
0 0 0 0 0 1 1 1 1 0
1 1 1 1 1 1 1 1 1 0
1 1 1 1 0 1 1 0 1 0
1 1 1 1 0 1 1 0 1 0
1 1 1 1 1 1 1 1 1 0
1 0 1 1 0 1 0 0 1 0
1 0 1 1 0 1 0 0 1 0
1 0 1 1 0 1 0 0 1 0
1 1 1 1 1 2 1 1 1 0
0 0 1 1 1 1 1 1 1 1
Maze 158
81 120 3.0000000000 2.2277784588 21 0.385430188498252
69 34 99 39 99 85 57 66 16 65 77 58 33 33 9 69
64 94 400 400 95 55 56 400 15 75 57 53 400 3 400
401 401 400 400 401 402 402 400 402 401 402 401 400 402 400
0 0 1 1 1 1 1 1 1 0
0 0 1 0 1 1 0 0 1 0
0 0 1 0 1 1 0 0 1 0
0 0 1 1 1 1 0 0 1 0
0 0 1 1 1 1 0 0 1 0
0 0 1 1 1 1 1 1 1 0
0 0 0 1 1 1 1 1 2 0
0 0 0 1 1 1 1 0 1 0
0 0 0 1 1 0 0 0 1 0
0 0 0 1 1 1 1 1 1 0
Maze 159
97 36 3.3846153846 2.0638631072 59 0.382308216645881
80 63 98 55 93 10 67 97 70 76 73 92 79 58 18 80
73 93 95 53 3 7 400 67 66 400 72 72 78 400 78
401 401 401 402 402 402 400 402 402 400 402 402 401 400 401
0 0 1 1 1 1 1 1 1 1
0 0 1 0 0 0 1 1 0 0
0 0 1 0 0 0 1 1 0 0
0 0 1 0 0 0 1 1 0 0
0 0 1 0 0 0 1 1 0 0
0 0 1 1 1 0 1 1 0 0
0 0 1 0 1 1 1 1 1 1
0 1 1 1 1 1 1 1 1 2
0 1 1 0 1 0 1 0 0 0
0 1 1 1 1 1 1 1 0 0
Maze 160
93 39 2.8000000000 2.2136457562 50 0.373437528220094
5 37 4 14 46 76 81 96 37 99 30 81 53 64 30 5
35 34 400 44 400 71 91 36 97 29 21 51 63 24 25
401 401 400 401 400 402 401 402 401 402 402 402 401 402 401
0 0 0 1 2 0 0 0 0 0
0 0 0 1 1 0 0 0 0 0
1 1 1 1 1 1 1 1 1 1
1 0 0 1 1 1 1 0 1 0
1 0 0 1 1 1 1 0 1 0
1 1 1 1 0 1 1 0 1 0
1 0 1 1 0 1 1 0 1 0
1 1 1 1 1 1 1 0 1 0
1 0 0 0 0 1 1 0 1 0
1 1 1 1 1 1 1 1 1 0
Maze 161
101 10 2.9275362319 2.4609637868 51 0.378409748911923
10 50 64 97 12 65 90 17 37 53 83 71 1 83 34 10
400 44 94 92 62 85 87 400 33 400 81 400 81 33 4
400 402 401 401 401 401 401 400 402 400 401 400 401 402 402
1 0 0 1 1 1 1 1 1 2
1 1 0 1 0 0 1 0 0 1
1 1 0 1 0 0 1 0 0 1
1 1 1 1 1 1 1 0 0 1
1 1 1 1 1 1 1 1 1 1
1 1 1 1 0 0 1 0 0 0
1 1 1 1 1 0 1 0 0 0
1 1 1 1 1 0 1 0 0 0
1 1 1 1 1 1 1 1 1 1
0 1 1 1 1 1 1 0 0 0
Maze 162
103 72 3.0357142857 1.9915147184 77 0.389991655092846
84 70 31 23 49 3 48 30 75 68 19 47 4 17 89 84
64 61 21 43 43 43 28 25 65 18 17 44 14 87 400
402 401 402 401 401 401 402 402 402 402 402 401 401 401 400
0 0 1 1 0 0 0 0 0 0
0 0 1 1 1 1 1 1 1 0
1 1 1 1 1 1 1 1 1 1
1 0 1 1 1 0 1 1 0 0
1 0 1 1 1 1 1 1 1 0
1 0 0 0 1 0 1 1 0 0
1 1 1 1 1 1 1 1 1 1
0 0 0 1 1 0 1 0 0 0
0 0 0 2 1 1 1 1 1 0
0 0 0 0 0 0 0 0 0 0
Maze 163
103 75 3.1186440678 2.2805926570 60 0.383324445389679
100 8 77 95 54 81 46 25 45 22 98 71 36 51 65 100
98 7 75 94 51 41 45 400 42 92 91 31 31 61 95
401 402 402 401 402 402 401 400 401 401 401 402 402 401 401
0 0 0 0 0 0 1 1 0 0
0 0 0 0 0 0 1 1 0 0
0 1 0 0 1 0 1 1 0 0
1 1 1 1 1 1 1 1 0 0
1 1 1 1 1 1 1 1 0 0
1 1 1 1 0 0 1 1 0 0
1 1 1 1 1 0 1 1 0 0
1 1 0 1 1 1 1 1 0 0
1 1 0 1 1 0 0 1 0 0
1 1 1 1 1 1 1 1 1 2
Maze 164
97 6244 3.3333333333 2.2249684459 55 0.393267010020113
64 95 29 13 87 57 22 23 67 100 7 66 34 36 40 64
94 25 23 83 400 52 400 63 97 97 6 64 400 400 34
401 402 401 401 400 401 400 401 401 401 402 401 400 400 402
0 0 0 0 0 1 1 0 0 0
0 0 1 0 0 1 1 0 0 0
0 1 1 1 1 1 1 1 1 0
0 1 1 1 1 1 1 1 1 1
0 1 1 1 1 1 1 0 0 0
0 1 1 1 1 1 1 0 0 0
0 0 1 2 1 1 1 0 0 0
0 0 1 1 1 0 1 0 0 0
0 0 1 1 1 1 1 0 0 0
0 0 0 1 1 0 1 1 1 1
Maze 165
101 144 3.1228070175 2.2340692958 65 0.373408415158712
3 41 3 100 30 24 78 15 75 24 13 54 53 80 16 3
1 1 93 400 400 74 75 400 74 23 53 400 73 76 13
402 402 401 400 400 401 401 400 401 401 401 400 401 401 401
1 1 2 0 0 0 0 0 0 0
1 0 1 1 1 1 0 0 0 0
1 0 1 1 1 1 1 1 1 1
1 0 1 1 1 1 0 0 0 1
1 0 1 1 1 1 0 0 0 1
0 0 1 1 1 1 0 0 0 1
0 0 1 1 1 1 0 0 0 1
0 0 1 1 1 1 1 1 1 1
0 0 1 0 0 0 0 0 0 1
0 0 1 1 1 1 1 1 1 1
Maze 166
113 67 2.9818181818 1.8491192752 85 0.382868130510044
81 20 88 8 31 40 19 28 95 21 15 56 25 56 5 81
11 18 400 1 400 39 18 25 91 11 55 55 55 55 1
402 402 400 402 400 401 402 402 401 402 401 401 401 401 402
1 1 1 1 1 1 1 1 0 0
1 1 1 1 1 1 1 1 1 1
1 0 0 0 1 1 1 1 1 0
1 1 1 1 1 1 1 1 1 1
1 0 0 0 1 0 0 1 0 0
1 0 0 0 1 1 0 1 0 0
1 0 0 0 1 0 0 1 0 0
1 0 0 0 1 0 0 1 0 0
2 0 0 0 1 0 0 1 0 0
1 1 1 1 1 0 0 0 0 0
Maze 167
103 12 3.0909090909 2.0649466257 54 0.382333293937648
11 56 23 20 16 39 94 21 56 49 65 76 85 91 99 11
51 53 13 400 36 34 91 51 46 45 75 75 81 400 91
401 401 402 400 401 402 401 401 402 402 401 402 402 400 401
0 0 0 0 0 0 0 0 0 0
2 0 1 1 1 1 1 1 1 1
1 0 1 0 0 1 0 0 0 0
1 0 1 1 1 1 1 1 1 0
1 0 1 1 1 1 1 1 1 0
1 1 1 1 1 1 0 0 0 0
1 0 0 1 1 0 0 0 0 0
1 0 0 1 1 1 0 0 0 0
1 1 1 1 1 0 0 0 0 0
1 1 1 1 1 1 1 1 1 0
Maze 168
147 118 3.5737704918 1.7927826215 266 0.392964105689139
20 72 47 86 30 2 90 81 90 9 32 30 85 29 21 20
12 42 46 26 22 82 400 400 89 2 22 25 25 400 11
402 402 402 402 401 401 400 400 401 402 402 402 402 400 402
0 1 1 1 1 1 1 1 1 0
1 1 1 1 1 1 1 1 1 2
1 1 1 1 1 1 1 1 1 1
0 1 0 0 1 1 0 0 1 0
0 1 1 1 1 1 1 0 1 0
0 1 0 0 1 1 0 0 1 0
0 1 0 0 1 1 0 0 1 0
0 1 0 0 1 1 0 0 1 0
1 1 1 1 1 1 1 1 1 1
0 0 0 0 0 0 0 0 0 0
Maze 169
89 154 3.4000000000 2.2136457562 56 0.388402534156869
17 40 52 80 86 28 36 94 58 7 30 28 8 75 25 17
37 32 72 76 26 26 34 54 57 27 400 400 5 400 15
401 402 401 402 402 402 402 402 401 401 400 400 402 400 402
0 0 0 0 1 1 1 1 0 0
0 0 0 0 1 1 2 1 0 0
0 0 0 0 1 1 1 1 1 1
0 1 1 1 1 1 1 1 1 1
0 1 0 1 1 1 1 0 0 0
0 1 0 1 1 1 1 1 0 0
0 1 0 1 1 1 0 0 0 0
0 1 1 1 1 1 1 1 1 1
0 0 0 1 0 1 0 0 0 0
0 0 0 1 0 0 0 0 0 0
Maze 170
115 3302 3.0476190476 2.1586783508 133 0.377841731996295
5 2 26 97 2 55 39 19 41 56 47 63 20 81 77 5
400 22 96 92 52 35 400 11 51 46 43 13 11 71 75
400 401 401 401 401 402 400 402 401 402 402 402 402 402 401
0 1 1 1 2 0 0 0 0 0
1 1 1 1 1 1 1 1 1 1
1 1 1 1 1 1 0 0 1 0
1 1 1 0 1 1 1 1 1 0
1 1 1 1 1 1 1 0 0 0
1 1 1 1 1 1 0 0 0 0
1 1 1 0 1 1 0 0 0 0
1 1 1 1 1 1 1 0 0 0
1 1 0 0 0 1 0 0 0 0
0 1 1 1 1 1 1 0 0 0
Maze 171
113 598 3.4687500000 2.2339810839 104 0.379400727025789
88 3 38 93 66 56 20 37 50 92 5 60 57 56 31 88
83 33 33 63 400 16 17 47 42 2 55 400 400 51 81
401 401 402 402 400 402 402 401 402 402 401 400 400 401 401
0 1 1 1 1 0 0 0 0 0
0 1 1 0 1 1 1 1 1 1
0 1 1 0 1 1 1 0 0 0
1 1 1 1 1 1 1 1 0 0
1 1 1 1 1 1 1 1 1 1
1 1 1 1 1 1 1 1 1 1
1 1 1 1 1 1 0 0 0 0
1 1 1 0 0 0 0 0 0 0
1 1 1 1 1 1 1 2 0 0
0 1 1 0 0 0 0 0 0 0
Maze 172
93 54 2.9000000000 2.3140275492 50 0.372307843136549
42 75 92 45 11 11 3 46 97 30 88 19 62 85 34 42
72 72 42 41 400 1 43 96 27 28 18 12 82 84 32
401 402 402 401 400 402 401 401 402 402 402 402 401 401 402
1 1 1 0 0 0 0 0 0 0
1 1 1 1 1 1 1 1 1 0
1 1 1 0 0 0 1 1 1 1
1 1 1 1 0 0 1 1 0 0
1 2 1 1 1 1 1 1 0 0
0 1 0 1 0 1 1 1 0 0
0 1 0 1 0 1 1 1 0 0
0 1 1 1 1 1 1 1 0 0
0 1 1 1 1 1 1 1 0 0
0 1 0 0 0 1 1 0 0 0
Maze 173
125 7127 3.9666666667 2.2003760484 154 0.391014864712617
64 17 70 2 40 92 72 47 71 59 43 54 81 85 9 64
14 67 62 32 32 400 42 41 51 53 53 51 400 5 4
402 401 401 401 402 400 402 402 402 401 401 402 400 402 402
0 1 0 1 1 1 1 1 1 0
0 1 0 1 1 1 1 0 0 0
0 1 0 1 1 0 1 0 0 0
0 1 1 1 1 1 1 1 1 1
1 1 1 1 1 1 1 0 0 0
1 1 1 1 1 1 1 1 1 0
1 1 1 2 1 1 1 1 1 1
1 1 0 0 1 0 0 0 0 0
1 1 1 1 1 0 0 0 0 0
0 1 0 0 0 0 0 0 0 0
Maze 174
95 44 3.1034482759 2.2166146212 70 0.388433111995755
20 29 37 17 59 82 86 55 76 38 52 45 99 1 59 20
19 27 400 57 52 400 85 75 36 32 42 95 91 51 19
402 402 400 401 402 400 401 401 402 402 402 401 401 401 402
1 0 0 0 0 0 0 0 0 0
1 0 0 0 0 0 1 0 1 2
1 0 0 0 0 0 1 1 1 0
1 1 1 1 1 1 1 1 1 0
1 1 1 1 1 1 1 0 1 0
1 1 1 1 1 1 1 1 1 0
1 1 0 0 1 1 0 0 0 0
1 1 0 0 1 1 0 0 0 0
1 1 1 1 1 1 0 0 0 0
1 1 1 1 1 1 1 1 1 0
Maze 175
93 37 3.0188679245 2.0781833240 45 0.360286085505920
97 99 65 29 49 8 79 8 52 42 55 98 22 49 66 97
400 95 25 400 48 78 78 2 400 52 95 92 42 46 96
400 401 402 400 401 401 401 402 400 401 401 401 401 402 401
0 1 1 1 1 1 1 1 0 0
0 1 0 0 0 0 0 1 0 0
0 1 0 0 1 1 1 1 1 0
0 1 0 0 1 0 0 1 1 0
0 1 1 1 1 1 1 1 1 0
0 1 1 1 1 1 0 1 0 0
0 1 0 0 1 1 0 1 0 0
0 1 0 0 1 1 0 1 1 0
0 1 0 0 1 1 0 0 0 0
0 1 1 1 1 1 2 1 1 0
Maze 176
105 3101 2.8000000000 2.3746736280 94 0.387782990813837
43 82 40 80 91 94 57 52 27 59 71 3 33 46 99 43
42 32 400 71 400 54 400 22 57 51 1 400 43 96 93
402 402 400 402 400 402 400 402 401 402 402 400 401 401 401
1 1 1 0 0 0 0 0 0 0
1 0 1 0 0 0 0 0 0 0
1 1 1 1 1 1 1 0 0 0
1 1 1 1 1 1 1 1 1 1
1 1 2 1 1 1 1 0 0 1
1 1 1 1 1 1 1 1 1 1
1 1 1 1 0 1 0 0 0 1
1 1 1 1 1 1 1 1 1 1
1 1 1 1 0 1 0 0 0 0
1 1 1 1 1 1 1 1 1 0
Maze 177
87 13 2.8444444444 1.8496739324 22 0.378831851569106
86 66 72 80 91 99 76 62 80 78 41 12 27 53 85 86
400 62 400 71 400 96 72 72 400 71 11 22 23 83 400
400 402 400 402 400 401 401 401 400 401 402 401 402 401 400
0 0 0 0 0 0 0 0 0 0
1 1 0 0 0 0 0 0 0 0
1 1 1 1 1 1 1 0 0 0
1 0 1 0 0 0 0 0 0 0
1 0 1 0 0 0 0 0 0 0
1 0 1 0 0 0 0 0 0 0
1 1 1 1 1 1 0 0 0 0
1 1 1 1 1 1 1 1 1 1
1 0 1 1 1 2 0 0 0 0
1 1 1 1 1 1 1 1 1 0
Maze 178
63 10 2.3913043478 2.1699350957 10 0.369718945312046
5 8 23 74 51 46 47 49 20 13 55 60 49 19 28 5
400 3 73 71 41 400 400 19 400 53 400 59 400 18 25
400 402 401 401 402 400 400 402 400 401 400 401 400 402 401
0 0 1 1 2 1 1 1 0 0
0 0 1 1 1 1 1 1 1 1
0 0 1 0 1 1 1 1 1 0
0 0 1 0 0 0 0 0 1 0
1 1 1 1 1 1 1 1 1 0
1 0 1 1 1 1 1 1 1 1
1 0 1 0 0 0 0 0 0 0
1 1 1 1 0 0 0 0 0 0
0 0 0 0 0 0 0 0 0 0
0 0 0 0 0 0 0 0 0 0
Maze 179
103 26 3.2962962963 2.0186819560 71 0.377200328453575
10 33 27 97 78 96 19 5 66 17 84 5 33 71 23 10
3 23 400 77 76 16 15 65 16 14 4 3 31 21 3
402 402 400 402 402 402 401 401 402 402 402 402 402 402 402
0 0 1 1 1 1 1 1 1 2
0 0 1 1 1 1 1 1 1 0
1 1 1 1 1 1 1 0 0 0
1 1 1 1 1 1 1 0 0 0
1 0 0 1 1 1 1 0 0 0
1 0 0 1 1 1 1 0 0 0
1 0 0 1 1 1 1 0 0 0
1 0 0 1 0 1 1 1 0 0
0 0 0 1 0 1 1 0 0 0
0 0 0 0 0 1 1 0 0 0
Maze 180
101 832 2.8421052632 2.0674287209 66 0.388515746653219
1 65 22 1 35 68 88 82 47 96 63 39 18 71 65 1
61 62 21 31 65 400 400 42 46 93 33 38 11 61 61
401 401 401 401 401 400 400 402 402 401 402 401 402 402 401
2 0 0 0 0 0 0 0 0 0
1 1 1 1 1 1 1 1 0 0
1 1 0 0 0 0 0 1 0 0
1 1 1 1 1 1 1 1 1 0
1 1 1 1 1 1 1 0 0 0
1 1 1 0 1 1 0 0 0 0
1 1 1 1 1 1 1 1 0 0
1 1 1 0 0 1 0 1 0 0
0 1 1 1 1 1 1 1 0 0
0 0 1 1 1 1 0 0 0 0
Maze 181
77 76 2.7843137255 2.1525783848 35 0.398969406044714
14 28 60 43 65 40 46 40 99 97 74 13 34 48 19 14
24 58 53 63 35 36 36 39 400 94 73 33 44 18 400
401 401 401 401 402 402 402 402 400 401 401 401 401 402 400
0 0 0 0 0 0 0 0 0 0
0 0 1 2 1 1 1 1 1 0
0 0 1 1 1 1 1 1 0 0
0 0 1 1 1 1 1 1 1 1
0 0 1 1 1 1 1 1 1 0
0 0 1 1 1 1 1 1 1 1
0 0 1 1 1 0 0 0 1 0
0 0 1 1 0 0 0 0 1 0
0 0 0 1 0 0 0 0 1 0
0 0 0 1 1 1 1 1 1 0
Maze 182
105 220 3.0344827586 2.0713505547 105 0.406316378861875
84 84 28 72 61 28 96 32 44 68 33 26 73 8 87 84
400 24 22 71 21 26 92 42 64 63 23 23 3 7 400
400 402 402 401 402 402 401 401 401 401 402 402 402 402 400
0 0 1 1 1 1 1 1 0 0
0 0 1 0 0 0 1 0 0 0
1 1 1 1 1 1 1 1 0 0
1 1 1 1 0 1 1 0 0 0
1 1 1 1 0 1 1 0 0 0
1 1 1 1 0 1 1 0 0 0
1 1 1 1 1 1 1 1 0 0
1 1 1 1 0 1 1 0 0 0
0 1 0 2 1 1 1 0 0 0
0 1 1 1 1 1 0 0 0 0
Maze 183
95 738 3.1851851852 2.0703751042 66 0.377448313443973
76 77 19 16 37 29 74 5 81 58 20 49 1 23 4 76
400 17 400 36 27 24 4 1 51 18 19 41 21 3 74
400 402 400 401 402 402 402 402 402 402 402 401 401 402 401
1 1 1 1 1 0 0 0 0 0
1 0 1 1 0 1 1 1 1 1
1 1 1 1 1 1 1 1 1 0
1 0 0 1 0 1 1 1 1 0
1 1 1 1 1 1 1 1 1 0
1 1 1 1 1 1 1 1 0 0
1 0 0 1 0 0 1 0 0 0
1 0 0 1 1 2 1 0 0 0
1 0 0 0 0 0 0 0 0 0
0 0 0 0 0 0 0 0 0 0
Maze 184
115 555 3.5238095238 2.2479416533 120 0.380696949301597
51 42 80 92 36 4 63 87 23 3 71 2 15 99 19 51
41 72 72 32 34 3 83 83 400 1 1 12 95 400 11
402 401 402 402 401 402 401 401 400 402 402 401 401 400 402
1 1 1 1 0 0 0 0 0 0
1 1 1 1 1 1 1 1 1 0
1 0 1 1 1 0 0 0 1 0
1 1 1 1 1 1 0 0 1 0
1 1 1 0 1 0 0 0 1 0
2 1 1 0 1 0 0 0 1 0
1 1 1 0 1 0 0 0 1 0
1 1 1 1 1 1 1 1 1 1
0 1 1 1 1 1 1 0 1 0
0 1 0 0 1 1 1 1 1 0
Maze 185
83 1904 2.9803921569 2.2159110899 26 0.371455350471789
42 24 27 70 19 43 82 5 29 8 14 58 55 66 16 42
22 400 67 69 13 42 2 25 28 4 54 400 65 400 12
402 400 401 401 402 402 402 401 401 402 401 400 401 400 402
0 1 1 1 1 1 1 1 0 0
0 1 1 1 1 1 1 1 1 0
0 1 1 1 1 1 1 1 1 0
0 1 1 1 0 1 1 0 1 0
0 2 1 1 0 1 1 0 1 0
0 1 0 1 1 1 1 1 1 0
0 1 0 0 1 1 1 1 1 1
0 1 0 0 0 0 0 0 0 0
0 1 0 0 0 0 0 0 0 0
0 0 0 0 0 0 0 0 0 0
Maze 186
89 285 2.9491525424 2.2383201493 44 0.396279079328799
16 75 42 40 84 41 14 32 45 69 56 59 63 9 6 16
15 72 32 34 81 11 12 42 65 66 400 53 3 400 400
402 401 402 402 401 402 402 401 401 401 400 402 402 400 400
0 0 1 1 1 1 1 1 1 0
1 1 1 1 1 2 0 0 0 0
1 1 1 0 1 0 0 0 0 0
1 1 1 1 1 1 1 1 1 1
1 1 1 1 1 0 0 0 0 0
1 1 1 1 1 1 1 1 1 0
1 1 1 1 1 1 1 1 1 0
1 1 1 1 1 0 0 0 0 0
1 1 1 1 0 0 0 0 0 0
0 0 0 0 0 0 0 0 0 0
Maze 187
113 472 3.0434782609 2.2754822533 85 0.397990278904962
15 25 10 100 42 98 91 67 19 96 48 52 23 60 9 15
400 5 400 92 92 400 61 17 16 46 42 22 53 59 5
400 402 400 401 401 400 402 402 402 402 402 402 401 401 402
0 0 0 0 1 1 1 1 1 1
0 0 0 0 2 1 1 1 1 1
0 1 1 0 1 1 1 0 1 1
0 1 1 0 0 1 1 0 1 1
0 1 1 1 1 1 1 1 1 1
0 1 1 1 1 1 1 1 1 1
1 1 1 1 1 1 1 0 0 1
1 1 0 0 0 1 0 0 0 1
1 1 0 0 0 1 0 0 0 1
1 1 1 1 1 1 1 1 1 1
Maze 188
113 992 3.2187500000 2.2198899698 92 0.379247375820325
23 94 55 15 67 10 68 40 91 54 82 88 10 84 46 23
93 54 400 65 7 8 38 31 51 52 400 8 4 44 43
401 402 400 401 402 402 402 402 402 402 400 402 402 402 401
0 0 0 1 1 1 1 1 1 1
0 0 0 1 1 0 1 1 0 0
0 0 2 1 1 0 1 1 0 0
1 1 1 1 1 1 1 1 1 1
1 0 1 1 1 1 1 1 0 0
1 1 1 1 1 0 1 1 0 0
1 1 1 1 1 1 1 1 0 0
1 1 1 1 0 0 0 1 0 0
1 1 1 1 1 1 1 1 0 0
1 0 1 1 0 0 0 0 0 0
Maze 189
93 59 3.0508474576 2.2735971773 36 0.393163472139232
58 97 78 85 28 58 28 49 83 63 35 100 42 10 6 58
57 77 75 25 400 400 48 43 400 33 95 92 2 400 56
402 402 402 402 400 400 401 402 400 402 401 401 402 400 401
0 1 1 1 1 1 1 1 1 1
0 1 0 0 0 1 0 0 0 0
0 1 0 0 1 1 1 1 0 0
0 1 1 1 1 1 0 1 0 0
0 1 1 1 1 1 1 1 1 0
0 1 1 0 1 1 1 2 0 0
0 1 1 0 1 0 1 0 0 0
0 1 1 0 1 1 1 1 0 0
0 1 1 0 1 0 1 0 0 0
0 1 1 1 1 1 1 1 1 1
Maze 190
101 39 3.2558139535 1.7574892778 51 0.364349048075283
72 82 80 14 41 79 84 13 3 61 16 11 1 87 53 72
400 72 74 11 71 74 83 400 1 11 400 400 81 83 52
400 402 401 402 401 402 401 400 402 402 400 400 401 401 402
1 1 1 0 0 0 0 0 0 0
1 1 1 1 1 1 0 0 0 0
1 0 1 1 0 0 0 0 0 0
1 0 1 1 0 0 0 0 0 0
1 0 1 1 0 0 0 0 0 0
1 1 1 1 0 0 0 0 0 0
1 1 1 1 0 0 0 0 0 0
1 2 1 1 1 1 1 1 1 1
1 1 1 1 1 1 1 0 0 0
0 0 0 0 0 0 0 0 0 0
Maze 191
83 615 3.0769230769 2.2377515472 30 0.378499925003164
42 23 49 87 65 20 39 26 12 21 36 28 19 86 7 42
22 43 47 85 15 19 36 22 11 31 26 18 16 6 2
402 401 402 401 402 402 401 401 402 401 402 402 402 402 402
0 1 1 1 1 1 1 0 0 0
1 1 0 0 1 1 1 1 1 1
1 1 1 1 1 1 1 1 1 0
1 1 1 1 1 1 1 1 1 0
0 2 1 1 1 1 1 1 1 0
0 0 0 0 1 1 1 0 0 0
0 0 0 0 1 1 1 0 0 0
0 0 0 0 1 1 1 0 0 0
0 0 0 0 1 1 1 0 0 0
0 0 0 0 0 0 0 0 0 0
Maze 192
93 83 3.1071428571 2.2513652677 41 0.381121218937435
92 69 60 33 43 64 35 27 8 56 14 96 10 99 67 92
62 59 53 400 63 34 25 7 6 54 94 6 9 97 62
402 402 401 400 401 402 402 402 402 401 401 402 402 401 402
0 0 0 0 0 1 1 1 1 1
0 0 0 1 0 1 1 0 1 0
0 0 0 1 1 1 1 0 1 0
0 0 1 1 1 1 0 0 1 0
0 0 1 1 0 1 0 0 1 0
0 0 1 1 1 1 1 1 1 1
0 1 1 1 1 1 1 1 1 0
0 1 0 1 0 1 1 0 1 0
0 1 0 1 0 1 1 0 1 0
0 2 0 1 1 1 1 1 1 0
Maze 193
93 60 3.3478260870 1.9338650376 41 0.373606124766107
97 43 36 60 62 32 7 8 13 93 94 66 72 8 4 97
93 33 56 52 400 2 400 3 400 400 64 62 2 400 94
401 402 401 402 400 402 400 402 400 400 402 402 402 400 401
0 1 1 1 1 1 1 1 0 0
0 1 1 1 0 0 0 0 0 0
0 1 1 1 0 0 0 0 0 0
0 1 1 1 1 1 0 0 0 0
0 1 1 1 0 1 0 0 0 0
0 1 1 1 1 1 1 1 1 1
0 1 1 1 1 1 0 0 0 0
0 1 1 1 0 0 0 0 0 0
0 0 1 1 0 0 0 0 0 0
0 0 1 1 1 1 2 0 0 0
Maze 194
81 22 3.1428571429 2.2613754150 23 0.387653728312179
42 25 43 26 41 94 71 39 7 35 45 54 87 53 92 42
22 23 23 21 91 91 31 37 5 400 44 84 83 52 400
402 402 402 402 401 401 402 401 402 400 402 401 401 402 400
0 0 0 0 1 1 1 0 0 0
0 0 0 0 1 0 1 0 0 0
1 1 1 1 1 1 1 0 0 0
1 1 1 1 1 1 1 1 1 0
1 2 1 1 1 0 0 0 0 0
1 1 1 1 0 0 0 0 0 0
1 1 1 1 0 0 0 0 0 0
1 1 1 1 0 0 0 0 0 0
1 1 1 1 1 1 1 0 0 0
1 1 1 1 0 0 0 0 0 0
Maze 195
79 1455 2.8750000000 2.0426134039 35 0.392248484656190
20 79 76 28 2 32 35 76 30 40 4 46 49 59 44 20
19 400 26 22 400 400 75 26 400 34 44 400 400 54 14
402 400 402 401 400 400 401 402 400 401 401 400 400 401 402
0 1 0 1 0 0 0 0 0 0
0 1 0 1 1 1 1 1 1 2
0 1 1 1 1 1 1 1 1 1
0 1 1 1 1 1 1 1 1 1
0 0 0 1 1 1 1 1 1 0
0 0 0 1 1 1 1 1 1 0
0 0 0 0 1 1 0 0 1 0
0 0 0 0 1 1 1 1 1 0
0 0 0 0 0 0 0 0 0 0
0 0 0 0 0 0 0 0 0 0
Maze 196
123 202 3.5737704918 2.1328028490 114 0.381768885355493
64 87 92 40 94 17 85 80 36 81 2 68 73 45 87 64
84 82 32 34 14 15 75 76 31 1 62 63 43 85 84
401 402 402 402 402 402 402 401 402 402 401 402 402 401 401
1 1 0 0 0 0 0 0 0 0
1 1 0 1 1 1 1 0 0 0
1 1 0 1 1 0 0 0 0 0
1 1 1 1 1 1 1 1 1 1
1 1 1 1 1 1 0 0 0 0
1 1 1 1 1 1 0 0 0 0
1 1 1 2 1 1 1 1 0 0
1 1 1 1 1 1 1 1 1 1
1 1 1 1 1 1 1 0 0 0
0 1 0 1 0 0 0 0 0 0
Maze 197
95 36 3.0566037736 2.1598682574 64 0.390505978097108
30 6 7 49 14 44 23 61 5 22 61 13 55 98 21 30
26 400 47 44 400 43 21 1 2 21 11 53 95 91 400
401 400 401 401 400 401 402 402 402 402 402 401 401 401 400
1 1 1 1 1 1 1 0 0 0
1 1 1 1 0 1 1 0 0 0
1 1 1 1 1 1 1 1 1 2
1 0 1 1 0 0 1 0 0 0
1 0 1 1 1 1 1 1 1 0
1 0 1 1 1 0 0 0 0 0
1 0 0 0 1 0 0 0 0 0
1 0 0 0 1 0 0 0 0 0
1 0 0 0 1 0 0 0 0 0
1 1 1 1 1 1 1 1 0 0
Maze 198
107 115 3.5849056604 2.0813886776 104 0.387778337044218
93 39 73 58 32 35 35 70 23 81 63 42 77 15 8 93
33 33 53 52 400 400 65 63 21 61 62 72 75 5 3
402 402 402 401 400 400 401 401 402 402 401 401 401 402 402
0 0 1 1 1 1 1 1 0 0
0 0 1 0 1 0 0 0 0 0
1 1 1 0 1 0 0 0 0 0
1 1 1 1 1 1 1 1 1 0
1 1 1 0 1 0 0 0 0 0
1 1 1 1 1 1 1 1 0 0
1 1 1 1 1 1 1 1 1 1
1 1 1 1 1 1 1 0 0 0
1 0 1 0 0 0 0 0 0 0
0 0 2 0 0 0 0 0 0 0
Maze 199
99 179 3.4909090909 2.2590934011 65 0.394346539235149
73 41 66 62 56 62 90 93 22 18 56 14 76 35 29 73
71 61 400 52 52 82 83 92 12 16 54 74 75 25 23
401 401 400 402 402 401 402 401 402 402 401 401 401 402 402
0 0 0 0 0 0 0 0 0 0
0 1 1 1 1 1 1 1 0 0
0 1 1 1 1 1 1 1 1 0
0 1 1 1 1 1 0 0 0 0
1 1 1 1 1 1 0 0 0 0
1 1 1 1 1 1 0 0 0 0
1 1 1 1 1 1 0 0 0 0
1 1 2 1 1 1 0 0 0 0
0 1 1 1 1 1 1 1 1 1
0 1 1 0 0 0 0 0 0 0
Maze 200
101 520 3.4782608696 1.9800725778 65 0.394804190872798
93 51 84 56 75 11 58 53 71 16 59 15 88 53 42 93
91 81 54 55 71 51 400 51 11 56 55 85 83 52 92
401 401 402 402 401 401 400 402 402 401 401 401 401 401 401
0 0 0 0 0 0 0 0 0 0
1 1 1 1 1 1 0 0 0 0
1 0 0 0 1 1 0 0 0 0
1 0 0 0 1 1 0 0 0 0
1 1 0 0 1 1 0 0 0 0
1 1 1 1 1 1 1 1 1 0
1 1 1 1 1 0 0 0 0 0
1 1 1 1 1 0 0 0 0 0
1 1 1 1 1 1 1 1 0 0
1 1 2 0 0 0 0 0 0 0
