numMazes: 200
mazeSize: 10
Maze 1
85 24 3.0196078431 2.3126794439 36 0.378357115740071
93 93 68 82 24 14 51 1 24 13 22 18 60 99 31 93
400 63 62 22 400 11 400 21 23 12 12 58 59 91 91
400 402 402 402 400 402 400 401 401 402 402 401 402 401 401
1 0 0 0 0 0 0 0 0 0
1 1 1 1 1 1 1 1 0 0
1 1 1 1 0 0 0 1 0 0
1 1 0 0 0 0 0 1 0 0
1 1 0 0 0 0 0 1 0 0
1 1 0 0 0 0 0 1 1 1
1 1 1 1 1 1 1 1 1 0
1 1 1 0 0 0 0 0 1 0
1 1 1 0 0 0 0 0 1 0
1 1 2 1 1 1 1 1 1 0
Maze 2
101 121 3.1803278689 2.3693529778 65 0.406322791224488
12 9 29 91 56 32 61 78 94 66 44 62 89 10 32 12
2 400 21 51 52 31 71 74 64 64 42 82 9 2 400
402 400 402 402 401 402 401 402 402 401 402 401 402 402 400
0 1 1 1 1 1 1 1 1 1
0 2 0 0 0 0 0 0 1 0
1 1 1 1 1 1 1 1 1 0
1 1 0 0 0 0 0 0 1 0
1 1 1 1 0 0 0 0 1 0
1 1 1 1 1 1 0 0 1 0
1 1 0 1 1 1 0 0 1 0
1 1 1 1 1 1 1 1 1 0
1 1 1 1 1 1 1 1 1 0
1 0 0 1 0 0 0 0 0 0
Maze 3
119 160 3.3548387097 2.0619351164 104 0.377640056380252
80 18 29 80 83 35 26 64 10 73 24 87 51 29 52 80
78 28 79 73 33 25 24 4 3 23 84 81 21 22 72
401 401 401 402 402 402 402 402 402 402 401 401 402 402 401
0 0 1 1 1 1 1 1 1 1
0 0 1 1 0 0 0 1 0 0
1 1 1 1 1 1 1 1 1 0
1 1 1 1 1 0 0 1 1 0
1 1 1 1 0 0 0 1 1 0
1 1 1 1 0 0 0 1 1 0
1 1 1 1 0 0 0 1 1 0
1 1 1 1 1 1 1 1 1 2
1 1 1 1 1 1 1 0 0 0
0 0 0 0 0 0 0 0 0 0
Maze 4
119 341 2.8253968254 1.9814323891 116 0.378627260886239
12 5 80 10 55 30 32 32 17 99 22 29 62 50 30 12
2 75 400 5 25 22 400 12 97 92 400 22 42 400 22
402 401 400 402 402 402 400 402 401 401 400 402 402 400 401
0 1 1 1 1 1 1 1 1 1
0 2 1 1 1 1 1 0 0 1
0 1 1 1 1 1 1 1 1 1
0 1 0 0 1 0 1 0 0 1
0 1 1 1 1 1 1 1 1 1
0 1 0 0 1 0 1 0 0 1
0 1 0 0 1 0 1 0 0 1
0 1 0 0 1 1 1 1 1 1
0 1 0 0 0 0 1 0 0 0
0 1 1 1 1 1 1 1 1 0
Maze 5
127 40 3.5081967213 2.1665498377 166 0.393165115965896
71 95 1 53 9 63 49 71 93 90 34 29 66 35 8 71
91 91 51 3 3 43 41 91 83 84 24 26 65 5 1
401 401 401 402 402 402 402 401 402 401 402 402 401 402 402
1 1 1 1 1 1 1 1 1 0
1 0 1 0 1 0 0 0 0 0
1 0 1 1 1 1 1 1 1 0
1 0 1 1 1 1 0 0 0 0
1 1 1 1 1 1 1 1 1 0
1 1 1 1 1 1 0 0 0 0
1 0 1 1 1 1 0 0 0 0
2 0 0 1 0 0 0 0 0 0
1 0 1 1 1 1 1 1 1 1
1 1 1 1 1 0 0 0 0 0
Maze 6
109 3768 3.5849056604 2.0284699731 80 0.387207604065699
20 2 45 76 40 61 4 22 56 3 47 4 8 13 66 20
12 42 75 36 31 1 2 52 53 43 44 400 3 63 16
401 401 401 402 402 402 402 401 401 401 401 400 402 401 402
1 1 1 1 1 1 1 1 0 0
1 1 1 1 1 1 1 1 1 2
1 1 1 1 0 1 0 0 0 0
1 1 1 1 1 1 1 1 1 1
1 1 1 1 1 1 1 0 0 0
1 1 1 1 1 1 0 0 0 0
1 0 1 1 1 1 0 0 0 0
0 0 0 0 1 1 0 0 0 0
0 0 0 0 0 0 0 0 0 0
0 0 0 0 0 0 0 0 0 0
Maze 7
107 1032 3.4909090909 2.1789070910 98 0.408478213896990
59 5 91 3 74 13 11 26 49 61 36 16 75 10 48 59
55 1 1 73 73 400 21 46 41 31 400 15 5 8 58
401 402 402 401 401 400 401 401 402 402 400 402 402 402 401
1 1 1 1 1 1 1 1 1 1
1 1 1 0 1 1 0 1 0 0
1 1 1 1 1 1 0 1 0 0
1 1 1 1 1 1 0 1 0 0
1 1 1 1 1 1 1 1 1 0
1 0 1 0 1 1 1 1 2 0
1 0 1 0 1 0 0 0 0 0
1 0 1 1 1 0 0 0 0 0
1 0 0 0 0 0 0 0 0 0
1 0 0 0 0 0 0 0 0 0
Maze 8
79 77 3.3191489362 2.2732310462 26 0.385352332594397
44 80 82 85 72 12 53 45 28 37 97 95 33 69 34 44
74 72 400 82 400 52 43 25 27 400 400 93 63 64 400
401 402 400 401 400 401 402 402 402 400 400 401 401 401 400
0 0 0 0 0 0 0 0 0 0
0 1 0 0 0 0 0 0 0 0
0 1 0 0 1 1 1 1 0 0
0 1 1 1 1 0 1 0 0 0
0 1 1 2 1 0 1 0 0 0
0 1 1 1 0 0 1 0 0 0
0 1 1 1 1 1 1 1 1 0
0 1 1 1 1 1 1 1 1 1
0 1 1 1 1 0 1 0 0 0
0 0 1 1 1 1 1 0 0 0
Maze 9
109 40 2.9375000000 2.2073341229 90 0.385838564712191
11 82 7 65 2 27 39 19 62 32 54 60 46 35 100 11
81 2 5 62 22 37 400 12 400 52 400 56 45 95 91
401 402 402 401 401 401 400 402 400 401 400 401 401 401 401
0 1 1 1 1 1 1 0 0 0
2 1 1 1 1 1 1 1 1 0
1 1 1 1 1 1 1 0 1 0
1 1 0 0 1 0 1 1 1 0
1 1 0 0 1 1 0 0 0 0
1 1 1 1 1 1 1 1 1 1
1 1 1 1 1 0 0 0 0 0
1 1 0 0 1 0 0 0 0 0
1 1 0 0 1 0 0 0 0 0
1 1 1 1 1 1 1 1 1 1
Maze 10
101 457 3.2075471698 2.0246287017 77 0.364696116289862
31 86 26 39 44 70 27 8 93 33 69 55 82 67 74 31
81 400 36 34 64 67 7 3 400 63 65 52 62 64 71
401 400 401 402 401 401 402 402 400 401 401 402 402 402 401
0 0 1 1 1 1 1 1 0 0
0 0 1 0 0 0 1 0 0 0
0 0 1 0 0 1 1 0 0 0
2 0 1 1 1 1 1 1 1 0
1 0 1 1 0 1 1 0 0 0
1 1 1 1 1 1 1 0 0 0
1 1 1 1 1 1 1 1 1 1
1 1 1 1 0 1 0 0 0 0
1 1 1 1 1 1 0 0 0 0
0 0 1 0 0 0 0 0 0 0
Maze 11
107 330 3.1076923077 2.3246070889 97 0.372249243160279
93 79 4 81 88 10 18 29 62 55 51 58 98 3 74 93
73 74 1 400 8 8 28 22 52 400 400 400 93 73 73
402 401 402 400 402 402 401 402 402 400 400 400 401 401 402
1 1 1 1 0 0 0 1 1 1
1 0 1 1 0 0 0 1 0 0
1 1 1 1 1 1 1 1 1 0
1 1 1 1 0 0 0 1 0 0
1 1 1 1 0 0 0 1 0 0
1 1 1 1 1 1 1 1 0 0
1 1 1 1 0 0 0 1 0 0
1 0 1 1 1 1 1 1 1 0
1 1 1 1 1 1 1 1 0 0
0 0 2 1 1 1 1 1 0 0
Maze 12
93 661 3.2800000000 2.0626550785 41 0.371009493637262
82 66 76 24 57 45 80 22 59 25 71 97 36 64 72 82
62 400 74 54 55 75 72 52 55 21 91 96 34 62 400
402 400 401 401 401 401 401 401 401 402 401 401 402 402 400
0 0 0 0 0 0 0 0 0 0
0 0 0 0 0 0 0 0 0 0
1 1 1 1 1 0 0 0 0 0
1 1 0 1 1 1 0 0 0 0
1 1 0 1 1 1 0 0 0 0
1 1 1 1 1 1 1 1 1 0
1 1 1 1 1 1 0 0 0 0
1 1 1 1 1 1 1 1 1 1
1 2 0 0 0 1 0 0 0 0
1 1 1 1 1 1 1 0 0 0
Maze 13
97 1612 2.9180327869 2.2346682662 70 0.371605731755485
44 93 70 66 45 88 7 43 94 6 79 58 46 96 81 44
43 63 400 65 85 87 3 93 4 76 78 56 400 91 41
402 402 400 401 401 401 402 401 402 401 401 401 400 401 402
0 0 1 1 1 1 1 0 0 0
0 0 1 1 0 1 1 0 0 0
0 0 1 1 0 1 1 0 0 0
0 0 1 1 0 1 1 0 0 0
1 1 1 2 1 1 1 0 0 0
1 0 1 1 1 1 1 1 0 0
1 0 1 1 1 1 1 1 1 1
1 0 1 1 1 1 1 1 1 0
1 0 1 1 1 1 1 1 0 0
1 1 1 1 1 1 0 0 0 0
Maze 14
107 27 3.2727272727 2.0340312028 120 0.375705247591560
57 32 97 12 88 96 18 15 82 64 69 49 91 45 48 57
52 92 92 82 86 16 400 12 62 400 400 41 41 400 47
401 401 401 401 402 402 400 402 402 400 400 402 402 400 402
0 0 0 0 0 0 0 0 0 0
0 1 1 1 1 1 1 1 0 0
0 1 0 0 0 1 0 0 0 0
0 1 0 0 0 1 0 0 0 0
1 1 1 1 1 1 1 1 1 0
1 1 1 1 1 1 2 0 1 0
1 1 1 1 1 1 1 1 1 0
1 1 0 0 0 1 0 0 0 0
1 1 1 1 1 1 1 1 0 0
1 1 1 1 1 1 1 0 0 0
Maze 15
87 12 3.2000000000 1.9624682747 40 0.406770216694950
13 9 83 67 96 91 65 73 81 69 36 54 4 45 65 13
3 3 63 66 400 61 63 71 61 66 34 400 44 400 63
402 402 402 402 400 402 402 402 402 401 402 400 401 400 401
0 0 1 1 1 1 1 1 1 0
0 0 2 1 0 0 0 0 0 0
0 0 1 1 0 0 0 0 0 0
0 0 1 1 1 1 0 0 0 0
0 0 1 1 1 1 0 0 0 0
0 0 1 1 1 1 0 0 0 0
1 1 1 1 1 1 1 1 1 0
1 1 1 0 0 1 0 0 0 0
1 0 1 0 0 1 0 0 0 0
1 1 1 1 1 1 0 0 0 0
Maze 16
67 8 2.8372093023 2.1697012259 20 0.359638052290199
56 77 45 26 10 20 34 18 45 16 37 49 30 41 45 56
76 75 25 6 400 14 14 15 15 36 47 29 21 400 55
401 401 402 402 400 402 402 402 402 401 401 402 402 400 401
0 0 0 0 0 1 1 1 1 1
0 0 0 1 1 1 1 1 1 1
1 1 1 1 1 1 1 1 1 1
1 0 0 1 1 1 1 0 1 0
1 1 1 1 1 0 1 1 1 0
0 0 0 0 1 2 0 0 0 0
0 0 0 0 1 1 0 0 0 0
0 0 0 0 1 1 1 0 0 0
0 0 0 0 0 0 0 0 0 0
0 0 0 0 0 0 0 0 0 0
Maze 17
85 164 3.2500000000 2.0509667287 50 0.401879744999395
54 69 82 36 96 34 79 79 51 37 16 36 16 33 47 54
64 62 32 400 94 74 400 71 31 36 400 400 13 43 44
401 402 402 400 401 401 400 401 402 401 400 400 402 401 402
0 0 0 0 0 0 0 0 0 0
0 0 1 1 1 1 0 0 0 0
0 0 1 0 0 1 0 0 0 0
1 1 1 1 1 1 1 0 0 0
1 1 1 1 1 1 1 0 0 0
1 1 0 2 0 1 0 0 0 0
1 1 1 1 1 1 1 1 1 0
1 1 1 1 1 1 1 1 1 0
0 1 0 1 0 1 0 0 0 0
0 0 0 1 1 1 0 0 0 0
Maze 18
89 607 3.0612244898 2.0509667287 32 0.395223103822888
71 15 19 45 32 85 44 16 65 65 51 36 89 54 12 71
11 400 15 42 82 84 14 15 400 61 31 86 84 52 11
402 400 402 401 401 401 402 402 400 401 402 401 401 401 402
0 0 0 0 0 0 0 0 0 0
1 1 1 1 1 1 1 1 1 0
1 1 0 1 1 0 0 0 0 0
1 1 1 1 1 1 0 0 0 0
1 1 1 1 1 1 0 0 0 0
1 1 1 1 1 1 0 0 0 0
1 1 1 1 1 1 0 0 0 0
2 1 0 1 0 1 0 0 0 0
0 1 1 1 1 1 1 1 1 0
0 0 0 0 0 0 0 0 0 0
Maze 19
81 71 2.6923076923 2.1489159387 35 0.393528145120981
35 93 25 29 40 100 87 46 19 70 66 28 47 100 69 35
33 23 400 39 400 97 86 16 69 400 26 27 97 99 65
402 402 400 401 400 401 401 402 401 400 402 402 401 401 401
0 0 0 0 0 0 0 0 0 0
0 0 0 0 0 1 1 1 1 0
0 0 1 1 1 1 1 1 1 0
0 0 1 1 2 1 1 0 1 1
0 0 1 0 1 1 1 0 1 1
0 0 1 0 1 1 1 0 1 1
0 0 1 0 1 1 1 1 1 1
0 0 1 0 0 1 1 0 1 1
0 0 1 0 0 1 1 0 1 1
0 0 1 0 0 0 1 1 1 1
Maze 20
91 443 3.3777777778 2.0300451945 45 0.387972953677483
80 45 48 11 39 32 57 11 36 55 61 63 23 6 16 80
75 400 41 31 400 52 51 31 35 51 400 400 3 400 76
401 400 401 401 400 401 401 401 402 402 400 400 402 400 401
0 0 1 1 1 1 0 0 0 0
1 0 1 0 0 1 0 0 0 0
1 0 1 0 0 1 0 0 0 0
1 1 1 1 1 1 1 1 1 0
1 1 1 1 1 1 1 1 0 0
1 1 1 1 1 1 1 0 0 0
1 1 1 0 1 1 0 0 0 0
0 0 0 0 1 1 1 1 1 2
0 0 0 0 0 0 0 0 0 0
0 0 0 0 0 0 0 0 0 0
Maze 21
103 86 3.1428571429 2.2217810464 71 0.394118794697044
16 60 29 17 46 61 97 32 47 76 85 66 21 9 94 16
56 59 27 16 41 91 92 42 46 75 65 61 1 4 14
401 401 401 402 402 401 401 401 402 402 402 401 402 402 402
1 1 1 1 1 1 1 1 1 0
1 0 0 1 1 2 1 0 0 0
1 0 0 1 0 1 1 1 1 0
1 1 0 1 0 1 0 0 1 0
1 1 1 1 1 1 1 0 1 0
1 1 0 1 0 1 1 1 1 1
1 1 1 1 1 1 0 0 0 0
1 1 0 1 1 1 0 0 0 0
1 1 0 1 1 0 0 0 0 0
1 1 1 1 1 1 1 0 0 0
Maze 22
79 12 3.2820512821 1.9239471860 22 0.367563786429174
54 51 64 94 63 46 55 48 27 29 15 94 76 4 99 54
400 61 400 93 43 45 45 47 400 25 14 74 74 94 94
400 401 400 401 402 402 402 401 400 401 402 402 401 401 401
0 0 0 1 0 0 0 0 0 0
0 0 0 1 1 0 0 0 0 0
0 0 0 1 1 1 1 1 1 0
0 0 0 1 0 0 1 0 0 0
0 0 1 1 1 1 1 1 0 0
1 1 1 2 1 0 0 0 0 0
1 1 1 1 0 0 0 0 0 0
0 0 1 1 1 1 0 0 0 0
0 0 1 1 0 0 0 0 0 0
0 0 1 1 1 1 1 1 1 0
Maze 23
105 793 2.9393939394 2.3004204405 94 0.383555578856349
76 30 5 40 93 22 68 59 10 43 39 30 90 72 78 76
26 25 35 33 92 62 58 9 3 33 29 400 82 400 400
402 401 401 402 401 401 402 402 402 402 402 400 401 400 400
0 0 1 1 1 1 1 1 1 1
0 0 1 0 1 0 0 0 1 0
0 1 1 0 1 1 1 1 1 1
0 1 1 1 1 1 1 1 1 1
0 1 1 0 0 1 0 0 1 1
0 1 1 0 0 1 0 1 1 1
0 1 1 1 1 1 1 1 0 1
0 1 1 1 1 2 1 1 0 1
0 1 1 1 1 1 1 1 1 1
0 1 1 0 0 0 0 0 0 0
Maze 24
101 568 3.2068965517 2.2383108286 77 0.377011706850485
95 23 74 50 66 59 85 1 68 19 40 14 35 21 75 95
93 73 44 46 56 55 81 61 18 39 34 34 31 71 400
401 401 402 402 402 402 401 401 402 401 401 401 401 401 400
1 0 0 0 0 0 0 0 0 0
1 0 0 1 0 0 0 1 1 0
1 0 1 1 0 0 0 1 1 0
1 1 1 1 1 1 1 1 1 1
1 0 1 1 1 1 1 1 1 1
1 0 1 1 1 1 1 1 1 0
1 1 1 1 1 1 1 1 0 0
1 1 1 1 1 0 0 0 0 0
1 1 1 1 1 0 0 0 0 0
0 0 1 1 2 0 0 0 0 0
Maze 25
97 18 3.3076923077 2.1112953808 65 0.392547048158637
30 28 85 48 84 43 12 46 61 62 85 61 89 14 70 30
400 25 45 44 83 42 42 41 400 82 81 81 84 64 400
400 402 402 402 401 401 401 402 400 401 401 401 401 401 400
0 0 0 0 0 0 0 0 0 0
0 1 0 1 0 0 0 0 0 0
0 1 0 1 1 1 1 1 1 2
0 1 0 1 1 0 0 0 0 1
1 1 1 1 1 1 1 1 0 1
1 0 1 1 1 0 0 0 0 1
1 1 1 1 1 1 1 1 1 1
1 1 1 1 1 0 0 0 0 0
1 1 1 1 1 1 1 1 1 0
0 0 0 0 0 0 0 0 0 0
Maze 26
107 19 3.0800000000 1.7745407755 61 0.385888992506884
15 89 32 93 12 44 71 95 32 10 26 32 41 84 52 15
85 82 92 92 42 41 91 92 2 6 22 31 81 82 12
401 401 401 401 401 402 401 401 402 402 402 402 401 401 402
0 1 1 1 1 1 1 1 1 1
0 1 1 1 2 1 0 0 0 0
0 1 1 1 1 1 0 0 0 0
1 1 0 0 1 0 0 0 0 0
1 1 1 1 1 0 0 0 0 0
1 1 0 0 1 0 0 0 0 0
1 1 0 0 1 0 0 0 0 0
1 1 0 0 1 0 0 0 0 0
1 1 1 1 1 1 1 1 1 0
1 1 1 1 1 0 0 0 0 0
Maze 27
89 131 2.8333333333 2.3230336243 45 0.387252295409071
92 15 27 79 37 91 83 19 19 76 77 14 55 77 96 92
12 25 77 77 31 81 13 400 16 400 74 54 75 76 400
402 401 401 401 402 402 402 400 402 400 401 401 401 402 400
0 0 0 0 0 0 0 0 0 0
0 1 1 1 1 1 1 1 1 0
0 1 1 1 1 1 1 0 0 0
1 1 1 1 1 1 1 0 0 0
1 1 1 1 0 1 1 0 0 0
1 1 1 1 1 1 1 0 0 0
1 1 1 1 1 1 1 0 0 0
1 1 1 1 1 1 1 1 1 0
1 1 1 0 0 1 0 0 0 0
1 2 1 1 1 1 0 0 0 0
Maze 28
117 148 3.0000000000 2.1299235642 111 0.387821626913389
51 40 15 89 36 40 92 63 10 68 35 54 100 46 26 51
31 35 85 86 400 32 62 3 8 65 34 94 96 400 21
402 401 401 401 400 402 402 402 402 401 402 401 401 400 402
0 0 1 1 1 1 1 1 1 1
0 0 1 0 1 0 0 1 0 0
1 1 1 1 1 1 0 1 0 0
1 1 1 1 1 1 1 1 1 1
1 1 1 1 1 1 0 1 0 0
2 1 1 1 1 1 0 1 0 0
0 1 1 1 1 1 1 1 0 0
0 1 0 1 1 1 0 0 0 0
0 1 0 1 1 1 1 1 1 0
0 1 0 1 1 1 1 1 1 1
Maze 29
91 42 3.1739130435 1.9096162670 45 0.381711384958017
4 15 97 56 44 62 89 32 23 2 95 90 57 89 88 4
14 95 96 54 42 82 82 22 22 92 85 87 87 400 84
401 401 401 401 402 401 401 402 401 401 402 401 401 400 401
0 1 0 2 0 0 0 0 0 0
0 1 0 1 1 0 0 0 0 0
0 1 1 1 1 0 0 0 0 0
0 1 0 1 1 0 0 0 0 0
0 1 1 1 1 0 0 0 0 0
0 1 0 1 1 1 1 0 0 0
0 1 0 1 1 1 1 0 0 0
0 1 0 1 1 1 1 0 0 0
0 1 1 1 1 1 1 1 1 1
0 1 1 1 1 1 1 0 0 0
Maze 30
99 15 3.4500000000 1.7340441125 66 0.393030940605509
56 66 86 51 92 47 96 22 47 2 67 38 67 22 49 56
400 400 81 91 42 46 92 42 42 62 37 37 62 42 46
400 400 401 401 402 402 401 401 401 401 402 402 401 401 402
0 1 0 0 0 0 0 0 0 0
0 1 0 0 0 0 0 0 0 0
0 1 0 0 0 0 0 0 0 0
0 1 0 0 0 0 1 1 0 0
0 1 1 1 1 1 1 1 1 0
1 1 0 0 0 2 1 0 0 0
1 1 1 1 1 1 1 0 0 0
1 1 0 0 0 1 0 0 0 0
1 1 1 1 1 1 0 0 0 0
1 1 1 1 1 1 0 0 0 0
Maze 31
93 88 3.3617021277 2.1098800302 36 0.386920134200876
34 15 24 41 67 91 83 21 31 35 5 85 1 79 96 34
14 14 21 61 61 81 81 400 400 400 400 81 71 76 94
402 402 402 401 402 402 401 400 400 400 400 401 401 402 401
1 0 0 0 1 0 0 0 0 0
1 0 0 1 1 0 0 0 0 0
1 1 1 1 1 0 0 0 0 0
1 1 1 2 1 0 0 0 0 0
1 0 0 1 1 0 0 0 0 0
1 0 0 1 1 0 0 0 0 0
1 1 1 1 1 1 1 0 0 0
1 1 1 1 1 1 1 1 1 0
1 1 1 1 1 1 0 0 0 0
1 0 0 1 1 1 0 0 0 0
Maze 32
101 408 3.2413793103 2.1883374556 55 0.397604657326096
10 40 48 66 30 44 57 85 68 51 87 80 14 99 36 10
400 38 46 26 24 54 55 65 61 81 77 74 94 96 6
400 402 402 402 402 401 402 402 401 401 402 401 401 401 402
0 0 0 0 0 1 1 1 1 2
0 0 0 1 0 1 0 0 0 1
0 0 0 1 1 1 1 1 1 1
0 0 0 1 0 1 0 1 1 1
0 0 0 1 0 1 1 1 0 0
1 0 0 1 1 1 1 0 0 0
1 1 1 1 1 1 1 1 0 0
1 0 0 1 1 1 1 1 1 1
1 1 1 1 1 1 1 0 0 0
0 0 0 1 1 1 1 1 1 0
Maze 33
105 724 3.0769230769 2.2683852583 87 0.404750500705811
22 9 28 93 23 50 77 42 56 68 100 37 24 84 90 22
2 8 23 400 43 47 72 52 66 98 97 34 400 400 82
402 402 402 400 401 402 401 401 401 401 401 401 400 400 401
0 1 1 1 1 1 1 1 1 0
0 1 0 0 0 0 0 1 0 0
0 2 1 1 1 1 1 1 0 0
0 1 1 1 1 1 1 0 0 0
0 1 1 1 1 1 1 1 1 1
0 1 1 1 1 1 1 0 0 0
0 1 1 1 0 1 1 1 0 0
0 1 1 1 1 1 1 1 0 0
0 1 1 1 1 1 1 1 1 1
0 0 1 0 0 0 1 1 1 1
Maze 34
109 125 3.2982456140 2.0496673999 79 0.379208171912754
77 50 48 83 96 80 89 50 100 23 99 1 66 72 44 77
47 400 43 93 76 79 49 400 93 93 91 61 62 42 74
402 400 402 401 402 402 402 400 401 401 401 401 402 402 401
1 0 0 0 0 0 0 0 0 0
1 0 0 0 0 0 0 0 0 0
1 0 1 0 0 0 0 0 0 0
1 0 1 0 0 0 0 0 0 0
1 1 1 1 1 1 1 1 1 1
1 1 1 1 0 0 1 0 1 1
1 1 1 1 1 1 1 0 1 1
1 1 1 1 1 1 2 1 1 1
1 0 1 0 0 1 0 0 1 1
1 1 1 1 1 1 1 1 1 1
Maze 35
85 11 2.7346938776 1.8915190338 45 0.365087664681086
51 69 27 34 70 61 2 14 22 43 51 82 75 39 70 51
61 67 24 64 400 1 12 12 42 41 81 72 35 69 61
401 401 402 401 400 402 401 402 401 402 401 402 402 401 401
1 1 0 0 0 0 0 0 0 0
1 1 1 1 0 0 0 0 0 0
1 1 0 1 1 1 1 0 0 0
1 1 0 1 1 1 1 1 1 0
1 1 1 1 1 0 1 0 1 0
2 0 0 1 1 0 1 0 1 0
1 1 1 1 1 1 1 1 1 1
1 1 1 1 1 0 0 0 0 0
1 1 0 0 0 0 0 0 0 0
0 0 0 0 0 0 0 0 0 0
Maze 36
119 899 3.4827586207 1.9714895292 139 0.393597723623158
86 20 92 89 4 12 77 45 69 51 49 94 94 46 50 86
16 12 82 84 2 72 75 65 61 41 44 400 44 400 46
402 402 402 401 402 401 401 401 401 402 402 400 402 400 402
0 1 1 1 0 0 0 0 0 0
0 1 1 1 1 1 1 1 1 1
0 1 0 1 0 1 0 0 0 0
0 1 0 1 0 1 0 0 0 0
1 1 1 1 1 1 1 1 1 1
1 1 0 1 1 1 0 0 0 0
1 1 1 1 1 1 1 1 1 0
0 1 1 1 1 1 1 0 0 0
0 1 1 1 1 2 1 1 1 0
0 1 0 1 0 0 0 0 0 0
Maze 37
101 10 3.2558139535 1.8761377231 30 0.397333636758369
74 91 19 44 78 54 31 31 69 94 76 41 21 42 18 74
71 11 14 74 74 51 400 61 64 74 71 400 41 12 14
402 402 402 401 401 401 400 401 402 402 401 400 401 402 402
0 0 0 0 0 0 0 0 0 0
1 1 1 1 1 1 1 1 1 0
1 1 0 1 0 0 0 0 0 0
1 1 0 1 0 0 0 0 0 0
1 1 0 1 0 0 0 0 0 0
1 1 1 1 0 0 0 0 0 0
1 1 1 1 1 1 1 1 1 0
1 1 1 2 1 1 1 1 0 0
1 0 0 1 0 0 0 0 0 0
1 0 0 1 0 0 0 0 0 0
Maze 38
101 1361 3.1475409836 2.2554118304 77 0.389497698865742
72 74 19 18 68 6 59 3 19 89 66 81 45 2 26 72
400 14 400 400 66 56 53 13 400 86 61 41 42 22 22
400 402 400 400 401 401 401 401 400 401 402 402 401 401 402
0 1 1 0 0 1 0 0 0 0
0 1 1 1 1 1 1 1 1 0
0 1 1 1 1 1 0 1 1 0
0 1 1 1 0 1 0 1 1 0
1 1 1 1 1 1 0 1 1 0
1 1 1 1 1 1 1 1 1 0
1 1 1 1 1 1 1 1 1 0
1 2 1 1 0 1 0 0 1 0
1 0 0 0 0 1 1 1 1 0
0 0 0 0 0 0 0 0 0 0
Maze 39
81 38 2.8979591837 2.1309185258 30 0.364122597900084
96 67 54 84 75 96 66 88 37 44 24 89 52 7 73 96
66 64 400 74 95 400 86 87 34 400 84 82 2 3 93
402 401 400 402 401 400 401 401 402 400 401 401 402 402 401
0 1 1 1 1 1 1 0 0 0
0 1 1 0 0 0 0 0 0 0
0 1 1 1 0 0 0 0 0 0
0 1 1 1 1 1 1 0 0 0
0 1 1 1 0 0 1 0 0 0
0 1 1 1 0 0 1 0 0 0
0 1 1 1 1 1 1 0 0 0
0 1 1 1 1 1 1 0 0 0
0 1 1 1 1 1 1 1 1 0
0 0 1 1 1 2 0 0 0 0
Maze 40
79 1485 2.7924528302 2.3183716393 26 0.377023700729064
18 29 22 31 66 17 81 76 45 54 83 2 2 24 59 18
28 400 21 61 16 11 71 75 44 53 82 400 22 54 58
401 400 402 401 402 402 402 401 402 402 401 400 401 401 401
0 1 0 0 0 0 0 0 0 0
1 1 1 1 1 1 1 2 0 0
1 1 1 1 1 1 1 1 1 0
1 1 0 1 0 1 0 1 0 0
1 1 0 1 1 1 0 1 0 0
1 1 1 1 1 1 1 1 1 0
1 1 1 1 1 1 0 0 0 0
1 1 1 1 1 1 0 0 0 0
1 1 1 0 0 0 0 0 0 0
0 0 0 0 0 0 0 0 0 0
Maze 41
91 38 3.2000000000 2.1985564626 29 0.397625578786921
74 42 31 93 61 6 15 38 37 72 66 79 78 1 29 74
72 41 91 91 1 5 35 400 32 62 76 400 71 21 24
401 401 401 401 402 402 401 400 402 402 401 400 401 401 402
1 1 1 1 1 1 0 0 0 0
1 0 0 0 1 0 0 0 0 0
1 1 1 1 1 1 1 1 1 0
1 1 1 1 1 1 1 1 0 0
1 1 0 1 0 0 0 0 0 0
1 1 0 1 0 0 0 0 0 0
1 1 1 1 1 1 0 0 0 0
1 1 1 2 1 1 1 1 1 0
1 0 0 0 0 0 0 0 0 0
1 1 1 0 0 0 0 0 0 0
Maze 42
81 122 2.8363636364 2.3311831654 26 0.340274606577713
92 80 9 28 44 72 95 25 35 31 72 67 73 99 82 92
72 79 8 24 42 92 400 400 400 71 62 63 93 92 400
402 401 402 402 402 401 400 400 400 401 402 402 401 401 400
0 0 0 0 0 0 0 1 1 0
0 0 0 0 0 0 0 1 1 0
0 0 0 1 1 1 1 1 1 0
1 1 1 1 1 0 0 0 1 0
1 1 1 1 1 0 0 0 1 0
1 1 0 0 1 0 0 0 1 0
1 1 1 1 1 1 1 0 1 0
1 1 1 1 1 1 1 1 1 1
0 1 1 0 1 0 0 0 0 0
0 2 1 1 1 1 1 1 1 0
Maze 43
97 69 3.2857142857 2.2461694829 46 0.410641920318511
52 5 29 94 96 79 51 55 89 74 64 81 71 10 41 52
2 25 24 400 76 71 400 85 84 400 61 400 1 1 51
402 401 402 400 402 401 400 401 401 400 402 400 402 402 401
1 1 1 1 1 1 1 1 1 1
1 1 0 0 1 0 0 0 0 0
1 1 0 1 1 1 1 1 1 0
1 1 0 1 0 0 0 0 0 0
1 1 0 1 0 0 0 0 0 0
1 2 1 1 1 0 0 0 0 0
1 1 1 1 1 0 0 0 0 0
1 1 1 1 1 1 1 1 1 0
1 0 0 1 1 1 1 1 1 0
0 0 0 1 1 1 0 0 0 0
Maze 44
81 39 2.5964912281 2.2251351245 30 0.401995316376650
60 66 66 91 84 82 28 86 62 98 80 10 68 58 55 60
56 400 61 81 400 22 26 82 92 78 400 8 400 400 400
402 400 402 402 400 402 402 401 401 402 400 402 400 400 400
0 0 0 0 0 0 0 1 1 1
0 0 0 0 0 0 0 1 0 1
0 1 1 1 1 1 1 1 0 1
0 1 0 0 0 1 0 1 0 1
0 1 0 0 0 1 0 1 0 1
0 1 0 0 1 1 1 1 1 2
1 1 1 1 1 1 0 1 0 1
1 1 0 0 0 1 0 1 1 1
1 1 1 1 1 1 0 1 0 0
1 1 1 1 1 1 1 1 0 0
Maze 45
105 37 3.6000000000 1.8560210372 112 0.387787754010460
93 30 43 2 48 15 47 67 96 23 57 95 23 82 55 93
23 23 42 42 45 45 400 66 93 53 55 93 22 52 53
402 402 401 401 401 401 400 402 401 401 402 401 402 402 402
0 1 0 0 0 0 0 0 0 0
0 1 0 0 1 0 0 0 0 0
0 1 1 1 1 1 1 1 1 1
0 1 1 0 1 0 0 0 0 0
0 1 1 1 1 1 1 1 0 0
0 1 1 1 1 1 1 0 0 0
0 1 1 0 1 1 1 0 0 0
0 1 1 0 1 1 0 0 0 0
0 1 1 0 1 1 0 0 0 0
0 0 2 1 1 1 0 0 0 0
Maze 46
105 490 3.6071428571 2.1916914755 105 0.402005147749106
3 77 31 24 21 99 56 48 37 70 54 58 65 92 50 3
73 71 21 400 91 96 46 47 67 64 400 55 62 42 43
401 401 402 400 401 401 402 401 401 401 400 402 402 402 401
0 0 2 0 0 0 0 0 0 0
0 0 1 0 0 0 0 0 0 0
1 1 1 1 0 0 0 0 0 0
1 0 1 0 0 0 1 0 0 0
1 1 1 1 1 1 1 1 1 1
1 1 1 1 1 1 1 1 0 0
1 1 1 1 1 1 1 1 1 1
1 1 1 1 1 1 1 0 0 0
1 1 0 0 0 1 0 0 0 0
1 1 1 1 1 1 1 1 1 0
Maze 47
107 197 3.0689655172 2.1315981729 105 0.374966282686126
1 37 86 90 19 22 62 60 71 34 79 66 86 1 62 1
31 36 400 89 12 400 52 51 31 74 76 400 81 61 61
401 402 400 401 402 400 402 402 402 401 401 400 401 401 401
2 0 0 0 0 0 0 0 0 0
1 1 1 1 1 1 1 1 1 0
1 1 0 0 0 0 0 0 1 0
1 1 1 1 1 1 1 0 1 0
1 1 0 1 0 1 0 0 1 0
1 1 1 1 1 1 1 1 1 1
1 1 0 1 0 1 0 0 1 0
1 0 0 1 1 1 1 1 1 0
1 1 1 1 1 1 1 1 1 1
0 0 0 0 0 0 0 0 0 0
Maze 48
91 355 3.5319148936 2.0831011958 39 0.393002827153661
64 12 54 29 1 65 34 22 56 39 47 53 35 45 9 64
62 52 24 21 61 64 32 52 36 37 43 33 400 5 4
401 401 402 401 401 401 401 401 402 402 402 402 400 402 402
1 0 0 1 1 1 1 1 1 0
1 1 0 1 1 0 0 0 0 0
1 1 1 1 1 1 1 1 1 0
1 1 1 1 1 1 1 1 1 0
1 1 1 1 1 1 1 0 0 0
1 1 1 1 1 1 0 0 0 0
1 1 1 2 1 0 0 0 0 0
0 0 0 0 0 0 0 0 0 0
0 0 0 0 0 0 0 0 0 0
0 0 0 0 0 0 0 0 0 0
Maze 49
97 4 3.9411764706 1.6597667196 49 0.403472422869829
57 22 41 32 3 16 2 53 1 60 73 76 83 60 82 57
52 21 31 2 13 12 52 51 51 53 400 73 53 52 52
401 402 402 402 401 401 401 401 401 402 400 402 402 402 402
1 1 1 0 0 0 0 0 0 0
1 1 1 1 1 1 0 0 0 0
1 1 0 0 0 0 0 0 0 0
1 1 0 0 0 0 0 0 0 0
1 1 0 0 0 0 0 0 0 0
1 1 1 1 1 1 2 1 1 1
0 1 1 0 0 0 0 0 0 0
0 1 1 1 1 1 0 0 0 0
0 1 1 0 0 0 0 0 0 0
0 0 0 0 0 0 0 0 0 0
Maze 50
87 99 3.2156862745 2.1939256689 29 0.383018231115358
32 6 35 98 85 64 40 26 32 34 94 19 20 5 73 32
2 5 95 95 84 34 36 22 400 400 14 400 15 3 72
402 402 401 401 401 402 401 402 400 400 402 400 401 402 401
0 1 1 1 1 1 0 0 0 0
0 1 1 1 1 1 1 1 1 1
0 1 1 1 1 1 0 0 0 0
0 2 1 1 1 1 1 1 1 1
0 1 1 1 1 0 0 0 0 0
0 1 1 1 1 0 0 0 0 0
0 1 1 1 1 0 0 0 0 0
0 1 1 1 1 0 0 0 0 0
0 0 0 1 1 0 0 0 0 0
0 0 0 1 1 1 1 1 0 0
Maze 51
79 60 3.0212765957 2.0755587813 30 0.374353871764799
19 4 26 8 35 35 5 26 76 94 78 38 9 64 92 19
14 24 6 5 400 400 25 400 74 74 400 8 4 62 12
401 401 402 402 400 400 401 400 402 402 400 402 402 402 402
0 0 0 1 1 1 1 1 1 0
0 1 1 1 1 1 1 1 2 0
0 1 0 1 1 1 0 1 0 0
0 1 0 1 1 1 0 1 0 0
0 1 0 1 0 1 0 1 0 0
0 1 0 1 0 1 0 1 0 0
0 1 1 1 0 1 0 1 0 0
0 1 0 1 1 1 1 1 0 0
0 1 0 1 0 0 0 0 0 0
0 1 0 1 0 0 0 0 0 0
Maze 52
81 77 3.1836734694 2.2277784588 30 0.398786809961943
39 15 64 28 23 13 7 98 83 84 94 52 87 57 13 39
35 14 24 400 400 3 97 93 400 400 92 82 400 53 33
401 402 402 400 400 402 401 401 400 400 401 401 400 401 401
0 0 1 1 1 1 1 0 0 0
0 0 1 1 1 0 1 0 0 0
0 0 1 1 1 1 1 1 0 0
0 0 1 1 1 1 1 1 2 0
0 0 1 1 0 0 1 0 0 0
0 1 1 1 1 1 1 0 0 0
0 1 0 1 0 0 1 0 0 0
0 1 0 0 0 0 1 0 0 0
0 1 1 1 1 1 1 0 0 0
0 1 1 1 1 1 1 1 0 0
Maze 53
131 1898 3.4769230769 2.0924636308 153 0.386607452003623
60 37 15 97 51 59 17 41 69 62 45 20 83 30 72 60
57 35 95 91 400 57 11 61 400 42 15 13 23 22 52
401 401 401 401 400 401 402 401 400 402 402 402 402 402 402
0 0 0 0 0 0 0 0 0 0
1 1 1 1 1 1 1 1 1 1
1 1 1 1 1 1 1 1 1 1
1 1 1 0 1 1 1 0 0 0
1 1 1 1 1 0 1 0 0 0
1 1 1 1 1 1 1 1 1 2
1 1 1 1 1 1 1 1 1 0
1 1 1 0 1 0 0 0 0 0
1 0 1 0 1 0 0 0 0 0
1 1 1 1 1 1 1 0 0 0
Maze 54
109 27 3.1428571429 2.1810563358 84 0.374809339194496
50 92 91 1 19 23 6 23 38 6 42 71 79 22 89 50
42 400 400 11 13 3 3 33 36 2 41 400 72 82 49
402 400 400 401 402 402 402 401 401 402 402 400 401 401 402
1 1 1 1 1 1 0 0 0 0
1 1 1 1 1 1 1 1 1 0
1 1 1 0 0 1 0 0 0 0
1 1 1 1 1 1 1 1 0 0
1 1 1 1 1 1 1 1 1 2
1 1 0 0 0 0 0 0 1 0
1 1 0 0 0 0 0 0 1 0
1 1 1 1 1 1 1 1 1 0
1 1 1 1 1 1 1 1 1 0
1 1 0 0 0 0 0 0 0 0
Maze 55
107 294 2.9841269841 2.2217810464 86 0.374002020079476
42 38 97 66 65 60 11 63 73 10 81 41 39 89 96 42
32 37 96 400 55 51 61 400 3 1 400 31 400 86 92
402 402 401 400 402 401 401 400 402 402 400 402 400 402 401
1 1 1 1 1 1 1 1 1 1
1 0 1 0 0 0 0 0 0 0
1 0 1 0 0 0 0 0 0 0
1 1 1 1 1 1 1 1 1 0
1 2 1 0 0 0 1 0 1 0
1 1 1 1 1 1 1 1 1 1
1 1 1 0 1 1 1 0 1 0
1 1 1 0 0 1 1 0 1 0
1 1 0 0 0 1 1 1 1 0
0 1 1 1 1 1 1 0 0 0
Maze 56
85 1373 3.3191489362 2.1735887902 45 0.395103071430529
14 39 99 36 77 79 55 53 62 16 98 57 53 60 68 14
34 400 96 76 400 75 400 52 12 96 97 400 400 58 64
401 400 401 401 400 401 400 402 402 401 401 400 400 402 401
0 0 0 0 0 0 0 0 0 0
0 1 1 2 1 1 0 0 0 0
0 1 0 1 0 1 0 0 0 0
0 1 0 1 1 1 1 1 1 0
0 1 0 1 0 1 0 0 1 0
0 1 1 1 1 1 1 1 1 1
0 1 0 1 1 1 1 1 1 0
0 0 0 0 1 1 1 1 1 0
0 0 0 0 0 1 1 0 1 0
0 0 0 0 0 1 1 1 1 0
Maze 57
105 82 3.2444444444 1.7291826033 66 0.380989256833570
60 23 55 31 58 31 97 94 13 62 1 43 24 92 99 60
53 53 51 51 51 91 400 93 12 61 41 23 22 400 59
401 401 401 401 401 401 400 401 402 401 401 402 402 400 402
1 0 0 0 0 0 0 0 0 0
1 1 1 0 0 0 0 0 0 0
1 1 1 1 0 0 0 0 0 0
1 1 1 0 0 0 0 0 0 0
1 1 1 0 0 0 0 0 0 0
1 1 1 1 1 1 1 1 1 2
1 1 1 0 0 0 0 0 1 0
1 1 1 0 0 0 0 0 1 0
1 1 1 0 0 0 0 0 1 0
1 1 1 1 1 1 1 1 1 0
Maze 58
109 310 3.0461538462 2.2837967655 92 0.381776849173818
76 20 50 79 86 80 91 36 57 50 52 10 33 61 5 76
16 400 49 76 76 71 31 56 47 42 2 3 31 1 75
402 400 402 402 402 402 402 401 402 402 402 402 402 402 401
1 1 1 1 1 1 1 1 1 1
1 1 1 0 1 1 1 1 1 1
1 1 1 0 1 1 0 0 0 1
1 1 1 1 1 1 0 0 0 1
1 1 1 1 1 1 1 1 1 1
1 1 0 0 1 1 1 0 1 0
1 0 0 0 1 1 0 0 1 0
1 1 1 1 1 2 1 1 1 1
1 0 0 0 0 1 0 0 0 0
1 0 0 0 0 0 0 0 0 0
Maze 59
87 117 3.2000000000 2.1838364972 56 0.373705647010898
73 70 59 19 67 4 89 74 66 72 61 56 67 25 29 73
63 69 400 17 64 84 84 64 62 71 51 66 65 400 23
402 401 400 402 401 401 401 402 402 401 402 401 401 400 402
0 0 0 1 0 0 0 0 0 0
0 0 0 1 0 0 1 1 1 0
0 0 1 1 1 1 1 1 1 0
0 0 1 1 1 0 1 0 1 0
0 0 1 1 1 0 1 0 1 0
1 1 1 1 1 1 1 0 1 0
1 1 1 1 1 1 1 1 1 1
1 1 2 1 0 0 0 0 0 0
0 0 0 1 1 1 1 1 1 0
0 0 0 0 0 0 0 0 0 0
Maze 60
93 25 3.4893617021 1.9918211816 35 0.367635470920179
11 25 75 85 37 89 45 10 22 17 42 42 2 45 50 11
21 400 400 35 87 85 5 2 12 12 400 400 42 400 41
401 400 400 402 401 401 402 402 402 402 400 400 401 400 401
0 1 1 1 1 1 1 1 1 1
2 1 1 1 1 1 1 0 0 0
1 1 1 1 1 0 0 0 0 0
1 1 0 0 1 1 1 0 0 0
1 1 1 1 1 1 1 1 1 1
0 0 0 0 1 0 1 0 0 0
0 0 0 0 1 0 1 0 0 0
0 0 0 0 1 0 1 0 0 0
0 0 0 0 1 1 1 1 1 0
0 0 0 0 0 0 0 0 0 0
Maze 61
95 205 3.2692307692 2.0992168406 71 0.380132896146134
47 76 96 87 43 78 38 2 78 93 92 16 50 66 94 47
46 400 86 83 73 400 32 72 73 400 12 46 46 64 44
402 400 402 401 401 400 401 401 402 400 402 401 402 402 402
0 1 0 0 0 0 0 0 0 0
0 1 1 1 1 1 0 0 0 0
0 1 0 0 0 1 0 0 0 0
0 1 1 1 1 1 1 1 0 0
0 1 1 1 1 1 2 1 1 1
0 1 1 1 0 1 0 1 0 0
0 1 1 1 1 1 0 1 0 0
0 1 1 1 1 1 1 1 0 0
0 1 1 1 1 1 1 0 0 0
0 1 1 1 0 1 0 0 0 0
Maze 62
103 739 3.2258064516 2.3443937055 66 0.373221857209334
26 97 38 39 10 81 36 18 77 34 28 53 5 57 79 26
96 37 400 9 1 31 16 17 74 24 23 3 55 77 76
401 402 400 402 402 402 402 402 401 402 402 402 401 401 401
1 1 1 1 1 1 1 1 1 1
1 0 1 0 1 1 1 1 1 0
1 0 1 1 1 2 1 1 1 0
1 1 1 1 1 1 1 1 1 0
1 0 1 1 1 1 1 0 0 0
1 0 1 1 1 1 1 0 0 0
1 0 0 1 0 1 1 0 0 0
1 0 0 1 1 1 1 1 1 0
1 0 0 0 0 1 1 0 0 0
0 0 0 0 0 1 1 0 0 0
Maze 63
87 404 2.7636363636 2.1985564626 56 0.358368172932031
53 92 89 58 61 22 54 7 63 76 66 31 80 69 64 53
52 82 88 51 21 52 4 3 73 400 61 71 79 400 63
402 402 401 402 402 401 402 402 401 400 401 401 401 400 401
0 0 1 1 1 1 1 0 0 0
0 0 1 1 0 0 0 0 0 0
1 1 1 1 0 0 0 0 0 0
1 1 1 1 0 0 0 0 0 0
1 1 1 1 0 0 0 0 0 0
1 1 2 1 1 1 1 1 0 0
1 1 1 1 1 1 1 1 1 0
1 1 1 1 1 1 1 1 1 1
0 1 1 1 1 1 1 1 1 0
0 1 0 0 0 0 0 0 0 0
Maze 64
115 112 3.0294117647 2.2229650316 96 0.389665382336016
42 69 32 9 41 97 100 83 29 28 18 21 10 86 75 42
62 62 2 1 91 400 93 23 400 400 11 1 6 85 72
401 401 402 402 401 400 401 402 400 400 402 402 402 401 401
1 1 1 1 1 1 1 1 1 1
1 1 1 1 1 1 1 1 0 0
1 1 1 1 1 1 1 1 1 0
1 1 1 0 0 1 0 0 0 0
1 2 1 0 0 1 0 0 0 0
1 1 1 0 0 1 0 0 0 0
1 1 1 1 1 1 1 1 1 0
1 1 1 1 1 1 0 0 0 0
1 0 1 0 1 1 0 0 0 0
1 1 1 1 1 1 1 1 1 1
Maze 65
125 454 3.2580645161 2.1270812368 183 0.382513440127031
92 71 26 40 5 59 81 42 5 74 21 47 95 11 90 92
91 21 36 35 55 51 41 2 4 71 41 45 91 81 82
401 402 401 401 401 402 402 402 402 401 401 402 401 401 402
0 1 1 1 1 0 0 0 0 0
1 1 0 1 1 0 0 0 0 0
1 1 1 1 1 1 0 0 0 0
1 1 0 1 1 1 1 1 1 1
1 1 1 1 1 1 1 0 0 0
1 1 1 1 1 1 1 1 1 0
1 0 0 1 1 0 0 0 0 0
1 1 1 1 1 0 0 0 0 0
1 1 1 1 1 1 1 1 1 1
1 2 1 1 1 0 0 0 0 0
Maze 66
75 183 3.0697674419 2.1299964074 35 0.389784787281890
38 99 56 43 34 32 13 67 25 39 77 80 78 46 73 38
98 96 53 33 400 12 63 65 35 37 400 400 76 43 33
401 401 401 402 400 402 401 401 401 402 400 400 401 402 402
0 0 0 0 0 0 0 0 0 0
0 1 1 0 0 0 0 0 0 0
0 1 1 0 1 0 0 0 0 0
0 1 1 1 1 1 1 2 1 0
0 0 1 1 1 1 1 1 0 0
0 0 1 1 1 1 1 1 0 0
0 0 1 1 1 1 1 1 0 0
0 0 1 0 0 1 1 1 1 1
0 0 0 0 0 1 0 1 0 0
0 0 0 0 0 1 1 1 1 0
Maze 67
83 26 3.0980392157 2.2159110899 30 0.381939814539747
52 38 48 50 28 35 84 92 73 90 46 5 78 83 98 52
32 400 400 48 25 34 82 72 83 86 45 75 73 93 92
402 400 400 401 402 402 402 402 401 401 401 401 402 401 401
0 0 0 0 1 0 0 0 0 0
0 0 0 0 1 0 0 0 0 0
0 0 0 0 1 1 1 1 0 0
0 1 1 1 1 1 1 1 0 0
0 1 0 1 1 1 0 1 1 1
0 2 0 1 1 1 0 0 0 0
0 1 0 1 1 1 0 0 0 0
0 1 1 1 1 1 1 1 0 0
0 1 1 1 1 1 1 1 1 1
0 1 1 1 1 1 1 1 0 0
Maze 68
85 6 2.6071428571 2.1666933254 39 0.412847133008386
16 20 60 34 53 85 84 11 15 87 73 90 35 19 49 16
400 400 54 33 83 400 81 400 85 83 83 85 15 400 46
400 400 401 402 401 400 401 400 401 401 401 401 402 400 401
0 0 0 0 0 0 0 0 0 0
1 1 1 1 1 2 1 1 1 1
1 0 0 0 1 1 0 0 1 1
1 0 1 1 1 1 0 0 1 1
1 0 1 1 1 1 1 1 1 1
1 0 1 1 1 1 1 1 1 1
1 0 1 0 1 0 0 0 0 0
1 0 1 0 1 0 0 0 0 0
1 1 1 1 1 1 1 1 1 1
0 0 0 0 0 0 0 0 0 0
Maze 69
95 379 3.0000000000 2.1843202261 70 0.391323528112070
43 42 83 87 9 89 97 96 77 20 80 65 99 5 70 43
400 82 400 7 400 87 400 76 17 400 75 95 95 65 63
400 401 400 402 400 402 400 402 402 400 401 401 401 401 401
0 0 0 0 1 0 1 1 1 0
0 0 0 0 1 0 1 1 1 1
0 0 0 0 1 0 1 0 1 1
0 0 0 0 1 0 1 0 1 1
0 1 2 0 1 0 1 0 1 1
0 1 1 0 1 0 1 0 1 1
0 1 1 1 1 1 1 1 1 1
0 1 0 0 1 1 1 1 1 1
0 1 1 1 1 1 1 1 1 0
0 0 0 0 1 1 1 1 1 0
Maze 70
97 54 3.6888888889 1.9275183842 77 0.394985733779159
1 14 87 37 41 90 71 57 14 37 97 86 92 85 44 1
11 84 400 31 81 81 51 54 34 400 96 82 82 84 41
401 401 400 402 401 401 402 401 401 400 401 402 402 401 401
2 0 0 0 0 0 0 0 0 0
1 1 1 1 0 0 0 0 0 0
1 0 0 1 0 0 0 0 0 0
1 1 1 1 1 1 1 0 0 0
1 1 1 1 0 0 1 0 0 0
1 1 1 1 1 1 1 0 0 0
1 0 0 1 0 0 1 0 0 0
1 0 0 1 0 0 1 0 0 0
1 1 1 1 1 1 1 1 1 1
0 1 0 0 0 1 1 0 0 0
Maze 71
89 13 2.8727272727 2.1945283944 50 0.377224309481261
67 52 59 56 60 100 73 31 29 46 33 61 21 47 4 67
62 400 400 400 400 93 71 21 26 43 31 400 41 44 64
401 400 400 400 400 401 401 402 402 401 402 400 401 401 401
0 0 0 1 0 0 0 0 0 0
0 0 0 1 0 0 0 0 0 0
1 1 1 1 1 1 1 1 1 0
1 1 1 1 0 1 0 0 0 0
1 1 1 1 1 1 1 0 0 0
1 1 1 1 1 1 1 1 1 1
1 1 1 1 1 1 2 0 0 1
1 1 1 0 0 0 0 0 0 1
0 0 1 0 0 0 0 0 0 1
0 0 1 1 1 1 1 1 1 1
Maze 72
97 41 3.0714285714 2.1843202261 77 0.387544220065602
93 41 33 37 25 15 89 64 53 2 98 42 94 94 5 93
91 31 400 35 400 85 84 63 52 92 92 92 400 4 3
401 402 400 401 400 401 401 401 401 401 401 401 400 402 402
0 1 1 1 1 0 0 0 0 0
0 1 1 1 1 0 0 0 0 0
0 1 1 1 1 0 0 0 0 0
1 1 1 1 1 1 1 0 0 0
1 1 1 1 1 0 0 0 0 0
1 1 1 1 1 0 0 0 0 0
1 1 1 1 1 0 0 0 0 0
1 1 1 1 1 0 0 0 0 0
1 1 1 1 1 1 1 1 1 0
1 1 2 1 1 1 1 1 0 0
Maze 73
95 11 3.2222222222 2.1843202261 54 0.371763453579304
42 22 79 97 58 14 57 30 43 9 25 26 23 28 95 42
400 72 77 57 54 54 27 23 3 5 400 400 400 25 92
400 401 402 402 401 401 402 402 402 402 400 400 400 402 401
0 0 1 1 1 1 1 1 1 0
0 0 1 1 1 0 0 0 0 0
0 1 1 1 1 1 1 1 1 1
0 1 1 1 1 0 1 0 0 0
0 2 1 1 1 0 1 0 0 0
0 1 0 1 1 1 1 1 0 0
0 1 0 0 1 0 1 0 0 0
0 1 1 1 1 1 1 1 1 0
0 1 0 0 1 0 1 0 0 0
0 1 1 1 1 0 1 0 0 0
Maze 74
89 83 3.0800000000 2.0640750970 50 0.368236054773888
46 78 79 88 64 89 9 66 72 18 95 56 18 56 38 46
76 400 78 84 84 400 6 62 12 15 55 16 16 36 36
401 400 402 401 401 400 402 402 402 402 402 402 402 402 402
0 0 0 0 0 1 1 1 1 0
0 1 1 1 1 1 1 1 1 0
0 1 0 0 1 1 0 0 1 0
0 1 0 0 1 1 1 1 1 0
0 1 0 0 1 2 0 0 1 0
0 1 0 0 1 1 0 0 1 0
0 1 1 1 1 1 0 0 1 0
0 1 0 1 1 1 1 1 1 0
0 0 0 1 1 1 1 1 1 0
0 0 0 0 1 0 0 0 0 0
Maze 75
97 296 2.6774193548 2.2166146212 66 0.397161291901586
31 2 36 56 24 69 50 89 92 66 95 1 26 27 99 31
1 32 400 54 64 49 49 82 62 65 91 21 400 97 91
402 401 400 401 401 402 402 402 402 402 401 401 400 401 401
1 1 0 0 0 0 0 0 0 0
1 1 0 0 0 0 0 0 0 0
1 1 1 1 1 1 1 0 0 0
2 1 1 1 1 1 1 0 0 0
1 0 0 1 0 1 1 0 1 1
1 0 0 1 1 1 1 0 1 0
1 1 1 1 1 1 1 1 1 0
1 1 0 0 1 0 1 0 1 0
1 1 1 1 1 1 1 1 1 0
1 1 1 1 1 1 1 1 1 0
Maze 76
121 687 3.4000000000 2.0526319256 112 0.379616217941666
60 72 19 45 20 35 73 29 81 71 46 69 91 51 96 60
52 12 15 15 15 33 23 21 400 41 66 61 400 91 56
402 402 402 402 402 402 402 402 400 402 401 402 400 401 402
0 0 0 0 0 0 0 0 0 0
0 1 1 1 1 1 1 1 1 1
1 1 1 1 1 1 1 1 1 0
1 1 1 1 1 0 0 0 0 0
1 1 1 1 1 1 0 0 0 0
1 1 1 1 1 1 1 1 1 2
1 1 1 1 1 1 1 1 1 0
1 1 1 0 0 1 0 0 0 0
1 0 0 0 0 1 0 0 0 0
1 1 1 1 1 1 0 0 0 0
Maze 77
89 18 3.5813953488 2.0042468333 40 0.383231599408964
92 34 64 13 56 23 13 10 46 37 58 34 53 84 40 92
32 400 63 53 53 400 3 6 36 57 54 33 83 34 32
402 400 401 401 401 400 402 402 402 401 401 402 401 402 402
0 0 1 1 1 1 1 1 1 1
0 0 1 0 0 1 0 0 0 0
0 0 1 0 0 1 0 0 0 0
0 1 1 1 1 1 1 1 1 1
0 1 1 1 0 1 1 0 0 0
0 1 1 1 1 1 1 1 0 0
0 1 1 1 0 0 0 0 0 0
0 1 1 1 0 0 0 0 0 0
0 1 1 1 0 0 0 0 0 0
0 2 0 0 0 0 0 0 0 0
Maze 78
83 22 2.8571428571 2.2923517475 25 0.360099844216205
46 60 98 95 50 28 64 36 81 94 77 46 93 46 48 46
56 58 400 45 48 24 34 31 91 74 76 43 43 400 400
401 402 400 402 401 402 402 402 401 402 401 402 402 400 400
0 0 0 0 0 0 0 0 0 0
0 0 0 0 0 0 0 0 0 0
0 0 0 1 1 1 1 1 0 0
1 1 1 1 1 1 0 1 0 0
1 0 1 1 1 2 1 1 1 1
1 0 1 1 1 1 1 1 1 1
1 0 1 1 1 1 0 1 0 0
1 0 1 1 1 1 1 1 0 0
1 0 1 1 1 0 0 1 0 0
1 1 1 1 1 1 1 1 0 0
Maze 79
101 33 3.3469387755 1.9749164857 77 0.368103739412997
96 34 70 97 7 99 5 64 53 34 35 66 61 68 51 96
94 64 67 400 97 95 4 63 33 400 65 400 400 61 91
401 401 402 400 401 401 402 401 402 400 401 400 400 401 401
0 0 0 1 1 0 1 0 0 0
0 0 0 1 1 0 1 0 0 0
0 0 0 1 1 0 1 0 0 0
0 0 1 1 1 0 1 0 0 0
0 0 1 1 1 0 1 0 0 0
1 0 1 1 1 0 1 0 0 0
1 1 1 1 1 1 1 1 1 1
1 0 0 1 1 0 1 0 0 0
1 0 0 1 1 0 1 0 0 0
1 1 1 1 1 2 1 1 1 0
Maze 80
75 19 2.5925925926 2.2235997534 23 0.372040672718714
50 17 30 30 59 65 36 5 5 81 89 80 58 71 35 50
47 27 400 29 55 35 35 400 1 400 79 78 51 31 45
401 401 400 402 402 402 401 400 402 400 402 401 402 402 401
1 1 1 1 1 0 0 0 0 0
1 0 0 0 1 0 1 0 0 0
1 0 0 0 1 0 1 1 1 1
1 1 1 1 1 1 1 0 1 0
1 0 0 0 1 1 1 1 1 2
1 1 1 1 1 1 1 1 1 0
1 0 0 0 1 0 0 1 0 0
1 0 0 0 0 0 0 1 1 1
1 1 1 1 1 1 1 1 1 0
0 0 0 0 0 0 0 0 0 0
Maze 81
85 37 3.5500000000 1.8941273743 32 0.395894183631345
3 90 56 55 44 89 54 33 45 68 17 27 36 50 87 3
83 86 400 54 84 84 53 43 65 67 400 26 46 47 83
401 401 400 401 401 401 401 401 401 401 400 402 401 402 401
0 0 2 0 0 0 0 0 0 0
0 0 1 0 0 0 1 0 0 0
0 0 1 0 0 1 1 0 0 0
0 0 1 0 0 1 1 0 0 0
0 0 1 1 1 1 1 1 1 1
0 0 1 1 1 1 1 0 0 0
0 0 1 1 1 1 1 1 0 0
0 0 1 1 0 1 1 0 0 0
0 0 1 1 1 1 1 1 1 1
0 0 0 0 0 0 0 0 0 0
Maze 82
129 8203 3.7666666667 2.0297026441 192 0.390417698554126
83 8 41 49 12 8 55 21 18 87 5 42 80 65 27 83
3 1 400 42 2 5 51 11 17 85 2 72 75 25 23
402 402 400 401 402 402 401 402 402 401 402 401 401 402 402
1 1 1 1 1 1 1 1 0 0
1 1 1 1 1 1 1 1 0 0
1 1 1 1 1 1 1 0 0 0
1 1 1 0 1 0 1 0 0 0
1 1 1 1 1 1 1 1 1 0
1 1 1 1 1 0 1 0 0 0
0 1 1 0 1 0 1 0 0 0
0 1 1 1 1 1 1 1 1 1
0 0 2 0 1 1 1 0 0 0
0 0 0 0 0 0 0 0 0 0
Maze 83
89 6 3.2244897959 2.1068143408 33 0.399984533950500
9 25 21 24 15 79 91 100 68 13 25 57 65 68 85 9
5 400 400 14 75 71 400 98 63 23 55 55 400 65 5
402 400 400 402 401 402 400 401 401 401 401 402 400 402 402
0 0 0 0 1 1 1 1 2 0
0 0 1 1 1 0 0 0 0 0
1 1 1 1 1 0 0 0 0 0
0 0 1 0 1 0 0 0 0 0
0 0 1 0 1 0 0 0 0 0
0 0 1 0 1 1 1 0 0 0
0 0 1 1 1 1 1 1 0 0
1 1 1 1 1 1 1 1 1 0
1 0 0 0 1 0 0 1 0 0
1 1 1 1 1 1 1 1 1 1
Maze 84
101 2452 3.2758620690 2.2064881934 56 0.381057285958844
83 73 4 58 1 28 63 47 8 35 62 99 45 45 15 83
400 3 54 51 21 23 43 7 5 32 92 95 400 400 13
400 402 401 401 401 402 402 402 402 402 401 401 400 400 402
1 0 1 1 1 1 1 1 0 0
1 0 1 1 1 0 1 0 0 0
1 1 1 1 1 1 1 1 0 0
1 1 1 1 1 0 1 0 0 0
1 1 1 1 1 1 1 0 0 0
1 1 1 1 1 1 1 1 0 0
0 1 1 0 1 0 0 0 0 0
0 1 1 0 1 0 0 0 0 0
0 1 2 0 1 0 0 0 0 0
0 1 1 1 1 1 1 1 1 0
Maze 85
99 43 3.2244897959 1.9282406441 60 0.397456560460588
74 17 1 53 25 97 74 31 15 18 21 16 96 58 14 74
14 11 51 23 95 94 71 11 400 11 11 400 56 54 400
402 401 401 402 401 401 401 402 400 402 402 400 402 401 400
1 0 0 0 0 0 0 0 0 0
1 1 1 1 1 1 1 1 0 0
1 0 1 1 1 1 0 0 0 0
1 0 1 1 1 1 0 0 0 0
1 0 1 1 1 1 0 0 0 0
1 1 1 1 1 1 1 1 0 0
1 0 0 1 1 1 0 0 0 0
1 1 1 2 1 1 0 0 0 0
0 0 0 1 1 1 0 0 0 0
0 0 0 1 1 1 1 0 0 0
Maze 86
95 605 2.7857142857 2.0992168406 64 0.359784296214959
69 40 62 88 28 10 36 59 48 23 6 45 12 89 30 69
39 32 82 400 8 6 56 58 43 3 5 42 82 29 29
402 402 401 400 402 402 401 401 401 402 402 401 401 402 402
0 0 1 1 1 1 1 1 1 1
0 1 1 0 1 1 0 1 0 0
0 1 1 0 1 1 0 1 1 1
0 1 1 1 1 1 1 1 1 1
0 1 1 1 1 1 1 1 1 0
0 1 0 0 0 1 1 1 1 0
0 1 0 0 0 0 0 1 2 0
0 1 0 0 0 0 0 1 1 0
0 1 1 1 1 1 1 1 1 0
0 0 0 0 0 0 0 0 0 0
Maze 87
113 138 3.4137931034 2.0833756176 70 0.381370010477855
92 85 99 14 49 6 94 77 41 99 88 54 62 19 36 92
82 95 94 44 46 4 74 71 91 98 84 52 12 16 32
402 401 401 401 401 402 402 401 401 401 401 402 402 402 402
0 0 0 1 1 1 0 0 0 0
0 1 1 1 1 1 1 1 1 0
0 1 0 1 0 1 0 0 0 0
0 1 1 1 1 1 0 0 0 0
1 1 0 1 1 1 1 1 1 0
1 1 1 1 0 0 0 0 0 0
1 1 0 1 0 0 0 0 0 0
1 1 1 1 1 1 1 0 0 0
1 1 1 1 1 1 1 1 0 0
1 2 1 1 1 1 1 1 1 0
Maze 88
81 10 2.5423728814 2.2967227180 30 0.357679008010972
56 38 33 26 70 40 12 12 8 78 90 68 46 21 95 56
36 400 23 66 400 32 400 2 400 88 88 66 41 91 55
402 400 402 401 400 401 400 402 400 401 401 401 401 401 402
0 1 1 1 1 1 1 1 0 0
0 1 0 0 0 0 0 1 0 0
1 1 1 1 1 1 0 1 0 0
1 1 1 1 1 1 1 1 1 1
1 1 1 1 1 1 0 1 0 1
1 0 0 0 1 2 0 1 0 1
1 0 0 0 1 1 1 1 1 1
1 0 0 0 1 0 0 1 0 0
1 0 0 0 1 0 0 1 1 1
1 1 1 1 1 0 0 0 0 0
Maze 89
81 81 3.1489361702 2.1560348361 26 0.360937552707650
56 88 78 99 97 90 66 60 12 50 70 39 64 100 46 56
86 400 98 400 87 86 56 52 42 400 69 34 94 96 400
401 400 401 400 402 401 402 401 401 400 401 402 401 401 400
0 0 0 0 0 0 0 0 0 0
0 1 0 0 0 0 0 0 0 0
0 1 0 0 0 0 0 0 0 0
0 1 0 1 1 1 1 1 1 0
0 1 1 1 1 1 1 1 1 1
0 1 1 1 1 2 1 1 1 1
0 0 0 1 0 1 0 0 1 1
0 0 0 1 0 1 0 1 0 0
0 0 0 1 0 1 1 1 1 1
0 0 0 1 1 1 1 1 1 1
Maze 90
95 21 3.7435897436 1.7871710941 56 0.396504728085648
26 86 7 53 90 43 7 49 86 66 23 29 56 76 16 26
400 6 3 83 83 3 47 46 400 63 400 26 400 400 400
400 402 402 401 401 402 401 402 400 401 400 402 400 400 400
0 0 1 1 1 1 1 0 0 0
0 0 1 0 0 1 1 0 0 0
0 0 1 1 1 2 1 1 1 0
0 0 1 0 0 1 1 0 0 0
0 0 1 0 0 1 1 1 1 0
0 0 1 0 0 1 0 0 0 0
0 0 1 1 1 1 0 0 0 0
0 0 1 0 0 1 0 0 0 0
0 0 1 1 1 1 1 1 1 1
0 0 0 0 0 0 0 0 0 0
Maze 91
75 33 3.0434782609 2.1878587335 35 0.390501958520731
11 21 28 49 6 94 54 49 99 74 55 55 80 28 11 11
400 400 48 46 4 400 44 400 94 54 400 75 78 21 400
400 400 401 401 402 400 402 400 401 402 400 401 401 401 400
0 0 0 1 1 1 0 0 0 0
2 0 0 1 0 1 0 0 0 0
1 1 1 1 1 1 1 1 0 0
0 0 0 1 0 1 0 1 0 0
0 0 0 1 1 1 1 1 1 0
0 0 0 1 1 0 0 1 1 0
0 0 0 1 1 0 0 1 1 0
0 0 0 1 1 1 1 1 1 1
0 0 0 1 0 0 0 0 1 0
0 0 0 1 1 1 1 1 1 0
Maze 92
93 22 2.8727272727 2.1070469813 36 0.382475314956423
55 52 13 94 19 4 92 75 14 18 14 50 29 57 70 55
400 12 93 14 14 2 72 74 400 400 44 49 27 67 65
400 402 401 402 401 402 402 401 400 400 401 401 402 401 401
0 1 1 1 0 0 0 0 0 0
0 1 1 1 1 1 1 1 1 0
0 1 1 1 0 0 1 1 1 0
0 1 1 1 0 0 1 0 1 0
0 1 1 1 1 1 1 1 1 1
0 1 1 1 2 0 1 0 0 0
0 1 1 1 1 1 1 1 1 1
0 1 1 1 1 0 0 0 0 0
0 1 1 1 0 0 0 0 0 0
0 1 1 1 0 0 0 0 0 0
Maze 93
91 39 3.3913043478 2.0559191449 45 0.376455442145874
32 30 24 91 23 25 68 10 12 68 53 21 32 42 13 32
22 400 21 21 400 65 8 2 62 63 51 31 400 12 12
402 400 402 402 400 401 402 402 401 401 401 401 400 402 402
0 1 1 1 1 1 1 1 1 1
0 1 1 0 0 0 0 1 0 0
1 1 1 1 1 1 1 1 1 1
1 2 0 0 1 0 0 1 0 0
1 1 0 0 1 0 0 1 0 0
1 1 1 0 1 0 0 1 0 0
1 1 1 1 1 1 1 1 0 0
1 0 0 0 0 0 0 0 0 0
1 0 0 0 0 0 0 0 0 0
1 0 0 0 0 0 0 0 0 0
Maze 94
101 58 3.6666666667 2.1849535709 70 0.379461674600179
16 37 28 85 10 61 51 42 50 22 60 74 27 36 67 16
36 27 25 5 1 400 41 400 42 52 54 24 26 66 66
401 402 402 402 402 400 402 400 401 401 402 402 402 401 401
1 1 1 1 1 1 1 1 1 1
1 0 0 0 1 2 0 0 0 0
1 1 0 1 1 1 1 1 0 0
1 1 0 1 1 1 1 0 0 0
1 1 1 1 1 1 1 1 1 1
1 1 1 1 1 1 1 1 1 1
1 0 0 1 1 1 1 0 0 0
0 0 0 1 1 0 0 0 0 0
0 0 0 0 1 0 0 0 0 0
0 0 0 0 0 0 0 0 0 0
Maze 95
97 165 3.0980392157 1.9801929812 71 0.377487998021168
69 93 95 4 14 18 70 26 63 86 99 16 33 88 72 69
63 400 94 400 400 68 66 23 83 96 96 13 83 82 62
402 400 401 400 400 401 401 402 401 401 401 402 401 401 402
0 0 0 1 0 0 0 0 0 0
0 0 1 1 1 1 1 1 0 0
0 0 1 1 1 1 0 1 0 0
0 0 1 1 0 1 0 1 0 0
0 0 1 1 0 1 0 1 0 0
0 0 1 1 0 1 0 1 0 0
0 1 1 1 1 1 1 1 2 1
0 1 1 1 0 1 0 0 0 0
0 1 1 1 1 1 1 1 0 0
0 0 1 1 1 1 1 1 1 0
Maze 96
89 64 3.0000000000 2.3674220457 29 0.393970236164383
17 9 20 20 43 72 14 51 33 37 50 20 100 51 98 17
7 19 400 13 42 12 11 31 400 47 400 400 91 91 97
402 401 400 402 402 402 402 402 400 401 400 400 401 401 401
0 0 0 0 0 0 1 1 1 0
1 1 1 1 1 1 2 1 1 1
1 1 1 0 0 0 1 0 0 1
1 1 1 1 1 1 1 0 0 1
1 1 1 0 0 0 1 1 1 1
1 1 0 0 0 0 1 0 0 1
1 1 0 0 0 0 1 0 0 1
1 1 0 0 0 0 1 0 0 1
1 0 0 0 0 0 1 0 0 1
1 1 1 1 1 1 1 1 1 1
Maze 97
97 9 2.8181818182 2.2847332286 71 0.399217298609024
20 4 72 14 50 33 47 59 28 75 70 96 81 54 10 20
14 2 12 44 43 43 57 58 25 65 66 91 51 4 400
401 402 402 401 401 401 401 401 402 402 402 401 402 402 400
0 1 1 1 1 1 1 1 1 1
0 1 1 1 1 1 1 1 1 2
0 1 0 1 1 1 1 1 0 0
0 1 1 1 1 0 0 1 0 0
0 1 1 1 1 1 1 1 1 1
1 1 1 1 1 0 1 1 1 0
1 1 0 0 1 1 1 1 1 1
1 1 0 0 1 1 0 0 0 0
1 0 0 0 0 1 0 0 0 0
1 1 1 1 1 1 0 0 0 0
Maze 98
129 9875 3.0810810811 2.2489456497 127 0.388750474543836
81 9 78 81 20 76 25 10 14 82 90 50 21 38 31 81
1 8 71 11 16 75 5 4 12 400 400 41 31 400 400
402 402 402 402 402 401 402 402 402 400 400 401 401 400 400
1 1 1 1 1 1 1 1 1 1
1 1 1 1 1 1 1 1 1 1
1 1 0 0 1 1 0 1 0 0
1 1 1 1 1 1 1 1 0 0
1 1 1 1 1 1 1 1 1 1
1 1 0 0 1 1 0 1 0 1
1 1 0 0 1 1 0 1 0 1
1 1 1 1 1 1 1 1 0 1
2 1 1 1 1 1 1 1 1 1
0 0 0 0 0 0 0 0 0 0
Maze 99
85 3 3.2121212121 1.4594096163 32 0.357896833624367
78 73 13 80 19 30 35 25 27 15 3 45 45 79 3 78
400 400 73 79 29 25 400 400 25 13 43 400 75 73 73
400 400 401 401 401 402 400 400 401 401 401 400 401 401 401
0 0 1 0 0 0 0 0 0 0
0 0 1 1 1 0 0 0 1 0
0 0 1 0 1 1 1 1 1 1
0 0 1 0 1 0 0 0 1 0
0 0 1 1 1 0 0 0 1 0
0 0 1 0 1 0 0 0 1 0
0 0 1 0 1 0 0 0 1 0
0 0 1 1 1 1 1 2 1 1
0 0 0 0 0 0 0 0 0 0
0 0 0 0 0 0 0 0 0 0
Maze 100
95 12 3.6500000000 1.8103641650 50 0.396362958508916
45 12 22 55 22 27 93 96 98 91 96 48 92 100 23 45
42 400 52 52 400 23 400 400 400 400 46 42 400 93 43
401 400 401 401 400 402 400 400 400 400 402 402 400 401 401
0 0 0 0 0 0 0 0 0 0
0 1 0 0 0 0 0 0 0 0
0 1 1 1 1 1 1 0 0 0
0 1 1 0 0 0 0 0 0 0
0 1 1 1 2 1 1 1 0 0
0 1 1 1 1 1 0 0 0 0
0 1 1 0 0 1 0 0 0 0
0 1 1 0 0 1 0 0 0 0
0 1 1 0 0 1 0 0 0 0
1 1 1 1 1 1 1 1 1 1
Maze 101
99 46 3.0163934426 2.3545269969 58 0.398897963518250
18 81 42 3 56 89 52 78 33 47 24 27 43 45 88 18
11 41 2 53 86 82 72 73 43 44 400 23 400 85 400
402 402 402 401 401 401 401 401 401 401 400 402 400 401 400
0 1 1 0 0 0 0 0 0 0
1 1 1 1 1 1 1 2 0 0
1 1 1 1 1 1 1 1 0 0
1 1 1 1 0 0 0 1 0 0
1 1 1 1 1 1 1 1 0 0
1 1 1 1 1 1 0 1 0 0
1 1 1 0 1 1 0 1 0 0
1 1 1 1 1 1 1 1 0 0
1 1 1 1 1 1 1 1 1 0
0 0 0 0 0 0 0 0 0 0
Maze 102
83 5 3.5813953488 2.0110256034 19 0.377582928824282
24 65 79 64 36 5 81 5 37 65 38 6 10 19 8 24
64 75 74 34 35 1 1 35 35 35 36 400 9 18 4
401 401 401 402 401 402 402 401 402 402 401 400 402 401 402
1 1 1 1 1 1 1 1 1 1
1 0 0 1 1 1 0 1 1 0
1 0 0 2 1 1 0 0 0 0
1 0 0 1 1 1 1 1 0 0
1 0 0 1 1 0 0 0 0 0
1 0 0 1 1 0 0 0 0 0
1 0 0 1 1 0 0 0 0 0
1 0 0 1 1 1 1 1 1 0
1 0 0 0 0 0 0 0 0 0
0 0 0 0 0 0 0 0 0 0
Maze 103
107 96 3.2280701754 2.1161052913 90 0.376126756497060
46 6 67 3 98 32 59 60 68 9 1 4 97 33 63 46
400 66 63 93 92 52 400 58 8 400 400 94 93 400 43
400 401 401 401 401 401 400 402 402 400 400 401 401 400 402
1 1 1 1 1 1 1 1 1 0
0 0 1 1 0 1 0 1 0 0
0 0 1 1 0 1 0 1 0 0
0 1 1 1 0 1 0 1 0 0
0 1 1 1 1 2 0 1 0 0
0 1 1 1 1 1 1 1 1 1
0 1 1 1 1 1 1 1 0 0
0 1 1 1 0 0 0 0 0 0
0 1 1 1 0 0 0 0 0 0
0 1 1 1 1 1 1 1 0 0
Maze 104
103 996 3.2982456140 2.1414791011 77 0.381982005805985
30 82 49 13 6 89 26 14 53 79 45 63 61 71 89 30
22 42 43 3 86 86 24 13 73 75 43 400 400 81 29
402 402 401 402 401 401 401 402 401 401 402 400 400 401 402
0 0 1 1 1 1 0 0 0 0
0 0 1 1 0 1 0 0 0 0
0 1 1 1 1 1 1 1 1 2
0 1 1 0 0 1 0 0 1 0
0 1 1 1 1 1 1 1 1 0
0 1 1 0 1 1 0 0 1 0
1 1 1 0 1 1 0 0 1 0
1 1 1 1 1 1 1 1 1 0
1 1 1 1 1 1 1 1 1 0
0 0 0 0 0 0 0 0 0 0
Maze 105
77 63 3.3157894737 1.9507741613 30 0.381300781182556
50 64 95 77 36 69 64 42 37 26 65 49 56 47 22 50
44 94 75 76 66 400 62 32 36 25 45 46 46 42 42
402 401 402 401 401 400 401 402 401 402 402 402 402 401 401
0 0 0 0 0 0 0 0 0 0
0 0 0 0 0 0 0 0 0 0
0 1 0 0 1 1 0 0 0 0
0 1 1 1 1 1 1 0 0 0
0 1 1 1 1 1 1 1 1 2
0 1 0 1 1 1 0 0 0 0
0 1 1 1 1 1 1 1 1 0
0 0 0 1 1 1 1 0 0 0
0 0 0 1 1 0 0 0 0 0
0 0 0 1 1 0 0 0 0 0
Maze 106
119 524 3.3225806452 2.1349972058 117 0.383834373025137
79 5 1 73 9 50 9 14 100 5 8 46 51 25 3 79
75 400 71 3 49 49 4 94 95 400 6 41 21 23 73
401 400 401 402 401 401 402 401 401 400 402 402 402 401 401
1 1 1 1 1 1 1 1 1 0
1 0 1 1 1 1 0 0 1 0
1 1 1 1 1 1 0 0 1 0
1 0 1 1 1 1 0 0 1 0
1 1 1 1 1 1 0 0 1 1
1 0 1 1 1 0 0 0 0 0
1 0 1 1 1 0 0 0 0 0
1 1 1 1 1 1 1 1 2 0
0 0 0 1 1 0 0 0 0 0
0 0 0 1 1 1 1 1 1 1
Maze 107
95 52 3.0000000000 2.1484533688 64 0.360535395383409
57 47 61 97 75 97 29 2 6 11 8 86 13 85 57 57
400 41 91 95 95 27 22 400 1 1 6 83 83 55 400
400 402 401 401 401 402 401 400 402 402 402 401 401 402 400
1 1 1 1 1 1 1 1 0 0
1 1 1 0 0 1 0 0 0 0
0 1 1 1 1 1 1 1 1 0
0 0 1 0 0 1 1 0 0 0
1 1 1 1 1 1 1 0 0 0
1 0 1 0 1 1 2 0 0 0
1 0 1 0 1 1 1 0 0 0
1 0 1 0 1 1 1 0 0 0
1 0 1 1 1 1 1 0 0 0
1 1 1 1 1 1 1 0 0 0
Maze 108
95 4 3.3076923077 2.0903870615 48 0.384824278732185
41 9 18 54 38 48 37 73 38 22 26 62 98 52 13 41
1 8 14 34 400 47 33 33 32 400 22 92 92 12 11
402 402 402 402 400 401 402 402 401 400 402 401 401 402 402
1 1 1 1 1 1 1 1 1 0
1 1 1 1 1 1 1 1 0 0
1 1 1 1 1 1 0 0 0 0
1 1 1 1 1 1 1 1 0 0
2 1 1 1 0 0 1 1 0 0
0 1 1 1 0 0 0 0 0 0
0 1 1 0 0 0 0 0 0 0
0 1 1 0 0 0 0 0 0 0
0 1 0 0 0 0 0 0 0 0
0 1 1 1 1 1 1 1 0 0
Maze 109
103 131 3.1320754717 1.9916832257 77 0.382938734947933
64 53 6 69 8 44 67 74 5 53 96 74 39 90 4 64
63 3 66 68 4 64 64 4 3 93 94 34 89 84 400
401 402 401 401 402 401 402 402 402 401 401 402 401 401 400
0 0 1 1 1 1 1 1 0 0
0 0 1 1 0 1 0 1 0 0
0 0 1 1 0 1 0 1 0 0
0 0 1 1 1 1 1 1 1 0
0 0 1 1 0 1 0 1 1 0
0 0 1 1 0 1 0 1 1 0
0 0 1 2 1 1 1 1 1 0
0 0 1 1 0 0 0 0 1 0
0 0 1 1 1 1 1 1 1 1
0 0 1 1 1 1 0 0 0 0
Maze 110
79 34 2.9583333333 2.2877310144 25 0.381326805767289
43 1 93 1 3 59 49 88 55 36 37 32 71 77 43 43
41 91 91 400 53 400 48 85 35 400 400 31 400 73 400
401 401 401 400 401 400 402 401 402 400 400 402 400 401 400
1 1 1 0 0 0 0 0 0 0
1 0 1 0 0 0 0 0 0 0
1 0 1 0 0 0 0 0 0 0
1 1 1 1 1 1 1 0 0 0
1 1 2 0 1 0 0 1 1 0
1 0 1 1 1 1 1 1 1 0
1 0 1 0 1 0 0 1 0 0
1 1 1 1 1 1 1 1 0 0
1 0 0 0 1 1 1 1 0 0
1 1 1 0 0 0 0 0 0 0
Maze 111
97 132 3.1228070175 2.1173913687 56 0.385095677504117
70 95 22 23 23 92 44 45 30 93 71 7 44 33 5 70
65 92 400 400 22 42 400 25 23 91 1 4 43 3 65
402 401 400 400 402 402 400 402 402 401 402 402 401 402 401
1 1 1 1 1 1 1 0 0 0
1 0 1 1 1 0 0 0 0 0
1 1 1 1 1 1 1 1 1 1
1 1 1 1 1 0 0 0 0 0
1 1 1 1 1 0 0 0 0 0
1 1 1 0 1 0 0 0 0 0
1 1 1 0 1 1 1 1 1 2
1 1 1 0 1 0 0 0 0 0
1 1 1 0 1 0 0 0 0 0
1 1 1 1 1 0 0 0 0 0
Maze 112
117 204 3.1594202899 2.2481206804 116 0.379897734693970
21 5 33 100 50 7 74 14 34 89 22 70 61 18 11 21
1 3 93 400 47 4 400 400 84 82 62 400 11 400 400
402 402 401 400 401 402 400 400 401 401 401 400 402 400 400
1 1 1 1 1 1 1 0 0 0
1 1 1 1 1 1 1 1 0 0
2 1 1 1 0 0 1 0 0 0
1 1 1 1 0 0 1 0 0 0
1 1 1 1 0 0 1 1 1 1
1 1 1 1 0 0 0 0 0 1
1 1 1 1 1 1 1 1 1 1
0 1 1 1 0 0 0 0 0 1
0 1 1 1 1 1 1 1 1 1
0 0 1 1 1 1 1 1 1 1
Maze 113
91 8 2.8000000000 2.2106602173 32 0.360011251052271
58 35 53 8 70 10 53 53 66 11 2 78 67 71 63 58
55 33 3 68 400 3 400 63 61 1 72 77 61 61 53
401 402 402 401 400 402 400 401 401 402 401 401 402 402 402
1 1 1 1 1 1 1 1 1 1
1 1 1 0 0 0 0 1 0 1
1 1 1 0 0 0 0 1 0 1
1 1 1 1 1 0 0 1 0 1
1 1 1 0 1 0 0 1 0 1
1 1 1 1 1 1 1 2 0 1
1 1 1 1 1 1 1 1 1 1
1 1 1 1 1 1 1 1 0 0
0 0 0 0 0 0 0 0 0 0
0 0 0 0 0 0 0 0 0 0
Maze 114
123 1932 3.0769230769 2.0568294735 116 0.401428574699170
18 94 41 19 76 72 36 12 98 25 19 22 49 90 25 18
14 91 11 16 400 32 32 92 95 15 12 42 89 85 15
402 401 402 402 400 402 401 401 401 402 402 401 401 401 402
0 0 0 0 0 0 0 0 0 0
1 1 1 1 1 1 1 2 1 0
1 1 0 1 1 1 0 0 0 0
1 1 1 1 1 1 0 0 0 0
1 1 1 1 1 1 1 1 1 0
1 1 0 1 1 1 0 0 1 0
1 1 0 1 1 1 0 0 1 0
1 1 1 1 1 1 0 0 1 0
1 1 0 1 1 1 1 1 1 1
1 1 1 1 1 1 1 1 0 0
Maze 115
105 208 2.7945205479 2.3823954999 97 0.385321511665455
89 10 32 63 49 3 61 99 75 88 8 56 53 57 19 89
9 2 62 43 43 1 91 95 85 400 6 400 400 17 400
402 402 401 402 401 402 401 401 401 400 402 400 400 402 400
1 1 1 1 1 1 1 1 1 1
1 1 1 0 0 1 1 1 1 0
1 1 1 0 0 1 1 1 1 0
1 1 1 0 0 1 1 1 1 0
1 1 1 1 1 1 1 1 1 0
1 1 1 1 1 1 1 1 1 0
1 1 1 0 0 0 0 1 1 0
1 0 0 0 1 0 0 1 1 0
1 0 0 0 1 1 1 1 2 0
1 1 1 1 1 1 1 1 1 0
Maze 116
89 23 3.0769230769 2.2057836679 56 0.359881924328234
61 61 55 53 86 40 17 26 78 5 31 84 60 21 72 61
400 51 400 83 36 37 16 76 75 1 81 54 51 71 71
400 402 400 401 402 401 402 401 401 402 401 402 401 401 401
1 1 1 1 1 0 0 0 0 0
1 0 0 0 1 1 1 0 0 0
1 0 0 0 1 1 1 0 0 0
1 0 0 0 1 1 1 1 1 1
1 0 0 0 1 1 0 0 0 0
1 1 1 1 1 1 1 1 1 1
2 0 1 1 1 1 0 0 0 0
1 1 1 1 1 1 1 1 0 0
1 1 1 1 1 1 0 0 0 0
0 0 0 0 0 0 0 0 0 0
Maze 117
91 75 3.2340425532 2.0271311142 56 0.373414432753437
87 60 96 27 38 42 68 27 54 45 67 20 22 39 96 87
57 56 26 37 32 62 67 24 44 65 17 12 32 36 86
402 402 402 401 402 401 401 402 402 401 402 402 401 402 402
0 0 0 0 0 0 0 0 0 0
0 1 1 1 1 1 1 1 1 1
0 1 0 1 1 1 1 0 0 0
0 1 1 1 1 1 1 1 1 0
0 1 0 1 1 1 1 0 0 0
0 1 0 1 1 1 1 1 1 1
0 1 1 1 1 1 1 1 0 0
0 0 0 0 0 1 1 0 0 0
0 0 0 0 0 1 2 0 0 0
0 0 0 0 0 1 0 0 0 0
Maze 118
65 12 2.8837209302 2.1912739919 20 0.388337629605882
15 16 28 57 76 45 38 53 73 82 51 15 80 56 37 15
400 26 27 56 75 35 33 400 72 81 11 75 76 36 35
400 401 402 402 401 402 402 400 402 401 402 401 401 402 401
0 0 0 0 0 0 0 0 0 0
1 1 1 1 2 1 0 0 0 0
1 0 0 0 1 1 1 1 0 0
1 0 1 1 1 1 1 1 0 0
1 0 1 0 1 1 1 0 0 0
1 0 1 0 1 1 1 0 0 0
1 0 1 0 1 1 0 0 0 0
1 1 1 0 1 1 1 1 1 1
1 1 0 0 0 0 0 0 0 0
0 0 0 0 0 0 0 0 0 0
Maze 119
127 30730 3.2222222222 2.3034270054 155 0.381365240080544
15 99 16 54 12 41 57 47 11 30 52 100 31 70 10 15
95 96 14 52 11 51 400 41 21 22 92 91 61 400 5
401 401 402 401 402 401 400 401 401 402 401 401 401 400 402
0 0 0 0 1 1 1 1 1 1
1 1 0 1 2 1 0 0 0 1
1 1 1 1 1 1 1 1 1 1
1 1 0 1 1 1 0 0 0 1
1 1 1 1 1 1 1 0 0 1
1 1 1 1 1 1 1 0 0 1
1 1 1 1 1 1 1 1 1 1
1 1 0 0 1 1 0 0 0 0
1 1 0 0 1 1 0 0 0 0
1 1 1 1 1 1 1 1 1 1
Maze 120
89 104 2.9152542373 2.3125000000 56 0.369219520938693
71 65 45 45 20 69 59 82 5 44 42 44 81 25 99 71
61 400 400 15 19 400 52 2 4 400 400 41 21 95 91
402 400 400 402 402 400 402 402 402 400 400 402 402 401 401
0 1 1 1 1 0 0 0 0 0
0 1 0 1 1 1 1 1 1 1
1 1 1 1 1 0 0 0 1 0
1 1 0 1 1 0 0 0 1 0
1 1 1 1 1 0 0 0 1 0
1 1 1 1 1 1 1 1 1 0
1 1 1 1 1 0 0 0 1 0
2 1 0 0 1 0 0 0 0 0
1 1 0 0 1 0 0 0 0 0
1 1 1 1 1 1 1 1 1 0
Maze 121
79 55 2.7272727273 2.2121281637 30 0.369400969021154
48 50 88 58 38 12 35 63 77 69 96 4 72 92 61 48
400 48 400 400 32 32 33 73 67 66 94 2 400 91 41
400 402 400 400 401 401 402 401 402 402 401 402 400 401 402
0 1 1 1 0 0 0 0 0 0
0 1 0 1 0 0 0 0 0 0
0 1 0 1 0 0 0 0 0 0
0 1 1 1 1 1 1 1 0 0
1 1 1 1 1 1 1 2 1 1
1 1 1 1 0 0 0 1 0 0
1 1 1 1 0 1 1 1 1 0
1 1 1 1 1 1 1 1 0 0
1 1 0 1 0 1 0 1 0 0
1 1 0 1 1 1 0 0 0 0
Maze 122
97 10 3.0869565217 1.8927164347 59 0.357345174400380
8 67 98 38 77 30 14 29 81 71 74 43 91 80 97 8
7 97 400 37 27 24 24 21 400 400 73 41 71 77 7
402 401 400 402 402 401 401 402 400 400 401 402 402 402 402
0 0 0 0 0 0 1 2 0 0
0 0 0 1 0 0 1 0 0 0
1 1 1 1 1 1 1 1 1 1
1 0 0 0 0 0 1 1 0 0
1 1 1 0 0 0 1 1 0 0
1 0 1 0 0 0 1 1 0 0
1 0 1 0 0 0 1 1 0 0
1 1 1 1 1 1 1 1 1 1
1 0 0 0 0 0 1 1 0 0
1 0 0 0 0 0 1 1 0 0
Maze 123
91 77 2.5588235294 2.3475931226 50 0.415085752946183
23 7 78 95 83 64 74 92 21 5 100 58 6 49 62 23
3 77 75 93 63 400 72 91 1 95 98 56 46 42 22
402 401 402 401 402 400 402 401 402 401 401 401 401 402 402
1 1 1 1 1 1 1 0 0 0
1 0 1 0 1 1 1 0 0 0
1 1 2 0 1 1 1 0 0 0
1 1 0 0 1 1 1 0 0 0
1 1 1 1 1 1 1 1 1 0
1 1 0 0 1 1 1 1 0 0
1 1 1 1 1 0 1 1 0 0
1 1 1 1 1 1 1 1 0 0
1 1 1 0 1 0 0 1 0 0
1 1 1 1 1 1 1 1 1 1
Maze 124
103 23 3.0000000000 2.0572046726 44 0.363650942774467
29 97 10 77 68 30 45 1 86 55 32 88 100 37 49 29
27 7 7 67 28 25 41 81 85 52 82 98 97 47 400
402 402 402 402 402 402 401 401 401 401 401 401 401 401 400
1 0 0 0 0 0 1 1 1 1
1 0 0 0 0 0 1 0 0 0
1 0 0 0 1 1 1 1 2 1
1 1 0 0 1 0 1 1 1 0
1 1 1 1 1 0 1 1 1 0
1 1 1 1 1 0 1 1 0 0
1 1 0 0 1 0 1 1 0 0
1 1 0 0 1 0 1 0 0 0
1 1 1 1 1 1 1 1 0 0
0 0 0 0 0 0 1 1 1 1
Maze 125
109 966 3.4035087719 2.1799012458 104 0.389608481545503
78 49 85 21 66 51 7 79 4 41 45 69 96 15 76 78
48 45 81 61 61 1 77 74 1 400 65 66 95 75 400
402 402 401 401 401 402 401 401 402 400 401 402 401 401 400
1 1 1 1 1 1 1 0 0 0
1 0 0 1 1 0 1 0 0 0
1 0 0 1 1 0 1 0 0 0
1 0 0 1 1 0 1 0 0 0
1 1 1 1 1 1 1 1 1 0
1 0 0 1 1 0 1 1 0 0
1 1 1 1 1 1 1 1 1 0
1 0 0 1 1 1 1 2 1 0
1 1 1 1 1 1 0 0 0 0
0 0 0 0 1 1 0 0 0 0
Maze 126
125 1594 3.1875000000 2.0612805836 173 0.377617500370580
96 39 2 89 5 29 72 7 14 77 60 17 42 2 94 96
36 32 82 85 25 22 2 4 74 57 57 12 400 92 400
402 401 401 401 401 402 402 402 401 402 401 402 400 401 400
0 1 1 1 1 1 1 0 0 0
0 1 1 1 1 1 1 0 0 0
0 1 1 1 1 1 1 1 1 0
0 1 1 1 1 1 1 1 1 0
0 1 0 1 1 1 1 0 0 0
0 1 0 1 1 1 1 1 1 1
0 1 0 1 1 1 1 0 0 0
0 1 0 1 1 1 1 0 0 0
0 1 1 1 1 1 1 1 1 0
0 1 1 1 1 2 0 0 0 0
Maze 127
73 673 3.1111111111 2.1417088642 20 0.382615225608632
17 49 28 28 26 75 46 35 15 84 45 19 69 32 76 17
47 48 400 400 25 45 45 400 14 44 15 400 62 72 16
401 401 400 400 402 402 401 400 402 402 402 400 401 401 402
0 0 0 0 0 0 0 0 0 0
0 0 0 1 1 1 2 1 1 0
0 0 0 1 1 1 1 1 1 0
0 1 0 1 1 1 1 1 1 0
0 1 0 1 1 1 1 1 1 0
0 1 0 1 1 1 0 0 1 0
0 1 1 1 1 1 1 1 1 0
0 1 1 1 1 1 0 0 0 0
0 0 0 1 0 0 0 0 0 0
0 0 0 0 0 0 0 0 0 0
Maze 128
93 35 3.1538461538 2.1575048980 33 0.381085263892095
92 20 18 71 63 18 53 96 79 15 36 49 75 83 82 92
12 400 11 61 13 13 93 76 75 35 46 45 73 400 400
402 400 402 402 402 402 401 402 401 401 401 402 402 400 400
0 0 0 0 0 0 0 0 0 0
1 1 1 1 1 1 1 1 1 1
1 1 1 0 1 0 0 0 0 0
1 1 1 0 1 1 0 0 0 0
1 1 1 0 1 1 1 1 1 0
1 1 1 0 1 0 0 0 0 0
1 1 1 0 1 0 0 0 0 0
1 1 1 1 1 1 1 1 1 0
0 1 1 0 0 1 0 0 0 0
0 2 1 1 1 1 0 0 0 0
Maze 129
83 36 3.5384615385 1.9501813125 35 0.389130734745723
45 78 21 44 95 74 12 55 57 56 24 42 24 79 96 45
75 71 41 94 94 72 52 400 400 54 22 22 74 76 95
401 401 401 401 401 401 401 400 400 401 402 402 401 402 401
0 0 0 0 0 0 0 0 0 0
0 1 0 0 0 0 0 0 0 0
1 1 1 1 0 0 0 0 0 0
1 1 0 1 0 0 0 0 0 0
1 1 1 1 2 0 0 0 0 0
1 1 1 1 1 1 1 0 0 0
1 1 0 1 1 0 0 0 0 0
1 1 1 1 1 1 1 1 1 0
0 0 0 1 1 1 0 0 0 0
0 0 0 1 1 1 0 0 0 0
Maze 130
99 98 3.3461538462 2.1137200236 53 0.372637771955357
58 80 82 37 4 72 3 15 10 6 7 44 41 6 93 58
78 72 32 34 2 2 13 5 400 400 4 400 1 3 53
401 402 402 401 402 402 401 402 400 400 402 400 402 402 402
1 1 1 1 1 1 1 1 1 1
1 1 1 1 1 0 0 0 0 0
1 1 1 1 0 0 0 0 0 0
1 1 1 1 1 1 1 0 0 0
1 1 1 1 0 0 0 0 0 0
0 1 1 1 1 1 1 2 0 0
0 1 1 0 0 0 0 1 0 0
0 1 1 1 1 1 1 1 1 1
0 1 1 0 0 0 0 0 0 0
0 0 1 0 0 0 0 0 0 0
Maze 131
93 348 3.4166666667 2.1070469813 44 0.388243975378696
45 3 69 5 56 8 80 67 79 75 86 49 7 85 96 45
43 63 65 55 6 78 77 77 400 85 46 47 5 95 95
401 401 401 401 402 401 401 401 400 401 402 401 402 401 401
0 0 1 0 1 1 1 1 0 0
0 0 1 0 1 1 1 1 0 0
0 0 1 0 1 1 1 1 0 0
0 0 1 0 1 1 1 1 0 0
0 0 1 1 2 1 1 1 1 0
0 0 1 0 1 1 0 1 0 0
0 0 1 1 1 1 1 1 1 0
0 0 0 0 1 1 1 1 1 1
0 0 0 0 1 1 0 0 0 0
0 0 0 0 1 1 0 0 0 0
Maze 132
99 12 3.0454545455 1.6731931337 65 0.386281097725062
85 92 53 8 75 29 43 75 9 5 96 87 29 75 96 85
82 52 3 5 25 23 73 5 400 95 86 27 25 95 95
402 402 402 402 402 402 401 402 400 401 402 402 402 401 401
0 0 1 1 1 1 1 1 1 0
0 0 1 0 1 0 0 0 0 0
0 0 1 1 1 1 1 1 1 0
0 0 1 0 1 0 1 0 0 0
0 0 1 0 1 0 1 0 0 0
0 1 1 0 1 0 1 0 0 0
0 1 1 0 1 0 1 0 0 0
0 1 1 1 1 0 1 0 0 0
0 1 1 1 2 1 1 0 0 0
0 1 0 0 1 1 0 0 0 0
Maze 133
103 32 3.3962264151 2.0813772350 60 0.391717336027898
49 31 94 71 8 94 96 93 90 76 62 48 6 31 45 49
41 91 91 1 4 400 400 83 86 72 42 46 1 41 400
401 401 401 402 402 400 400 402 401 401 402 401 402 401 400
1 1 1 1 1 1 1 1 0 0
1 0 0 1 0 1 0 0 0 0
1 0 0 1 0 1 0 0 0 0
1 0 0 1 0 1 0 0 0 0
1 1 1 1 1 1 1 1 2 0
1 1 0 1 0 0 0 0 0 0
1 1 0 1 0 0 0 0 0 0
1 1 1 1 1 1 0 0 0 0
1 0 1 1 1 1 1 1 1 1
1 1 1 1 1 1 0 0 0 0
Maze 134
97 71 3.0188679245 2.0302837069 51 0.397312413021082
54 75 99 23 53 67 45 100 76 99 36 16 54 9 88 54
74 95 93 400 63 65 95 96 96 96 400 14 4 8 84
401 401 401 400 401 401 401 401 401 401 400 402 402 402 401
0 0 0 1 1 1 1 1 1 0
0 0 0 1 1 1 0 1 0 0
0 0 1 1 0 1 0 1 0 0
0 0 1 1 0 1 0 1 0 0
0 0 1 1 1 1 0 1 0 0
0 0 1 2 1 1 0 1 0 0
0 0 1 1 1 1 1 1 0 0
0 0 1 1 1 1 0 1 0 0
0 0 1 1 1 1 1 1 0 0
0 0 1 1 1 1 1 1 1 1
Maze 135
115 1641 3.2307692308 2.2990312364 131 0.387890829964198
62 57 4 2 40 58 12 91 5 100 18 41 34 93 75 62
52 54 400 32 38 52 11 1 95 98 11 31 33 73 72
402 401 400 401 402 401 402 402 401 401 402 402 402 402 401
1 1 1 1 1 0 0 0 0 0
1 1 1 1 1 1 1 1 0 0
1 1 0 1 1 0 0 1 0 0
1 1 1 1 1 1 1 1 1 1
1 1 1 1 1 0 0 1 0 0
1 1 1 1 1 1 1 1 0 0
1 2 1 0 1 0 0 1 0 0
1 1 1 1 1 0 0 1 0 0
1 0 1 0 1 0 0 1 0 0
1 0 1 0 1 1 1 1 1 1
Maze 136
73 5 3.0869565217 2.3974962262 20 0.393109687091131
44 64 61 71 6 21 76 70 38 40 95 94 4 34 54 44
400 400 400 1 1 71 66 68 400 35 400 400 400 400 400
400 400 400 402 402 401 402 401 400 402 400 400 400 400 400
1 1 1 1 1 1 0 0 0 0
1 0 0 1 0 0 0 0 0 0
1 0 0 1 0 0 0 0 0 0
1 0 0 1 1 1 1 1 1 1
1 0 0 2 1 0 0 1 0 0
1 0 0 1 1 0 0 1 0 0
1 1 1 1 1 1 1 1 1 1
1 1 1 1 1 1 0 0 0 0
0 0 0 1 1 0 0 0 0 0
0 0 0 1 1 0 0 0 0 0
Maze 137
125 7914 3.5692307692 2.2306225394 201 0.394939233245461
47 11 60 47 79 2 94 25 19 88 41 78 55 6 95 47
41 51 57 77 72 92 24 15 18 81 71 75 5 5 45
401 401 401 401 401 401 402 402 402 401 401 401 402 402 402
0 1 0 0 1 1 0 0 0 0
1 1 0 0 1 1 1 1 1 0
1 1 0 1 1 0 0 1 0 0
1 1 0 1 1 0 0 1 0 0
1 1 1 1 1 1 2 1 0 0
1 1 1 1 1 1 1 1 1 1
1 1 0 1 1 0 1 1 0 0
1 1 1 1 1 1 1 1 1 0
1 1 1 1 1 1 1 1 0 0
0 1 1 1 1 0 0 0 0 0
Maze 138
95 6 3.0000000000 2.1343535317 77 0.404089687171647
26 95 15 86 11 31 88 12 23 19 10 39 67 73 34 26
25 400 85 81 400 81 82 22 13 9 9 37 63 33 24
402 400 401 401 400 401 401 401 402 402 402 402 402 402 402
0 0 0 0 0 0 0 0 1 1
1 1 1 1 1 1 1 1 1 0
1 1 1 1 1 2 0 0 1 0
1 1 1 1 1 0 1 1 1 0
1 1 1 0 1 0 1 0 0 0
1 1 1 0 1 0 1 0 0 0
1 1 1 1 1 1 1 0 0 0
1 1 1 0 1 0 0 0 0 0
1 1 1 1 1 1 1 1 0 0
0 0 0 0 1 0 0 0 0 0
Maze 139
101 123 3.1929824561 2.1971563403 77 0.375594346874590
53 31 12 99 33 77 65 94 60 6 51 60 56 67 48 53
51 11 92 93 73 75 64 54 56 1 400 400 66 47 43
401 402 401 401 401 401 402 402 401 402 400 400 401 402 402
1 1 1 1 1 1 0 0 0 0
1 1 0 0 0 1 0 0 0 0
1 1 0 0 0 1 0 0 0 0
1 1 1 0 0 1 0 0 0 0
1 1 1 1 1 1 1 1 0 0
1 1 2 1 1 1 1 1 1 1
0 1 1 1 1 1 1 0 0 0
0 1 1 1 1 1 1 0 0 0
0 1 1 1 0 0 0 0 0 0
0 1 1 1 1 1 1 1 1 0
Maze 140
79 9 3.0434782609 2.1224045190 30 0.380354942437171
14 8 23 2 14 85 36 69 83 84 34 91 61 86 64 14
4 3 22 12 84 35 66 63 400 400 31 400 81 84 400
402 402 401 401 401 402 401 402 400 400 402 400 401 401 400
0 1 1 1 1 1 1 1 0 0
0 1 1 2 0 0 0 0 0 0
0 1 1 1 0 0 0 0 0 0
1 1 1 1 1 1 0 0 0 0
1 0 0 1 1 1 0 0 0 0
1 0 0 1 1 1 0 0 0 0
1 0 1 1 1 1 1 1 1 0
1 0 1 1 1 0 0 0 0 0
1 1 1 1 1 1 0 0 0 0
1 0 0 0 0 0 0 0 0 0
Maze 141
105 84 3.0526315789 2.2694236115 79 0.397079495119795
71 93 21 99 35 33 71 51 76 27 90 54 37 43 16 71
91 91 91 95 400 31 400 71 26 87 84 34 33 13 11
401 401 401 401 400 402 400 401 402 401 401 402 402 402 402
0 0 0 0 0 0 0 0 0 0
1 1 1 1 1 1 0 0 0 0
1 0 1 0 0 1 1 0 0 0
1 1 1 1 1 1 1 0 0 0
1 0 1 1 1 1 1 0 0 0
1 0 0 1 1 1 1 0 0 0
1 0 0 1 1 1 1 0 0 0
2 1 1 1 1 1 1 0 0 0
1 0 0 1 1 1 1 1 1 1
1 1 1 1 1 1 1 1 1 0
Maze 142
71 9 3.0212765957 2.2687590033 16 0.354721133887316
97 7 24 18 25 1 24 36 73 65 12 53 46 36 56 97
400 4 14 15 21 21 34 33 63 62 52 43 400 400 96
400 402 402 402 401 401 401 402 402 401 401 402 400 400 401
1 0 0 1 1 1 1 0 0 0
1 1 0 1 1 1 1 1 0 0
1 1 1 1 1 0 1 0 0 0
0 1 1 1 1 1 1 0 0 0
0 1 1 1 1 1 1 0 0 0
0 1 1 0 0 1 1 0 0 0
0 1 1 1 1 1 1 0 0 0
0 0 1 0 0 1 1 0 0 0
0 0 0 0 0 1 1 0 0 0
0 0 0 0 0 1 2 0 0 0
Maze 143
83 96 3.0000000000 2.1126964219 30 0.370671447512308
73 78 76 50 95 99 46 21 76 68 33 35 48 54 92 73
400 400 46 45 400 96 41 71 66 63 400 45 44 52 72
400 400 402 402 400 401 401 401 402 401 400 401 402 402 402
0 0 0 0 0 0 0 0 0 0
0 0 0 0 0 0 0 0 0 0
1 0 0 0 0 0 0 0 0 0
1 0 1 1 1 0 0 0 0 0
1 1 1 1 1 1 1 1 1 1
1 1 1 1 1 1 0 0 0 0
1 1 1 1 1 1 1 1 0 0
1 1 2 1 1 1 1 1 0 0
0 1 0 0 1 1 0 0 0 0
0 1 0 0 1 1 1 1 1 0
Maze 144
89 171 2.6557377049 2.3288451324 26 0.386975152608035
99 14 6 18 69 54 34 51 14 21 53 86 2 7 20 99
94 4 16 68 64 400 31 11 11 51 83 82 400 17 19
401 402 401 401 401 400 402 402 402 401 401 401 400 401 402
0 1 1 1 1 1 1 0 0 0
1 1 1 1 0 1 1 1 1 1
1 1 0 1 0 0 0 1 1 0
1 1 1 1 0 0 0 1 1 0
1 1 0 1 0 0 0 1 1 0
1 1 1 1 0 0 0 1 1 0
0 1 1 1 1 1 1 1 1 0
0 1 1 1 0 0 0 0 1 0
0 1 1 1 1 1 0 0 1 0
0 0 0 1 1 1 1 1 2 0
Maze 145
71 13 2.9090909091 2.0492016804 16 0.359046360086256
8 68 78 76 88 75 27 75 47 54 44 27 9 41 45 8
400 400 400 86 85 25 25 45 44 400 24 7 1 400 5
400 400 400 401 401 402 402 402 402 400 402 402 402 400 402
1 1 1 1 1 1 1 2 1 0
1 0 0 0 1 0 1 1 0 0
1 0 0 1 1 1 1 1 0 0
1 0 0 1 1 0 0 1 0 0
1 1 1 1 1 1 1 1 0 0
0 0 0 1 1 0 0 1 0 0
0 0 0 0 1 0 0 1 0 0
0 0 0 0 1 1 1 1 0 0
0 0 0 0 1 1 1 1 0 0
0 0 0 0 0 0 0 0 0 0
Maze 146
95 68 3.3191489362 2.0428932316 66 0.372794434809239
96 63 50 3 71 85 68 65 86 63 41 82 23 44 1 96
93 43 43 1 81 65 400 85 83 61 81 22 43 41 91
401 402 401 402 401 402 400 401 401 401 401 402 401 401 401
1 1 1 0 0 0 0 0 0 0
1 0 1 0 0 0 0 0 0 0
1 1 1 0 0 0 0 0 0 0
1 1 1 0 0 0 0 0 0 0
1 1 1 1 1 1 1 1 1 1
1 1 1 0 0 0 0 0 0 0
1 1 1 0 1 1 1 1 0 0
1 1 1 0 1 0 0 0 0 0
1 1 1 1 1 1 0 0 0 0
1 1 1 1 1 2 0 0 0 0
Maze 147
69 282 3.2631578947 2.1020604522 13 0.372584191179856
12 25 31 60 15 1 41 42 5 16 7 4 26 47 57 12
22 21 51 55 11 400 400 2 15 6 400 24 46 400 52
401 402 401 401 401 400 400 402 401 402 400 401 401 400 401
1 1 1 1 1 1 1 0 0 0
1 2 1 1 1 1 0 0 0 0
1 1 1 1 1 1 0 0 0 0
1 1 0 0 1 1 0 0 0 0
1 1 0 0 1 1 1 0 0 0
1 1 1 1 1 1 1 1 1 1
0 0 0 0 0 0 0 0 0 0
0 0 0 0 0 0 0 0 0 0
0 0 0 0 0 0 0 0 0 0
0 0 0 0 0 0 0 0 0 0
Maze 148
101 19 3.0566037736 2.0674287209 41 0.393187502184607
15 4 3 41 51 1 17 69 59 12 97 11 88 99 62 15
14 400 1 400 400 11 67 400 52 92 91 81 98 92 12
401 400 402 400 400 401 401 400 401 401 401 401 401 401 402
1 1 1 1 0 0 0 0 0 0
1 1 1 1 2 1 1 0 0 0
1 1 0 0 0 0 1 0 0 0
1 1 0 0 0 0 1 0 0 0
1 1 0 0 0 0 1 0 0 0
1 1 1 1 1 1 1 1 1 0
1 1 0 0 0 0 1 1 1 0
1 1 0 0 0 0 0 0 0 0
1 1 1 1 1 1 1 1 0 0
1 1 1 1 1 1 1 1 1 0
Maze 149
95 86 3.1071428571 2.1774865224 70 0.368879279230205
80 11 27 59 94 25 30 34 25 14 14 52 38 32 97 80
71 21 57 54 24 400 24 24 24 400 12 32 400 92 77
401 401 401 402 402 400 402 402 401 400 402 402 400 401 402
0 0 0 0 0 0 0 0 0 0
1 1 1 1 0 0 0 0 0 0
1 1 1 1 1 1 1 1 1 1
1 1 1 1 1 1 1 1 0 0
1 1 0 1 0 0 1 0 0 0
1 1 0 1 1 1 1 1 1 0
1 1 0 1 0 0 0 0 0 0
1 1 1 1 1 1 1 1 1 2
0 1 0 1 0 0 1 0 0 0
0 1 1 1 1 1 1 0 0 0
Maze 150
125 453 3.3015873016 2.0658256894 200 0.382586719136176
74 81 87 7 86 100 16 82 90 74 32 95 50 92 3 74
71 400 400 6 96 96 12 400 84 72 92 45 42 2 73
402 400 400 402 401 401 402 400 401 401 401 402 402 402 401
0 1 1 0 0 1 1 0 0 0
0 1 1 1 1 1 1 0 0 0
0 1 1 0 0 1 1 0 0 0
0 1 1 0 0 1 1 0 0 0
0 1 1 1 1 1 1 1 1 1
0 1 1 0 1 1 1 0 0 0
0 1 1 0 1 1 1 0 0 0
1 1 1 2 1 1 1 0 0 0
1 1 1 1 1 1 1 1 1 1
0 1 1 1 1 1 1 1 1 1
Maze 151
63 212 2.5531914894 2.2196748411 7 0.361351724755619
48 46 24 24 99 78 75 72 44 35 53 41 15 25 97 48
400 44 400 94 98 400 400 42 34 33 51 11 400 95 47
400 401 400 401 401 400 400 402 402 402 401 402 400 401 402
0 0 0 0 0 0 0 0 0 0
1 1 1 1 1 0 0 0 0 0
1 0 0 1 1 0 0 0 0 0
1 0 1 1 1 0 0 0 0 0
1 1 1 1 1 1 1 2 0 0
1 1 1 1 1 0 1 0 0 0
0 1 0 1 1 0 1 0 0 0
0 1 1 1 1 1 1 1 0 0
0 0 0 1 1 0 1 1 0 0
0 0 0 1 1 1 1 1 1 0
Maze 152
89 35 3.6097560976 2.0048679406 50 0.379782042928132
57 48 100 98 59 34 90 44 57 18 59 51 55 21 39 57
47 98 400 58 54 84 84 54 17 58 400 400 51 31 37
402 401 400 402 401 401 401 401 402 401 400 400 401 401 402
0 0 0 0 0 0 0 0 0 0
0 0 0 0 0 0 1 1 0 0
1 0 0 0 0 0 1 1 0 0
1 1 1 1 1 1 1 1 1 0
1 0 0 1 0 0 1 1 0 0
1 1 1 1 1 1 2 1 1 0
0 0 0 1 0 0 0 1 0 0
0 0 0 1 0 0 0 1 0 0
0 0 0 1 1 1 1 1 1 1
0 0 0 0 0 0 0 1 1 1
Maze 153
85 22 3.2888888889 1.9562299112 50 0.379801103430727
79 54 62 60 6 17 76 76 3 76 88 87 3 28 69 79
74 52 52 56 16 16 400 73 73 86 400 83 23 68 400
401 402 402 401 401 402 400 401 401 401 400 401 401 401 400
0 0 1 0 0 1 0 0 0 0
0 0 1 0 0 1 1 0 0 0
0 0 1 1 1 1 1 1 0 0
0 0 1 0 0 1 0 1 0 0
0 0 1 0 0 1 0 1 0 0
0 1 1 1 1 1 1 1 1 1
0 1 1 1 0 1 0 1 1 0
0 0 1 1 1 1 1 1 2 0
0 0 1 1 1 1 1 1 0 0
0 0 0 0 0 0 0 0 0 0
Maze 154
79 17 3.2380952381 1.9971501896 23 0.368930600017893
96 99 85 69 56 68 59 38 5 96 89 81 69 68 16 96
400 95 65 66 66 58 58 35 95 86 400 61 400 66 400
400 401 402 401 401 402 401 401 401 402 400 402 400 401 400
0 0 0 0 1 0 0 0 0 0
0 0 0 0 1 1 0 0 0 0
0 0 0 0 1 1 0 0 0 0
0 0 0 0 1 1 1 1 0 0
0 0 0 0 1 1 0 1 0 0
0 0 0 0 1 1 0 1 1 0
1 1 1 1 1 1 1 1 1 0
1 0 0 0 1 1 0 0 0 0
1 1 1 1 1 1 1 1 1 0
0 0 0 0 1 2 1 1 1 0
Maze 155
107 520 3.3114754098 2.2651444452 104 0.387036060135262
37 2 79 6 55 33 27 83 58 79 19 27 55 99 82 37
32 72 76 5 53 23 23 53 78 400 17 25 95 92 32
401 401 401 402 401 402 402 402 401 400 402 402 401 401 402
0 1 0 0 1 1 0 0 0 0
0 1 0 0 1 1 1 1 1 0
0 1 1 1 1 1 1 0 1 0
0 1 1 1 1 1 2 0 1 0
0 1 1 0 1 1 0 0 1 0
0 1 1 1 1 1 1 1 1 0
0 1 1 0 1 1 0 1 1 0
0 1 1 1 1 1 1 1 1 0
0 1 1 0 1 0 0 0 0 0
0 1 1 1 1 1 1 1 1 0
Maze 156
97 37 2.7936507937 2.2565266455 65 0.372475338312133
91 99 70 75 77 78 47 92 40 37 82 8 18 86 56 91
400 69 65 400 400 77 42 32 400 32 2 400 16 400 51
400 402 402 400 400 401 402 402 400 402 402 400 402 400 402
0 1 1 1 1 1 1 1 0 0
0 1 0 0 0 1 1 1 0 0
0 1 0 0 0 1 0 0 0 0
0 1 1 1 1 1 1 1 1 1
0 1 1 1 1 1 1 0 0 0
1 1 1 1 1 1 1 0 0 0
1 1 0 0 1 1 1 1 1 1
1 1 0 0 1 1 1 1 1 0
1 1 0 0 0 1 0 0 1 0
2 1 1 1 1 1 1 1 1 0
Maze 157
109 282 2.8285714286 2.3064158822 97 0.395291964633931
31 62 99 46 41 46 41 17 80 29 69 95 53 30 100 31
61 92 96 400 400 400 11 77 79 400 65 93 23 400 91
401 401 401 400 400 400 402 401 401 400 402 401 402 400 401
0 0 0 0 0 0 0 0 0 0
1 1 1 1 1 1 1 0 0 0
1 0 1 1 1 1 1 1 1 1
2 0 1 0 0 0 1 0 1 1
1 1 1 1 1 1 1 0 1 1
1 0 1 0 0 1 1 0 1 1
1 1 1 0 1 1 1 1 1 1
1 1 1 0 1 1 1 1 1 1
1 1 1 0 1 1 0 0 0 1
1 1 1 1 1 1 1 1 1 1
Maze 158
131 22 3.3870967742 2.1973148891 182 0.381152209848247
88 11 29 81 59 61 72 31 42 10 13 11 98 38 11 88
81 21 21 51 51 71 71 41 2 3 400 91 400 31 81
401 401 402 402 402 401 401 401 402 402 400 401 400 401 401
0 1 1 1 1 1 1 1 1 1
1 1 1 0 0 0 0 0 0 0
1 1 1 1 1 1 1 1 1 0
1 1 1 1 1 1 1 1 0 0
1 1 0 0 0 0 0 1 0 0
1 1 1 1 1 1 1 1 1 0
1 0 0 0 0 0 0 1 0 0
1 1 0 0 0 0 0 1 0 0
1 1 1 1 1 1 1 2 0 0
1 1 1 1 1 1 1 1 0 0
Maze 159
71 10 2.9302325581 2.1102835148 11 0.403864851300458
59 70 78 2 15 37 46 100 96 78 95 95 35 98 57 59
69 68 72 12 35 36 96 400 76 75 400 400 95 97 400
401 402 401 401 401 402 401 400 402 402 400 400 401 401 400
0 1 0 0 0 0 0 0 0 0
0 1 1 1 1 0 0 0 0 0
0 1 0 0 1 0 0 0 0 0
0 1 0 0 1 1 1 0 0 0
0 1 0 0 1 1 0 0 0 0
0 1 0 0 1 1 1 1 2 0
0 1 0 0 1 1 1 1 1 1
0 1 1 1 1 1 1 1 0 0
0 0 0 0 1 1 1 0 0 0
0 0 0 0 1 1 1 1 1 1
Maze 160
111 67 3.3333333333 2.1480336261 105 0.390704784582122
29 78 93 4 90 37 75 84 24 13 92 29 98 28 66 29
28 73 3 84 87 35 74 400 23 12 22 28 400 26 26
402 402 402 401 401 402 402 400 401 402 402 402 400 402 402
0 0 1 1 0 0 0 0 0 0
0 1 1 1 0 0 0 0 0 0
0 1 1 1 1 1 1 1 2 0
0 1 1 1 1 1 1 1 0 0
0 1 1 1 1 1 1 1 0 0
0 1 1 1 1 1 1 1 0 0
0 1 1 1 1 1 1 1 0 0
0 1 1 1 1 1 1 1 0 0
0 1 1 1 1 1 1 1 1 1
0 1 1 0 0 0 0 1 0 0
Maze 161
97 119 3.3461538462 2.1936411298 51 0.376985139599871
41 81 44 35 75 52 9 51 35 78 15 5 27 74 88 41
400 41 34 400 72 2 1 31 75 75 400 25 24 84 81
400 402 402 400 401 402 402 402 401 401 400 401 402 401 401
1 1 1 1 1 1 1 1 1 0
1 1 0 0 1 0 0 0 0 0
1 1 0 1 1 1 1 0 0 0
1 1 1 1 1 0 0 0 0 0
2 1 1 1 1 0 0 0 0 0
1 1 0 1 1 0 0 0 0 0
1 1 0 1 1 0 0 0 0 0
1 1 1 1 1 1 1 1 0 0
1 1 1 1 1 1 1 1 0 0
0 0 0 0 0 0 0 0 0 0
Maze 162
93 337 3.1636363636 2.2435598881 50 0.372724661239165
98 81 59 36 84 87 92 28 12 71 82 64 62 37 55 98
91 51 56 34 400 82 22 22 11 81 62 400 32 35 95
401 402 401 402 400 402 402 401 402 401 402 400 402 402 401
0 0 0 0 0 0 0 0 0 0
1 1 0 0 0 0 0 0 0 0
1 1 1 1 1 1 1 1 0 0
1 1 1 1 1 1 1 0 0 0
1 1 0 1 1 1 0 0 0 0
1 1 1 1 1 1 1 1 1 0
1 1 1 1 1 0 0 0 0 0
1 1 0 1 1 0 0 0 0 0
1 1 1 1 1 1 1 0 0 0
1 1 1 1 1 1 1 2 0 0
Maze 163
95 231 2.9642857143 2.0858885378 77 0.375506701087990
78 67 26 1 48 80 39 74 14 18 28 53 21 20 84 78
77 66 21 41 78 79 34 400 400 400 23 51 11 14 74
401 401 401 401 401 401 402 400 400 400 402 401 402 402 402
1 0 0 0 0 0 0 0 0 0
1 1 1 1 1 1 1 1 1 1
1 1 1 1 1 1 1 1 0 0
1 0 1 1 1 1 1 1 1 0
1 1 1 1 1 1 1 1 1 0
1 1 1 1 0 1 0 1 1 0
0 0 0 1 0 1 1 1 1 0
0 0 0 1 1 1 1 2 1 1
0 0 0 1 0 0 0 0 0 0
0 0 0 0 0 0 0 0 0 0
Maze 164
103 612 3.4901960784 2.0580958125 70 0.394319756270522
42 15 30 72 31 55 65 81 15 54 92 47 15 80 86 42
12 25 22 71 51 400 61 11 14 52 42 45 75 76 82
402 401 402 401 401 400 402 402 402 402 402 401 401 402 401
0 0 0 0 0 0 0 0 0 0
1 1 1 1 1 0 0 0 0 0
1 1 1 1 1 1 1 1 1 1
1 1 0 1 1 0 0 0 0 0
1 2 1 1 1 1 1 0 0 0
1 1 1 1 1 0 0 0 0 0
1 1 1 1 1 0 0 0 0 0
1 1 0 0 1 1 1 1 1 1
1 1 1 1 1 1 0 0 0 0
0 1 0 0 0 0 0 0 0 0
Maze 165
99 116 3.3214285714 2.2410558164 71 0.392123340524718
95 31 50 18 79 58 76 16 87 94 85 60 11 15 19 95
91 41 48 78 78 56 400 86 84 84 55 51 400 400 15
401 401 401 401 401 402 400 401 402 402 402 401 400 400 402
0 0 0 0 0 0 0 0 0 0
1 1 1 1 1 1 1 1 1 0
1 0 0 0 1 1 0 1 0 0
1 0 0 0 1 1 0 1 0 0
1 1 1 1 1 1 1 1 1 1
1 1 1 1 1 1 1 1 1 1
1 0 0 0 1 1 0 1 0 0
1 0 0 0 1 1 0 1 1 0
1 0 0 1 1 1 1 0 0 0
1 1 1 1 2 0 0 0 0 0
Maze 166
111 9177 3.3442622951 2.1935237776 83 0.386782605140819
3 75 28 48 82 88 61 67 7 76 91 17 62 68 64 3
73 25 400 42 400 81 400 400 6 71 11 12 400 400 63
401 402 400 402 400 401 400 400 402 402 402 402 400 400 401
0 0 2 0 0 1 1 0 0 0
1 1 1 1 1 1 1 0 0 0
1 1 1 0 1 1 1 1 0 0
1 1 1 0 1 1 1 1 0 0
1 1 1 1 1 1 1 1 0 0
1 1 1 0 1 1 1 0 0 0
1 1 1 1 1 1 1 1 0 0
1 1 1 1 1 1 0 0 0 0
1 1 1 1 1 1 1 1 0 0
1 0 0 0 0 0 0 0 0 0
Maze 167
81 80 3.0800000000 2.2951272869 35 0.374935679244909
67 95 11 17 36 49 27 52 72 39 15 65 62 63 81 67
65 91 400 16 46 47 22 400 32 35 400 400 400 61 61
402 401 400 402 401 401 402 400 402 401 400 400 400 402 402
0 0 0 0 0 0 0 0 0 0
1 1 1 1 1 1 1 0 0 0
1 1 1 1 1 1 1 0 0 0
1 1 1 1 1 1 1 1 1 0
1 1 0 0 1 1 1 1 1 0
1 1 0 0 1 0 0 0 0 0
1 1 1 1 1 1 2 0 0 0
1 1 0 0 1 0 0 0 0 0
1 0 0 0 1 0 0 0 0 0
1 1 1 1 1 0 0 0 0 0
Maze 168
89 199 2.9824561404 2.2243968588 50 0.387519401649643
80 47 83 38 66 96 86 24 23 41 82 44 100 65 26 80
77 43 33 36 400 400 84 400 21 81 42 94 95 25 76
401 402 402 402 400 400 401 400 402 401 402 401 401 402 401
0 0 0 0 0 0 0 0 0 0
0 0 0 0 0 0 0 0 0 0
1 1 1 1 1 1 0 0 0 0
1 0 1 1 1 1 1 1 0 0
1 1 1 1 1 1 1 0 0 0
1 1 1 1 1 1 1 0 0 0
1 1 1 1 1 1 1 0 0 0
1 1 1 1 1 1 1 1 1 2
1 1 1 1 1 1 0 0 0 0
0 0 0 1 1 1 1 1 1 1
Maze 169
99 110 3.5384615385 2.1657573931 71 0.383494785291409
39 3 28 43 94 69 29 88 20 70 21 70 30 30 47 39
33 23 23 93 64 400 28 18 400 61 61 400 400 27 37
401 401 402 401 402 400 402 402 400 401 401 400 400 402 402
0 0 1 0 0 0 0 0 0 0
0 0 1 0 0 0 0 1 1 1
1 0 1 1 1 1 1 1 1 1
1 0 1 1 1 1 1 1 2 1
1 0 1 0 0 0 1 1 1 1
1 0 1 0 0 0 0 1 1 1
1 1 1 1 1 1 1 1 1 1
0 0 1 1 0 0 0 1 0 0
0 0 1 1 0 0 0 1 0 0
0 0 1 1 0 0 0 0 0 0
Maze 170
109 4 3.1228070175 1.9924937382 99 0.382721634828446
44 70 3 20 53 5 43 78 89 81 68 49 46 3 30 44
64 63 13 13 3 3 73 88 400 61 48 400 43 23 24
401 401 401 402 402 402 401 401 400 402 402 400 401 401 402
0 0 1 1 1 0 0 0 0 0
0 0 1 1 1 1 1 1 1 1
0 0 1 1 1 1 1 1 1 1
0 0 1 1 0 0 0 0 0 0
0 0 1 2 1 1 1 1 1 0
0 0 1 1 0 0 0 1 0 0
1 1 1 1 1 1 1 1 1 1
1 0 1 1 1 1 1 1 0 0
1 1 1 1 1 1 1 1 1 0
0 0 0 0 0 0 0 0 0 0
Maze 171
79 165 2.9803921569 2.3032013262 26 0.400249754124769
74 41 7 44 62 34 2 56 24 5 25 13 20 50 43 74
71 1 4 42 32 32 52 54 4 400 23 400 400 400 73
401 402 402 402 402 401 401 401 402 400 401 400 400 400 401
1 1 1 1 1 1 1 0 0 0
1 1 1 1 1 1 1 1 1 1
1 1 1 1 1 0 0 0 0 1
1 1 1 1 0 0 0 0 0 1
1 1 1 1 1 1 1 1 1 1
1 1 1 1 1 1 0 0 0 0
1 1 1 0 0 0 0 0 0 0
1 1 1 2 0 0 0 0 0 0
0 0 0 0 0 0 0 0 0 0
0 0 0 0 0 0 0 0 0 0
Maze 172
91 41 3.5000000000 2.1152672496 45 0.387238198439010
63 86 87 44 96 80 85 2 54 86 38 5 56 13 5 63
83 400 84 94 76 75 82 52 84 36 35 55 53 3 3
401 400 401 401 402 402 401 401 401 402 401 401 401 402 402
0 1 1 1 1 0 0 0 0 0
0 1 1 0 1 0 0 0 0 0
0 1 1 0 1 0 0 0 0 0
0 1 1 0 1 1 1 1 0 0
0 1 1 1 1 1 0 0 0 0
0 1 1 1 1 1 0 0 0 0
0 1 2 1 0 1 0 0 0 0
0 1 1 1 1 1 1 1 1 1
0 1 1 1 1 1 1 0 0 0
0 0 0 1 1 1 0 0 0 0
Maze 173
99 12 4.0588235294 1.7006225294 77 0.385666219042027
32 46 95 19 42 19 85 44 35 29 26 74 47 15 48 32
42 45 15 12 12 15 84 34 25 400 24 44 45 45 42
401 402 402 402 402 402 401 402 402 400 402 402 401 401 401
0 0 0 0 0 0 0 0 0 0
0 1 1 1 1 1 1 1 1 0
0 1 0 1 1 1 1 1 1 0
0 2 0 1 1 0 0 0 0 0
0 1 1 1 1 1 1 1 0 0
0 0 0 1 1 0 0 0 0 0
0 0 0 1 1 0 0 0 0 0
0 0 0 1 1 0 0 0 0 0
0 0 0 1 1 0 0 0 0 0
0 0 0 0 1 0 0 0 0 0
Maze 174
89 51 2.6000000000 2.1396362329 36 0.401106382426622
10 79 26 76 27 78 83 67 94 91 22 65 18 7 50 10
9 76 400 26 77 73 63 64 400 21 62 15 17 47 400
402 401 400 402 401 402 402 402 400 402 401 402 401 401 400
0 0 0 0 0 0 1 0 1 2
0 0 0 0 1 1 1 1 1 1
1 1 0 0 1 1 1 0 1 1
1 1 0 0 1 1 1 0 1 1
1 1 0 0 1 1 1 1 1 1
1 1 0 0 1 1 1 0 1 0
1 1 1 1 1 1 1 0 1 0
1 0 1 1 1 1 1 1 1 0
1 0 1 1 0 0 0 0 0 0
1 1 1 1 0 0 0 0 0 0
Maze 175
85 586 2.9824561404 2.3491125826 44 0.384268384990269
20 16 45 44 6 49 68 76 2 37 25 61 3 76 69 20
400 15 400 4 46 48 66 72 32 35 21 1 73 66 19
400 402 400 402 401 402 402 401 401 401 402 402 401 402 402
1 1 1 1 1 1 0 0 0 0
1 1 1 1 1 1 1 1 1 2
1 1 1 1 1 1 0 0 1 0
1 1 1 1 1 1 1 0 1 0
1 1 1 1 1 1 1 1 1 0
1 1 1 0 0 0 0 1 1 0
1 1 1 0 0 1 1 1 1 0
0 1 1 1 1 1 0 0 0 0
0 0 0 0 0 0 0 0 0 0
0 0 0 0 0 0 0 0 0 0
Maze 176
99 37 3.4583333333 1.9060932547 56 0.373232712165960
24 76 74 39 84 15 25 47 22 19 10 31 81 45 10 24
74 400 34 34 14 400 45 42 12 9 1 400 41 5 4
401 400 402 402 402 400 401 401 402 402 402 400 402 402 402
1 1 1 1 1 1 1 1 1 1
1 1 1 1 1 1 1 1 1 0
1 1 0 2 1 0 0 0 0 0
1 1 0 1 1 1 1 1 1 0
1 1 1 1 1 1 1 0 0 0
1 0 0 1 0 0 0 0 0 0
1 0 0 1 0 0 0 0 0 0
1 0 0 1 1 1 0 0 0 0
1 0 0 1 0 0 0 0 0 0
0 0 0 0 0 0 0 0 0 0
Maze 177
73 213 2.6538461538 2.2720838896 20 0.385294426467960
45 61 62 12 27 97 74 70 6 34 66 45 36 18 39 45
41 400 400 22 400 94 64 66 4 64 65 35 16 38 35
402 400 400 401 400 401 402 401 402 401 401 402 402 401 402
0 0 0 1 1 1 0 0 0 0
0 1 0 1 0 1 1 1 0 0
0 1 1 1 1 1 1 1 0 0
0 1 0 1 1 1 1 1 1 0
1 1 1 1 2 1 1 0 0 0
1 1 0 1 1 1 1 0 0 0
1 1 0 1 1 1 1 1 1 1
0 0 0 1 0 0 1 0 0 0
0 0 0 1 0 0 1 0 0 0
0 0 0 1 1 1 1 0 0 0
Maze 178
85 21 2.8275862069 2.3425345807 29 0.386444114265898
33 71 65 58 53 88 14 23 10 90 69 46 14 44 94 33
31 61 55 400 83 84 13 3 400 89 66 44 400 400 93
402 402 402 400 401 401 402 402 400 401 401 401 400 400 401
0 0 1 1 1 1 1 1 1 1
0 0 1 1 0 0 0 0 0 1
0 0 1 1 0 0 0 0 0 1
1 1 2 1 0 0 0 0 0 1
1 0 1 1 1 1 0 0 0 1
1 0 1 1 1 1 1 1 0 1
1 1 1 1 1 1 1 1 1 1
1 0 1 1 0 0 0 0 1 1
0 0 1 1 1 1 1 1 1 1
0 0 1 1 0 0 0 0 0 0
Maze 179
95 69 2.9615384615 1.9161881397 70 0.390227292480812
38 37 92 25 78 95 42 55 75 62 12 21 98 90 72 38
400 32 22 75 75 92 52 400 72 400 11 91 88 82 32
400 402 402 401 402 401 401 400 401 400 402 401 402 401 402
0 0 0 0 0 0 0 0 0 0
1 1 0 0 0 0 0 0 0 0
1 1 1 1 1 0 0 0 0 0
1 1 1 1 1 1 1 2 0 0
1 1 0 0 1 0 0 0 0 0
1 1 1 1 1 0 0 0 0 0
1 1 0 0 1 0 0 0 0 0
1 1 1 1 1 1 1 1 0 0
1 1 1 1 1 1 1 1 1 1
1 1 1 1 1 1 1 1 0 0
Maze 180
113 332 3.4666666667 2.1413835345 86 0.377949076116222
97 75 5 59 2 9 82 86 46 19 94 19 73 72 92 97
95 400 55 52 400 2 400 400 16 14 14 13 400 400 400
401 400 401 401 400 402 400 400 402 402 402 402 400 400 400
0 1 1 1 1 1 1 1 1 0
0 1 1 1 1 1 1 1 1 0
0 1 1 1 1 1 0 0 0 0
0 1 1 1 1 1 0 0 0 0
0 1 1 1 1 1 0 0 0 0
0 1 1 1 1 1 1 1 1 0
0 1 1 1 1 1 0 0 0 0
0 1 1 1 1 1 0 0 0 0
0 1 1 1 1 1 0 0 0 0
0 1 1 1 1 1 2 0 0 0
Maze 181
103 32 2.8965517241 2.1938841125 46 0.369837749468874
83 98 67 21 13 7 51 27 30 8 94 51 39 74 97 83
93 97 61 11 3 1 21 400 28 4 91 31 34 94 93
401 401 401 402 402 402 402 400 401 402 401 402 402 401 401
1 1 1 1 1 1 1 1 0 0
1 1 1 1 0 0 0 1 0 0
1 1 1 1 1 1 1 1 1 1
1 1 1 1 1 1 1 1 1 0
1 0 0 1 0 0 0 0 0 0
1 0 0 1 0 0 0 0 0 0
1 1 1 1 1 1 1 0 0 0
1 0 0 1 0 0 1 0 0 0
1 0 2 1 0 0 1 0 0 0
1 1 1 1 1 1 1 1 0 0
Maze 182
81 4 3.1363636364 2.1148712311 30 0.387707878469154
32 91 92 100 97 31 90 37 45 65 97 73 84 82 54 32
31 400 400 400 91 81 87 35 400 95 93 83 400 52 52
402 400 400 400 401 401 401 402 400 401 401 401 400 402 401
0 0 0 0 0 0 0 0 0 0
0 0 0 0 0 0 0 0 0 0
0 0 0 0 0 0 0 0 0 0
1 2 0 0 1 1 1 0 0 0
1 1 0 0 1 0 1 0 0 0
1 1 1 1 1 0 1 0 0 0
1 1 0 0 1 0 1 0 0 0
1 1 1 0 1 0 1 0 0 0
1 1 1 1 1 1 1 1 1 1
1 1 1 1 1 1 1 1 1 1
Maze 183
111 4407 3.0937500000 2.2080290710 105 0.379798919676495
82 67 28 87 40 31 73 7 49 95 92 17 1 47 94 82
62 27 27 37 400 71 3 47 45 400 12 11 41 44 92
402 402 402 402 400 401 402 401 402 400 402 401 401 402 401
1 0 1 1 1 1 1 0 0 0
1 1 1 1 1 1 1 0 0 0
1 1 1 0 0 0 1 1 0 0
1 1 1 1 1 1 1 1 1 1
1 1 1 1 1 1 1 1 1 0
1 1 1 1 1 0 1 0 0 0
1 1 1 1 1 1 1 0 0 0
1 1 1 1 1 0 1 0 0 0
0 2 0 1 1 0 1 0 0 0
0 1 1 1 1 0 0 0 0 0
Maze 184
119 113 3.0312500000 2.0526319256 127 0.400360319634045
62 50 28 97 71 10 89 70 97 51 38 43 60 43 49 62
42 48 27 91 1 9 69 67 91 31 33 53 53 400 42
402 401 402 401 402 402 402 402 401 402 402 401 401 400 402
1 1 1 1 1 1 1 1 1 1
1 0 0 0 0 0 0 0 1 0
1 0 0 0 0 0 1 1 1 0
1 1 1 1 1 1 1 1 1 0
1 1 1 1 1 1 1 1 1 1
1 1 1 1 1 1 1 1 1 1
1 2 0 0 0 0 1 1 1 1
1 0 0 0 0 0 1 0 1 0
1 0 0 0 0 0 1 0 1 0
1 1 1 1 1 1 1 0 0 0
Maze 185
89 10 3.1666666667 2.0459442717 28 0.377510301810032
35 9 8 21 61 68 53 93 63 68 54 20 29 91 25 35
5 400 1 400 400 63 400 400 400 64 14 19 21 21 400
402 400 402 400 400 401 400 400 400 401 402 402 402 402 400
1 1 1 1 1 1 1 1 1 0
1 0 0 1 1 1 1 1 1 1
1 1 1 1 1 1 1 1 1 0
1 0 0 1 2 0 0 0 0 0
1 0 0 1 0 0 0 0 0 0
1 0 1 1 0 0 0 0 0 0
1 1 1 1 1 1 1 1 0 0
1 0 1 0 0 0 0 0 0 0
1 0 1 0 0 0 0 0 0 0
1 0 1 0 0 0 0 0 0 0
Maze 186
105 65 3.0175438596 2.0912913095 77 0.387749229426283
82 65 54 53 82 49 30 32 67 36 98 90 29 84 10 82
62 64 400 52 42 29 22 62 66 96 88 89 24 4 2
402 401 400 402 402 402 402 401 401 401 402 401 402 402 402
0 1 1 1 1 1 1 1 1 1
0 1 0 1 0 0 0 0 0 0
0 1 1 1 1 1 1 1 1 1
0 1 0 1 0 1 0 0 1 0
0 1 1 1 1 1 1 1 1 0
0 1 1 1 0 1 0 0 1 0
0 1 1 1 1 1 1 0 1 0
0 1 0 1 0 1 0 0 1 0
0 2 0 1 0 1 0 1 1 1
0 0 0 0 0 1 1 1 0 0
Maze 187
125 3054 3.4333333333 2.0150812233 176 0.396596594252739
5 98 36 41 6 78 52 79 64 16 98 72 61 50 94 5
95 96 31 1 76 72 72 74 14 96 92 71 41 44 4
401 401 402 402 401 401 401 401 402 401 401 401 402 402 402
1 1 1 1 2 1 0 0 0 0
1 0 0 1 1 1 0 0 0 0
1 0 0 1 1 1 0 0 0 0
1 1 1 1 1 1 0 0 0 0
1 1 1 1 1 1 1 1 1 1
1 1 0 1 1 1 0 0 0 0
1 1 0 1 1 1 0 0 0 0
1 1 1 1 1 1 1 1 1 0
0 1 0 1 1 1 0 0 0 0
0 1 1 1 1 1 1 1 0 0
Maze 188
87 1537 3.1111111111 2.2330575306 36 0.383855210209731
56 94 81 98 72 12 34 66 61 45 35 59 87 3 31 56
54 91 91 92 400 32 64 400 41 400 55 57 83 1 51
402 401 401 401 400 401 401 400 402 400 401 402 401 402 401
1 1 1 0 0 0 0 0 0 0
1 1 1 0 0 0 0 0 0 0
1 1 1 0 0 0 0 0 0 0
1 1 1 1 1 0 0 0 0 0
1 1 1 1 1 0 0 0 0 0
1 1 1 1 1 2 1 1 1 0
1 1 1 1 1 1 1 0 0 0
0 1 1 1 0 0 1 0 0 0
1 1 1 1 1 1 1 0 0 0
1 1 1 1 1 1 1 1 0 0
Maze 189
67 13 3.2121212121 1.9335088397 8 0.362359458351700
100 77 90 22 11 2 72 82 65 89 55 64 83 75 90 100
97 87 82 21 1 400 400 62 85 85 54 63 73 85 400
401 401 401 401 402 400 400 402 401 401 402 402 402 401 400
1 1 0 0 0 0 0 0 0 0
1 1 0 0 0 0 0 0 0 0
1 1 0 0 0 0 0 0 0 0
0 1 0 0 0 0 0 0 0 0
0 1 0 0 0 0 0 0 0 0
0 1 0 1 1 0 0 0 0 0
0 1 1 1 1 0 0 0 0 0
0 1 1 1 1 0 1 0 0 0
0 1 1 1 1 1 1 1 1 1
0 0 0 0 0 0 1 1 1 2
Maze 190
109 135 3.0746268657 2.2932307330 64 0.392387989313800
4 100 39 42 92 61 68 28 70 54 79 37 53 10 32 4
94 99 32 400 91 400 400 68 64 74 77 33 3 2 2
401 401 402 400 401 400 400 401 401 401 401 402 402 402 402
0 1 1 2 1 1 1 1 1 1
0 1 1 1 0 0 0 0 0 0
0 1 1 1 0 0 0 1 0 0
0 1 1 1 1 1 1 1 1 0
0 1 1 1 0 0 1 1 1 0
0 1 1 1 0 0 1 1 1 0
1 1 1 1 1 1 1 1 1 1
1 1 0 1 1 1 1 1 1 0
1 1 0 1 0 0 0 0 1 0
1 1 0 1 1 1 1 1 1 1
Maze 191
93 59 3.0666666667 2.2964039712 45 0.372774737385134
26 13 4 29 88 39 76 16 9 87 69 21 86 55 22 26
23 3 24 28 38 36 400 6 7 67 61 81 85 52 400
401 402 401 402 402 402 400 402 402 402 401 401 401 401 400
0 0 1 1 0 1 1 1 1 0
0 0 1 1 0 1 1 0 0 0
1 1 1 1 1 2 1 1 1 0
1 1 0 0 0 1 1 1 1 0
1 1 0 0 0 1 1 1 0 0
1 1 1 1 1 1 1 1 0 0
1 1 1 1 1 1 1 1 1 0
1 0 0 0 1 1 1 1 0 0
1 1 1 1 1 1 1 1 0 0
0 0 0 0 0 0 0 0 0 0
Maze 192
103 71 3.2727272727 2.0713505547 59 0.388495948947351
27 2 46 86 43 60 64 10 48 33 80 80 2 45 44 27
22 42 400 83 53 54 4 8 43 73 400 72 42 400 24
401 401 400 401 401 402 402 402 401 401 400 401 401 400 402
0 1 0 1 1 1 1 1 1 1
0 1 0 1 0 0 0 1 0 0
0 1 1 1 1 1 2 1 0 0
0 1 1 1 0 0 0 1 0 0
0 1 1 1 1 1 1 1 0 0
0 1 1 1 1 1 1 1 1 1
0 1 1 1 0 1 0 0 0 0
0 1 1 1 1 1 1 1 1 1
0 0 1 1 1 1 0 0 0 0
0 0 0 0 0 0 0 0 0 0
Maze 193
103 22 2.7407407407 1.9577917400 66 0.372774845872741
19 91 74 47 33 23 70 20 81 74 4 20 36 69 80 19
11 71 44 43 400 63 400 11 71 400 14 16 66 79 79
402 402 402 401 400 401 400 402 402 400 401 402 401 401 401
0 0 0 1 0 0 0 0 0 0
1 1 1 1 1 1 1 1 2 1
1 0 1 1 0 1 0 0 1 1
1 0 1 1 0 1 0 0 1 1
1 0 1 1 1 1 1 0 1 1
1 0 1 1 0 1 0 0 1 1
1 0 1 1 1 1 1 1 1 1
1 1 1 1 0 0 0 0 1 1
1 0 0 0 0 0 0 0 0 0
1 0 0 0 0 0 0 0 0 0
Maze 194
103 152 3.4642857143 2.2437875504 71 0.404037495839661
21 11 91 68 95 73 23 47 14 76 6 70 21 9 17 21
400 400 61 65 93 400 43 44 74 400 66 61 1 7 11
400 400 402 402 401 400 401 401 401 400 401 401 402 402 402
1 1 1 1 1 1 1 1 1 0
1 1 1 1 1 1 1 0 0 0
2 0 1 1 0 1 0 0 0 0
1 0 1 1 0 1 0 0 0 0
1 0 1 1 1 1 1 0 0 0
1 0 1 1 0 1 0 0 0 0
1 1 1 1 1 1 1 1 1 1
1 0 1 1 1 1 0 0 0 0
1 0 1 0 1 0 0 0 0 0
1 0 1 1 1 0 0 0 0 0
Maze 195
103 8958 3.0163934426 2.2554118304 77 0.387690775759639
21 58 86 54 63 97 49 1 6 97 20 95 96 68 64 21
51 56 84 53 93 47 41 400 96 17 15 400 66 400 61
401 402 401 402 401 402 401 400 401 402 402 400 402 400 401
1 1 1 1 1 1 0 0 0 0
1 0 0 0 1 1 1 1 1 1
2 0 0 0 1 1 1 0 0 0
1 0 0 0 1 1 1 0 0 0
1 1 1 1 1 1 1 1 1 0
1 1 1 1 1 1 1 1 0 0
1 1 1 1 1 1 1 1 0 0
0 0 1 1 1 1 1 0 0 0
0 0 1 1 1 1 1 0 0 0
0 0 1 1 1 1 1 0 0 0
Maze 196
99 27 3.4615384615 2.1120634639 71 0.379386897959172
95 96 66 13 58 13 40 33 26 70 44 76 75 87 2 95
400 400 63 53 53 33 400 23 66 64 74 400 85 82 92
400 400 401 401 401 401 400 402 401 401 401 400 401 401 401
0 1 0 0 0 0 0 0 0 0
0 1 1 0 0 0 0 0 0 0
0 1 1 1 1 1 0 0 0 0
0 1 1 1 1 1 1 1 1 1
0 1 1 1 0 1 0 0 0 0
0 1 1 1 1 1 1 1 0 0
0 1 1 1 1 1 1 1 1 1
0 1 0 1 1 1 0 0 0 0
0 1 1 1 1 1 1 0 0 0
0 1 1 1 2 1 0 0 0 0
Maze 197
85 167 3.1600000000 2.1168425665 41 0.392657731650176
18 53 77 12 47 57 74 74 4 78 67 83 72 71 91 18
13 73 72 42 400 54 400 400 74 77 63 82 400 400 11
402 401 401 401 400 402 400 400 401 401 402 401 400 400 402
0 0 0 1 0 0 0 0 0 0
1 1 1 1 1 1 1 2 0 0
1 1 1 1 0 0 0 0 0 0
1 1 1 1 0 0 0 0 0 0
1 1 1 1 1 1 1 0 0 0
1 1 1 1 1 1 1 0 0 0
1 1 1 1 1 1 1 0 0 0
1 1 1 1 1 1 1 1 0 0
1 1 1 0 0 0 0 0 0 0
1 0 0 0 0 0 0 0 0 0
Maze 198
119 239 3.5185185185 2.0283057745 105 0.388187512988558
7 81 53 18 12 34 81 82 70 68 14 3 85 8 81 7
1 51 13 400 32 31 400 62 400 64 13 83 5 1 1
402 402 402 400 401 402 400 402 400 401 401 401 402 402 402
1 1 1 1 1 1 2 1 0 0
1 1 1 1 1 1 1 1 0 0
1 1 1 1 1 0 0 0 0 0
1 1 1 1 1 0 0 0 0 0
1 0 1 1 1 0 0 0 0 0
1 1 1 1 1 0 0 0 0 0
1 1 1 1 1 1 1 1 1 1
1 1 1 0 1 0 0 0 0 0
1 1 1 1 1 0 0 0 0 0
0 0 0 0 0 0 0 0 0 0
Maze 199
115 38 3.0140845070 2.2562474134 119 0.372633410236977
14 46 78 40 93 4 92 55 33 10 41 88 75 96 98 14
44 76 38 33 3 2 52 53 3 1 81 85 95 400 94
401 401 402 402 402 402 402 401 402 402 401 401 401 400 401
1 1 1 1 1 1 1 1 1 1
1 1 1 2 0 0 0 0 0 0
1 1 1 1 0 0 0 0 0 0
1 1 1 1 1 1 1 1 1 1
1 1 1 1 1 1 0 1 0 0
1 1 1 1 1 1 0 1 0 0
1 1 1 1 0 1 0 1 0 0
1 1 1 1 1 1 1 1 0 0
1 1 1 1 1 1 1 1 0 0
0 1 1 1 1 1 1 1 0 0
Maze 200
101 252 2.8666666667 2.1162445594 51 0.375431210220084
24 68 100 86 32 36 77 20 33 75 52 50 51 49 18 24
64 98 96 82 400 76 17 13 73 72 42 41 41 48 14
401 401 401 401 400 401 402 402 401 401 402 402 402 401 402
0 0 0 0 0 0 0 0 0 0
0 0 1 1 1 1 1 1 1 1
0 0 1 2 0 0 1 1 0 0
0 1 1 1 1 1 1 1 0 0
1 1 1 1 1 1 1 1 1 1
1 1 1 1 0 1 1 0 0 0
0 1 1 1 1 1 1 1 0 0
0 1 1 1 1 1 1 1 0 0
0 1 1 1 1 1 0 1 0 0
0 0 0 0 0 1 1 1 1 1
