numMazes: 200
mazeSize: 10
Maze 1
91 385 3.4347826087 2.0565098260 45 0.392746251442744
17 84 27 99 49 15 80 80 56 7 47 88 75 25 49 17
14 24 97 400 45 75 400 76 6 400 87 85 400 45 47
402 402 401 400 401 401 400 401 402 400 401 401 400 401 401
0 0 0 0 0 1 1 0 0 0
0 0 0 1 1 1 2 0 0 0
0 0 0 1 1 1 1 0 0 0
0 0 0 1 1 1 1 0 0 0
0 0 0 1 1 1 1 1 1 0
0 0 0 1 1 1 1 0 1 0
0 0 0 1 1 1 1 0 1 0
0 0 0 1 1 1 1 1 1 1
0 0 0 1 1 1 1 1 1 0
0 0 0 0 0 0 1 1 1 0
Maze 2
95 10 3.7500000000 1.9809873761 66 0.382231412736990
92 31 44 81 37 82 15 1 4 41 66 61 47 55 66 92
91 41 41 31 32 12 11 400 1 61 400 41 45 65 62
401 401 402 402 402 402 401 400 402 401 400 402 402 401 402
1 1 1 1 0 0 0 0 0 0
1 1 1 1 1 0 0 0 0 0
1 1 0 0 0 0 0 0 0 0
1 1 1 1 1 1 1 0 0 0
1 1 1 1 1 1 1 0 0 0
1 1 0 0 1 0 0 0 0 0
1 1 1 1 1 1 0 0 0 0
1 1 0 0 0 0 0 0 0 0
1 1 0 0 0 0 0 0 0 0
1 2 0 0 0 0 0 0 0 0
Maze 3
101 303 3.5384615385 2.1315981729 64 0.400253655637362
50 39 98 60 34 41 100 81 37 78 98 97 40 67 51 50
49 38 58 54 31 91 91 31 77 400 400 37 37 61 41
401 402 402 401 402 401 401 402 401 400 400 402 402 401 402
0 0 0 0 0 0 0 0 0 0
0 0 0 0 0 0 0 0 0 0
0 0 0 0 0 0 0 0 0 0
1 1 1 1 1 1 1 1 1 1
1 1 1 1 1 1 1 1 1 2
1 0 0 1 1 1 1 1 1 1
1 1 1 1 1 1 1 1 0 0
1 0 0 0 0 0 1 1 0 0
1 0 0 0 0 0 1 1 0 0
1 1 1 1 1 1 1 1 1 1
Maze 4
117 434 3.1428571429 1.9329737813 106 0.384735810970181
19 98 75 32 100 80 63 89 53 15 74 90 43 13 99 19
18 95 72 92 400 73 83 83 13 14 84 83 400 93 400
402 401 401 401 400 401 401 401 402 402 401 401 400 401 400
0 0 0 0 0 0 0 0 0 0
0 0 1 1 1 0 0 1 2 0
0 0 1 1 0 0 0 1 1 0
0 1 1 1 0 0 0 1 1 0
0 1 1 1 0 0 0 1 1 0
0 1 1 1 0 0 0 1 1 0
0 1 1 1 0 0 0 1 1 0
0 1 1 1 1 1 1 1 1 1
0 1 1 1 1 1 1 1 1 1
0 1 1 1 1 1 1 1 1 1
Maze 5
87 21 3.0232558140 1.8870908709 31 0.375180552092916
14 95 61 40 34 40 64 31 34 53 76 78 88 95 98 14
94 91 31 400 400 34 61 400 33 73 400 400 85 400 94
401 401 402 400 400 402 401 400 402 401 400 400 402 400 401
0 0 0 0 0 0 0 0 0 0
0 0 0 2 0 0 0 0 0 0
0 0 0 1 0 0 0 0 0 0
1 1 1 1 1 1 1 1 1 1
1 0 1 1 0 0 0 0 0 0
1 0 1 1 0 0 0 0 0 0
1 1 1 1 0 0 0 0 0 0
1 0 1 1 1 1 1 1 0 0
1 0 0 1 1 1 1 1 0 0
1 1 1 1 1 1 1 1 0 0
Maze 6
97 39 3.1320754717 2.1437003132 46 0.369165978065210
45 75 98 62 29 32 9 54 34 55 41 28 13 87 87 45
400 95 92 22 22 2 4 400 54 51 21 23 83 400 85
400 401 401 402 402 402 402 400 401 401 402 401 401 400 401
0 1 1 1 1 1 1 1 1 0
0 1 1 1 0 0 0 0 0 0
1 1 1 1 1 1 1 1 1 0
1 1 1 1 0 0 0 0 0 0
1 1 1 1 2 0 0 0 0 0
1 1 1 1 1 0 0 0 0 0
0 1 1 0 1 0 0 0 0 0
0 1 1 0 1 0 0 0 0 0
0 1 1 1 1 1 1 0 0 0
0 1 1 1 1 1 1 1 0 0
Maze 7
99 2 2.9818181818 2.0137286468 52 0.365743135172380
80 24 94 48 70 20 60 19 64 100 73 31 65 64 34 80
74 400 44 68 400 400 59 14 94 93 71 61 400 400 74
401 400 402 401 400 400 401 402 401 401 401 401 400 400 401
0 0 0 0 0 0 0 0 0 0
0 0 0 1 1 1 1 1 1 1
0 0 0 1 0 0 0 0 1 1
1 0 0 1 0 0 0 0 1 1
1 0 0 1 1 1 1 1 1 1
1 0 0 1 0 0 0 1 1 1
1 1 1 1 1 0 0 1 1 1
1 1 1 1 1 1 1 1 1 2
0 0 1 1 0 0 0 0 0 0
0 0 1 1 1 1 1 1 1 1
Maze 8
79 67 2.8461538462 2.2378690013 35 0.363285394291976
87 40 20 10 37 14 21 42 25 47 25 88 33 22 50 87
37 400 400 7 34 11 41 22 45 45 85 83 32 42 47
402 400 400 402 401 402 401 402 401 401 401 401 401 401 402
0 0 0 0 0 0 1 1 1 1
1 1 1 1 0 0 1 0 0 1
1 1 1 1 1 0 1 0 0 1
1 1 1 1 1 1 1 1 1 1
1 1 1 1 1 1 1 1 1 1
0 0 1 0 1 0 1 0 0 0
0 0 1 0 1 0 1 0 0 0
0 0 1 0 1 0 1 0 0 0
0 0 1 1 1 1 2 1 0 0
0 0 0 0 0 0 0 0 0 0
Maze 9
99 25 3.5348837209 1.8399039122 60 0.393956192735347
7 49 53 67 54 3 94 33 61 4 13 71 50 12 11 7
47 43 63 64 53 93 93 31 1 3 11 41 42 400 1
401 402 401 401 401 401 401 402 402 402 402 402 401 400 402
1 1 1 1 1 1 2 0 0 0
1 1 1 0 0 0 1 0 0 0
1 1 1 0 0 0 1 0 0 0
1 1 1 0 0 0 1 0 0 0
1 1 1 1 1 1 1 1 1 1
1 0 1 1 0 0 0 0 0 0
1 0 1 1 1 1 1 0 0 0
1 0 1 0 0 0 0 0 0 0
0 0 1 0 0 0 0 0 0 0
0 0 1 1 0 0 0 0 0 0
Maze 10
63 6 2.9523809524 2.3099176332 7 0.397370848334981
66 62 72 63 44 31 81 14 22 62 8 38 65 86 75 66
400 400 62 43 41 400 11 12 400 2 400 35 85 85 65
400 400 402 402 401 400 402 402 400 402 400 402 401 401 402
0 1 1 1 1 1 1 1 0 0
1 1 1 1 0 0 0 1 0 0
1 1 0 0 0 0 0 1 0 0
1 1 0 0 1 1 1 1 0 0
1 1 1 1 1 0 0 0 0 0
1 1 1 0 1 0 0 0 0 0
1 1 1 1 1 2 0 0 0 0
1 1 0 0 1 0 0 0 0 0
1 0 0 0 1 1 0 0 0 0
0 0 0 0 0 0 0 0 0 0
Maze 11
113 65 3.1929824561 1.9888840993 61 0.382767418498966
45 13 73 76 63 14 93 20 8 42 100 86 25 82 40 45
43 400 400 73 13 13 13 18 2 92 96 85 22 32 35
401 400 400 401 402 402 402 401 402 401 401 401 402 402 402
0 1 1 1 1 1 1 1 0 0
0 1 1 1 1 1 1 1 1 1
0 1 1 1 1 0 0 0 0 0
0 1 1 1 1 1 1 1 1 1
0 1 1 1 2 0 0 0 0 0
0 1 1 0 1 0 0 0 0 0
0 1 1 0 1 0 0 0 0 0
0 1 1 1 1 1 0 0 0 0
0 1 1 0 1 1 0 0 0 0
0 1 1 1 1 1 1 1 1 1
Maze 12
95 188 3.6666666667 1.8994609330 66 0.394876610272410
54 22 63 16 92 66 56 24 39 62 4 53 11 18 4 54
52 62 13 12 62 400 54 34 32 2 3 51 400 14 400
401 401 402 402 402 400 401 401 402 402 402 401 400 401 400
0 1 1 1 0 0 0 0 0 0
1 1 1 1 1 1 1 1 0 0
1 1 1 1 0 0 0 0 0 0
1 1 1 1 1 1 1 1 1 0
1 1 1 1 0 0 0 0 0 0
1 1 1 2 1 1 0 0 0 0
0 1 1 1 1 1 0 0 0 0
0 1 0 0 0 0 0 0 0 0
0 1 0 0 0 0 0 0 0 0
0 1 0 0 0 0 0 0 0 0
Maze 13
103 238 3.7333333333 1.9695037101 77 0.385260512792155
84 91 74 99 71 65 51 97 38 55 25 83 60 33 59 84
81 71 94 91 61 61 91 37 35 400 23 53 53 53 54
402 402 401 401 402 401 401 402 402 400 402 402 401 401 402
0 0 0 0 0 0 0 0 0 0
0 0 0 0 0 0 0 0 0 0
0 0 1 1 1 0 0 0 0 0
0 0 1 0 1 1 1 1 0 0
0 0 1 0 1 0 1 0 0 0
1 0 1 1 1 1 1 1 1 1
1 1 1 1 1 0 1 0 0 0
1 1 1 1 0 0 1 0 0 0
1 1 1 2 0 0 1 0 0 0
1 1 1 1 1 1 1 1 1 0
Maze 14
85 49 2.7666666667 2.3288451324 50 0.404838108555661
17 5 10 83 52 34 58 26 65 99 90 79 65 36 90 17
15 400 3 82 32 54 56 25 95 89 89 75 35 86 87
401 400 402 401 402 401 401 402 401 402 401 401 402 401 401
0 0 1 1 1 1 1 1 1 1
0 0 1 0 1 1 2 0 0 0
0 0 1 0 1 1 1 0 0 0
0 1 1 1 1 1 1 0 0 0
0 1 1 1 1 1 1 0 0 0
0 1 1 1 1 1 1 1 0 0
0 1 1 0 1 1 1 0 0 0
0 1 1 0 1 1 1 1 1 0
0 1 1 0 1 1 1 1 1 1
0 0 0 0 1 1 1 1 1 0
Maze 15
89 37 3.2444444444 2.0227214510 41 0.397952107750019
22 36 67 71 96 12 15 65 96 55 30 42 28 26 55 22
32 66 61 91 92 400 400 95 95 25 22 22 400 25 52
401 401 402 401 401 400 400 401 401 402 402 402 400 402 401
0 0 0 0 0 0 0 0 0 0
0 1 1 1 1 0 0 0 0 0
0 2 1 1 1 1 1 1 1 1
0 1 1 1 1 1 0 0 0 0
0 1 0 0 1 1 0 0 0 0
0 1 1 1 1 1 0 0 0 0
1 1 1 1 1 1 1 0 0 0
1 1 0 0 1 0 0 0 0 0
1 1 0 0 1 0 0 0 0 0
1 1 1 1 1 1 0 0 0 0
Maze 16
109 441 3.0857142857 2.3448555988 85 0.366941348704774
65 72 64 24 12 98 10 41 81 81 30 95 88 13 57 65
62 62 400 22 92 8 1 400 400 21 25 85 83 53 55
402 402 400 401 401 402 402 400 400 402 402 402 401 401 402
1 1 1 1 1 1 1 1 1 1
1 1 1 0 0 0 0 1 0 0
1 1 1 1 1 1 1 1 1 1
1 1 1 1 1 0 0 1 0 0
1 1 1 1 1 0 0 1 0 0
1 1 1 1 1 1 1 1 0 0
1 1 1 1 2 0 0 1 0 0
1 1 1 0 1 0 0 1 0 0
1 1 1 1 1 1 1 1 0 0
0 1 1 1 1 1 1 1 0 0
Maze 17
111 21 3.2307692308 1.8982622742 92 0.377218902357684
97 18 2 6 72 10 55 47 7 43 3 7 85 49 53 97
17 12 400 2 2 5 45 400 3 400 400 5 45 43 93
402 401 400 402 402 402 402 400 402 400 400 402 402 402 401
0 1 1 1 1 1 1 1 1 1
0 1 1 1 1 1 1 1 0 0
0 1 1 0 1 0 1 0 0 0
0 1 1 0 1 0 1 0 0 0
0 1 1 1 1 1 1 1 1 0
0 1 1 0 1 0 1 0 0 0
0 1 1 0 1 0 1 0 0 0
0 1 1 0 1 0 1 0 0 0
0 0 1 0 1 0 1 0 0 0
0 0 1 1 1 1 2 0 0 0
Maze 18
109 410 3.4181818182 2.0912913095 90 0.395507694963626
93 39 100 85 71 37 50 59 81 60 86 48 35 68 13 93
33 99 95 81 31 47 49 51 51 56 46 45 65 63 400
402 401 401 401 402 401 402 402 402 402 402 401 401 401 400
0 0 0 0 0 0 0 0 0 0
0 0 1 0 0 0 0 0 0 0
0 0 1 0 0 0 0 0 0 0
1 1 1 1 1 1 1 1 1 0
1 0 1 0 1 1 1 1 1 1
1 1 1 1 1 1 1 1 1 1
1 0 1 1 1 1 1 1 1 0
1 0 1 0 0 1 0 0 1 0
1 1 1 1 1 1 0 0 1 0
0 0 2 0 1 1 1 1 1 1
Maze 19
89 11 2.7384615385 2.4986375674 45 0.385846508264218
3 11 64 24 6 46 100 77 10 27 65 29 39 37 80 3
1 61 400 4 400 96 97 7 7 25 25 400 400 77 73
402 401 400 402 400 401 401 402 402 402 402 400 400 401 401
1 1 2 1 1 1 1 1 1 1
1 0 1 1 0 1 1 0 0 0
1 0 1 1 1 1 1 1 1 0
1 0 1 1 1 1 1 1 1 0
1 0 1 1 1 1 1 0 0 0
1 0 1 1 1 1 1 0 0 0
1 1 1 1 1 1 1 0 0 0
0 0 1 1 1 1 1 1 1 1
0 0 0 0 0 1 1 0 0 0
0 0 0 0 0 1 1 1 1 1
Maze 20
91 465 3.4222222222 1.9925315786 50 0.389413271528576
47 88 43 79 94 42 64 24 84 31 68 24 56 77 65 47
87 83 73 74 92 62 400 400 81 61 64 54 76 75 45
401 401 401 402 401 401 400 400 401 401 401 401 401 401 402
0 0 0 0 0 0 0 0 0 0
0 0 0 0 0 0 0 0 0 0
0 0 0 1 0 0 0 0 0 0
1 0 0 1 0 0 0 0 0 0
1 1 1 1 1 1 2 0 0 0
1 1 1 1 1 1 1 0 0 0
1 1 1 1 1 1 1 1 0 0
1 1 1 1 1 1 1 1 1 0
1 1 1 1 1 1 1 1 0 0
0 1 1 1 0 0 0 0 0 0
Maze 21
97 156 3.6666666667 2.1279500364 71 0.373785522762906
97 13 68 16 75 82 21 33 55 25 61 26 67 81 99 97
93 63 66 15 72 81 31 53 400 21 21 66 61 91 400
401 401 401 402 402 401 401 401 400 402 402 401 402 401 400
0 0 0 0 0 0 0 0 0 0
0 0 1 0 1 1 0 0 0 0
1 1 1 1 1 1 0 0 0 0
1 1 1 0 1 1 0 0 0 0
1 0 1 0 1 1 0 0 0 0
1 0 1 1 1 1 0 0 0 0
1 1 1 1 1 1 1 1 0 0
1 1 1 1 1 0 0 0 0 0
1 1 1 0 0 0 0 0 0 0
1 1 1 1 1 1 2 1 1 0
Maze 22
91 46 3.2608695652 1.9623990718 27 0.372466523481178
81 90 63 72 57 68 27 72 13 73 86 52 18 47 55 81
400 83 62 52 67 67 22 12 400 83 82 12 17 45 51
400 401 402 402 401 401 402 402 400 401 401 402 402 402 402
0 0 0 0 0 0 0 0 0 0
0 1 1 1 1 1 1 1 0 0
0 1 1 1 1 1 1 0 0 0
0 1 1 0 0 0 1 0 0 0
0 1 1 0 1 1 1 0 0 0
1 1 1 1 1 1 1 0 0 0
1 1 1 0 0 0 1 1 0 0
1 1 1 0 0 0 0 0 0 0
2 1 1 1 1 1 1 1 1 1
0 0 0 0 0 0 0 0 0 0
Maze 23
79 4 3.1818181818 1.9902901924 26 0.365993387818732
14 27 24 86 54 8 1 1 14 73 93 72 58 94 66 14
24 400 84 84 4 400 400 11 13 400 92 52 54 64 64
401 400 401 401 402 400 400 401 402 400 401 402 402 402 401
1 1 1 1 1 1 1 1 0 0
1 1 1 2 0 0 0 0 0 0
0 0 1 1 1 1 1 0 0 0
0 0 1 1 0 0 0 0 0 0
0 0 1 1 0 0 0 0 0 0
0 1 1 1 1 1 1 1 0 0
0 1 1 1 1 1 0 0 0 0
0 1 1 1 0 0 0 0 0 0
0 1 1 1 1 1 0 0 0 0
0 1 1 1 0 0 0 0 0 0
Maze 24
95 54 3.1272727273 2.0992168406 70 0.393642237177599
74 18 15 5 92 83 43 39 25 59 82 90 33 67 95 74
14 400 400 2 82 400 33 35 55 52 400 83 63 65 94
402 400 400 402 402 400 402 401 401 402 400 401 401 402 401
0 1 1 1 1 0 0 0 0 0
0 1 0 1 1 1 1 1 0 0
0 1 0 1 1 0 0 0 0 0
0 1 1 1 1 1 1 1 1 0
0 1 1 1 1 0 0 0 0 0
0 1 1 1 1 1 1 1 1 0
0 1 1 1 1 1 1 0 0 0
0 1 1 2 1 0 0 0 0 0
0 1 1 1 1 1 1 1 1 1
0 1 0 1 1 0 0 0 0 0
Maze 25
85 282 3.0000000000 1.9251786428 56 0.376697239594766
26 35 45 79 47 3 34 43 30 8 66 62 80 38 73 26
25 400 75 77 43 33 33 23 28 6 400 72 78 33 23
402 400 401 401 401 401 402 402 401 402 400 401 401 402 402
0 0 1 0 0 1 1 1 0 0
0 0 1 0 0 1 0 1 0 0
0 0 1 1 1 2 1 1 1 1
0 0 1 1 1 1 1 1 0 0
0 0 1 1 1 1 1 1 0 0
0 0 1 0 1 1 1 1 0 0
0 1 1 1 1 1 1 1 0 0
0 1 1 1 1 1 1 1 1 1
0 0 0 0 0 0 0 0 0 0
0 0 0 0 0 0 0 0 0 0
Maze 26
89 201 3.3461538462 2.2665805430 50 0.386900739093076
18 70 76 7 59 100 47 82 45 35 98 98 25 64 37 18
68 66 6 57 99 97 42 42 400 95 400 95 24 34 17
401 402 402 401 401 401 402 402 400 401 400 401 402 402 402
0 0 0 0 0 1 1 0 0 0
0 0 0 0 0 1 1 2 0 0
0 0 0 1 1 1 1 1 0 0
0 0 0 1 1 1 1 1 0 0
0 1 1 1 1 1 1 1 0 0
0 1 0 1 1 1 1 1 1 0
0 1 0 1 1 1 1 1 1 1
0 1 0 0 1 1 1 0 1 0
0 1 0 0 1 0 1 0 1 0
0 0 0 0 1 1 1 1 1 1
Maze 27
95 125 2.9824561404 2.1805210830 71 0.367557538798843
96 66 3 64 60 54 16 85 12 4 81 51 44 5 93 96
400 63 63 54 400 14 15 82 2 1 400 41 4 3 400
400 401 401 402 400 402 402 401 402 402 400 402 402 402 400
1 1 1 1 1 0 0 0 0 0
1 1 1 1 1 1 0 0 0 0
1 1 1 1 1 0 0 0 0 0
1 1 1 1 1 0 0 0 0 0
1 1 1 1 1 0 0 0 0 0
1 1 1 1 1 1 1 1 1 1
1 1 1 1 1 1 0 0 0 0
1 1 1 0 1 1 0 0 0 0
1 1 1 1 1 1 0 0 0 0
0 0 1 1 1 2 0 0 0 0
Maze 28
113 480 3.2698412698 2.1533417509 105 0.373384274607493
14 78 56 32 59 7 16 72 30 91 92 88 25 96 27 14
74 76 52 52 57 6 12 22 21 400 82 85 95 26 24
401 401 401 401 401 402 402 402 402 400 402 401 401 402 401
0 0 0 0 0 1 1 0 0 0
0 1 1 2 1 1 1 0 0 0
1 1 1 1 1 1 1 1 1 1
1 1 0 1 1 1 1 0 0 0
1 1 0 1 1 1 1 0 0 0
1 1 1 1 1 1 1 1 1 0
1 1 0 1 1 1 0 0 0 0
1 1 0 1 1 1 1 1 0 0
1 1 1 1 1 1 1 1 0 0
1 1 0 0 1 1 0 0 0 0
Maze 29
93 22 3.3962264151 2.2204022856 56 0.402633389928726
61 81 21 25 84 96 4 25 99 8 77 69 55 60 25 61
400 400 400 24 94 94 24 95 98 7 67 65 400 55 21
400 400 400 402 401 401 401 401 401 402 402 401 400 401 402
0 0 0 1 0 0 1 1 0 0
0 0 0 1 0 0 1 1 0 0
1 1 1 1 1 0 1 1 0 0
1 0 0 1 1 0 1 1 0 0
1 0 0 1 1 0 1 1 0 0
1 0 0 1 1 1 1 1 1 1
2 0 0 1 1 1 1 1 1 0
1 0 0 1 1 0 1 1 0 0
1 0 0 1 1 0 0 1 0 0
0 0 0 1 1 1 1 1 1 0
Maze 30
125 117 3.8928571429 2.0146804779 183 0.395278675037208
21 58 92 2 79 64 17 79 41 30 33 14 89 90 74 21
51 52 400 72 74 14 77 71 21 23 13 84 400 84 71
401 402 400 401 401 402 401 401 402 402 402 401 400 401 401
0 1 0 0 0 0 0 0 0 0
0 1 1 1 1 1 1 0 0 0
2 1 1 1 1 1 1 1 1 1
1 1 1 1 0 0 1 0 0 0
1 1 0 1 0 0 1 0 0 0
1 1 1 1 1 1 1 1 0 0
1 1 0 1 0 0 1 0 0 0
1 1 1 1 1 1 1 1 1 0
0 1 0 1 1 1 1 1 1 1
0 1 0 0 0 0 0 0 0 0
Maze 31
115 58 3.3333333333 1.8951100718 141 0.383154261364246
82 98 24 99 80 36 11 39 50 55 94 40 88 96 1 82
92 94 94 79 76 31 31 49 45 54 34 38 86 91 81
401 401 401 402 401 401 401 401 402 402 402 402 402 401 401
1 0 0 0 0 0 0 0 0 0
1 0 0 0 0 0 0 0 0 0
1 0 0 1 0 0 0 0 0 0
1 1 1 1 1 1 1 1 1 1
1 0 0 1 1 1 1 1 1 1
1 0 0 1 1 1 0 1 0 0
1 0 0 1 0 1 0 1 0 0
1 0 0 1 0 1 1 1 1 1
1 2 0 1 0 1 1 1 1 0
1 1 1 1 1 1 1 1 1 0
Maze 32
71 42 2.6923076923 2.3788973536 16 0.391191039322961
7 54 85 47 44 91 13 18 55 54 73 65 58 50 40 7
4 84 45 400 41 11 400 15 400 53 63 55 48 400 37
402 401 402 400 402 402 400 402 400 402 402 402 402 400 401
0 0 0 1 1 1 2 0 0 0
1 1 1 1 1 1 1 1 0 0
1 0 0 1 1 0 1 0 0 0
1 0 0 1 1 0 1 1 1 1
1 1 1 1 1 1 1 1 1 1
1 0 1 1 1 1 1 1 0 0
1 0 1 1 1 0 0 0 0 0
1 0 1 1 1 0 0 0 0 0
1 0 0 1 1 0 0 0 0 0
1 0 0 0 0 0 0 0 0 0
Maze 33
91 152 2.8000000000 2.1168425665 39 0.364557799734677
11 54 99 68 26 36 11 81 16 32 81 83 50 59 14 11
51 94 98 66 400 31 400 11 12 31 400 43 49 54 400
401 401 401 401 400 401 400 402 402 402 400 402 402 401 400
0 0 0 0 0 0 0 0 0 0
2 1 1 1 1 1 0 0 0 0
1 1 0 1 0 1 0 0 0 0
1 1 1 1 1 1 0 0 0 0
1 0 1 1 1 1 1 1 1 1
1 1 1 1 1 1 1 1 1 0
1 0 1 1 0 1 1 1 0 0
1 0 1 1 0 0 0 1 0 0
1 1 1 1 0 0 0 1 0 0
0 0 0 1 1 1 1 1 1 0
Maze 34
71 19 2.9047619048 2.0935713583 13 0.382128157419287
71 32 31 2 22 29 83 63 31 22 12 55 40 53 93 71
31 400 1 400 400 23 400 61 21 400 52 35 33 400 91
402 400 402 400 400 402 400 401 402 400 401 402 402 400 401
1 1 0 0 0 0 0 0 0 0
1 1 0 0 0 0 0 0 0 0
1 1 1 1 1 1 1 1 1 0
1 1 1 1 1 1 1 1 1 1
1 1 1 0 1 0 0 0 0 0
1 1 1 1 1 0 0 0 0 0
1 1 1 0 0 0 0 0 0 0
2 0 1 0 0 0 0 0 0 0
1 0 1 0 0 0 0 0 0 0
1 1 1 0 0 0 0 0 0 0
Maze 35
101 71 3.2203389831 2.3110125115 66 0.386949632847315
67 58 3 49 17 91 17 100 95 12 14 34 35 61 52 67
57 53 43 47 11 11 97 400 92 400 400 400 31 51 62
402 401 401 401 402 402 401 400 401 400 400 400 402 402 401
0 0 1 0 0 0 0 0 0 0
1 1 1 1 1 1 1 0 0 0
1 1 1 1 0 0 1 0 0 0
1 1 1 1 1 0 1 0 0 0
1 1 1 1 1 1 1 1 1 0
1 1 1 1 1 1 1 1 0 0
1 1 1 1 1 1 2 0 0 0
1 1 0 0 0 0 1 0 0 0
1 1 0 0 0 0 1 0 0 0
1 1 1 1 1 1 1 1 1 1
Maze 36
99 254 3.2727272727 2.2465058196 70 0.396544497362191
21 45 6 18 94 6 72 7 19 30 99 6 37 14 34 21
41 5 16 14 4 2 2 17 29 29 96 36 34 400 31
401 402 401 402 402 402 402 401 401 402 401 401 401 400 401
0 1 1 1 1 1 1 0 0 0
0 1 0 1 1 1 1 1 1 0
2 1 0 1 1 1 0 0 1 1
1 1 1 1 1 1 1 0 1 0
1 1 1 1 1 1 0 0 1 0
0 1 0 1 0 1 0 0 1 0
0 1 0 1 0 1 0 0 1 0
0 1 0 1 0 1 0 0 1 0
0 0 0 1 0 1 0 0 1 0
0 0 0 1 0 1 1 1 1 0
Maze 37
101 40 3.2142857143 2.1780943860 55 0.371884510641434
89 46 11 50 47 40 8 64 63 59 72 91 14 78 46 89
86 41 41 400 37 38 4 400 53 52 71 11 74 76 86
401 401 401 400 402 401 402 400 402 402 402 402 401 401 401
0 0 0 1 1 1 1 1 0 0
1 1 1 1 0 0 0 1 0 0
1 0 0 1 0 0 0 1 0 0
1 0 0 1 0 0 1 1 1 1
1 1 1 1 1 1 1 1 1 1
1 1 1 1 1 1 1 1 1 0
1 1 1 1 0 1 0 0 0 0
1 1 0 1 1 1 1 1 0 0
1 0 0 0 0 1 1 1 2 0
1 0 0 0 0 0 0 0 0 0
Maze 38
131 730 3.4666666667 2.0657681994 177 0.399809771456437
49 100 5 78 1 100 89 34 55 97 13 25 99 56 13 49
99 95 75 71 91 99 84 54 95 93 23 95 96 53 43
401 401 401 401 401 401 401 401 401 401 401 401 401 401 401
1 0 0 0 1 0 0 0 0 0
1 0 1 0 1 0 0 0 0 0
1 0 1 1 1 0 0 0 0 0
1 0 1 1 1 0 0 0 0 0
1 0 1 1 1 1 1 1 2 0
1 0 1 1 1 1 0 0 1 0
1 0 1 1 1 1 0 0 1 0
1 1 1 1 1 1 1 1 1 0
1 0 1 1 1 1 1 1 1 0
1 1 1 1 1 1 1 1 1 1
Maze 39
95 48 2.9642857143 2.1567518755 71 0.373807094175016
88 53 53 64 85 58 16 82 1 91 36 67 30 22 86 88
83 400 63 84 55 56 12 81 400 31 66 27 400 82 400
401 400 401 401 402 401 402 401 400 402 401 402 400 401 400
1 0 0 0 0 0 0 0 0 0
1 1 1 1 1 1 0 0 0 0
1 1 1 1 1 1 1 1 1 1
1 1 1 1 1 1 1 0 0 0
1 1 0 0 0 1 1 0 0 0
1 1 1 0 1 1 1 1 0 0
1 1 1 1 1 1 1 0 0 0
1 1 1 1 1 0 0 0 0 0
1 1 1 1 1 1 1 2 0 0
1 0 0 0 0 0 0 0 0 0
Maze 40
81 35 2.8627450980 2.2277784588 35 0.389765684861426
44 7 75 85 28 69 34 28 97 84 22 73 74 35 23 44
4 5 400 25 68 64 24 27 94 82 72 400 34 33 43
402 402 400 402 401 401 402 402 401 401 401 400 402 401 401
0 0 0 1 1 1 1 0 0 0
0 0 0 1 1 0 0 0 0 0
0 1 1 1 1 1 1 1 0 0
0 1 1 1 1 0 1 1 0 0
0 1 1 2 1 0 1 1 0 0
0 1 0 1 1 0 1 1 0 0
0 1 0 1 1 1 1 1 1 0
0 1 1 1 1 0 1 0 0 0
0 1 1 1 1 0 1 0 0 0
0 0 0 1 1 1 1 0 0 0
Maze 41
101 187 2.9090909091 2.3545269969 71 0.381672815504007
82 69 75 31 74 35 44 20 32 49 77 85 90 9 51 82
62 65 71 71 34 34 14 12 42 47 75 400 89 1 81
402 402 401 401 402 402 402 402 401 402 402 400 401 402 401
1 1 1 1 1 1 1 1 1 0
1 1 1 1 1 1 1 1 1 1
1 1 0 1 0 0 0 0 1 0
1 1 0 1 1 0 0 0 1 0
1 1 1 1 1 1 1 1 1 0
1 0 0 1 0 0 1 0 1 0
1 1 1 1 1 1 1 1 1 0
1 1 1 1 1 1 1 0 1 0
1 2 0 0 1 1 1 1 1 1
0 0 0 0 0 0 0 0 0 0
Maze 42
75 17 2.7200000000 2.1908691810 19 0.363071023267094
9 17 16 100 29 69 29 13 25 85 22 32 19 16 28 9
7 400 96 99 400 400 23 23 400 82 400 12 400 26 8
402 400 401 401 400 400 401 401 400 401 400 402 400 401 402
0 0 0 0 0 0 1 1 2 0
0 1 1 1 1 1 1 1 1 0
0 1 1 1 1 1 1 1 1 0
0 1 0 0 1 1 0 0 1 0
0 1 0 0 1 1 0 0 1 0
0 1 0 0 1 1 0 0 1 0
0 1 0 0 1 1 0 0 1 0
0 1 0 0 1 1 0 0 1 0
0 1 1 1 1 1 0 0 1 0
0 0 0 0 0 1 1 1 1 1
Maze 43
85 10 3.2857142857 1.8630761059 50 0.391034474734796
49 3 23 35 47 37 26 20 8 78 18 98 14 67 14 49
43 400 33 45 400 36 16 18 400 400 400 94 64 64 44
401 400 401 401 400 401 402 401 400 400 400 401 401 401 401
0 0 1 0 0 0 0 1 0 0
0 0 1 1 0 1 1 1 1 1
0 0 1 1 0 1 0 1 0 0
0 0 1 1 1 1 1 1 0 0
0 0 1 1 1 1 1 1 2 0
0 0 0 1 0 0 0 1 0 0
0 0 0 1 1 1 1 1 0 0
0 0 0 1 0 0 0 1 0 0
0 0 0 1 0 0 0 1 0 0
0 0 0 1 1 1 1 1 0 0
Maze 44
79 94 3.0222222222 2.0755587813 35 0.393750251353291
69 30 40 70 32 44 26 50 35 43 87 36 69 6 47 69
29 400 400 62 42 24 46 45 33 83 86 66 66 46 67
402 400 400 401 401 402 401 401 402 401 401 401 401 401 401
0 0 0 0 0 1 0 0 0 0
0 0 0 0 0 1 0 0 0 0
0 0 0 1 1 1 0 0 1 1
0 1 1 1 1 1 0 0 1 1
0 1 1 1 1 1 1 1 1 1
0 1 1 0 0 1 1 0 1 1
0 1 1 1 1 1 1 1 2 1
0 0 1 0 0 1 0 0 0 0
0 0 1 1 1 1 1 0 0 0
0 0 0 0 0 0 0 0 0 0
Maze 45
117 94 3.4814814815 1.9512293585 140 0.388699273677973
15 60 19 99 43 14 58 33 41 60 13 72 13 40 84 15
55 59 400 93 13 54 53 31 51 53 12 12 33 34 14
401 401 400 401 402 401 401 402 401 401 402 402 401 402 402
0 0 0 0 0 0 0 0 0 0
0 1 1 1 2 0 0 0 1 0
0 1 1 1 1 0 0 0 1 0
1 1 1 1 1 1 1 1 1 1
1 1 1 1 1 0 0 0 1 0
1 1 1 1 1 1 1 1 1 1
0 1 1 1 0 0 0 0 1 0
0 1 1 1 0 0 0 0 1 0
0 0 1 1 0 0 0 0 1 0
0 0 1 1 1 1 1 1 1 0
Maze 46
101 7 2.6865671642 2.2742404594 77 0.361897589641438
72 92 64 92 82 93 28 69 35 90 10 31 91 82 7 72
400 62 62 400 92 23 68 65 85 400 1 400 81 2 2
400 402 402 400 401 402 401 401 401 400 402 400 402 402 402
1 1 1 1 1 1 1 1 1 1
1 1 0 0 0 0 0 0 0 1
1 1 1 1 1 1 1 1 0 1
1 1 1 0 1 0 0 1 0 1
1 1 1 0 1 0 0 1 0 1
1 1 1 0 1 0 0 1 0 1
1 1 1 1 1 1 1 1 1 1
1 2 1 0 1 0 0 0 0 1
1 1 1 0 1 1 1 1 1 1
1 1 1 0 0 0 0 0 0 0
Maze 47
89 13 3.2727272727 1.9185423854 40 0.374134395311697
39 22 42 27 2 70 39 33 1 48 21 72 46 37 37 39
32 400 22 22 62 69 400 31 41 41 71 42 36 400 400
401 400 402 401 401 401 400 401 401 401 401 402 402 400 400
1 1 0 0 0 0 0 0 0 0
1 1 0 0 0 0 0 0 0 0
1 1 1 1 1 1 1 0 0 0
1 1 1 1 1 1 1 1 2 0
1 1 1 1 1 1 1 1 1 0
1 1 0 0 0 0 0 0 1 0
1 1 1 1 1 1 1 1 1 1
1 1 0 0 0 0 0 0 0 0
0 0 0 0 0 0 0 0 0 0
0 0 0 0 0 0 0 0 0 0
Maze 48
101 32 3.1481481481 2.0141134552 84 0.381499115120162
77 60 7 60 29 40 56 21 84 81 20 45 77 63 15 77
57 57 57 59 39 36 51 81 400 11 15 75 73 13 75
402 401 401 401 401 402 401 401 400 402 402 401 401 402 401
0 0 0 0 0 0 1 0 0 0
1 1 1 1 1 1 1 1 1 1
1 0 1 0 1 0 1 0 1 0
1 0 1 0 1 1 1 1 1 1
1 0 1 0 1 1 1 0 1 0
1 1 1 1 1 1 1 1 1 1
1 0 1 0 1 0 1 0 0 0
1 0 1 1 1 1 2 0 0 0
1 1 1 1 0 0 0 0 0 0
0 0 0 0 0 0 0 0 0 0
Maze 49
103 357 3.0322580645 2.1849535709 58 0.366853221822875
8 7 86 83 69 39 59 2 92 8 17 31 63 31 89 8
400 6 400 63 400 400 52 400 2 7 11 61 61 81 88
400 402 400 402 400 400 401 400 402 402 402 401 401 401 401
0 1 1 1 1 1 1 2 0 0
1 1 1 1 1 1 1 1 0 0
1 1 0 0 0 1 0 1 0 0
1 1 0 0 0 1 0 1 1 0
1 1 0 0 0 1 0 1 1 0
1 1 1 1 1 1 1 1 1 0
1 1 1 1 1 1 1 1 1 0
1 1 1 0 0 1 0 1 0 0
1 1 1 1 1 1 1 1 1 0
0 1 0 0 0 0 0 0 0 0
Maze 50
109 32 3.1612903226 2.2162384708 97 0.386843453405925
97 85 36 60 63 28 38 86 82 31 99 76 20 72 26 97
95 35 56 53 23 400 36 400 81 91 96 16 12 22 96
401 402 401 402 402 400 402 400 401 401 401 402 402 402 401
0 0 0 0 0 0 0 0 0 0
0 1 1 1 1 1 1 1 1 1
0 1 1 1 1 1 1 1 0 0
1 1 1 0 1 1 1 1 0 0
1 1 1 0 1 1 0 0 0 0
1 1 1 1 1 1 1 1 1 1
1 1 1 0 1 1 0 0 0 0
1 1 0 0 1 1 0 0 0 0
1 1 1 1 1 1 0 0 0 0
1 1 1 1 1 1 2 1 1 0
Maze 51
89 37 3.5000000000 1.9247533915 36 0.383101295787037
64 2 33 21 70 57 66 87 3 56 90 31 41 85 84 64
62 32 31 61 67 56 86 83 53 86 81 400 81 400 400
401 401 401 401 401 402 401 401 401 401 401 400 401 400 400
0 1 1 0 0 0 0 0 0 0
0 1 1 0 0 0 0 0 0 0
1 1 1 0 0 0 0 0 0 0
1 1 1 0 0 0 0 0 0 0
1 1 1 0 0 0 0 0 0 0
1 1 1 1 1 1 1 0 0 0
1 1 1 2 1 1 1 1 1 1
1 0 1 1 0 1 0 0 0 0
1 1 1 1 1 1 1 1 1 1
0 0 0 0 0 0 0 0 0 0
Maze 52
109 4063 3.0882352941 2.3387230588 105 0.390112481413323
17 39 83 99 26 42 21 60 35 28 94 80 48 68 1 17
37 33 93 96 22 41 51 55 25 24 74 78 400 61 11
401 402 401 401 402 401 401 401 402 402 402 401 400 401 401
1 0 0 0 0 0 0 0 0 0
1 1 1 1 1 1 2 0 0 0
1 1 1 1 1 1 1 1 0 0
1 1 1 1 1 1 1 1 1 0
1 1 1 1 1 1 0 1 0 0
1 1 1 1 1 1 1 1 1 1
1 1 1 1 1 1 1 1 0 0
0 0 1 1 1 1 1 1 1 1
0 0 1 1 0 1 0 0 0 0
0 0 1 1 1 1 1 1 1 0
Maze 53
93 29 3.4634146341 2.0119403039 38 0.368892117345346
31 62 99 92 36 23 1 22 42 94 46 47 11 94 2 31
61 92 400 32 33 21 21 400 92 44 400 41 91 92 1
401 401 400 402 401 401 401 400 401 402 400 401 401 401 402
1 1 0 0 0 0 0 0 0 0
1 1 0 0 0 0 0 0 0 0
1 1 1 0 0 0 0 0 0 0
2 1 1 1 1 1 0 0 0 0
1 1 1 1 1 1 1 0 0 0
1 1 0 1 0 0 0 0 0 0
1 1 0 1 0 0 0 0 0 0
1 1 0 1 0 0 0 0 0 0
1 1 0 1 0 0 0 0 0 0
1 1 1 1 1 1 1 1 1 0
Maze 54
121 454 3.3432835821 2.2969928691 101 0.381107826098756
63 40 19 95 81 100 77 11 56 72 53 9 52 26 91 63
33 39 15 91 91 97 71 51 52 52 3 2 22 21 61
402 401 402 401 401 401 401 401 402 402 402 402 402 402 402
0 1 1 1 1 1 1 1 1 0
1 1 1 0 1 1 1 1 1 0
1 1 1 1 1 1 0 0 1 0
1 1 1 1 1 1 1 1 1 1
1 1 1 0 1 0 0 0 0 0
1 1 1 1 1 1 0 0 0 0
1 1 2 0 1 0 0 0 0 0
1 1 1 1 1 1 1 0 0 0
1 0 0 0 1 0 1 0 0 0
1 1 1 1 1 1 1 1 1 1
Maze 55
93 81 2.5263157895 2.0218657103 45 0.365034626977595
42 78 19 42 55 98 39 32 11 61 88 29 16 42 82 42
72 18 12 52 95 38 400 31 400 81 28 26 12 400 400
401 402 402 401 401 402 400 401 400 401 402 401 402 400 400
0 0 0 0 0 0 0 0 0 0
1 1 1 1 1 1 1 1 1 0
1 1 0 0 0 1 1 1 1 0
1 1 1 1 1 1 1 1 1 0
1 2 0 0 0 0 0 1 0 0
1 1 1 1 1 0 0 1 0 0
1 1 0 0 1 0 0 1 0 0
1 1 1 1 1 1 1 1 0 0
1 1 1 1 1 1 1 1 0 0
0 0 0 0 1 1 1 1 0 0
Maze 56
97 21 2.7761194030 2.3877345791 60 0.367158852172622
3 25 97 70 40 69 78 7 91 33 74 24 20 13 10 3
23 95 67 400 39 68 77 1 31 73 400 14 400 3 400
401 401 402 400 402 402 401 402 402 401 400 402 400 402 400
1 1 2 1 1 1 1 1 1 1
1 0 1 1 1 1 1 1 1 1
1 0 1 1 1 0 1 0 0 0
1 1 1 1 1 0 1 0 1 1
1 0 1 1 1 0 1 0 1 1
1 0 1 1 1 0 1 0 1 1
1 0 1 1 1 0 1 1 1 1
1 0 1 1 1 0 1 1 0 0
1 0 0 0 1 0 1 0 0 0
1 0 0 0 1 1 1 0 0 0
Maze 57
97 157 3.0169491525 2.2033133171 53 0.366935462311421
83 16 69 30 48 29 85 63 72 13 28 92 66 100 91 83
13 66 29 28 28 25 83 62 12 23 22 62 96 400 81
402 401 402 402 402 402 401 402 402 401 402 402 401 400 402
0 0 0 0 0 0 0 0 0 0
0 1 1 1 1 1 0 0 0 0
0 1 1 1 1 1 1 1 1 1
0 1 1 0 1 1 0 1 1 0
0 1 1 0 1 1 0 1 1 0
0 1 1 0 1 1 0 0 1 0
0 1 1 1 1 1 1 1 1 0
0 1 1 0 1 1 0 0 0 0
1 1 2 1 1 1 0 0 0 0
1 1 1 1 1 1 1 1 1 1
Maze 58
103 22 3.1147540984 2.1910365402 42 0.386793872779364
47 7 24 99 26 75 100 71 78 24 12 12 81 11 20 47
400 4 94 96 25 95 91 400 74 22 400 11 400 400 17
400 402 401 401 402 401 401 400 401 401 400 402 400 400 402
0 0 0 1 1 1 1 0 0 0
1 1 1 1 1 1 1 1 1 1
1 1 1 1 1 1 1 0 0 0
1 0 0 1 1 1 1 0 0 0
1 0 0 1 1 1 2 0 0 0
1 0 0 1 1 1 0 0 0 0
1 0 0 1 1 1 0 0 0 0
1 1 1 1 1 1 1 1 0 0
1 0 0 1 1 1 0 0 0 0
1 1 1 1 1 1 1 1 1 1
Maze 59
81 165 2.8846153846 2.3183716393 35 0.389101766605601
14 62 21 74 47 39 93 1 15 68 27 56 27 16 16 14
12 61 71 44 37 33 91 11 65 67 26 26 26 400 400
402 401 401 402 402 402 401 401 401 401 402 402 401 400 400
1 0 0 0 0 0 0 0 0 0
1 1 1 2 1 1 0 0 0 0
1 1 0 0 1 1 1 0 0 0
1 1 1 1 1 1 1 1 1 0
1 1 1 1 1 1 1 0 0 0
1 1 1 1 1 1 1 0 0 0
1 1 1 1 1 1 1 1 0 0
1 1 1 1 0 0 0 0 0 0
1 0 1 0 0 0 0 0 0 0
1 1 1 0 0 0 0 0 0 0
Maze 60
79 18 2.9361702128 2.0807604048 35 0.371080223754912
39 67 27 50 35 5 24 1 73 44 4 36 87 44 84 39
37 400 47 45 400 4 21 71 43 400 34 86 84 400 34
402 400 401 401 400 402 401 401 402 400 401 401 401 400 402
1 0 0 1 1 0 0 0 0 0
1 0 0 1 1 0 0 0 0 0
1 1 1 1 1 0 1 0 0 0
1 0 0 1 1 1 1 1 2 0
1 0 1 1 1 1 1 1 1 1
1 0 1 1 0 1 1 0 0 0
1 0 1 1 0 1 1 0 0 0
1 1 1 1 0 1 0 0 0 0
0 0 0 1 1 1 1 0 0 0
0 0 0 0 0 0 0 0 0 0
Maze 61
97 25 2.9454545455 2.0983951748 54 0.393894321610051
81 8 17 90 77 97 98 41 6 36 3 60 32 35 62 81
1 7 87 87 400 400 91 1 400 33 53 52 400 32 61
402 402 401 401 400 400 401 402 400 401 401 401 400 402 402
1 1 1 1 1 1 1 1 0 0
1 0 1 0 0 1 1 0 0 0
1 0 1 0 0 1 1 0 0 0
1 1 1 1 1 1 1 0 0 0
1 1 1 0 0 0 1 0 0 0
1 1 1 1 1 1 1 1 1 1
1 1 0 0 0 0 1 0 0 0
1 0 0 0 0 0 1 0 0 0
2 0 0 0 0 0 1 1 1 1
1 1 1 1 1 1 1 1 0 0
Maze 62
91 24 3.0370370370 2.0858885378 38 0.402377962198373
34 32 22 58 2 23 82 49 45 73 9 99 78 97 83 34
400 400 52 52 22 22 42 400 43 3 400 98 77 93 33
400 400 401 401 401 402 402 400 402 402 400 401 402 401 402
0 1 1 1 1 1 1 1 1 0
0 1 1 0 0 0 0 0 1 0
0 1 1 0 0 0 0 0 1 0
0 1 1 2 0 0 0 0 1 0
0 1 1 1 1 1 1 1 1 0
0 1 1 1 1 1 1 1 1 0
0 1 1 0 0 0 0 0 1 0
0 1 1 0 0 0 1 1 1 0
0 1 1 0 0 0 1 1 1 0
0 0 1 1 1 1 1 1 1 0
Maze 63
73 70 2.5490196078 2.3134127800 16 0.404439396016648
28 39 37 1 30 69 70 79 57 61 71 7 8 79 27 28
38 400 31 21 29 400 69 77 51 400 1 400 78 77 400
401 400 401 401 402 400 402 401 402 400 402 400 401 401 400
1 1 1 1 1 1 1 1 0 0
1 0 0 0 0 0 0 1 0 0
1 1 1 1 1 1 1 2 1 1
1 1 1 1 1 1 1 1 1 0
1 0 0 0 0 0 1 1 1 0
1 1 1 1 1 1 1 1 1 0
1 0 0 0 0 0 1 1 1 1
1 0 0 0 0 0 1 1 1 0
0 0 0 0 0 0 0 0 0 0
0 0 0 0 0 0 0 0 0 0
Maze 64
103 155 3.2631578947 2.2126112110 60 0.385793003600609
36 79 33 21 4 72 2 50 11 92 69 28 34 53 63 36
76 73 31 1 2 400 42 41 91 62 68 24 33 400 33
401 401 401 402 402 400 401 401 401 402 401 402 402 400 402
1 1 1 1 0 0 0 0 0 0
1 1 0 0 0 0 0 0 0 0
1 1 0 1 1 1 1 1 0 0
1 1 1 1 1 2 0 1 0 0
1 1 1 1 1 1 1 1 1 1
1 1 1 0 0 1 0 1 0 0
1 1 1 1 1 1 1 1 1 0
1 1 1 1 1 1 1 1 1 0
1 1 0 0 0 0 0 0 0 0
1 1 0 0 0 0 0 0 0 0
Maze 65
105 53 3.0163934426 2.1587942072 112 0.382075586168462
49 76 52 50 58 42 8 20 36 43 56 92 38 81 29 49
46 72 42 48 52 2 18 16 33 53 52 32 31 21 400
402 401 402 402 401 402 401 402 402 401 402 402 402 402 400
0 1 1 1 1 1 1 1 0 0
0 1 0 0 0 1 1 1 1 1
1 1 1 1 1 1 1 1 1 0
1 1 1 1 1 1 1 1 1 0
1 1 1 1 1 1 1 1 2 1
1 1 1 1 1 1 1 1 0 0
1 1 0 0 0 1 0 0 0 0
1 1 1 1 1 1 0 0 0 0
1 1 0 0 0 0 0 0 0 0
0 1 0 0 0 0 0 0 0 0
Maze 66
99 54 3.7916666667 2.0572046726 62 0.372457215696640
73 87 4 26 76 30 73 20 74 92 86 95 37 32 33 73
83 84 24 400 26 23 13 14 72 82 85 35 400 400 400
401 401 401 400 402 402 402 402 402 402 402 402 400 400 400
0 0 0 1 0 0 0 0 0 0
0 0 1 1 1 1 1 1 1 1
0 0 1 1 1 1 1 1 1 1
0 1 1 1 1 1 1 0 0 0
0 0 1 1 1 1 0 0 0 0
0 0 1 1 1 1 0 0 0 0
0 0 1 1 1 1 0 0 0 0
0 1 2 1 1 1 0 0 0 0
0 1 1 1 1 1 1 0 0 0
0 1 0 0 1 0 0 0 0 0
Maze 67
81 58 3.2500000000 2.1777024656 26 0.386960000434364
40 39 12 90 69 61 59 66 76 52 76 56 45 34 63 40
400 32 82 89 400 51 56 400 72 72 400 55 44 33 33
400 401 401 401 400 402 402 400 401 401 400 401 401 402 402
0 0 0 0 0 0 0 0 0 0
0 1 0 0 0 0 0 0 0 0
0 1 0 0 0 0 0 0 0 0
0 1 1 1 1 1 1 1 1 2
0 1 1 1 1 0 0 0 0 0
1 1 1 1 1 1 1 1 1 0
1 1 1 1 1 1 1 1 1 0
0 1 1 1 1 1 0 0 1 0
0 1 1 1 1 1 1 1 1 1
0 0 0 0 0 0 0 0 0 0
Maze 68
93 104 2.9090909091 2.2145947577 56 0.372967913761070
95 34 41 29 61 55 18 9 28 72 74 68 69 88 31 95
94 31 21 21 51 15 8 8 22 400 64 400 68 81 91
401 402 402 402 402 402 402 402 402 400 402 400 402 401 401
0 0 0 0 0 0 0 1 1 0
0 0 0 0 1 1 1 1 0 0
1 1 1 1 1 1 1 1 1 0
1 1 1 1 1 0 0 0 0 0
1 1 0 1 1 0 0 0 0 0
1 1 1 1 1 0 0 0 0 0
1 1 0 1 1 1 1 1 1 0
1 1 1 1 0 0 0 1 0 0
1 1 1 1 1 1 1 1 0 0
1 1 1 1 2 0 0 0 0 0
Maze 69
125 311 3.2238805970 2.1697656667 176 0.376586278814441
26 7 100 9 92 89 77 79 83 38 82 36 93 14 94 26
6 97 99 2 82 87 400 73 33 32 32 33 13 400 24
402 401 401 402 402 401 400 402 402 402 402 402 402 400 402
0 1 1 1 1 1 1 1 1 0
0 1 1 1 0 1 1 0 1 0
0 1 1 1 1 2 1 0 1 0
0 1 1 1 1 1 1 1 1 0
0 1 1 1 0 0 1 0 1 0
0 1 1 1 0 0 1 0 1 0
0 1 1 1 0 0 1 0 1 0
0 1 1 1 1 1 1 1 1 0
0 1 1 1 1 1 1 1 1 0
0 1 1 1 0 0 1 1 1 1
Maze 70
81 94 2.7017543860 2.3220052245 30 0.363605839484308
75 58 83 27 87 98 8 34 53 61 3 7 6 77 98 75
55 53 23 400 97 400 4 33 51 1 400 400 76 97 95
402 402 402 400 401 400 402 402 402 402 400 400 401 401 401
1 1 1 1 1 1 1 1 0 0
1 0 0 1 0 1 0 1 0 0
1 0 1 1 1 1 1 1 0 0
1 0 1 1 0 1 1 1 0 0
1 0 1 0 0 1 1 1 0 0
1 1 1 1 1 1 1 1 0 0
1 0 1 0 1 1 1 1 0 0
0 0 1 0 2 1 1 1 0 0
0 0 1 0 1 0 1 1 0 0
0 0 0 0 1 1 1 1 0 0
Maze 71
119 556 3.4193548387 2.2175009660 94 0.387933627756380
7 94 51 21 99 7 58 64 29 61 20 67 77 36 32 7
4 91 400 91 97 57 54 24 21 11 17 400 76 400 2
402 401 400 401 401 401 402 402 402 402 402 400 401 400 402
0 1 1 1 1 1 2 0 0 0
1 1 1 1 1 1 1 1 1 1
1 1 1 1 1 1 1 1 1 0
1 1 1 1 1 1 1 0 0 0
1 0 0 1 0 1 1 0 0 0
1 0 0 1 1 1 1 1 0 0
1 0 0 1 0 1 1 0 0 0
1 0 0 1 0 1 1 0 0 0
1 0 0 1 0 0 1 0 0 0
1 1 1 1 1 1 1 1 1 0
Maze 72
93 386 3.0400000000 2.0364472141 36 0.394835862666243
50 84 27 80 75 11 64 58 48 79 89 21 56 48 56 50
44 24 77 400 71 61 54 400 78 400 81 51 46 46 46
402 402 401 400 401 401 402 400 401 400 401 401 402 402 402
0 0 0 0 0 0 0 0 0 0
1 0 0 0 0 0 0 0 0 0
1 0 0 1 1 1 1 0 0 0
1 0 0 1 0 0 1 0 0 0
1 0 0 1 1 1 1 1 1 2
1 1 1 1 1 1 1 1 0 0
1 1 1 1 0 0 1 1 0 0
1 1 1 1 1 1 1 1 1 1
1 1 1 1 1 1 1 1 1 0
0 0 0 0 0 0 0 0 0 0
Maze 73
77 90 3.0476190476 1.9507741613 35 0.379968631614680
60 34 49 95 67 45 20 79 57 55 62 35 95 67 70 60
54 44 45 65 65 15 19 77 400 52 32 400 65 400 400
401 401 402 402 401 402 402 401 400 402 402 400 402 400 400
0 0 0 0 0 0 0 0 0 0
0 0 0 0 1 1 1 1 1 1
0 0 0 0 1 0 0 0 1 0
0 1 1 1 1 0 0 0 1 0
0 1 0 1 1 1 1 1 1 0
0 1 1 1 1 1 1 1 1 2
0 1 0 0 1 1 1 1 1 1
0 0 0 0 1 0 1 1 1 0
0 0 0 0 1 0 0 0 0 0
0 0 0 0 1 0 0 0 0 0
Maze 74
91 138 3.3877551020 2.1446459614 39 0.379603901518502
47 80 99 99 90 38 35 3 54 88 34 99 63 19 87 47
77 79 400 89 88 400 33 53 84 84 94 93 13 17 400
401 402 400 402 401 400 401 401 401 401 401 401 402 402 400
0 0 1 0 0 0 0 0 0 0
0 0 1 1 1 1 1 1 1 0
0 0 1 0 0 0 1 0 0 0
0 0 1 1 1 1 1 1 0 0
0 0 1 1 0 0 2 1 0 0
0 0 1 1 0 0 1 1 0 0
0 0 1 1 0 0 1 1 0 0
0 0 1 1 0 0 1 1 1 1
0 0 1 1 1 1 1 1 1 1
0 0 1 1 1 1 1 1 1 0
Maze 75
89 103 2.8064516129 2.4846696467 32 0.405439220520411
21 94 51 9 49 7 8 100 89 93 54 48 10 40 36 21
91 91 1 400 47 400 98 99 83 53 44 8 400 400 31
401 401 402 400 401 400 401 401 402 402 402 402 400 400 401
1 1 1 1 1 1 1 1 1 1
1 0 0 0 0 0 1 1 1 1
2 0 0 0 0 0 1 1 1 1
1 1 1 1 1 1 1 1 1 1
1 0 0 1 1 1 1 1 1 0
1 0 1 1 0 0 0 1 0 0
1 0 1 0 0 0 0 1 0 0
1 0 1 0 0 0 0 1 0 0
1 0 1 1 1 1 1 1 1 0
1 1 1 1 0 0 0 1 1 1
Maze 76
107 746 3.6862745098 2.0813886776 92 0.403898515301257
82 2 44 17 62 91 35 72 30 48 53 3 46 9 64 82
400 42 14 12 61 31 32 22 28 43 400 43 6 4 62
400 401 402 402 402 402 402 402 402 402 400 401 402 402 402
0 1 1 1 1 1 1 1 1 0
0 1 1 1 1 1 1 0 0 0
0 1 1 1 1 1 1 1 1 1
1 1 1 1 1 1 0 1 0 0
1 1 1 1 1 1 1 1 0 0
1 1 1 1 0 0 0 0 0 0
1 1 1 1 0 0 0 0 0 0
1 1 0 0 0 0 0 0 0 0
1 2 0 0 0 0 0 0 0 0
1 0 0 0 0 0 0 0 0 0
Maze 77
109 25 2.9841269841 2.2056667656 92 0.395871261742788
74 9 99 26 92 26 30 69 26 93 75 26 14 19 9 74
4 400 96 22 22 400 29 66 23 73 25 24 400 400 4
402 400 401 402 402 400 402 401 402 402 402 401 400 400 402
0 0 0 1 1 1 1 1 1 0
0 0 0 1 1 1 1 1 1 0
0 1 1 1 1 1 1 1 1 1
0 1 1 1 1 1 0 0 1 0
0 1 1 1 1 1 0 0 1 0
0 1 1 1 1 1 0 0 1 0
0 1 1 1 1 1 1 1 1 0
0 1 1 2 1 1 0 0 1 0
0 1 1 0 0 1 0 0 1 0
0 1 1 0 0 1 1 1 1 0
Maze 78
105 315 3.7142857143 2.0508544969 92 0.384919827096232
66 90 34 1 93 49 76 15 37 33 76 36 94 25 88 66
86 84 31 91 43 46 75 35 400 73 400 34 24 85 86
401 401 401 401 402 402 401 401 400 401 400 402 402 401 401
1 0 0 0 0 0 0 0 0 0
1 0 0 0 1 0 0 0 0 0
1 0 0 1 1 0 0 0 0 0
1 1 1 1 1 1 1 0 0 0
1 0 1 1 1 1 1 1 1 0
1 0 1 1 1 1 0 0 0 0
1 0 1 1 1 2 0 0 0 0
1 0 1 1 1 1 0 0 0 0
1 0 1 1 1 1 1 1 1 1
1 1 1 1 0 0 0 0 0 0
Maze 79
117 422 3.3898305085 2.0041443494 126 0.381268180527016
99 34 94 17 11 49 16 50 14 32 65 27 90 88 23 99
94 400 14 400 41 46 46 44 12 62 25 87 400 83 93
401 400 402 400 401 401 401 401 402 401 402 401 400 401 401
0 0 0 0 0 0 0 0 0 0
1 1 1 1 1 1 1 0 0 0
1 1 1 1 1 1 1 0 0 0
1 1 1 1 1 1 1 0 0 0
1 1 1 1 1 1 1 1 1 1
0 1 1 1 1 0 1 0 0 0
0 1 1 1 1 0 1 0 0 0
0 0 1 1 0 0 1 0 0 0
0 0 1 1 1 1 1 1 1 1
0 0 1 1 1 1 1 1 2 0
Maze 80
95 195 2.7692307692 2.3573200897 84 0.381662956242552
47 23 27 6 88 42 16 19 93 21 32 41 15 80 39 47
43 400 26 86 82 12 400 13 91 31 31 11 75 79 37
401 400 401 401 401 402 400 402 401 401 402 402 401 401 402
0 0 0 0 0 1 0 0 0 0
1 1 1 1 1 1 1 1 1 0
1 1 1 1 1 1 1 0 0 0
1 1 1 0 1 1 1 1 1 0
1 1 1 1 1 1 2 0 1 0
1 1 1 0 1 1 0 0 1 0
1 1 1 0 1 1 0 0 1 0
1 1 1 0 1 1 1 1 1 1
1 1 1 1 1 1 1 1 0 0
1 1 1 0 0 0 0 0 0 0
Maze 81
79 178 3.1063829787 2.1417088642 26 0.380477599914457
85 26 3 11 37 54 58 33 76 58 69 81 83 31 84 85
25 23 1 31 34 400 53 73 56 68 61 400 81 81 400
402 401 402 401 402 400 401 401 402 401 402 400 401 401 400
1 1 1 0 0 0 0 0 0 0
1 0 1 0 0 0 0 0 0 0
1 0 1 1 1 1 0 0 0 0
1 1 1 1 1 1 1 0 0 0
1 0 1 1 1 0 0 0 0 0
1 0 1 1 1 1 1 1 0 0
1 1 1 1 1 1 1 1 1 0
1 0 1 1 1 1 0 0 0 0
1 1 1 1 2 0 0 0 0 0
0 0 0 0 0 0 0 0 0 0
Maze 82
85 12 3.3488372093 1.9563067258 45 0.372737230996583
53 48 49 88 67 57 19 17 87 71 50 73 92 24 92 53
43 400 48 87 400 17 400 400 81 41 43 72 22 22 52
402 400 402 401 400 402 400 400 401 402 402 402 402 402 402
0 0 0 0 0 0 0 0 0 0
0 0 0 0 0 0 1 1 1 0
0 1 1 1 0 0 1 0 0 0
0 1 0 0 0 0 1 0 0 0
1 1 1 1 1 1 1 1 1 1
1 1 2 0 0 0 1 1 0 0
1 1 1 0 0 0 1 1 0 0
1 1 1 0 0 0 1 1 0 0
1 1 1 1 1 1 1 1 0 0
0 1 0 0 0 0 0 0 0 0
Maze 83
95 163 3.2400000000 2.0141134552 54 0.374978530506089
48 45 78 10 96 45 2 80 45 45 63 62 28 65 76 48
400 75 8 6 95 42 72 75 400 43 400 22 25 75 46
400 401 402 402 401 401 401 401 400 402 400 402 402 401 402
0 1 0 0 0 1 1 1 1 1
0 1 0 0 0 1 0 1 0 0
0 1 1 1 1 1 1 1 0 0
0 1 0 0 1 1 0 1 0 0
0 1 1 1 1 1 1 2 0 0
0 1 1 0 1 1 0 1 0 0
0 1 1 0 1 1 0 1 0 0
0 1 1 1 1 1 1 1 1 1
0 0 0 0 1 1 0 0 0 0
0 0 0 0 1 1 0 0 0 0
Maze 84
115 987 3.9607843137 2.1215378385 114 0.390245557607366
11 86 41 100 14 96 57 87 73 61 13 68 92 73 45 11
81 81 91 94 94 56 400 83 71 11 63 62 72 43 41
401 401 401 401 401 402 400 401 401 402 401 402 402 402 401
0 0 0 0 0 0 0 0 0 0
2 1 1 1 0 0 0 0 0 0
1 0 1 1 0 0 0 0 0 0
1 0 1 1 0 0 0 0 0 0
1 1 1 1 1 0 0 0 0 0
1 0 1 1 0 1 1 0 0 0
1 1 1 1 1 1 1 1 0 0
1 1 1 1 0 1 1 0 0 0
1 1 1 1 1 1 1 0 0 0
1 1 1 1 1 1 1 1 1 1
Maze 85
111 100 3.4285714286 2.1053300445 105 0.384214569855950
83 96 43 35 93 63 6 92 15 58 76 11 57 89 37 83
93 93 33 33 400 3 2 12 55 56 71 51 87 87 33
401 401 402 402 400 402 402 402 401 402 401 401 401 401 402
0 1 1 1 1 1 0 0 0 0
1 1 1 1 1 0 0 0 0 0
1 1 1 0 1 0 0 0 0 0
1 1 1 1 1 1 1 0 0 0
1 1 1 0 1 0 1 0 0 0
1 1 1 1 1 1 1 1 0 0
1 1 1 0 0 1 1 0 0 0
1 1 1 1 1 1 1 0 0 0
0 1 2 0 0 0 1 1 1 0
0 1 1 1 1 1 0 0 0 0
Maze 86
103 869 3.0877192982 2.0619818784 71 0.397755464692037
86 9 78 32 37 49 91 66 15 78 60 68 98 26 5 86
6 8 72 400 47 41 61 65 75 58 58 400 96 25 85
402 402 401 400 401 402 402 401 401 402 402 400 401 401 401
0 0 0 0 1 1 1 1 1 0
0 0 0 0 1 1 0 1 0 0
0 0 0 0 1 1 0 1 0 0
0 1 1 1 1 1 1 1 0 0
1 1 1 1 1 1 1 1 1 0
1 1 0 0 1 1 0 1 1 1
1 1 1 1 1 1 0 1 0 0
1 1 1 1 1 1 1 1 0 0
1 0 0 0 1 2 0 1 0 0
1 0 0 0 0 1 1 1 0 0
Maze 87
79 14 2.9387755102 2.2655270979 25 0.411129303744844
65 73 38 59 86 86 75 71 62 41 74 69 74 21 10 65
63 33 58 56 400 85 400 61 61 71 64 64 71 1 5
402 402 401 402 400 401 400 402 401 401 402 402 401 402 402
1 1 1 1 1 1 1 1 1 1
1 0 0 0 1 0 0 0 0 0
1 0 0 0 1 0 0 0 0 0
1 0 1 1 1 1 1 1 0 0
1 0 1 0 1 0 0 1 0 0
1 0 1 0 1 1 1 1 1 0
1 1 1 1 2 1 1 1 1 0
1 1 1 1 1 1 0 0 0 0
0 0 0 0 1 1 0 0 0 0
0 0 0 0 0 0 0 0 0 0
Maze 88
77 10 2.5762711864 2.3277985048 35 0.366490957180314
38 80 44 82 99 46 45 53 13 29 37 19 41 35 37 38
78 74 42 92 96 400 43 400 23 27 17 11 31 400 400
401 401 402 401 401 400 402 400 401 402 402 402 402 400 400
0 0 0 0 0 0 0 0 0 0
1 1 1 1 1 1 1 1 1 0
1 0 1 1 1 1 1 1 1 0
1 1 1 1 1 1 1 2 0 0
1 1 1 1 1 1 0 1 0 0
0 1 1 1 0 1 0 1 0 0
0 1 0 1 0 1 0 1 0 0
0 1 0 1 1 1 1 1 1 1
0 1 0 0 0 1 0 0 0 0
0 1 1 1 1 1 1 1 1 0
Maze 89
103 6 3.2307692308 2.0789205828 51 0.403325144687066
6 61 28 90 36 84 36 98 85 69 16 68 55 95 66 6
1 21 88 86 34 34 96 95 65 66 66 65 400 65 400
402 402 401 401 402 402 401 401 402 401 401 401 400 402 400
1 1 1 1 1 2 0 0 0 0
1 0 0 0 0 1 0 0 0 0
1 1 1 1 1 1 1 1 0 0
1 0 0 1 1 1 0 1 0 0
1 0 0 1 0 1 0 1 0 0
1 0 0 1 1 1 0 1 0 0
1 0 0 1 1 1 1 1 1 0
0 0 0 1 1 1 0 1 0 0
0 0 0 1 1 1 1 1 1 1
0 0 0 0 1 1 1 1 0 0
Maze 90
131 297 3.9344262295 2.1628676173 192 0.393362889494155
99 47 88 6 86 14 80 41 76 89 97 3 100 52 49 99
97 87 86 400 84 74 71 71 86 87 93 93 92 42 400
401 401 401 400 401 401 401 401 401 402 401 401 401 402 400
0 0 1 0 0 1 0 0 0 0
0 0 1 1 0 1 0 0 0 0
0 0 1 1 0 1 0 0 0 0
0 0 1 1 0 1 0 0 0 0
1 1 1 1 1 1 1 1 1 0
1 1 1 1 0 1 1 0 1 0
1 1 1 1 0 1 1 0 1 0
1 1 1 1 1 1 1 1 1 1
0 1 1 1 1 1 1 1 1 0
0 1 1 1 1 1 1 1 2 1
Maze 91
71 31 2.7843137255 2.3142736553 13 0.390034759046671
61 93 87 73 67 96 77 28 57 98 20 50 47 55 36 61
91 83 83 63 66 76 27 27 97 18 400 400 45 35 31
401 402 401 402 402 402 402 402 401 402 400 400 402 402 402
0 0 0 0 0 0 0 0 0 0
0 0 0 0 0 0 0 1 1 1
0 0 0 0 0 0 1 1 0 1
1 1 1 1 1 1 1 1 0 1
1 0 0 0 1 1 1 1 1 1
1 0 0 0 1 0 1 1 0 0
2 0 1 1 1 1 1 1 0 0
1 0 1 0 0 1 1 1 0 0
1 0 1 1 1 1 1 1 0 0
1 1 1 0 0 1 1 1 0 0
Maze 92
95 10 2.8923076923 2.3071810962 64 0.375607833960872
24 55 67 80 59 28 3 52 89 89 91 5 83 30 9 24
54 65 77 79 58 23 2 82 400 81 1 3 23 29 4
401 401 401 401 401 401 402 401 400 402 402 402 402 401 402
1 1 1 1 1 1 1 1 1 0
1 1 1 1 0 0 0 0 1 0
1 1 1 2 1 1 1 1 1 1
1 1 1 1 0 0 0 1 0 0
1 1 1 1 0 0 0 1 0 0
1 1 1 1 1 0 0 1 1 0
1 1 1 0 1 1 1 0 1 0
1 1 1 0 0 0 1 1 1 1
1 1 1 1 1 1 1 1 1 0
1 0 0 0 0 0 0 0 0 0
Maze 93
119 6 3.3461538462 1.9764579225 87 0.381664742960221
99 81 25 31 80 51 100 84 76 41 1 65 15 71 90 99
91 21 21 71 71 91 94 74 71 400 61 400 11 81 89
401 402 402 401 401 401 401 402 401 400 401 400 402 401 402
1 0 0 0 0 0 0 0 0 0
1 1 1 1 1 0 0 0 0 0
1 1 1 1 1 0 0 0 0 0
1 0 0 0 1 0 0 0 0 0
1 0 0 0 1 0 0 0 0 0
1 0 0 0 1 0 0 0 0 0
1 1 1 1 1 0 0 0 0 0
1 1 1 1 1 1 1 1 1 1
1 1 1 1 1 1 1 1 1 1
1 1 1 1 1 1 1 1 2 1
Maze 94
105 1671 2.9230769231 2.2914768149 98 0.372640675618428
97 8 15 17 81 78 94 8 4 4 62 85 28 30 31 97
7 5 400 11 71 74 4 400 400 2 82 25 400 21 91
402 402 400 402 402 402 402 400 400 402 401 402 400 402 401
0 1 1 1 1 1 1 1 0 0
1 1 1 1 1 1 1 0 0 0
1 1 1 1 1 1 1 1 1 1
1 1 0 1 1 0 1 0 0 0
1 1 0 1 1 0 1 0 0 0
1 1 0 1 1 0 1 0 0 0
1 1 0 1 1 0 1 0 0 0
1 1 1 1 1 1 1 1 0 0
1 1 1 1 1 0 1 0 0 0
1 1 1 1 1 1 2 0 0 0
Maze 95
105 11 3.5094339623 2.1137200236 61 0.397189249706344
17 42 42 35 48 43 11 67 95 100 11 96 89 68 92 17
12 400 32 45 400 41 61 65 400 91 91 86 88 62 12
402 400 402 401 400 401 401 402 400 401 401 402 401 402 402
0 0 0 0 0 0 0 0 0 0
1 1 1 1 1 1 2 0 0 0
1 1 0 0 0 0 0 0 0 0
1 1 1 1 1 0 0 0 0 0
1 1 1 1 1 1 1 1 0 0
1 1 0 0 0 0 0 0 0 0
1 1 1 1 1 1 1 1 0 0
1 1 0 0 1 0 0 1 0 0
1 1 0 0 1 1 1 1 1 0
1 1 1 1 1 1 1 1 1 1
Maze 96
93 100 3.5609756098 1.7895467512 40 0.378646091726043
37 33 43 15 14 70 43 28 93 30 54 52 34 52 76 37
400 400 13 400 64 63 23 23 23 24 400 32 32 72 36
400 400 402 400 401 401 402 402 402 402 400 402 402 401 402
0 0 0 0 0 0 0 0 0 0
0 0 1 1 1 0 0 0 0 0
0 0 1 1 1 1 1 1 1 1
0 1 1 1 1 1 2 0 0 0
0 1 1 1 0 1 0 0 0 0
0 1 1 1 0 1 0 0 0 0
0 1 1 1 1 1 1 1 1 1
0 1 1 1 1 1 0 0 0 0
0 0 1 0 0 0 0 0 0 0
0 0 1 0 0 0 0 0 0 0
Maze 97
103 11927 3.1724137931 2.1078326209 77 0.398147040694377
13 75 17 67 69 12 34 89 67 11 48 79 18 52 1 13
73 15 400 400 62 32 84 87 61 41 78 78 12 51 11
401 402 400 400 401 401 401 401 401 401 401 401 402 401 401
1 0 0 0 0 0 0 0 0 0
1 1 2 1 1 1 1 1 0 0
1 1 1 0 1 0 1 1 0 0
1 1 1 1 1 0 1 1 0 0
1 1 1 1 1 1 1 1 0 0
1 1 1 1 1 0 1 1 0 0
1 1 1 1 1 1 1 1 1 0
0 0 1 1 1 0 1 1 1 0
0 0 0 1 1 1 1 1 1 0
0 0 0 0 0 0 0 0 0 0
Maze 98
113 78 3.4444444444 1.9713664829 80 0.403198145549135
9 28 48 90 41 74 1 60 85 89 34 93 59 64 85 9
8 400 88 81 71 71 51 55 400 84 33 53 54 84 5
402 400 401 401 401 401 401 402 400 401 402 402 402 401 402
1 0 0 0 1 1 1 1 2 0
1 0 0 0 1 0 0 1 0 0
1 0 0 0 1 0 0 1 0 0
1 0 1 1 1 0 0 1 0 0
1 0 1 1 1 0 0 1 0 0
1 1 1 1 1 1 1 1 1 1
1 0 1 1 1 0 0 1 0 0
1 1 1 1 1 0 0 1 0 0
1 1 1 1 1 1 1 1 1 1
0 0 1 0 0 0 0 0 0 0
Maze 99
103 135 3.2068965517 2.2410558164 77 0.401870361866498
64 71 21 14 1 49 31 1 55 8 79 55 93 30 77 64
61 400 11 11 41 41 400 51 5 78 75 53 23 27 74
402 400 402 401 401 401 400 401 402 401 401 402 402 402 401
1 0 0 0 1 1 1 1 0 0
1 1 1 1 1 0 0 1 0 0
1 0 1 1 1 1 1 1 1 1
1 0 1 0 1 0 1 1 0 0
1 1 1 1 1 1 1 1 1 0
1 1 1 1 1 0 1 1 0 0
1 1 1 2 1 0 1 1 0 0
1 0 1 1 1 1 1 1 1 0
0 0 1 0 0 0 0 0 0 0
0 0 1 0 0 0 0 0 0 0
Maze 100
107 1919 3.4444444444 2.1646335561 99 0.386843748803233
37 71 10 46 51 4 23 16 8 5 97 23 2 74 22 37
31 1 6 41 1 3 13 6 400 95 93 22 72 72 32
402 402 402 402 402 402 402 402 400 401 401 401 401 401 401
1 1 1 1 1 1 1 1 1 1
1 1 1 1 1 1 0 0 0 0
1 1 1 0 1 1 0 0 0 0
1 1 1 1 1 1 2 0 0 0
1 1 1 1 1 1 0 0 0 0
1 1 1 0 1 0 0 0 0 0
1 1 1 0 1 0 0 0 0 0
1 1 1 1 1 0 0 0 0 0
0 0 1 0 1 0 0 0 0 0
0 0 1 1 1 1 1 0 0 0
Maze 101
81 110 3.0454545455 2.0342130430 19 0.383064939196848
50 17 7 37 59 47 1 64 46 53 75 59 31 86 59 50
47 400 400 57 57 41 61 44 43 73 55 51 81 56 49
401 400 400 401 401 401 401 402 402 401 402 401 401 402 402
1 0 0 0 0 0 1 0 0 0
1 0 0 0 0 0 1 0 0 0
1 0 0 0 0 0 1 0 0 0
1 0 0 0 0 0 1 0 0 0
1 1 1 1 1 1 1 1 1 2
1 1 1 1 1 1 1 1 1 0
1 1 1 1 1 1 0 0 0 0
1 0 1 1 1 1 0 0 0 0
1 1 1 1 1 1 0 0 0 0
0 0 0 0 0 0 0 0 0 0
Maze 102
97 58 3.4800000000 2.0433594885 32 0.395044548767015
42 81 66 83 52 92 16 54 98 14 8 84 3 31 33 42
41 61 63 82 400 12 14 94 94 4 4 83 1 400 32
402 402 402 401 400 402 402 401 401 402 402 401 402 400 402
1 1 1 1 1 1 1 1 0 0
1 1 1 1 1 1 0 0 0 0
1 1 1 1 0 0 0 0 0 0
1 1 1 1 0 0 0 0 0 0
1 2 1 1 0 0 0 0 0 0
1 1 1 1 0 0 0 0 0 0
1 1 1 1 1 1 0 0 0 0
1 1 1 1 0 0 0 0 0 0
1 1 1 1 0 0 0 0 0 0
0 1 0 1 1 1 1 1 0 0
Maze 103
121 19 3.2727272727 1.8655896227 132 0.377525903514187
19 70 56 98 26 92 72 10 72 13 99 81 85 22 9 19
69 66 96 96 22 400 2 2 12 93 91 400 82 2 400
401 401 401 401 402 400 402 402 402 401 401 400 401 402 400
0 1 1 1 1 1 1 1 1 1
0 1 1 0 0 0 0 0 2 0
0 1 1 1 1 1 0 0 1 0
0 1 1 0 0 1 0 0 1 0
0 1 1 0 0 1 0 0 1 0
0 1 1 0 0 1 0 0 1 0
0 1 1 0 0 1 1 1 1 1
0 1 1 0 0 1 0 0 0 0
1 1 1 1 1 1 0 0 0 0
1 1 1 1 1 1 1 1 1 0
Maze 104
97 108 3.1481481481 2.0872871471 71 0.383650363635581
80 47 20 64 15 54 22 41 32 87 3 38 70 72 87 80
77 17 14 14 14 52 21 31 82 83 33 68 62 82 77
401 402 402 402 402 401 402 402 401 401 401 401 402 401 402
0 0 1 0 0 0 0 0 0 0
0 0 1 1 1 1 1 1 1 1
1 1 1 1 0 0 1 0 0 0
1 1 1 1 1 1 1 1 0 0
1 1 1 1 0 0 1 1 0 0
0 1 1 1 0 0 1 1 0 0
0 1 1 1 1 1 1 1 1 1
0 1 1 0 0 0 1 1 1 2
0 1 1 1 1 1 1 0 0 0
0 0 0 0 0 0 0 0 0 0
Maze 105
89 70 3.7000000000 1.9117882283 44 0.386382028951959
12 21 67 3 17 21 54 65 23 49 55 1 38 44 14 12
11 61 63 13 11 51 64 63 43 45 51 31 34 400 400
402 401 401 401 402 401 401 401 401 402 401 401 402 400 400
1 0 1 0 0 0 0 0 0 0
1 2 1 1 1 1 1 0 0 0
1 0 1 1 0 0 0 0 0 0
1 1 1 1 1 1 1 1 0 0
1 0 1 1 1 1 1 1 1 0
1 1 1 1 1 0 0 0 0 0
1 1 1 1 1 1 1 0 0 0
0 0 0 0 0 0 0 0 0 0
0 0 0 0 0 0 0 0 0 0
0 0 0 0 0 0 0 0 0 0
Maze 106
97 40 3.1000000000 2.2847360612 66 0.400424070955709
21 32 3 59 43 98 1 68 98 68 74 66 10 29 26 21
31 2 53 53 93 91 61 400 400 64 64 6 9 400 400
401 402 401 401 401 401 401 400 400 402 402 402 402 400 400
1 1 1 0 0 1 1 1 1 1
1 1 1 0 0 1 0 0 1 0
2 1 1 1 1 1 1 1 1 0
1 1 1 0 0 1 0 0 0 0
1 0 1 0 0 1 0 0 0 0
1 0 1 1 1 1 1 1 1 0
1 1 1 1 1 1 1 1 0 0
1 0 1 1 0 0 0 1 0 0
1 0 1 0 0 0 0 1 0 0
1 1 1 1 1 1 1 1 0 0
Maze 107
123 116 3.7551020408 1.8332344780 119 0.389288923839047
6 59 13 20 91 75 83 18 72 46 31 61 58 6 69 6
56 53 400 11 71 73 13 12 42 41 400 51 56 66 66
401 401 400 402 402 402 402 402 402 401 400 402 401 401 401
0 0 0 0 0 2 0 0 0 0
1 1 1 1 1 1 1 1 1 1
1 1 1 0 0 1 0 0 0 0
1 1 1 0 0 1 0 0 0 0
1 1 1 1 1 1 0 0 0 0
1 1 1 1 1 1 1 1 1 0
1 1 1 0 0 1 1 1 1 0
1 1 1 1 1 0 0 0 0 0
1 0 1 0 0 0 0 0 0 0
1 0 0 0 0 0 0 0 0 0
Maze 108
91 13 2.9454545455 2.2689205864 45 0.356568691933291
17 78 17 100 10 55 51 62 5 13 16 3 66 13 6 17
77 77 97 400 5 400 61 2 3 400 13 63 63 3 16
401 401 401 400 402 400 401 402 402 400 401 401 401 402 401
0 1 1 1 1 1 1 1 1 1
0 1 1 1 1 1 2 0 0 1
0 1 1 0 1 0 1 0 0 1
0 1 1 0 1 0 1 0 0 1
0 1 1 0 1 0 1 0 0 1
1 1 1 1 1 0 1 0 0 1
1 1 1 1 1 1 1 0 0 1
0 0 0 0 0 0 1 1 0 1
0 0 0 0 0 0 1 0 0 1
0 0 0 0 0 0 1 1 1 1
Maze 109
95 69 2.6984126984 2.3489322223 71 0.377111662344624
53 98 89 55 60 73 1 33 84 68 71 46 20 10 65 53
93 88 85 400 53 71 31 83 64 61 41 16 400 5 63
401 402 401 400 402 401 401 401 402 402 402 402 400 402 401
1 0 0 0 1 1 1 1 1 1
1 0 0 0 1 1 1 1 1 1
1 0 0 0 1 1 0 0 0 0
1 1 1 0 1 1 0 0 0 0
1 1 1 1 1 1 0 0 0 0
1 0 2 1 1 1 1 1 1 1
1 1 1 1 1 1 1 1 0 0
1 1 1 1 1 0 0 0 0 0
0 0 1 1 1 1 1 1 1 0
0 0 1 1 1 1 1 1 0 0
Maze 110
73 175 2.7037037037 2.2965046634 16 0.396473049411022
3 32 27 48 70 61 62 32 74 97 16 15 76 82 11 3
2 22 47 68 400 400 400 72 94 96 400 75 72 81 1
402 402 401 401 400 400 400 401 401 401 400 401 402 401 402
1 1 2 0 0 0 0 0 0 0
1 1 0 0 1 1 0 0 0 0
1 1 1 1 1 1 1 0 0 0
1 1 0 0 1 1 1 0 0 0
1 1 0 0 1 1 1 1 0 0
1 1 0 0 1 1 0 1 0 0
1 1 1 1 1 1 1 1 1 1
1 1 1 1 1 1 0 0 0 0
1 1 0 1 0 1 0 0 0 0
0 0 0 1 1 1 1 0 0 0
Maze 111
95 21 3.4468085106 2.0626550785 51 0.383722506379308
58 35 27 31 61 20 19 1 13 59 25 62 70 24 66 58
55 25 21 400 11 400 11 11 53 55 22 400 64 64 56
401 402 402 400 402 400 401 401 401 401 402 400 401 401 402
1 0 0 0 0 0 0 0 0 0
1 1 1 1 1 1 1 1 1 1
1 1 1 1 1 1 1 0 0 0
1 1 1 1 1 0 0 0 0 0
1 1 1 1 1 0 0 0 0 0
1 1 1 1 1 1 1 2 1 0
1 1 1 1 1 1 1 1 1 1
0 0 0 0 0 0 0 0 0 0
0 0 0 0 0 0 0 0 0 0
0 0 0 0 0 0 0 0 0 0
Maze 112
87 37 3.0612244898 2.1850306080 50 0.385359179707961
36 57 56 65 41 8 10 55 88 13 51 17 41 35 24 36
56 400 55 61 1 400 5 85 83 11 11 11 31 34 34
401 400 402 401 402 400 402 401 401 402 402 402 402 401 401
1 1 1 1 1 1 1 1 1 1
1 1 1 1 1 1 1 0 0 0
1 0 1 1 1 0 0 0 0 0
1 1 1 1 1 2 0 0 0 0
1 0 1 0 1 1 0 0 0 0
1 0 1 0 1 1 1 0 0 0
1 1 1 1 1 0 0 0 0 0
0 0 1 0 1 0 0 0 0 0
0 0 1 1 1 1 1 1 0 0
0 0 0 0 0 0 0 0 0 0
Maze 113
133 1072 3.4754098361 1.9583226465 183 0.380676035940826
57 84 19 88 19 53 95 8 92 79 46 14 42 8 82 57
54 14 18 18 13 93 5 2 72 76 44 12 2 2 52
402 402 402 402 402 401 402 402 402 401 401 402 402 402 402
0 1 1 1 1 1 1 1 0 0
0 1 1 1 1 1 1 1 1 0
0 1 1 1 1 0 0 1 0 0
0 1 1 1 1 0 0 1 0 0
0 1 1 1 1 1 0 1 0 0
0 1 1 1 1 1 2 1 0 0
0 1 1 1 1 1 0 1 0 0
0 1 1 1 1 1 1 1 1 0
0 1 1 1 1 0 0 1 0 0
0 1 1 1 1 0 0 0 0 0
Maze 114
99 90 2.9824561404 2.1062748010 60 0.368305071458746
63 82 66 27 17 49 33 15 100 47 10 43 82 15 87 63
62 62 26 400 47 43 13 95 97 7 3 42 12 85 83
402 402 402 400 401 401 402 401 401 402 402 402 402 401 401
0 0 1 1 1 1 1 1 1 1
0 1 1 1 1 0 1 0 0 0
0 1 1 0 1 1 1 0 0 0
0 1 1 0 1 1 1 0 0 0
0 1 1 1 1 1 1 1 1 0
0 1 0 0 1 1 1 0 0 0
0 1 2 1 1 1 1 0 0 0
0 1 1 0 1 0 1 0 0 0
0 1 1 1 1 1 1 0 0 0
0 0 0 0 1 1 1 1 1 1
Maze 115
87 71 2.8571428571 2.2215787790 50 0.385650381352421
54 7 92 90 60 7 69 64 63 70 50 66 67 48 31 54
4 2 82 400 57 67 400 400 400 400 46 400 47 41 51
402 402 402 400 401 401 400 400 400 400 402 400 402 401 401
0 1 1 1 1 1 1 0 0 0
0 1 0 1 0 0 1 0 0 0
0 1 0 1 0 0 1 0 0 0
1 1 0 1 0 0 1 0 0 0
1 1 1 1 1 1 1 1 1 1
1 1 1 2 0 1 1 1 1 1
0 1 1 1 1 1 1 1 1 1
0 1 0 0 0 0 0 0 0 1
0 1 1 1 1 1 1 1 1 1
0 1 0 0 0 0 0 0 0 0
Maze 116
89 206 2.9122807018 2.1500941839 45 0.389072232055080
38 33 89 92 95 66 77 51 49 26 73 67 9 7 13 38
400 83 82 400 65 76 71 41 46 23 63 7 400 3 33
400 401 402 400 402 401 401 402 401 402 402 402 400 402 401
0 0 1 1 1 1 1 1 1 0
0 0 1 0 0 0 1 0 0 0
0 0 1 1 1 1 1 0 0 0
0 0 1 1 1 1 1 2 0 0
1 1 1 1 1 1 1 1 1 0
1 0 1 0 0 0 1 0 0 0
1 0 1 1 1 1 1 0 0 0
1 1 1 1 1 1 1 0 0 0
0 1 1 1 1 1 1 1 1 0
0 1 1 1 1 0 0 0 0 0
Maze 117
87 15 3.3000000000 2.0489470679 39 0.371531478983135
48 81 41 12 71 37 11 7 22 63 41 32 21 51 85 48
41 400 11 11 31 31 1 2 62 61 31 31 400 81 45
402 400 402 402 402 401 402 402 401 401 402 401 400 401 402
1 1 1 1 1 1 1 0 0 0
1 1 0 0 0 0 0 0 0 0
1 1 0 0 0 0 0 0 0 0
1 1 1 1 1 1 1 0 0 0
1 1 1 1 1 1 1 2 0 0
1 1 0 0 1 0 0 0 0 0
1 1 1 0 1 0 0 0 0 0
1 0 0 0 1 0 0 0 0 0
1 1 1 1 1 0 0 0 0 0
0 0 0 0 0 0 0 0 0 0
Maze 118
95 41 3.0980392157 2.0903870615 62 0.375131653821087
82 92 72 26 67 56 44 45 10 3 61 79 14 54 9 82
400 400 22 66 66 54 400 5 400 1 71 74 400 4 2
400 400 402 401 401 401 400 402 400 402 401 401 400 402 402
1 1 1 1 1 1 1 1 1 1
1 1 0 1 1 0 0 0 0 0
1 1 1 1 1 1 0 0 0 0
1 1 0 1 1 1 0 0 0 0
1 1 0 1 1 1 0 0 0 0
1 1 0 1 1 1 0 0 0 0
1 1 0 1 0 1 1 0 0 0
1 1 1 1 1 1 1 1 1 0
0 2 0 0 0 0 0 0 0 0
0 1 0 0 0 0 0 0 0 0
Maze 119
97 97 3.1020408163 1.9039467177 42 0.371960907862569
1 33 54 10 12 49 28 10 68 34 7 31 53 57 72 1
31 53 4 2 42 48 8 8 64 4 1 51 400 52 71
401 401 402 402 401 401 402 402 401 402 402 401 400 402 401
2 1 1 1 1 1 1 1 1 1
1 1 0 1 0 0 0 1 0 0
1 1 0 1 0 0 0 1 0 0
1 1 1 1 0 0 0 1 0 0
1 1 1 1 1 1 1 1 1 0
1 1 1 1 1 1 1 1 0 0
1 1 0 1 1 1 1 1 0 0
1 1 0 0 0 0 0 0 0 0
0 0 0 0 0 0 0 0 0 0
0 0 0 0 0 0 0 0 0 0
Maze 120
93 118 2.8928571429 2.1472868302 32 0.372708892848675
23 88 46 89 89 40 61 64 98 89 55 25 83 21 29 23
83 86 86 400 39 31 400 94 88 85 400 23 81 400 400
401 401 401 400 402 402 400 401 402 401 400 402 401 400 400
0 0 0 0 0 0 0 0 0 0
0 0 0 0 0 0 0 0 0 0
1 1 2 1 1 1 1 1 1 0
1 1 1 1 1 1 1 1 1 1
1 0 1 0 1 1 0 0 1 0
1 0 1 0 1 1 0 0 1 0
1 1 1 1 1 1 0 0 1 0
1 0 1 1 1 1 0 0 1 0
1 1 1 1 1 1 1 1 1 0
0 0 0 1 1 1 1 1 0 0
Maze 121
91 23 3.2916666667 2.0959983016 56 0.379696777240135
92 87 95 27 1 85 38 39 85 53 83 22 16 45 77 92
82 85 25 21 81 35 400 35 83 400 82 12 15 75 72
402 402 402 401 401 402 400 402 401 400 401 402 402 401 402
1 0 0 0 0 0 0 0 0 0
1 1 1 1 1 1 0 0 0 0
1 1 1 1 1 1 1 0 0 0
1 1 0 0 1 1 1 1 1 0
1 1 0 0 1 0 0 0 0 0
1 1 1 0 1 0 0 0 0 0
1 1 1 0 1 0 0 0 0 0
1 1 1 1 1 1 1 0 0 0
1 1 1 1 1 1 1 0 0 0
0 2 0 0 1 0 0 0 0 0
Maze 122
113 861 3.4545454545 2.0231268657 91 0.386133413405020
72 14 26 65 50 70 61 50 93 26 51 17 95 69 96 72
12 24 25 45 400 400 41 43 23 21 11 15 65 66 92
402 401 402 402 400 400 402 402 402 402 402 402 402 402 401
0 0 0 0 0 0 0 0 0 0
1 1 1 1 1 1 1 0 0 0
1 1 1 1 1 1 0 0 0 0
1 1 1 0 1 0 0 0 0 0
1 1 1 1 1 1 1 1 1 1
1 1 1 0 1 0 0 0 0 1
1 1 1 1 1 1 1 1 1 1
0 2 1 0 1 1 0 0 0 0
0 1 1 0 1 1 0 0 0 0
0 1 1 1 1 1 0 0 0 0
Maze 123
99 111 3.1578947368 2.2033133171 66 0.385648535130015
74 50 17 49 61 33 14 82 54 20 9 22 10 86 73 74
44 47 47 41 31 13 12 52 14 19 2 2 6 83 400
402 401 401 402 402 402 402 402 402 401 402 402 402 401 400
0 1 1 1 1 1 1 1 1 1
0 1 1 1 1 1 1 1 1 1
0 1 1 1 0 1 1 0 0 0
1 1 1 1 0 1 1 0 0 0
1 1 1 1 1 1 1 1 1 1
1 1 1 1 0 1 0 0 0 0
1 1 0 1 0 1 0 0 0 0
0 1 1 2 0 1 0 0 0 0
0 1 1 1 1 1 0 0 0 0
0 0 0 0 0 0 0 0 0 0
Maze 124
111 21 3.4385964912 1.9924937382 91 0.389797662846122
4 84 5 19 81 72 23 80 92 86 72 87 45 95 49 4
400 4 15 11 71 22 73 72 82 82 82 85 400 45 44
400 402 401 402 402 402 401 402 402 401 401 401 400 402 401
0 0 0 2 1 0 0 0 0 0
1 1 1 1 1 1 1 1 1 0
1 1 1 1 0 0 0 0 0 0
1 1 1 1 0 0 0 0 0 0
1 1 1 1 1 1 1 1 1 0
1 1 1 1 1 0 0 0 0 0
1 1 1 1 1 0 0 0 0 0
1 1 1 1 1 1 1 1 1 1
1 1 1 1 1 1 1 0 0 0
0 1 0 0 1 0 0 0 0 0
Maze 125
81 13 2.4918032787 2.2634368815 22 0.399775588937570
34 10 20 23 23 95 78 80 46 94 100 56 71 31 3 34
4 400 13 400 93 75 400 76 44 400 96 51 400 1 33
402 400 402 400 401 402 400 401 402 400 401 402 400 402 401
1 1 1 1 1 1 1 1 1 1
1 0 1 1 1 1 1 1 1 1
1 0 1 1 0 0 0 0 0 0
1 0 1 2 0 0 0 0 0 0
1 0 1 1 1 1 0 0 0 0
1 1 1 1 1 1 0 0 0 0
1 0 1 1 0 1 0 0 0 0
1 0 1 1 1 1 1 1 1 1
0 0 1 1 1 1 0 0 0 0
0 0 1 1 1 1 1 1 1 1
Maze 126
103 144 3.8297872340 2.0359730652 54 0.379635800570509
66 60 59 100 84 86 44 88 35 88 69 21 99 59 21 66
56 400 99 94 400 84 84 85 85 68 61 91 400 51 61
402 400 401 401 400 401 401 401 401 402 401 401 400 401 401
0 0 0 0 0 0 0 0 0 0
0 0 0 0 0 0 0 0 0 0
1 0 0 0 0 0 0 0 0 0
1 0 0 0 1 0 0 0 0 0
1 0 0 1 1 0 0 0 0 0
1 1 1 1 1 1 1 1 1 1
1 1 1 1 1 2 1 1 1 0
1 0 0 1 1 0 0 1 1 0
1 0 0 1 1 1 1 1 1 0
1 1 1 1 1 1 1 1 1 1
Maze 127
127 171 3.2923076923 2.0110339906 168 0.392149875714650
85 77 34 87 52 39 5 81 80 99 5 98 32 3 20 85
75 74 84 82 32 35 1 71 79 95 95 92 2 13 15
402 401 401 401 402 401 402 402 402 401 401 401 402 401 402
1 1 1 1 1 0 0 0 0 0
1 1 1 1 1 1 1 1 1 1
1 1 0 0 1 0 0 0 0 0
1 1 1 1 1 1 1 1 1 0
1 1 0 1 1 0 0 0 0 0
1 1 0 1 1 0 0 0 0 0
1 1 0 1 1 0 0 0 0 0
1 1 1 1 1 1 1 1 1 1
1 1 1 1 2 1 1 0 1 0
0 1 1 1 1 1 1 1 1 0
Maze 128
89 287 3.4468085106 2.0042468333 34 0.397005854898625
8 73 7 78 87 15 52 24 38 64 43 45 48 43 12 8
3 3 77 77 85 12 22 34 34 63 400 400 400 42 2
402 402 401 402 401 402 402 401 402 401 400 400 400 401 402
0 1 1 1 1 1 1 2 0 0
0 1 1 1 1 0 1 0 0 0
0 1 1 1 1 0 1 0 0 0
0 1 1 1 1 1 1 1 0 0
0 1 1 1 1 1 1 1 0 0
0 1 1 1 1 0 1 0 0 0
0 0 1 1 1 0 1 0 0 0
0 0 1 0 1 0 1 1 0 0
0 0 0 0 1 1 1 0 0 0
0 0 0 0 0 0 0 0 0 0
Maze 129
111 2132 3.4642857143 2.1230564909 92 0.390481011809771
92 46 75 28 79 34 37 29 99 57 52 88 22 80 38 92
42 45 25 78 74 400 27 400 97 400 82 82 72 78 32
402 402 402 401 401 400 402 400 401 400 401 401 401 401 402
0 0 0 0 0 0 0 0 0 0
0 0 0 0 0 0 0 0 0 0
0 1 0 0 1 1 1 1 1 0
0 1 1 1 1 1 1 1 1 0
0 1 1 1 1 1 0 1 1 0
0 1 1 1 1 1 1 1 1 0
0 1 0 1 1 0 1 1 1 0
0 1 1 1 1 1 1 1 1 1
0 1 1 1 1 1 1 1 1 0
0 2 0 0 0 0 1 1 1 0
Maze 130
99 212 3.4693877551 1.9914407138 64 0.389289819917199
29 97 79 57 81 48 54 79 12 75 45 41 2 52 16 29
27 77 77 51 41 44 74 72 72 400 400 1 400 12 26
402 402 401 402 402 402 401 401 401 400 400 402 400 402 401
1 1 0 0 0 0 0 0 0 0
1 1 1 1 1 1 0 0 0 0
1 1 0 0 0 1 1 1 2 0
1 1 0 0 0 0 1 0 0 0
1 1 1 1 1 1 1 1 0 0
1 1 1 1 1 1 1 0 0 0
1 1 0 1 1 0 1 0 0 0
1 1 1 1 1 1 1 1 1 0
1 0 0 0 0 0 1 0 0 0
0 0 0 0 0 0 1 0 0 0
Maze 131
111 2793 3.6981132075 2.1453403406 98 0.384273689361918
20 98 49 39 1 58 11 48 23 41 17 53 45 88 66 20
18 48 400 31 51 51 41 43 21 11 13 43 85 86 16
402 402 400 401 401 401 401 401 402 402 402 402 401 401 402
1 0 0 0 0 0 0 0 0 0
1 1 1 1 1 1 1 1 1 2
1 1 1 0 0 1 0 1 0 0
1 1 1 1 1 1 1 1 1 0
1 1 1 1 1 1 1 1 1 0
1 1 1 1 1 1 1 1 0 0
0 0 0 0 1 1 0 1 0 0
0 0 0 0 1 1 0 1 0 0
0 0 0 0 1 1 1 1 0 0
0 0 0 0 0 0 0 1 0 0
Maze 132
97 331 3.0000000000 2.4604849890 52 0.389915598677240
41 14 19 49 66 29 51 99 37 63 25 40 58 89 31 41
11 400 400 46 26 21 91 97 33 23 35 38 88 81 400
402 400 400 402 402 402 401 401 402 402 401 402 401 401 400
0 0 0 0 0 0 0 0 0 0
1 1 1 1 1 1 1 1 1 0
1 1 1 1 1 1 1 1 1 0
1 0 1 1 1 1 1 1 1 1
2 0 1 0 0 1 1 1 1 0
1 0 1 0 0 1 1 1 0 0
1 0 1 0 0 1 1 1 0 0
1 0 0 0 0 0 1 1 0 0
1 1 1 1 1 1 1 1 1 0
1 1 1 1 1 1 1 1 1 0
Maze 133
81 101 2.6785714286 2.4134731018 23 0.377974416779770
3 43 31 32 86 96 87 17 85 61 51 97 80 81 5 3
400 41 400 82 400 86 400 15 81 400 91 77 71 1 400
400 401 400 401 400 402 400 402 401 400 401 402 402 402 400
1 1 2 1 1 0 0 0 0 0
1 0 1 0 1 1 1 0 0 0
1 0 1 0 1 0 1 0 0 0
1 1 1 0 1 0 1 0 0 0
1 1 1 0 1 0 1 0 0 0
1 1 0 0 1 0 1 0 0 0
1 1 0 0 1 0 1 0 0 0
1 1 1 1 1 1 1 1 1 1
1 1 1 1 1 1 1 0 0 0
1 1 1 1 1 1 1 0 0 0
Maze 134
103 310 3.3333333333 2.3040692333 71 0.371983153271567
80 67 60 73 46 51 76 29 24 54 7 41 20 84 68 80
77 57 53 43 41 71 26 400 400 4 1 11 14 64 78
401 402 402 402 402 401 402 400 400 402 402 402 402 402 401
1 1 1 1 1 1 1 0 0 0
1 1 1 1 1 1 1 1 1 1
1 0 0 1 1 1 1 1 1 0
1 0 0 1 0 1 0 0 0 0
1 1 1 1 1 1 0 0 0 0
1 0 1 1 1 1 1 1 1 1
1 0 1 1 1 1 1 1 0 0
1 1 1 1 1 1 1 1 1 2
0 0 0 1 0 0 0 0 0 0
0 0 0 0 0 0 0 0 0 0
Maze 135
117 34 3.2857142857 1.9548875482 148 0.400902634164270
19 52 81 40 32 18 97 29 87 2 7 87 29 28 79 19
12 51 31 400 12 17 27 27 82 400 400 27 400 78 400
402 402 402 400 402 402 402 402 401 400 400 402 400 401 400
0 1 1 1 1 1 1 0 0 0
0 1 1 1 1 1 1 1 2 0
0 1 0 0 0 0 1 1 1 0
1 1 1 1 1 1 1 1 1 1
1 1 0 0 0 0 1 1 1 0
1 1 0 0 0 0 1 1 1 0
1 1 0 0 0 0 1 1 1 0
1 1 0 0 0 0 1 1 1 0
1 1 1 1 1 1 1 0 0 0
0 0 0 0 0 0 1 0 0 0
Maze 136
109 43 3.2857142857 2.0232445483 80 0.394509814347628
35 74 46 100 2 75 81 91 19 33 38 76 24 46 19 35
34 44 96 92 72 71 400 11 13 400 36 74 44 16 15
402 402 401 401 401 402 400 402 402 400 402 401 401 402 402
0 1 0 0 0 0 0 0 0 0
1 1 1 1 1 1 1 1 1 0
1 1 1 1 1 1 0 0 0 0
1 1 1 1 2 1 1 1 0 0
1 1 0 1 1 1 0 0 0 0
1 1 0 1 0 1 0 0 0 0
1 1 0 1 0 1 0 0 0 0
1 1 1 1 1 1 0 0 0 0
1 1 0 0 0 1 0 0 0 0
1 1 1 1 1 1 1 1 1 1
Maze 137
105 58 3.0740740741 1.9547832338 104 0.377190040060960
29 82 33 86 85 34 79 15 72 33 12 92 88 51 59 29
22 32 83 400 84 74 75 12 32 32 400 82 81 400 400
402 402 401 400 401 401 401 402 402 401 400 402 401 400 400
0 0 0 0 0 0 0 0 0 0
0 1 1 1 1 0 0 0 0 0
0 1 1 1 1 1 1 1 2 0
0 1 1 1 1 0 0 0 1 0
0 1 1 1 1 0 0 0 1 0
1 1 1 1 1 1 1 1 1 0
1 1 1 1 1 0 0 0 0 0
1 1 1 1 1 1 1 1 1 0
1 1 1 1 1 1 1 1 0 0
0 1 0 0 0 0 0 0 0 0
Maze 138
97 853 3.1071428571 2.2597322645 71 0.385843324945461
88 79 21 92 46 57 2 37 84 1 13 25 97 75 99 88
78 71 91 42 56 52 32 34 81 11 23 95 95 95 98
402 401 401 402 401 401 401 402 401 401 401 401 401 401 401
1 1 0 0 0 0 0 0 0 0
1 1 1 0 0 0 0 0 0 0
1 1 1 1 1 0 0 0 0 0
1 1 1 1 1 1 1 0 0 0
1 1 1 1 1 1 0 0 0 0
1 1 1 1 1 1 1 0 0 0
1 1 0 1 1 0 0 0 0 0
1 1 1 1 1 1 1 1 1 0
1 1 1 1 1 0 0 2 0 0
1 1 0 0 1 1 1 1 1 0
Maze 139
97 51 3.1272727273 2.1475332332 59 0.369682785377601
49 75 94 50 27 80 40 5 74 96 62 64 6 7 83 49
45 74 44 47 77 400 35 4 94 92 400 4 400 3 43
402 402 402 401 401 400 401 402 401 401 400 402 400 402 402
0 0 1 1 1 1 1 0 0 0
0 0 1 1 1 0 0 0 0 0
0 0 1 1 1 0 1 0 0 0
0 0 1 1 1 1 1 1 1 1
0 0 1 1 1 1 1 1 2 1
0 0 1 1 1 0 1 0 0 1
0 1 1 1 1 0 1 0 0 1
0 1 1 1 1 0 1 1 1 1
0 1 1 1 0 0 0 0 0 0
0 1 1 1 1 1 0 0 0 0
Maze 140
113 5085 2.8888888889 2.2955680369 86 0.377192893145656
66 33 77 10 100 16 71 38 5 37 20 94 98 70 90 66
63 73 7 400 96 11 31 35 35 17 14 400 68 400 86
401 401 402 400 401 402 402 401 401 402 402 400 402 400 401
0 0 0 0 1 0 1 1 1 1
1 1 1 1 1 1 1 1 1 1
1 0 0 1 1 1 1 0 0 1
1 1 1 1 1 1 1 1 0 1
1 0 1 1 0 1 1 0 0 1
1 0 1 1 0 1 1 0 0 1
1 0 1 1 1 2 1 1 1 1
1 0 1 1 1 1 1 1 0 1
0 0 0 1 0 1 1 1 1 1
0 0 0 1 1 1 1 1 1 1
Maze 141
119 29 3.0967741935 2.1202176958 139 0.375366272603774
88 35 91 18 77 20 46 41 22 27 3 10 91 41 28 88
85 31 11 17 17 16 400 21 400 23 400 1 400 21 400
401 402 402 402 402 402 400 402 400 401 400 402 400 402 400
1 1 1 1 1 1 1 1 1 1
1 1 1 1 1 1 1 1 1 1
1 1 1 1 1 1 1 1 0 0
1 1 1 1 1 1 1 1 0 0
1 1 1 1 1 1 1 1 0 0
1 0 0 0 1 0 1 1 0 0
1 0 0 0 1 0 1 1 0 0
1 0 0 0 1 0 1 1 0 0
1 0 0 0 1 1 1 2 0 0
1 0 0 0 0 0 0 0 0 0
Maze 142
105 35 3.0357142857 2.0722518016 97 0.383315758969888
92 20 90 48 24 41 59 21 53 56 96 44 16 94 55 92
12 400 88 44 21 51 51 51 400 400 94 14 14 54 52
402 400 401 401 402 401 401 401 400 400 401 402 402 402 402
0 0 0 0 0 0 0 0 0 0
0 1 1 1 1 1 1 1 1 1
1 1 1 1 0 0 0 0 0 1
1 1 0 1 0 0 0 0 0 1
1 1 0 1 1 1 1 1 0 1
1 1 1 1 1 1 1 1 1 1
0 1 0 1 0 1 0 1 0 1
0 1 0 1 0 1 0 1 0 1
0 1 0 1 0 1 0 1 1 1
0 2 0 1 1 1 0 0 0 0
Maze 143
129 7354 3.5774647887 2.3184275267 148 0.395912540367531
94 58 62 27 90 26 81 33 100 85 71 73 48 41 10 94
54 52 22 87 86 21 31 93 95 81 400 43 400 1 4
402 402 402 401 401 402 402 401 401 401 400 402 400 402 402
1 1 1 1 1 1 1 1 1 1
1 0 0 1 0 0 0 0 0 0
1 1 1 1 1 1 1 0 0 0
1 1 1 1 0 1 1 0 0 0
1 1 1 1 1 1 1 1 0 0
1 1 1 1 1 1 1 1 0 0
1 1 1 1 0 1 1 0 0 0
1 1 1 1 0 1 1 0 0 0
1 1 1 1 1 1 1 1 1 1
0 0 1 2 1 1 1 1 1 1
Maze 144
113 284 3.2881355932 2.1064880490 75 0.376802366289996
30 55 21 6 55 18 31 10 21 86 46 92 84 91 94 30
25 51 1 5 15 11 1 1 81 400 42 82 81 400 24
402 401 402 402 402 402 402 402 401 400 402 402 402 400 402
1 1 1 1 1 1 1 1 1 1
1 1 1 1 1 1 1 1 0 0
1 0 0 1 1 1 1 1 1 2
1 0 0 1 1 0 0 0 0 0
1 1 1 1 1 1 0 0 0 0
1 1 1 1 1 1 0 0 0 0
1 1 0 1 0 1 0 0 0 0
1 1 0 1 0 1 0 0 0 0
1 1 1 1 1 1 0 0 0 0
1 1 1 1 0 0 0 0 0 0
Maze 145
95 38 3.0740740741 2.0983951748 60 0.373714824528432
36 93 59 90 67 56 33 51 93 13 82 11 13 97 24 36
33 53 89 87 66 53 31 91 400 12 81 400 93 94 34
402 402 401 401 401 401 402 401 400 402 401 400 401 401 401
0 0 0 0 0 0 0 0 0 0
1 1 1 0 0 0 0 0 0 0
1 1 1 1 0 0 0 0 0 0
1 1 1 1 1 2 0 0 0 0
1 1 1 1 0 0 0 0 0 0
1 1 1 1 1 1 1 1 1 0
1 1 1 1 0 1 1 0 1 0
1 1 1 1 0 0 1 0 1 0
1 1 1 1 0 0 1 1 1 1
1 1 1 1 1 1 1 0 0 0
Maze 146
75 187 2.6545454545 2.3518356213 26 0.385956087627167
78 33 5 44 11 47 7 45 58 48 68 87 32 41 56 78
73 3 4 41 41 400 5 55 400 400 67 82 31 51 76
401 402 402 401 401 400 402 401 400 400 402 401 402 401 401
0 0 1 1 1 1 1 0 0 0
1 0 1 1 1 0 1 0 0 0
1 0 1 1 1 0 1 0 0 0
1 1 1 1 1 0 1 0 0 0
1 1 1 1 1 1 1 1 0 0
1 1 1 1 1 1 1 1 0 0
0 1 1 0 0 1 1 1 0 0
0 1 1 1 1 1 1 2 0 0
0 1 1 1 1 1 1 0 0 0
0 0 0 0 0 0 0 0 0 0
Maze 147
111 961 2.8955223881 2.1296092909 105 0.372110987445456
87 15 73 95 46 100 19 77 26 71 90 77 38 58 3 87
85 13 93 45 96 99 17 76 21 81 87 37 400 53 83
401 402 401 402 401 401 402 401 402 401 401 402 400 401 401
0 0 1 0 0 0 0 0 0 0
0 0 1 1 1 0 1 1 1 0
1 1 1 1 1 1 1 0 1 0
1 0 1 0 1 1 1 1 1 0
1 0 1 0 1 1 1 1 1 0
1 0 1 1 1 1 1 1 1 0
1 0 1 0 1 1 1 0 1 0
1 0 1 0 1 1 1 0 1 0
1 1 1 1 1 1 2 1 1 1
0 0 1 1 1 1 1 1 1 1
Maze 148
103 206 2.7719298246 2.0194087953 65 0.369160582865165
24 91 94 40 44 76 16 85 34 41 77 7 71 77 55 24
21 400 34 34 74 400 15 84 31 71 400 1 400 75 54
402 400 402 402 401 400 402 401 402 401 400 402 400 401 401
1 1 1 1 1 1 1 0 0 0
1 0 0 0 1 1 1 0 0 0
1 1 1 2 1 1 1 0 0 0
1 1 1 1 1 1 1 1 1 1
1 0 0 1 1 1 1 0 0 0
1 0 0 1 1 1 1 0 0 0
1 0 0 1 1 1 1 0 0 0
1 1 1 1 1 1 1 0 0 0
1 0 0 1 1 0 0 0 0 0
1 1 1 1 0 0 0 0 0 0
Maze 149
93 39 2.4285714286 2.3643889293 45 0.350987811107068
65 83 100 10 2 61 82 23 57 65 69 52 49 47 9 65
63 93 400 400 1 81 22 53 55 400 62 42 400 7 5
402 401 400 400 402 401 402 401 402 400 401 402 400 402 402
1 1 1 1 1 1 1 1 1 1
1 0 0 0 1 0 1 0 0 1
1 1 1 0 1 0 1 0 0 1
1 1 1 0 1 0 1 0 0 1
1 1 1 1 1 1 1 1 1 1
1 1 1 1 1 1 1 0 0 1
1 1 1 1 2 1 1 1 1 1
1 1 1 0 0 0 0 0 0 1
1 1 1 0 0 0 0 0 0 1
0 0 1 1 1 1 1 1 1 1
Maze 150
89 126 3.2444444444 1.9743327015 45 0.371405407035402
34 23 60 14 59 70 44 13 74 70 68 39 26 32 95 34
33 53 54 54 69 64 43 73 64 400 38 36 22 92 94
401 401 401 401 401 401 401 401 402 400 402 401 402 401 401
0 0 0 0 0 0 0 0 0 0
0 0 1 1 0 0 0 0 0 0
0 1 1 1 1 1 0 0 0 0
0 1 1 2 0 1 1 1 1 0
0 1 1 1 0 0 0 1 0 0
0 1 1 1 1 1 1 1 1 1
0 1 1 1 1 1 1 1 1 1
0 1 1 1 0 0 0 0 0 0
0 1 0 1 0 0 0 0 0 0
0 1 1 1 1 0 0 0 0 0
Maze 151
109 10 3.4237288136 2.2131221382 86 0.392458117917559
1 58 59 53 3 100 63 34 40 50 4 80 81 55 53 1
51 400 400 400 93 93 33 400 400 44 74 71 51 400 51
401 400 400 400 401 401 402 400 400 401 401 402 402 400 401
2 0 1 1 0 0 0 0 0 0
1 0 1 1 0 0 0 0 0 0
1 0 1 1 0 0 0 0 0 0
1 0 1 1 1 1 1 1 1 1
1 0 1 1 1 1 1 1 1 1
1 1 1 1 1 1 1 1 1 0
1 0 1 1 0 0 0 0 0 0
1 1 1 1 1 1 1 1 1 1
1 0 1 0 0 0 0 0 0 0
0 0 1 1 1 1 1 1 1 1
Maze 152
95 202 3.0181818182 2.1089871334 84 0.384145339737777
4 76 50 68 45 11 41 10 47 96 45 83 78 16 37 4
74 46 48 65 41 400 1 7 46 95 43 73 76 36 34
401 402 402 401 401 400 402 402 402 401 402 402 401 401 401
1 1 1 2 1 1 1 1 1 1
1 0 0 1 0 1 1 0 0 0
1 0 0 1 0 1 1 0 0 0
1 0 0 1 1 1 1 0 0 0
1 1 1 1 1 1 1 1 1 1
0 0 1 1 1 1 0 1 0 0
0 0 1 1 1 1 1 1 0 0
0 0 1 1 1 1 1 1 0 0
0 0 1 0 1 1 0 0 0 0
0 0 0 0 1 1 0 0 0 0
Maze 153
99 3109 2.8307692308 2.2955841314 77 0.384639310289253
95 92 17 68 71 90 49 3 73 24 24 55 86 70 18 95
400 12 67 61 81 89 43 400 23 400 54 85 66 68 15
400 402 401 402 401 401 401 400 402 400 401 401 402 401 402
0 0 1 0 0 0 0 0 0 0
0 1 1 1 1 1 1 1 0 0
0 1 1 1 1 0 1 1 0 0
0 1 1 1 1 0 1 1 0 0
0 1 1 1 1 1 1 1 1 0
0 1 1 1 1 0 1 1 1 0
1 1 1 1 1 1 1 1 1 1
1 1 1 0 1 1 0 0 1 0
1 1 1 1 1 1 1 1 1 1
0 1 1 1 2 0 0 0 0 0
Maze 154
111 2650 3.2542372881 2.1435735922 86 0.395466522672774
6 49 14 32 92 68 14 93 1 44 27 87 51 47 96 6
46 44 12 400 62 64 13 91 41 24 400 81 41 46 400
401 401 402 400 402 401 402 401 401 402 400 401 402 402 400
1 0 0 0 0 2 0 0 0 0
1 1 1 1 0 1 0 0 0 0
1 1 1 1 1 1 1 0 0 0
1 1 1 1 0 1 1 0 0 0
1 1 1 1 1 1 1 1 1 0
1 1 1 1 0 1 1 0 0 0
1 1 1 1 1 1 1 1 0 0
1 1 1 0 0 1 1 0 0 0
1 1 1 1 1 1 1 0 0 0
1 1 1 0 0 1 0 0 0 0
Maze 155
73 11 2.8333333333 2.2119288269 16 0.329889831381605
88 79 65 86 90 8 2 5 25 33 42 40 53 32 94 88
78 75 85 400 88 400 400 400 23 32 32 33 52 92 84
402 401 401 400 401 400 400 400 402 402 402 402 401 401 402
0 1 1 1 1 1 1 1 0 0
0 0 0 0 1 0 0 1 0 0
0 0 1 1 1 0 0 1 0 0
0 1 1 1 1 1 1 1 1 1
0 1 1 0 0 0 0 1 0 0
0 1 1 0 0 0 0 1 0 0
0 1 0 0 1 0 0 1 0 0
0 1 0 0 1 1 1 1 1 0
0 1 0 1 1 1 1 2 1 1
0 1 1 1 0 0 0 0 0 0
Maze 156
121 94 3.2380952381 2.1765482423 120 0.390768029739515
40 94 61 72 8 41 65 14 90 21 96 93 71 76 7 40
34 91 71 2 1 61 64 84 81 91 400 91 400 6 37
402 401 401 402 402 401 401 401 401 401 400 401 400 402 401
1 1 1 1 1 1 1 1 0 0
1 1 0 1 0 1 1 0 0 0
1 1 0 1 0 1 1 0 0 0
1 1 0 1 1 1 1 1 1 2
1 1 0 1 0 1 0 0 0 0
1 1 0 1 0 1 0 0 0 0
1 1 1 1 1 1 0 0 0 0
1 1 1 1 1 1 0 0 0 0
1 1 1 1 1 1 1 1 1 1
1 1 1 1 1 1 0 0 0 0
Maze 157
89 6 2.9803921569 2.0959983016 32 0.385099801610841
1 44 24 33 10 72 93 12 10 68 88 48 87 76 3 1
41 400 23 3 2 92 92 2 8 400 400 47 86 73 400
401 400 402 402 402 401 401 402 402 400 400 402 401 401 400
2 1 1 1 1 1 1 1 1 1
1 1 1 0 0 0 0 1 0 0
1 1 1 1 0 0 0 1 0 0
1 1 1 1 0 0 0 1 0 0
1 1 1 1 0 0 1 1 0 0
0 1 1 0 0 0 1 1 0 0
0 1 1 0 0 0 1 1 0 0
0 1 1 1 1 1 1 1 0 0
0 1 0 0 0 1 1 1 0 0
0 1 1 0 0 0 0 0 0 0
Maze 158
81 19 3.0000000000 1.9567438281 35 0.389252066682699
7 95 77 49 50 38 55 99 55 86 79 71 55 84 6 7
5 75 47 400 48 35 95 95 85 76 400 51 54 4 400
402 402 402 400 401 402 401 401 401 402 400 402 402 402 400
0 0 0 1 1 1 2 0 0 0
0 0 0 1 1 0 0 0 0 0
0 0 0 1 1 0 0 0 0 0
0 0 0 1 1 1 1 1 0 0
0 0 0 1 1 0 1 1 1 1
1 1 1 1 1 0 1 0 0 0
1 0 0 1 1 0 1 0 0 0
1 1 1 1 1 1 1 1 1 0
0 0 0 1 1 1 0 0 0 0
0 0 0 0 1 1 1 1 1 0
Maze 159
79 102 3.0000000000 2.2402856688 23 0.378540814052581
84 7 47 26 72 92 85 6 46 12 44 89 86 99 84 84
4 400 46 22 400 82 5 400 42 42 84 400 96 94 400
402 400 401 402 400 402 402 400 401 401 401 400 401 401 400
0 0 0 1 1 1 1 0 0 0
0 1 0 1 1 1 1 0 0 0
0 1 1 1 1 1 1 0 0 0
0 1 0 1 1 1 1 0 0 0
0 1 1 1 1 1 1 0 0 0
0 1 0 1 1 0 0 0 0 0
0 1 0 1 1 0 0 0 0 0
0 1 0 1 1 0 0 0 0 0
0 1 1 2 1 1 1 1 1 0
0 1 0 1 1 1 1 1 1 0
Maze 160
91 37 3.2307692308 2.1702024648 44 0.371363008480075
53 28 45 75 44 65 9 9 93 21 61 95 16 29 60 53
23 25 400 74 64 5 400 3 91 400 91 15 26 59 400
402 402 400 401 401 402 400 402 401 400 401 402 401 401 400
0 0 1 1 1 1 1 1 1 0
0 0 1 0 1 1 0 0 0 0
1 0 1 1 1 1 1 1 1 0
1 0 1 0 1 0 0 0 1 0
1 0 1 1 1 0 0 0 1 0
1 0 2 1 1 1 1 1 1 1
1 0 1 1 1 0 0 0 0 0
1 0 1 1 1 0 0 0 0 0
1 0 1 0 1 0 0 0 0 0
1 1 1 1 1 0 0 0 0 0
Maze 161
133 25 3.8431372549 1.7646423848 135 0.405839731221062
13 64 17 42 5 83 14 72 30 86 80 14 79 33 10 13
63 14 12 2 3 13 12 22 26 76 74 74 73 3 3
401 402 402 402 402 402 402 402 402 402 401 401 401 402 402
0 1 1 1 1 1 1 1 1 1
0 1 2 1 1 1 1 0 0 0
0 1 1 1 1 1 1 1 1 1
0 1 1 1 0 1 0 0 0 0
0 1 1 1 0 1 0 0 0 0
0 1 1 1 0 1 0 0 0 0
0 1 1 1 0 1 0 0 0 0
0 1 1 1 1 1 1 1 1 1
0 0 1 0 0 1 0 0 0 0
0 0 0 0 0 0 0 0 0 0
Maze 162
91 214 3.0000000000 2.1239033607 44 0.380313834206891
73 8 77 96 92 77 66 32 83 26 3 54 41 88 79 73
3 7 76 400 72 76 62 82 23 23 53 51 81 78 400
402 402 402 400 402 401 401 401 402 401 401 401 401 402 400
0 0 1 1 1 1 1 1 0 0
0 0 1 0 0 0 1 0 0 0
0 0 1 1 1 1 1 0 0 0
0 1 1 0 0 0 1 0 0 0
1 1 1 0 0 0 1 0 0 0
1 1 1 1 0 0 1 0 0 0
1 1 1 1 1 1 1 0 0 0
1 1 2 1 1 1 1 1 1 0
1 1 1 1 1 1 1 1 0 0
0 1 1 1 1 1 0 0 0 0
Maze 163
93 308 2.7600000000 1.8490525482 50 0.404308406650229
27 79 83 53 40 70 21 27 40 79 51 28 40 13 15 27
77 73 400 33 400 61 400 37 39 71 21 38 33 400 25
401 402 400 402 400 401 400 401 402 401 402 401 401 400 401
0 0 0 0 0 0 0 0 0 0
0 0 1 1 1 0 0 0 0 0
1 1 1 1 1 1 2 1 0 0
1 0 1 1 1 1 1 1 1 1
1 0 1 0 0 0 1 0 1 1
1 0 1 0 0 0 1 0 1 1
1 1 1 1 1 1 1 1 1 1
1 1 1 1 1 1 1 1 1 0
0 0 1 0 0 0 0 0 0 0
0 0 0 0 0 0 0 0 0 0
Maze 164
107 232 3.1250000000 2.2709422638 90 0.388496980707648
38 24 98 22 56 94 5 18 60 6 1 4 47 10 89 38
34 94 92 52 54 4 15 58 56 400 400 44 7 9 88
401 401 401 401 402 402 401 401 401 400 400 401 402 402 401
1 1 1 1 1 1 1 1 1 1
0 0 0 1 1 1 1 1 1 0
0 1 0 1 0 1 1 1 1 0
0 1 0 1 1 1 1 2 1 0
0 1 0 1 1 1 1 1 1 0
0 1 1 1 1 1 1 1 1 1
0 1 0 1 0 0 0 1 1 0
0 1 0 1 0 0 0 1 1 0
0 1 0 1 0 0 0 1 1 0
0 1 1 1 1 1 1 1 0 0
Maze 165
73 25 2.7200000000 2.2470388083 20 0.361243519545274
97 60 35 8 17 32 38 29 19 88 45 96 97 93 65 97
57 55 5 7 12 400 28 400 18 85 95 400 400 63 95
402 401 402 402 402 400 402 400 402 401 401 400 400 402 401
0 0 0 0 1 1 1 1 0 0
0 1 1 1 1 1 1 1 1 0
0 1 0 0 1 0 0 1 1 0
0 1 1 1 1 1 1 1 0 0
0 0 0 0 1 0 0 1 0 0
0 0 0 0 1 1 1 1 1 1
0 0 1 1 1 0 1 1 0 0
0 0 1 0 1 0 1 1 0 0
0 0 1 0 1 1 1 1 0 0
0 0 1 1 1 1 2 0 0 0
Maze 166
89 36 3.1914893617 2.0042468333 36 0.381184240193909
96 63 39 3 22 75 52 83 53 86 47 12 7 37 62 96
93 33 33 2 72 72 82 400 83 46 42 2 400 32 92
401 402 401 402 401 401 401 400 401 402 401 402 400 402 401
0 1 1 1 1 1 1 0 0 0
0 1 1 0 0 0 1 0 0 0
0 1 1 0 0 0 1 0 0 0
0 1 1 1 1 1 1 1 1 0
0 1 1 1 1 1 1 0 0 0
0 1 1 0 0 1 0 0 0 0
0 1 1 0 0 1 0 0 0 0
0 1 1 1 1 1 0 0 0 0
0 1 1 1 1 1 0 0 0 0
0 1 1 1 1 2 0 0 0 0
Maze 167
107 39 3.3684210526 2.1883374556 75 0.375197828495877
47 27 2 37 75 75 27 80 93 11 72 10 10 81 95 47
400 22 32 35 400 25 77 73 91 71 2 400 1 91 45
400 401 401 402 400 402 401 402 401 401 402 400 402 401 402
1 1 1 1 1 1 1 1 1 1
1 1 0 0 0 0 0 0 0 0
1 1 1 1 1 1 1 0 0 0
1 1 1 1 1 1 1 0 0 0
1 1 0 0 1 1 2 0 0 0
1 1 0 0 1 0 1 0 0 0
1 1 0 0 1 0 1 0 0 0
1 1 1 1 1 1 1 1 1 1
1 0 1 0 1 0 0 0 0 0
1 1 1 1 1 0 0 0 0 0
Maze 168
109 96 3.1186440678 2.1120634639 85 0.379147876100622
80 22 29 76 6 99 57 25 26 61 91 2 71 13 49 80
72 400 26 400 96 97 55 400 21 400 1 1 11 43 79
401 400 402 400 401 401 401 400 402 400 402 402 402 401 401
1 1 0 0 0 1 0 0 0 0
1 1 1 0 0 1 0 0 0 0
1 1 1 1 1 1 1 1 1 0
1 1 1 0 1 1 0 0 0 0
1 1 1 1 1 1 1 1 1 0
1 1 0 0 1 1 1 0 1 0
1 1 0 0 0 1 1 0 1 0
1 1 1 1 1 1 1 1 1 2
1 0 0 0 0 1 1 0 0 0
1 0 0 0 0 1 1 1 1 0
Maze 169
97 43 3.2500000000 2.2195666242 64 0.360992470545701
44 36 88 48 90 58 74 7 18 51 88 71 12 78 46 44
34 86 400 88 88 54 4 17 11 81 81 11 72 76 400
402 401 400 401 401 402 402 401 402 401 401 402 401 401 400
0 0 0 1 1 1 1 0 0 0
1 1 1 1 1 1 1 1 0 0
1 1 0 1 0 0 0 0 0 0
1 1 0 1 1 1 0 0 0 0
1 1 0 2 1 1 0 1 0 0
1 1 0 1 1 1 1 1 0 0
1 1 0 1 0 1 0 1 0 0
1 1 1 1 1 1 1 1 0 0
1 1 1 1 1 1 1 1 1 1
0 0 0 0 0 0 0 0 0 0
Maze 170
95 298 2.6440677966 2.0921215796 84 0.369272801276223
52 13 14 41 68 79 20 71 74 30 96 74 62 69 39 52
12 400 11 61 78 19 11 400 24 26 94 72 400 400 32
402 400 402 401 401 402 402 400 402 402 401 401 400 400 402
0 0 0 0 0 0 0 0 0 0
1 1 1 1 1 1 1 1 1 1
1 1 0 1 1 1 1 1 1 1
1 1 1 1 1 1 1 1 1 0
1 1 0 1 0 1 0 0 1 0
1 2 0 1 0 1 0 0 1 0
1 1 1 1 1 1 1 1 1 0
1 1 1 1 0 1 0 1 1 0
0 0 0 1 0 1 0 0 0 0
0 0 0 1 1 1 0 0 0 0
Maze 171
95 87 2.9354838710 2.2869027733 71 0.385394735199224
50 43 4 54 88 28 21 92 96 42 20 36 39 26 13 50
400 3 400 84 400 400 91 400 92 12 16 400 36 23 43
400 402 400 401 400 400 401 400 401 402 402 400 401 401 401
0 0 1 1 0 0 0 0 0 0
0 1 1 1 1 1 1 1 1 1
1 1 1 1 1 1 1 1 0 0
1 1 1 1 0 1 1 1 1 0
1 1 1 1 1 1 1 1 1 2
1 1 0 1 0 0 0 1 0 0
1 1 0 1 0 0 0 1 0 0
1 1 0 1 0 0 0 1 0 0
1 1 0 1 1 1 1 1 0 0
1 1 1 1 1 1 0 0 0 0
Maze 172
103 692 3.0793650794 2.2397489900 77 0.389454368327733
8 73 31 48 30 77 3 36 65 63 80 70 72 98 94 8
3 71 41 28 27 73 33 35 400 73 400 62 92 400 4
402 401 401 402 402 401 401 402 400 401 400 402 401 400 402
0 0 1 1 1 1 1 2 0 0
0 0 1 1 0 0 0 0 0 0
0 0 1 1 0 0 1 1 1 1
1 0 1 1 1 1 1 1 0 0
1 1 1 1 1 1 1 1 0 0
1 0 1 1 1 0 1 0 0 0
1 1 1 1 1 1 1 1 1 1
1 1 1 1 1 1 1 1 1 1
0 1 0 1 0 0 0 0 0 0
0 1 1 1 1 1 1 1 0 0
Maze 173
105 36 3.5000000000 1.9334548748 84 0.401334990139545
31 76 4 78 54 74 99 24 50 8 60 76 100 87 48 31
71 74 74 74 400 94 94 44 48 58 56 96 97 47 41
401 401 401 401 400 401 401 401 401 401 402 401 401 402 401
0 0 0 1 0 0 0 1 0 0
0 0 0 1 0 0 0 1 0 0
0 0 0 1 0 0 0 1 0 0
2 0 0 1 0 0 0 1 0 0
1 1 1 1 1 1 1 1 1 1
1 0 0 1 0 1 1 1 1 1
1 0 0 1 0 1 1 0 0 0
1 1 1 1 1 1 1 1 0 0
0 0 0 1 0 1 1 0 0 0
0 0 0 1 1 1 1 1 1 1
Maze 174
111 2376 3.0312500000 2.1958558750 98 0.399749497383842
9 38 63 24 77 1 5 60 40 58 91 40 96 53 24 9
8 33 23 74 71 400 55 400 38 51 31 36 93 23 4
402 402 402 401 401 400 401 400 402 402 402 402 401 402 402
1 1 1 1 1 1 1 1 2 0
1 0 0 1 1 0 0 1 0 0
1 0 1 1 1 0 0 1 0 0
1 1 1 1 1 1 1 1 1 1
1 0 1 1 1 1 0 1 0 1
1 1 1 1 1 1 1 1 1 1
1 0 1 1 0 1 0 0 0 0
1 1 1 1 1 1 1 0 0 0
1 0 1 0 0 1 0 0 0 0
1 0 1 1 1 1 0 0 0 0
Maze 175
63 6 2.7567567568 1.9357456382 10 0.370500291436766
4 9 38 10 57 46 45 12 3 9 6 5 56 46 84 4
400 8 8 7 56 400 42 2 400 400 400 55 400 44 400
400 402 402 402 401 400 401 402 400 400 400 401 400 402 400
0 1 1 2 1 1 1 1 1 1
0 1 0 1 1 0 1 1 0 0
0 1 0 1 1 0 1 1 0 0
0 1 0 1 1 0 1 1 0 0
0 1 1 1 1 1 1 0 0 0
0 0 0 1 1 1 1 0 0 0
0 0 0 1 0 0 0 0 0 0
0 0 0 1 0 0 0 0 0 0
0 0 0 1 0 0 0 0 0 0
0 0 0 0 0 0 0 0 0 0
Maze 176
69 4 2.9565217391 2.1673356454 20 0.380615827575389
28 29 15 55 27 6 14 56 2 22 96 83 13 13 9 28
400 25 400 25 26 4 54 52 400 92 93 400 400 3 8
400 401 400 402 401 402 401 401 400 401 401 400 400 402 402
0 1 1 1 1 1 1 1 1 0
0 1 1 1 1 1 0 1 0 0
0 1 1 1 1 1 1 2 1 0
0 1 1 1 1 0 0 0 0 0
0 1 1 1 1 0 0 0 0 0
0 1 1 1 1 1 0 0 0 0
0 1 1 0 0 0 0 0 0 0
0 1 1 0 0 0 0 0 0 0
0 1 1 0 0 0 0 0 0 0
0 1 1 1 1 1 0 0 0 0
Maze 177
97 14 3.3750000000 1.9345424077 46 0.362476276854375
56 12 98 100 83 84 5 44 8 11 73 2 36 22 55 56
52 92 400 93 400 4 4 4 1 71 72 32 32 52 400
401 401 400 401 400 402 402 402 402 401 401 401 401 401 400
1 1 1 1 1 1 1 1 0 0
1 1 0 1 0 0 0 0 0 0
1 1 0 1 0 0 0 0 0 0
1 1 1 1 1 1 0 0 0 0
1 1 0 1 0 0 0 0 0 0
1 1 1 1 1 2 0 0 0 0
1 1 0 1 0 0 0 0 0 0
1 1 1 1 0 0 0 0 0 0
0 1 1 1 0 0 0 0 0 0
0 1 1 1 1 1 1 1 1 1
Maze 178
99 88 3.6170212766 2.0023458814 60 0.389937806227939
12 32 58 32 35 29 77 2 93 67 40 23 68 70 65 12
400 52 52 400 25 27 72 92 63 37 33 63 400 400 62
400 401 401 400 402 402 401 401 402 402 401 401 400 400 401
0 1 0 0 0 0 0 0 0 0
0 2 0 0 0 0 0 0 0 0
0 1 1 0 1 1 1 1 1 0
0 1 1 1 1 1 1 1 1 1
0 1 1 0 0 0 1 0 0 0
0 1 1 1 1 1 1 1 0 0
0 1 1 1 1 1 1 1 1 1
0 1 1 1 1 1 1 0 0 0
0 1 1 0 0 0 0 0 0 0
0 1 1 0 0 0 0 0 0 0
Maze 179
91 436 3.0740740741 2.2272037317 44 0.364456268109563
45 25 33 45 77 30 14 54 16 8 41 13 86 8 87 45
400 23 43 75 27 24 400 14 6 1 11 83 6 7 85
400 402 401 401 402 401 400 402 402 402 402 401 402 402 401
1 1 1 1 1 1 1 1 0 0
1 1 1 1 1 1 1 0 0 0
1 0 1 1 1 1 1 1 1 1
1 0 1 1 1 1 1 0 0 0
1 0 1 1 2 1 1 0 0 0
0 0 1 1 1 1 1 0 0 0
0 0 1 0 1 1 1 0 0 0
0 0 1 0 1 1 1 0 0 0
0 0 1 1 1 1 1 0 0 0
0 0 0 0 0 0 0 0 0 0
Maze 180
97 195 3.0000000000 2.3140275492 77 0.365026294396144
23 91 100 28 70 96 47 1 64 75 90 79 26 23 83 23
21 400 98 68 66 46 41 61 74 85 89 76 400 400 400
402 400 401 401 402 402 401 401 401 401 401 401 400 400 400
1 0 0 0 0 0 0 0 0 0
1 0 0 0 0 0 0 0 0 0
1 1 2 1 1 1 0 1 0 0
1 0 1 0 0 1 0 1 0 0
1 1 1 1 1 1 1 1 0 0
1 0 1 0 0 1 0 1 0 0
1 1 1 1 0 1 1 1 1 1
1 0 1 1 1 1 1 1 1 0
1 0 1 0 1 1 1 1 1 1
1 1 1 1 1 1 1 1 1 1
Maze 181
93 270 3.2000000000 2.2272037317 50 0.381759897919898
80 89 94 35 44 62 36 57 22 17 14 81 28 66 15 80
79 84 34 34 42 32 56 52 12 400 11 21 26 65 75
402 402 402 402 402 402 401 401 402 400 402 402 402 401 401
0 0 0 0 0 0 0 0 0 0
1 1 1 1 1 1 1 0 0 0
1 1 1 1 1 1 1 1 0 0
1 1 1 1 1 1 0 0 0 0
1 1 1 1 1 1 0 0 0 0
1 1 1 1 1 1 1 0 0 0
1 1 0 1 1 1 0 0 0 0
1 0 0 1 1 1 1 1 1 2
1 0 0 1 1 1 1 1 1 0
0 0 0 1 0 0 0 0 0 0
Maze 182
125 19 3.5925925926 1.9046591980 134 0.387076780015904
13 92 30 19 64 69 34 30 26 90 41 87 11 66 12 13
12 22 29 14 400 64 24 400 86 81 81 81 61 62 400
402 402 401 402 400 401 402 400 401 401 401 401 401 401 400
0 0 0 0 0 0 0 0 0 0
1 1 2 1 1 1 1 1 1 0
1 1 1 1 1 1 1 1 1 1
1 1 0 1 0 1 0 0 0 0
1 1 0 1 0 1 0 0 0 0
1 1 0 1 0 1 0 0 0 0
1 1 1 1 1 1 1 1 1 0
1 1 0 0 0 1 0 0 0 0
1 1 1 1 1 1 1 1 1 1
0 1 0 0 0 0 0 0 0 0
Maze 183
93 71 2.8400000000 1.8951063777 50 0.373513757043401
57 57 28 29 14 81 70 18 61 71 57 94 59 30 64 57
400 27 400 24 11 61 68 11 400 51 54 54 29 24 54
400 402 400 401 402 402 401 402 400 402 402 402 402 402 402
0 0 0 0 0 0 0 0 0 0
1 1 1 1 1 1 1 1 0 0
1 0 0 1 1 1 1 1 1 1
1 0 0 1 0 0 1 1 1 0
1 0 0 1 0 0 1 1 1 0
1 1 1 1 1 1 2 1 1 0
1 1 1 1 1 1 1 1 1 1
1 0 0 1 0 0 0 0 0 0
1 0 0 1 0 0 0 0 0 0
0 0 0 1 0 0 0 0 0 0
Maze 184
97 690 3.2280701754 2.2890717499 77 0.399313896941262
33 41 87 66 91 98 12 46 44 53 45 79 44 7 86 33
31 81 86 61 400 92 42 400 43 43 75 74 4 6 83
402 401 401 402 400 401 401 400 402 402 401 401 402 402 401
0 0 0 1 1 1 1 0 0 0
0 1 0 1 0 1 0 0 0 0
0 1 0 1 0 1 0 0 0 0
1 1 2 1 0 1 0 0 0 0
1 1 1 1 1 1 0 0 0 0
1 1 1 1 1 1 0 0 0 0
1 1 1 1 1 1 0 0 0 0
1 1 1 1 1 1 1 1 1 0
1 1 1 1 1 1 1 0 0 0
1 1 1 1 1 1 1 1 0 0
Maze 185
83 24 2.9615384615 2.1954918145 30 0.397383304564293
78 77 60 12 74 41 26 85 97 82 76 59 8 88 67 78
400 57 52 72 71 21 25 95 92 72 56 58 400 87 77
400 402 401 401 401 402 402 401 401 402 402 401 400 401 401
0 0 0 0 0 0 0 1 0 0
0 1 0 0 0 0 0 1 0 0
1 1 1 1 1 1 0 1 0 0
1 1 0 0 1 0 0 1 0 0
1 1 0 0 1 0 0 1 0 0
1 1 1 1 1 1 1 1 1 1
1 1 0 0 1 1 1 1 0 0
1 1 1 1 1 1 1 2 0 0
0 1 0 0 1 0 1 1 0 0
0 1 1 1 1 1 1 0 0 0
Maze 186
99 530 2.8135593220 2.0685826813 77 0.409415803010289
3 10 68 12 11 9 57 89 35 5 66 62 20 59 14 3
400 8 62 400 1 7 87 85 400 65 400 12 19 54 13
400 402 401 400 402 402 401 401 400 401 400 402 402 401 401
1 1 2 1 1 1 1 1 1 1
1 1 1 1 1 1 1 1 1 1
0 1 0 1 1 0 1 1 1 0
0 1 0 1 1 0 1 1 1 0
0 1 0 1 1 0 1 1 1 0
0 1 0 1 1 1 1 1 1 0
0 1 1 1 1 1 1 1 0 0
0 0 0 0 1 0 1 0 0 0
0 0 0 0 1 1 1 1 1 0
0 0 0 0 0 0 0 0 0 0
Maze 187
93 22 3.3333333333 2.1736708130 36 0.386660610712793
88 85 19 61 25 31 4 70 90 97 66 58 96 78 45 88
400 15 11 21 21 1 64 400 87 96 56 56 76 75 85
400 402 402 402 402 402 401 400 402 401 402 402 402 401 401
1 1 1 1 0 0 0 0 0 0
1 1 1 1 1 1 1 1 1 0
1 1 1 1 1 0 0 0 0 0
1 0 0 1 1 0 0 0 0 0
1 0 0 1 1 0 0 0 0 0
1 0 0 1 1 1 1 1 0 0
1 0 0 1 1 1 1 1 1 1
0 0 0 0 1 1 1 1 0 1
0 0 0 0 1 1 1 2 1 1
0 0 0 0 0 1 1 0 0 0
Maze 188
125 926 2.9275362319 2.0842249213 176 0.381082507086127
86 66 31 4 18 14 100 8 93 3 96 17 100 79 24 86
400 61 1 14 400 94 98 3 400 93 16 97 99 74 84
400 401 402 401 400 401 401 402 400 401 402 401 401 401 401
1 1 1 1 1 1 1 1 0 0
1 0 1 1 1 1 1 1 0 0
1 0 1 1 0 1 1 1 0 0
1 0 1 1 0 1 1 1 0 0
1 0 1 1 0 1 1 1 0 0
1 0 1 1 0 1 1 1 0 0
1 1 1 1 1 1 1 1 0 0
0 0 1 1 1 1 1 1 1 0
0 0 1 1 1 2 1 1 1 0
0 0 1 1 1 1 1 1 1 1
Maze 189
113 24 3.7500000000 1.6909336106 105 0.388090511317394
13 64 73 94 96 92 11 64 21 99 35 52 57 21 99 13
63 63 93 400 400 91 61 61 91 95 32 400 51 91 93
401 402 401 400 400 401 401 401 401 401 402 400 401 401 401
0 0 0 0 0 0 0 0 0 0
1 0 2 0 0 0 0 0 0 0
1 0 1 0 0 0 0 0 0 0
1 1 1 1 1 0 0 0 0 0
1 1 1 0 1 0 0 0 0 0
1 1 1 1 1 1 1 0 0 0
1 1 1 1 1 0 0 0 0 0
1 0 1 0 1 0 0 0 0 0
1 0 1 0 1 0 0 0 0 0
1 1 1 1 1 1 1 1 1 0
Maze 190
91 12 3.6500000000 1.8034076820 56 0.408033832765589
30 7 39 75 66 71 11 67 29 75 90 56 36 39 65 30
27 37 35 65 61 400 61 27 25 85 86 400 400 35 25
401 401 402 402 402 400 401 402 402 401 401 400 400 402 402
0 0 0 0 0 0 1 0 0 0
1 0 0 0 0 0 1 0 0 0
1 0 0 0 1 1 1 1 1 2
1 0 0 0 1 1 1 1 1 0
1 0 0 0 1 1 1 0 0 0
1 0 0 0 1 1 1 0 0 0
1 1 1 1 1 1 1 0 0 0
1 0 0 0 1 1 0 0 0 0
0 0 0 0 1 1 1 1 1 1
0 0 0 0 0 0 0 0 0 0
Maze 191
107 1441 3.5555555556 2.1491602539 104 0.381661986273262
45 88 9 46 79 41 79 50 2 39 85 68 39 89 66 45
85 8 6 76 71 71 49 42 32 35 65 38 400 86 65
401 402 402 401 401 401 402 401 401 402 402 402 400 401 401
0 1 0 0 0 1 1 1 1 0
0 1 0 0 0 1 0 1 0 0
0 1 0 0 0 1 0 1 0 0
0 1 1 1 1 1 1 1 1 0
1 1 1 1 2 1 1 1 1 1
1 0 0 0 1 1 0 1 1 0
1 0 0 0 1 1 1 1 1 0
1 1 1 1 1 1 1 1 1 0
0 0 0 0 1 1 1 1 1 0
0 0 0 0 0 0 0 0 0 0
Maze 192
89 357 3.1636363636 2.2435598881 45 0.383931566384040
48 70 96 89 33 60 47 72 98 95 87 26 55 4 42 48
68 66 86 83 53 57 42 92 400 85 86 25 54 2 400
401 402 402 401 401 401 402 401 400 402 401 402 401 402 400
0 1 1 1 0 0 0 0 0 0
0 1 0 1 0 0 0 0 0 0
0 1 0 1 1 1 0 0 0 0
0 1 1 1 1 1 0 0 0 0
0 1 1 1 1 1 1 2 0 0
0 1 1 1 1 1 1 1 1 1
0 1 1 0 0 1 1 1 1 1
0 1 1 0 0 1 0 0 0 0
0 1 1 1 1 1 1 1 1 0
0 1 1 1 1 1 1 1 0 0
Maze 193
93 32 3.0638297872 1.8983135602 40 0.383577663561916
98 48 24 68 30 26 86 91 70 36 89 88 64 90 84 98
400 44 64 28 400 400 81 61 66 86 400 84 84 400 94
400 401 401 402 400 400 402 402 401 401 400 401 401 400 401
0 0 0 0 0 0 0 0 0 0
0 0 0 0 0 0 0 0 0 0
0 0 0 1 0 1 1 1 1 1
0 0 0 1 0 1 0 1 0 0
0 0 0 1 1 1 1 1 0 0
0 0 0 1 0 1 0 1 0 0
1 1 1 1 1 1 1 1 1 1
1 0 0 1 0 1 0 1 0 0
1 1 1 1 1 1 1 1 1 1
1 0 0 1 1 1 1 2 0 0
Maze 194
81 12 2.8000000000 2.3880166457 26 0.372662732842287
97 99 83 61 69 69 53 44 93 15 71 60 40 20 87 97
400 93 81 400 400 63 43 43 13 11 51 400 400 17 400
400 401 401 400 400 401 402 402 402 402 402 400 400 402 400
0 0 0 0 0 0 0 0 0 0
1 1 1 1 1 0 1 1 1 1
1 0 1 0 0 0 1 0 0 1
1 0 1 0 0 0 1 0 0 1
1 0 1 1 0 0 1 0 0 1
1 1 1 1 1 1 1 1 1 1
1 1 1 1 1 1 1 1 1 0
1 0 1 0 0 0 1 0 0 0
1 1 1 0 0 0 1 0 0 0
0 0 1 1 1 1 2 1 1 0
Maze 195
79 32 3.0243902439 1.8226010807 30 0.369734281474659
85 85 89 73 89 77 53 13 94 54 32 26 57 1 13 85
400 400 83 83 87 73 400 93 400 52 22 56 51 11 83
400 400 401 401 401 401 400 401 400 401 402 401 401 401 401
1 0 0 0 0 0 0 0 0 0
1 1 1 0 0 0 0 0 0 0
1 1 1 1 1 1 0 0 0 0
1 1 1 0 0 1 0 0 0 0
1 1 1 0 0 1 0 0 0 0
1 1 1 1 1 1 1 0 0 0
0 0 1 1 0 0 0 0 0 0
0 0 1 1 1 1 1 0 0 0
0 0 1 1 2 1 1 1 1 0
0 0 1 1 0 0 0 0 0 0
Maze 196
89 155 3.2653061224 2.1631779888 39 0.386702667427099
70 58 21 63 13 76 19 49 66 11 29 16 36 23 67 70
68 51 61 400 73 16 400 46 61 21 26 400 33 63 400
401 401 401 400 401 402 400 402 401 401 401 400 401 401 400
0 0 0 0 0 0 0 0 0 0
1 0 1 0 0 1 1 1 1 0
1 1 1 1 1 1 1 1 1 0
1 0 1 1 1 1 0 0 1 0
1 0 1 0 0 1 1 1 1 0
1 1 1 1 1 1 1 1 0 0
1 1 1 1 1 1 1 1 1 2
0 0 1 1 1 1 0 0 0 0
0 0 0 0 0 0 0 0 0 0
0 0 0 0 0 0 0 0 0 0
Maze 197
75 6 2.9333333333 2.0489470679 26 0.397603107240451
48 12 55 98 85 75 86 100 87 79 73 47 11 17 19 48
42 52 95 95 400 85 96 97 77 400 43 41 400 400 18
401 401 401 401 400 401 401 401 402 400 402 401 400 400 402
0 0 0 0 0 0 0 0 0 0
1 1 1 1 1 1 1 1 1 0
1 1 0 0 0 0 0 1 0 0
1 1 0 0 0 0 0 1 0 0
1 1 1 1 1 1 1 2 0 0
0 1 1 1 1 0 0 0 0 0
0 0 1 0 1 0 0 0 0 0
0 0 1 1 1 1 1 1 1 0
0 0 0 0 1 1 1 0 0 0
0 0 0 0 1 1 1 1 1 1
Maze 198
107 17 3.1063829787 1.8018194451 74 0.386789361259079
75 78 59 32 55 85 94 59 33 72 8 55 59 92 30 75
400 58 52 52 400 84 54 53 32 2 5 400 52 22 25
400 402 401 401 400 402 402 401 402 402 402 400 402 402 402
0 1 1 1 1 1 1 1 0 0
0 1 0 0 1 0 0 0 0 0
0 1 1 1 1 1 1 1 1 1
0 1 1 0 1 0 0 0 0 0
0 1 1 0 1 0 0 0 0 0
0 1 1 1 1 1 1 1 1 0
0 1 0 1 1 0 0 1 0 0
0 1 0 1 2 1 1 1 0 0
0 1 0 1 1 0 0 0 0 0
0 1 0 1 0 0 0 0 0 0
Maze 199
109 116 3.3898305085 2.2189431303 80 0.385229502721793
99 63 3 48 31 58 14 38 61 43 72 6 41 40 80 99
93 400 43 41 51 54 34 31 41 42 2 1 31 400 79
401 400 401 401 401 401 401 402 402 402 402 402 402 400 402
1 1 1 1 1 1 0 0 0 0
1 1 1 1 0 0 0 0 0 0
1 1 1 1 0 0 0 0 0 0
1 1 1 1 1 1 1 1 1 1
1 1 1 1 1 1 1 1 0 1
1 1 1 1 1 1 1 1 0 1
1 1 1 0 0 0 0 0 0 1
0 1 1 0 0 0 0 0 1 1
0 0 1 0 0 0 0 0 1 0
0 0 1 1 1 1 1 1 2 0
Maze 200
121 661 3.5000000000 2.1665498377 141 0.387845510163930
29 9 26 63 60 4 65 6 32 1 70 28 95 50 94 29
400 6 23 53 54 64 5 2 31 61 68 25 45 44 24
400 402 402 402 401 401 402 402 401 401 401 402 402 402 402
1 1 1 1 1 1 1 1 1 0
1 1 0 1 1 1 0 0 1 0
1 1 1 1 1 1 1 1 2 0
1 1 1 1 1 0 0 1 0 0
1 0 1 1 1 1 1 1 1 1
1 0 1 1 1 1 1 1 1 1
1 1 1 1 1 1 1 1 1 1
0 0 0 1 1 0 0 0 0 0
0 0 0 1 1 0 0 0 0 0
0 0 0 1 1 0 0 0 0 0
