numMazes: 200
mazeSize: 10
Maze 1
105 102 3.5172413793 2.2692599176 98 0.376942231831046
99 30 64 89 53 79 92 35 3 41 12 85 84 25 60 99
29 24 84 83 73 72 32 33 1 11 82 400 24 55 59
402 402 401 401 401 402 402 401 402 402 401 400 402 401 402
1 1 1 0 0 0 0 0 0 0
1 1 1 0 0 0 0 0 0 0
1 1 1 1 1 1 1 1 1 1
1 1 1 1 1 0 0 0 1 0
1 1 0 1 1 0 0 0 1 0
0 1 1 1 1 1 1 1 1 1
0 1 1 1 0 0 0 0 1 0
0 1 1 1 1 1 1 1 1 0
0 1 1 1 1 1 1 1 1 0
0 1 0 0 0 0 0 0 2 0
Maze 2
101 412 3.1228070175 2.2501375513 64 0.374862912020215
44 95 32 47 17 73 34 66 28 81 91 14 89 92 63 44
94 92 42 400 13 33 64 26 21 400 11 84 82 62 43
401 401 401 400 402 402 401 402 402 400 402 401 402 402 402
0 0 0 0 0 0 0 0 0 0
1 1 1 1 1 1 1 0 0 0
1 1 1 1 1 1 1 1 0 0
1 1 1 1 0 1 1 0 0 0
1 1 1 2 1 1 1 0 0 0
1 1 1 1 0 1 0 0 0 0
1 1 1 1 1 1 0 0 0 0
1 1 1 1 0 0 0 0 0 0
1 1 1 1 1 1 1 1 1 0
1 1 1 1 1 0 0 0 0 0
Maze 3
85 20 3.2400000000 2.2046400587 34 0.419361114141035
16 27 29 12 2 99 76 72 87 84 78 98 92 18 59 16
26 400 22 400 92 96 400 82 400 74 400 400 12 58 56
401 400 401 400 401 401 400 401 400 402 400 400 402 401 401
0 1 0 0 0 0 0 0 0 0
0 1 1 1 1 2 1 1 0 0
0 1 1 1 1 1 1 1 1 0
0 1 0 0 0 1 0 1 0 0
0 1 0 0 0 1 0 1 0 0
0 1 0 0 0 1 1 1 1 0
0 1 0 0 0 0 0 0 0 0
0 1 1 1 1 1 1 1 0 0
0 1 1 1 1 1 1 1 0 0
0 1 1 1 1 1 1 1 1 0
Maze 4
95 176 3.1111111111 2.0992168406 65 0.386025090970960
13 87 65 17 40 40 13 34 82 82 20 78 25 58 50 13
83 85 15 37 400 33 33 32 400 12 18 75 55 48 43
401 401 402 401 400 401 401 402 400 402 402 401 401 402 401
0 0 0 0 0 0 0 0 0 0
0 1 2 1 1 1 1 1 1 1
0 1 1 0 1 0 1 1 0 0
0 1 1 1 1 1 1 1 1 1
0 1 1 1 1 1 1 1 1 1
0 1 1 0 1 1 1 1 0 0
0 1 1 0 1 0 0 1 0 0
0 1 1 0 1 1 1 1 0 0
0 1 1 1 1 1 1 0 0 0
0 0 0 0 0 0 0 0 0 0
Maze 5
107 38 3.2916666667 1.7760791673 90 0.381872901560423
24 73 19 44 17 56 43 3 96 88 19 23 56 4 92 24
23 13 14 14 16 53 400 93 86 18 13 53 54 2 22
402 402 402 402 402 401 400 401 402 402 402 401 401 402 402
0 1 1 1 0 0 0 0 0 0
0 1 1 1 1 1 1 1 1 0
0 1 1 2 0 1 0 1 0 0
0 1 1 1 0 1 0 1 0 0
0 1 1 1 0 1 0 1 0 0
0 1 1 1 1 1 0 1 0 0
0 1 1 0 0 0 0 1 0 0
0 1 1 0 0 0 0 1 0 0
0 1 1 0 0 1 1 1 0 0
0 1 1 1 1 1 0 0 0 0
Maze 6
89 484 2.9411764706 2.0341609652 45 0.399479309277144
29 7 18 78 44 59 16 70 39 78 72 27 67 75 3 29
27 17 400 74 54 56 66 69 38 400 22 400 65 73 23
401 401 400 401 401 401 401 401 402 400 402 400 402 401 401
0 0 1 0 0 0 1 0 0 0
0 0 1 0 0 1 1 1 0 0
0 1 1 1 1 1 1 1 2 0
0 1 1 0 0 1 1 1 1 0
0 1 1 1 0 1 1 1 1 0
0 1 1 1 1 1 1 1 1 0
0 1 1 1 1 1 1 1 1 1
0 1 1 1 1 1 1 1 0 0
0 0 0 0 0 0 0 0 0 0
0 0 0 0 0 0 0 0 0 0
Maze 7
113 175 3.0882352941 2.2339810839 92 0.379170685859547
9 94 58 90 65 96 80 27 100 17 61 39 19 90 50 9
4 54 88 85 95 76 77 97 97 11 31 400 89 400 49
402 402 401 401 401 402 401 401 401 402 402 400 401 400 401
0 0 0 1 1 1 1 1 2 0
1 1 1 1 1 1 1 0 1 0
1 0 0 1 0 0 1 0 1 0
1 1 1 1 1 1 1 1 1 0
1 0 0 1 0 0 1 0 1 1
1 0 0 1 1 1 1 1 1 1
1 0 0 1 1 0 1 1 1 1
0 0 0 1 1 1 1 1 1 1
0 0 0 1 1 1 1 1 1 1
0 0 0 1 1 1 1 1 1 1
Maze 8
97 128 2.7761194030 2.3840242723 77 0.400879186095937
13 65 64 24 50 90 42 83 10 40 97 92 91 74 30 13
63 400 400 44 400 82 82 3 400 37 400 400 71 24 23
401 400 400 401 400 401 401 402 400 402 400 400 402 402 401
0 0 1 1 1 1 1 1 1 1
0 0 2 0 0 0 0 0 0 1
0 0 1 1 1 1 1 1 1 1
0 0 1 1 0 0 1 1 1 1
0 1 1 1 1 1 1 1 1 1
0 1 1 1 0 0 1 0 0 1
0 1 1 1 1 0 1 0 0 1
1 1 1 1 0 0 1 0 0 1
1 1 1 1 1 1 1 1 1 1
1 1 1 1 1 1 1 0 0 0
Maze 9
119 472 3.1470588235 2.2403003746 140 0.370883998055826
13 24 95 33 98 32 59 30 65 22 9 71 87 58 87 13
23 94 93 93 92 52 29 25 62 2 1 81 57 57 83
401 401 401 401 401 401 402 402 401 402 402 401 402 402 401
1 1 1 1 1 1 1 1 1 0
1 1 2 0 0 0 0 0 0 0
1 1 1 1 1 1 1 1 1 1
1 1 1 1 1 0 0 0 1 0
1 1 1 1 1 0 0 0 1 0
1 1 1 1 1 1 1 1 1 0
1 1 1 1 1 0 1 0 0 0
1 1 1 1 0 0 1 0 0 0
1 1 1 1 1 1 1 0 0 0
0 1 1 1 1 1 1 1 0 0
Maze 10
61 12 2.7619047619 2.1077218182 7 0.403959916893270
40 45 35 46 47 25 45 42 57 84 79 95 72 73 88 40
35 400 45 400 45 400 400 52 54 74 75 92 400 83 38
402 400 401 400 401 400 400 401 402 402 402 401 400 401 402
0 0 0 0 0 0 0 0 0 0
0 0 0 0 0 0 0 0 0 0
0 0 0 0 1 0 0 0 0 0
0 0 0 0 1 1 1 1 1 2
0 1 1 1 1 1 1 1 0 0
0 1 1 1 1 1 1 1 0 0
0 0 0 1 0 0 0 1 0 0
0 1 1 1 1 1 1 1 1 0
0 1 1 1 1 1 1 1 0 0
0 1 1 1 1 0 0 0 0 0
Maze 11
75 116 3.2000000000 2.0269320651 30 0.387569494744400
85 74 35 69 87 79 12 44 37 68 52 49 48 15 85 85
84 34 65 67 77 72 42 34 67 62 42 400 45 400 400
401 402 401 402 402 401 401 402 401 401 402 400 401 400 400
0 0 0 0 0 0 0 0 0 0
0 1 0 0 1 0 0 0 0 0
0 1 0 0 1 0 0 0 0 0
0 1 0 1 1 1 1 0 0 0
0 1 1 1 1 1 1 1 1 0
0 1 0 1 1 0 1 0 0 0
0 1 1 1 1 1 1 1 1 0
0 1 1 1 1 1 1 1 1 0
0 0 0 1 2 0 1 0 0 0
0 0 0 0 0 0 0 0 0 0
Maze 12
117 259 3.6862745098 1.9587202820 165 0.389643447962024
92 3 59 92 54 12 82 36 46 11 63 26 69 41 78 92
2 53 52 52 52 400 32 400 41 61 23 66 61 71 72
402 401 402 402 401 400 402 400 401 401 402 401 401 401 402
0 1 1 0 0 0 0 0 0 0
1 1 1 0 0 0 0 0 0 0
1 1 1 1 1 1 0 0 0 0
1 1 1 1 1 1 0 0 0 0
1 1 1 1 1 1 0 0 0 0
1 1 1 1 1 1 1 1 1 0
1 1 1 1 1 1 1 1 1 0
1 1 1 1 1 1 1 1 0 0
0 1 0 0 0 0 0 0 0 0
0 2 0 0 0 0 0 0 0 0
Maze 13
85 27 3.4285714286 2.0251123119 36 0.379614128875212
16 7 57 47 52 11 26 56 18 33 23 51 78 11 73 16
6 400 400 42 51 21 400 16 13 400 21 71 71 71 13
402 400 400 402 401 401 400 402 402 400 402 401 401 401 402
0 0 0 0 0 1 1 0 0 0
1 0 1 1 1 2 1 1 0 0
1 1 1 1 1 1 1 0 0 0
1 0 1 0 0 1 1 0 0 0
1 1 1 1 1 1 1 0 0 0
1 1 1 0 0 1 1 0 0 0
1 0 1 0 0 0 0 0 0 0
1 1 1 1 1 1 1 1 0 0
0 0 0 0 0 0 0 0 0 0
0 0 0 0 0 0 0 0 0 0
Maze 14
79 638 3.5000000000 2.2121281637 35 0.357846602825588
83 58 38 69 75 39 67 60 79 9 19 31 15 56 48 83
53 400 68 65 35 37 57 59 400 400 11 11 55 46 43
402 400 401 402 402 402 402 402 400 400 402 402 401 402 402
0 0 0 0 0 0 0 0 1 0
1 1 1 1 1 1 1 1 1 0
1 0 0 0 1 0 0 0 1 0
1 0 0 0 1 1 1 1 1 0
0 0 1 1 1 1 1 1 1 0
0 0 1 1 1 1 1 1 1 1
0 0 1 0 1 1 1 1 1 0
0 0 1 0 1 0 0 0 1 0
0 0 2 0 0 0 0 0 0 0
0 0 0 0 0 0 0 0 0 0
Maze 15
73 37 2.8333333333 2.3248886180 12 0.364715142335731
45 48 40 19 54 73 62 37 11 31 46 95 100 63 62 45
400 38 39 14 53 72 32 31 400 41 45 400 93 400 42
400 402 401 402 402 401 402 401 400 401 402 400 401 400 402
0 0 0 0 0 0 0 0 0 0
1 0 0 1 1 1 1 1 1 0
1 0 0 1 0 0 0 0 1 0
1 1 1 1 1 1 1 1 1 1
1 1 1 1 2 1 1 1 0 0
0 1 1 1 1 0 0 0 0 0
0 1 1 0 1 0 0 0 0 0
0 1 1 0 1 0 0 0 0 0
0 0 1 0 1 0 0 0 0 0
0 0 1 1 1 1 1 1 1 1
Maze 16
71 59 2.7659574468 2.2408046504 20 0.384228254311906
17 17 49 86 61 37 24 46 17 9 48 36 74 78 97 17
400 47 46 81 31 34 44 16 7 8 46 34 400 77 400
400 401 402 401 402 401 401 402 402 402 401 402 400 402 400
0 0 0 0 0 0 1 1 1 0
0 0 0 0 0 1 2 1 0 0
0 0 0 1 0 1 1 1 0 0
1 1 1 1 1 1 1 1 0 0
1 0 0 1 1 1 1 1 1 0
1 0 0 1 0 1 1 0 0 0
1 0 0 1 0 1 1 0 0 0
1 0 0 1 1 1 1 1 0 0
1 1 1 1 1 1 1 0 0 0
0 0 0 0 0 0 1 0 0 0
Maze 17
115 273 3.1864406780 2.0622132102 118 0.390322944624025
83 70 72 3 46 33 85 29 37 5 93 27 88 10 27 83
63 62 2 43 43 83 25 27 35 3 23 87 8 7 23
402 402 402 401 401 401 402 402 401 402 402 401 402 402 402
0 1 1 1 1 0 1 1 1 1
0 1 1 0 1 0 1 1 0 0
0 1 1 1 1 1 1 1 1 0
0 1 1 0 1 1 1 1 0 0
0 1 1 1 1 1 1 1 0 0
0 1 1 0 1 0 1 1 0 0
0 1 1 1 1 1 1 1 1 1
0 1 1 0 1 0 1 1 0 0
0 0 2 1 1 0 1 1 0 0
0 0 1 0 0 0 0 0 0 0
Maze 18
99 13 3.1636363636 2.0685826813 64 0.391776166973477
20 47 70 39 2 98 55 26 31 38 75 53 37 28 87 20
17 67 69 32 92 95 25 21 400 35 73 33 27 27 17
402 401 401 401 401 401 402 402 400 402 401 402 402 402 402
0 1 0 0 0 0 0 0 0 0
0 1 0 0 0 0 1 1 1 2
1 1 1 1 1 1 1 1 0 0
1 1 1 1 1 1 1 1 1 0
0 1 1 0 1 0 1 0 1 0
0 1 1 0 1 0 1 0 1 0
0 1 1 0 1 0 1 1 1 1
0 1 1 1 1 0 1 0 0 0
0 1 0 0 1 0 1 0 0 0
0 1 1 1 1 1 1 1 0 0
Maze 19
99 10 3.1428571429 1.9055482599 65 0.375226795302740
60 11 79 49 81 75 1 51 22 13 41 82 31 13 50 60
51 71 400 41 71 71 400 21 12 11 81 81 11 43 400
401 401 400 402 402 401 400 402 402 402 401 401 402 401 400
1 0 0 0 0 0 0 0 0 0
1 1 1 0 0 0 0 0 0 0
1 1 1 0 0 0 0 0 0 0
1 0 1 0 0 0 0 0 0 0
1 1 1 1 1 1 1 1 1 1
1 1 1 1 1 1 1 1 1 2
1 0 0 0 0 0 0 0 1 0
1 1 1 1 1 1 1 1 1 0
1 1 0 0 0 0 0 0 0 0
0 0 0 0 0 0 0 0 0 0
Maze 20
81 90 3.1428571429 2.0986318815 35 0.382265645731885
8 15 57 17 47 18 60 43 65 34 28 40 82 74 2 8
5 55 400 400 17 58 53 63 64 24 38 32 72 72 400
402 401 400 400 402 401 401 401 401 402 401 402 402 401 400
0 1 1 1 1 1 1 2 0 0
0 1 0 0 1 0 1 1 0 0
0 1 0 1 1 1 1 1 0 0
0 1 1 1 1 1 1 1 1 1
0 1 1 1 1 0 1 1 0 0
0 1 1 1 1 1 1 1 1 1
0 1 1 1 1 0 0 0 0 0
0 1 1 1 0 0 0 0 0 0
0 1 0 0 0 0 0 0 0 0
0 0 0 0 0 0 0 0 0 0
Maze 21
103 78 2.9818181818 2.1296986218 77 0.392844590299469
49 1 51 14 66 79 14 7 49 70 89 1 66 48 25 49
41 400 11 64 76 74 4 47 69 69 81 61 46 45 45
401 400 402 401 401 401 402 401 401 402 401 401 402 401 401
1 0 0 1 1 1 1 0 0 0
1 1 1 1 0 0 1 0 0 0
1 0 0 1 1 0 1 0 0 0
1 0 0 1 1 0 1 0 0 0
1 1 1 1 1 1 1 1 2 0
1 0 0 1 0 1 0 0 1 0
1 1 1 1 1 1 0 0 1 1
1 0 0 1 1 1 1 1 1 0
1 1 1 1 1 1 1 1 1 0
0 0 0 0 0 0 0 0 0 0
Maze 22
131 193 3.3750000000 2.0987883256 182 0.386385562292433
15 51 15 11 86 89 30 68 51 14 92 38 51 10 94 15
11 11 400 81 400 29 28 61 11 12 32 31 1 4 14
402 402 400 401 400 402 402 401 402 402 402 402 402 402 402
1 1 1 1 1 1 1 1 1 1
1 1 1 1 2 0 0 0 0 0
1 1 0 1 0 0 0 1 1 1
1 1 1 1 1 1 1 1 1 0
1 1 0 1 0 0 0 1 1 0
1 1 0 1 0 0 0 1 1 0
1 1 1 1 1 1 1 1 1 0
1 1 0 1 0 0 0 0 1 0
1 1 1 1 1 1 1 1 1 0
0 1 0 1 0 0 0 0 0 0
Maze 23
65 15 3.3333333333 2.0422015195 20 0.347744159689422
15 37 26 89 27 37 40 15 23 14 42 57 87 69 56 15
35 36 86 87 400 400 35 13 13 12 52 400 67 66 55
401 401 401 401 400 400 401 402 402 402 401 400 402 401 401
0 0 0 0 0 0 0 0 0 0
0 1 1 1 2 0 0 0 0 0
0 1 1 0 1 1 1 0 0 0
0 1 0 0 1 1 1 1 1 1
0 1 0 0 1 1 1 0 0 0
0 1 1 1 1 1 1 0 0 0
0 0 0 0 0 1 1 1 1 0
0 0 0 0 0 1 1 0 0 0
0 0 0 0 0 1 1 1 1 0
0 0 0 0 0 0 0 0 0 0
Maze 24
95 134 2.7301587302 2.2065196760 77 0.383579538533680
7 62 87 28 33 6 8 19 40 55 93 90 35 73 41 7
2 82 27 23 3 400 18 39 35 53 83 85 33 71 1
402 401 402 402 402 400 401 401 402 402 402 401 402 401 402
1 1 1 1 1 1 2 1 0 0
1 1 1 0 0 0 0 1 1 0
1 1 1 1 1 1 1 1 1 0
1 1 1 1 1 1 1 1 1 1
1 1 1 0 1 0 1 0 0 0
1 1 1 1 1 0 1 0 0 0
1 1 1 0 1 0 1 0 0 0
1 1 1 0 1 0 1 0 0 0
0 1 1 1 1 1 1 1 1 1
0 0 1 0 0 0 0 0 0 0
Maze 25
107 51 2.9206349206 2.2036207679 105 0.405660362534405
78 71 4 41 16 98 81 47 64 50 19 32 40 58 40 78
400 1 1 11 96 91 41 44 44 49 12 400 38 38 38
400 402 402 402 401 401 402 402 402 401 402 400 402 402 402
1 1 1 1 0 0 0 0 0 0
1 1 1 1 1 1 1 1 1 0
1 1 0 0 0 1 0 0 1 0
1 1 1 1 1 1 1 1 1 1
1 1 1 1 1 1 1 1 1 1
1 0 0 1 0 1 0 1 0 0
1 0 0 1 0 1 0 1 0 0
1 1 1 1 1 1 1 2 0 0
1 0 0 0 0 1 0 0 0 0
1 1 1 1 1 1 1 1 0 0
Maze 26
75 66 2.9777777778 2.0791233077 35 0.378759061286733
66 77 50 54 26 78 93 32 43 72 63 21 46 59 29 66
76 47 44 24 76 73 92 42 42 62 61 41 56 400 26
401 402 402 402 401 402 401 401 402 402 401 401 401 400 402
0 0 0 0 0 0 0 0 0 0
0 0 0 0 0 0 0 0 0 0
1 0 0 1 1 1 1 1 1 0
1 1 0 1 0 1 0 0 1 0
1 1 1 1 1 1 1 1 1 1
1 1 0 1 0 1 1 1 1 0
1 1 1 0 0 2 1 0 0 0
0 1 1 1 1 1 1 1 0 0
0 1 1 0 0 0 0 0 0 0
0 1 1 0 0 0 0 0 0 0
Maze 27
89 111 2.7333333333 2.2667425955 50 0.357998474000503
70 38 37 84 16 87 78 53 33 41 36 70 10 71 64 70
68 400 34 14 86 77 73 400 31 31 66 400 1 61 400
401 400 402 402 401 402 401 400 402 402 401 400 402 402 400
1 1 1 1 1 1 1 1 1 1
1 0 0 1 1 1 0 0 0 1
1 0 0 1 0 1 0 0 0 1
1 1 1 1 1 1 1 1 0 1
1 0 1 1 0 1 0 1 0 1
1 0 1 1 0 1 0 1 0 1
1 1 1 1 1 1 1 1 1 2
1 0 1 1 1 1 1 1 0 0
0 0 0 1 0 1 1 0 0 0
0 0 0 0 0 0 0 0 0 0
Maze 28
83 7 3.0204081633 2.2378690013 30 0.368325579056553
47 57 31 38 41 33 6 1 17 17 5 61 80 96 69 47
400 51 400 31 31 3 400 11 400 15 1 71 76 66 67
400 401 400 402 402 402 400 401 400 401 402 401 402 402 401
1 1 1 1 1 1 0 0 0 0
1 1 1 1 1 1 1 0 0 0
1 0 1 0 0 0 0 0 0 0
1 1 1 1 1 1 1 1 0 0
1 0 0 0 0 0 2 0 0 0
1 1 1 1 1 1 1 0 0 0
1 0 0 0 0 1 1 1 1 0
1 1 1 1 1 1 1 1 1 1
0 0 0 0 0 1 0 0 0 0
0 0 0 0 0 1 0 0 0 0
Maze 29
107 163 3.0526315789 2.1719068963 97 0.396928774654898
12 39 7 15 25 81 88 22 35 77 11 56 70 1 51 12
32 37 5 400 21 400 82 32 75 71 51 66 61 400 11
401 401 402 400 402 400 401 401 401 401 401 401 401 400 402
1 0 0 0 1 1 1 0 0 0
1 2 0 0 1 0 1 0 0 0
1 1 1 1 1 0 1 0 0 0
1 1 1 1 1 1 1 1 1 0
1 1 0 0 1 0 0 0 0 0
1 1 1 1 1 1 0 0 0 0
1 1 1 1 1 1 1 1 1 1
1 1 1 1 1 1 1 0 0 0
1 1 1 1 1 1 1 1 0 0
0 0 0 0 0 0 0 0 0 0
Maze 30
87 22 3.0588235294 2.2028219586 32 0.363436374749124
72 45 99 61 93 66 41 43 32 30 7 5 1 6 81 72
42 95 91 91 63 61 400 42 22 27 400 400 400 1 71
402 401 401 401 402 401 400 401 402 401 400 400 400 402 402
1 1 1 1 1 1 1 0 0 0
1 0 0 0 0 0 1 0 0 0
1 1 1 1 1 1 1 1 1 1
1 1 0 0 0 0 0 0 0 0
1 1 1 1 1 0 0 0 0 0
1 1 0 0 1 0 0 0 0 0
1 1 1 1 1 1 0 0 0 0
1 2 1 0 1 0 0 0 0 0
1 0 1 0 1 0 0 0 0 0
1 1 1 1 1 1 1 1 1 0
Maze 31
93 37 2.8771929825 2.1702024648 50 0.364944122378495
72 73 61 87 79 20 50 3 87 74 16 41 8 13 61 72
400 71 81 77 19 400 43 83 84 14 11 1 3 11 71
400 401 401 402 402 400 401 401 401 402 402 402 402 402 401
1 1 1 1 1 1 1 1 0 0
1 1 1 1 1 1 0 0 1 1
1 0 1 1 0 0 0 0 1 1
1 0 1 1 0 0 0 0 1 1
1 0 1 1 1 1 1 1 1 1
1 0 1 1 0 0 0 0 1 0
1 0 1 1 0 0 0 0 1 0
1 2 1 1 0 0 1 1 1 0
1 1 1 1 1 1 1 0 0 0
0 0 0 0 0 0 0 0 0 0
Maze 32
115 131 3.1475409836 1.9539467175 126 0.385131326623585
31 10 17 75 10 82 36 57 96 3 3 78 88 23 73 31
1 7 15 5 2 32 56 56 93 400 73 400 83 400 71
402 402 402 402 402 402 401 402 401 400 401 400 401 400 401
1 1 1 1 1 1 1 1 1 1
1 1 1 0 1 1 1 0 0 0
1 1 1 0 1 0 0 0 0 0
2 1 1 1 1 1 0 0 0 0
1 1 1 0 1 1 0 0 0 0
1 1 1 0 1 1 1 0 0 0
1 1 1 0 1 1 0 0 0 0
1 1 1 1 1 1 1 1 0 0
0 1 1 1 1 1 1 1 0 0
0 0 1 1 1 1 0 0 0 0
Maze 33
79 38 3.0909090909 2.0304360261 30 0.400234268452249
32 96 44 87 87 44 53 51 75 89 26 67 59 28 66 32
92 94 84 400 84 43 400 71 85 86 66 57 58 26 62
401 401 401 400 401 402 400 401 401 401 401 402 401 402 401
0 0 0 0 0 0 0 0 0 0
0 0 0 0 0 0 0 0 0 0
0 0 0 0 0 1 1 1 0 0
0 2 0 0 0 1 0 1 0 0
0 1 1 1 0 1 0 1 0 0
1 1 1 1 0 1 1 1 1 0
1 1 1 1 1 1 1 0 0 0
1 1 1 1 1 1 0 0 0 0
0 1 0 1 1 1 1 1 1 0
0 1 1 1 1 1 0 0 0 0
Maze 34
89 13 2.9019607843 1.9562388415 35 0.359755368833370
89 84 8 63 88 59 50 68 69 88 55 9 51 44 86 89
400 4 3 83 58 49 48 400 68 85 5 1 41 84 400
400 402 402 401 402 402 402 400 402 401 402 402 402 401 400
1 1 1 1 1 1 1 1 1 0
1 0 1 1 1 0 0 0 0 0
1 0 1 1 1 0 0 0 0 0
1 0 1 1 1 0 0 0 0 0
1 1 1 1 1 0 0 1 1 1
1 0 1 1 1 0 0 1 1 0
0 0 1 1 1 0 0 1 1 0
0 0 1 1 1 0 0 1 0 0
0 0 1 1 1 1 1 1 2 0
0 0 0 0 0 0 0 0 0 0
Maze 35
105 120 3.1636363636 2.0076366573 92 0.396912501901537
75 12 39 17 66 71 21 3 68 80 22 55 70 95 38 75
72 32 37 16 61 400 1 63 78 72 52 65 65 35 35
401 401 401 402 402 400 402 401 401 401 401 401 402 402 402
1 1 1 0 0 0 0 0 0 0
1 1 1 0 0 1 1 0 0 0
1 1 1 0 0 1 1 0 0 0
1 1 1 1 1 1 1 1 1 0
1 1 1 0 1 1 0 0 0 0
1 1 1 1 1 1 0 0 0 0
1 1 1 1 1 1 1 1 1 1
1 1 1 1 2 1 1 1 1 1
0 0 0 0 1 0 0 0 0 0
0 0 0 0 1 0 0 0 0 0
Maze 36
77 29 2.9767441860 2.0464286464 23 0.359221805979819
11 54 54 46 89 37 35 21 35 52 53 26 7 21 57 11
51 400 44 86 87 400 31 31 32 400 23 6 1 51 51
401 400 402 401 401 400 401 401 402 400 402 402 402 401 401
1 1 1 1 1 1 1 0 0 0
2 0 0 0 0 1 0 0 0 0
1 0 1 1 1 1 0 0 0 0
1 1 1 1 1 1 1 0 0 0
1 1 1 1 1 1 1 0 0 0
1 1 1 1 1 1 1 0 0 0
0 0 0 0 0 1 1 0 0 0
0 0 0 0 0 1 1 0 0 0
0 0 0 0 0 1 1 1 1 0
0 0 0 0 0 0 0 0 0 0
Maze 37
71 8 3.0243902439 1.9746241325 20 0.361540559903963
73 86 87 80 89 86 84 18 5 43 24 48 65 19 18 73
83 400 77 79 400 400 14 15 3 23 44 45 15 400 13
401 400 402 402 400 400 402 401 402 402 401 402 402 400 402
0 0 1 1 1 0 0 0 0 0
0 0 1 1 1 1 1 1 1 0
0 0 1 1 1 0 0 0 0 0
0 0 1 1 1 0 0 0 0 0
0 0 1 1 1 1 1 1 0 0
0 0 1 1 1 0 0 0 0 0
0 0 1 1 1 0 0 0 0 0
0 0 2 1 0 0 1 1 1 1
0 0 1 1 1 1 1 1 1 0
0 0 0 0 0 0 0 0 0 0
Maze 38
105 860 2.8196721311 2.0544759984 105 0.374346134861144
87 33 2 100 49 60 38 43 25 15 100 80 2 52 4 87
83 32 92 99 59 58 33 23 400 95 400 72 400 2 84
401 401 401 401 401 401 402 402 400 401 400 401 400 402 401
0 1 1 1 0 0 0 0 0 0
0 1 0 1 1 0 0 0 0 0
0 1 1 1 1 0 0 0 0 0
0 1 1 1 1 1 1 1 0 0
0 1 1 1 1 0 0 1 1 0
0 1 1 1 1 0 0 1 1 1
0 1 1 1 1 0 0 0 1 0
0 1 1 1 1 1 1 1 1 1
0 1 1 1 1 1 2 0 1 1
0 1 1 1 1 1 1 1 1 1
Maze 39
97 43 3.1372549020 1.9801929812 71 0.377408262848699
49 60 96 53 50 74 23 62 26 47 17 47 9 83 14 49
59 56 93 43 44 73 22 22 46 400 400 7 3 13 44
401 402 401 402 402 401 402 402 401 400 400 402 402 402 401
0 0 1 1 1 1 1 1 1 0
0 0 1 1 0 0 1 0 0 0
0 1 1 1 1 1 1 0 0 0
0 1 1 1 0 1 1 0 0 0
0 1 1 1 1 1 1 1 2 1
0 1 1 1 0 1 1 1 1 1
0 1 1 1 0 1 0 0 0 0
0 0 1 1 0 1 0 0 0 0
0 0 1 0 0 1 0 0 0 0
0 0 1 1 1 1 0 0 0 0
Maze 40
91 78 3.1764705882 2.2313349286 45 0.369866816377725
51 45 90 21 30 17 12 43 12 68 75 3 23 41 44 51
41 85 81 400 27 400 42 42 62 65 73 400 21 400 41
402 401 401 400 401 400 401 401 401 402 401 400 402 400 402
0 0 1 0 0 0 0 0 0 0
0 1 1 1 1 1 1 0 0 0
1 1 1 1 1 1 1 1 1 1
1 1 1 0 0 0 0 0 0 0
1 1 1 1 1 0 0 0 0 0
2 1 1 0 1 0 0 0 0 0
1 1 1 1 1 1 1 1 0 0
1 0 1 1 1 0 0 0 0 0
1 1 1 1 1 1 1 1 1 1
0 0 0 0 0 0 0 0 0 0
Maze 41
105 2482 3.3114754098 2.2158655666 97 0.381001630930872
61 82 7 18 31 46 8 85 4 70 32 96 93 53 55 61
81 2 17 11 41 6 5 84 64 62 92 400 400 400 51
401 402 401 402 401 402 402 401 401 401 401 400 400 400 402
0 1 1 1 1 1 1 1 0 0
1 1 1 1 1 1 1 1 0 0
1 1 0 1 1 1 0 0 0 0
1 1 0 1 1 1 0 0 0 0
1 1 1 1 1 1 0 0 0 0
1 1 1 1 1 0 0 0 0 0
2 1 1 1 1 1 1 1 1 1
1 1 1 1 1 0 0 0 0 0
1 1 1 1 1 0 0 0 0 0
0 1 1 1 1 1 0 0 0 0
Maze 42
107 21 2.9428571429 2.3556270112 74 0.393836979902346
66 29 17 38 20 90 97 1 63 10 84 36 68 7 49 66
26 27 37 18 400 87 91 61 3 4 34 66 67 47 46
402 401 401 402 400 402 401 401 402 402 402 401 401 401 402
1 0 1 1 1 1 1 1 1 1
1 0 1 1 0 0 1 1 1 1
1 0 1 1 0 1 1 1 1 1
1 0 1 1 1 1 1 1 0 1
1 0 1 1 0 1 1 1 1 1
1 0 1 1 0 1 1 0 0 1
1 1 1 1 0 2 1 1 0 1
1 0 0 1 0 0 0 0 0 1
1 0 0 1 0 0 1 1 1 1
1 1 1 1 1 1 1 0 0 0
Maze 43
89 78 3.0638297872 1.9809873761 40 0.383212226354274
59 43 2 32 48 60 58 25 41 98 58 41 66 12 53 59
53 42 400 42 58 400 55 21 91 400 51 61 62 52 400
401 401 400 401 401 400 401 402 401 400 401 401 401 401 400
0 1 0 0 0 0 0 0 0 0
0 1 0 0 0 0 0 0 0 0
1 1 1 1 1 0 0 0 0 0
1 1 0 0 1 0 0 0 0 0
1 1 1 1 1 1 1 1 0 0
1 1 1 1 1 1 1 1 2 1
1 1 1 1 1 1 0 1 0 0
1 0 0 0 0 0 0 1 0 0
1 0 0 0 0 0 0 1 0 0
1 1 1 1 1 1 1 1 0 0
Maze 44
97 10 3.3181818182 1.8365627312 71 0.398189765750862
18 1 29 24 21 2 11 27 77 26 96 30 33 77 4 18
11 21 400 400 1 1 21 400 76 400 26 23 73 74 14
401 401 400 400 402 402 401 400 401 400 402 402 401 401 401
1 1 0 1 0 0 0 0 0 0
1 1 1 1 1 1 1 2 0 0
1 1 1 1 1 1 1 1 1 1
0 0 1 1 0 1 1 0 0 0
0 0 1 1 0 1 1 0 0 0
0 0 1 1 0 1 1 0 0 0
0 0 1 1 0 1 1 0 0 0
0 0 1 1 1 1 1 0 0 0
0 0 0 0 0 1 0 0 0 0
0 0 0 0 0 1 0 0 0 0
Maze 45
105 162 2.9824561404 2.0685826813 92 0.379371862163473
54 35 19 25 91 76 65 10 24 51 49 78 5 31 60 54
34 15 15 21 71 75 5 4 21 41 48 75 1 51 400
402 402 402 402 402 401 402 402 402 402 402 401 402 401 400
1 1 1 1 1 1 1 1 1 1
1 0 0 1 1 1 1 1 1 0
1 1 1 1 1 0 0 0 0 0
1 0 0 1 1 0 0 0 0 0
1 1 1 1 1 1 1 1 1 0
1 1 1 2 1 1 1 1 1 1
1 0 0 0 1 0 0 1 0 0
1 1 1 1 1 1 1 1 0 0
1 0 0 0 0 0 0 0 0 0
1 0 0 0 0 0 0 0 0 0
Maze 46
125 1100 3.1875000000 2.0568294735 186 0.400801199219008
38 35 79 51 54 99 25 88 46 80 97 73 17 100 1 38
400 75 71 400 94 95 85 86 76 77 93 13 97 91 31
400 401 401 400 401 401 401 401 401 402 401 402 401 401 401
1 0 0 0 0 0 0 0 0 0
1 0 1 1 1 1 1 0 0 0
1 0 1 0 1 0 1 0 0 0
1 1 1 1 1 1 1 2 0 0
1 0 1 0 1 1 1 0 0 0
1 1 1 1 1 1 1 0 0 0
1 0 1 1 1 1 1 0 0 0
1 1 1 1 1 1 1 1 1 1
1 0 1 1 1 1 1 1 0 0
1 1 1 1 1 1 1 1 1 1
Maze 47
91 304 3.1428571429 2.2504077219 44 0.382799521360364
48 26 18 43 24 78 16 40 67 41 99 82 52 58 18 48
46 16 13 23 74 76 36 37 61 91 92 400 400 400 400
401 402 402 402 401 401 401 402 401 401 401 400 400 400 400
0 0 0 0 0 0 0 0 0 0
0 0 1 1 1 1 1 1 0 0
0 0 1 1 0 1 0 1 0 0
0 0 1 1 0 1 1 1 1 1
1 0 1 1 0 1 1 2 0 0
1 1 1 1 1 1 1 1 0 0
1 1 1 1 1 1 1 0 0 0
1 1 0 1 1 1 1 1 0 0
1 1 0 0 0 0 0 0 0 0
1 1 1 1 1 1 1 1 1 0
Maze 48
97 36 2.6538461538 1.8155388892 51 0.366941251781366
93 79 19 1 41 47 86 83 13 79 10 73 74 80 87 93
73 400 11 400 400 46 400 400 73 9 3 400 400 77 83
402 400 401 400 400 402 400 400 401 402 402 400 400 402 402
1 0 1 1 1 1 1 1 1 1
1 1 1 1 1 1 1 1 1 0
1 0 1 0 0 0 0 0 1 0
1 0 1 0 0 0 0 0 1 0
1 1 1 1 1 1 1 0 1 0
0 0 1 0 0 1 0 0 1 0
0 0 1 0 0 1 0 0 1 0
0 0 1 1 1 1 1 1 1 1
0 0 1 1 1 1 1 0 0 0
0 0 2 0 0 0 0 0 0 0
Maze 49
111 401 3.0943396226 1.8485824781 98 0.385939415530853
80 57 64 28 52 80 44 83 78 29 41 28 67 31 17 80
77 54 24 22 72 74 43 73 28 21 21 27 61 11 77
401 402 402 402 401 401 402 402 402 402 402 402 401 402 401
0 0 0 0 0 0 0 0 0 0
1 1 1 1 1 1 1 0 0 0
1 1 1 1 1 1 1 1 1 0
1 1 0 1 0 0 1 1 0 0
1 1 1 1 0 0 1 1 0 0
1 1 1 1 1 1 1 1 0 0
1 1 1 1 1 1 1 1 0 0
0 1 1 1 1 1 1 1 1 2
0 0 1 0 0 0 0 0 0 0
0 0 0 0 0 0 0 0 0 0
Maze 50
105 2519 3.3114754098 2.3733152726 94 0.388406539913005
33 76 75 60 51 37 50 91 18 60 20 19 62 44 7 33
73 400 55 400 31 47 41 11 58 400 400 12 42 4 3
401 400 402 400 402 401 402 402 401 400 400 402 402 402 402
0 0 1 1 1 1 1 0 0 0
1 1 1 1 1 1 1 1 1 1
1 1 1 1 0 0 0 1 0 1
1 1 2 1 1 1 1 1 0 1
1 1 1 1 1 1 1 1 1 1
1 1 1 1 1 1 1 1 1 1
1 1 1 0 1 0 0 0 0 0
1 0 1 1 1 1 0 0 0 0
1 0 0 0 0 0 0 0 0 0
1 0 0 0 0 0 0 0 0 0
Maze 51
97 12 3.3200000000 1.9629915608 49 0.395138249925440
11 33 73 60 49 40 83 100 93 88 73 60 5 67 66 11
31 400 53 59 39 33 93 400 83 83 53 55 65 400 61
401 400 402 401 402 402 401 400 402 401 402 401 401 400 401
0 0 0 0 1 0 0 0 0 0
2 0 0 0 1 0 0 0 0 0
1 0 0 0 1 0 0 0 0 0
1 1 1 1 1 1 1 1 1 1
1 0 1 0 1 0 0 0 1 0
1 0 1 1 1 1 1 1 1 1
1 1 1 1 1 1 1 0 0 0
0 0 1 0 0 0 0 0 0 0
0 0 1 1 1 1 1 1 0 0
0 0 1 1 1 1 1 1 1 1
Maze 52
99 46 3.1525423729 2.2735971773 60 0.379698632014677
16 60 97 71 8 82 42 61 91 67 46 39 75 89 16 16
56 57 91 1 2 400 41 400 61 66 36 35 85 86 400
401 402 401 402 402 400 402 400 402 401 402 402 401 401 400
1 1 1 1 1 1 1 1 0 0
1 1 0 0 0 2 0 0 0 0
1 1 0 0 0 1 0 0 0 0
1 1 0 0 1 1 1 1 1 0
1 1 0 0 1 1 0 0 0 0
1 1 0 0 1 1 1 1 1 1
1 1 1 1 1 1 1 0 0 0
1 1 0 0 1 1 1 0 0 0
1 1 0 0 1 1 1 1 1 0
1 1 1 1 1 1 1 0 0 0
Maze 53
85 37 3.1764705882 2.2277784588 19 0.383210933700395
2 23 96 86 34 53 6 16 28 28 54 100 31 11 64 2
22 93 400 84 33 3 400 26 400 24 94 91 400 61 62
401 401 400 401 402 402 400 401 400 402 401 401 400 401 401
0 2 1 1 1 1 0 0 0 0
1 1 1 0 0 1 0 0 0 0
1 1 1 1 1 1 1 1 0 0
1 1 1 1 0 0 0 0 0 0
1 1 1 1 0 0 0 0 0 0
1 1 1 1 0 0 0 0 0 0
1 1 1 1 0 0 0 0 0 0
1 0 1 1 0 0 0 0 0 0
1 0 1 1 1 1 0 0 0 0
1 1 1 1 1 1 1 1 1 1
Maze 54
119 123 2.8888888889 2.0331737955 113 0.383463946397225
91 14 44 77 42 14 97 77 35 6 90 3 91 86 13 91
11 400 74 72 12 94 400 75 5 86 83 1 81 83 11
402 400 401 401 402 401 400 401 402 401 401 402 402 401 402
1 1 1 0 1 1 0 0 0 0
1 1 1 1 1 1 0 0 0 0
1 1 1 1 1 1 0 0 0 0
1 1 1 1 1 1 0 0 0 0
1 1 1 1 1 1 0 0 0 0
1 1 1 1 1 1 0 0 0 0
1 1 1 1 1 1 0 0 0 0
1 1 1 1 1 1 1 0 0 0
1 1 1 1 1 1 1 1 1 1
2 0 0 1 1 1 1 0 0 0
Maze 55
107 3147 3.4285714286 2.1587942072 104 0.379320623958418
85 59 41 24 41 77 13 37 17 71 98 72 95 27 94 85
55 51 21 21 71 73 33 400 11 91 92 92 25 24 84
402 401 402 402 401 401 401 400 402 401 401 401 402 402 402
0 0 0 0 0 0 0 0 0 0
1 1 1 1 1 1 1 0 0 0
1 1 1 1 1 1 1 0 0 0
1 0 1 1 1 1 1 0 0 0
1 0 1 1 1 0 0 0 0 0
1 1 1 1 1 1 1 1 1 0
1 0 1 1 1 0 0 0 0 0
1 1 1 1 1 1 1 0 0 0
1 1 0 1 2 0 0 0 0 0
1 1 1 1 1 1 1 1 0 0
Maze 56
93 137 2.9818181818 2.1701545015 41 0.373452636507325
28 38 77 83 81 10 35 39 28 17 63 11 81 26 87 28
400 37 73 400 1 5 400 38 27 13 61 400 21 86 27
400 402 402 400 402 402 400 401 401 402 401 400 402 401 402
1 1 1 1 1 1 1 1 1 1
1 0 1 1 1 1 1 0 0 0
1 1 1 1 1 1 1 2 0 0
1 0 1 0 1 1 1 1 1 0
1 0 1 0 0 1 1 0 0 0
1 0 1 0 0 1 1 0 0 0
1 1 1 0 0 1 1 0 0 0
1 0 1 1 1 1 1 0 0 0
1 1 1 0 0 1 1 0 0 0
0 0 0 0 0 0 0 0 0 0
Maze 57
121 43 3.0322580645 1.9623697014 148 0.390035591372851
84 32 37 21 87 86 52 18 72 20 48 92 60 100 46 84
82 400 31 81 400 82 12 12 12 18 42 52 400 96 44
401 400 401 401 400 401 402 402 402 402 402 402 400 401 402
0 0 0 0 0 0 0 0 0 0
0 1 1 1 1 1 1 1 1 1
1 1 0 0 0 0 0 1 0 0
1 1 1 1 1 1 1 1 0 0
1 1 1 1 1 1 1 1 0 0
1 1 1 1 1 1 1 1 1 1
1 1 0 1 0 1 0 0 0 1
1 1 0 1 0 1 0 0 0 1
1 1 1 2 1 1 1 0 0 1
0 1 0 0 0 1 1 1 1 1
Maze 58
83 16 3.2093023256 1.9893562252 23 0.373777106307776
48 54 35 55 38 4 5 95 4 65 6 63 71 91 38 48
44 34 400 35 34 400 400 94 64 5 3 61 400 31 400
402 402 400 402 401 400 400 401 401 402 402 402 400 402 400
0 0 1 1 1 1 0 0 0 0
0 0 1 1 1 0 0 0 0 0
0 0 1 1 1 0 0 0 0 0
1 1 1 1 1 1 1 1 0 0
1 0 1 1 1 1 1 2 0 0
1 0 1 1 1 0 0 0 0 0
1 1 1 1 1 0 0 0 0 0
1 0 0 1 1 0 0 0 0 0
1 0 0 1 1 0 0 0 0 0
1 0 0 1 1 0 0 0 0 0
Maze 59
89 6 2.6785714286 2.1939256689 26 0.345692199465428
31 100 80 9 10 13 45 93 15 73 46 56 23 82 42 31
91 400 79 400 3 43 43 13 13 43 400 53 22 400 41
401 400 401 400 402 401 402 402 402 402 400 401 402 400 401
0 0 1 1 1 1 1 1 1 1
0 0 1 1 1 0 0 0 1 0
0 1 1 0 0 0 0 0 1 0
2 1 1 0 0 0 0 0 1 0
1 1 1 1 1 1 0 0 1 0
1 1 1 1 1 1 0 0 1 0
1 1 1 0 0 0 0 0 1 0
1 1 1 0 0 0 0 0 1 1
1 1 1 0 0 0 0 0 0 1
1 1 1 1 1 1 1 1 1 1
Maze 60
109 43 3.4000000000 1.9725486941 64 0.385216167836973
82 9 100 62 98 66 6 4 26 8 6 12 10 4 20 82
2 99 92 92 96 400 400 24 6 400 2 2 400 14 12
402 401 401 401 401 400 400 401 402 400 402 402 400 401 402
0 1 1 1 1 1 1 1 1 1
0 1 1 1 1 1 1 1 1 1
0 1 0 1 1 1 0 0 1 0
0 1 0 0 0 1 0 0 1 0
0 1 0 0 0 1 0 0 1 0
0 1 0 0 0 1 0 0 1 0
0 1 0 0 0 1 0 0 1 0
0 1 0 0 0 1 0 0 1 0
0 2 0 0 0 1 0 0 1 0
0 1 1 1 1 1 1 1 1 1
Maze 61
79 14 3.2000000000 2.1743949138 19 0.386285841228656
42 75 99 65 62 85 83 3 77 35 8 16 69 63 42 42
72 95 95 400 82 400 400 73 75 5 6 66 400 62 400
401 401 401 400 401 400 400 401 401 402 402 401 400 401 400
0 0 1 0 1 1 1 1 0 0
0 0 1 0 1 1 0 0 0 0
0 0 1 0 1 1 0 0 0 0
0 0 1 0 1 1 0 0 0 0
0 2 1 0 1 1 0 0 0 0
0 1 1 0 1 1 0 0 0 0
0 1 1 1 1 1 1 1 1 0
0 1 1 1 1 1 1 0 0 0
0 1 1 1 1 0 0 0 0 0
0 0 0 0 1 1 1 1 1 0
Maze 62
101 394 3.4339622642 2.2065196760 65 0.387105729609165
61 56 2 19 37 41 89 88 95 1 42 97 73 15 13 61
51 52 12 17 31 81 400 85 91 41 92 93 13 400 11
402 401 401 402 402 401 400 402 401 401 401 401 402 400 402
1 1 0 0 0 0 0 0 0 0
1 1 1 1 1 1 1 1 1 0
1 1 1 0 0 0 1 0 0 0
1 1 1 1 1 1 1 0 0 0
1 1 1 0 0 0 0 0 0 0
1 1 1 1 1 1 0 0 0 0
2 1 1 0 0 0 0 0 0 0
1 1 1 0 0 0 0 0 0 0
1 1 1 1 1 1 1 1 1 0
1 1 1 1 1 1 1 0 0 0
Maze 63
109 508 3.2727272727 2.1296092909 97 0.372747914650982
93 55 97 42 79 8 36 59 75 18 72 13 25 42 16 93
53 95 92 72 78 6 56 55 15 12 12 23 22 12 13
402 401 401 401 401 402 401 402 402 402 402 401 402 402 402
0 0 0 0 0 1 1 1 0 0
0 1 1 1 1 1 1 1 0 0
0 1 1 1 1 1 0 1 0 0
0 1 1 0 1 1 0 1 0 0
0 1 1 0 1 1 0 1 0 0
0 1 1 1 1 1 1 1 1 0
0 1 1 0 1 0 0 1 0 0
0 1 1 1 1 1 1 1 1 0
0 1 1 0 1 0 0 0 0 0
0 1 2 1 1 1 1 0 0 0
Maze 64
87 62 2.9259259259 2.1939256689 50 0.358706720890852
87 79 90 76 36 83 98 19 17 72 18 4 78 48 46 87
77 89 86 400 33 93 18 400 12 12 14 74 400 400 86
402 401 401 400 402 401 402 400 402 402 401 401 400 400 401
0 0 0 1 0 0 0 0 0 0
0 1 1 1 1 1 1 1 1 0
0 1 0 1 0 0 0 1 0 0
0 1 1 1 1 1 0 1 0 0
0 1 1 1 0 1 1 1 0 0
0 1 1 1 0 1 0 1 0 0
0 1 1 1 0 1 0 1 0 0
0 1 1 1 1 1 1 1 1 0
0 0 1 0 0 1 2 1 1 1
0 0 1 1 1 1 1 1 0 0
Maze 65
85 12 2.7719298246 2.2377515472 56 0.401109414345899
3 49 21 45 47 76 84 74 61 96 73 28 90 40 23 3
43 41 41 400 46 74 400 71 91 93 23 88 400 33 400
401 401 401 400 402 402 400 401 401 401 402 401 400 401 400
0 0 2 0 0 0 0 0 0 0
0 0 1 0 0 0 0 0 0 0
1 0 1 1 1 1 1 1 0 0
1 0 1 1 1 1 1 1 1 1
1 1 1 1 1 1 1 1 1 1
0 0 1 0 0 1 0 1 0 1
1 0 1 0 0 1 0 1 0 1
1 1 1 1 1 1 0 1 0 1
1 0 1 1 0 0 0 1 1 1
1 1 1 1 1 1 0 0 0 0
Maze 66
87 43 2.9433962264 2.1631779888 44 0.355557143268911
33 23 94 16 54 34 72 70 16 34 8 81 93 92 32 33
400 93 14 14 400 32 62 66 14 4 1 91 400 400 400
400 401 402 402 400 402 402 401 402 402 402 401 400 400 400
1 1 1 1 1 1 1 1 0 0
1 0 0 1 1 1 0 0 0 0
1 0 1 1 0 1 0 0 0 0
1 1 2 1 0 1 0 0 0 0
1 1 1 1 0 1 0 0 0 0
1 1 1 1 0 1 0 0 0 0
1 1 1 1 1 1 1 1 1 1
1 1 1 1 0 0 0 0 0 0
1 1 1 1 0 0 0 0 0 0
1 1 1 1 0 0 0 0 0 0
Maze 67
93 106 3.0545454545 2.2130222928 56 0.370948026750724
33 41 35 98 60 29 82 65 53 85 4 4 82 6 8 33
31 31 95 58 59 22 62 63 83 84 400 2 2 400 3
402 402 401 402 401 402 402 401 401 401 400 402 402 400 402
0 1 1 1 1 1 1 1 0 0
0 1 1 1 0 0 0 0 0 0
0 1 1 1 1 1 1 1 1 0
1 1 2 1 1 0 0 0 1 0
1 1 0 1 1 0 0 0 1 0
0 1 1 1 1 0 0 1 1 1
0 1 1 1 1 0 0 1 0 0
0 1 1 1 1 0 0 1 0 0
0 1 1 1 1 0 0 1 0 0
0 0 0 0 1 1 1 1 0 0
Maze 68
81 166 2.4482758621 2.2301510450 26 0.396756170256501
14 72 41 46 40 40 80 21 23 100 78 38 63 56 36 14
12 71 400 36 400 400 71 400 93 98 400 33 53 400 34
402 401 400 402 400 400 401 400 401 401 400 402 402 400 401
0 0 0 0 0 0 0 0 0 0
0 1 1 2 0 0 0 0 0 0
1 1 1 1 0 0 0 0 0 0
1 1 1 1 1 1 1 1 1 1
1 1 1 1 1 1 0 1 0 1
1 1 1 1 1 1 0 1 0 1
1 1 1 0 0 0 0 1 0 1
1 1 1 1 1 1 1 1 1 1
0 0 1 0 0 0 0 1 0 0
0 0 1 1 1 1 1 1 1 1
Maze 69
129 135 3.4333333333 1.9437484097 116 0.387923387116221
52 83 80 2 2 90 71 9 87 46 80 81 97 44 87 52
82 73 72 400 82 81 1 7 86 76 71 91 94 84 82
401 402 401 400 401 401 402 402 401 401 402 401 401 401 401
1 1 1 1 1 1 1 1 1 0
1 1 0 0 0 0 1 0 0 0
1 1 0 0 0 0 1 0 0 0
1 1 0 0 0 0 1 0 0 0
1 1 0 1 0 1 1 0 0 0
1 2 0 1 0 1 1 0 0 0
1 1 0 1 0 1 1 0 0 0
1 1 1 1 1 1 1 1 1 1
1 1 1 1 1 1 1 1 1 1
1 1 1 1 1 1 1 0 0 0
Maze 70
123 317 3.1621621622 2.2723721669 139 0.374460380578990
6 99 26 69 39 3 29 3 41 93 60 33 89 78 92 6
96 96 66 400 33 23 23 1 91 53 53 83 88 72 2
401 401 401 400 401 401 401 402 401 402 401 401 401 402 402
1 1 1 1 1 2 0 0 0 0
1 1 1 0 0 1 0 0 0 0
1 1 1 1 1 1 1 1 1 0
1 1 1 1 1 1 1 1 1 0
1 1 1 0 0 1 0 0 1 0
1 1 1 1 1 1 1 1 1 1
1 1 1 0 0 1 1 1 1 0
1 1 1 1 1 1 1 1 0 0
1 1 1 1 1 1 1 1 1 0
1 1 1 0 0 1 1 1 1 0
Maze 71
71 32 2.8000000000 2.1102166535 20 0.370123733085261
96 4 42 45 40 49 44 65 53 41 66 51 74 35 85 96
94 2 400 35 39 400 64 63 51 61 61 71 34 400 95
401 402 400 402 402 400 401 401 401 401 401 401 402 400 401
0 1 1 1 0 0 0 0 0 0
0 1 0 1 0 0 0 0 0 0
0 1 0 1 0 0 0 0 0 0
0 1 0 1 1 1 1 1 1 1
1 1 1 1 1 1 1 1 1 0
1 1 1 1 1 0 0 0 0 0
1 1 1 1 1 1 0 0 0 0
1 1 1 1 1 0 0 0 0 0
0 0 0 1 1 0 0 0 0 0
0 0 0 1 1 2 0 0 0 0
Maze 72
95 662 3.1320754717 2.1547848641 51 0.387292017375361
19 44 51 70 26 48 43 36 81 90 18 47 52 39 37 19
14 41 61 66 46 400 33 31 400 88 17 42 32 400 17
402 402 401 401 401 400 402 402 400 401 402 402 402 400 402
0 0 0 0 0 0 0 0 0 0
0 0 0 1 1 1 1 1 2 0
0 0 0 1 0 1 1 1 0 0
1 1 1 1 1 1 1 1 1 0
1 1 1 1 1 1 1 1 0 0
1 1 0 0 0 1 0 1 0 0
1 1 1 1 1 1 1 1 1 1
1 0 0 0 0 0 0 1 0 0
1 1 1 1 1 1 1 1 1 1
0 0 0 0 0 0 0 0 0 0
Maze 73
97 262 2.9375000000 2.3462985437 65 0.395850252972449
4 95 71 7 49 77 33 17 62 33 39 68 64 9 4 4
94 91 1 47 47 73 13 12 32 400 38 400 4 400 400
401 401 402 401 402 401 402 402 402 400 402 400 402 400 400
1 1 1 2 1 1 1 1 1 0
1 1 1 1 1 1 1 0 0 0
1 1 1 1 0 0 1 0 0 0
1 1 1 1 1 1 1 1 1 0
1 1 1 1 0 0 1 1 1 0
1 1 1 1 0 0 1 1 0 0
1 1 1 1 1 1 1 1 0 0
1 0 1 1 1 1 1 0 0 0
1 0 0 1 0 0 0 0 0 0
1 1 1 1 1 0 0 0 0 0
Maze 74
107 48 3.2280701754 2.1277998996 71 0.366998833433811
97 13 21 94 70 28 23 67 18 97 11 4 42 91 99 97
93 11 91 64 68 400 63 17 17 91 1 2 41 400 400
401 402 401 402 401 400 401 402 402 401 402 402 402 400 400
1 1 1 1 0 0 0 0 0 0
1 1 1 0 0 0 1 1 0 0
1 1 1 1 1 1 1 1 0 0
1 1 1 0 0 0 1 1 0 0
1 1 1 0 0 0 1 1 0 0
1 0 1 0 0 0 1 1 0 0
1 0 1 1 1 1 1 1 1 1
1 0 1 1 0 0 1 0 0 0
1 0 1 1 0 0 1 0 0 0
1 1 1 1 1 1 2 1 1 0
Maze 75
87 124 2.8148148148 2.2175054495 39 0.378777275427566
89 34 19 16 48 100 87 10 66 4 44 25 34 35 30 89
84 14 400 46 98 97 7 6 64 400 24 24 400 25 29
401 402 400 401 401 401 402 402 401 400 402 402 400 402 402
0 0 0 1 0 1 1 1 1 1
0 0 0 1 1 1 1 1 1 0
0 0 0 1 1 1 1 1 1 1
0 0 0 1 1 1 1 0 1 0
0 0 0 1 0 1 1 1 1 0
0 0 0 1 0 1 1 1 1 0
0 0 0 1 1 1 1 1 1 0
0 0 0 1 0 0 1 1 1 0
0 0 0 1 1 1 1 1 2 0
0 0 0 0 0 0 1 1 1 1
Maze 76
105 121 3.3333333333 2.2829168527 112 0.391742021541136
62 18 77 67 67 34 90 90 1 68 57 35 99 81 57 62
12 17 400 400 64 84 400 81 61 67 55 95 91 51 52
402 402 400 400 401 401 400 401 401 401 401 401 401 402 402
1 0 0 0 0 0 0 0 0 0
1 1 1 1 1 1 1 1 0 0
1 1 0 0 0 0 1 0 0 0
1 1 0 1 1 0 1 0 0 0
1 1 0 1 1 0 1 0 0 0
1 1 1 1 1 1 1 0 0 0
1 2 1 1 1 1 1 1 0 0
1 0 0 1 1 0 1 0 0 0
1 1 1 1 1 1 1 1 1 1
1 1 1 1 1 1 1 1 1 0
Maze 77
87 12 3.3333333333 2.1278622236 56 0.392792742015502
69 27 50 35 74 54 56 89 21 71 86 33 56 17 97 69
67 47 45 34 400 400 86 81 400 81 83 53 16 400 67
401 401 401 402 400 400 401 401 400 401 401 401 402 400 402
0 0 0 0 0 0 0 0 0 0
0 0 0 0 0 1 1 0 0 0
1 0 0 0 0 1 1 0 0 0
1 0 1 1 1 1 1 0 0 0
1 0 1 1 1 1 1 1 1 1
1 0 1 1 1 1 1 0 0 0
1 0 1 1 0 1 1 1 2 0
1 0 1 1 0 1 1 0 0 0
1 1 1 1 1 1 1 1 1 0
0 0 0 0 0 0 1 0 0 0
Maze 78
117 699 3.7037037037 2.0180385297 114 0.393415830256576
34 6 88 41 47 71 24 86 28 71 9 45 76 58 75 34
4 86 81 400 41 21 84 26 21 1 5 75 56 55 74
402 401 401 400 402 402 401 402 402 402 402 401 402 402 401
1 1 1 1 1 1 1 1 1 0
1 0 0 1 1 1 0 0 0 0
1 1 1 1 1 1 1 1 0 0
1 0 0 2 1 1 0 0 0 0
1 1 1 1 1 1 1 0 0 0
1 0 0 1 1 1 1 1 0 0
1 0 0 1 1 1 0 0 0 0
1 0 0 1 1 1 0 0 0 0
1 1 1 1 1 1 1 1 0 0
0 0 0 0 0 0 0 0 0 0
Maze 79
95 58 3.1836734694 1.9800725778 84 0.385997022951152
21 67 60 2 66 64 38 58 43 30 65 86 66 82 65 21
61 57 52 62 400 34 400 53 23 25 85 400 62 62 61
401 402 401 401 400 402 400 401 402 402 401 400 402 402 401
0 1 0 0 0 0 0 0 0 0
0 1 0 0 0 0 0 0 0 0
2 1 1 1 1 1 1 1 1 1
1 1 1 1 1 1 1 1 0 0
1 1 1 1 1 0 0 1 0 0
1 1 1 1 1 1 1 1 1 1
1 1 1 1 1 1 1 0 0 0
0 1 0 0 1 1 0 0 0 0
0 1 0 0 1 1 0 0 0 0
0 0 0 0 0 0 0 0 0 0
Maze 80
97 78 3.1489361702 1.8491949486 51 0.393922234534124
24 36 3 9 93 62 23 76 42 44 5 36 13 88 41 24
34 33 400 3 92 22 73 72 400 4 35 33 83 81 21
401 401 400 402 401 402 401 401 400 402 401 401 401 401 402
0 0 1 1 1 1 1 1 1 0
0 0 1 1 1 0 0 0 0 0
1 1 1 2 1 0 0 0 0 0
1 1 1 1 1 1 0 0 0 0
1 1 1 1 0 0 0 0 0 0
1 1 1 0 0 0 0 0 0 0
1 1 1 0 0 0 0 0 0 0
1 1 1 1 1 1 0 0 0 0
1 1 1 1 1 1 1 1 0 0
0 1 1 0 0 0 0 0 0 0
Maze 81
131 2814 3.5483870968 2.1852655022 200 0.384114317653510
86 62 8 97 26 84 67 3 64 1 60 51 23 81 1 86
82 2 7 96 24 64 63 63 61 51 400 21 21 400 81
401 402 402 401 402 402 401 401 401 401 400 402 402 400 401
1 1 1 1 1 1 1 1 0 0
1 1 1 0 0 0 1 0 0 0
1 1 1 1 1 1 1 0 0 0
1 1 1 1 0 1 1 0 0 0
1 1 1 1 0 1 1 0 0 0
1 1 1 1 1 1 1 1 1 1
1 1 1 1 1 1 1 0 0 0
1 1 0 1 0 1 1 0 0 0
1 1 1 1 1 2 1 0 0 0
0 0 0 0 0 1 1 0 0 0
Maze 82
81 32 2.5925925926 2.1229762053 35 0.375795095693566
7 4 6 39 7 98 24 26 17 47 43 83 12 51 84 7
400 400 36 37 97 94 400 16 400 400 400 82 11 81 4
400 400 401 401 401 401 400 402 400 400 400 401 402 401 402
0 0 0 1 1 1 2 0 0 0
1 1 0 1 0 1 1 0 0 0
1 1 0 1 1 1 1 0 0 0
1 1 0 1 0 1 1 1 1 0
1 1 1 1 1 1 1 0 0 0
1 1 1 1 0 0 1 0 0 0
1 1 1 1 0 0 1 0 0 0
1 1 1 1 0 0 1 0 0 0
1 1 1 1 0 0 1 0 0 0
0 0 0 1 1 1 1 1 0 0
Maze 83
109 15 3.6086956522 1.8000269006 81 0.382504976312218
98 12 75 25 88 88 6 89 26 52 80 72 63 33 79 98
92 72 400 85 400 86 86 86 22 72 400 62 400 73 78
401 401 400 401 400 401 401 401 402 401 400 402 400 401 402
0 0 0 0 0 1 0 0 0 0
0 1 0 0 0 1 0 0 0 0
0 1 1 1 1 1 0 0 0 0
0 1 1 0 1 1 0 0 0 0
0 1 1 0 1 1 0 0 0 0
0 1 1 0 1 1 0 0 0 0
0 1 1 0 1 1 0 0 0 0
0 1 1 1 1 1 1 1 1 1
0 1 0 0 1 1 1 1 1 0
0 1 1 1 1 1 1 2 0 0
Maze 84
115 634 3.2903225806 2.1845061249 119 0.366303404694890
35 93 70 11 1 41 78 8 81 84 54 88 43 61 99 35
33 63 61 400 400 71 400 1 400 400 84 83 41 91 95
402 402 401 400 400 401 400 402 400 400 401 401 402 401 401
1 1 1 1 1 1 1 1 0 0
1 0 0 0 0 0 0 1 0 0
1 0 0 0 0 0 0 1 0 0
1 0 1 1 2 0 0 1 0 0
1 1 1 0 1 0 0 1 0 0
1 0 1 1 1 0 0 1 0 0
1 1 1 1 1 1 1 1 1 1
1 1 1 1 1 1 1 1 0 0
1 1 1 1 1 1 1 1 0 0
1 1 1 1 1 1 1 1 1 0
Maze 85
91 41 3.5416666667 2.1702024648 23 0.389948300859861
33 23 51 85 3 7 5 94 61 33 3 70 76 80 4 33
400 21 81 83 400 400 4 91 31 400 63 66 400 74 3
400 402 401 401 400 400 402 401 402 400 401 402 400 401 402
0 0 1 1 1 1 1 0 0 0
0 0 1 1 0 0 0 0 0 0
1 1 1 1 0 0 0 0 0 0
1 1 2 1 0 0 0 0 0 0
1 0 1 1 0 0 0 0 0 0
1 0 1 1 0 0 0 0 0 0
1 0 1 1 1 1 1 1 1 1
1 0 1 1 1 1 1 1 1 1
1 1 1 1 1 0 0 0 0 0
1 1 1 1 0 0 0 0 0 0
Maze 86
79 22 2.9302325581 2.0048850236 22 0.356843417347894
15 56 97 38 13 72 31 14 62 1 21 71 81 26 4 15
55 96 37 33 12 71 11 12 61 400 400 400 21 24 14
401 401 402 401 402 401 402 402 401 400 400 400 402 401 401
1 0 0 1 0 0 0 0 0 0
1 1 1 1 2 0 0 0 0 0
1 1 1 1 1 1 0 0 0 0
1 1 1 1 1 1 1 1 0 0
1 1 0 0 1 0 1 0 0 0
1 1 0 0 1 1 1 0 0 0
1 1 0 0 0 1 1 0 0 0
1 1 0 0 0 1 1 0 0 0
1 0 0 0 0 1 1 0 0 0
0 0 0 0 0 1 1 0 0 0
Maze 87
93 146 3.1578947368 2.2689205864 50 0.389576473537447
4 48 13 8 1 64 34 33 33 86 40 66 78 30 79 4
44 43 3 400 61 400 400 400 83 36 36 76 28 29 74
401 401 402 400 401 400 400 400 401 402 402 401 402 402 401
1 1 1 2 1 1 1 1 0 0
1 0 1 1 0 0 0 0 0 0
1 0 1 1 0 0 0 1 1 1
1 0 1 1 0 1 1 1 1 1
1 0 1 1 1 1 1 1 1 0
1 0 1 1 0 1 0 1 1 0
1 1 1 1 0 1 0 1 1 0
0 0 1 1 1 1 1 1 1 0
0 0 1 1 1 1 0 0 0 0
0 0 0 0 0 0 0 0 0 0
Maze 88
83 27 3.5348837209 2.1029670512 22 0.382671943432457
63 74 24 19 55 70 97 71 81 83 67 65 5 24 100 63
73 400 14 15 65 67 91 400 400 63 400 400 4 94 93
401 400 402 402 401 402 401 400 400 402 400 400 402 401 401
0 0 0 1 1 0 0 0 0 0
0 0 0 1 1 1 1 1 1 0
0 0 0 1 1 0 0 0 0 0
0 0 0 1 1 0 0 0 0 0
0 0 0 1 1 0 0 0 0 0
0 0 0 1 1 0 0 0 0 0
0 0 2 1 1 1 1 1 1 1
1 0 1 1 0 0 1 0 0 0
1 1 1 1 0 0 1 0 0 0
1 1 1 1 1 1 1 1 1 1
Maze 89
113 297 3.2982456140 2.0382271704 112 0.393533074037229
30 94 82 40 23 81 70 82 33 73 37 55 3 76 47 30
24 92 32 33 21 61 62 32 400 33 35 53 73 46 27
402 401 402 401 402 402 402 402 400 402 402 401 401 402 402
0 0 1 0 0 0 0 0 0 0
0 0 1 0 0 0 0 0 0 0
1 1 1 1 1 1 1 1 1 2
1 1 1 1 1 1 1 1 1 1
1 1 1 1 1 1 1 0 0 0
1 1 1 1 1 1 0 0 0 0
1 1 1 1 1 1 1 1 1 1
1 1 1 1 1 1 0 0 0 0
1 1 0 1 0 0 0 0 0 0
0 1 1 1 0 0 0 0 0 0
Maze 90
99 547 3.2631578947 2.2604583530 70 0.383717690503890
51 24 21 64 32 61 75 67 19 82 16 90 60 34 48 51
21 400 61 62 31 71 65 17 12 12 86 400 54 44 41
402 400 401 401 402 401 402 402 402 402 401 400 401 401 402
0 0 0 0 0 0 0 0 0 0
0 1 1 1 1 1 1 1 1 0
1 1 1 1 0 1 1 0 0 0
1 1 0 1 0 1 1 0 0 0
1 1 1 1 1 1 1 1 0 0
2 1 0 1 1 1 1 1 1 1
1 1 1 1 1 1 1 0 0 1
1 1 1 1 1 1 0 0 0 1
0 1 0 0 0 1 1 1 1 1
0 0 0 0 0 0 0 0 0 0
Maze 91
81 68 3.0416666667 2.0986318815 21 0.361592833462235
15 54 59 70 87 90 90 79 83 9 34 42 26 52 59 15
14 400 69 67 400 400 89 73 3 4 32 22 22 400 55
402 400 401 402 400 400 401 402 402 402 402 402 402 400 401
0 0 1 1 1 1 1 1 1 0
0 0 1 1 2 0 0 0 0 0
0 1 1 1 1 1 0 0 0 0
0 1 1 1 1 0 0 0 0 0
0 1 1 1 1 0 0 0 0 0
0 1 1 1 1 1 1 1 1 0
0 0 1 0 0 0 1 1 1 1
0 0 1 1 1 1 1 1 1 0
0 0 1 0 0 0 1 1 1 1
0 0 0 0 0 0 0 0 0 0
Maze 92
111 23 3.8260869565 1.8676103523 80 0.381972342623556
12 63 27 92 43 84 39 64 24 42 13 81 12 63 80 12
62 23 22 42 83 34 34 400 22 12 11 11 62 73 72
401 402 402 402 401 402 402 400 402 402 402 402 401 401 401
0 0 0 0 0 0 0 0 0 0
1 2 1 0 0 0 0 0 0 0
1 1 1 1 1 1 1 0 0 0
1 1 1 1 1 1 1 1 1 0
1 1 1 1 0 0 0 0 0 0
1 1 1 1 0 0 0 0 0 0
1 1 1 1 0 0 0 0 0 0
1 1 1 1 1 1 1 1 1 1
1 1 1 1 0 0 0 0 0 0
0 1 0 0 0 0 0 0 0 0
Maze 93
97 112 3.0158730159 2.3176851468 58 0.382337199892985
60 25 57 38 77 10 84 71 90 89 77 66 50 51 20 60
55 55 37 37 7 4 81 81 400 87 76 46 41 11 400
401 401 402 402 402 402 401 401 400 401 401 402 402 402 400
0 0 0 1 1 1 1 1 1 1
1 1 1 1 1 1 1 1 1 1
1 0 0 1 1 0 1 0 0 1
1 0 0 1 1 0 1 1 0 1
1 1 1 1 1 1 1 1 1 1
1 0 0 1 1 1 1 1 1 2
0 0 0 1 0 1 1 0 0 0
1 0 0 1 0 1 1 0 0 0
1 1 1 1 1 1 1 1 1 1
0 0 0 0 0 0 0 0 0 0
Maze 94
105 108 3.3725490196 1.9968940619 97 0.385872673378258
95 19 81 3 93 52 69 51 64 44 44 46 92 71 70 95
15 11 1 400 92 62 61 61 400 400 400 42 91 61 65
402 402 402 400 401 401 401 401 400 400 400 402 401 402 402
1 1 1 0 0 0 0 0 0 0
1 1 1 1 1 1 1 1 1 0
1 0 1 0 1 0 0 0 0 0
1 0 1 0 1 0 0 0 0 0
1 1 1 1 1 1 0 0 0 0
1 1 1 1 1 0 0 0 0 0
1 1 1 1 1 1 1 1 1 1
1 1 1 0 1 0 0 0 0 0
1 1 1 0 1 0 0 0 0 0
1 1 1 0 2 0 0 0 0 0
Maze 95
85 4 3.5121951220 2.0259758536 40 0.381709421561096
52 79 52 48 53 63 33 72 98 62 82 91 47 56 38 52
72 72 42 43 400 400 32 92 92 400 81 41 46 36 32
401 401 402 402 400 400 402 401 401 400 402 402 402 402 402
0 0 0 0 0 0 0 0 0 0
0 0 0 0 0 0 0 0 0 0
0 0 0 0 0 0 0 0 0 0
0 1 1 1 1 1 1 1 0 0
1 1 1 1 1 1 1 1 0 0
1 2 1 0 0 1 0 0 0 0
1 1 1 0 0 0 0 0 0 0
1 1 1 1 1 1 1 1 1 0
1 1 0 0 0 0 0 0 0 0
1 1 1 1 1 1 1 1 0 0
Maze 96
97 68 2.8421052632 2.2000583642 84 0.387072633712625
96 79 31 60 27 56 21 8 48 77 56 58 22 8 85 96
76 71 51 57 26 51 1 400 47 76 400 52 2 5 95
402 401 401 401 402 401 402 400 402 401 400 401 402 402 401
1 1 1 1 1 1 1 1 0 0
1 1 0 0 1 0 0 1 0 0
1 1 0 0 1 1 1 1 0 0
1 1 0 0 1 1 1 1 0 0
1 1 0 0 1 1 1 1 0 0
1 1 1 1 1 1 1 1 1 1
1 0 0 0 1 1 1 0 0 0
1 1 1 1 1 1 1 1 1 0
0 0 0 0 1 1 0 0 0 0
0 0 0 0 1 2 0 0 0 0
Maze 97
101 107 2.9032258065 2.2718348948 53 0.382147282014331
86 33 67 50 41 99 11 19 40 27 74 71 64 100 99 86
83 63 47 400 91 91 400 39 37 24 400 61 94 400 96
401 401 402 400 401 401 400 401 401 402 400 402 401 400 401
0 0 0 0 0 0 0 0 0 0
1 1 1 1 1 1 1 1 1 0
1 0 0 1 1 1 1 0 1 0
1 0 1 1 0 0 1 1 1 1
1 1 1 1 1 1 1 1 1 1
1 0 1 1 0 0 1 0 0 0
1 1 1 1 1 1 1 0 0 0
1 1 1 1 0 0 0 0 0 0
1 0 1 1 1 2 0 0 0 0
1 1 1 1 1 1 1 1 1 1
Maze 98
113 72 3.3207547170 1.8600649279 70 0.383058219680508
31 12 90 42 85 18 92 76 95 2 21 11 55 4 8 31
11 82 82 82 15 12 72 75 92 1 400 51 54 400 1
402 401 401 401 402 402 402 402 401 402 400 401 401 400 402
1 1 1 1 1 1 1 1 0 0
1 1 1 1 1 1 1 1 0 0
1 1 0 1 1 0 0 0 0 0
2 1 0 1 1 0 0 0 0 0
1 1 0 1 1 0 0 0 0 0
1 1 1 1 1 0 0 0 0 0
0 1 0 0 1 0 0 0 0 0
0 1 1 1 1 1 0 0 0 0
0 1 1 1 1 1 1 1 1 1
0 1 1 1 1 0 0 0 0 0
Maze 99
109 120 3.0625000000 2.2337259680 80 0.382938163684434
10 56 30 73 41 41 70 19 11 79 85 11 38 24 29 10
6 26 23 71 400 61 69 400 71 75 81 31 34 400 9
402 402 402 401 400 401 401 400 401 402 401 401 401 400 402
0 0 0 0 0 1 1 1 1 2
1 1 1 1 1 1 1 1 1 0
1 0 1 1 1 1 1 1 1 1
1 1 1 1 1 1 1 1 1 0
1 0 1 0 0 1 0 0 1 0
1 0 1 0 0 1 0 0 1 0
1 1 1 1 1 1 1 1 1 1
1 1 1 1 1 1 1 1 1 0
1 1 1 1 1 0 0 0 0 0
0 0 0 0 0 0 0 0 0 0
Maze 100
117 102 3.3584905660 1.8966814366 132 0.393078798785475
6 83 1 7 46 40 84 36 81 7 95 58 45 83 84 6
3 81 400 6 36 34 34 31 1 5 55 55 43 400 4
402 401 400 402 402 402 402 402 402 402 402 401 402 400 402
1 1 1 1 1 2 1 0 0 0
1 0 1 1 1 1 0 0 0 0
1 0 1 1 1 1 0 0 0 0
1 1 1 1 1 1 1 1 1 1
1 0 1 1 1 1 0 0 0 0
1 0 1 1 1 1 1 1 0 0
1 0 1 1 1 0 0 0 0 0
1 0 1 1 1 0 0 0 0 0
1 1 1 1 1 0 0 0 0 0
0 0 0 0 1 0 0 0 0 0
Maze 101
113 63 3.2380952381 2.2423118645 94 0.379876932341995
100 71 75 29 71 87 1 14 31 18 19 92 44 52 69 100
91 400 25 21 81 81 11 11 11 400 12 42 42 62 99
401 400 402 402 401 401 401 402 402 400 402 402 402 401 401
1 0 0 0 0 0 0 0 0 0
1 1 1 1 1 1 1 1 1 0
1 1 1 1 1 1 1 1 1 0
1 1 0 0 1 0 0 0 0 0
1 1 1 1 1 0 0 0 0 0
1 1 0 0 1 0 0 0 0 0
1 1 1 1 1 1 1 1 1 0
1 1 1 1 1 0 0 0 1 0
1 1 1 1 1 1 1 0 1 0
1 1 1 1 1 1 1 1 1 2
Maze 102
105 37 3.6078431373 2.0846340683 90 0.376409143553361
64 40 41 70 81 24 18 75 66 5 14 19 44 81 87 64
34 31 61 61 21 14 15 65 65 4 400 14 41 400 84
402 402 401 402 402 402 402 402 401 402 400 402 402 400 401
0 0 0 1 1 0 0 0 0 0
0 0 0 1 1 1 1 1 1 0
1 1 1 1 1 0 0 0 0 0
1 1 1 1 1 1 1 1 1 1
1 1 1 1 1 0 0 0 0 0
1 0 0 1 1 0 0 0 0 0
1 1 1 2 1 1 1 1 1 1
1 0 0 1 1 0 0 0 0 0
1 1 1 1 1 1 1 0 0 0
0 0 0 0 0 0 0 0 0 0
Maze 103
115 168 3.1785714286 1.8923838870 98 0.377719527801709
49 55 12 88 74 26 59 52 89 78 42 66 10 42 94 49
45 52 82 84 24 56 400 82 88 72 62 6 2 92 44
402 401 401 401 402 401 400 401 401 401 401 402 402 401 402
0 1 1 1 1 1 1 1 1 1
0 1 0 0 0 1 0 0 0 0
0 1 0 1 1 1 0 0 0 0
0 1 0 1 0 1 0 0 0 0
0 1 0 1 1 1 1 1 2 0
0 1 1 1 1 1 1 1 1 0
0 1 1 1 1 1 0 0 0 0
0 1 1 1 1 1 1 1 0 0
0 1 1 1 1 1 1 1 1 0
0 1 1 1 0 0 0 0 0 0
Maze 104
117 4286 3.5625000000 2.2320425334 165 0.384808603836944
96 94 76 13 87 30 4 52 68 21 17 78 82 9 75 96
400 74 73 83 27 24 2 62 61 11 77 72 2 5 95
400 402 401 401 402 401 402 401 401 402 401 402 402 402 401
0 1 1 1 1 1 1 1 1 0
1 1 1 1 1 1 1 0 0 0
1 1 1 1 1 1 1 1 1 1
1 1 1 0 1 0 1 0 0 0
1 1 1 0 1 0 1 0 0 0
1 1 1 0 1 0 1 0 0 0
1 1 1 1 1 1 1 1 0 0
0 1 1 1 1 1 1 1 0 0
0 1 1 1 1 1 1 0 0 0
0 0 0 1 1 2 0 0 0 0
Maze 105
89 646 2.9473684211 2.2689820691 56 0.404585807416040
9 51 33 48 37 24 44 77 25 43 70 80 93 6 49 9
1 31 43 47 34 400 74 75 23 63 400 73 3 46 400
402 402 401 401 401 400 401 401 402 401 400 402 402 401 400
1 1 1 1 1 1 1 1 2 0
1 0 1 0 0 1 0 0 1 0
1 0 1 1 1 1 0 0 1 0
1 1 1 1 1 1 1 0 1 0
1 0 1 1 1 1 1 1 1 0
1 0 1 1 1 0 0 0 0 0
0 0 1 1 1 1 1 1 1 1
0 0 1 1 1 1 1 1 1 1
0 0 1 0 0 0 0 0 0 0
0 0 1 0 0 0 0 0 0 0
Maze 106
83 173 2.7368421053 2.2427085094 26 0.374957054426381
68 28 6 31 25 10 100 99 90 65 27 3 21 17 13 68
400 26 1 21 5 400 400 89 85 25 23 1 11 400 63
400 401 402 402 402 400 400 402 401 402 401 402 402 400 401
1 1 1 1 1 1 1 1 1 1
1 1 1 1 1 1 1 0 0 1
1 1 1 1 1 1 1 1 0 1
1 0 1 0 1 0 0 1 0 1
0 0 1 0 1 0 0 1 0 1
0 0 1 0 1 0 0 1 0 1
0 0 1 1 1 1 1 2 0 1
0 0 0 0 1 0 0 0 0 1
0 0 0 0 1 1 1 1 1 1
0 0 0 0 0 0 0 0 1 1
Maze 107
125 184 3.4153846154 2.1601818277 193 0.394105182600483
66 8 53 50 46 15 30 91 7 60 95 2 52 52 9 66
6 3 43 400 45 25 21 1 57 55 92 400 400 2 6
402 402 402 400 401 401 402 402 401 402 401 400 400 402 402
1 1 1 1 1 1 1 1 1 0
1 1 1 0 1 1 1 0 0 0
1 1 1 1 1 1 1 1 1 1
1 1 1 0 1 1 1 0 0 0
1 1 1 1 1 1 1 1 1 1
1 1 1 0 1 1 1 1 1 1
1 1 0 0 1 2 0 0 0 0
1 1 0 0 1 0 0 0 0 0
1 1 0 0 1 0 0 0 0 0
1 1 1 1 1 0 0 0 0 0
Maze 108
99 154 3.3584905660 2.2367571148 60 0.392013687740518
33 10 91 45 23 61 55 1 32 12 36 18 57 35 86 33
3 1 41 43 21 51 51 31 400 32 16 17 55 85 83
402 402 402 401 402 402 401 401 400 401 402 402 401 401 401
1 1 1 1 1 1 1 1 1 1
1 1 1 0 0 1 1 1 0 0
1 1 1 0 0 1 1 0 0 0
1 1 2 1 1 1 1 0 0 0
1 1 1 1 1 0 1 0 0 0
1 1 1 1 1 1 1 0 0 0
1 0 1 0 1 0 0 0 0 0
1 0 1 0 1 0 0 0 0 0
1 0 1 1 1 1 0 0 0 0
1 0 0 0 0 0 0 0 0 0
Maze 109
69 72 2.9777777778 2.2040701479 8 0.381102420271536
96 83 42 13 30 77 72 72 84 24 86 63 65 57 89 96
93 82 12 23 27 400 400 82 400 84 83 400 55 87 86
401 401 402 401 402 400 400 401 400 401 401 400 402 401 402
0 0 0 0 0 0 0 0 0 0
0 1 1 0 0 0 0 0 0 0
0 1 1 1 1 1 1 1 1 1
0 1 0 1 0 0 1 0 0 0
0 1 0 1 0 0 1 0 0 0
0 1 0 1 1 1 1 0 0 0
0 1 1 1 1 0 1 0 0 0
0 1 1 1 1 1 1 0 0 0
0 1 1 1 1 1 1 1 1 0
0 0 1 1 1 2 0 0 0 0
Maze 110
79 37 2.6666666667 2.0661070720 35 0.388565276170670
51 31 19 58 68 82 76 43 95 36 92 73 76 73 85 51
400 11 18 400 62 72 73 93 35 32 72 400 400 83 81
400 402 402 400 402 402 401 401 402 402 402 400 400 401 401
0 0 0 0 0 0 0 0 0 0
1 1 1 1 1 1 1 1 1 0
1 0 0 0 0 0 0 1 0 0
1 1 1 1 1 1 0 1 0 0
1 1 1 0 1 0 0 1 0 0
2 1 1 0 1 0 0 1 0 0
1 1 1 1 1 1 1 1 0 0
1 1 1 1 1 1 0 0 0 0
1 1 1 1 1 0 0 0 0 0
0 1 1 1 1 0 0 0 0 0
Maze 111
101 372 3.6538461538 2.1876928616 70 0.380780186099903
34 13 75 51 88 81 12 17 52 34 25 95 6 82 66 34
33 73 71 81 400 11 400 12 32 24 400 5 2 62 64
401 401 401 401 400 402 400 402 402 402 400 402 402 402 401
0 1 1 1 1 1 0 0 0 0
1 1 1 1 1 1 1 0 0 0
1 1 1 1 1 0 0 0 0 0
1 1 1 2 1 0 0 0 0 0
1 1 1 1 1 0 0 0 0 0
1 1 1 1 1 0 0 0 0 0
1 1 1 1 1 1 0 0 0 0
1 1 1 1 1 0 0 0 0 0
1 1 1 1 1 1 1 1 0 0
0 0 0 0 1 0 0 0 0 0
Maze 112
89 73 2.7000000000 2.2383201493 44 0.376257333121168
2 23 19 28 86 43 82 34 32 79 68 5 15 71 94 2
22 13 18 26 83 42 32 400 72 78 65 400 11 91 92
401 402 402 402 401 402 402 400 401 401 401 400 402 401 401
0 2 0 0 1 0 0 0 0 0
1 1 1 1 1 1 1 1 1 0
1 1 1 0 1 1 1 1 0 0
1 1 1 1 1 1 0 0 0 0
1 1 1 0 1 1 0 0 0 0
1 1 1 0 1 1 0 0 0 0
1 1 1 0 1 1 1 1 0 0
1 1 1 1 1 1 1 1 1 0
1 1 1 1 1 1 0 0 0 0
1 1 1 1 0 0 0 0 0 0
Maze 113
99 14 2.9538461538 2.2718348948 70 0.384936886445326
88 37 97 79 21 7 52 44 3 46 85 29 23 20 60 88
87 400 77 71 1 2 42 43 43 45 25 400 13 400 58
401 400 402 401 402 402 402 401 401 402 402 400 402 400 402
1 1 1 1 1 1 1 0 0 0
1 1 1 1 1 1 1 1 1 1
1 1 1 1 1 1 1 1 1 1
1 1 1 0 1 0 1 0 0 1
1 1 1 1 1 1 1 0 0 1
1 1 0 0 1 0 1 1 1 1
1 0 0 0 1 0 1 1 0 0
1 1 1 1 1 1 1 1 1 0
0 0 0 0 1 0 1 2 0 0
0 0 0 0 0 0 1 0 0 0
Maze 114
107 161 3.5000000000 2.0077416674 98 0.383709455524534
25 77 38 98 16 98 17 93 45 79 8 29 95 26 6 25
75 37 400 96 96 97 13 43 75 78 28 25 25 400 5
401 402 400 401 401 401 402 402 401 401 401 402 402 400 402
0 0 0 0 1 1 0 1 0 0
0 0 1 1 1 1 1 1 0 0
0 0 1 0 2 1 1 1 1 0
0 0 1 0 1 1 1 1 0 0
0 0 1 1 1 1 1 1 0 0
0 0 1 0 1 1 1 1 0 0
0 0 1 0 1 1 1 1 0 0
0 0 1 0 1 1 1 1 1 0
0 0 1 0 1 1 1 1 0 0
0 0 1 0 1 1 1 1 0 0
Maze 115
95 65 3.7142857143 2.1870597596 66 0.373665037263891
77 63 76 79 75 57 15 69 66 38 91 15 83 73 6 77
73 73 400 400 55 55 65 400 36 31 11 13 400 3 76
401 401 400 400 402 401 401 400 402 402 402 402 400 402 401
0 0 1 1 1 1 0 0 0 0
1 1 1 1 1 1 0 0 0 0
1 0 1 0 1 1 0 0 0 0
1 1 1 1 1 1 1 1 0 0
1 0 1 0 1 1 0 0 0 0
1 0 1 0 1 1 1 0 0 0
1 0 1 0 1 1 1 1 1 0
1 0 1 1 1 1 2 1 1 0
1 0 1 0 0 0 0 0 0 0
1 0 0 0 0 0 0 0 0 0
Maze 116
79 113 3.0416666667 2.0970076991 30 0.361582536396775
79 59 65 84 59 30 19 55 51 38 34 76 3 25 85 79
400 55 64 54 29 29 15 400 31 400 74 73 23 400 75
400 402 402 402 402 401 402 400 402 400 401 401 401 400 402
0 0 1 0 0 0 0 0 0 0
0 0 1 0 1 1 1 1 1 0
0 0 1 1 1 0 0 0 1 1
1 1 1 1 1 1 1 1 1 0
1 0 1 1 1 0 0 0 1 0
1 1 1 1 1 1 1 1 1 0
0 0 1 1 1 0 0 0 1 0
0 0 1 1 1 1 1 1 2 0
0 0 0 1 1 0 0 0 0 0
0 0 0 0 0 0 0 0 0 0
Maze 117
79 22 2.7843137255 2.2015895029 30 0.394361874183630
14 71 92 60 59 45 69 16 67 48 68 88 72 55 7 14
11 91 52 400 55 65 66 66 47 400 400 82 52 5 4
402 401 402 400 401 401 401 401 402 400 400 401 402 402 402
0 0 0 1 1 1 1 0 0 0
1 1 1 2 1 1 0 0 0 0
1 0 0 0 1 1 0 0 0 0
1 0 0 0 1 1 0 0 0 0
1 0 0 0 1 1 1 1 0 0
1 1 1 1 1 1 1 1 1 1
1 1 0 0 1 1 1 1 1 0
1 1 0 0 0 0 0 1 0 0
1 1 1 1 1 1 1 1 0 0
1 1 0 0 0 0 0 0 0 0
Maze 118
81 12 2.9629629630 2.3246383918 17 0.401893188140222
42 82 63 49 58 76 24 27 54 89 75 39 6 27 9 42
400 62 43 48 56 74 400 24 84 85 35 36 26 7 2
400 402 402 402 402 401 400 402 401 401 402 401 401 402 402
0 1 1 1 1 1 1 1 1 0
0 1 0 0 0 1 1 0 0 0
0 1 0 1 1 1 1 0 0 0
0 1 0 1 1 1 1 1 1 0
0 2 1 1 1 1 1 1 1 0
0 1 1 1 1 1 1 1 0 0
0 1 1 1 1 1 0 0 0 0
0 1 0 1 1 1 0 0 0 0
0 1 0 1 1 1 1 1 1 0
0 0 0 0 0 0 0 0 0 0
Maze 119
77 14 3.0434782609 1.9997348558 30 0.364537778099307
67 8 38 76 59 63 13 53 6 15 3 51 42 49 53 67
7 400 36 56 53 400 400 3 5 13 1 41 400 43 63
402 400 402 402 402 400 400 402 402 401 402 402 400 402 401
1 1 1 1 1 1 1 1 0 0
1 0 1 1 1 0 1 1 0 0
1 0 1 0 0 0 1 1 0 0
1 0 1 0 0 1 1 1 0 0
1 1 1 1 1 1 1 1 1 0
1 0 1 1 1 1 1 1 1 0
0 0 1 1 1 1 2 0 0 0
0 0 0 0 0 1 0 0 0 0
0 0 0 0 0 0 0 0 0 0
0 0 0 0 0 0 0 0 0 0
Maze 120
117 22 3.4400000000 1.8834127621 148 0.390200907176688
81 56 74 98 23 75 83 40 53 97 36 29 73 7 93 81
51 54 94 93 73 73 33 33 93 96 26 23 3 3 91
402 402 401 401 401 402 402 402 401 401 402 402 402 402 401
0 0 1 1 1 1 1 0 0 0
0 0 1 0 0 0 0 0 0 0
0 0 1 1 1 1 1 1 1 0
0 0 1 1 1 1 1 1 1 1
0 0 1 0 0 1 0 0 0 0
1 1 1 1 1 1 0 0 0 0
1 0 1 1 0 1 0 0 0 0
1 0 1 1 1 1 0 0 0 0
2 0 1 1 0 1 0 0 0 0
1 1 1 1 1 1 1 1 0 0
Maze 121
89 286 3.0000000000 2.0915617156 45 0.377708100010437
37 64 27 79 28 5 4 85 31 6 18 12 26 79 17 37
34 24 77 78 25 400 84 81 1 16 400 22 76 77 400
402 402 401 401 401 400 401 401 402 401 400 401 401 401 400
1 1 1 1 1 1 0 0 0 0
1 1 1 1 1 1 1 1 0 0
1 1 1 1 1 1 1 1 0 0
1 0 0 1 1 1 2 1 0 0
1 0 0 1 0 1 1 1 0 0
1 0 0 1 0 1 1 1 0 0
1 0 0 1 0 1 1 1 0 0
1 0 0 1 0 1 1 1 1 0
1 1 1 1 1 0 0 0 0 0
0 0 0 0 0 0 0 0 0 0
Maze 122
123 2080 3.1506849315 2.3769566696 133 0.382812555997688
17 100 54 6 90 15 61 5 50 30 72 39 75 47 48 17
97 94 4 86 85 11 1 45 400 22 32 35 45 400 47
401 401 402 401 401 402 402 401 400 402 402 402 402 400 401
1 1 1 1 1 1 0 0 0 0
1 1 1 1 1 1 2 0 0 0
1 1 1 1 1 1 1 1 1 1
1 1 1 1 1 1 1 1 1 1
1 1 0 1 1 1 1 1 1 1
1 1 0 1 1 1 1 0 0 0
1 1 0 1 1 1 1 0 0 0
0 1 0 1 1 1 1 0 0 0
0 0 0 1 1 1 1 1 1 1
0 0 0 1 1 1 1 1 1 1
Maze 123
91 10 3.1200000000 1.9977524024 50 0.411923521869863
58 14 74 26 33 24 80 92 50 54 52 62 25 10 30 58
54 400 24 23 23 74 72 42 44 400 400 22 5 400 28
401 400 402 402 402 401 402 402 402 400 400 402 402 400 402
0 0 0 0 1 1 1 1 1 1
0 0 0 1 1 0 0 0 0 1
0 1 1 1 1 1 0 1 1 1
0 1 1 1 0 0 0 1 0 0
0 1 1 1 1 1 1 1 1 1
0 1 1 1 1 1 1 2 0 0
0 1 0 1 0 0 0 0 0 0
0 1 1 1 1 1 1 1 1 1
0 1 0 0 0 0 0 0 0 0
0 1 0 0 0 0 0 0 0 0
Maze 124
85 61 3.0000000000 2.0942448231 30 0.384178271095213
6 86 87 51 18 41 81 83 7 38 96 72 62 63 5 6
400 400 81 11 11 400 400 3 37 36 92 400 400 3 400
400 400 401 402 402 400 400 402 401 402 401 400 400 402 400
0 0 1 1 1 2 1 0 0 0
1 1 1 1 1 1 1 1 0 0
1 0 1 0 0 1 1 0 0 0
1 0 1 0 0 1 1 1 0 0
1 0 1 0 0 1 0 0 0 0
1 0 1 0 0 1 0 0 0 0
1 1 1 0 0 1 0 0 0 0
1 1 1 0 0 1 0 0 0 0
1 1 1 1 1 1 1 0 0 0
0 1 1 1 1 1 0 0 0 0
Maze 125
109 297 3.1818181818 2.3048636009 112 0.387116869047197
23 3 62 40 19 87 13 76 24 60 71 93 97 70 82 23
400 2 32 39 17 83 73 74 54 51 91 400 67 62 22
400 402 402 401 402 401 401 401 401 402 401 400 402 402 402
0 1 1 0 0 0 0 0 0 0
0 1 1 0 0 0 1 1 1 0
0 1 2 1 0 0 1 0 1 0
0 1 1 1 1 1 1 1 1 1
0 1 1 1 0 0 1 0 0 0
1 1 1 1 1 1 1 1 1 1
1 1 1 1 1 1 1 1 1 1
1 1 1 1 1 1 1 0 0 0
1 1 1 1 1 1 1 0 0 0
1 1 1 1 1 1 1 0 0 0
Maze 126
113 503 3.1818181818 2.2088801729 92 0.385318499518450
59 7 4 16 79 18 67 14 70 64 45 22 100 34 1 59
57 400 14 76 78 17 64 64 400 44 42 92 94 31 51
401 400 401 401 401 402 401 401 400 402 401 401 401 401 401
1 0 0 1 1 1 1 0 0 0
1 0 0 1 1 1 1 1 0 0
1 1 0 1 0 1 1 1 0 0
1 1 1 1 0 1 1 1 0 0
1 1 1 1 1 1 1 1 0 0
1 1 1 1 1 1 1 1 2 0
0 1 0 1 1 1 1 1 1 1
0 1 0 1 0 1 1 1 1 0
0 1 0 1 0 0 0 0 0 0
0 1 1 1 1 1 1 1 1 1
Maze 127
113 1433 3.0000000000 2.2590819950 112 0.363673956438734
97 42 77 35 12 60 87 90 40 54 4 2 83 19 21 97
92 72 75 32 52 57 400 400 34 400 400 82 13 11 91
401 401 401 401 401 402 400 400 402 400 400 401 402 402 401
0 1 1 1 0 0 0 0 0 0
1 1 1 1 1 1 1 1 1 0
1 1 1 1 0 0 0 0 0 0
1 1 1 1 1 1 1 1 1 1
1 1 1 1 1 0 0 0 0 1
1 1 1 1 1 1 1 1 1 1
1 1 1 0 1 0 1 0 0 1
1 1 1 1 1 1 1 0 0 1
1 1 1 0 0 0 1 1 1 1
1 1 1 1 1 1 2 0 0 0
Maze 128
109 25 2.6875000000 2.0804820237 65 0.381264890860414
77 98 33 10 28 9 28 87 91 2 65 93 36 88 13 77
97 93 3 8 8 8 27 81 1 62 63 33 86 83 73
401 401 402 402 402 402 402 402 402 401 402 402 401 401 401
1 1 1 1 1 1 1 1 1 1
1 1 1 0 0 0 0 1 0 0
1 1 1 0 0 0 1 1 0 0
1 1 1 1 1 1 1 0 0 0
1 1 1 0 0 1 1 0 0 0
1 1 1 0 0 1 1 0 0 0
1 1 1 1 1 1 1 0 0 0
1 0 1 1 1 1 2 0 0 0
1 1 1 1 1 1 1 1 0 0
1 0 1 1 1 1 1 1 0 0
Maze 129
107 581 3.5094339623 2.0592222229 112 0.387113418004505
34 17 86 60 67 73 17 88 13 58 83 94 22 79 54 34
14 16 56 57 63 13 87 83 53 53 93 92 72 74 400
402 402 402 402 402 402 401 401 401 402 401 401 401 401 400
0 0 0 0 0 0 0 0 0 0
0 0 1 1 1 1 1 0 0 0
0 1 1 1 0 1 1 0 0 0
0 1 1 2 0 1 1 0 0 0
0 1 1 1 0 1 1 0 0 0
0 1 1 1 1 1 1 1 1 1
0 1 1 1 1 1 1 0 0 0
0 1 1 1 1 1 1 1 1 0
0 1 1 1 1 1 1 1 0 0
0 1 1 1 0 0 0 0 0 0
Maze 130
111 217 3.2203389831 2.0980793557 98 0.396658456957373
29 70 38 62 27 95 9 88 55 74 85 52 92 6 63 29
69 68 32 22 25 5 8 85 54 84 82 400 2 3 23
401 401 402 402 402 402 402 401 402 401 401 400 402 402 402
0 1 1 1 1 1 1 1 1 0
0 1 1 0 1 0 0 1 0 0
0 1 1 1 1 1 1 1 2 0
0 1 1 1 1 1 1 1 1 0
0 1 1 0 1 0 0 1 1 0
0 1 1 1 1 0 0 1 1 0
0 1 1 1 1 0 0 1 1 1
0 1 0 1 1 0 0 1 0 0
0 1 1 1 1 1 1 1 0 0
0 1 0 0 1 0 0 0 0 0
Maze 131
77 46 3.5121951220 2.0714889014 26 0.387778523515337
6 17 27 35 57 23 49 73 1 46 65 16 54 74 36 6
16 400 25 55 53 43 43 71 41 45 15 14 400 34 400
401 400 402 401 401 401 402 401 401 402 402 402 400 402 400
1 0 0 0 0 2 0 0 0 0
1 0 0 1 1 1 1 0 0 0
1 0 1 1 1 1 1 0 0 0
1 0 1 1 1 1 0 0 0 0
1 1 1 1 1 1 1 1 1 0
1 0 1 1 1 1 1 0 0 0
1 0 1 1 1 0 0 0 0 0
1 1 1 1 0 0 0 0 0 0
0 0 0 0 0 0 0 0 0 0
0 0 0 0 0 0 0 0 0 0
Maze 132
93 805 3.3877551020 2.0493196667 45 0.390774991964306
35 4 43 72 40 52 59 50 82 63 13 68 28 19 75 35
34 3 42 32 32 400 49 42 62 400 63 400 18 15 400
401 402 402 402 402 400 402 402 402 400 401 400 402 402 400
0 0 1 1 0 0 0 0 0 0
0 0 1 1 1 1 1 1 1 0
0 0 1 1 1 0 0 1 0 0
0 1 1 1 2 1 1 1 1 1
0 1 1 1 1 1 1 1 1 1
0 1 1 1 1 1 1 1 1 0
0 1 1 1 1 1 1 1 0 0
0 1 0 0 1 0 0 0 0 0
0 1 0 0 0 0 0 0 0 0
0 0 0 0 0 0 0 0 0 0
Maze 133
101 30 3.3877551020 1.9414247824 71 0.391779941648605
73 41 56 41 12 89 94 99 2 93 52 3 45 68 83 73
71 51 51 11 82 84 400 92 92 92 2 43 65 63 400
401 401 401 402 401 402 400 401 401 401 402 401 401 402 400
0 1 1 0 0 0 0 0 0 0
1 1 1 0 0 0 0 0 0 0
1 1 1 0 0 0 0 0 0 0
1 1 1 0 0 0 0 0 0 0
1 1 1 1 1 0 0 0 0 0
1 1 1 1 1 1 0 0 0 0
1 1 1 1 1 1 1 1 0 0
1 1 2 0 0 0 0 0 0 0
0 1 1 1 1 1 1 1 1 0
0 1 1 1 1 1 1 1 1 0
Maze 134
99 111 4.0000000000 1.7554813206 84 0.386577960620864
55 75 13 60 59 13 66 84 27 72 28 46 42 58 62 55
400 73 53 400 53 63 64 24 22 22 26 400 52 52 52
400 401 401 400 401 401 402 402 402 402 402 400 401 402 402
0 0 0 0 0 0 0 0 0 0
0 0 1 0 0 0 0 0 0 0
0 1 1 1 1 1 1 1 0 0
0 1 1 1 0 1 0 0 0 0
0 1 1 1 1 1 0 0 0 0
0 1 1 1 2 1 1 1 1 1
0 1 1 1 1 1 0 0 0 0
0 1 1 1 1 0 0 0 0 0
0 0 0 1 0 0 0 0 0 0
0 0 0 0 0 0 0 0 0 0
Maze 135
97 165 2.7076923077 2.2513652677 53 0.371485802780711
22 35 50 88 95 52 27 40 15 41 100 77 43 71 85 22
32 45 48 85 92 22 37 35 11 91 97 73 41 81 82
401 401 402 402 401 402 401 401 402 401 401 401 402 401 401
0 0 0 0 0 0 0 0 0 0
1 1 1 1 1 0 0 0 0 0
1 2 1 1 1 1 1 0 0 0
1 1 1 1 1 1 1 1 1 1
1 1 1 0 1 1 1 1 1 1
1 1 1 0 0 0 0 1 0 0
1 1 1 0 0 0 0 1 0 0
1 1 1 1 1 1 1 1 0 0
1 1 1 1 1 1 1 1 0 0
1 1 1 1 1 1 1 1 1 1
Maze 136
103 213 3.0000000000 2.3460357867 58 0.367382323662864
47 79 81 72 26 88 8 32 18 48 51 2 43 98 53 47
77 71 71 22 86 400 2 12 400 41 1 42 93 93 43
401 402 402 402 401 400 402 402 400 402 402 401 401 401 402
1 1 1 1 1 1 1 1 0 0
1 1 1 1 1 1 1 1 0 0
1 1 1 1 1 1 0 1 0 0
1 1 0 0 0 1 0 1 0 0
1 1 1 1 1 1 2 1 0 0
1 1 1 0 0 1 1 1 0 0
0 1 1 0 0 1 1 1 0 0
1 1 1 1 1 1 1 1 1 0
1 0 1 0 0 1 1 1 0 0
0 0 1 1 1 1 1 1 0 0
Maze 137
121 598 2.9393939394 2.2874618226 88 0.388787113846924
62 91 10 86 2 24 11 100 15 71 21 45 37 87 61 62
61 1 6 82 22 21 91 95 11 400 41 35 400 81 400
402 402 402 401 401 401 401 401 402 400 401 402 400 401 400
1 1 1 1 1 1 1 1 1 1
1 1 1 1 1 1 0 0 0 0
1 1 1 1 1 1 0 0 0 0
1 1 0 0 1 1 1 0 0 0
1 1 1 1 1 1 1 0 0 0
1 1 0 0 1 1 1 0 0 0
1 2 0 0 1 1 1 0 0 0
1 1 0 0 1 1 1 0 0 0
1 1 1 1 1 1 1 0 0 0
1 1 1 1 1 1 1 1 1 1
Maze 138
121 21 3.3015873016 2.1570717029 76 0.381762855597600
31 81 20 53 52 22 52 10 61 96 93 58 52 50 99 31
400 11 13 400 400 400 2 1 91 400 53 400 42 49 91
400 402 402 400 400 400 402 402 401 400 402 400 402 402 401
1 1 1 1 1 1 1 1 1 1
1 1 1 1 1 1 1 1 1 1
1 1 1 0 0 0 0 0 0 0
2 1 1 0 0 0 0 0 0 0
1 1 1 1 1 1 1 1 1 1
1 1 1 1 1 1 1 1 1 0
1 0 1 0 0 0 0 0 1 0
1 0 1 0 0 0 0 0 1 0
1 0 1 0 0 0 0 0 1 0
1 1 1 1 1 1 1 1 1 0
Maze 139
117 85 3.5636363636 1.9989581349 148 0.393005312890953
67 44 22 65 2 89 62 16 21 23 99 41 60 45 62 67
64 42 62 62 82 82 12 11 400 93 91 51 55 42 400
401 401 401 401 401 401 402 402 400 401 401 401 401 402 400
0 1 0 0 0 0 0 0 0 0
1 1 1 1 1 1 0 0 0 0
1 1 1 0 0 0 0 0 0 0
0 1 1 0 0 0 0 0 0 0
1 1 1 1 1 0 0 0 0 0
1 1 1 1 1 1 1 1 1 1
1 1 1 1 1 1 2 0 0 0
1 1 1 0 0 0 0 0 0 0
1 1 1 1 1 1 1 1 1 0
1 1 1 1 1 1 1 1 1 0
Maze 140
101 75 3.2222222222 2.1318092796 64 0.397811233258256
95 22 3 8 9 66 92 97 6 45 40 85 89 4 7 95
92 2 400 400 6 62 400 96 5 35 35 400 84 400 5
401 402 400 400 402 402 400 401 402 402 402 400 401 400 402
0 1 1 1 1 1 1 1 1 0
0 1 0 1 1 1 0 0 0 0
0 1 0 1 1 1 0 0 0 0
0 1 0 1 1 1 1 1 1 1
0 1 0 1 1 1 0 0 0 0
0 1 0 1 1 1 0 0 0 0
0 1 1 1 1 1 0 0 0 0
0 1 0 1 1 1 0 0 0 0
0 1 0 1 1 1 1 1 1 0
0 1 1 1 2 1 1 0 0 0
Maze 141
79 1 2.3809523810 2.3875767629 17 0.375610825185917
50 70 40 39 8 41 23 82 57 87 59 98 51 24 15 50
400 400 400 38 1 21 22 52 400 57 58 91 21 14 45
400 400 400 401 402 402 402 402 400 402 402 401 402 402 401
1 1 1 1 1 1 1 1 0 0
1 0 0 1 1 0 0 1 0 0
1 1 1 1 1 0 0 1 0 0
1 1 0 0 1 0 0 1 1 1
1 1 0 0 1 1 1 1 1 2
1 1 1 1 1 1 1 1 1 1
1 1 0 0 0 0 1 1 0 1
1 1 0 0 0 0 1 1 0 0
1 1 0 0 0 0 1 1 0 0
1 1 1 1 1 1 1 1 0 0
Maze 142
143 4500 3.4166666667 2.1076581024 227 0.388317954893288
29 67 9 82 99 39 92 20 99 18 5 87 10 93 36 29
27 7 2 92 400 32 12 19 98 15 85 7 3 33 26
402 402 402 401 400 402 402 402 401 401 401 402 402 402 402
0 1 1 1 1 1 1 1 1 1
0 1 1 1 1 1 1 1 1 1
0 1 1 0 1 1 1 1 2 0
0 1 1 1 1 1 1 1 1 0
0 1 1 0 1 0 1 1 1 0
0 1 1 0 1 0 1 1 1 0
0 1 1 0 1 0 1 1 1 0
0 1 1 0 1 0 1 1 1 0
0 1 1 0 1 1 1 1 1 0
0 1 1 1 1 1 1 1 1 0
Maze 143
103 34 3.1228070175 2.1237448862 71 0.382921344441233
24 28 2 78 98 53 71 60 50 11 67 42 75 83 57 24
400 22 72 400 93 51 51 400 41 61 62 72 73 53 54
400 401 401 400 401 402 402 400 401 401 401 401 402 402 401
0 1 0 0 0 0 0 0 0 0
1 1 0 0 0 0 0 0 0 0
1 1 1 2 1 1 1 1 0 0
1 1 0 1 0 0 0 0 0 0
1 1 1 1 1 1 1 1 1 1
1 1 1 1 1 1 1 1 1 1
1 1 1 1 1 1 1 0 0 0
1 1 1 1 1 1 1 1 0 0
0 0 1 0 0 0 0 1 0 0
0 0 1 1 1 1 1 1 0 0
Maze 144
103 37 3.1428571429 1.8499532372 38 0.377625471368889
95 74 6 32 9 72 7 45 35 89 71 34 92 71 82 95
94 4 2 2 2 2 5 400 85 81 31 32 91 81 92
401 402 402 402 402 402 402 400 401 401 402 402 401 401 401
0 1 1 1 1 1 1 1 1 0
0 1 0 1 1 0 0 0 0 0
0 1 0 1 1 0 0 0 0 0
1 1 1 1 1 0 0 0 0 0
1 1 0 1 1 0 0 0 0 0
1 1 0 1 1 0 0 0 0 0
1 1 0 1 1 0 0 0 0 0
1 1 0 1 1 0 0 0 0 0
1 1 1 1 1 1 1 1 1 0
1 1 1 1 2 0 0 0 0 0
Maze 145
85 44 3.0212765957 2.0183324481 41 0.397360195070068
63 67 95 16 89 98 63 75 89 45 69 4 2 16 14 63
400 65 15 86 88 93 73 85 85 65 64 400 12 400 13
400 402 402 401 402 401 401 401 401 401 401 400 401 400 402
0 1 1 1 0 0 0 0 0 0
0 1 1 1 1 1 0 0 0 0
0 0 1 1 1 1 0 0 0 0
0 0 1 1 1 1 0 0 0 0
0 0 1 1 1 1 0 0 0 0
0 0 1 1 1 1 0 0 0 0
0 0 2 1 1 1 1 1 1 0
0 0 1 1 1 1 0 0 0 0
0 0 1 0 1 1 1 1 1 0
0 0 1 1 1 1 1 1 0 0
Maze 146
111 12 3.0819672131 2.1188546574 74 0.361523890886143
94 32 55 99 18 2 8 41 72 1 10 6 22 30 41 94
92 52 95 98 12 400 1 71 71 400 400 2 400 21 91
401 401 401 401 401 400 402 401 401 400 400 402 400 402 401
1 1 1 1 1 1 1 1 1 1
1 1 1 1 1 1 1 1 0 0
1 1 1 1 1 1 1 1 1 1
1 1 0 0 0 0 0 1 0 0
1 1 0 0 0 0 0 1 0 0
1 1 1 1 1 0 0 1 0 0
1 1 0 0 1 0 0 1 0 0
1 1 0 0 1 0 0 1 0 0
1 1 0 0 1 0 0 1 0 0
1 1 1 2 1 1 1 1 1 0
Maze 147
83 2388 3.4545454545 2.0892875990 35 0.383153684362104
49 36 69 70 62 77 7 80 59 43 88 70 39 78 97 49
46 66 400 400 72 400 77 79 53 83 68 69 38 77 47
401 401 400 400 401 400 401 401 401 401 402 401 402 402 402
0 0 0 0 0 0 1 0 0 0
0 0 0 0 0 0 1 0 0 0
0 0 0 0 0 0 1 0 0 0
0 0 0 0 0 1 1 1 1 0
0 0 1 0 0 1 1 1 2 0
0 0 1 1 1 1 1 1 1 0
0 1 1 1 1 1 1 1 1 1
0 1 1 1 1 1 1 1 1 1
0 0 1 1 1 1 1 1 0 0
0 0 0 0 0 0 1 0 0 0
Maze 148
79 71 3.4500000000 2.0426134039 26 0.371935706360093
12 63 76 6 3 13 42 7 4 55 44 76 13 50 48 12
62 73 400 400 400 12 2 400 54 54 74 73 43 400 42
401 401 400 400 400 402 402 400 401 401 401 401 401 400 401
0 1 1 1 1 1 1 0 0 0
0 2 1 1 0 1 0 0 0 0
0 1 1 1 0 1 0 0 0 0
0 1 1 1 0 1 0 0 0 0
0 1 1 1 1 1 1 1 1 1
0 1 1 1 1 1 0 0 0 0
0 1 1 1 0 1 0 0 0 0
0 0 1 1 1 1 0 0 0 0
0 0 0 0 0 0 0 0 0 0
0 0 0 0 0 0 0 0 0 0
Maze 149
89 585 2.8148148148 2.1837316244 50 0.390217787925840
98 60 67 98 93 15 88 82 38 55 53 19 39 58 45 98
58 57 97 400 13 85 400 32 35 400 13 400 38 55 95
402 402 401 400 402 401 400 402 402 400 402 400 402 401 401
0 0 0 0 0 0 0 0 0 0
0 0 1 1 1 1 1 1 1 0
0 0 1 0 1 0 0 0 1 0
0 1 1 1 1 1 1 1 1 0
0 1 1 0 1 0 0 1 0 0
0 1 1 1 1 1 1 1 1 1
0 1 1 0 1 0 1 1 0 0
0 1 1 0 1 0 1 1 0 0
0 1 1 1 1 1 1 1 0 0
0 0 1 1 1 1 1 2 0 0
Maze 150
91 21 3.0638297872 1.9977524024 56 0.371690753807897
99 69 70 54 28 53 86 50 4 95 14 65 84 62 64 99
400 400 64 24 23 83 46 44 94 94 64 64 82 400 94
400 400 401 402 402 401 402 401 401 401 401 402 401 400 401
0 0 0 1 0 0 0 0 0 0
0 0 0 1 0 0 0 0 0 0
0 0 1 1 1 1 1 1 0 0
0 0 1 1 0 0 0 0 0 0
0 0 1 1 1 1 1 1 1 1
0 0 1 1 0 1 0 0 0 0
0 1 1 1 1 1 1 1 1 1
0 1 1 1 0 1 0 0 1 0
0 1 1 1 1 1 0 0 1 0
0 0 0 1 1 1 1 1 2 0
Maze 151
101 22 3.3846153846 2.1296382906 70 0.392882309591077
44 81 42 39 33 48 4 69 49 49 79 92 7 64 2 44
41 41 32 400 43 44 64 400 400 400 72 2 4 62 42
402 402 402 400 401 401 401 400 400 400 402 402 402 401 401
0 1 1 1 1 1 1 0 0 0
0 1 0 1 0 0 0 0 0 0
0 1 0 1 0 0 0 0 0 0
0 1 1 1 1 1 1 1 1 0
1 1 1 2 1 1 1 1 1 0
1 1 0 1 0 0 0 0 1 0
1 1 1 1 1 1 1 1 1 0
1 1 1 1 1 1 1 1 1 0
1 1 0 0 0 0 0 0 0 0
0 1 0 0 0 0 0 0 0 0
Maze 152
131 119 3.7647058824 1.8272683404 193 0.395055166131265
37 91 34 51 28 12 69 1 86 13 32 93 6 62 52 37
31 31 31 21 22 62 61 81 83 12 92 3 2 400 32
402 402 402 402 401 401 401 401 401 402 401 402 402 400 402
1 1 1 1 1 1 0 0 0 0
1 1 1 0 0 0 0 0 0 0
1 1 1 1 1 1 1 1 0 0
1 1 1 1 1 1 2 0 0 0
1 1 1 0 0 0 0 0 0 0
1 1 1 0 0 0 0 0 0 0
1 1 1 1 1 1 1 1 1 0
1 1 1 0 0 0 0 0 0 0
1 1 1 1 1 1 0 0 0 0
1 1 1 0 0 0 0 0 0 0
Maze 153
87 6 3.4347826087 2.1025120994 41 0.372462491726102
44 58 75 98 57 46 38 38 34 72 16 94 17 83 36 44
54 55 95 97 56 36 400 400 32 12 14 14 13 33 34
401 402 401 401 401 402 400 400 402 402 402 402 402 402 402
0 0 0 0 0 0 0 0 0 0
0 1 1 1 1 1 1 0 0 0
0 1 1 1 0 0 0 0 0 0
0 1 1 1 1 1 1 1 0 0
0 1 1 2 0 1 0 0 0 0
0 1 1 1 1 1 1 1 0 0
0 1 1 1 1 0 1 0 0 0
0 1 1 1 1 0 1 0 0 0
0 0 1 1 1 0 1 0 0 0
0 0 0 1 1 1 1 1 0 0
Maze 154
101 123 3.3454545455 2.2000583642 59 0.391502051526402
14 51 36 32 99 34 11 83 55 91 53 6 67 36 18 14
11 31 400 92 94 31 81 53 51 51 3 66 66 16 400
402 402 400 401 401 401 401 402 402 402 402 401 401 402 400
0 0 1 1 1 1 0 0 0 0
1 1 1 2 1 1 1 1 0 0
1 0 1 0 0 1 0 0 0 0
1 1 1 1 1 1 0 0 0 0
1 1 1 1 0 1 0 0 0 0
1 1 1 1 1 1 0 0 0 0
1 1 1 1 0 1 1 0 0 0
1 1 1 1 0 0 0 0 0 0
1 1 1 1 0 0 0 0 0 0
1 1 1 1 1 1 1 1 1 0
Maze 155
109 36 3.4693877551 1.9429147865 92 0.377559442644361
15 83 70 18 88 23 81 41 15 14 92 45 86 22 61 15
13 63 68 400 83 21 400 11 400 12 42 85 82 21 11
402 402 401 400 401 402 400 402 400 402 402 401 401 402 402
0 0 0 0 0 0 0 0 0 0
1 1 1 1 2 0 0 1 0 0
1 1 1 0 0 0 0 1 0 0
1 1 1 0 0 0 0 1 0 0
1 1 1 1 1 0 0 1 0 0
1 1 1 0 1 0 0 1 0 0
1 1 1 1 1 1 1 1 1 1
1 1 1 0 1 0 0 1 0 0
1 1 1 1 1 1 1 1 0 0
0 1 0 0 0 0 0 0 0 0
Maze 156
99 34 3.2800000000 1.9200576944 59 0.387732512237858
43 50 42 78 3 26 63 77 33 16 2 27 67 90 40 43
400 400 72 73 23 23 73 73 13 12 22 400 87 400 33
400 400 401 401 401 402 401 401 402 401 401 400 401 400 402
0 1 1 0 0 0 0 0 0 0
0 1 1 1 1 1 0 0 0 0
0 1 1 1 1 1 1 0 0 0
0 0 1 1 1 1 1 1 1 1
0 1 2 1 1 1 1 1 1 1
0 1 1 0 0 0 1 0 0 1
0 1 1 0 0 0 1 0 0 1
0 1 1 1 1 1 1 1 0 1
0 0 0 0 0 0 1 1 1 1
0 0 0 0 0 0 0 0 0 0
Maze 157
93 309 3.1764705882 2.1070469813 50 0.398050268374656
3 56 55 96 14 55 96 97 60 66 18 90 54 87 29 3
53 400 95 94 54 95 400 57 56 16 88 84 84 27 23
401 400 401 401 401 401 400 402 402 402 401 401 401 402 401
0 0 2 0 0 0 0 0 0 0
0 0 1 1 0 1 1 1 0 0
0 0 1 1 1 1 1 1 1 0
0 0 1 1 0 1 1 1 0 0
0 0 1 1 0 1 1 1 0 0
0 0 1 1 1 1 1 1 1 1
0 0 0 1 1 1 1 1 0 0
0 0 0 1 1 0 1 1 0 0
0 0 0 1 1 1 1 1 1 1
0 0 0 1 1 1 1 0 0 0
Maze 158
87 156 2.8888888889 2.0673024749 50 0.388036955604497
68 22 41 39 75 85 86 87 19 24 53 72 20 26 10 68
62 21 31 35 400 400 400 17 14 23 52 12 16 6 8
401 402 402 402 400 400 400 402 402 402 402 402 402 402 402
0 0 0 0 0 1 1 1 1 1
0 1 1 1 1 1 1 1 1 1
1 1 1 1 0 1 1 1 0 0
1 1 1 1 1 1 1 1 1 0
1 1 1 0 1 0 1 1 0 0
0 1 1 0 1 0 1 1 0 0
0 1 1 1 1 1 1 2 0 0
0 1 0 0 1 0 1 0 0 0
0 0 0 0 1 1 1 0 0 0
0 0 0 0 0 0 0 0 0 0
Maze 159
91 209 2.8888888889 2.3704294671 32 0.388340780471779
80 12 54 58 35 43 51 10 50 9 67 49 95 69 49 80
72 52 400 55 33 41 1 400 49 7 47 45 65 400 79
401 401 400 401 402 402 402 400 401 402 402 402 402 400 401
1 1 1 1 1 1 1 1 1 1
1 1 0 0 0 0 1 0 1 1
1 1 0 0 0 0 1 0 1 1
1 1 1 1 1 0 1 0 1 1
1 1 1 0 1 1 1 1 1 1
1 1 1 1 1 1 1 1 1 0
0 1 0 0 1 1 1 1 1 0
0 1 1 1 1 1 1 1 1 2
0 0 0 0 1 0 0 0 0 0
0 0 0 0 1 0 0 0 0 0
Maze 160
87 188 3.1666666667 2.1560348361 50 0.380160328853225
31 97 72 63 21 56 85 58 67 3 72 83 64 15 62 31
91 92 62 61 51 55 55 57 63 2 82 63 14 12 61
401 401 402 401 401 402 402 402 401 402 401 402 402 402 401
0 1 1 0 0 0 0 0 0 0
0 1 1 1 1 0 0 0 0 0
1 1 1 1 0 0 0 0 0 0
2 1 1 1 0 0 0 0 0 0
1 1 1 1 0 0 0 0 0 0
1 1 1 1 1 1 1 1 0 0
1 1 1 1 1 1 1 0 0 0
1 1 1 0 1 0 0 0 0 0
1 1 1 0 1 0 0 0 0 0
1 1 1 1 1 1 1 0 0 0
Maze 161
89 33 3.2608695652 1.9321518338 45 0.400669974614594
20 43 38 17 40 47 86 23 59 33 49 41 23 43 35 20
13 33 37 37 37 46 83 53 53 43 400 21 400 33 15
402 402 401 401 402 402 401 401 401 401 400 402 400 402 402
0 0 0 0 0 0 0 0 0 0
0 0 1 1 1 1 1 1 1 2
1 1 1 0 1 0 1 0 0 0
1 0 1 1 1 1 1 1 1 1
1 1 1 1 1 1 1 1 1 0
0 0 1 1 1 1 1 1 1 0
0 0 1 0 0 1 0 0 0 0
0 0 1 0 0 1 0 0 0 0
0 0 1 1 1 1 0 0 0 0
0 0 0 0 0 0 0 0 0 0
Maze 162
137 42404 3.4246575342 2.2119789353 237 0.400813107608387
82 40 20 91 60 16 100 12 30 95 66 4 48 40 86 82
32 400 11 51 56 96 92 22 25 65 64 44 38 36 400
402 400 402 402 401 401 401 401 402 402 401 401 402 402 400
0 0 0 1 0 0 0 0 0 0
1 1 1 1 1 1 1 1 1 1
1 1 1 1 1 1 1 1 1 1
1 1 1 1 1 1 1 1 1 1
1 1 0 1 1 1 1 1 0 0
1 1 1 1 1 1 1 1 1 1
1 1 0 1 1 1 0 0 0 0
1 1 0 0 1 1 0 0 0 0
1 2 1 1 1 1 0 0 0 0
1 1 1 1 1 1 1 1 1 1
Maze 163
87 39 2.7272727273 2.1743949138 36 0.358271853576312
6 43 30 70 80 49 19 81 52 41 15 71 83 69 60 6
3 23 400 400 79 400 11 51 51 11 11 81 63 59 56
402 402 400 400 401 400 402 402 401 402 402 401 402 402 401
0 0 1 1 1 2 0 0 0 0
1 1 1 1 1 1 1 1 1 0
1 0 1 1 1 1 1 1 1 1
1 0 1 0 0 1 0 0 1 1
1 0 1 0 0 1 0 0 1 1
1 1 0 0 0 1 1 1 1 1
1 0 1 1 1 1 1 1 1 1
1 0 1 0 0 0 0 0 1 1
1 1 1 0 0 0 0 0 0 0
0 0 0 0 0 0 0 0 0 0
Maze 164
93 66 3.4901960784 2.1472868302 45 0.404196133878943
1 42 55 73 43 87 92 38 14 5 95 7 60 21 22 1
41 52 53 400 83 82 32 34 4 400 5 57 51 400 21
401 401 402 400 401 402 402 401 402 400 402 401 401 400 401
2 0 0 1 1 1 1 0 0 0
1 0 0 1 1 0 1 0 0 0
1 1 0 1 1 0 1 0 0 0
1 1 1 1 1 1 1 1 0 0
1 1 1 0 1 0 1 0 0 0
1 1 1 1 1 1 1 1 1 1
0 1 1 0 1 0 0 0 0 0
0 1 1 0 1 0 0 0 0 0
0 1 1 1 1 1 1 0 0 0
0 1 0 0 1 0 0 0 0 0
Maze 165
99 60 3.2857142857 2.1460047655 77 0.392030084724663
95 6 35 98 78 95 11 85 94 86 23 17 49 87 42 95
5 5 95 400 75 91 81 84 84 83 13 47 47 82 92
402 402 401 400 402 401 401 402 402 401 402 401 402 401 401
0 0 0 0 1 1 0 0 0 0
1 0 1 1 1 1 1 0 0 0
1 0 1 0 1 0 1 0 0 0
1 0 1 0 1 0 1 0 0 0
1 1 1 0 1 0 1 1 1 0
1 1 1 0 1 0 1 0 0 0
1 1 1 0 1 0 1 0 0 0
1 1 1 0 1 1 1 1 0 0
1 1 1 1 1 1 1 1 0 0
1 1 1 1 2 1 1 1 0 0
Maze 166
91 57 2.7457627119 2.3141445615 31 0.386096210225727
75 14 21 25 50 52 77 51 81 35 79 88 71 99 79 75
74 11 400 45 42 72 71 400 31 75 78 81 91 400 400
401 402 400 401 402 401 401 400 402 401 402 401 401 400 400
0 0 0 0 0 0 0 0 0 0
1 1 1 1 0 0 0 0 0 0
1 1 1 1 1 0 0 0 0 0
1 1 1 1 1 0 0 0 0 0
1 1 1 1 1 1 1 1 1 1
1 1 0 1 1 0 0 0 0 0
1 1 0 1 1 0 0 0 0 0
1 1 1 1 2 1 1 1 1 0
1 1 1 1 1 1 1 1 1 0
1 1 1 1 1 1 1 1 1 0
Maze 167
119 120 3.4181818182 2.0481250853 105 0.390774882466572
73 55 88 52 3 50 73 33 81 23 71 20 63 7 47 73
53 85 82 2 43 43 400 31 21 21 11 13 3 400 43
402 401 401 402 401 402 400 402 402 402 402 402 402 400 402
0 1 1 1 1 1 1 0 0 0
1 1 1 1 1 1 1 1 1 1
1 1 1 0 0 0 1 0 0 0
1 1 1 0 0 0 1 0 0 0
1 1 1 1 1 1 1 1 1 1
1 1 1 1 1 0 0 0 0 0
1 1 1 0 1 0 0 0 0 0
1 1 2 0 1 0 0 0 0 0
1 1 1 1 1 1 1 1 0 0
0 0 0 0 0 0 0 0 0 0
Maze 168
89 86 2.9310344828 2.2712262506 36 0.370967141454446
46 23 44 67 79 99 25 59 95 2 18 37 58 81 96 46
43 43 64 77 400 95 55 55 92 12 17 57 51 91 400
401 401 401 401 400 401 401 402 401 401 402 401 402 401 400
0 1 0 0 0 0 0 0 0 0
0 1 1 1 1 1 1 1 0 0
0 1 1 0 1 0 1 0 0 0
0 1 1 0 1 0 1 0 0 0
0 1 1 1 1 2 1 0 0 0
1 1 1 1 1 1 1 1 1 0
1 1 0 1 1 1 1 0 0 0
1 1 0 0 1 1 1 1 1 0
1 1 0 0 1 1 0 0 1 0
1 1 1 1 1 1 1 1 1 0
Maze 169
101 177 3.1724137931 2.1971563403 65 0.372220335874069
23 5 22 56 36 80 8 61 30 39 48 5 85 99 5 23
3 2 52 400 76 78 1 21 29 38 45 400 95 95 3
402 402 401 400 401 401 402 402 402 402 401 400 401 401 402
1 1 1 1 1 1 1 1 0 0
1 1 1 0 1 0 0 1 0 0
1 1 2 1 1 1 1 1 1 1
1 1 0 0 1 1 0 1 1 0
1 1 0 0 1 1 1 1 0 0
1 1 1 1 1 1 0 1 0 0
1 0 0 0 1 1 0 1 0 0
0 0 0 0 1 1 1 1 1 1
0 0 0 0 1 0 0 0 0 0
0 0 0 0 1 1 1 1 1 0
Maze 170
81 32 3.3488372093 2.1677188952 30 0.384486384154425
97 75 1 63 3 28 54 54 42 35 33 23 34 98 35 97
95 71 61 400 23 24 400 52 32 400 400 33 94 95 95
401 401 401 400 401 402 400 401 402 400 400 401 401 401 401
1 0 1 0 0 0 0 0 0 0
1 0 1 0 0 0 0 0 0 0
1 0 1 1 1 1 1 1 0 0
1 1 1 1 1 0 0 0 0 0
1 1 1 1 1 0 0 0 0 0
1 1 1 1 1 0 0 0 0 0
1 1 1 1 1 0 0 0 0 0
1 1 1 1 1 0 0 0 0 0
0 0 0 1 1 0 0 0 0 0
0 0 0 1 1 1 2 1 0 0
Maze 171
87 53 3.3333333333 1.8556393564 45 0.390298393436205
63 56 24 63 84 36 91 58 5 30 17 63 43 15 14 63
53 54 23 83 34 31 51 55 25 27 13 400 13 400 13
402 401 402 401 402 402 402 401 401 401 402 400 402 400 402
0 0 0 0 1 0 0 0 0 0
0 0 1 1 1 1 1 0 0 0
0 0 1 1 1 1 1 1 1 1
1 1 1 1 1 1 0 0 0 0
1 0 1 1 1 0 0 0 0 0
1 1 1 1 1 1 1 1 0 0
1 0 2 1 0 0 0 0 0 0
1 0 1 1 0 0 0 0 0 0
1 0 1 1 0 0 0 0 0 0
1 0 0 0 0 0 0 0 0 0
Maze 172
83 78 3.2608695652 2.2044679714 35 0.385601296657155
71 31 2 53 51 46 28 45 92 16 35 31 55 77 49 71
400 1 52 400 41 26 25 42 12 15 400 51 75 47 41
400 402 401 400 402 402 402 402 402 402 400 401 401 402 402
1 1 0 0 0 0 0 0 0 0
1 1 1 1 1 1 0 0 0 0
1 1 0 0 1 1 1 1 0 0
1 1 1 1 1 1 0 0 0 0
1 1 1 1 1 1 1 1 1 0
1 1 1 1 1 0 1 0 0 0
1 1 0 0 1 0 1 0 0 0
2 1 0 0 1 1 1 0 0 0
0 1 0 0 0 0 0 0 0 0
0 1 0 0 0 0 0 0 0 0
Maze 173
109 64 3.3469387755 1.8703415179 52 0.375595868536811
21 55 37 42 89 89 22 94 38 5 71 97 84 11 71 21
51 35 32 82 400 82 92 34 35 1 91 94 81 400 400
401 402 402 401 400 401 401 402 401 402 401 401 401 400 400
1 1 1 1 1 0 0 0 0 0
1 0 0 0 1 0 0 0 0 0
2 1 0 0 1 0 0 0 0 0
1 1 1 1 1 1 1 1 0 0
1 1 0 1 1 0 0 0 0 0
1 1 1 1 1 0 0 0 0 0
1 1 0 1 0 0 0 0 0 0
1 1 0 1 0 0 0 0 0 0
1 1 1 1 1 1 1 1 1 0
1 1 1 1 1 1 1 0 0 0
Maze 174
91 31 3.3750000000 2.0578165456 39 0.390005527058893
31 12 97 63 43 50 64 75 81 82 37 86 80 93 36 31
11 92 93 400 400 44 74 71 400 32 36 76 73 33 400
402 401 401 400 400 402 401 402 400 402 402 402 402 402 400
0 0 0 0 0 0 0 0 0 0
1 1 0 0 0 0 0 0 0 0
1 1 0 0 0 0 0 0 0 0
2 1 1 1 1 1 1 0 0 0
0 1 1 1 1 1 1 1 1 1
0 1 1 1 0 1 0 0 0 0
0 1 1 1 0 1 0 0 0 0
1 1 1 1 1 1 1 1 1 1
1 1 1 0 0 1 0 0 0 0
0 1 1 1 1 1 1 0 0 0
Maze 175
99 78 2.9310344828 2.1609832374 70 0.405241244058647
100 70 64 27 95 52 99 55 96 47 37 20 69 32 30 100
400 400 24 25 92 92 95 95 46 400 17 19 62 22 400
400 400 402 402 401 401 401 401 402 400 402 402 401 402 400
0 0 0 0 0 0 0 0 0 0
0 0 0 0 0 0 1 1 1 1
0 1 1 1 1 1 1 1 1 1
0 1 0 1 1 0 1 0 1 1
0 1 0 1 1 1 1 0 1 1
0 1 0 1 1 1 0 0 1 1
0 1 1 1 1 1 1 1 1 1
0 1 0 0 1 1 0 0 0 1
0 1 0 0 1 1 0 0 0 1
0 1 1 1 1 1 1 1 1 2
Maze 176
81 108 3.2857142857 1.9239471860 30 0.385090505724897
20 20 10 61 52 57 24 3 18 14 53 46 9 64 23 20
400 400 1 51 400 54 23 13 400 13 43 6 4 63 13
400 400 402 402 400 401 401 401 400 402 402 402 402 401 402
1 1 1 1 1 1 1 1 1 1
1 0 1 1 1 1 1 1 1 2
1 0 1 1 0 1 0 0 0 0
1 0 1 1 0 1 0 0 0 0
1 0 1 1 1 1 0 0 0 0
1 1 1 1 1 1 1 0 0 0
1 0 1 1 0 0 0 0 0 0
0 0 0 0 0 0 0 0 0 0
0 0 0 0 0 0 0 0 0 0
0 0 0 0 0 0 0 0 0 0
Maze 177
107 162 3.5471698113 2.0502229881 86 0.398248447551443
89 43 87 21 11 63 37 27 45 69 32 83 30 87 28 89
83 83 81 400 61 33 400 25 65 62 82 23 27 27 88
401 401 401 400 401 402 400 402 401 401 401 402 402 402 401
0 0 0 0 0 0 0 0 0 0
1 0 0 0 0 0 0 0 0 0
1 0 1 1 1 1 1 1 1 1
1 1 1 1 1 1 1 1 0 0
1 1 1 0 1 0 1 1 0 0
1 1 1 0 1 0 1 1 0 0
1 1 1 1 1 1 1 1 1 0
1 1 1 0 0 0 1 1 0 0
1 1 1 1 1 1 1 1 2 0
0 0 0 0 0 0 0 0 0 0
Maze 178
109 87 3.1636363636 2.1705072404 80 0.389684874803150
66 1 83 22 26 47 70 33 12 56 99 93 67 21 89 66
61 81 82 400 46 67 63 32 52 96 400 63 61 81 86
401 401 401 400 401 401 401 401 401 401 400 402 401 401 401
1 0 0 0 0 0 0 0 0 0
1 1 0 0 0 0 0 0 0 0
1 1 1 1 1 1 0 0 0 0
1 1 1 0 0 1 0 0 0 0
1 1 1 0 0 1 1 0 0 0
1 1 1 1 1 1 1 0 0 0
1 1 1 1 1 2 1 1 1 1
1 1 1 0 0 1 0 0 0 0
1 1 1 1 1 1 1 1 1 0
0 0 1 1 1 1 1 1 1 0
Maze 179
107 286 3.3076923077 1.9069691916 105 0.393024406107684
4 37 94 5 38 96 82 40 26 96 91 33 57 81 73 4
34 34 4 35 36 92 32 36 400 400 31 53 51 71 3
401 402 402 401 402 401 402 401 400 400 402 401 402 402 402
0 0 1 2 1 0 0 0 0 0
0 0 1 1 1 0 0 0 0 0
0 0 1 1 1 1 0 0 0 0
1 1 1 1 1 1 1 1 1 1
1 1 1 1 0 1 0 0 0 0
1 1 1 1 1 1 1 0 0 0
1 1 1 1 0 1 0 0 0 0
1 1 1 1 0 1 0 0 0 0
1 1 0 1 0 1 0 0 0 0
1 1 1 1 1 1 0 0 0 0
Maze 180
73 8 3.0222222222 2.1380323830 20 0.376375364886264
52 75 50 88 98 60 53 33 13 19 46 20 47 65 41 52
72 45 48 400 58 400 400 400 400 16 16 17 45 61 51
401 402 402 400 402 400 400 400 400 402 402 402 402 401 401
0 0 0 0 0 0 0 0 0 0
0 0 1 1 1 1 1 1 1 1
0 0 1 0 0 1 1 0 0 0
0 0 1 0 0 1 1 0 0 0
1 0 1 0 1 1 1 1 1 1
1 2 1 1 1 1 1 1 1 1
1 1 1 1 1 0 0 1 0 0
0 1 1 1 1 0 0 1 0 0
0 0 0 0 0 0 0 1 0 0
0 0 0 0 0 0 0 1 0 0
Maze 181
93 35 3.0877192982 2.3609678287 45 0.365471302493929
14 41 76 91 95 71 49 17 13 39 10 41 34 73 83 14
11 71 71 400 91 41 47 400 33 9 1 31 33 400 13
402 401 402 400 401 402 401 400 401 402 402 402 402 400 402
1 1 1 1 1 1 1 1 1 1
1 1 1 2 1 1 1 0 1 0
1 0 1 0 0 0 1 0 1 0
1 1 1 1 1 1 1 1 1 0
1 1 1 1 1 1 1 1 1 0
1 0 1 0 0 0 0 0 0 0
1 0 1 0 0 0 0 0 0 0
1 1 1 1 1 1 0 0 0 0
1 0 1 0 0 0 0 0 0 0
1 1 1 1 1 0 0 0 0 0
Maze 182
83 171 2.7241379310 2.2578576999 25 0.359370684533837
44 84 80 89 18 58 29 75 63 19 69 16 25 13 71 44
400 74 79 88 400 28 25 73 13 400 66 15 23 11 41
400 402 402 401 400 402 402 401 402 400 401 402 401 402 402
0 0 0 0 0 0 0 0 0 0
1 1 1 1 1 1 1 1 1 0
1 0 1 1 1 1 1 1 1 0
1 0 1 0 1 1 0 1 1 0
1 1 1 2 1 1 0 1 1 0
1 0 1 1 1 1 0 1 1 0
1 0 1 1 1 1 1 1 1 0
1 0 1 1 1 1 1 1 1 1
0 0 0 1 0 0 0 1 1 0
0 0 0 0 0 0 0 0 0 0
Maze 183
83 13 2.7368421053 2.2502554023 21 0.367856324283318
55 67 24 4 12 88 27 8 2 6 56 76 3 41 4 55
65 64 400 2 82 87 7 400 400 400 400 73 1 1 54
401 401 400 402 401 401 402 400 400 400 400 401 402 402 401
1 1 1 1 1 1 1 1 0 0
1 1 1 1 0 1 1 0 0 0
1 1 1 1 0 1 1 0 0 0
1 1 1 1 0 1 1 0 0 0
1 1 1 1 0 1 1 0 0 0
0 1 1 1 2 1 1 0 0 0
0 1 1 1 1 1 1 0 0 0
0 1 1 1 1 1 1 0 0 0
0 1 1 1 1 1 1 1 0 0
0 0 0 0 0 0 0 0 0 0
Maze 184
103 865 3.2413793103 2.2308259625 84 0.383492078279264
63 11 46 38 22 56 38 8 90 19 14 93 48 64 28 63
61 41 36 32 52 36 400 88 89 400 13 43 44 24 23
401 401 402 401 401 402 400 401 401 400 402 402 402 402 402
0 0 0 0 0 0 0 1 0 0
1 0 1 1 1 1 1 1 1 0
1 1 1 1 1 1 1 1 1 0
1 1 1 1 1 1 1 1 1 0
1 1 1 1 1 1 1 1 1 0
1 1 1 1 1 1 0 1 1 0
1 1 2 1 0 0 0 1 1 0
0 0 1 0 0 0 0 1 1 0
0 0 1 0 0 0 0 1 1 1
0 0 1 0 0 0 0 0 0 0
Maze 185
101 191 3.1000000000 2.1669222552 64 0.392740692344895
77 8 11 31 58 56 47 80 82 9 35 89 75 53 40 77
7 1 400 51 400 46 77 72 2 5 85 85 73 33 37
402 402 400 401 400 402 401 402 402 402 401 401 401 402 402
1 1 1 1 1 1 1 1 1 0
1 1 0 0 1 0 1 0 0 0
1 1 0 0 1 0 1 0 0 0
1 1 1 1 1 1 1 1 1 1
1 1 1 0 1 1 1 0 0 0
1 1 1 1 1 1 1 1 0 0
0 1 1 0 1 0 1 0 0 0
0 1 1 1 1 1 2 1 1 1
0 1 0 0 1 1 1 1 1 0
0 0 0 0 0 0 0 0 0 0
Maze 186
97 144 3.1111111111 2.1215205058 46 0.380160803309905
73 100 90 82 45 76 51 29 93 93 65 28 67 27 99 73
93 400 400 42 75 71 21 23 400 63 25 27 400 97 93
401 400 400 402 401 401 402 402 400 402 402 402 400 401 401
0 0 0 0 0 0 0 0 0 0
0 0 0 0 0 0 0 0 0 0
1 1 1 1 1 1 1 1 1 0
1 0 1 0 1 0 1 0 0 0
1 1 1 1 1 0 1 0 0 0
1 1 1 0 1 0 1 0 0 0
1 1 1 1 1 0 1 0 0 0
1 1 2 1 1 1 1 0 0 0
0 1 1 1 1 1 1 1 1 1
0 0 1 1 1 1 1 1 1 1
Maze 187
81 35 3.0400000000 2.1954918145 35 0.402092827813606
46 43 59 84 47 87 68 32 8 26 8 49 45 7 39 46
400 53 54 44 400 67 62 2 6 6 48 400 5 37 36
400 401 402 402 400 402 401 402 402 402 401 400 402 401 402
0 1 1 1 1 1 1 1 0 0
0 1 0 0 1 1 1 1 0 0
0 1 0 0 1 1 1 1 0 0
0 1 0 0 1 1 1 1 1 0
0 1 1 1 1 2 1 1 1 0
0 1 1 1 1 1 1 1 1 0
0 1 1 1 1 1 1 1 0 0
0 0 0 1 0 0 1 0 0 0
0 0 0 1 0 0 1 0 0 0
0 0 0 0 0 0 0 0 0 0
Maze 188
73 11 2.7200000000 2.2119288269 20 0.369884532323562
88 79 54 94 80 80 75 40 70 69 48 92 13 17 17 88
78 74 400 74 400 400 35 400 400 68 42 12 400 400 87
402 401 400 402 400 400 402 400 400 401 402 402 400 400 401
0 0 0 0 0 0 0 0 0 0
0 1 1 1 1 1 1 0 0 0
0 1 0 0 0 0 1 0 0 0
0 1 0 0 1 1 1 1 1 1
0 1 1 1 1 1 1 1 0 1
0 1 0 1 1 0 1 1 0 1
0 1 0 1 1 0 1 1 1 1
0 1 0 1 1 1 1 1 1 1
0 1 0 1 0 0 1 2 0 0
0 1 0 1 0 0 0 0 0 0
Maze 189
79 37 3.1428571429 2.2093666134 35 0.366855855795768
85 86 96 8 41 60 63 51 66 98 58 7 37 67 83 85
400 400 6 1 51 53 61 61 96 400 57 400 400 63 400
400 400 402 402 401 402 401 401 401 400 401 400 400 402 400
1 1 1 1 1 1 1 1 0 0
1 0 0 0 0 1 1 0 0 0
1 0 0 0 0 1 1 0 0 0
1 0 0 0 0 1 1 0 0 0
1 0 0 0 0 1 1 0 0 0
1 1 1 1 1 1 1 1 1 1
1 1 1 1 1 1 1 1 0 0
0 0 1 0 0 1 0 1 0 0
0 0 1 1 2 1 0 1 0 0
0 0 0 0 0 1 1 1 0 0
Maze 190
101 107 3.1851851852 2.1035508285 62 0.381422601659966
20 92 93 40 62 86 40 28 45 33 83 41 74 71 24 20
12 400 33 32 82 36 38 25 43 400 81 71 400 21 14
402 400 402 402 401 402 401 402 401 400 401 401 400 402 402
0 0 0 0 0 0 0 0 0 0
0 1 1 1 1 1 1 1 1 2
1 1 1 1 1 1 1 1 0 0
1 1 1 1 1 1 1 1 1 1
1 1 1 1 1 1 0 0 0 0
1 1 1 0 0 1 0 0 0 0
1 1 1 0 0 1 0 0 0 0
1 1 1 1 0 1 0 0 0 0
1 1 1 1 1 1 0 0 0 0
0 1 1 0 0 0 0 0 0 0
Maze 191
107 107 3.1228070175 2.0564018782 98 0.368176789489356
51 69 20 72 6 50 19 18 14 73 1 82 15 48 64 51
61 19 12 2 46 49 400 400 13 71 81 12 45 44 61
401 402 402 402 401 401 400 400 402 401 401 402 401 402 401
1 1 1 1 1 1 0 0 0 0
1 1 1 1 1 1 1 1 1 1
1 1 1 0 1 1 0 0 1 0
1 1 1 0 1 1 0 0 1 0
1 1 1 1 1 1 1 1 1 1
2 1 1 1 0 0 0 0 1 0
1 1 1 1 1 1 1 1 1 0
1 1 1 0 0 0 0 0 0 0
1 1 0 0 0 0 0 0 0 0
0 0 0 0 0 0 0 0 0 0
Maze 192
89 12 3.5000000000 2.1114862534 31 0.410115842035640
43 25 43 1 73 42 96 59 26 88 7 78 67 86 26 43
23 23 41 71 72 92 56 56 86 87 77 77 66 400 23
402 402 401 401 401 401 402 401 401 401 401 401 402 400 402
1 0 0 0 0 0 1 0 0 0
1 0 0 0 0 0 1 0 0 0
1 0 1 1 1 1 1 0 0 0
1 0 1 0 0 1 1 0 0 0
1 1 2 0 0 1 1 0 0 0
1 1 0 0 0 1 1 1 1 0
1 1 0 0 0 1 1 0 0 0
1 1 1 0 0 1 1 1 0 0
0 1 0 0 0 1 1 1 0 0
0 1 1 1 1 1 0 0 0 0
Maze 193
89 47 3.1111111111 1.9256726096 45 0.394559776233388
10 32 4 14 62 32 81 76 17 63 65 77 66 32 82 10
2 2 400 12 400 31 71 16 13 400 75 76 62 400 2
402 402 400 402 400 402 402 402 402 400 401 401 401 400 402
0 1 1 1 1 1 1 1 1 2
0 1 1 1 1 1 1 0 0 0
0 1 1 0 0 1 0 0 0 0
1 1 1 0 0 1 0 0 0 0
1 1 1 0 0 1 0 0 0 0
1 1 1 0 0 1 0 0 0 0
1 1 1 1 1 1 0 0 0 0
1 1 1 1 1 1 1 0 0 0
1 1 0 0 0 0 0 0 0 0
0 0 0 0 0 0 0 0 0 0
Maze 194
93 11 3.1851851852 2.2204022856 39 0.381556619888368
87 87 79 98 78 51 6 42 57 94 50 34 60 44 81 87
400 77 78 400 71 1 2 52 54 44 44 54 54 41 400
400 402 402 400 401 402 402 401 402 402 401 401 401 402 400
1 1 1 1 1 1 0 0 0 0
1 1 0 0 0 0 0 0 0 0
1 1 0 0 0 0 0 0 0 0
1 1 0 1 0 0 0 0 0 0
1 1 1 1 1 1 1 1 1 1
1 1 1 1 1 1 1 1 1 1
1 0 0 1 0 0 0 0 0 0
1 1 1 1 1 1 1 1 1 0
1 1 1 1 1 1 2 1 0 0
0 0 0 1 0 0 0 1 0 0
Maze 195
101 842 3.4285714286 1.9159298589 71 0.386664395489685
46 53 8 29 45 10 3 85 38 26 10 64 59 26 52 46
43 3 28 25 5 400 83 35 36 6 4 54 56 22 42
402 402 401 402 402 400 401 402 401 402 402 402 401 402 402
0 0 1 1 1 1 1 1 1 1
0 0 1 1 1 1 0 1 0 0
0 1 1 1 1 1 1 1 1 0
0 1 1 1 1 1 1 1 0 0
0 1 1 1 1 2 0 0 0 0
0 1 1 1 1 1 1 1 1 0
0 0 1 1 1 0 0 0 0 0
0 0 1 0 1 0 0 0 0 0
0 0 1 1 1 0 0 0 0 0
0 0 0 0 0 0 0 0 0 0
Maze 196
83 63 2.7924528302 2.1632051702 30 0.371576554861615
18 86 84 9 40 14 76 78 97 37 6 21 53 34 54 18
16 400 4 39 34 74 400 77 400 36 1 51 33 400 14
402 400 402 401 401 401 400 402 400 401 402 401 402 400 402
1 1 1 1 1 1 1 1 1 0
1 0 0 1 1 1 1 2 1 0
1 0 0 1 0 1 0 0 1 0
1 0 1 1 1 1 1 1 1 1
1 0 1 1 0 1 1 0 0 0
1 1 1 1 0 1 1 0 0 0
0 0 0 1 0 1 1 0 0 0
0 0 0 1 1 1 1 1 0 0
0 0 0 1 1 1 1 0 0 0
0 0 0 0 0 0 1 0 0 0
Maze 197
73 7 2.7826086957 2.2368043440 20 0.404908497940569
74 66 75 91 71 51 88 31 82 7 39 30 37 37 36 74
64 65 71 400 400 81 81 81 2 37 29 27 400 400 34
402 402 402 400 400 401 401 401 402 401 402 402 400 400 402
0 1 1 1 1 1 1 0 0 0
0 1 0 0 0 0 1 0 0 0
0 1 0 0 0 0 1 1 1 1
1 1 0 1 1 1 1 1 1 0
1 1 0 1 0 0 0 0 0 0
1 1 0 1 0 0 0 0 0 0
1 1 0 1 1 1 0 0 0 0
1 1 1 2 1 0 0 0 0 0
1 1 1 1 1 1 1 1 0 0
1 0 0 0 0 0 0 0 0 0
Maze 198
97 223 3.2592592593 2.1336864791 55 0.381265731518349
30 53 36 25 35 54 10 43 25 81 98 25 56 12 6 30
23 33 35 400 34 4 3 23 21 91 95 55 52 2 26
402 402 401 400 402 402 402 402 402 401 401 401 401 402 401
0 1 1 1 1 1 1 1 1 1
0 1 1 1 0 1 0 0 0 0
1 1 1 1 1 1 1 1 1 2
1 1 1 1 1 1 0 0 0 0
1 1 1 1 1 0 0 0 0 0
1 1 1 1 1 1 0 0 0 0
1 0 0 0 1 0 0 0 0 0
1 0 0 0 1 0 0 0 0 0
1 0 0 0 1 0 0 0 0 0
1 1 1 1 1 1 1 1 0 0
Maze 199
93 252 3.0000000000 2.3379562395 39 0.405607134945823
6 42 25 63 77 39 6 98 38 9 99 73 53 5 20 6
2 22 23 73 37 36 96 400 8 400 93 400 3 15 16
402 402 402 401 402 401 401 400 402 400 401 400 402 401 401
0 1 1 1 1 2 0 1 1 0
0 1 1 0 1 1 1 1 1 1
0 1 1 1 1 1 0 1 1 0
0 1 1 0 0 1 1 1 1 0
0 1 1 0 0 1 1 1 1 0
0 0 1 0 0 1 1 1 1 0
0 0 1 0 0 1 1 1 1 0
0 0 1 1 1 1 1 1 1 0
0 0 1 0 0 1 0 1 1 0
0 0 1 1 1 1 1 1 1 0
Maze 200
107 71 3.0163934426 2.1162445594 99 0.366846350286426
70 76 95 6 14 73 89 42 59 60 8 71 1 59 97 70
66 75 5 4 13 83 82 52 400 58 1 400 51 57 67
402 402 402 402 402 401 401 401 400 401 402 400 401 402 402
1 1 1 1 1 1 1 1 0 0
1 0 1 1 1 0 0 1 0 0
1 0 1 0 1 0 0 1 0 0
1 0 1 0 1 0 0 1 0 0
1 1 1 0 1 0 0 1 0 0
1 1 1 1 1 1 1 1 1 1
1 1 1 0 1 1 1 1 1 2
1 1 1 0 1 1 1 0 0 0
0 1 1 1 1 1 1 1 1 0
0 0 0 0 1 0 1 0 0 0
