numMazes: 200
mazeSize: 10
Maze 1
85 129 3.2083333333 2.0128969290 56 0.385713276918112
88 6 3 25 58 35 29 34 13 57 60 48 28 1 20 88
86 400 23 55 55 25 24 33 53 400 58 400 21 11 18
401 400 401 401 401 402 402 401 401 400 401 400 401 401 402
1 0 1 1 1 1 0 0 0 0
1 1 1 1 1 1 1 1 1 1
1 1 1 1 1 1 1 1 1 0
0 0 1 1 1 1 0 1 0 0
0 0 1 0 1 1 0 1 0 0
0 0 1 1 1 1 1 1 1 1
0 0 0 0 0 1 0 1 0 0
0 0 0 0 0 1 0 1 0 0
0 0 0 0 0 1 1 2 0 0
0 0 0 0 0 0 0 0 0 0
Maze 2
71 10 3.0731707317 1.9991526191 13 0.352160488648900
58 52 44 42 89 9 29 29 60 81 41 44 36 95 55 58
400 42 400 82 400 400 400 59 51 400 400 34 35 400 400
400 402 400 401 400 400 400 401 402 400 400 402 402 400 400
0 0 0 0 0 0 0 0 1 0
0 0 0 0 0 0 0 0 1 0
0 0 0 0 0 0 0 0 1 0
0 0 0 1 1 1 0 0 1 0
1 1 1 1 1 0 0 0 1 0
1 1 1 1 1 1 1 2 1 1
1 1 0 0 1 0 0 0 1 0
1 1 0 0 1 0 0 0 1 0
1 1 1 1 1 1 1 1 1 0
0 0 0 0 1 0 0 0 0 0
Maze 3
111 37 3.0882352941 2.2944586521 81 0.374327521964152
21 80 3 10 51 61 90 90 12 66 15 29 40 56 42 21
71 73 400 1 400 81 400 82 62 65 25 39 36 52 41
401 401 400 402 400 401 400 401 401 401 401 401 402 401 401
1 1 1 1 1 1 1 1 1 1
1 1 1 0 1 0 0 0 0 0
2 1 1 0 1 1 1 1 1 0
1 1 1 0 1 1 1 1 1 1
1 1 1 0 1 1 0 0 0 0
1 1 1 1 1 1 0 0 0 0
1 1 1 1 1 1 0 0 0 0
1 1 1 1 1 1 1 1 1 1
1 1 1 1 1 1 1 1 1 1
0 0 0 0 0 0 0 0 0 0
Maze 4
93 103 3.1111111111 2.1382786214 56 0.388825169463717
38 12 13 6 30 66 52 78 24 39 35 60 52 81 80 38
32 400 3 26 26 62 72 74 34 400 55 400 51 71 78
401 400 402 401 402 401 401 401 401 400 401 400 402 402 401
0 0 1 1 1 1 0 0 0 0
0 1 1 0 0 1 0 0 0 0
0 1 0 1 0 1 1 1 1 1
0 1 1 1 1 1 1 2 1 0
0 0 0 1 1 1 0 1 0 0
1 1 1 1 1 1 1 1 1 1
1 1 1 1 1 1 0 1 0 0
1 1 1 1 1 1 1 1 1 1
1 0 0 0 0 0 0 0 0 0
0 0 0 0 0 0 0 0 0 0
Maze 5
83 263 2.9200000000 2.1818293277 30 0.370572168460386
88 57 25 59 85 91 66 68 89 27 91 73 48 29 48 88
87 55 55 55 81 61 400 88 87 21 71 43 28 28 400
401 401 401 402 402 402 400 401 401 402 402 402 402 402 400
0 0 0 0 0 0 0 0 0 0
0 0 0 0 0 0 0 0 0 0
1 1 1 1 1 1 1 1 1 0
1 0 0 0 1 0 1 1 0 0
1 0 1 1 1 1 1 1 0 0
1 0 1 0 1 1 1 1 1 0
1 1 1 1 1 1 1 1 0 0
1 1 1 0 1 0 1 1 0 0
1 1 1 1 1 0 1 2 1 0
1 0 0 0 0 0 0 0 0 0
Maze 6
91 40 2.8666666667 2.2944303027 50 0.387415577696605
22 46 62 53 68 36 11 90 69 100 89 9 35 73 16 22
42 42 52 63 66 31 81 89 99 99 400 5 33 13 12
401 402 402 401 401 401 401 401 401 401 400 402 402 402 402
0 0 0 0 1 1 1 1 1 0
1 1 1 1 1 1 0 0 1 0
1 2 1 0 1 0 0 0 1 0
1 1 1 1 1 1 0 0 1 0
1 1 1 1 1 1 0 0 1 0
1 1 1 0 0 1 0 0 1 0
1 1 1 1 1 1 1 1 1 0
1 0 1 0 0 0 0 0 1 0
1 1 1 1 1 1 1 1 1 1
0 0 0 0 0 0 0 0 1 1
Maze 7
103 11 2.8275862069 1.9481702004 60 0.367466234676735
68 61 95 60 23 7 21 43 95 23 96 33 49 100 99 68
400 91 55 53 3 1 41 93 93 93 93 43 99 400 98
400 401 402 401 402 402 401 401 401 401 401 401 401 400 401
1 1 1 1 1 1 1 0 0 0
1 0 1 0 0 0 0 0 0 0
1 0 1 0 0 0 0 0 0 0
1 0 1 0 0 0 0 0 0 0
1 1 1 1 1 1 1 1 1 0
0 0 1 1 1 1 1 1 1 1
1 1 1 1 1 1 1 2 1 0
1 0 1 0 1 0 0 1 1 0
1 0 1 0 1 0 0 1 1 0
1 1 1 1 1 1 0 1 1 1
Maze 8
91 592 3.0181818182 2.2665805430 56 0.383937458041862
87 43 67 40 96 45 14 35 18 89 54 71 55 32 38 87
83 63 37 36 95 44 34 15 88 84 51 51 52 400 37
401 401 402 402 401 401 401 402 401 401 402 402 401 400 402
0 0 0 0 0 0 0 0 0 0
0 0 0 1 1 1 1 1 0 0
0 0 0 1 1 0 0 1 0 0
0 1 1 1 1 1 1 1 1 1
0 1 1 1 1 1 1 1 0 0
1 1 1 1 1 1 1 1 0 0
1 0 1 1 1 1 1 1 0 0
1 0 1 1 1 1 1 1 0 0
0 0 1 1 1 1 2 1 1 0
0 0 0 0 1 1 0 0 0 0
Maze 9
105 299 3.0476190476 2.2340692958 97 0.395574094030224
50 8 37 39 31 84 63 15 88 70 84 1 59 17 75 50
48 7 400 400 81 83 13 85 68 64 81 51 57 15 45
401 402 400 400 401 401 402 401 402 402 401 401 401 402 402
1 0 0 0 0 0 1 1 0 0
1 0 1 1 1 1 1 1 0 0
1 0 1 0 1 0 1 1 0 0
1 1 1 1 1 1 1 1 1 0
1 0 1 0 1 1 1 1 1 2
1 1 1 1 1 1 1 1 1 0
1 0 1 1 1 1 1 1 1 1
1 0 1 1 1 0 0 1 0 0
1 1 1 1 1 1 1 1 0 0
0 0 0 0 0 0 0 0 0 0
Maze 10
99 232 3.0312500000 2.3907711483 66 0.367986733178834
67 80 29 65 22 26 20 34 90 61 95 24 21 53 98 67
77 79 25 62 400 16 14 84 81 91 94 400 51 93 97
401 401 402 401 400 402 402 401 401 401 401 400 401 401 401
0 0 0 0 0 0 0 0 0 0
0 0 0 1 1 1 1 1 1 1
1 1 1 1 1 1 1 1 1 0
1 1 0 1 1 0 0 0 1 0
1 1 0 1 1 0 0 0 1 0
1 1 1 1 1 0 0 0 1 0
1 1 1 1 1 0 2 0 1 0
1 0 1 1 0 0 1 1 1 1
1 1 1 1 1 1 1 1 1 1
1 1 1 1 1 1 1 1 0 0
Maze 11
109 117 3.0847457627 2.1604287540 104 0.395621565839342
16 91 82 40 13 73 24 56 82 8 89 53 12 41 22 16
11 81 32 33 400 23 54 52 2 88 83 52 11 21 12
402 402 402 401 400 402 401 402 402 401 401 401 402 402 402
0 1 1 1 1 1 1 1 0 0
1 1 1 1 1 2 0 1 0 0
1 1 1 1 0 0 0 1 0 0
1 1 1 1 1 1 1 1 1 1
1 1 1 1 0 0 0 1 0 0
1 1 1 1 1 1 0 1 0 0
1 1 1 0 0 0 0 1 0 0
1 1 1 0 0 0 0 1 0 0
1 1 1 1 1 1 1 1 1 0
1 0 0 0 0 0 0 0 0 0
Maze 12
99 204 3.0847457627 2.2312033591 71 0.372751421012725
47 81 79 74 10 78 88 38 24 96 4 12 57 56 88 47
41 71 400 4 8 400 400 34 94 94 2 52 400 86 87
402 402 400 402 402 400 400 401 401 401 402 401 400 401 401
0 1 1 1 1 1 1 1 1 1
0 1 0 1 0 0 0 1 0 0
0 1 0 1 0 0 0 1 0 0
0 1 0 1 1 1 1 1 0 0
1 1 1 1 1 1 2 1 0 0
1 1 1 1 1 1 1 1 0 0
1 0 0 1 0 1 1 1 0 0
1 1 1 1 1 1 1 1 1 0
1 0 0 1 0 1 1 1 0 0
0 0 0 1 1 1 0 0 0 0
Maze 13
69 6 3.2631578947 2.0731953087 20 0.375422310911209
70 58 70 87 76 86 65 51 56 15 39 83 66 43 37 70
68 68 67 86 400 85 61 400 55 35 33 63 63 33 67
401 401 402 401 400 401 401 400 401 401 402 402 401 402 401
0 0 0 0 0 0 0 0 0 0
0 0 0 0 1 0 0 0 0 0
0 0 0 0 1 0 0 0 0 0
0 0 1 1 1 1 1 1 1 0
0 0 1 0 1 0 1 0 0 0
1 1 1 1 1 1 1 1 0 0
1 1 1 1 1 1 1 1 1 2
0 0 1 0 1 1 1 0 0 0
0 0 1 0 1 1 1 0 0 0
0 0 0 0 0 0 0 0 0 0
Maze 14
81 380 2.7500000000 2.3543826084 23 0.397691717208505
5 5 71 92 78 44 27 69 81 83 37 58 59 65 8 5
400 1 91 72 74 24 67 61 400 33 57 400 55 5 400
400 402 401 402 401 402 401 402 400 402 401 400 402 402 400
1 1 1 1 2 1 1 1 0 0
1 0 0 0 1 0 0 0 0 0
1 0 0 1 1 1 1 0 0 0
1 0 1 1 1 1 1 0 0 0
1 0 1 1 1 0 1 0 0 0
1 0 1 1 1 1 1 1 1 0
1 1 1 1 1 1 1 1 1 0
1 1 1 1 1 1 1 1 0 0
1 1 1 0 0 0 0 0 0 0
1 1 0 0 0 0 0 0 0 0
Maze 15
77 1 3.4146341463 2.0853103103 35 0.394297547111368
46 84 55 58 86 69 54 97 23 94 27 7 28 30 28 46
44 54 400 56 66 64 94 93 93 24 400 27 400 400 26
402 402 400 402 402 401 401 401 401 402 400 401 400 400 402
0 0 0 0 0 0 1 0 0 0
0 0 0 0 0 0 1 0 0 0
0 0 1 1 1 1 1 1 1 1
0 0 1 1 0 1 0 0 0 0
0 0 1 1 1 2 0 0 0 0
0 0 1 1 1 1 1 1 0 0
0 0 1 1 1 1 1 1 1 0
0 0 1 1 0 1 0 0 0 0
0 0 1 1 0 1 0 0 0 0
0 0 1 1 1 1 1 0 0 0
Maze 16
109 105 3.4509803922 1.9708340383 98 0.386379150502719
54 82 47 72 48 94 60 48 49 13 41 6 70 5 51 54
52 42 42 42 44 54 58 400 43 11 1 66 65 1 400
402 402 402 402 402 402 401 400 401 402 402 401 401 402 400
1 1 1 1 1 1 0 0 0 0
1 1 1 0 1 1 0 0 0 0
1 0 1 0 1 1 0 0 0 0
1 0 1 0 1 1 0 0 0 0
1 1 1 1 1 1 1 1 1 0
1 1 1 2 1 1 1 1 1 1
0 1 0 1 1 1 1 1 1 1
0 1 0 1 0 0 0 0 0 0
0 1 0 1 0 0 0 0 0 0
0 0 0 1 0 0 0 0 0 0
Maze 17
115 50 3.5600000000 1.8903145721 148 0.373118163265731
47 83 90 33 44 29 26 81 29 63 1 12 89 67 94 47
43 400 83 43 24 400 21 21 23 61 11 82 87 64 44
402 400 401 401 402 400 402 402 402 401 401 401 401 402 402
1 0 0 0 0 0 0 0 0 0
1 1 0 0 0 0 0 0 0 0
1 1 1 1 1 1 1 1 1 0
1 1 1 1 0 0 0 0 0 0
1 1 1 1 1 1 2 0 0 0
1 1 1 1 0 0 0 0 0 0
1 1 1 1 1 1 1 0 0 0
1 1 1 1 0 0 1 0 0 0
1 1 1 1 1 1 1 1 1 1
0 0 0 1 0 0 0 0 0 0
Maze 18
83 39 3.1600000000 2.1238552117 35 0.376844012867371
36 85 29 29 36 43 1 8 15 28 69 76 2 74 14 36
35 25 400 26 33 41 400 5 25 68 66 72 72 400 34
402 402 400 402 402 401 400 402 401 401 402 401 401 400 401
1 1 1 1 1 1 1 1 0 0
1 1 0 1 1 0 0 0 0 0
1 1 0 1 1 1 1 1 1 0
1 1 1 1 1 2 0 1 0 0
1 1 1 1 1 0 0 1 0 0
0 1 0 1 1 0 0 1 0 0
0 1 0 1 1 1 1 1 1 0
0 1 1 1 1 1 0 0 0 0
0 0 0 0 1 0 0 0 0 0
0 0 0 0 0 0 0 0 0 0
Maze 19
91 10 2.5423728814 2.1068143408 34 0.373493896136418
19 51 87 65 38 68 80 10 90 60 20 22 9 48 70 19
11 81 85 35 400 78 400 400 400 400 12 2 8 68 69
402 401 401 402 400 401 400 400 400 400 402 402 402 401 401
0 1 1 1 1 1 1 1 1 1
1 1 1 1 1 1 1 1 2 1
1 1 0 0 0 0 0 1 1 1
1 0 0 0 1 1 1 1 1 1
1 0 0 0 1 0 0 1 1 1
1 0 0 0 1 0 0 1 1 1
1 0 0 0 1 0 0 1 1 1
1 0 0 0 1 0 0 1 1 1
1 1 1 1 1 1 1 0 0 1
0 0 0 0 0 0 0 0 0 0
Maze 20
99 12 3.6800000000 2.2130222928 55 0.394153608386561
84 44 11 79 80 66 59 31 64 31 50 29 49 4 10 84
400 41 71 400 76 56 51 61 61 41 49 400 44 400 4
400 401 401 400 401 402 401 401 401 401 401 400 401 400 402
0 0 0 1 1 1 1 1 1 1
1 0 0 1 0 0 0 0 0 0
1 0 0 1 0 0 0 0 1 0
1 0 0 1 0 0 0 0 1 0
1 1 1 1 1 1 1 1 1 1
1 1 1 1 1 1 1 1 1 0
1 1 1 1 0 1 0 0 0 0
1 1 1 1 1 1 1 1 1 1
0 0 0 2 0 0 0 0 0 0
0 0 0 0 0 0 0 0 0 0
Maze 21
97 474 3.2500000000 2.3262273994 60 0.375515569470657
25 71 91 46 65 24 93 96 29 48 9 84 56 1 52 25
21 400 41 45 64 23 400 26 28 8 4 54 51 51 22
402 400 402 402 401 402 400 402 402 402 402 402 401 401 402
1 0 0 1 1 1 1 1 1 0
1 0 0 1 0 0 0 1 0 0
1 1 1 1 2 1 1 1 1 0
1 1 1 1 0 1 0 1 0 0
1 1 1 1 1 1 0 1 0 0
1 1 1 1 1 1 0 0 0 0
1 0 1 1 1 1 0 0 0 0
1 0 1 1 0 1 0 0 0 0
1 0 1 1 0 1 0 0 0 0
1 0 1 1 1 1 0 0 0 0
Maze 22
95 21 3.2800000000 2.0721391996 65 0.364367078221841
67 84 33 100 88 69 42 29 26 76 16 52 81 67 6 67
64 83 93 98 68 62 22 400 400 400 12 51 61 66 66
402 401 401 401 402 401 402 400 400 400 402 402 402 401 401
0 0 0 0 0 1 0 0 0 0
0 1 1 1 1 1 0 0 0 0
0 1 1 1 1 1 1 1 1 0
0 1 1 0 0 1 0 0 0 0
0 1 1 0 0 1 0 0 0 0
1 1 1 0 0 1 0 0 0 0
1 1 1 1 1 1 2 1 1 0
1 0 1 1 0 1 0 1 0 0
1 0 1 1 0 0 0 1 0 0
0 0 1 1 1 1 1 1 1 1
Maze 23
91 95 3.3333333333 2.1769963096 40 0.378615966259671
74 55 31 92 47 84 60 36 92 92 66 14 18 25 41 74
54 51 91 42 44 54 56 32 400 62 64 400 15 21 71
402 401 401 402 402 402 401 402 400 402 401 400 402 402 401
0 0 0 0 0 0 0 0 0 0
0 0 0 1 1 1 1 1 0 0
1 1 1 1 1 0 0 0 0 0
1 1 1 1 1 1 0 0 0 0
1 1 1 1 1 1 1 0 0 0
1 1 1 1 1 1 1 1 1 1
1 1 1 1 1 1 0 0 0 0
1 1 1 2 0 0 0 0 0 0
1 1 0 1 0 0 0 0 0 0
1 1 0 0 0 0 0 0 0 0
Maze 24
105 35 3.0800000000 1.9605856027 80 0.383154097085017
83 27 98 17 43 14 62 79 87 90 66 13 77 77 9 83
23 97 97 13 13 12 72 77 400 86 63 73 400 7 3
402 401 401 402 402 402 401 402 400 401 401 401 400 402 402
0 0 1 1 1 1 1 1 1 0
0 1 1 1 1 1 1 0 0 0
0 1 1 1 1 1 1 0 0 0
0 1 1 0 0 0 1 0 0 0
0 1 1 0 0 0 1 0 0 0
0 1 1 0 0 0 1 0 0 0
0 1 1 1 1 1 1 0 0 0
0 1 1 1 1 1 1 1 1 0
0 0 2 0 0 1 1 1 1 1
0 0 0 0 0 0 1 1 0 0
Maze 25
99 137 2.8135593220 2.1336864791 84 0.398284636171509
51 30 28 44 48 61 28 89 19 98 72 67 57 23 74 51
21 400 24 400 41 21 88 400 18 92 62 400 53 73 71
402 400 402 400 402 402 401 400 402 401 402 400 401 401 401
0 0 0 0 0 0 0 0 0 0
0 0 0 0 0 0 0 1 1 0
1 1 1 1 1 1 1 1 1 1
1 0 1 1 0 0 0 1 1 0
1 1 1 1 1 1 1 1 1 0
2 0 1 1 1 1 1 1 1 0
1 1 1 1 1 1 1 1 1 0
1 1 1 1 0 0 0 1 1 0
0 1 0 0 0 0 0 1 1 0
0 1 1 1 1 1 1 1 0 0
Maze 26
109 89 3.3469387755 1.8688022851 92 0.381927093614351
21 59 94 76 39 99 88 55 60 54 90 11 88 14 14 21
51 54 74 36 400 98 85 400 400 84 81 81 84 400 11
401 402 402 402 400 401 401 400 400 401 401 401 401 400 402
0 0 0 0 0 0 0 0 0 0
1 1 1 1 0 0 0 0 0 0
2 0 0 1 0 0 0 0 0 0
1 0 0 1 0 1 1 1 1 0
1 0 0 1 0 1 0 0 1 0
1 1 1 1 1 1 1 1 1 1
1 0 0 1 1 1 0 0 1 0
1 0 0 1 1 1 0 0 1 0
1 1 1 1 1 1 1 1 1 1
0 0 0 1 0 0 0 1 1 0
Maze 27
89 24 3.0980392157 2.1140733973 36 0.399117818837268
1 3 61 46 27 47 52 22 12 83 9 8 78 52 77 1
400 1 41 26 400 42 400 400 82 3 400 400 72 72 71
400 402 402 402 400 402 400 400 401 402 400 400 401 401 401
2 1 1 1 1 1 1 1 1 0
1 1 1 0 0 0 0 1 0 0
1 1 1 0 0 1 1 1 0 0
1 1 1 0 0 1 1 1 0 0
1 1 1 1 1 1 1 1 0 0
1 1 1 0 0 0 0 1 0 0
1 1 1 0 0 0 0 1 0 0
1 1 1 1 1 1 1 1 0 0
0 1 1 0 0 0 0 0 0 0
0 0 0 0 0 0 0 0 0 0
Maze 28
93 953 3.2000000000 2.1510545819 50 0.379084938871757
7 85 46 86 26 13 86 87 62 6 11 68 60 60 43 7
5 45 400 400 23 83 400 82 2 1 61 58 400 53 3
402 402 400 400 401 401 400 401 402 402 401 402 400 401 402
1 1 1 1 1 1 2 0 0 0
1 1 1 0 1 0 0 0 0 0
1 1 1 1 1 1 0 0 0 0
1 1 1 0 1 1 0 0 0 0
1 1 1 0 1 1 0 0 0 0
1 1 1 1 1 1 1 1 1 1
1 1 1 1 1 1 1 1 0 0
0 1 1 0 1 1 0 0 0 0
0 1 1 1 1 1 1 0 0 0
0 0 0 0 0 0 0 0 0 0
Maze 29
121 739 3.3898305085 2.0332987268 102 0.399986517366232
18 51 96 12 25 94 36 74 100 16 46 52 30 85 94 18
11 91 92 22 24 34 34 94 96 400 42 22 25 84 14
402 401 401 401 402 402 402 401 401 400 402 402 402 402 402
0 0 0 0 0 0 0 0 0 0
1 1 1 1 1 1 1 2 0 0
1 1 1 1 1 1 1 1 1 1
1 1 0 1 1 1 0 0 0 0
1 1 1 1 1 1 0 0 0 0
1 1 0 1 1 1 0 0 0 0
1 1 0 1 1 1 0 0 0 0
1 1 0 1 1 1 0 0 0 0
1 1 0 1 1 1 0 0 0 0
1 1 1 1 1 1 1 1 1 1
Maze 30
75 7 3.1111111111 2.0912557827 13 0.364377009829839
64 53 22 72 19 41 48 47 55 73 93 81 82 73 100 64
63 52 400 12 11 400 400 45 53 400 91 400 72 93 94
401 401 400 402 402 400 400 402 402 400 401 400 402 401 401
0 0 0 0 0 0 0 0 0 0
1 1 1 1 1 1 1 1 1 0
1 1 0 0 0 0 0 0 0 0
1 1 0 0 0 0 0 0 0 0
1 1 1 1 1 1 1 1 0 0
0 1 1 1 1 0 0 0 0 0
0 1 1 2 0 0 0 0 0 0
0 1 1 1 0 0 0 0 0 0
1 1 1 1 0 0 0 0 0 0
1 1 1 1 1 1 1 1 1 1
Maze 31
85 13 3.3846153846 1.8923289609 40 0.359726279620073
69 79 72 61 63 80 97 60 47 53 35 91 78 32 78 69
400 400 71 400 73 77 57 57 43 33 31 71 72 72 68
400 400 401 400 401 402 402 401 402 402 402 402 401 401 402
0 0 0 0 0 0 0 0 0 0
0 0 0 0 0 0 0 0 0 0
0 0 0 0 0 0 0 0 0 0
1 1 1 1 1 0 0 0 0 0
1 1 1 1 1 1 1 0 0 0
1 1 1 0 0 0 1 1 1 1
1 1 1 0 0 0 1 1 2 0
1 1 1 1 1 1 1 1 1 1
1 0 0 0 0 0 1 0 0 0
1 0 0 0 0 0 1 0 0 0
Maze 32
107 213 3.5087719298 2.0967417111 84 0.407536075175542
29 26 63 8 31 65 87 33 92 59 84 29 16 32 17 29
400 23 3 1 61 85 83 32 52 54 24 26 12 12 27
400 402 402 402 401 401 401 402 402 402 402 401 402 402 401
1 1 1 1 1 1 1 1 0 0
1 1 1 1 1 1 1 0 0 0
1 1 1 1 1 1 1 1 2 0
1 1 1 1 0 0 0 0 0 0
1 1 1 1 0 0 0 0 0 0
1 1 1 1 1 1 1 1 1 0
1 1 1 1 1 0 0 0 0 0
0 1 1 1 1 0 0 0 0 0
0 1 1 1 1 1 1 0 0 0
0 1 0 0 0 0 0 0 0 0
Maze 33
85 12 3.1363636364 1.8630761059 45 0.377563670793953
77 74 82 12 17 22 70 18 12 49 34 25 54 43 50 77
400 72 400 400 12 62 68 400 42 44 24 24 53 400 47
400 402 400 400 402 401 401 400 401 401 402 402 401 400 402
0 0 0 0 0 0 0 0 0 0
0 1 1 1 1 1 1 1 0 0
0 1 0 1 1 0 0 1 0 0
0 1 0 1 0 0 0 1 0 0
0 1 1 1 1 1 1 1 1 1
0 1 1 1 0 0 1 1 0 0
0 1 1 1 1 1 1 1 1 1
0 1 1 1 1 1 2 0 0 0
0 1 0 0 0 0 0 0 0 0
0 0 0 0 0 0 0 0 0 0
Maze 34
85 25 3.1020408163 2.0443484435 44 0.388148871206398
42 63 6 78 80 8 47 8 98 38 36 21 1 9 7 42
62 3 76 400 78 7 7 400 400 400 31 400 400 400 2
401 402 401 400 401 402 402 400 400 400 401 400 400 400 402
1 1 1 1 1 1 1 1 1 0
1 1 1 0 0 1 1 1 0 0
1 1 1 0 0 1 1 1 0 0
1 1 1 1 1 1 1 1 0 0
0 2 1 0 0 1 1 1 0 0
0 1 1 0 0 1 0 1 0 0
0 1 1 0 0 1 0 1 0 0
0 0 0 0 0 1 1 1 1 1
0 0 0 0 0 0 0 1 0 0
0 0 0 0 0 0 0 1 0 0
Maze 35
103 210 3.6956521739 1.9801929812 71 0.383462630314547
56 5 26 13 7 75 45 6 92 14 51 6 36 11 70 56
55 25 23 3 5 400 5 2 12 11 1 400 31 61 66
401 401 401 402 402 400 402 402 402 402 402 400 401 401 401
1 1 1 1 1 1 1 0 0 0
1 1 1 1 1 1 0 0 0 0
1 1 1 1 1 1 0 0 0 0
1 1 1 1 1 1 0 0 0 0
1 1 0 0 1 0 0 0 0 0
1 1 0 0 1 2 0 0 0 0
1 1 1 1 1 1 1 1 1 1
0 1 0 0 1 0 0 0 0 0
0 1 0 0 0 0 0 0 0 0
0 1 0 0 0 0 0 0 0 0
Maze 36
101 13 2.8888888889 2.2063813261 71 0.382670234510021
56 10 20 4 62 31 31 89 73 30 91 84 60 36 76 56
6 400 14 2 61 400 81 83 23 21 81 54 56 400 400
402 400 401 402 401 400 401 401 402 402 402 402 401 400 400
0 1 1 1 0 1 1 1 1 1
0 1 0 1 1 1 1 1 1 1
1 1 1 1 1 1 1 1 1 1
1 1 1 0 0 1 0 0 0 0
1 1 1 0 0 1 0 0 0 0
1 1 1 1 1 2 1 1 1 1
1 1 1 1 0 1 0 0 0 0
1 0 1 1 0 1 0 0 0 0
1 1 1 1 1 1 1 1 1 0
1 0 0 0 0 0 0 0 0 0
Maze 37
97 213 3.4074074074 2.2099875841 66 0.406681710920642
48 11 64 28 54 81 79 31 34 17 80 80 99 60 25 48
41 61 24 24 51 71 71 400 14 77 400 79 59 55 45
401 401 402 402 402 402 401 400 402 401 400 402 402 401 401
0 0 0 0 0 0 0 0 0 0
1 0 0 1 1 1 1 0 0 0
1 0 0 1 1 1 1 1 0 0
1 1 1 1 1 0 1 0 0 0
1 1 1 1 1 1 1 2 0 0
1 1 1 1 1 1 1 1 1 1
1 1 1 1 0 0 1 0 1 0
1 1 1 1 1 1 1 1 1 1
1 0 0 0 0 0 0 0 1 0
0 0 0 0 0 0 0 0 1 0
Maze 38
101 39 3.8260869565 2.0735425042 53 0.376050145838854
12 97 62 72 72 74 1 21 45 95 67 61 7 81 87 12
92 92 400 400 400 71 400 41 400 65 400 1 1 400 82
401 401 400 400 400 401 400 401 400 402 400 402 402 400 401
1 1 1 1 1 1 1 0 0 0
1 2 0 0 0 0 0 0 0 0
1 1 0 0 0 0 0 0 0 0
1 1 0 0 0 0 0 0 0 0
1 1 1 1 1 0 0 0 0 0
1 1 0 0 1 0 0 0 0 0
1 1 1 1 1 1 1 0 0 0
1 1 1 1 1 0 0 0 0 0
1 1 1 1 1 1 1 0 0 0
0 1 1 1 1 1 1 0 0 0
Maze 39
93 150 2.9803921569 2.0493196667 44 0.384396855220079
89 93 47 45 89 93 75 34 32 30 60 64 77 82 14 89
83 43 400 85 83 73 74 400 22 400 54 74 72 12 84
402 402 400 401 402 402 401 400 402 400 402 401 402 402 401
0 0 0 0 0 0 0 0 0 0
0 1 1 1 0 0 0 0 0 0
0 1 1 1 1 1 1 1 1 1
0 1 1 1 0 0 0 0 0 1
0 1 1 1 1 1 1 0 0 1
0 1 1 1 1 1 1 1 1 1
0 1 1 1 1 0 0 0 0 0
0 1 1 1 1 1 1 0 0 0
0 1 1 1 1 1 1 1 2 0
0 0 1 0 0 0 0 0 0 0
Maze 40
103 201 3.1147540984 2.2465058196 62 0.373645202263951
99 10 90 15 27 20 60 41 85 14 15 74 32 91 59 99
9 400 85 25 17 400 51 81 84 400 14 72 31 51 400
402 400 401 401 402 400 401 401 401 400 402 401 402 402 400
0 0 0 0 0 0 0 0 1 1
0 0 0 1 1 0 1 1 1 1
0 0 0 1 1 1 1 0 1 1
1 1 0 1 1 0 0 0 1 1
1 1 0 1 1 0 0 0 1 1
1 1 1 1 1 1 1 1 1 1
1 1 0 1 1 0 0 0 1 1
1 1 1 1 1 0 0 0 1 1
1 1 1 1 1 1 1 1 1 1
1 0 0 0 0 0 0 0 2 0
Maze 41
101 18 3.0526315789 2.2290065006 62 0.395045034502406
77 97 1 81 5 76 62 63 17 47 30 75 50 45 72 77
400 91 400 1 75 72 400 13 400 27 25 45 400 42 400
400 401 400 402 401 401 400 402 400 402 402 402 400 402 400
1 1 1 1 1 0 0 0 0 0
1 0 1 1 1 1 1 0 0 0
1 0 1 0 1 1 1 1 1 1
1 0 1 0 1 0 1 0 0 0
1 1 1 1 1 1 1 1 1 1
1 1 1 0 1 0 0 0 0 0
1 1 1 0 1 0 0 0 0 0
1 1 1 1 1 1 2 0 0 0
1 0 0 0 0 0 1 0 0 0
1 1 1 1 1 1 1 0 0 0
Maze 42
91 113 2.7301587302 2.3776904703 50 0.403900506069715
70 79 41 7 8 86 78 94 82 3 29 4 57 49 9 70
69 71 1 400 6 76 74 92 2 23 24 54 47 400 69
402 401 402 400 402 402 402 401 402 401 401 401 402 400 401
1 1 1 1 1 1 1 1 1 0
1 1 1 1 0 1 0 0 1 0
1 1 1 1 1 1 1 1 1 0
1 1 0 1 0 1 0 0 1 0
1 1 0 1 0 1 1 1 1 0
1 1 0 1 1 1 1 0 1 0
1 1 0 0 0 1 0 0 1 2
1 1 1 1 1 1 1 1 1 0
0 1 0 1 0 1 0 0 0 0
0 1 1 1 0 0 0 0 0 0
Maze 43
105 305 3.3015873016 2.3246070889 90 0.384083550154096
7 50 45 87 3 98 36 16 30 33 1 4 79 75 60 7
47 400 85 83 93 96 400 26 23 31 400 74 400 55 57
401 400 401 401 401 401 400 401 402 401 400 401 400 402 401
1 1 1 1 0 0 2 0 0 0
1 0 1 1 0 1 1 0 0 0
1 0 1 1 1 1 1 1 1 1
1 1 1 1 0 1 1 0 0 0
0 0 1 1 1 1 1 1 1 1
0 0 1 1 1 1 1 1 1 1
0 0 1 1 1 1 0 0 0 0
0 0 1 1 1 1 1 1 1 0
0 0 1 1 1 1 1 0 0 0
0 0 1 1 1 1 1 1 0 0
Maze 44
99 507 3.1272727273 2.0246287017 60 0.375299473637225
61 59 84 16 49 60 64 77 10 36 5 24 85 27 97 61
51 54 14 46 59 54 74 7 6 35 4 84 25 400 91
402 402 402 401 401 402 401 402 402 401 402 401 402 400 401
0 0 0 1 1 1 1 1 1 1
0 0 0 1 1 1 1 0 0 0
0 0 0 1 1 1 1 0 0 0
0 0 0 1 1 1 1 0 0 0
0 0 0 1 1 1 1 1 1 0
1 1 1 1 1 1 1 1 1 1
2 0 0 1 1 0 1 0 0 0
1 0 0 1 1 1 1 0 0 0
1 0 0 1 1 0 1 0 0 0
1 1 1 1 1 1 1 0 0 0
Maze 45
107 13 3.3157894737 1.4671958338 66 0.382975466679545
8 53 44 49 8 22 83 12 85 22 62 43 17 92 19 8
3 43 400 48 2 82 82 82 82 400 42 13 12 12 18
402 402 400 401 402 401 401 401 401 400 402 402 402 402 401
0 1 1 1 1 1 1 2 0 0
0 1 1 1 1 1 1 1 1 0
0 1 1 0 0 0 0 1 0 0
0 1 1 0 0 0 0 1 0 0
0 1 1 1 1 1 1 1 1 0
0 1 1 0 0 0 0 0 0 0
0 1 0 0 0 0 0 0 0 0
0 1 0 0 0 0 0 0 0 0
0 1 1 1 1 0 0 0 0 0
0 1 0 0 0 0 0 0 0 0
Maze 46
83 290 2.8163265306 2.1525993444 30 0.371570968638125
64 18 99 54 60 40 24 23 35 33 76 5 84 24 63 64
14 98 94 400 400 34 400 33 400 73 75 4 400 23 400
402 401 401 400 400 401 400 401 400 401 401 402 400 402 400
0 0 0 1 1 0 0 0 0 0
0 0 0 1 1 1 1 1 0 0
0 0 1 1 1 0 0 1 0 0
0 0 1 1 1 1 1 1 1 1
0 0 1 1 1 0 0 1 0 1
0 0 1 1 1 1 1 1 1 1
0 0 1 2 1 0 0 1 0 0
0 0 1 1 1 1 0 1 0 0
0 0 0 1 0 0 0 1 0 0
0 0 0 1 1 1 1 1 1 0
Maze 47
133 1209 3.1384615385 1.9583226465 134 0.398497551525859
39 35 7 88 15 58 72 9 99 22 37 97 13 87 92 39
400 5 87 85 55 52 2 400 92 32 400 93 83 82 32
400 402 401 401 401 402 402 400 401 401 400 401 401 402 402
0 1 1 1 1 1 1 1 1 0
0 1 1 0 1 0 1 0 1 0
0 1 1 0 1 0 1 0 1 0
0 1 1 1 1 1 1 1 2 0
0 1 1 0 1 0 1 0 1 0
0 1 1 1 1 1 1 1 1 0
0 1 1 0 1 0 1 0 1 0
0 1 1 0 1 0 1 0 1 0
0 1 1 1 1 1 1 1 1 0
0 1 1 1 1 1 1 1 1 0
Maze 48
83 149 3.2608695652 2.0847691943 30 0.397386053295379
11 28 54 76 27 46 92 79 97 46 95 87 54 37 33 11
21 24 74 26 26 42 72 77 96 45 85 84 34 400 31
401 402 401 402 402 402 402 402 401 402 402 401 402 400 401
0 0 0 0 0 0 0 0 0 0
2 0 0 0 0 0 0 0 0 0
1 1 1 1 1 1 1 1 0 0
1 1 1 1 1 1 1 0 0 0
0 1 1 1 1 1 0 0 0 0
0 1 0 1 1 1 0 0 0 0
0 1 0 1 1 1 0 0 0 0
0 1 1 1 1 1 1 1 1 0
0 1 0 1 1 1 1 0 0 0
0 1 0 0 1 1 1 0 0 0
Maze 49
107 557 3.1044776119 2.3863910057 120 0.386821886037632
54 67 54 94 19 89 71 82 12 26 89 8 13 80 16 54
64 64 400 14 400 81 81 400 22 86 88 3 73 76 14
401 401 400 402 400 401 401 400 401 401 401 402 401 401 402
0 0 1 1 1 1 1 1 0 0
0 1 1 1 1 1 1 1 1 0
0 1 1 1 1 1 0 1 1 0
0 1 1 1 0 1 0 1 1 0
0 1 1 1 0 1 0 1 1 0
0 1 1 2 0 1 0 1 1 0
0 1 1 1 1 1 1 1 1 0
1 1 1 1 1 1 1 1 1 1
1 1 1 1 1 1 1 1 1 0
0 0 0 1 0 0 0 0 0 0
Maze 50
85 58 2.9811320755 2.1738157887 45 0.373843322299552
91 64 59 4 54 50 29 14 66 94 86 83 16 36 37 91
61 54 54 400 44 49 24 64 64 84 400 13 400 400 31
402 402 401 400 402 401 401 401 402 402 400 402 400 400 402
0 0 0 1 0 0 0 0 0 0
0 0 1 1 1 1 0 0 0 0
0 0 1 1 1 1 1 1 1 0
1 1 1 1 1 1 1 0 1 0
1 0 1 1 1 1 1 1 1 1
1 0 1 1 1 1 1 1 1 0
1 1 1 1 1 1 0 0 0 0
1 0 1 1 0 0 0 0 0 0
1 0 1 1 1 1 0 0 0 0
2 0 0 1 0 0 0 0 0 0
Maze 51
105 200 3.1044776119 2.3788438646 112 0.396106215973447
89 18 92 83 8 94 36 38 68 36 30 35 77 19 97 89
88 12 82 3 4 34 400 400 66 26 25 75 17 17 87
401 402 402 402 402 402 400 400 401 402 402 401 402 402 402
0 0 1 1 1 1 1 1 0 0
0 1 1 1 1 1 1 1 1 0
0 1 1 1 1 1 1 1 1 1
0 1 1 1 1 1 1 1 0 0
0 1 1 1 1 1 1 1 0 0
0 1 1 1 1 1 1 1 0 0
0 1 1 1 1 1 1 1 0 0
0 1 1 1 1 1 1 1 0 0
0 1 1 1 0 0 1 1 2 0
0 1 0 1 0 0 1 0 0 0
Maze 52
85 12 2.7500000000 2.2905802752 32 0.394610873212373
75 31 14 19 14 30 69 91 38 35 37 45 24 47 80 75
71 11 400 400 24 29 61 31 400 400 35 44 44 77 400
401 402 400 400 401 402 402 402 400 400 402 401 401 401 400
0 0 0 0 0 0 0 0 0 0
1 1 1 1 1 1 1 1 1 0
1 0 0 1 1 1 1 1 1 1
1 1 1 1 1 1 1 1 1 0
1 0 0 1 1 1 1 0 1 0
1 0 0 0 0 0 1 0 1 0
1 1 1 1 1 1 1 1 1 0
1 1 1 1 2 1 1 1 1 1
1 0 0 0 0 0 0 0 0 0
1 0 0 0 0 0 0 0 0 0
Maze 53
99 18 3.0689655172 2.1275846358 60 0.397162079381868
18 27 48 62 92 37 1 92 10 57 93 47 60 69 58 18
17 47 42 400 32 31 91 2 7 53 43 57 59 68 400
402 401 402 400 402 401 401 402 402 402 402 401 402 401 400
1 1 1 1 1 1 1 1 1 1
1 1 0 0 0 0 1 2 0 0
1 1 0 0 0 0 1 1 0 0
1 1 1 1 1 1 1 1 0 0
1 1 1 1 1 1 1 1 0 0
1 1 1 1 1 1 1 1 1 1
1 1 1 0 0 0 0 1 1 0
1 1 1 0 0 0 0 0 0 0
1 1 1 0 0 0 0 0 0 0
1 1 1 0 0 0 0 0 0 0
Maze 54
97 40 3.1929824561 2.1475332332 70 0.392910109700805
18 62 53 97 43 74 9 76 77 27 88 85 58 84 33 18
12 52 93 93 73 4 6 400 400 87 400 55 54 83 13
402 402 401 401 401 402 402 400 400 401 400 402 402 401 402
0 0 0 1 1 1 1 1 1 0
0 1 1 1 1 1 1 2 0 0
0 1 1 1 0 1 1 0 0 0
0 1 1 1 0 1 1 0 0 0
0 1 1 1 0 1 1 0 0 0
0 1 1 1 1 1 1 1 0 0
0 1 1 1 1 1 1 0 0 0
0 0 1 1 1 1 1 0 0 0
0 0 1 1 1 1 1 1 0 0
0 0 1 1 1 1 1 0 0 0
Maze 55
101 10 3.4716981132 2.1048243521 71 0.377084530236491
68 70 90 94 67 32 6 52 58 74 28 42 39 22 89 68
400 400 84 64 62 2 2 400 54 24 22 32 32 82 88
400 400 402 402 401 402 402 400 402 402 402 402 401 401 401
0 1 1 1 1 1 0 0 0 0
0 1 0 0 0 0 0 0 0 0
0 1 1 1 1 1 1 1 0 0
0 1 1 1 1 1 1 1 1 0
0 1 0 1 0 0 0 0 0 0
0 1 1 1 1 1 1 1 0 0
0 1 1 1 1 1 1 2 1 1
0 1 0 1 0 0 0 1 0 1
0 1 1 1 1 1 1 1 1 1
0 0 0 1 0 0 0 0 0 0
Maze 56
85 52 2.9230769231 2.1140733973 56 0.379213246119233
99 87 17 18 1 40 26 75 95 95 98 3 47 50 55 99
97 400 400 11 31 36 25 400 400 400 93 43 400 45 95
401 400 400 401 401 401 402 400 400 400 401 401 400 402 401
1 0 1 0 0 0 0 0 0 0
1 1 1 1 1 1 1 1 0 0
1 0 1 0 1 1 1 0 0 0
1 1 1 1 1 1 1 1 1 1
0 0 1 1 1 1 1 1 1 1
0 0 1 0 1 0 1 0 0 0
0 0 1 0 1 0 1 0 0 0
0 0 1 0 1 0 1 0 0 0
0 0 1 0 1 0 1 0 0 0
0 0 1 1 1 1 1 1 2 0
Maze 57
105 4 3.2692307692 1.8569529131 71 0.368998834400865
100 44 76 34 59 89 100 21 13 62 4 21 4 9 12 100
94 74 74 54 400 99 91 11 12 2 1 1 400 2 92
401 401 401 401 400 401 401 402 402 402 402 402 400 402 401
1 1 1 1 1 1 1 1 1 0
1 1 1 0 0 0 0 0 0 0
1 1 0 0 0 0 0 0 0 0
1 1 0 1 0 0 0 0 0 0
1 1 0 1 0 0 0 0 0 0
1 1 0 1 1 1 1 1 1 0
1 1 0 1 0 0 0 0 1 0
1 1 0 1 1 1 0 0 1 0
1 1 0 1 0 0 0 0 1 0
1 1 1 1 1 1 1 1 1 2
Maze 58
99 130 2.7936507937 2.1657573931 66 0.396925251614442
82 71 4 59 32 16 6 45 60 72 70 24 53 49 89 82
81 1 54 52 12 400 5 55 52 62 64 23 43 400 400
401 402 401 401 402 400 402 401 402 402 401 402 402 400 400
1 1 1 1 1 1 0 0 0 0
1 1 1 1 1 1 0 0 0 0
1 1 1 1 1 0 0 0 0 0
1 1 1 1 1 0 0 0 0 0
1 1 1 1 1 1 1 1 1 0
1 1 1 1 1 1 1 1 1 1
1 1 1 1 1 1 1 1 1 1
1 1 0 0 0 0 0 0 1 0
1 2 1 1 1 1 1 1 1 0
0 0 0 0 0 0 0 0 0 0
Maze 59
77 48 2.5925925926 2.2791623505 21 0.380104707724132
76 47 86 66 73 100 58 15 25 54 95 87 58 32 7 76
46 46 400 63 93 98 55 400 24 94 85 57 52 2 6
402 402 400 402 401 401 401 400 402 401 402 402 401 402 402
0 1 1 1 1 1 1 0 0 0
0 1 0 0 1 1 0 0 0 0
0 1 0 1 1 1 0 0 0 0
0 1 0 1 1 1 0 0 0 0
0 1 0 1 1 1 1 0 0 0
0 1 1 1 1 1 1 1 0 0
0 0 1 1 1 1 1 1 0 0
0 0 1 1 0 2 1 1 0 0
0 0 1 1 1 1 1 1 0 0
0 0 1 1 1 1 1 1 1 1
Maze 60
81 101 2.9803921569 2.2277784588 26 0.386259482801025
98 85 8 7 40 15 33 48 90 28 68 80 64 25 67 98
95 5 400 37 35 13 43 88 88 400 78 74 24 65 97
401 402 400 401 401 402 401 401 401 400 401 401 402 401 401
0 0 0 0 1 1 1 1 0 0
0 0 1 1 1 0 1 0 0 0
0 0 1 1 1 0 1 1 0 0
0 0 1 1 1 1 1 1 1 1
0 0 1 1 1 1 1 1 0 0
0 0 0 1 1 0 0 1 0 0
0 0 0 1 1 1 1 1 0 0
0 0 0 1 1 1 1 1 1 1
0 0 0 0 1 0 1 1 1 1
0 0 0 0 1 1 1 2 0 0
Maze 61
81 185 3.0833333333 2.0663452372 26 0.374976421277357
44 53 45 50 40 7 55 87 25 40 57 92 89 50 16 44
43 43 400 400 37 5 85 85 35 37 52 82 49 46 14
402 402 400 400 401 402 401 401 401 402 402 402 402 401 402
0 0 0 0 1 1 1 0 0 0
0 0 0 1 1 1 1 0 0 0
0 0 0 1 1 1 1 0 0 0
0 0 0 1 1 1 1 1 1 1
0 0 1 2 1 1 1 1 1 1
0 1 1 1 1 1 1 0 1 0
0 1 0 0 1 0 0 0 1 0
0 1 0 0 1 0 0 0 1 0
0 1 1 1 1 1 1 1 1 0
0 1 0 0 0 0 0 0 0 0
Maze 62
89 84 3.0943396226 2.1871286625 45 0.385617164474516
41 51 86 84 100 77 64 89 42 33 6 87 98 43 59 41
400 81 400 94 97 74 84 82 32 3 86 97 93 53 51
400 401 400 401 401 401 401 401 402 402 401 401 401 401 401
0 0 1 1 1 1 0 0 0 0
0 0 1 0 0 1 0 0 0 0
0 0 1 0 0 1 0 0 0 0
0 1 1 0 0 1 0 0 0 0
2 1 1 0 0 1 0 0 0 0
1 1 1 1 1 1 1 1 1 0
1 1 1 1 0 1 0 0 0 0
1 1 1 1 1 1 1 0 0 0
1 1 1 1 1 1 1 1 1 0
0 0 1 1 1 1 1 1 1 1
Maze 63
121 108 3.8000000000 1.9774943415 120 0.385092154037221
38 75 90 91 15 61 66 94 40 71 21 78 81 45 64 38
35 85 81 11 11 400 64 34 31 400 71 71 41 44 34
402 401 402 402 402 400 402 402 402 400 401 402 402 402 402
0 0 0 0 0 0 0 0 0 0
1 1 1 1 1 0 0 0 0 0
1 0 0 0 0 0 0 0 0 0
1 1 1 1 1 1 1 2 1 1
1 1 1 1 1 0 0 0 0 0
1 0 0 1 1 0 0 0 0 0
1 1 1 1 1 1 0 0 0 0
1 1 1 1 1 1 1 1 0 0
1 1 1 1 1 1 1 1 1 1
1 0 0 1 0 0 0 0 0 0
Maze 64
119 104 3.0476190476 1.9994078612 98 0.389570536863446
65 25 67 5 9 96 94 90 72 27 2 8 93 41 10 65
400 65 65 400 6 400 84 82 22 22 400 3 91 1 5
400 401 401 400 402 400 402 401 402 401 400 402 401 402 402
1 1 1 1 1 1 1 1 1 1
1 1 1 0 1 1 0 0 0 0
1 1 1 1 1 1 1 0 0 0
1 1 1 0 1 1 0 0 0 0
1 1 1 0 1 1 0 0 0 0
1 1 1 0 1 1 0 0 0 0
1 1 1 0 2 1 1 0 0 0
1 1 1 0 0 1 0 0 0 0
1 1 1 1 1 1 1 1 1 1
1 1 1 1 1 1 0 0 0 0
Maze 65
73 6 3.2000000000 2.0363789200 20 0.367160330856702
88 93 97 55 96 86 48 42 29 14 27 67 89 89 73 88
83 400 95 95 400 46 400 22 24 24 400 87 400 83 83
402 400 401 401 400 402 400 402 401 401 400 401 400 401 401
0 0 0 0 0 0 0 0 0 0
0 0 0 1 0 0 0 0 0 0
0 1 1 1 1 1 1 1 1 0
0 1 0 0 0 0 1 0 0 0
0 1 1 1 1 1 1 1 0 0
0 0 0 0 1 1 1 0 0 0
0 0 0 0 1 1 1 0 0 0
0 0 1 0 1 1 1 0 0 0
0 0 1 1 1 1 1 2 1 0
0 0 1 1 1 1 1 0 0 0
Maze 66
93 229 3.4285714286 2.0983951748 45 0.381023900422109
68 19 48 21 73 48 56 35 19 33 59 72 84 56 14 68
18 18 41 71 43 46 55 15 13 53 52 82 54 54 64
402 402 401 401 402 402 401 402 402 401 402 401 402 401 401
0 0 0 0 0 0 0 0 0 0
0 0 1 1 1 1 1 1 1 0
1 0 1 1 1 0 0 1 0 0
1 0 1 1 1 0 0 1 0 0
1 1 1 1 1 1 1 1 0 0
1 1 1 1 1 1 1 1 1 0
1 1 1 1 1 1 1 2 0 0
1 1 1 1 0 0 0 0 0 0
0 1 1 1 0 0 0 0 0 0
0 0 0 0 0 0 0 0 0 0
Maze 67
87 527 2.6875000000 2.4062500000 36 0.366332747577311
32 45 40 98 84 10 20 3 75 77 86 56 35 11 66 32
42 35 38 94 4 400 13 73 400 76 400 55 31 61 62
401 402 402 401 402 400 401 401 400 402 400 401 401 401 401
0 0 1 1 1 1 1 1 1 1
1 0 1 1 1 1 1 1 1 1
1 0 1 1 0 0 0 0 0 0
1 2 1 1 1 1 1 1 1 1
1 1 1 1 1 0 0 1 0 0
1 1 1 1 1 1 0 1 0 0
1 1 1 1 1 1 0 1 0 0
0 0 1 1 1 1 1 1 0 0
0 0 0 1 0 1 0 1 0 0
0 0 0 1 1 1 1 1 0 0
Maze 68
131 2711 3.4202898551 2.0879634033 176 0.385821819679637
96 7 11 83 69 33 94 14 3 87 10 66 92 50 32 96
6 1 81 63 63 93 400 13 83 7 6 62 42 42 92
402 402 401 402 401 401 400 401 401 402 402 402 402 401 401
1 1 1 1 1 1 1 1 1 1
1 0 1 1 0 1 1 0 0 0
1 0 1 1 0 1 1 0 0 0
1 1 1 1 0 1 1 0 0 0
1 1 1 1 1 1 1 1 1 1
1 1 1 1 0 1 1 0 0 0
1 1 1 1 1 1 1 1 1 0
1 1 1 1 0 1 1 0 0 0
1 1 1 1 1 1 1 0 0 0
0 1 1 1 1 2 0 0 0 0
Maze 69
97 280 3.2222222222 2.1754232752 60 0.397089892469141
70 2 8 39 22 26 44 70 95 38 18 77 88 44 97 70
62 400 38 32 400 24 64 65 35 400 17 87 84 94 67
401 400 401 401 400 402 401 402 402 400 402 401 401 401 402
0 1 1 1 1 1 1 1 0 0
0 1 0 0 0 0 1 1 0 0
0 1 1 1 1 1 1 1 0 0
0 1 1 1 1 1 1 1 1 0
0 1 0 1 1 0 1 0 0 0
0 1 0 1 1 0 1 0 0 0
0 1 1 1 1 1 1 1 1 2
0 0 0 1 1 0 1 0 0 0
0 0 0 1 1 1 1 1 0 0
0 0 0 1 1 1 1 0 0 0
Maze 70
101 351 2.9538461538 2.2759322444 65 0.389609390376173
17 74 93 88 67 100 1 53 50 65 31 12 27 16 70 17
14 73 83 87 97 91 51 43 45 61 11 22 26 66 67
402 402 402 401 401 401 401 402 402 401 402 401 401 401 401
1 0 0 0 0 0 0 0 0 0
1 1 0 1 1 1 2 0 0 0
1 1 1 1 1 1 1 0 0 0
1 0 0 1 0 1 1 0 0 0
1 0 1 1 1 1 1 1 1 1
1 1 1 1 1 1 1 0 0 0
1 1 1 1 1 1 1 1 1 1
1 0 1 1 0 0 1 0 0 0
1 0 1 1 1 1 1 1 0 0
1 1 1 1 1 1 1 1 1 1
Maze 71
95 41 2.9824561404 2.0992168406 54 0.366929471500239
33 16 47 85 50 13 14 54 53 88 20 25 9 82 46 33
13 46 45 45 43 400 400 400 83 18 15 5 2 42 43
402 401 402 402 401 400 400 400 401 402 402 402 402 402 401
0 1 1 1 1 1 1 1 1 0
0 1 1 1 1 1 1 1 1 1
0 1 1 1 1 1 0 1 0 0
0 1 2 1 0 1 0 1 0 0
0 1 1 1 1 1 1 1 1 1
0 1 1 1 1 0 0 1 0 0
0 1 1 0 1 0 0 1 0 0
0 1 1 0 1 0 0 1 0 0
0 1 1 1 1 1 1 1 0 0
0 0 0 0 0 0 0 0 0 0
Maze 72
87 26 2.7457627119 2.2905166536 45 0.377850685673835
69 53 44 82 91 57 9 83 47 79 43 4 28 40 70 69
63 43 42 81 51 7 3 43 77 73 3 24 38 400 400
401 402 402 402 402 402 402 402 401 401 402 401 401 400 400
0 0 1 1 1 1 1 1 1 0
0 0 1 1 0 0 1 0 0 0
0 0 1 1 1 1 1 1 0 0
0 0 1 0 0 0 1 1 1 1
0 1 1 1 1 1 1 0 0 1
1 1 1 1 1 1 1 0 0 1
1 1 1 1 1 1 1 1 2 1
1 1 1 1 1 1 1 1 1 0
1 1 1 0 0 0 0 0 0 0
1 0 0 0 0 0 0 0 0 0
Maze 73
131 40 3.3559322034 1.9544229137 145 0.390708311790942
96 52 92 9 91 61 8 21 45 57 82 51 29 32 20 96
92 400 2 1 400 1 1 41 55 52 81 21 22 12 16
401 400 402 402 400 402 402 401 401 402 401 402 402 402 402
1 1 1 1 1 1 1 1 1 0
1 1 1 1 1 1 1 1 1 1
1 1 1 1 1 1 1 1 1 0
1 1 0 0 0 1 0 0 0 0
1 1 1 1 1 1 0 0 0 0
1 1 1 1 1 1 1 0 0 0
1 1 0 0 0 1 0 0 0 0
1 1 0 0 0 1 0 0 0 0
1 1 0 0 0 1 0 0 0 0
1 1 1 1 1 2 0 0 0 0
Maze 74
107 16365 3.2786885246 2.1753695252 120 0.397271658277453
28 46 64 31 8 78 13 8 84 65 75 69 25 40 82 28
26 44 61 1 400 73 3 4 64 400 65 65 35 32 22
402 402 401 402 400 401 402 402 402 400 402 401 401 402 402
1 1 1 1 1 1 1 1 0 0
1 0 1 1 0 0 0 1 0 0
1 1 1 1 1 1 1 2 0 0
1 1 1 1 1 1 1 1 1 1
1 1 1 1 1 1 0 1 0 0
1 1 1 1 1 0 0 1 0 0
1 1 1 1 1 1 1 1 1 0
0 1 1 1 1 1 1 1 0 0
0 1 0 1 0 0 0 0 0 0
0 0 0 0 0 0 0 0 0 0
Maze 75
71 31 2.8936170213 2.2235997534 16 0.378559004113410
18 19 28 36 34 38 67 92 74 50 41 77 96 79 89 18
400 18 26 400 400 37 62 72 44 400 71 76 76 400 88
400 402 402 400 400 402 402 402 402 400 401 402 402 400 401
0 0 0 0 0 0 0 0 0 0
0 0 0 0 0 0 0 2 1 0
0 0 0 0 0 1 1 1 0 0
0 0 0 1 1 1 1 1 0 0
1 1 1 1 1 1 1 1 1 1
1 0 0 1 0 0 1 1 0 0
1 1 1 1 1 1 1 1 0 0
1 1 1 1 1 1 1 1 1 0
0 1 0 0 0 1 0 1 1 0
0 1 0 0 0 1 0 0 0 0
Maze 76
133 2986 3.6896551724 1.9583226465 201 0.389342007180753
60 99 24 99 4 85 65 38 72 30 86 62 58 95 13 60
59 94 94 94 84 400 35 32 22 26 82 52 55 93 53
402 401 401 401 401 400 402 402 402 402 401 402 402 401 401
0 0 0 1 0 0 0 0 0 0
0 0 1 1 0 0 0 0 0 0
0 1 1 1 1 1 1 1 1 1
0 1 1 1 1 1 1 1 0 0
0 1 1 1 1 1 0 0 0 0
0 1 1 1 1 1 1 1 1 2
0 1 1 1 1 1 0 0 1 0
0 1 1 1 1 1 0 0 1 0
0 1 1 1 1 1 0 0 1 0
0 0 1 1 1 1 1 1 1 0
Maze 77
97 69 3.0175438596 2.0965474353 71 0.371249769725410
59 3 53 21 93 70 48 33 9 41 43 39 15 75 69 59
53 400 51 91 63 68 43 3 1 400 33 35 400 65 400
401 400 401 401 402 401 401 402 402 400 402 401 400 402 400
1 1 1 1 1 1 1 1 1 0
1 0 1 0 1 0 0 0 0 0
1 0 1 0 1 0 0 0 0 0
1 0 1 1 1 1 1 1 1 0
1 1 1 1 1 1 1 1 0 0
1 1 1 1 1 1 1 1 2 0
1 0 1 1 1 1 1 1 1 1
1 0 1 0 1 0 0 0 0 0
1 0 1 0 0 0 0 0 0 0
1 1 1 0 0 0 0 0 0 0
Maze 78
109 47 3.0344827586 1.9404309499 97 0.405057196545120
4 72 96 91 16 86 35 48 95 43 50 95 44 72 18 4
2 92 400 11 400 85 45 45 93 400 45 94 42 12 14
402 401 400 402 400 401 401 402 401 400 402 401 402 402 401
0 1 1 2 0 0 0 0 0 0
1 1 1 1 1 1 1 1 0 0
1 1 0 0 0 1 0 0 0 0
1 1 0 0 1 1 0 0 0 0
1 1 1 1 1 1 1 1 1 1
1 1 1 1 1 1 0 0 0 0
1 1 1 1 1 1 0 0 0 0
1 1 1 1 1 1 0 0 0 0
1 1 1 1 1 1 0 0 0 0
1 1 1 1 1 1 0 0 0 0
Maze 79
83 17 2.5964912281 2.3569250361 25 0.417447101060887
10 31 53 15 74 72 64 98 27 87 67 98 52 24 20 10
1 51 13 14 400 62 94 97 400 400 97 92 22 14 400
402 401 402 402 400 402 401 401 400 400 401 401 402 402 400
1 1 1 1 1 1 1 1 1 2
1 0 1 1 1 1 1 1 1 1
1 1 1 1 0 0 1 0 0 0
1 1 1 1 0 0 1 0 0 0
1 1 1 1 0 0 1 0 0 0
1 1 1 1 0 0 1 0 0 0
0 1 1 1 0 0 1 0 0 0
0 1 1 1 0 0 1 0 0 0
0 1 0 1 0 0 1 0 0 0
0 1 1 1 1 1 1 1 0 0
Maze 80
111 1455 3.4827586207 2.1202176958 112 0.379434736006477
98 23 42 60 87 28 56 32 96 79 82 13 28 71 45 98
93 22 52 57 27 26 52 92 76 72 12 23 21 41 95
401 402 401 402 402 402 401 401 402 402 402 401 402 402 401
0 0 0 0 0 0 0 0 0 0
0 1 1 0 0 0 0 0 0 0
1 1 1 1 1 1 1 1 0 0
1 1 1 0 0 1 1 0 0 0
1 1 1 1 1 1 1 0 0 0
1 1 1 1 1 1 1 1 1 1
1 1 1 0 1 0 1 0 0 0
1 1 1 1 1 1 1 1 1 0
0 1 1 0 1 1 1 0 0 0
0 1 1 1 1 1 1 2 0 0
Maze 81
107 141 3.4909090909 2.1883374556 105 0.377333165213084
14 6 84 48 9 86 9 79 49 81 31 85 56 71 26 14
4 4 44 8 6 6 400 400 41 400 81 55 51 21 24
402 402 402 402 402 402 400 400 402 400 401 402 402 402 401
0 0 0 1 1 1 1 1 1 0
0 0 0 2 0 1 0 1 1 0
1 1 1 1 1 1 0 1 1 0
1 0 0 1 0 1 0 1 1 0
1 1 1 1 1 1 1 1 1 0
1 1 1 1 1 1 0 0 1 0
1 0 0 1 1 1 0 0 1 0
1 0 0 1 1 1 0 0 1 0
1 1 1 1 1 1 0 0 0 0
0 0 0 0 0 0 0 0 0 0
Maze 82
95 240 2.9473684211 2.1647742959 71 0.384254052379801
57 80 16 55 28 87 41 53 96 52 34 56 44 99 35 57
77 76 15 25 27 81 51 93 92 32 54 54 94 95 55
401 401 402 402 402 401 401 401 401 402 401 401 401 401 401
0 0 0 0 0 0 0 0 0 0
0 0 0 0 1 1 0 0 0 0
0 0 0 0 1 1 1 1 0 0
0 1 1 1 1 1 1 0 0 0
1 1 0 1 1 1 1 0 0 0
1 1 1 1 1 1 2 0 0 0
1 1 1 1 1 1 1 0 0 0
1 1 1 1 1 1 1 1 1 1
1 1 1 1 1 1 1 0 0 0
0 1 1 1 1 1 1 1 1 0
Maze 83
81 54 3.2093023256 2.0219686223 16 0.367193192492488
51 43 62 52 83 19 10 24 47 73 9 65 83 85 62 51
41 42 400 82 13 9 4 44 43 3 5 63 400 82 61
402 402 400 401 402 402 402 401 402 402 402 402 400 401 401
0 0 1 1 1 1 1 1 1 1
0 0 1 1 1 1 1 1 1 0
0 0 1 1 1 0 0 0 0 0
0 0 1 1 1 0 0 0 0 0
1 1 1 1 1 1 1 0 0 0
2 1 1 0 1 0 0 0 0 0
1 1 1 1 1 0 0 0 0 0
0 1 1 0 0 0 0 0 0 0
0 1 1 1 1 0 0 0 0 0
0 0 0 0 0 0 0 0 0 0
Maze 84
91 42 2.9615384615 2.1072514725 26 0.377314570092467
20 6 28 100 11 37 29 36 30 48 13 12 32 81 11 20
16 26 98 91 31 27 26 26 28 43 400 400 31 400 400
401 401 401 401 401 402 402 402 402 401 400 400 402 400 400
0 0 0 0 0 1 0 0 0 0
1 1 1 1 1 1 1 1 1 2
1 1 1 0 0 1 1 1 1 1
1 1 1 1 1 1 1 1 0 0
1 0 1 1 1 1 1 1 0 0
1 0 0 0 0 0 0 1 0 0
1 0 0 0 0 0 0 1 0 0
1 0 0 0 0 0 0 1 0 0
1 0 0 0 0 0 0 1 0 0
1 1 1 1 1 1 1 1 1 1
Maze 85
99 7 2.9818181818 2.1740246732 60 0.406403454571132
11 59 57 51 56 57 42 63 88 91 26 31 10 70 31 11
51 400 400 400 400 52 62 83 81 21 21 1 400 61 400
401 400 400 400 400 401 401 401 402 402 402 402 400 401 400
1 1 1 1 1 1 1 1 1 1
2 0 0 0 0 0 0 0 0 1
1 1 1 1 1 1 0 0 0 1
1 0 0 0 0 0 0 0 0 1
1 1 0 0 0 0 0 0 0 1
1 1 1 1 1 1 1 1 1 1
1 1 1 1 1 1 1 1 1 1
1 0 1 0 0 0 0 0 0 0
1 1 1 1 1 1 1 1 0 0
1 0 0 0 0 0 0 0 0 0
Maze 86
91 88 3.1923076923 2.1639973307 50 0.370081957718584
80 93 35 78 61 90 8 38 62 53 76 38 76 100 80 80
73 33 75 71 81 88 400 32 52 73 36 36 96 400 400
402 402 401 401 401 401 400 402 402 401 402 402 401 400 400
0 0 0 0 0 0 0 1 0 0
0 0 0 0 0 0 0 1 0 0
0 0 0 0 0 0 0 1 0 0
0 1 1 1 1 1 1 1 0 0
0 1 1 0 1 1 0 1 0 0
0 1 1 0 1 1 0 1 0 0
1 1 1 0 1 1 0 1 0 0
1 1 1 1 1 1 1 1 1 2
1 1 1 1 1 1 1 1 1 1
0 0 1 0 0 1 1 1 1 1
Maze 87
85 28 2.8000000000 2.1456267315 33 0.380294443338599
67 9 83 27 89 79 99 86 73 34 57 45 91 98 76 67
7 3 23 87 400 400 96 83 33 54 55 41 400 96 66
402 402 402 401 400 400 401 401 402 401 401 402 400 401 402
0 0 1 1 1 1 1 1 1 0
0 0 1 0 0 0 1 0 0 0
0 0 1 1 1 1 1 0 0 0
0 0 1 1 0 0 1 0 0 0
1 1 1 1 1 0 1 0 0 0
1 0 1 1 1 1 1 0 0 0
1 0 1 0 0 1 2 0 0 0
1 0 1 0 0 1 1 0 1 0
1 0 1 1 1 1 1 1 1 0
1 1 1 1 1 1 1 1 1 0
Maze 88
131 126 3.4827586207 2.0146804779 120 0.380702257127669
1 96 75 65 98 22 77 8 55 28 91 6 55 18 82 1
91 95 400 95 92 72 7 5 25 21 1 5 15 12 81
401 401 400 401 401 401 402 402 402 402 402 402 402 402 401
2 1 1 1 1 1 1 1 0 0
1 1 1 1 1 1 1 1 0 0
1 1 1 1 1 1 1 1 0 0
1 1 0 0 1 0 1 0 0 0
1 1 0 0 1 0 1 0 0 0
1 1 0 0 1 0 1 0 0 0
1 1 0 0 1 0 1 0 0 0
1 1 1 1 1 1 1 0 0 0
1 1 0 0 1 0 0 0 0 0
1 1 1 1 1 1 1 1 0 0
Maze 89
93 119 3.4761904762 1.9389949788 38 0.392106015419651
43 49 32 56 38 42 35 98 99 13 46 23 83 81 37 43
400 42 52 36 32 32 95 400 93 43 43 400 400 31 33
400 401 401 402 402 402 401 400 401 401 401 400 400 402 402
0 0 0 0 0 0 0 0 0 0
0 0 1 0 0 0 0 0 0 0
0 0 1 0 0 0 0 0 0 0
1 1 1 1 1 1 1 1 0 0
1 1 2 1 1 1 1 1 1 0
1 1 1 1 1 1 0 0 0 0
1 0 1 0 1 0 0 0 0 0
1 0 1 0 1 0 0 0 0 0
1 1 1 0 1 0 0 0 0 0
0 0 1 1 1 1 1 1 1 0
Maze 90
79 297 3.1489361702 2.2073402913 35 0.372531695608236
82 32 32 46 77 60 4 84 25 53 67 76 96 99 38 82
400 400 42 76 57 54 400 24 23 63 66 400 400 98 32
400 400 401 401 402 401 400 402 402 401 402 400 400 401 402
0 0 0 1 0 0 0 0 0 0
0 0 0 1 0 0 0 0 0 0
0 0 1 1 1 0 0 0 0 0
0 1 1 1 1 1 1 1 0 0
0 1 1 1 1 1 0 1 0 0
0 1 1 1 1 1 1 1 1 1
0 1 1 1 1 1 1 1 0 0
0 1 0 1 0 1 1 1 0 0
0 2 0 1 0 1 0 1 0 0
0 0 0 0 0 1 1 1 1 0
Maze 91
107 119 3.3571428571 2.0556825136 83 0.382933025878054
78 13 81 57 35 87 69 6 56 4 34 66 10 77 61 78
73 11 51 55 85 67 66 400 54 400 64 6 7 71 71
401 402 402 401 401 402 401 400 401 400 401 402 402 401 401
0 0 0 1 0 1 1 1 1 1
1 1 1 1 0 1 1 0 0 0
1 0 1 1 0 1 1 0 0 0
1 0 1 1 1 1 1 0 0 0
1 0 1 1 1 1 1 0 0 0
1 1 1 1 1 1 1 0 0 0
1 0 1 1 1 1 1 1 1 0
1 1 1 1 1 1 1 2 0 0
1 0 0 0 1 1 1 0 0 0
0 0 0 0 0 0 0 0 0 0
Maze 92
115 207 3.2222222222 1.8760843753 118 0.407787966945696
72 31 95 2 53 77 95 32 75 19 58 97 84 61 20 72
71 91 92 52 73 75 92 72 15 18 57 94 81 11 12
401 401 401 401 401 402 401 401 402 402 402 401 401 402 402
0 1 0 0 0 0 0 0 0 0
1 1 1 1 1 1 1 1 1 1
1 1 0 0 1 0 0 1 0 0
1 1 0 0 1 0 0 1 0 0
1 1 0 0 1 0 0 1 0 0
1 1 1 0 1 0 1 1 0 0
1 1 1 0 1 0 1 0 0 0
1 2 1 1 1 1 1 0 0 0
1 1 1 1 1 0 1 0 0 0
1 1 1 1 1 1 1 0 0 0
Maze 93
111 196 2.9000000000 2.0597981081 79 0.375642869676047
72 55 90 40 32 71 12 100 15 54 71 34 96 5 42 72
52 85 400 400 31 11 92 95 14 51 31 94 95 2 400
402 401 400 400 402 402 401 401 402 402 402 401 401 402 400
0 1 1 1 1 0 0 0 0 0
1 1 0 1 1 0 0 0 0 0
1 1 0 1 1 0 0 0 0 0
1 1 1 1 1 1 1 1 1 1
1 1 0 1 1 0 0 0 0 1
1 1 1 1 1 0 0 0 0 1
1 1 0 1 1 0 0 0 0 1
1 2 0 1 1 0 0 0 0 1
0 1 0 1 1 1 1 1 1 1
0 1 1 1 1 1 1 1 1 1
Maze 94
95 43 2.8571428571 2.3003784360 71 0.388883953119599
71 61 3 70 49 17 100 12 75 63 44 17 5 43 55 71
400 1 63 69 47 97 92 72 73 43 14 15 3 53 51
400 402 401 401 401 401 401 401 401 402 402 401 402 401 402
1 1 1 1 1 0 0 0 0 0
1 1 1 1 1 1 1 0 0 0
1 1 1 1 0 0 1 0 0 0
1 1 1 1 0 0 1 0 0 0
1 1 1 1 0 0 1 1 1 0
1 1 1 1 1 0 1 0 1 0
1 1 1 1 1 1 1 1 1 1
2 1 1 1 1 0 1 0 0 0
0 1 0 0 0 0 1 0 0 0
0 1 1 1 1 1 1 1 1 1
Maze 95
71 15 3.5483870968 1.8669173616 20 0.393642649019722
47 59 52 70 73 67 62 43 65 68 27 37 79 66 85 47
57 400 62 63 63 400 42 63 400 67 400 77 76 65 45
401 400 401 402 402 400 402 401 400 401 400 401 401 402 402
0 0 0 0 0 0 0 0 0 0
0 0 0 0 0 0 0 0 0 0
0 0 0 0 0 0 1 0 0 0
0 0 0 0 0 0 1 0 0 0
0 1 1 0 1 1 2 0 0 0
0 1 1 1 1 1 1 1 1 0
0 1 1 1 1 1 1 1 1 1
0 0 1 0 1 1 1 1 1 0
0 0 0 0 1 0 0 0 0 0
0 0 0 0 0 0 0 0 0 0
Maze 96
85 58 3.7674418605 2.1562500000 41 0.374535372779466
53 65 95 13 16 21 27 2 96 65 94 90 54 92 62 53
63 400 93 400 11 400 22 92 95 64 84 84 52 400 52
401 400 401 400 402 400 401 401 401 402 402 401 402 400 402
0 1 0 0 0 0 0 0 0 0
1 1 1 1 1 1 0 0 0 0
1 1 1 1 1 1 1 0 0 0
0 1 1 0 0 0 0 0 0 0
0 1 1 0 0 0 0 0 0 0
0 1 2 1 0 0 0 0 0 0
0 1 1 1 1 0 0 0 0 0
0 1 1 1 1 0 0 0 0 0
0 1 1 1 1 1 1 1 1 1
0 1 1 1 1 1 0 0 0 0
Maze 97
89 11 3.1428571429 2.0479375372 32 0.387163306857667
53 30 19 40 74 88 14 80 76 72 86 44 81 63 56 53
23 29 39 34 84 84 74 400 400 82 84 41 61 53 400
402 401 401 402 401 401 401 400 400 401 401 402 402 402 400
0 0 0 0 0 0 0 0 0 0
0 0 0 1 0 0 0 0 1 0
0 0 1 1 1 1 1 1 1 1
0 0 1 1 1 1 1 1 1 1
1 1 1 1 0 0 0 0 0 0
1 0 2 1 1 1 0 0 0 0
1 1 1 1 0 0 0 0 0 0
1 1 1 1 1 1 1 1 1 1
1 1 1 1 1 1 1 1 0 0
0 0 0 0 0 0 0 0 0 0
Maze 98
93 124 3.0384615385 2.0443376802 41 0.376910530027470
92 17 26 72 64 100 37 43 51 13 68 74 63 100 95 92
12 16 22 62 94 97 33 41 11 63 64 73 93 400 400
402 402 402 402 401 401 402 402 402 401 402 401 401 400 400
0 0 0 0 0 0 0 0 0 0
1 1 1 1 1 1 1 0 0 0
1 1 1 1 1 1 0 0 0 0
1 1 1 1 1 1 1 0 0 0
1 1 1 0 0 0 1 0 0 0
1 1 1 0 0 0 1 0 0 0
0 1 1 1 1 1 1 1 0 0
0 1 1 1 0 0 1 0 0 0
0 1 1 1 0 0 1 0 0 0
0 2 1 1 1 1 1 1 1 1
Maze 99
71 42 3.0243902439 2.0571321380 13 0.387168080149030
62 67 34 32 85 56 54 95 64 15 37 94 61 34 43 62
400 64 400 82 55 400 94 94 14 35 34 91 31 33 42
400 401 400 401 402 400 401 401 402 401 402 401 402 402 402
0 0 0 0 0 0 0 0 0 0
0 0 0 1 1 0 0 0 0 0
0 0 0 1 1 0 0 0 0 0
1 1 1 1 1 1 1 0 0 0
1 1 1 1 0 0 0 0 0 0
1 1 0 1 1 1 0 0 0 0
1 2 1 1 1 1 1 0 0 0
1 1 0 1 1 0 0 0 0 0
1 1 1 1 1 0 0 0 0 0
1 1 1 1 1 0 0 0 0 0
Maze 100
91 342 3.3076923077 2.2621608086 40 0.370685037788547
43 16 96 60 98 8 67 69 6 3 12 43 62 29 10 43
13 400 56 58 400 7 400 66 400 2 42 42 22 9 3
402 400 402 402 400 402 400 401 400 402 401 402 402 402 402
0 1 1 1 1 1 1 1 1 1
0 1 1 1 1 1 1 1 1 0
0 1 1 1 1 1 1 1 1 0
0 1 1 0 0 1 1 1 0 0
0 1 2 0 0 1 1 1 0 0
0 1 0 0 0 1 1 1 1 1
0 1 0 0 0 1 1 1 1 0
0 0 0 0 0 1 0 1 0 0
0 0 0 0 0 1 0 1 0 0
0 0 0 0 0 1 0 1 0 0
Maze 101
89 262 2.8135593220 2.3033881518 36 0.379608705817461
36 24 67 89 53 9 68 88 79 32 3 96 66 28 68 36
34 64 87 83 3 8 400 78 72 2 93 400 26 400 66
401 401 401 401 402 402 400 402 401 402 401 400 402 400 401
0 1 1 1 1 1 1 1 1 0
0 1 1 0 0 0 0 1 0 0
0 1 1 1 0 1 1 1 0 0
0 1 1 1 1 2 0 1 0 0
0 1 1 1 0 1 0 1 0 0
0 1 1 1 0 1 0 1 0 0
0 1 1 1 1 1 1 1 0 0
0 1 1 1 1 1 1 1 1 0
0 0 1 1 1 1 1 1 1 0
0 0 1 1 1 1 0 0 0 0
Maze 102
113 129 3.2666666667 2.1167699306 91 0.376131447644126
35 44 22 90 48 75 19 35 89 38 16 8 80 3 97 35
34 42 82 88 45 15 15 85 88 36 6 78 73 93 95
402 401 401 401 402 402 402 401 401 401 402 401 401 401 401
0 0 1 0 0 1 1 1 0 0
0 0 1 0 1 1 1 1 1 0
0 1 1 0 1 1 0 1 0 0
0 1 1 1 2 1 1 1 0 0
0 1 1 1 1 1 1 1 0 0
0 1 1 0 1 0 0 1 0 0
0 1 1 0 1 0 0 1 0 0
0 1 1 1 1 1 1 1 1 1
0 1 1 1 1 1 1 1 1 1
0 0 1 1 1 1 1 0 0 0
Maze 103
95 70 3.1111111111 1.8155388892 77 0.390725255632775
24 94 80 26 78 86 34 94 45 10 39 24 56 17 68 24
400 74 76 76 76 84 400 44 5 9 34 54 16 67 64
400 402 401 401 402 401 400 402 402 402 401 401 402 401 401
0 0 0 0 1 1 1 1 1 1
0 0 0 0 1 1 1 0 1 0
0 0 0 2 1 1 1 0 1 0
0 0 0 1 1 1 1 1 1 0
0 0 0 1 1 1 1 0 0 0
0 0 0 1 1 1 1 0 0 0
0 0 0 1 1 1 1 1 0 0
0 0 0 1 1 1 1 1 1 1
0 0 0 1 1 1 0 0 0 0
0 0 0 1 0 0 0 0 0 0
Maze 104
79 71 2.6909090909 2.2402856688 30 0.402967889199554
45 50 36 7 66 97 44 10 90 67 43 14 39 48 49 45
400 46 6 6 96 94 4 400 87 63 13 34 38 400 400
400 401 402 402 401 401 402 400 401 401 402 401 402 400 400
0 0 0 1 1 1 1 1 1 1
0 0 1 1 0 1 0 0 0 1
0 0 1 1 0 1 0 0 0 1
0 0 1 1 1 1 1 1 1 1
0 0 1 1 2 1 1 1 1 1
0 0 1 1 0 1 0 0 0 1
0 0 1 1 1 1 1 0 0 1
0 0 0 1 0 1 1 0 0 1
0 0 0 1 0 1 1 1 1 1
0 0 0 1 1 1 1 0 0 0
Maze 105
81 36 2.8727272727 2.3207485712 23 0.375877441058030
100 94 33 64 35 43 22 27 3 72 43 71 91 16 69 100
400 93 63 34 33 42 400 23 2 42 41 400 11 66 99
400 401 401 402 402 401 400 401 402 402 402 400 402 401 401
0 1 1 0 0 0 0 0 0 0
1 1 1 1 1 1 0 0 0 0
1 1 1 1 1 1 1 0 0 0
1 1 1 1 1 1 0 0 0 0
1 1 1 1 0 1 0 0 0 0
1 1 1 1 0 1 0 0 0 0
1 1 1 1 0 1 1 1 1 0
1 1 1 0 0 0 0 0 1 0
1 0 1 0 0 0 0 0 1 0
1 0 1 1 1 1 1 1 1 2
Maze 106
81 88 2.9803921569 2.2600651031 30 0.361795198409590
36 48 30 45 78 58 83 62 33 34 54 75 9 82 78 36
46 28 25 75 400 53 82 32 400 400 74 5 2 72 76
401 402 402 401 400 402 401 402 400 400 401 402 402 402 401
0 1 1 1 1 1 1 1 1 0
0 1 0 0 1 0 0 0 0 0
0 1 0 0 1 1 1 1 1 1
0 1 1 1 1 2 0 1 0 0
0 1 0 1 1 1 1 1 0 0
0 1 1 1 1 1 1 1 0 0
0 1 1 1 1 1 0 1 0 0
0 1 1 1 1 1 1 1 0 0
0 1 1 0 0 0 0 0 0 0
0 0 0 0 0 0 0 0 0 0
Maze 107
109 43 2.8888888889 2.0751226136 105 0.371860876411980
94 23 2 89 29 96 66 5 72 1 12 64 33 10 53 94
93 22 82 400 26 400 65 2 71 11 62 63 3 3 93
401 401 401 400 402 400 401 402 401 401 401 401 402 402 401
1 1 1 1 1 1 1 1 1 1
1 1 1 0 1 0 0 0 0 0
1 1 1 0 1 1 1 1 1 0
1 1 1 0 1 1 0 0 1 0
1 1 1 0 1 1 0 0 1 0
1 1 1 0 1 1 0 0 1 0
1 1 1 1 1 1 0 0 1 0
1 1 1 0 0 1 0 0 1 0
0 1 1 1 1 1 1 1 1 0
0 0 1 2 0 1 0 0 0 0
Maze 108
105 20 3.2580645161 2.3654319197 86 0.381996593140611
68 1 42 46 55 63 10 26 27 3 90 73 78 38 81 68
61 41 400 45 53 3 6 400 23 83 83 400 400 31 61
401 401 400 402 402 402 402 400 401 401 401 400 400 402 402
1 0 1 1 1 1 1 1 1 1
1 0 1 0 0 1 0 0 0 0
1 0 1 1 1 1 1 0 0 0
1 1 1 1 1 1 1 1 0 0
1 1 1 1 1 1 0 1 0 0
1 0 1 1 1 0 0 1 0 0
1 1 1 1 1 1 1 2 0 0
1 0 1 1 1 1 1 1 0 0
1 0 1 1 1 1 1 1 1 1
0 0 0 0 0 0 0 0 0 0
Maze 109
101 361 3.1578947368 2.2095078208 65 0.383352754512565
49 75 42 56 99 61 31 39 42 64 61 3 77 78 22 49
45 72 52 96 91 400 400 32 62 400 1 73 400 72 42
402 401 401 401 401 400 400 402 401 400 402 401 400 401 401
1 1 1 0 0 0 0 0 0 0
1 0 1 0 0 0 0 0 0 0
1 1 1 0 0 0 0 0 0 0
1 1 1 1 1 1 1 1 1 0
1 1 1 1 1 1 1 1 2 0
1 1 1 1 1 1 0 0 0 0
1 1 1 1 1 1 0 0 0 0
1 1 1 1 1 1 1 1 0 0
1 0 0 0 0 1 0 0 0 0
1 1 1 1 1 1 1 1 1 0
Maze 110
91 108 3.4545454545 1.8058408635 50 0.373558971520357
22 79 24 45 53 65 54 95 48 17 49 21 76 80 67 22
72 74 44 43 63 64 94 45 47 47 41 71 400 77 62
401 401 401 402 401 401 401 402 401 401 401 401 400 401 401
0 0 0 0 0 0 0 0 0 0
0 0 0 0 0 0 1 0 0 0
1 2 0 1 0 0 1 0 0 0
1 1 0 1 0 0 1 0 0 0
1 1 1 1 1 1 1 1 1 0
1 1 1 1 1 0 0 0 0 0
1 1 1 1 1 1 1 0 0 0
1 1 1 1 1 1 1 1 1 1
0 0 0 1 1 0 0 0 0 0
0 0 0 1 1 0 0 0 0 0
Maze 111
101 73 3.1272727273 2.1194202151 65 0.394188654912808
42 47 60 11 33 45 17 55 41 96 48 16 20 99 1 42
400 57 51 31 43 15 15 51 91 46 46 400 19 91 41
400 401 401 401 401 402 402 401 401 402 401 400 402 401 401
1 0 0 0 0 0 0 0 0 0
1 0 0 0 1 1 1 1 1 1
1 0 0 0 1 1 0 0 1 0
1 1 1 0 1 1 0 0 1 0
1 2 1 1 1 1 1 1 1 0
1 1 1 1 1 1 1 1 1 1
1 0 0 0 0 1 0 0 1 0
1 0 0 0 0 1 0 0 1 0
1 0 0 0 0 1 0 0 1 0
1 1 1 1 1 1 1 1 1 0
Maze 112
93 140 2.6229508197 2.3425345807 40 0.360114062481140
89 51 70 29 17 56 46 91 81 13 35 71 2 74 58 89
81 61 69 27 16 400 41 400 11 33 31 1 72 54 88
401 401 401 401 402 400 402 400 402 401 402 402 401 402 401
1 1 0 0 0 0 0 0 0 0
1 1 1 0 0 1 1 0 0 0
1 1 1 0 0 1 1 1 1 0
1 1 1 1 1 1 0 0 1 0
1 1 1 1 1 1 0 0 1 0
1 1 0 1 1 1 1 1 1 0
1 1 1 1 1 1 1 1 1 1
1 1 1 1 0 0 0 1 0 0
1 1 1 1 1 1 1 1 2 0
1 0 0 0 0 0 0 0 0 0
Maze 113
97 55 3.3461538462 2.1575048980 77 0.379492150004147
16 21 71 50 16 69 87 74 67 2 58 91 82 81 45 16
11 400 41 46 66 67 84 64 62 52 51 81 400 41 15
402 400 402 401 401 402 401 402 401 401 402 402 400 402 402
0 1 0 0 0 0 0 0 0 0
1 1 1 1 1 2 0 0 0 0
1 1 0 0 1 1 0 0 0 0
1 1 0 0 1 1 0 0 0 0
1 1 1 1 1 1 1 1 1 1
1 1 1 1 1 1 1 1 0 0
1 1 1 1 1 1 1 1 1 0
1 0 0 1 0 0 1 0 0 0
1 1 0 1 1 1 1 0 0 0
1 0 0 0 0 0 0 0 0 0
Maze 114
91 301 2.5423728814 2.0876399738 56 0.409308248364072
43 7 29 61 67 98 99 32 7 79 98 95 53 25 75 43
3 27 21 400 97 400 92 2 77 78 400 93 23 400 73
402 401 402 400 401 400 401 402 401 402 400 401 402 400 401
0 1 1 1 1 1 1 0 0 0
0 1 1 0 0 0 1 0 0 0
1 1 1 1 1 1 1 1 1 0
1 1 1 0 1 0 1 0 0 0
1 1 2 0 1 0 1 0 0 0
1 1 1 0 1 0 1 0 0 0
1 1 1 1 1 1 1 0 0 0
0 1 1 1 1 0 1 1 1 0
0 1 1 0 0 0 1 1 0 0
0 1 1 1 1 1 1 1 1 0
Maze 115
77 7 2.9756097561 1.9844081985 26 0.374919133161233
92 39 65 25 13 52 72 33 62 6 78 63 64 63 42 92
32 35 400 23 12 400 32 32 2 76 73 400 400 62 400
402 402 400 401 402 400 402 402 402 401 401 400 400 401 400
0 1 1 1 1 1 0 0 0 0
0 1 1 0 0 1 0 0 0 0
0 1 1 1 1 1 0 0 0 0
0 1 1 1 1 1 1 1 1 0
0 1 0 0 1 1 0 0 0 0
0 1 0 0 1 1 0 0 0 0
0 1 1 1 1 1 0 0 0 0
0 1 1 1 1 1 1 1 0 0
0 1 0 0 0 0 0 0 0 0
0 2 0 0 0 0 0 0 0 0
Maze 116
83 124 3.0000000000 2.1418479094 26 0.379389071516550
64 33 77 26 4 12 21 40 38 82 43 18 30 80 52 64
63 73 76 24 2 11 31 400 32 42 13 28 400 72 62
401 401 401 401 402 402 401 400 402 402 402 401 400 401 401
0 1 1 1 0 0 0 0 0 0
1 1 1 1 1 1 1 1 0 0
1 0 1 1 1 1 0 1 1 1
1 1 1 1 1 1 1 1 1 1
0 1 1 0 0 1 0 0 0 1
0 1 1 0 0 1 0 0 0 1
0 1 1 2 0 1 0 0 0 1
0 1 1 1 1 1 1 1 1 1
0 1 0 0 0 0 0 0 0 0
0 0 0 0 0 0 0 0 0 0
Maze 117
103 42 3.2500000000 2.1019806504 77 0.379131256104498
97 7 47 83 16 56 64 36 16 79 93 72 11 99 81 97
400 400 43 13 400 54 34 400 76 73 92 71 91 91 91
400 400 402 402 400 402 402 400 401 402 401 401 401 401 401
0 0 0 0 0 0 1 0 0 0
1 0 1 1 1 1 1 0 0 0
1 0 1 0 0 1 1 0 0 0
1 0 1 1 1 1 1 0 0 0
1 0 1 1 1 1 1 0 0 0
1 0 1 1 1 1 1 0 0 0
1 0 1 1 0 1 1 0 0 0
1 1 1 1 1 1 1 1 1 0
1 1 1 0 0 0 1 0 0 0
1 1 1 1 1 1 2 1 1 0
Maze 118
97 1912 2.8000000000 2.2977914067 53 0.367269850017378
37 89 81 78 76 70 41 56 78 10 62 83 44 19 10 37
87 400 71 400 66 61 51 76 8 2 82 43 14 9 7
401 400 402 400 402 401 401 401 402 402 401 402 402 402 402
0 1 1 1 1 1 1 1 1 1
0 1 0 1 1 1 1 1 1 0
0 1 0 1 0 0 1 1 0 0
0 1 0 1 0 0 2 1 0 0
1 1 1 1 0 0 1 1 0 0
1 1 1 1 1 1 1 1 0 0
1 1 1 1 1 1 1 1 1 1
1 1 1 1 1 1 1 1 0 0
1 1 1 1 1 1 1 1 1 0
0 0 0 0 0 0 0 0 0 0
Maze 119
99 14 2.8928571429 2.0242121464 51 0.411917810482721
38 95 74 2 90 100 25 95 67 18 80 35 38 6 25 38
35 94 72 82 400 95 400 65 17 78 75 400 36 5 35
402 401 401 401 400 401 400 402 402 401 401 400 401 402 401
0 1 0 0 1 1 0 0 0 0
0 1 0 0 1 1 1 1 0 0
0 1 0 0 1 1 1 1 0 0
0 1 0 0 1 1 1 2 0 0
0 1 0 0 1 0 1 1 0 0
0 1 0 0 1 0 1 1 0 0
0 1 0 0 1 1 1 1 0 0
0 1 1 1 1 1 1 1 1 1
0 1 1 1 1 1 1 1 1 1
0 0 0 1 1 1 1 1 1 1
Maze 120
101 74 3.3684210526 2.2580311572 77 0.389700951010834
17 8 76 49 32 34 99 73 25 13 1 16 22 10 85 17
7 6 46 42 400 94 93 23 23 11 11 12 2 5 15
402 402 402 401 400 401 401 402 401 401 401 402 402 402 402
1 1 1 1 1 1 1 1 1 1
1 1 1 1 1 1 2 0 0 0
0 1 1 1 1 1 0 0 0 0
0 1 1 1 1 1 0 0 0 0
0 1 1 1 1 1 1 1 1 0
0 0 1 1 1 1 0 0 0 0
0 0 1 1 1 1 0 0 0 0
0 0 1 1 1 1 0 0 0 0
0 0 1 1 1 0 0 0 0 0
0 0 1 1 1 1 1 1 1 0
Maze 121
93 47 3.1698113208 2.1382786214 44 0.386812339708588
29 38 46 39 16 94 30 68 93 51 43 68 33 42 88 29
28 36 36 36 14 24 28 63 91 41 63 63 32 82 28
402 402 402 401 402 402 402 402 401 402 401 401 402 401 402
0 0 0 0 0 0 0 0 0 0
0 0 0 1 1 1 0 0 0 0
0 0 0 1 1 1 1 1 2 1
0 1 1 1 0 1 1 1 1 0
1 1 1 1 0 1 0 1 0 0
1 1 1 1 0 0 0 1 0 0
1 1 1 1 1 1 1 1 0 0
1 1 1 1 0 0 0 1 0 0
1 1 1 1 1 1 1 1 0 0
1 1 1 1 0 0 0 0 0 0
Maze 122
87 34 3.0188679245 2.2175054495 44 0.390672432958331
98 77 72 13 44 2 100 35 5 16 87 49 29 55 75 98
97 400 12 43 42 92 95 400 15 86 47 400 25 400 95
401 400 402 401 401 401 401 400 401 401 402 400 402 400 401
0 1 0 0 1 0 0 0 0 0
0 1 1 0 1 1 0 0 0 0
0 1 1 0 1 1 1 1 1 0
0 1 1 0 1 1 0 0 1 0
0 1 1 1 1 1 1 1 1 0
0 1 0 0 1 1 1 0 0 0
0 1 0 0 1 1 1 0 0 0
0 1 1 1 1 1 1 0 0 0
0 1 0 0 1 1 1 0 0 0
0 1 1 1 1 1 1 2 1 1
Maze 123
131 80 3.5333333333 1.9802649672 191 0.399887460384017
18 64 36 88 2 82 40 55 79 61 38 71 30 44 42 18
14 34 86 82 400 32 35 75 71 31 31 21 24 400 12
402 402 401 401 400 402 402 401 401 402 402 402 402 400 402
0 1 0 0 0 0 0 0 0 0
0 1 1 1 1 1 1 2 0 0
1 1 1 1 1 1 1 1 1 1
1 1 1 1 1 1 1 1 1 1
1 1 1 1 1 1 0 0 0 0
1 1 0 1 1 1 0 0 0 0
1 1 0 1 1 1 0 0 0 0
1 1 1 1 1 1 1 1 1 0
0 1 1 1 1 1 1 1 0 0
0 0 0 0 0 0 0 0 0 0
Maze 124
101 10 3.6190476190 1.7878264509 71 0.394044632782188
32 43 93 26 79 15 76 73 28 11 21 19 22 20 21 32
42 400 23 76 75 75 400 23 21 400 11 12 12 11 31
401 400 402 401 401 401 400 402 401 400 402 402 402 402 401
0 0 0 0 0 0 0 0 0 0
1 1 1 1 1 1 1 1 1 1
1 1 1 1 1 1 1 1 0 0
1 2 1 0 1 1 0 0 0 0
0 1 1 0 1 1 0 0 0 0
0 0 1 0 1 1 0 0 0 0
0 0 1 0 1 1 0 0 0 0
0 0 1 1 1 1 1 1 1 0
0 0 1 0 0 0 0 0 0 0
0 0 1 0 0 0 0 0 0 0
Maze 125
77 90 2.6792452830 2.3430865111 26 0.376232977653289
11 42 51 11 11 64 70 87 25 7 3 55 49 90 16 11
41 41 400 400 61 400 67 85 5 400 53 45 89 86 400
401 402 400 400 401 400 402 401 402 400 401 402 401 401 400
0 0 1 1 1 1 1 0 0 0
2 1 1 1 1 1 0 0 0 0
1 0 1 0 1 1 0 0 0 0
1 0 1 0 1 1 0 0 0 0
1 1 1 0 1 1 1 1 1 0
1 0 1 1 1 1 0 0 1 0
1 1 1 1 1 1 1 1 1 1
0 0 0 0 1 1 1 0 1 0
0 0 0 0 1 1 1 1 1 1
0 0 0 0 0 0 0 0 0 0
Maze 126
107 42 3.0937500000 2.1879236119 105 0.372945226697162
44 9 89 50 9 62 84 22 13 28 96 32 63 35 90 44
4 400 49 49 2 82 82 12 23 26 92 62 33 85 84
402 400 402 401 402 401 401 402 401 402 401 401 402 401 401
0 1 1 1 1 1 1 1 1 0
0 1 1 1 0 0 0 0 1 0
0 1 1 1 1 1 1 1 1 0
0 1 1 1 1 1 0 0 1 0
0 1 1 2 1 1 0 0 1 1
0 1 1 1 1 1 0 0 1 0
0 1 1 1 1 1 0 0 1 0
0 1 0 1 1 1 0 0 1 0
0 1 1 1 1 1 1 1 1 1
0 1 1 1 1 1 0 0 0 0
Maze 127
95 12 3.8421052632 1.7757435158 51 0.375332546821253
41 64 8 84 39 15 35 23 71 33 39 71 54 82 43 41
61 4 4 34 35 400 33 21 31 400 31 51 52 42 400
401 402 402 402 401 400 401 402 402 400 402 402 402 402 400
0 0 0 1 1 1 1 1 0 0
0 0 0 1 1 0 0 0 0 0
1 1 1 1 1 0 0 0 0 0
1 1 1 1 1 1 1 1 1 0
2 1 1 1 0 0 0 0 0 0
1 1 1 1 0 0 0 0 0 0
1 1 1 1 0 0 0 0 0 0
1 1 0 1 0 0 0 0 0 0
0 1 0 1 0 0 0 0 0 0
0 0 0 0 0 0 0 0 0 0
Maze 128
119 310 3.4576271186 2.0622132102 148 0.392616873887308
14 35 94 81 38 74 13 74 81 50 62 18 3 87 60 14
34 34 91 31 34 73 73 71 41 42 12 13 83 57 54
401 402 401 402 402 401 401 402 402 402 402 401 401 402 401
0 0 1 0 0 0 0 0 0 0
0 1 1 2 1 1 1 1 0 0
0 1 1 1 0 0 0 0 0 0
1 1 1 1 1 1 1 1 0 0
1 1 1 1 1 1 1 1 1 1
1 1 1 1 1 1 1 1 1 1
1 1 1 1 0 0 1 0 0 0
1 1 1 1 0 0 1 0 0 0
1 0 1 1 1 1 1 0 0 0
1 1 1 1 0 0 0 0 0 0
Maze 129
115 108 3.0704225352 2.3324292234 124 0.398839524423486
27 47 52 80 41 92 21 60 99 10 98 82 7 87 67 27
400 42 72 71 91 91 51 59 9 8 92 2 400 400 400
400 402 401 401 401 401 401 402 402 402 401 402 400 400 400
0 1 1 1 1 1 1 1 1 1
0 1 0 0 0 0 1 1 1 0
1 1 0 0 0 0 2 1 1 0
1 1 0 0 0 0 1 1 1 0
1 1 1 1 1 1 1 1 1 0
1 1 1 1 1 1 1 1 1 1
1 1 0 0 0 0 1 1 1 0
1 1 1 1 1 1 1 1 1 1
1 1 0 0 0 0 1 1 1 0
1 1 1 1 1 1 1 1 1 0
Maze 130
81 66 3.4500000000 1.9049120155 25 0.374365715337585
56 69 17 50 15 34 70 76 36 65 26 52 74 16 24 56
66 67 47 45 14 64 66 400 35 25 22 72 14 14 54
401 401 401 401 402 401 402 400 402 402 402 401 402 402 401
0 0 0 0 0 0 0 0 0 0
0 0 0 1 1 1 1 0 0 0
0 1 1 1 1 1 1 0 0 0
0 1 0 1 1 1 1 0 0 0
0 1 0 1 1 1 1 1 1 1
0 1 0 1 1 2 1 0 0 0
0 1 0 1 1 1 1 1 1 1
0 1 1 1 0 1 0 0 0 0
0 0 0 0 0 0 0 0 0 0
0 0 0 0 0 0 0 0 0 0
Maze 131
81 15 3.6000000000 1.8403387268 23 0.379632355258738
58 80 48 77 53 30 24 80 57 85 85 78 73 13 63 58
78 78 47 73 23 400 74 77 55 400 75 400 400 400 53
401 401 402 401 402 400 401 401 402 400 402 400 400 400 402
0 0 0 0 0 0 0 0 0 0
0 0 1 0 0 0 0 0 0 0
0 0 1 1 1 1 1 1 1 1
0 0 1 1 0 0 0 0 0 0
0 0 1 1 0 0 1 1 0 0
0 0 1 1 1 1 1 2 0 0
0 0 1 1 1 0 1 1 0 0
0 0 1 1 1 1 1 1 1 1
0 0 0 0 1 0 0 0 0 0
0 0 0 0 0 0 0 0 0 0
Maze 132
83 49 3.1428571429 1.9626641082 30 0.374163764031057
23 70 66 49 79 78 12 25 69 75 3 23 23 55 92 23
63 400 46 400 400 72 22 65 65 73 400 400 53 52 22
401 400 402 400 400 401 401 401 402 401 400 400 401 402 402
0 0 1 0 0 0 0 0 0 0
0 1 1 0 0 0 0 0 0 0
0 1 2 1 1 0 0 0 0 0
0 1 1 0 1 0 0 0 0 0
0 1 1 0 1 1 1 1 1 0
0 1 1 1 1 1 0 0 1 0
0 1 1 1 1 1 1 1 1 1
0 1 1 1 1 1 1 1 1 0
0 1 0 0 0 0 0 0 0 0
0 1 0 0 0 0 0 0 0 0
Maze 133
69 118 3.0454545455 2.3142736553 10 0.404791665350590
63 2 27 37 98 23 32 47 64 67 25 17 33 23 33 63
62 22 400 97 93 22 42 44 400 65 15 13 400 400 400
401 401 400 401 401 402 401 402 400 401 402 402 400 400 400
0 1 0 0 0 0 0 0 0 0
0 1 1 1 1 1 1 0 0 0
0 1 1 1 1 1 1 0 0 0
0 1 1 0 1 0 1 0 0 0
0 1 1 1 1 1 1 0 0 0
0 1 1 1 1 0 1 0 0 0
0 1 2 1 1 1 1 0 0 0
0 0 1 0 0 0 1 0 0 0
0 0 1 0 0 0 1 0 0 0
0 0 1 1 1 1 1 1 0 0
Maze 134
81 190 2.5862068966 2.2810033881 35 0.378030743547425
31 15 87 66 39 40 49 2 34 70 100 77 56 84 87 31
11 85 86 36 400 39 42 32 64 400 97 76 54 400 81
402 401 401 402 400 402 401 401 401 400 401 401 402 400 401
0 1 0 0 0 0 0 0 0 0
1 1 1 1 1 0 0 0 0 0
1 1 0 0 1 0 0 0 0 0
2 1 1 1 1 1 1 1 1 1
1 1 1 1 1 1 1 1 1 0
1 0 0 1 1 1 0 0 0 0
1 0 0 1 1 1 1 1 1 1
1 0 0 1 1 1 1 0 0 1
1 1 1 1 1 1 1 0 0 1
0 0 0 0 0 0 1 1 1 1
Maze 135
95 114 3.0545454545 2.0708490455 71 0.383147008955045
28 88 38 70 50 23 76 15 67 57 90 12 26 83 74 28
400 400 68 400 43 73 75 65 400 87 82 22 23 73 24
400 400 401 400 401 401 401 401 400 401 401 401 402 402 402
0 0 0 0 0 0 0 0 0 0
0 1 0 0 1 0 0 0 0 0
0 1 1 1 1 1 1 2 0 0
0 1 1 1 1 0 0 1 0 0
0 1 1 1 1 1 1 1 1 1
0 1 1 1 1 0 1 1 0 1
0 1 1 1 1 1 1 1 1 1
0 1 1 1 1 1 1 1 0 0
0 1 1 1 1 1 1 1 1 1
0 0 0 0 0 0 0 0 0 0
Maze 136
105 209 3.0000000000 2.2277379314 104 0.376811531554247
12 95 82 28 19 87 6 83 71 97 51 22 57 60 45 12
92 92 22 18 17 86 3 81 91 91 21 52 400 55 42
401 401 402 402 402 401 402 401 401 401 402 401 400 401 401
0 0 1 1 1 1 0 0 0 0
0 2 1 0 0 1 1 1 1 0
1 1 1 1 1 1 1 1 0 0
1 1 1 0 0 1 1 0 0 0
1 1 1 1 1 1 1 0 0 0
1 1 1 1 1 1 1 1 1 1
1 1 1 0 0 1 1 0 0 0
1 1 1 0 0 1 1 0 0 0
1 1 1 0 0 1 1 0 0 0
1 1 1 1 1 1 1 0 0 0
Maze 137
87 17 2.5396825397 2.2812500000 45 0.363234723978774
3 12 90 61 98 8 37 5 11 2 50 60 20 10 5 3
2 82 81 91 400 7 35 1 1 42 400 400 400 400 400
402 401 401 401 400 402 401 402 402 401 400 400 400 400 400
1 1 2 1 1 1 1 1 1 1
1 1 0 0 1 0 1 1 0 1
0 1 0 0 1 0 1 1 0 1
0 1 0 0 1 1 1 1 0 1
0 1 1 1 1 1 1 1 1 1
0 1 0 0 0 0 0 1 0 1
1 1 0 0 0 0 0 1 0 0
1 1 0 0 0 0 0 1 0 0
1 1 1 1 1 1 1 1 1 1
1 1 1 1 1 1 1 1 0 0
Maze 138
115 2491 3.3898305085 2.0972386333 148 0.402041011207328
44 9 82 18 57 33 45 31 83 9 40 52 77 40 18 44
4 2 12 17 53 43 41 81 3 39 32 72 37 38 14
402 402 402 402 401 401 401 401 402 401 402 401 402 401 402
0 1 1 1 1 1 1 1 1 0
0 1 1 1 1 1 1 1 1 0
0 1 1 1 0 0 1 1 1 0
1 1 1 1 1 1 1 1 1 1
1 1 1 2 1 0 1 0 0 0
1 1 1 1 1 1 1 0 0 0
1 1 1 0 0 0 1 0 0 0
1 1 1 1 1 1 1 0 0 0
1 1 1 0 0 0 0 0 0 0
0 0 0 0 0 0 0 0 0 0
Maze 139
113 1188 3.2307692308 2.2908847230 84 0.383920483051994
2 70 3 51 20 50 9 77 50 56 98 54 21 63 92 2
62 63 1 11 400 49 7 47 46 96 94 51 61 62 400
401 401 402 402 400 401 402 402 402 401 401 401 401 402 400
1 2 1 0 0 0 1 1 1 0
1 1 1 1 1 1 1 1 1 1
1 1 1 0 0 0 1 0 1 1
1 1 1 0 0 0 1 0 1 1
1 1 1 0 0 1 1 1 1 1
1 1 1 1 0 1 1 0 0 0
1 1 1 1 1 1 1 1 1 1
0 1 0 1 0 1 1 0 0 0
0 1 0 1 0 1 0 0 0 0
0 1 0 1 1 1 1 1 0 0
Maze 140
111 241 3.3333333333 2.0235967155 92 0.378789573063394
80 94 27 18 26 88 67 99 56 100 61 48 37 81 1 80
74 24 17 16 86 87 97 96 96 91 41 47 31 400 71
402 402 402 402 401 401 401 401 401 401 402 401 402 400 401
1 0 0 0 0 0 0 0 0 0
1 0 0 0 0 1 1 1 0 0
1 0 0 1 1 1 1 0 0 0
1 1 1 1 1 1 1 0 0 0
1 1 1 1 1 1 1 1 0 0
1 0 0 1 0 1 0 0 0 0
1 0 0 1 0 1 1 0 0 0
1 1 1 1 1 1 1 1 1 2
1 0 0 1 0 1 1 1 0 0
1 1 1 1 1 1 1 1 1 1
Maze 141
95 70 3.1250000000 1.9161881397 71 0.380298077860282
14 86 71 92 44 42 17 6 14 49 51 95 14 87 23 14
84 81 91 42 400 12 16 4 44 41 91 94 84 83 13
401 401 401 402 400 402 401 402 401 402 401 401 401 401 402
0 0 0 1 1 1 0 0 0 0
0 1 1 2 1 1 1 0 0 0
0 1 1 1 0 0 0 0 0 0
0 1 1 1 0 0 0 0 0 0
1 1 1 1 1 1 1 1 1 0
1 1 1 1 0 0 0 0 0 0
1 1 1 1 0 0 0 0 0 0
1 1 1 1 0 0 0 0 0 0
1 1 1 1 1 1 1 0 0 0
1 1 1 1 1 0 0 0 0 0
Maze 142
59 21 2.5454545455 2.3424797415 5 0.387457230574114
31 62 4 4 17 10 59 100 57 63 54 31 31 33 63 31
61 2 400 14 7 9 99 97 53 53 51 400 400 400 61
401 402 400 401 402 402 401 401 402 402 401 400 400 400 401
0 1 1 1 0 0 1 1 1 1
0 1 0 1 1 1 1 0 1 0
0 1 0 0 0 0 0 0 1 0
2 1 1 0 0 0 0 0 1 0
1 1 1 0 0 0 0 0 1 0
1 1 1 1 1 1 1 0 1 0
1 1 1 0 0 0 1 0 1 0
0 0 0 0 0 0 1 0 1 0
0 0 0 0 0 0 1 0 1 0
0 0 0 0 0 0 1 1 1 1
Maze 143
99 652 2.9354838710 2.2220108319 56 0.377427395714674
49 43 92 96 54 18 62 92 21 6 47 48 10 93 36 49
400 42 400 94 14 12 400 91 1 46 400 8 3 33 46
400 402 400 401 402 402 400 401 402 401 400 402 402 402 401
1 1 1 1 1 1 1 1 1 1
1 1 1 1 1 1 1 1 0 0
1 1 1 1 0 1 0 1 0 0
1 1 1 1 1 1 0 1 0 0
1 1 1 1 1 1 1 1 2 0
1 1 1 1 0 0 0 0 0 0
1 1 1 1 0 0 0 0 0 0
1 1 1 1 0 0 0 0 0 0
1 1 1 1 0 0 0 0 0 0
1 1 1 1 1 1 0 0 0 0
Maze 144
107 37 3.1290322581 2.1435735922 61 0.398708488501278
3 10 14 94 18 88 66 100 58 72 97 61 24 94 92 3
400 4 400 14 400 86 96 98 52 92 91 21 400 400 2
400 402 400 402 400 401 401 401 402 401 401 402 400 400 402
0 1 2 1 1 1 1 1 1 1
0 1 0 1 1 1 1 1 0 0
1 1 1 1 0 0 0 1 0 0
1 1 0 1 0 0 0 1 0 0
1 1 0 1 0 0 0 1 0 0
1 1 1 1 1 1 1 1 0 0
1 1 0 1 0 1 0 1 0 0
1 1 0 1 0 1 0 1 0 0
1 1 0 1 0 1 1 1 0 0
1 1 1 1 1 1 1 1 1 1
Maze 145
117 343 3.3448275862 2.0430907776 113 0.408336790651159
35 76 16 61 36 78 41 98 43 95 94 98 72 8 95 35
75 400 11 31 76 71 91 93 93 400 400 92 2 5 400
401 400 402 402 401 401 401 401 401 400 400 401 402 402 400
0 1 1 1 1 1 1 1 0 0
1 1 1 1 1 1 0 0 0 0
1 1 0 0 1 1 0 0 0 0
1 1 1 1 2 1 0 0 0 0
1 1 1 0 1 1 0 0 0 0
1 1 1 0 1 1 0 0 0 0
1 1 1 0 1 1 0 0 0 0
1 1 1 1 1 1 1 1 0 0
1 1 1 0 1 0 0 0 0 0
1 1 1 1 1 1 1 1 0 0
Maze 146
101 321 2.7118644068 2.0251237962 55 0.378714682136891
41 42 88 89 53 8 89 17 14 24 88 21 67 38 17 41
400 82 400 83 3 88 87 400 400 84 81 61 37 37 11
400 401 400 401 402 401 401 400 400 401 401 401 402 401 402
0 0 1 1 1 1 1 1 0 0
1 1 1 1 1 1 1 1 0 0
1 0 1 1 0 0 1 1 0 0
1 0 1 1 0 0 1 1 0 0
2 1 1 1 0 0 1 1 0 0
1 1 1 1 0 0 1 1 0 0
1 1 1 1 1 1 1 1 0 0
1 1 1 1 0 0 1 1 0 0
1 1 1 1 1 1 1 1 1 0
0 0 0 0 0 0 0 0 0 0
Maze 147
113 56 3.1475409836 2.1566795577 75 0.385013057884660
91 41 93 10 68 63 79 24 89 76 3 19 26 41 75 91
400 91 3 8 400 73 74 84 86 73 13 16 21 71 71
400 401 402 402 400 401 401 401 401 401 401 402 402 401 402
0 0 1 1 1 1 1 1 1 1
0 0 1 1 1 1 1 1 1 0
1 1 1 1 1 1 0 1 0 0
1 0 1 1 0 0 0 1 0 0
1 0 1 1 0 0 0 1 0 0
1 0 1 1 0 0 0 1 0 0
1 0 1 1 1 1 1 1 0 0
1 1 1 1 1 1 1 1 1 0
1 0 1 1 1 1 1 1 1 0
2 1 1 0 0 0 0 0 0 0
Maze 148
109 338 3.4385964912 2.1803142740 75 0.396042160358014
94 19 64 58 87 33 52 8 66 79 93 98 46 20 53 94
14 14 54 57 83 32 2 6 76 73 400 96 16 13 93
402 402 402 402 401 402 402 402 401 402 400 401 402 402 401
0 1 1 1 1 1 1 1 0 0
0 1 1 1 1 1 1 1 1 1
0 1 1 1 0 1 0 0 0 0
0 1 1 1 0 1 0 0 0 0
0 1 1 1 0 1 0 0 0 0
0 1 1 1 1 1 1 1 0 0
0 0 1 1 0 1 1 0 0 0
0 0 1 1 1 1 1 1 1 0
0 0 1 1 1 1 1 0 0 0
0 0 1 2 1 1 1 1 0 0
Maze 149
103 182 2.8615384615 2.2704001102 46 0.361454071846414
40 54 81 96 100 17 75 18 85 87 4 7 31 41 78 40
34 51 91 400 97 15 15 15 400 84 400 1 400 71 38
402 402 401 400 401 402 402 402 400 401 400 402 400 401 402
1 1 1 1 1 1 1 0 0 0
1 0 0 1 1 1 1 1 0 0
1 0 0 1 1 0 1 0 0 0
1 0 0 1 1 1 1 1 1 2
1 0 0 1 1 0 1 1 0 0
1 1 1 1 1 0 1 1 0 0
1 0 0 1 1 0 1 1 0 0
1 1 1 1 1 1 1 1 0 0
1 0 0 1 1 1 1 0 0 0
1 1 1 1 1 1 1 1 1 1
Maze 150
99 16 3.2592592593 2.1196431912 48 0.388950537307761
1 49 22 45 69 19 48 17 69 35 90 72 77 55 17 1
41 42 42 65 400 18 47 67 65 85 82 400 75 15 11
401 401 401 401 400 402 401 401 401 401 401 400 401 402 401
2 0 0 0 0 0 0 0 0 0
1 1 1 1 1 1 1 1 1 0
1 1 0 0 1 0 1 1 1 0
1 1 0 0 1 0 1 1 1 0
1 1 1 1 1 1 1 1 1 0
0 0 0 0 1 0 1 0 1 0
0 0 0 0 1 1 1 1 1 0
0 1 1 1 1 1 1 0 0 0
0 1 1 1 1 1 1 1 1 1
0 0 0 0 0 0 0 0 0 0
Maze 151
85 30 3.4634146341 2.0445426968 45 0.368278011080370
44 60 82 39 37 41 11 62 11 61 45 87 54 83 74 44
54 52 32 400 31 400 61 61 400 41 85 84 53 73 400
401 402 402 400 402 400 401 401 400 402 401 401 402 402 400
0 0 0 0 0 0 0 0 0 0
1 0 0 0 0 0 0 0 0 0
1 0 0 0 0 0 0 0 0 0
1 1 1 1 1 1 1 1 1 0
1 1 1 2 1 0 0 0 0 0
1 1 1 1 1 1 1 1 1 1
1 1 1 1 1 0 0 0 0 0
0 1 1 1 1 0 0 0 0 0
0 1 1 1 1 1 1 0 0 0
0 0 0 0 0 0 0 0 0 0
Maze 152
89 52 3.1111111111 2.3086358104 45 0.389756266871021
72 92 80 47 71 64 8 88 46 36 66 90 18 49 36 72
400 72 77 41 61 4 400 86 400 400 86 88 48 46 32
400 402 401 402 402 402 400 401 400 400 401 401 401 401 402
0 0 0 1 1 1 1 1 0 0
0 0 0 1 0 0 0 1 0 0
0 0 0 1 0 0 0 1 0 0
0 1 1 1 1 1 0 1 0 0
1 1 1 1 1 1 1 1 1 0
1 1 0 1 0 1 1 1 0 0
1 1 1 1 0 1 1 1 0 0
1 2 1 1 1 1 1 1 1 1
0 1 0 0 0 1 1 1 1 1
0 1 0 0 0 0 0 0 0 0
Maze 153
93 587 2.9032258065 2.3632164154 56 0.362532225525563
85 74 71 40 89 6 52 67 3 24 51 85 34 96 76 85
84 400 31 39 86 2 62 63 23 21 81 84 94 400 75
401 400 402 402 401 402 401 401 401 402 401 401 401 400 402
0 1 1 1 1 1 0 0 0 0
0 1 1 0 0 1 0 0 0 0
1 1 1 1 0 1 0 0 0 0
1 1 1 1 1 1 1 1 1 1
1 1 1 1 0 1 0 0 1 0
1 1 1 1 0 1 0 0 1 0
1 1 1 1 1 1 1 0 1 0
1 1 1 1 1 1 0 0 1 0
1 1 1 1 2 1 1 1 1 0
0 0 0 1 1 1 0 0 0 0
Maze 154
117 1606 3.3134328358 2.3092838171 117 0.371214925973123
66 2 98 29 78 7 94 31 75 8 27 14 81 69 77 66
62 92 28 28 77 4 91 71 5 7 24 11 61 67 76
401 401 402 402 401 402 401 401 402 402 401 402 402 402 401
0 1 0 1 1 1 1 1 0 0
1 1 1 1 1 0 1 0 0 0
1 1 0 1 1 1 1 1 1 0
1 1 0 1 1 0 1 1 0 0
1 1 0 1 1 0 1 1 0 0
1 1 0 1 1 0 1 1 0 0
1 1 1 1 1 2 1 1 1 0
1 1 1 1 1 1 1 1 0 0
1 1 0 1 0 0 0 1 0 0
1 1 1 1 1 1 1 1 0 0
Maze 155
57 5 2.5454545455 2.3546812642 10 0.401788103276335
26 56 87 94 73 61 71 91 57 49 24 23 8 27 14 26
400 86 84 93 71 400 400 51 47 44 400 3 7 24 24
400 401 402 401 401 400 400 402 402 401 400 402 402 401 401
0 0 1 1 1 1 1 1 0 0
0 0 1 1 0 0 1 0 0 0
0 0 1 1 1 2 1 0 0 0
0 0 0 1 0 1 0 0 0 0
0 0 0 1 1 1 1 1 1 0
1 1 1 1 1 1 1 0 0 0
1 0 0 0 0 1 0 0 0 0
1 1 1 0 0 1 0 0 0 0
1 0 1 1 1 1 1 0 0 0
1 0 1 1 0 0 0 0 0 0
Maze 156
97 260 3.3333333333 2.0917531492 77 0.394859552163043
20 7 96 97 47 38 2 20 86 7 30 98 49 54 8 20
17 6 400 400 37 32 12 16 6 27 28 48 44 4 18
401 402 400 400 402 401 401 402 402 401 402 402 402 402 401
0 1 0 1 1 1 1 1 0 0
0 1 1 1 1 1 1 1 1 2
0 1 0 1 0 1 1 1 1 1
0 1 1 1 1 1 1 1 0 0
0 0 0 1 1 1 1 1 1 0
0 0 0 1 0 1 1 1 0 0
0 0 0 0 0 1 1 1 0 0
0 0 0 0 0 1 1 1 0 0
0 0 0 0 0 1 1 1 0 0
0 0 0 0 0 1 1 1 0 0
Maze 157
97 116 3.0769230769 1.9801929812 66 0.391038827595678
90 24 68 13 65 29 87 65 73 36 63 72 85 19 39 90
84 64 63 63 25 27 85 63 33 33 62 82 15 400 89
401 401 401 401 402 402 401 402 402 402 402 401 402 400 401
0 0 0 0 0 0 0 0 0 0
0 0 1 0 1 1 1 1 1 0
0 0 1 1 1 1 1 1 1 0
0 0 1 1 1 1 1 0 1 0
0 0 1 1 1 0 1 0 1 0
0 0 1 1 1 0 1 0 1 0
0 1 1 1 1 1 1 1 1 0
0 1 1 1 1 0 1 0 1 0
0 1 1 1 1 1 1 1 1 2
0 0 0 0 0 0 0 0 0 0
Maze 158
107 6 3.7391304348 1.9599405581 92 0.397905513460920
15 12 61 15 68 46 98 13 73 17 35 83 39 35 60 15
400 11 11 65 66 96 93 400 13 15 33 33 400 55 55
400 402 402 401 401 401 401 400 402 402 402 402 400 401 401
0 0 0 0 0 0 0 0 0 0
1 1 1 1 2 1 1 0 0 0
1 0 1 0 1 0 0 0 0 0
1 0 1 1 1 1 1 1 1 0
1 0 1 0 1 1 0 0 0 0
1 0 1 0 1 1 1 1 1 1
1 0 1 0 1 1 1 1 0 0
0 0 1 0 0 1 0 0 0 0
0 0 1 0 0 1 0 0 0 0
0 0 1 1 1 1 1 1 0 0
Maze 159
99 59 3.1320754717 2.0553176823 27 0.356000110139597
91 94 70 47 10 2 91 85 62 92 77 61 78 27 39 91
400 64 67 7 400 1 81 82 400 72 71 71 77 37 31
400 402 401 402 400 402 402 401 400 402 401 401 401 401 402
1 1 1 1 1 1 1 1 1 1
1 0 0 0 0 0 1 0 0 0
1 0 0 0 0 0 1 0 0 0
1 1 1 1 1 1 1 1 1 0
1 0 0 0 0 0 1 0 0 0
1 0 0 0 0 0 1 0 0 0
1 1 0 1 1 1 1 1 1 1
1 1 1 1 1 1 1 1 0 0
1 1 1 1 1 0 0 0 0 0
2 1 1 1 0 0 0 0 0 0
Maze 160
81 99 3.3023255814 2.0495972473 21 0.379516176758850
63 41 83 78 58 65 90 19 48 18 90 56 88 50 80 63
61 81 73 400 55 85 89 18 400 88 86 86 48 400 73
401 401 402 400 402 401 401 402 400 401 401 401 402 400 401
0 0 0 0 0 0 0 0 0 0
0 0 0 0 0 0 0 1 1 0
0 0 0 0 0 0 0 1 1 0
0 0 0 0 0 0 0 1 1 0
1 0 0 0 0 0 0 1 1 1
1 0 0 0 1 1 1 1 1 1
1 1 2 0 1 1 0 1 1 1
1 0 1 1 1 1 1 1 1 1
1 1 1 0 1 1 1 1 1 1
0 0 0 0 0 0 0 0 0 0
Maze 161
109 325 3.2830188679 2.0184270795 92 0.389763218233244
91 69 71 73 4 2 19 48 91 39 66 21 16 49 83 91
61 61 400 3 400 12 18 41 31 36 61 11 46 43 81
402 402 400 402 400 401 402 402 402 402 401 402 401 402 402
0 1 1 1 0 0 0 0 0 0
1 1 1 1 1 1 1 1 1 0
1 0 1 0 0 1 0 1 0 0
1 1 1 1 1 1 1 1 1 0
1 1 1 1 1 1 1 1 1 0
1 0 1 0 0 1 0 0 0 0
1 1 1 1 1 1 1 1 1 0
1 1 1 0 0 0 0 0 0 0
1 1 1 0 0 0 0 0 0 0
2 0 0 0 0 0 0 0 0 0
Maze 162
105 3203 3.1147540984 2.1697147336 104 0.387052085780097
36 66 17 65 14 79 70 52 86 40 92 77 48 99 73 36
400 16 15 64 74 69 62 82 36 32 72 47 98 93 33
400 402 402 401 401 402 401 401 402 402 402 402 401 401 402
0 0 0 0 0 0 0 0 0 0
0 0 0 1 1 1 1 0 0 0
0 0 0 1 1 1 0 0 0 0
0 1 1 1 1 2 1 1 1 1
0 1 1 1 1 1 1 1 0 0
0 1 1 1 1 1 1 1 0 0
0 1 1 1 1 1 1 1 1 1
0 1 1 1 1 1 1 1 1 0
0 1 1 1 1 1 0 1 0 0
0 1 1 1 1 1 1 1 1 0
Maze 163
105 212 3.6226415094 2.0858715019 97 0.389823852573370
14 89 35 53 37 8 79 19 100 25 65 80 56 99 77 14
84 85 33 33 7 78 400 99 95 400 75 76 96 97 74
401 401 402 402 402 401 400 401 401 400 401 401 401 401 401
0 0 0 0 0 0 1 1 0 0
0 0 0 2 0 0 1 1 1 0
0 0 0 1 1 0 1 1 1 0
0 0 1 1 1 1 1 1 1 0
0 0 1 1 1 0 0 1 1 0
0 0 1 1 1 1 0 1 1 0
0 0 0 1 1 1 0 1 1 0
0 0 0 1 1 1 1 1 1 1
0 0 0 1 1 1 1 1 1 0
0 0 0 0 1 1 1 1 1 1
Maze 164
99 62 3.2000000000 2.3110125115 66 0.365487704920750
90 85 94 72 71 14 70 30 43 16 51 51 100 84 16 90
400 84 92 400 11 64 400 23 13 11 400 91 94 14 86
400 402 401 400 402 401 400 402 402 402 400 401 401 402 401
0 0 0 0 0 0 0 0 0 0
1 1 1 1 1 1 0 0 0 0
1 0 1 1 1 1 1 1 1 1
1 0 1 1 0 1 0 0 0 1
1 0 1 1 0 1 0 0 0 1
1 0 0 1 0 1 0 0 0 1
1 0 0 1 1 1 1 1 1 1
1 1 0 1 0 1 0 0 0 0
1 1 0 1 1 1 1 1 1 2
1 1 1 1 1 1 1 1 1 1
Maze 165
105 301 3.3214285714 2.3063909901 92 0.372764083683510
55 93 11 38 71 72 7 21 55 7 46 31 100 97 86 55
53 91 31 31 400 2 1 51 5 6 41 91 400 96 85
402 401 401 402 400 402 402 401 402 402 401 401 400 401 401
1 1 1 1 1 1 1 0 0 0
1 1 0 0 1 1 0 0 0 0
1 1 0 0 1 1 0 0 0 0
1 1 1 1 1 1 1 1 0 0
1 1 1 1 1 1 0 0 0 0
1 1 1 1 2 0 0 0 0 0
1 1 1 0 1 0 0 0 0 0
1 1 1 0 1 0 0 0 0 0
1 0 1 0 1 1 0 0 0 0
1 1 1 1 1 1 1 1 1 1
Maze 166
89 99 2.7547169811 2.0341609652 56 0.385316843780185
79 35 85 14 72 59 68 57 20 47 27 95 14 18 99 79
75 400 84 12 52 58 67 17 17 400 25 94 400 98 400
401 400 401 402 402 402 401 402 402 400 402 401 400 401 400
0 0 0 0 0 0 0 0 0 0
0 1 1 1 1 1 1 1 1 1
0 1 0 1 1 1 1 1 0 0
0 1 0 1 1 0 1 1 0 0
0 1 0 1 1 0 1 1 0 0
0 1 1 1 1 1 1 1 1 0
0 1 0 1 1 0 1 1 0 0
0 1 0 1 1 1 1 1 2 0
0 0 0 1 1 0 0 1 1 0
0 0 0 1 1 0 0 1 1 0
Maze 167
107 420 3.2000000000 2.0592222229 85 0.391350483537568
67 98 76 26 62 25 62 37 87 2 43 19 2 10 74 67
97 96 400 22 22 22 32 400 82 42 13 12 400 4 64
401 401 400 402 402 402 402 400 401 401 402 401 400 402 402
0 1 1 1 1 1 1 1 1 1
0 1 1 1 1 1 1 1 1 0
0 1 1 1 1 1 0 0 0 0
0 1 1 1 1 1 1 0 0 0
0 1 1 1 0 1 1 0 0 0
0 1 0 1 0 1 1 0 0 0
0 1 0 1 1 1 2 0 0 0
0 1 0 1 0 1 1 0 0 0
0 1 1 1 1 1 1 0 0 0
0 0 0 0 0 1 1 1 0 0
Maze 168
89 601 3.3191489362 2.0247688549 50 0.378017107004695
27 19 52 66 19 81 75 65 14 33 35 77 41 45 52 27
17 12 62 16 11 71 400 64 13 400 75 71 400 42 22
402 402 401 402 402 402 400 401 402 400 401 401 400 402 402
0 0 0 0 0 0 0 0 0 0
1 1 1 1 1 1 1 1 1 0
1 1 1 1 1 1 2 0 0 0
1 1 1 1 1 1 0 0 0 0
1 1 1 1 1 1 0 0 0 0
1 1 0 1 1 1 0 0 0 0
1 1 1 1 1 1 0 0 0 0
1 1 1 1 1 1 1 0 0 0
1 0 0 0 0 0 0 0 0 0
0 0 0 0 0 0 0 0 0 0
Maze 169
121 844 3.2380952381 1.9860127099 120 0.379994484260742
90 13 36 96 70 94 49 99 54 37 2 88 89 26 41 90
83 33 400 66 64 44 400 94 34 32 82 400 86 21 81
401 401 400 402 402 402 400 401 402 401 401 400 401 402 401
0 1 0 0 0 0 0 0 0 0
0 1 1 0 0 0 0 0 0 0
1 1 1 1 1 1 0 0 0 0
1 1 1 1 1 1 1 0 0 0
1 1 1 1 1 1 1 1 1 0
1 1 1 1 0 1 0 0 1 0
1 1 1 1 1 1 1 1 1 1
1 1 1 1 0 1 0 0 1 0
1 1 1 1 1 1 1 1 1 2
0 0 0 1 1 1 1 1 1 0
Maze 170
77 221 3.1627906977 2.0853103103 30 0.379970258850662
44 79 74 56 15 13 65 54 52 75 16 22 35 60 6 44
74 400 54 55 400 63 64 400 72 15 12 32 55 56 4
401 400 402 401 400 401 401 400 401 402 402 401 401 401 402
0 0 0 1 1 1 0 0 0 0
0 1 1 1 1 1 0 0 0 0
0 1 1 1 1 1 0 0 0 0
0 1 1 1 1 1 0 0 0 0
0 0 1 2 1 1 0 0 0 0
0 1 1 1 1 1 1 1 1 1
0 1 1 1 1 0 0 0 0 0
0 1 1 1 1 1 1 1 1 0
0 0 0 0 0 0 0 0 0 0
0 0 0 0 0 0 0 0 0 0
Maze 171
99 326 3.0175438596 2.1584783329 49 0.370500495738591
11 43 76 53 21 79 19 10 53 73 2 38 21 47 18 11
41 73 73 51 71 400 9 3 400 72 32 31 41 17 400
401 401 401 401 401 400 402 402 400 401 401 401 401 402 400
0 1 1 1 1 1 1 1 1 1
2 1 1 1 1 1 1 1 1 0
1 1 1 0 0 0 1 0 1 0
1 1 1 1 1 1 1 1 1 0
1 1 1 1 1 1 1 0 1 0
1 1 1 0 0 0 0 0 1 0
1 1 1 0 0 0 0 0 1 0
1 1 1 1 1 1 1 1 1 0
0 0 0 0 0 0 0 0 0 0
0 0 0 0 0 0 0 0 0 0
Maze 172
99 11 3.3207547170 2.1052373260 77 0.383424242357884
23 42 70 60 73 39 85 76 81 21 80 73 60 15 16 23
22 62 400 53 33 35 75 71 400 71 400 53 55 400 13
402 401 400 402 402 402 402 402 400 401 400 402 401 400 402
0 0 0 0 0 0 0 0 0 0
0 0 1 1 1 1 0 0 0 0
1 1 2 0 1 0 0 0 0 0
1 1 1 1 1 1 1 1 1 0
1 1 1 0 1 0 0 0 0 0
1 1 1 1 1 1 1 1 1 1
1 1 1 1 1 1 1 1 1 1
1 1 1 1 1 1 1 1 1 1
1 0 0 0 1 0 0 0 0 0
0 0 0 0 0 0 0 0 0 0
Maze 173
71 7 3.4594594595 1.9746241325 20 0.395186248519064
37 27 38 32 34 23 67 32 57 12 42 42 4 50 35 37
400 37 400 400 33 63 62 52 52 400 400 2 44 45 400
400 401 400 400 401 401 401 401 401 400 400 402 401 401 400
0 1 1 1 0 0 0 0 0 0
0 1 0 1 0 0 0 0 0 0
0 1 1 1 0 0 1 0 0 0
0 1 1 1 1 1 2 1 0 0
0 1 1 1 1 1 1 1 1 1
0 1 1 1 1 1 1 0 0 0
0 1 1 1 1 1 1 0 0 0
0 0 0 0 0 0 0 0 0 0
0 0 0 0 0 0 0 0 0 0
0 0 0 0 0 0 0 0 0 0
Maze 174
87 53 3.2156862745 2.1456267315 45 0.373313737702069
41 52 83 94 6 34 11 33 24 48 59 47 68 2 98 41
51 82 93 4 4 31 31 23 44 58 57 67 62 92 91
401 401 401 402 402 401 401 402 401 401 401 401 401 401 401
0 1 0 1 1 1 0 0 0 0
1 1 0 1 0 0 0 0 0 0
1 1 1 1 0 0 0 0 0 0
1 1 1 1 0 0 0 0 0 0
2 1 0 1 1 1 1 1 0 0
1 1 0 1 0 0 1 1 1 0
1 1 1 1 1 1 1 1 0 0
1 1 0 1 0 0 0 0 0 0
1 1 1 1 0 0 0 0 0 0
1 1 1 1 1 1 1 1 0 0
Maze 175
117 328 3.3703703704 2.0337247143 148 0.391355323152462
42 23 97 76 72 11 88 11 30 30 8 96 35 81 28 42
22 93 96 400 71 81 81 21 400 28 6 95 31 21 22
402 401 401 400 401 401 401 401 400 401 402 401 402 402 402
0 0 0 0 0 1 1 1 0 0
1 0 0 0 0 1 0 1 0 0
1 1 1 1 1 1 1 1 1 1
1 1 1 1 1 1 0 0 0 0
1 2 1 0 1 1 0 0 0 0
1 0 1 0 1 1 0 0 0 0
1 0 1 0 1 1 0 0 0 0
1 1 1 1 1 1 0 0 0 0
1 1 1 1 1 1 1 1 0 0
0 0 1 1 1 1 1 0 0 0
Maze 176
97 10 3.2156862745 2.0198898669 71 0.392733516041694
70 61 51 9 64 98 14 49 57 16 6 49 29 7 64 70
400 400 1 4 94 94 44 47 56 400 46 400 27 4 400
400 400 402 402 401 401 401 402 401 400 401 400 401 402 400
1 1 1 1 1 1 1 1 1 0
1 0 0 1 0 1 1 0 0 0
1 0 0 1 0 1 1 1 1 0
1 0 0 1 0 1 0 0 1 0
1 0 0 1 1 1 1 1 1 0
1 0 0 1 0 1 1 0 0 0
1 1 1 1 1 1 1 1 1 2
0 0 0 1 0 0 0 0 0 0
0 0 0 1 0 0 0 0 0 0
0 0 0 1 1 1 1 1 0 0
Maze 177
127 21 3.3442622951 1.9881813316 176 0.377437790013516
93 40 59 10 51 18 72 62 60 2 8 22 59 97 42 93
33 39 9 1 11 12 400 52 52 400 2 52 57 92 92
402 402 402 402 402 402 400 402 401 400 402 401 402 401 401
1 1 1 1 1 1 1 1 1 1
1 1 1 1 1 1 1 1 1 0
1 1 0 0 0 0 0 0 1 0
1 1 1 1 1 1 1 1 1 1
1 1 1 0 0 0 0 0 1 0
1 1 1 1 1 1 1 1 1 1
0 1 1 0 0 0 1 0 0 0
0 1 1 0 0 0 1 0 0 0
0 1 1 0 0 0 1 0 0 0
0 1 2 1 1 1 1 0 0 0
Maze 178
89 93 3.4222222222 1.9685286735 45 0.384512457822404
30 75 13 34 33 48 7 49 81 46 57 38 33 62 83 30
25 73 33 400 43 47 47 41 41 56 37 400 32 82 23
402 401 401 400 401 401 401 402 402 401 402 400 402 401 402
0 0 0 0 0 0 1 0 0 0
0 0 1 0 0 0 1 0 0 0
0 0 1 1 1 1 1 1 1 2
0 1 1 1 1 1 1 1 0 0
1 1 1 1 1 1 1 1 1 0
1 1 1 0 1 1 1 0 0 0
1 1 1 0 1 0 0 0 0 0
1 1 1 1 1 0 0 0 0 0
1 1 1 0 0 0 0 0 0 0
0 0 0 0 0 0 0 0 0 0
Maze 179
87 70 2.7500000000 1.9501561501 56 0.370843257792831
97 63 60 19 7 64 64 44 14 60 97 73 16 9 35 97
93 53 59 17 4 400 400 400 54 57 93 13 6 5 95
401 402 401 401 402 400 400 400 401 402 401 402 402 402 401
0 0 0 1 1 1 1 1 1 0
0 0 1 1 1 1 1 1 1 0
0 0 1 1 1 0 0 0 1 0
0 0 1 1 1 0 0 0 1 0
0 0 1 1 1 0 0 0 1 0
0 0 1 1 1 1 1 1 1 1
0 0 1 1 1 0 1 0 0 0
0 0 1 0 1 0 1 0 0 0
0 0 1 0 1 0 1 0 0 0
0 0 1 1 1 1 2 0 0 0
Maze 180
101 203 3.1698113208 2.0515663646 77 0.384590961034068
80 96 78 94 14 82 76 53 29 39 11 33 19 77 24 80
76 76 74 400 12 72 73 23 400 31 31 13 17 74 74
402 402 402 400 402 402 401 402 400 401 401 402 402 401 401
0 0 0 0 0 0 0 0 0 0
1 1 1 1 1 1 1 1 1 0
1 1 1 1 1 1 1 1 1 0
1 1 1 1 1 1 1 1 1 0
0 1 1 1 0 0 1 0 0 0
0 1 1 1 0 0 1 0 0 0
0 1 1 1 0 0 1 0 0 0
0 1 1 1 1 1 1 1 1 2
0 1 0 1 0 1 0 0 0 0
0 0 0 1 0 1 0 0 0 0
Maze 181
81 214 3.0222222222 1.9694853042 25 0.374551581535216
65 52 86 47 33 28 34 57 17 97 6 13 34 28 23 65
62 82 46 43 23 24 54 400 400 96 3 33 24 400 63
401 401 402 401 402 402 401 400 400 401 402 401 402 400 401
0 0 1 1 1 1 0 0 0 0
0 0 1 0 0 1 1 0 0 0
0 0 1 1 1 1 1 1 0 0
0 0 1 1 0 1 1 0 0 0
0 0 1 1 1 1 1 0 0 0
0 1 1 1 1 1 1 0 0 0
0 1 1 1 2 1 1 0 0 0
0 1 0 0 0 1 1 0 0 0
0 1 1 1 1 1 1 0 0 0
0 0 0 0 0 1 1 0 0 0
Maze 182
95 73 3.5652173913 2.1256661497 60 0.392596901252072
95 61 48 61 82 53 66 80 14 86 100 74 95 82 79 95
91 41 41 81 52 63 76 74 84 96 94 94 92 72 75
401 402 402 401 402 401 401 401 401 401 401 401 401 402 402
0 0 0 0 0 0 0 0 0 0
0 0 0 1 0 0 0 0 0 0
0 0 0 1 0 0 0 0 0 0
0 0 0 1 0 0 0 0 0 0
1 1 1 1 1 1 1 1 0 0
1 1 1 1 0 0 0 0 0 0
1 1 1 1 1 1 0 0 0 0
1 1 1 1 1 1 1 1 1 1
1 1 0 1 1 1 0 0 0 0
1 1 1 1 2 1 1 1 1 1
Maze 183
73 132 2.9166666667 2.3430865111 8 0.402325563093181
7 20 44 53 51 34 45 32 5 98 95 72 57 64 34 7
17 14 43 400 31 44 42 2 95 400 92 52 54 400 4
401 402 402 400 402 401 401 402 401 400 401 402 402 400 402
0 1 1 1 1 1 2 0 0 0
0 1 0 1 1 1 1 1 1 1
0 1 0 1 1 0 0 0 0 0
1 1 1 1 1 0 0 0 0 0
1 1 1 1 1 0 0 0 0 0
1 1 1 1 1 1 1 0 0 0
0 1 0 1 1 0 0 0 0 0
0 1 0 0 1 0 0 0 0 0
0 1 0 0 1 0 0 0 0 0
0 1 1 1 1 1 1 1 0 0
Maze 184
117 331 3.1612903226 2.1283028933 139 0.371716447714423
89 51 69 79 45 87 43 98 8 60 32 61 85 17 81 89
81 61 400 75 85 83 93 400 58 52 31 81 15 11 400
401 401 400 401 401 401 401 400 401 401 402 401 402 402 400
0 0 0 0 0 0 0 1 0 0
1 1 1 1 1 1 1 1 0 0
1 0 0 0 1 0 0 1 0 0
1 1 0 0 1 0 0 1 0 0
1 1 1 0 1 0 0 1 0 0
1 1 1 1 1 1 1 1 1 1
1 1 1 1 1 1 1 1 1 0
1 0 1 0 1 1 1 1 1 0
1 1 1 1 1 1 1 1 2 0
0 0 1 1 1 1 1 1 0 0
Maze 185
95 104 2.8421052632 2.1319521522 66 0.393950226993249
88 92 41 30 31 28 79 55 39 49 24 35 74 80 20 88
82 91 21 21 21 78 75 35 400 44 34 34 400 400 18
402 401 402 402 402 401 401 402 400 401 401 402 400 400 402
0 0 0 0 0 0 0 0 0 0
0 0 0 0 0 0 0 1 1 1
1 1 1 1 1 1 1 1 1 1
1 0 0 1 1 1 1 1 1 1
1 0 0 1 1 1 1 1 1 1
1 0 0 1 1 0 0 1 0 1
1 0 0 1 1 0 0 1 0 1
1 0 0 1 1 1 1 1 1 1
1 1 1 1 1 1 1 2 0 0
1 1 0 0 0 0 0 0 0 0
Maze 186
115 33 3.5121951220 1.6740319000 120 0.386656567316241
72 94 12 34 82 8 59 5 92 49 92 14 3 33 46 72
92 92 32 32 2 58 55 2 42 42 12 13 400 43 42
401 401 401 402 402 401 401 402 402 402 402 401 400 401 402
0 1 1 1 1 1 1 1 0 0
0 1 1 1 1 0 0 1 0 0
0 1 1 0 1 0 0 1 0 0
0 1 1 1 1 0 0 1 0 0
0 1 1 1 1 1 1 1 1 0
0 1 0 0 1 1 1 1 1 0
0 1 0 0 0 0 0 0 0 0
0 2 0 0 0 0 0 0 0 0
0 1 0 0 0 0 0 0 0 0
0 1 1 1 0 0 0 0 0 0
Maze 187
97 88 3.1836734694 1.9050013803 71 0.371641622343977
5 83 72 70 6 14 30 53 33 53 58 1 62 65 30 5
3 82 62 66 4 24 23 400 400 400 51 61 400 25 25
402 401 402 401 402 401 402 400 400 400 401 401 400 402 401
1 0 1 1 2 1 0 0 0 0
1 0 1 1 1 1 0 0 0 0
1 0 1 1 1 1 1 1 1 1
1 0 1 0 1 1 0 0 0 0
1 0 1 0 1 1 0 0 0 0
1 1 1 1 1 1 1 1 0 0
1 1 1 1 1 1 1 1 1 1
0 1 1 0 0 0 0 0 0 0
0 1 1 0 0 0 0 0 0 0
0 0 0 0 0 0 0 0 0 0
Maze 188
99 67 2.8000000000 2.1938841125 51 0.370721431050778
12 26 58 9 62 20 56 19 70 47 42 13 91 83 93 12
22 56 8 2 12 16 16 69 67 400 12 11 81 400 92
401 401 402 402 402 402 402 401 401 400 402 402 402 400 401
0 1 1 1 1 1 1 1 1 0
1 2 1 1 1 1 1 1 1 1
1 1 1 1 1 1 0 1 1 0
1 1 0 0 0 1 0 1 1 0
1 1 1 1 1 1 1 1 1 0
1 1 0 0 0 1 1 1 1 0
1 1 0 0 0 0 1 1 1 1
1 1 0 0 0 0 0 0 0 0
1 1 1 0 0 0 0 0 0 0
1 1 1 0 0 0 0 0 0 0
Maze 189
107 550 3.4339622642 2.0340312028 105 0.379749907404247
22 14 59 59 83 69 5 19 36 12 63 59 11 66 9 22
12 54 400 53 63 65 15 16 32 62 53 51 61 6 2
402 401 400 402 402 401 401 402 401 401 402 401 401 402 402
0 1 1 1 1 1 1 1 1 0
1 1 1 1 1 1 1 1 1 0
1 2 0 1 1 1 0 0 0 0
1 1 1 1 1 1 0 0 0 0
1 1 0 1 1 1 0 0 0 0
1 1 1 1 1 1 1 1 1 0
1 1 1 1 1 1 1 1 1 0
0 0 1 0 0 0 0 0 0 0
0 0 1 0 0 0 0 0 0 0
0 0 0 0 0 0 0 0 0 0
Maze 190
73 40 2.4745762712 2.5346806701 20 0.397152352946910
93 1 12 13 92 83 16 23 21 35 28 29 90 47 95 93
91 11 400 12 82 13 13 400 31 25 400 89 87 45 400
401 401 400 402 402 402 402 400 401 402 400 401 401 402 400
1 0 0 0 0 0 0 0 0 0
1 1 1 1 1 1 0 0 0 0
1 1 1 0 1 1 1 1 1 0
1 1 1 1 1 0 0 0 1 0
1 1 1 0 1 1 1 0 1 0
1 1 1 0 1 0 1 0 1 0
1 1 1 0 1 0 1 0 1 0
1 1 1 0 1 0 1 0 1 0
1 1 1 0 1 0 1 1 1 1
1 1 2 1 1 0 0 0 0 0
Maze 191
75 11 2.8181818182 1.9242291447 22 0.354613440227837
38 94 74 85 63 35 46 75 4 74 5 71 61 78 38 38
34 400 84 83 33 45 45 74 400 4 1 400 71 400 400
402 400 401 401 402 401 402 401 400 402 402 400 401 400 400
1 1 1 1 1 0 0 0 0 0
1 0 0 1 0 0 0 0 0 0
1 0 0 1 0 0 0 0 0 0
1 0 1 1 1 1 1 2 0 0
1 0 1 1 1 1 0 1 0 0
1 0 1 1 1 0 0 1 0 0
1 0 1 1 1 0 0 1 0 0
1 1 1 1 1 1 1 1 0 0
0 0 1 1 1 0 0 0 0 0
0 0 0 1 0 0 0 0 0 0
Maze 192
119 10 3.0000000000 1.9512293585 113 0.392343295711432
91 3 70 12 5 15 36 89 5 5 20 95 20 45 98 91
1 63 62 2 400 35 86 85 400 15 15 15 15 95 400
402 401 401 402 400 401 401 401 400 401 402 402 402 401 400
1 1 1 1 1 0 0 0 0 0
1 1 1 0 1 1 1 1 1 1
1 1 1 0 1 0 0 0 0 0
1 1 1 0 1 1 0 0 0 0
1 1 1 0 1 1 0 0 0 0
1 1 1 0 1 1 0 0 0 0
1 1 1 1 1 1 1 1 1 1
1 0 0 0 1 1 0 0 0 0
1 0 0 0 1 1 1 1 1 0
2 1 1 1 1 1 1 1 0 0
Maze 193
123 140 3.5600000000 1.7675140550 133 0.403002072691674
13 82 17 82 96 59 73 62 5 67 93 20 96 18 20 13
12 12 12 92 56 53 72 2 65 63 13 16 16 400 400
402 402 402 401 402 402 401 402 401 402 402 402 402 400 400
0 1 1 1 1 0 0 0 0 0
0 1 2 1 1 1 1 1 1 1
0 1 1 0 1 1 0 0 0 0
0 1 1 0 1 1 0 0 0 0
0 1 1 0 1 1 0 0 0 0
0 1 1 1 1 1 1 1 1 0
0 1 1 1 1 1 1 0 0 0
0 1 1 0 0 1 0 0 0 0
0 1 1 0 0 1 0 0 0 0
0 1 1 1 1 1 0 0 0 0
Maze 194
77 20 3.0666666667 2.2198464594 16 0.375469577109339
75 98 13 88 96 2 3 23 2 25 8 64 84 83 85 75
95 93 83 86 92 400 400 22 22 5 4 400 400 400 400
401 401 401 402 401 400 400 401 401 402 402 400 400 400 400
0 1 1 1 1 1 1 1 0 0
0 1 1 1 1 0 0 0 0 0
0 1 1 1 1 0 0 0 0 0
0 1 1 1 0 0 0 0 0 0
0 1 1 1 0 0 0 0 0 0
0 1 1 1 0 0 0 0 0 0
0 1 1 1 0 0 0 0 0 0
0 1 1 1 2 0 0 0 0 0
0 1 1 1 1 1 1 1 0 0
0 1 1 1 1 1 1 1 0 0
Maze 195
109 203 3.1851851852 1.9651274493 92 0.396556013644954
24 87 71 5 95 47 67 12 25 52 87 11 4 40 32 24
84 81 1 400 45 400 62 22 22 82 81 1 34 400 22
401 401 402 400 402 400 401 401 402 401 401 402 401 400 402
1 1 1 1 1 0 0 0 0 0
1 1 0 1 1 0 0 0 0 0
1 1 1 2 1 0 0 0 0 0
1 1 1 1 1 1 1 1 1 1
1 1 0 1 1 1 1 0 0 0
1 1 0 1 1 0 1 0 0 0
1 1 1 1 1 1 1 0 0 0
1 1 0 1 1 0 0 0 0 0
1 1 1 1 1 1 1 0 0 0
0 0 0 0 1 0 0 0 0 0
Maze 196
93 39 3.0384615385 2.1525993444 50 0.365019697939475
12 91 96 47 34 19 58 57 22 39 43 14 54 1 91 12
11 400 46 44 14 18 400 52 32 33 13 400 51 400 11
402 400 402 401 402 402 400 401 401 402 402 400 401 400 402
1 0 0 0 0 0 0 0 0 0
1 2 1 1 1 1 1 1 1 0
1 1 1 1 0 0 0 1 0 0
1 1 1 1 1 1 1 1 1 0
1 1 1 1 1 1 1 1 0 0
1 1 1 1 1 1 1 1 0 0
1 0 0 0 0 1 0 0 0 0
1 0 0 0 0 1 0 0 0 0
1 0 0 0 0 1 0 0 0 0
1 1 1 1 1 1 0 0 0 0
Maze 197
93 2852 3.2962962963 2.1584783329 38 0.372508822699029
100 7 18 73 4 15 19 48 23 29 9 65 85 5 44 100
97 17 13 3 14 400 18 43 400 400 5 400 400 4 94
401 401 402 402 401 400 402 401 400 400 402 400 400 402 401
0 0 1 1 1 1 1 1 1 0
0 0 1 1 1 1 1 1 1 0
0 0 1 1 1 1 1 1 1 0
0 0 1 1 1 0 1 1 0 0
0 0 1 1 1 1 1 1 0 0
0 0 1 1 1 0 1 0 0 0
0 0 1 1 1 0 1 0 0 0
0 0 1 1 1 0 1 0 0 0
0 0 0 1 1 0 1 0 0 0
0 0 0 1 1 1 1 1 1 2
Maze 198
123 3774 3.1944444444 2.2905600954 135 0.376283416079507
100 91 87 6 95 93 98 53 8 41 18 34 92 60 18 100
400 81 86 5 400 400 93 3 1 11 14 32 52 58 98
400 402 401 402 400 400 401 402 402 402 402 402 402 401 401
1 1 1 1 1 1 1 1 0 0
1 1 1 1 1 1 1 1 0 0
1 0 1 1 1 1 0 1 0 0
1 1 1 1 1 1 0 1 0 0
1 1 1 0 1 1 0 1 0 0
0 1 1 1 1 1 1 1 1 1
0 1 1 0 1 1 0 1 0 0
0 1 1 0 1 1 0 1 0 0
1 1 1 1 1 1 1 1 0 0
1 1 1 1 1 1 1 1 1 2
Maze 199
93 301 2.9152542373 2.2621608086 40 0.385568951015726
91 56 9 88 69 45 22 72 55 95 97 53 12 50 80 91
51 6 8 68 65 42 400 52 400 400 93 52 42 400 71
402 402 402 402 401 401 400 402 400 400 401 401 401 400 402
0 0 0 0 0 1 1 1 1 0
0 1 0 0 0 1 0 1 0 0
0 1 0 0 0 1 0 1 0 0
0 1 0 0 0 1 0 1 0 0
0 1 1 1 1 1 1 1 1 1
1 1 1 1 1 1 0 1 0 1
1 1 1 0 1 1 1 1 1 1
1 1 1 1 1 1 1 1 1 1
1 0 1 0 1 0 0 1 0 0
2 0 1 1 1 1 1 0 0 0
Maze 200
97 103 3.5652173913 1.9517988654 71 0.381729390134864
67 42 70 67 60 16 69 58 61 33 87 42 26 42 16 67
62 62 400 57 56 66 68 51 31 83 82 22 22 12 66
401 401 400 402 401 401 401 402 402 401 401 402 402 402 401
0 0 0 0 0 0 0 0 0 0
0 1 1 1 1 1 0 0 0 0
0 1 1 1 1 1 0 0 0 0
1 1 1 0 0 1 0 0 0 0
1 1 1 0 0 1 0 0 0 0
1 1 1 1 1 1 1 1 1 1
1 1 1 1 1 1 2 1 1 1
0 1 1 0 0 0 0 0 0 0
0 1 1 1 1 1 1 0 0 0
0 0 0 0 0 0 0 0 0 0
