numMazes: 200
mazeSize: 10
Maze 1
103 262 3.8800000000 2.2340692958 60 0.389698805613707
23 91 30 22 37 20 20 56 54 46 9 28 40 94 9 23
21 21 400 32 17 400 16 400 44 6 8 38 34 4 3
402 402 400 401 402 400 402 400 402 402 402 401 402 402 402
0 0 1 1 1 1 1 1 1 0
0 0 1 1 0 1 1 1 1 1
1 1 2 1 1 1 1 1 1 1
1 1 1 1 1 1 1 1 1 1
1 0 0 1 1 1 0 0 0 0
1 0 0 1 1 1 0 0 0 0
1 0 0 1 0 0 0 0 0 0
1 0 0 1 0 0 0 0 0 0
1 0 0 1 0 0 0 0 0 0
1 0 0 1 0 0 0 0 0 0
Maze 2
127 634 3.7241379310 2.0705519782 129 0.395649646574211
34 94 7 1 98 35 95 6 93 36 11 29 4 19 53 34
400 4 400 91 95 400 5 3 33 31 21 24 14 13 33
400 402 400 401 401 400 402 402 402 401 401 401 401 402 402
1 1 1 1 1 1 1 0 0 0
1 0 1 1 1 1 1 1 1 0
1 1 1 1 1 1 1 1 1 0
1 1 1 2 1 1 0 0 0 0
1 0 1 1 1 0 0 0 0 0
1 0 1 1 1 0 0 0 0 0
1 0 1 1 1 0 0 0 0 0
1 0 1 1 1 0 0 0 0 0
1 0 1 1 1 0 0 0 0 0
1 1 1 1 1 1 1 1 0 0
Maze 3
127 218 3.4687500000 2.1552395810 116 0.386511710676110
3 30 32 99 2 52 58 19 81 60 83 11 37 19 8 3
23 22 92 92 400 400 18 11 51 53 81 31 17 18 400
401 402 401 401 400 400 402 402 402 402 401 401 402 401 400
0 1 2 1 1 1 1 1 0 0
1 1 1 1 1 1 1 1 1 0
1 1 1 1 1 1 1 1 1 1
1 1 1 1 1 1 1 1 0 0
1 1 0 0 0 0 0 1 0 0
1 1 1 1 1 1 1 1 1 1
1 1 1 0 0 0 0 0 0 0
1 1 1 0 0 0 0 0 0 0
1 1 1 0 0 0 0 0 0 0
0 1 1 1 1 1 1 1 1 0
Maze 4
93 11 3.1818181818 1.8184104085 45 0.372492221653654
75 70 65 18 42 92 40 26 62 86 52 34 70 64 64 75
65 400 15 12 400 32 36 22 82 82 32 64 400 400 74
402 400 402 402 400 402 401 402 401 401 402 401 400 400 401
0 0 0 0 0 0 0 0 0 0
0 1 1 1 1 1 1 1 0 0
0 1 1 1 1 1 0 0 0 0
0 1 1 1 1 1 1 1 1 1
0 1 0 1 1 0 0 0 0 0
0 1 0 1 1 0 0 0 0 0
0 1 0 1 1 1 1 1 1 1
0 1 0 1 2 0 0 0 0 0
0 1 1 1 1 1 0 0 0 0
0 1 0 0 0 0 0 0 0 0
Maze 5
107 205 3.2000000000 2.0813886776 92 0.403299717920281
33 35 43 19 63 72 59 15 96 22 19 50 82 81 6 33
400 33 13 13 62 52 55 95 92 12 49 42 400 1 3
400 402 402 402 402 402 401 401 401 402 401 402 400 402 402
1 1 1 1 1 1 0 0 0 0
1 1 1 1 1 1 1 1 1 0
1 1 1 0 1 0 0 0 1 0
1 1 2 1 1 0 0 0 1 0
1 1 1 1 1 1 1 1 1 1
1 1 1 1 1 1 1 1 1 0
1 1 1 0 1 0 0 0 0 0
1 1 0 0 1 0 0 0 0 0
1 1 0 0 1 0 0 0 0 0
0 1 1 1 1 1 0 0 0 0
Maze 6
93 7 3.3750000000 2.0204560095 33 0.375315744860630
67 64 96 62 64 92 6 43 9 42 79 36 66 48 28 67
400 94 92 400 62 2 3 3 2 72 76 400 46 400 27
400 401 401 400 402 402 402 402 402 401 401 400 402 400 402
0 1 1 1 1 1 1 1 1 0
0 1 1 0 0 0 0 0 0 0
0 1 1 0 0 0 1 1 0 0
0 1 1 0 0 1 1 1 0 0
0 1 1 0 0 1 1 1 0 0
0 1 0 0 0 1 1 0 0 0
0 1 1 1 1 1 2 0 0 0
0 1 1 1 1 1 1 1 1 0
0 1 0 1 0 0 0 0 0 0
0 1 1 1 1 1 0 0 0 0
Maze 7
105 203 2.7605633803 2.3144630511 91 0.384088351574418
80 28 94 94 10 59 62 4 72 98 88 41 12 21 19 80
78 24 400 4 9 52 2 2 92 400 81 11 11 11 79
401 402 400 402 402 402 402 402 401 400 401 402 402 402 401
0 1 1 1 1 1 1 1 1 1
1 1 1 1 1 1 1 1 1 0
1 1 0 1 1 1 1 1 1 0
1 1 0 1 0 0 0 1 1 0
1 1 0 1 0 0 0 1 1 0
1 1 1 1 1 1 1 1 1 0
1 1 0 1 0 0 0 1 1 0
1 1 0 1 0 0 0 1 1 2
1 1 1 1 1 1 1 1 0 0
0 1 1 1 1 1 1 1 0 0
Maze 8
99 108 3.0526315789 2.1120634639 71 0.393922695614168
98 96 4 32 60 83 54 34 77 24 20 85 13 25 28 98
400 94 2 52 53 53 400 74 74 14 15 83 23 400 400
400 401 402 401 402 402 400 401 401 402 402 401 401 400 400
0 1 1 1 0 0 0 0 0 0
0 1 1 1 1 1 1 1 1 1
0 1 1 1 1 1 1 1 0 0
0 1 1 1 1 0 0 1 0 0
0 1 1 1 1 0 0 1 0 0
0 1 1 1 1 1 1 1 1 1
0 0 1 1 1 0 0 1 0 0
0 0 1 1 1 1 1 1 0 0
0 0 1 1 1 0 0 1 0 0
0 0 0 1 1 1 1 2 0 0
Maze 9
111 294 3.3600000000 1.9182784640 92 0.380593725802016
88 83 88 31 60 54 59 48 94 13 71 25 48 93 38 88
400 400 81 51 400 400 58 44 93 11 21 45 43 33 400
400 400 401 401 400 400 401 402 401 402 402 401 402 402 400
0 0 0 0 0 0 0 0 0 0
1 1 1 0 0 0 0 0 0 0
1 1 1 1 1 0 0 0 0 0
1 0 1 1 1 1 1 1 0 0
1 0 1 1 1 1 1 1 0 0
1 1 1 1 1 1 1 1 1 1
1 0 1 1 0 0 0 1 0 0
1 0 1 1 0 0 0 1 0 0
1 1 1 1 1 1 1 2 0 0
0 0 1 1 0 0 0 0 0 0
Maze 10
77 43 3.6250000000 1.7153359004 23 0.377267757146199
96 6 43 42 24 38 42 3 33 7 7 43 46 16 40 96
400 3 400 22 34 32 2 400 3 400 3 400 400 36 36
400 402 400 402 401 402 402 400 402 400 402 400 400 401 402
0 1 1 1 1 1 1 0 0 0
0 1 1 0 0 1 0 0 0 0
0 1 1 1 0 1 0 0 0 0
0 1 1 1 1 1 1 1 1 1
0 1 1 1 1 1 0 0 0 0
0 0 0 0 0 1 0 0 0 0
0 0 0 0 0 1 0 0 0 0
0 0 0 0 0 1 0 0 0 0
0 0 0 0 0 1 0 0 0 0
0 0 0 0 0 2 0 0 0 0
Maze 11
91 33 3.3913043478 2.0565098260 50 0.376181983118443
46 68 16 56 88 23 30 58 29 62 87 58 36 86 5 46
66 66 400 86 83 400 28 28 22 82 57 56 400 85 45
401 401 400 401 401 400 402 402 402 401 402 401 400 401 401
0 0 0 0 1 0 0 0 0 0
0 0 0 0 1 1 0 0 0 0
0 1 1 1 1 1 1 1 1 1
0 1 1 0 1 1 0 1 0 0
0 1 1 0 1 2 0 1 0 0
0 1 1 0 1 1 1 1 0 0
0 1 1 0 1 1 1 1 0 0
0 1 1 0 1 1 1 0 0 0
0 1 1 1 1 1 1 1 0 0
0 0 0 0 0 0 0 0 0 0
Maze 12
111 135 3.1111111111 2.1549617825 92 0.376385792635882
98 43 99 71 91 63 30 48 8 17 66 10 74 95 7 98
93 93 91 400 61 23 28 400 7 16 6 4 94 5 97
401 401 401 400 402 402 402 400 402 402 402 402 401 402 401
0 0 0 1 1 1 1 1 1 1
0 0 0 1 1 1 1 1 0 0
0 0 1 1 1 1 1 1 1 1
0 0 1 1 1 1 1 1 0 0
0 0 1 1 1 1 1 1 0 0
0 0 1 1 1 1 1 0 0 0
1 1 1 1 1 1 1 0 0 0
1 0 1 1 1 0 1 0 0 0
1 0 1 1 1 0 1 0 0 0
1 1 1 1 1 1 1 2 1 0
Maze 13
93 31 3.0000000000 2.4151897923 36 0.399476300612205
83 1 64 98 24 18 39 46 85 26 20 37 40 90 43 83
81 61 94 94 14 38 36 45 25 16 17 400 400 83 400
401 401 401 401 402 401 402 402 402 402 402 400 400 401 400
1 0 0 0 0 0 0 0 0 0
1 0 0 1 1 1 1 1 1 1
1 0 0 1 1 1 1 1 0 0
1 0 0 1 1 1 1 1 1 1
1 0 1 1 1 1 0 0 0 1
1 0 1 1 1 0 0 0 0 1
1 1 1 1 1 0 0 0 0 1
1 0 1 1 1 0 0 0 0 1
1 1 2 1 1 1 1 1 1 1
0 0 0 1 1 1 1 1 0 0
Maze 14
105 116 3.4117647059 2.0128678854 97 0.392047116104568
83 4 84 77 85 68 63 40 83 79 23 54 42 8 95 83
3 400 74 75 65 400 33 33 73 73 53 52 2 5 93
402 400 402 402 402 400 402 402 402 401 401 401 402 402 401
0 1 1 1 1 1 1 1 0 0
0 1 1 1 1 0 0 0 0 0
0 1 1 1 1 0 0 0 0 0
0 1 1 1 1 1 1 1 1 1
0 1 1 1 1 0 0 0 0 0
0 1 1 1 1 0 0 0 0 0
0 0 1 1 1 1 1 1 0 0
0 0 1 1 1 1 1 1 1 0
0 0 2 1 1 0 0 0 0 0
0 0 1 1 1 0 0 0 0 0
Maze 15
105 58 3.2000000000 2.1950160786 84 0.370816890025641
38 9 52 53 59 35 16 89 70 36 13 9 61 48 72 38
8 2 400 400 55 15 86 69 66 33 3 1 41 42 32
402 402 400 400 401 402 401 402 401 401 402 402 402 402 402
1 1 1 1 1 1 1 1 1 0
1 1 1 0 1 1 0 1 0 0
1 1 1 0 1 1 0 1 0 0
1 1 1 1 1 1 1 2 0 0
1 1 1 1 1 1 1 1 0 0
1 1 1 1 1 1 1 1 1 0
1 1 0 0 0 1 1 1 1 1
0 1 0 0 0 1 0 0 1 0
0 0 0 0 0 1 1 1 1 0
0 0 0 0 0 0 0 0 0 0
Maze 16
101 646 2.9230769231 2.2402688511 71 0.400574552774541
20 14 87 16 97 31 68 66 49 53 34 65 7 79 89 20
400 84 86 96 91 61 400 46 43 33 64 5 77 400 19
400 401 401 401 401 401 400 402 402 402 401 402 401 400 402
0 0 0 0 1 1 1 0 0 0
0 0 0 1 1 1 1 1 1 2
0 0 0 1 1 1 1 0 1 0
1 0 1 1 1 1 1 0 1 0
1 0 1 1 1 1 1 1 1 0
1 0 1 1 1 1 1 0 1 0
1 1 1 1 1 1 1 1 1 0
1 0 0 1 0 1 1 1 1 0
1 0 0 1 1 1 1 0 1 0
1 1 1 1 1 1 1 0 0 0
Maze 17
101 5218 2.8709677419 2.1815393674 59 0.371273012178605
4 80 99 76 85 5 51 72 55 16 41 33 90 38 83 4
74 79 96 75 400 1 71 52 15 11 31 83 88 33 3
401 402 401 402 400 402 401 402 402 402 402 401 401 402 402
1 1 1 2 1 0 0 0 0 0
1 1 1 1 1 1 0 0 0 0
1 0 1 1 1 0 0 0 0 0
1 1 1 1 1 1 1 1 0 0
1 0 1 1 1 0 0 1 0 0
1 1 1 1 1 0 0 1 0 0
1 1 1 1 1 0 0 1 0 0
1 1 1 1 1 1 1 1 1 1
0 0 1 1 1 1 1 1 1 1
0 0 0 0 0 1 1 1 1 0
Maze 18
103 176 2.8529411765 2.3524627648 71 0.385291571177242
63 41 9 98 9 89 36 52 44 13 24 65 51 40 97 63
61 1 8 8 400 86 32 42 43 23 64 61 31 37 93
401 402 402 402 400 401 402 402 401 401 401 401 402 402 401
1 1 1 1 1 1 1 1 1 0
1 0 1 0 0 0 0 1 1 0
1 0 1 1 0 0 0 1 1 0
1 1 1 1 1 1 1 1 1 1
1 1 1 1 0 1 1 1 1 0
1 1 0 1 0 1 1 1 1 0
1 1 2 1 1 1 1 1 1 0
0 0 1 0 0 1 1 1 1 0
0 0 1 0 0 1 1 1 1 0
0 0 1 1 1 1 1 1 0 0
Maze 19
87 42 3.1764705882 2.1842552171 45 0.402196284988325
65 31 22 71 95 93 12 35 60 78 55 15 76 83 29 65
61 21 21 91 400 92 32 55 58 75 400 75 73 23 25
401 402 402 401 400 401 401 401 402 401 400 401 402 402 402
0 0 0 0 0 0 0 0 0 0
0 1 0 0 1 0 0 0 0 0
1 1 1 1 1 1 1 1 1 0
1 1 1 1 1 0 0 0 0 0
1 1 1 0 1 0 0 0 0 0
1 1 1 0 1 1 1 1 1 1
1 1 1 1 2 0 0 1 0 0
1 1 1 1 1 1 1 1 0 0
1 1 1 0 0 0 0 0 0 0
1 1 1 1 1 0 0 0 0 0
Maze 20
101 88 3.0370370370 2.0359730652 70 0.369621930249410
99 17 99 69 79 76 91 99 86 25 49 77 49 71 13 99
97 97 400 400 400 71 400 96 85 45 47 47 41 11 93
401 401 400 400 400 402 400 401 401 401 402 402 402 402 401
0 0 0 0 0 0 0 0 0 0
1 1 1 0 0 0 1 0 0 0
1 0 1 0 1 0 1 0 0 0
1 0 1 0 1 0 1 0 0 0
1 1 1 1 1 1 1 1 1 0
1 0 1 0 1 0 1 0 0 0
1 0 1 0 1 0 1 0 1 0
1 1 1 1 1 1 1 1 1 0
1 0 1 0 1 1 1 0 1 0
1 1 1 1 1 1 1 1 2 0
Maze 21
79 12 3.2682926829 1.9767226489 35 0.377030861847938
84 69 85 98 64 47 3 27 38 50 50 70 25 73 47 84
64 65 95 94 44 43 23 37 48 400 400 65 23 43 44
402 402 401 401 402 401 401 401 401 400 400 401 402 402 402
0 0 1 0 0 0 0 0 0 0
0 0 1 0 0 0 0 0 0 0
0 0 1 1 1 1 1 0 0 0
0 0 1 0 1 0 1 1 0 0
0 0 1 1 1 1 1 1 1 1
0 0 1 1 1 0 0 0 0 1
0 0 1 1 1 1 1 1 1 1
0 0 1 1 1 0 0 0 0 0
0 0 0 2 1 0 0 0 0 0
0 0 0 1 1 1 1 1 0 0
Maze 22
105 14 3.0153846154 2.2336119101 112 0.375751795355797
69 10 50 36 53 26 49 8 34 83 2 95 91 78 4 69
9 400 46 33 23 46 48 4 33 82 92 400 71 74 64
402 400 401 402 402 401 401 402 402 401 401 400 402 401 401
0 1 0 1 1 1 1 1 1 1
0 1 0 1 0 0 0 1 1 1
0 1 1 1 1 1 0 1 1 1
0 1 1 1 1 1 0 1 1 1
0 1 1 1 0 1 1 1 1 1
0 1 1 1 0 0 0 0 1 0
0 1 1 1 1 1 1 1 2 0
1 1 1 1 1 1 1 1 0 0
1 1 1 0 0 0 0 0 0 0
1 1 1 1 1 0 0 0 0 0
Maze 23
119 8712 3.1014492754 2.2452790075 102 0.383369601971016
99 17 22 91 68 86 91 16 90 8 22 4 37 10 15 99
97 12 21 61 66 81 11 86 88 2 2 34 7 5 95
401 402 402 402 402 402 402 401 401 402 402 401 402 402 401
0 1 1 1 1 1 1 1 1 1
1 1 1 1 1 1 1 1 0 0
1 1 0 1 1 1 1 1 0 0
1 0 0 1 1 1 1 1 0 0
1 0 0 0 1 1 1 1 0 0
1 0 0 0 1 1 1 1 0 0
1 1 1 1 1 1 1 1 0 0
1 0 0 0 1 1 1 1 0 0
1 1 1 1 1 1 1 1 1 1
1 0 0 0 1 1 1 1 2 0
Maze 24
99 251 3.3684210526 2.2694236115 64 0.402482831877340
71 37 43 15 99 44 85 25 23 47 89 49 69 34 7 71
31 33 13 95 94 84 400 400 43 87 400 400 64 4 1
402 402 402 401 401 401 400 400 401 401 400 400 401 402 402
1 1 1 1 1 1 1 0 0 0
1 0 1 1 1 0 0 0 0 0
1 0 1 1 1 0 0 0 0 0
1 1 1 1 1 1 1 0 0 0
1 0 1 1 1 1 1 0 1 0
1 0 0 1 1 0 1 0 1 0
1 0 0 1 1 1 1 1 1 0
2 0 0 1 1 0 1 0 1 0
0 0 0 1 1 0 1 1 1 0
0 0 0 1 1 1 1 1 1 0
Maze 25
109 1400 3.8490566038 2.1732826639 86 0.378549874482071
88 72 80 53 49 98 69 11 33 85 60 2 68 69 74 88
82 400 73 43 48 68 61 31 83 55 52 62 400 64 84
401 400 401 402 402 402 401 401 401 402 401 401 400 402 401
0 1 0 0 0 0 0 0 0 0
1 1 0 0 0 0 0 0 0 0
1 1 0 0 0 0 0 0 0 0
1 1 1 0 0 0 0 0 0 0
1 1 1 1 1 1 1 1 1 0
1 1 1 1 1 1 1 1 1 1
1 1 1 1 1 1 1 1 1 0
0 1 1 1 1 1 1 1 1 1
0 1 1 1 1 1 1 2 0 0
0 0 0 0 0 0 0 1 0 0
Maze 26
87 6 2.7457627119 2.3349467373 56 0.405123258936481
11 92 19 67 60 85 95 53 77 19 6 46 54 26 31 11
91 12 17 57 55 400 93 73 17 16 400 44 24 21 400
401 402 402 402 402 400 401 401 402 401 400 402 402 402 400
0 0 0 0 0 1 0 0 0 0
2 1 1 1 1 1 1 1 1 0
1 1 1 1 1 1 1 0 0 0
1 1 0 1 0 1 1 0 0 0
1 1 0 1 1 1 1 0 0 0
1 1 1 1 1 1 1 1 1 1
1 1 1 0 1 0 1 0 0 0
1 1 1 1 1 1 1 0 0 0
1 1 1 0 1 0 0 0 0 0
1 1 1 1 1 0 0 0 0 0
Maze 27
97 147 2.9433962264 2.1838364972 70 0.363164911845236
81 24 69 29 29 55 4 83 31 94 83 72 21 85 59 81
21 64 400 400 25 54 3 81 91 93 82 71 81 55 51
402 401 400 400 402 401 402 401 401 401 401 401 401 402 402
0 0 1 1 0 0 0 0 0 0
0 0 1 1 0 0 0 0 0 0
1 1 1 1 1 1 1 1 1 0
1 0 1 1 1 0 0 0 1 0
1 0 1 1 1 0 0 0 1 0
1 1 1 1 1 1 1 1 1 0
1 0 1 1 1 1 1 1 1 0
1 1 1 0 1 0 0 0 0 0
2 1 1 1 1 0 0 0 0 0
1 1 1 1 0 0 0 0 0 0
Maze 28
111 205 3.5000000000 1.9496552170 92 0.385445686083601
33 28 63 11 50 5 92 47 43 74 16 81 45 48 53 33
23 23 61 41 45 2 42 400 73 14 11 41 400 43 400
402 402 401 401 401 402 402 400 401 402 402 402 400 402 400
0 1 1 1 1 0 0 0 0 0
1 1 1 1 1 1 0 0 0 0
1 1 1 1 1 1 1 1 0 0
1 1 2 1 1 0 0 0 0 0
1 1 1 1 1 1 1 1 1 1
1 1 1 1 0 0 0 0 0 0
1 1 1 1 0 0 0 0 0 0
1 1 1 1 0 0 0 0 0 0
1 1 0 0 0 0 0 0 0 0
0 1 0 0 0 0 0 0 0 0
Maze 29
89 126 3.2916666667 2.0055919533 45 0.371323438244127
80 65 89 76 37 35 3 59 64 21 80 89 82 42 57 80
75 85 86 36 400 33 53 54 61 71 79 400 400 52 77
401 401 401 402 400 401 401 402 401 401 402 400 400 401 401
0 0 1 0 0 0 0 0 0 0
0 0 1 0 0 0 0 0 0 0
1 0 1 0 0 0 0 0 0 0
1 0 1 1 1 1 1 0 0 0
1 1 1 0 0 1 0 0 0 0
1 1 1 1 1 1 1 1 1 0
1 1 1 1 1 1 1 0 0 0
1 1 1 1 1 1 1 1 1 2
0 1 1 1 1 1 1 1 1 0
0 0 0 0 0 0 0 0 0 0
Maze 30
91 17 3.0909090909 2.1838364972 35 0.395755390131926
35 10 26 82 49 91 86 98 80 41 42 13 23 41 62 35
5 6 22 42 41 81 96 78 71 400 12 400 21 61 32
402 402 402 402 402 402 401 402 401 400 402 400 402 401 402
0 0 0 0 1 1 1 1 1 1
0 1 1 0 1 1 0 0 0 0
1 1 1 1 1 1 0 0 0 0
1 1 1 1 2 0 0 0 0 0
1 1 1 1 1 1 1 1 1 0
1 1 0 0 0 0 0 0 0 0
1 1 0 0 0 0 0 0 0 0
1 1 1 1 1 1 1 1 1 1
1 1 1 1 1 1 0 1 0 0
1 0 0 0 0 1 1 1 0 0
Maze 31
97 12 2.6153846154 2.2629552062 62 0.394416444348195
9 98 71 45 45 42 90 43 89 77 77 27 10 16 89 9
8 91 41 400 400 82 83 83 87 400 400 7 6 86 400
402 401 402 400 400 401 401 401 401 400 400 402 402 401 400
0 0 0 0 0 1 1 1 2 1
0 0 0 0 0 1 1 1 1 0
0 0 0 0 0 1 1 1 1 0
0 0 0 0 0 1 1 1 1 0
1 1 1 1 1 1 1 1 1 0
1 1 1 0 0 1 1 1 1 0
1 1 1 0 0 1 1 1 1 0
1 1 1 0 0 1 1 1 1 0
1 1 1 1 1 1 1 1 1 1
1 1 1 1 1 1 1 1 0 0
Maze 32
115 348 3.1111111111 2.1283028933 148 0.385669193654267
93 77 6 60 81 92 62 20 57 29 33 57 71 19 50 93
73 76 56 51 91 400 12 17 27 23 53 51 11 49 43
402 401 401 402 401 400 402 402 402 402 401 402 402 401 402
0 0 0 0 0 1 0 0 0 0
1 1 1 1 1 1 1 1 1 1
1 1 1 1 1 1 1 1 1 0
1 1 1 0 0 1 1 0 1 0
1 1 1 1 1 1 1 1 1 1
1 1 1 1 1 1 1 1 1 1
1 1 1 0 0 1 0 0 0 0
1 1 1 1 1 1 1 0 0 0
1 1 1 0 0 0 0 0 0 0
1 1 2 0 0 0 0 0 0 0
Maze 33
89 166 3.3478260870 2.0643439482 45 0.360908279552362
91 34 27 37 48 56 40 9 63 42 26 11 73 40 43 91
31 24 400 47 46 36 39 3 62 22 21 71 33 33 41
402 402 400 401 402 402 401 402 401 402 401 401 402 402 402
0 0 1 1 1 1 1 1 1 0
1 0 1 0 0 0 0 0 1 0
1 1 1 1 1 1 1 0 1 0
1 1 1 1 1 1 1 1 1 1
1 1 1 0 0 1 1 1 0 0
1 1 1 0 0 1 0 0 0 0
1 1 1 0 0 0 0 0 0 0
1 1 1 0 0 0 0 0 0 0
1 0 0 0 0 0 0 0 0 0
2 0 0 0 0 0 0 0 0 0
Maze 34
89 1249 2.9387755102 1.9501561501 36 0.390865275473469
60 59 70 37 82 83 35 11 42 88 17 86 59 49 72 60
400 69 67 32 400 33 31 41 82 87 16 56 400 42 52
400 401 401 402 400 402 401 401 401 401 402 402 400 402 402
0 0 0 0 0 0 0 0 0 0
1 0 0 0 0 1 1 0 0 0
1 0 0 0 0 1 1 0 0 0
1 1 1 1 1 1 1 0 0 0
1 1 1 1 1 1 1 1 1 0
0 1 1 1 1 1 1 1 1 2
0 1 1 0 0 1 1 1 1 1
0 1 1 0 0 1 1 0 0 0
0 1 1 1 1 1 1 1 0 0
0 0 0 0 0 0 0 0 0 0
Maze 35
101 260 2.9411764706 1.8816288641 77 0.367272344487434
71 70 87 6 51 50 78 7 31 11 42 67 63 5 51 71
61 67 86 1 41 48 77 1 400 41 62 400 3 1 400
402 402 401 402 402 402 401 402 400 401 401 400 402 402 400
1 1 1 1 1 1 1 0 0 0
1 0 1 0 0 1 1 0 0 0
1 0 1 0 0 1 1 0 0 0
1 0 1 0 0 1 1 0 0 0
1 1 1 1 1 1 1 1 1 1
1 1 1 0 0 1 1 1 0 0
1 1 1 1 1 1 1 1 1 1
2 0 0 0 0 1 1 1 0 0
0 0 0 0 0 1 1 0 0 0
0 0 0 0 0 0 0 0 0 0
Maze 36
113 2451 3.2187500000 2.1991550765 112 0.380528432748749
19 87 85 94 27 68 61 48 52 10 61 36 58 59 61 19
17 400 84 24 67 400 41 42 2 1 31 56 400 51 11
402 400 402 402 401 400 402 402 402 402 402 401 400 402 402
1 1 1 1 1 1 1 1 1 1
1 1 1 1 1 1 1 1 2 0
1 1 0 1 1 1 1 0 0 0
1 1 1 1 1 1 1 0 0 0
1 1 1 1 1 1 1 1 0 0
1 1 1 1 1 1 1 1 1 0
1 1 1 1 1 1 1 1 0 0
0 0 0 1 0 0 1 0 0 0
0 0 0 1 1 1 1 0 0 0
0 0 0 1 0 0 0 0 0 0
Maze 37
113 207 3.0149253731 2.2874618226 90 0.393016777131479
89 91 21 93 75 100 82 84 58 40 4 40 96 33 10 89
81 400 91 73 95 92 400 54 38 34 34 36 93 3 9
402 400 401 402 401 401 400 402 402 401 401 402 401 402 402
0 0 1 1 1 1 1 1 1 1
0 0 1 1 0 0 0 0 1 0
1 0 1 1 0 0 0 0 1 0
1 0 1 1 1 1 1 1 1 1
1 0 1 0 0 1 0 1 1 0
1 0 1 1 1 1 1 1 1 0
1 0 1 1 0 1 0 0 1 0
1 0 1 1 1 1 0 0 1 0
1 1 1 1 1 1 1 1 2 0
1 1 1 1 1 1 1 1 1 1
Maze 38
75 139 2.7600000000 2.2282984634 26 0.377445929024665
39 36 56 52 61 45 37 53 51 84 19 58 9 32 25 39
400 400 400 51 41 35 33 400 81 14 18 8 2 22 35
400 400 400 402 402 402 402 400 401 402 402 402 402 402 401
0 1 1 1 1 1 1 1 1 0
0 1 0 1 1 1 1 1 1 0
0 1 1 1 1 0 0 1 0 0
0 1 1 1 1 1 1 1 2 0
1 1 1 1 1 1 0 1 0 0
1 1 1 1 1 1 0 1 0 0
1 0 0 1 0 0 0 0 0 0
1 0 0 1 0 0 0 0 0 0
1 1 1 1 0 0 0 0 0 0
0 0 0 0 0 0 0 0 0 0
Maze 39
107 3824 3.0000000000 2.1682475898 97 0.391283015343921
60 22 24 7 19 53 87 48 88 2 11 80 49 12 1 60
52 400 4 17 13 83 47 400 82 1 71 79 42 11 51
401 400 402 401 402 401 402 400 401 402 401 401 401 401 401
1 1 0 1 1 1 1 0 0 0
1 1 1 1 1 1 1 1 1 0
1 1 1 1 0 0 0 0 0 0
1 1 1 0 0 0 0 0 0 0
1 1 1 1 1 1 1 1 1 0
1 1 1 1 1 1 1 1 1 2
1 1 1 0 0 0 1 1 1 0
1 1 1 1 1 1 1 1 1 1
0 1 1 1 1 1 1 1 0 0
0 0 0 0 0 0 0 0 0 0
Maze 40
135 121 4.0000000000 1.9324767669 214 0.394807979132179
92 20 81 46 19 73 82 70 92 39 27 40 61 12 56 92
12 11 41 16 13 72 62 62 32 37 37 31 11 52 52
402 402 402 402 402 402 402 402 402 401 401 402 402 401 402
0 0 0 0 0 0 0 0 0 0
1 1 1 1 1 1 1 1 1 1
1 1 1 0 0 1 1 0 0 0
1 1 1 1 1 1 1 1 1 1
1 1 1 1 1 1 0 0 0 0
1 1 1 1 1 1 0 0 0 0
1 1 1 1 1 1 1 1 1 1
1 1 1 0 0 0 0 0 0 0
1 1 0 0 0 0 0 0 0 0
0 2 0 0 0 0 0 0 0 0
Maze 41
83 43 2.9387755102 2.0576317263 26 0.368057847328941
45 43 53 40 4 8 29 49 68 37 40 55 80 7 82 45
400 400 33 34 400 28 400 48 67 400 35 75 77 2 42
400 400 402 401 400 401 400 402 401 400 402 401 401 402 402
0 1 1 1 1 1 1 1 0 0
0 1 0 1 0 0 1 1 0 0
0 1 0 1 0 0 1 1 1 0
0 1 1 1 1 1 1 1 1 1
0 1 1 1 2 0 1 1 1 0
0 1 1 0 1 0 1 1 0 0
0 1 0 0 1 0 1 1 0 0
0 1 0 0 1 1 1 1 1 1
0 1 0 0 0 0 0 0 0 0
0 0 0 0 0 0 0 0 0 0
Maze 42
113 23 3.5416666667 1.9110256108 77 0.395163869297813
54 81 18 64 98 14 70 81 85 64 83 76 24 90 97 54
51 11 14 94 94 64 61 400 84 63 73 74 84 87 94
402 402 402 401 401 401 402 400 401 402 402 401 401 402 401
0 0 0 0 0 0 0 0 0 0
1 1 1 1 1 1 1 1 0 0
1 0 0 1 0 0 0 0 0 0
1 0 0 1 0 0 0 0 0 0
1 0 0 1 0 0 0 0 0 0
1 1 1 2 0 0 0 0 0 0
1 1 1 1 1 1 1 1 1 1
1 0 1 1 1 1 0 0 0 0
1 1 1 1 1 1 1 1 1 1
0 0 0 1 1 1 1 1 0 0
Maze 43
115 47 3.7037037037 2.0743772408 109 0.384159717883617
88 81 50 98 93 92 1 95 75 50 32 40 22 65 32 88
400 41 48 400 400 91 91 400 45 42 400 32 62 62 82
400 402 402 400 400 401 401 400 402 401 400 401 401 401 401
1 0 0 0 0 0 0 0 0 0
1 0 0 0 0 0 0 0 0 0
1 1 0 0 0 0 0 0 0 0
1 1 1 1 1 1 1 1 1 1
1 1 1 1 1 1 1 1 1 1
1 1 0 0 1 0 0 1 0 0
1 1 1 1 1 0 0 1 0 0
1 1 0 0 1 0 0 1 0 0
1 1 1 1 1 1 1 2 0 0
1 1 1 1 1 1 1 1 0 0
Maze 44
103 37 3.3214285714 2.1693442348 64 0.359532382877171
93 100 46 75 77 81 29 45 5 50 12 16 1 84 98 93
400 96 45 400 71 21 25 400 45 42 400 11 81 94 400
400 401 402 400 402 402 402 400 401 401 400 401 401 401 400
1 0 0 0 1 0 0 0 0 0
1 1 1 1 1 1 0 0 0 0
1 1 1 1 1 1 1 1 1 0
1 1 0 0 1 0 0 0 0 0
1 1 1 1 1 1 1 1 1 1
1 0 0 0 1 1 0 0 0 0
1 0 0 0 1 1 0 0 0 0
1 1 1 1 1 1 1 0 0 0
1 1 1 1 0 1 0 0 0 0
0 0 2 1 1 1 1 1 1 1
Maze 45
73 16 2.6153846154 2.2408046504 16 0.357829141245816
72 87 26 24 21 60 19 25 36 88 69 56 13 2 1 72
82 86 400 400 51 59 15 35 86 68 66 53 12 400 71
401 401 400 400 401 401 402 401 401 402 401 401 401 400 401
1 1 0 0 0 0 0 0 0 0
1 1 1 0 1 1 1 1 1 0
1 1 1 1 1 1 0 0 1 0
1 0 1 0 1 1 0 0 1 0
1 0 1 0 0 1 0 0 1 0
1 1 1 1 1 1 1 1 1 1
1 0 0 0 0 1 1 1 1 0
1 2 0 0 0 1 0 1 0 0
0 1 1 1 1 1 1 1 0 0
0 0 0 0 0 0 0 0 0 0
Maze 46
107 4720 3.0793650794 2.2481381577 120 0.378851335683592
93 35 87 89 99 74 6 99 40 71 90 69 59 74 50 93
33 85 400 400 94 4 96 39 31 81 89 400 54 44 43
402 401 400 400 401 402 401 402 402 401 401 400 402 402 402
0 0 0 1 1 1 0 0 0 0
0 0 0 1 0 1 0 0 0 0
0 0 0 1 0 1 0 0 0 0
1 1 1 1 1 1 1 1 1 1
1 0 1 1 1 1 1 1 1 1
1 0 1 1 1 1 1 1 1 0
1 0 1 1 1 1 0 0 1 0
1 0 1 1 1 1 0 0 1 0
1 1 1 1 1 1 1 1 1 1
0 0 2 1 1 1 1 1 1 0
Maze 47
93 110 2.8148148148 1.9627286949 44 0.382656708833241
8 18 53 52 90 17 46 6 78 42 85 17 2 6 39 8
400 13 400 82 87 16 400 76 72 82 15 12 400 36 38
400 402 400 401 401 402 400 401 401 401 402 401 400 401 401
0 1 1 1 1 1 0 2 0 0
0 1 1 1 1 1 1 1 0 0
0 0 1 0 1 1 1 1 0 0
0 0 1 0 1 1 1 1 1 0
0 1 1 0 1 1 1 0 0 0
0 1 1 0 1 1 1 0 0 0
0 1 0 0 1 1 1 0 0 0
0 1 1 1 1 1 1 1 0 0
0 1 1 1 1 1 1 1 1 1
0 0 0 0 0 0 0 0 0 0
Maze 48
101 88 2.7741935484 2.1849535709 60 0.393063718165304
15 39 33 86 34 5 38 27 75 20 99 77 17 85 91 15
35 400 83 84 4 35 37 25 15 19 97 400 15 81 11
401 400 401 401 402 401 401 402 402 402 401 400 402 402 402
0 0 0 1 1 0 0 0 0 0
1 1 1 1 2 1 1 1 1 1
1 0 0 1 1 1 1 0 1 0
1 0 1 1 1 1 1 1 1 0
1 0 1 1 1 0 1 0 1 0
1 0 1 1 1 0 1 0 1 0
1 0 1 1 1 0 1 0 1 0
1 0 1 1 1 0 1 0 1 0
1 1 1 1 1 1 1 0 1 0
1 0 0 0 0 0 1 1 1 0
Maze 49
105 22 3.0303030303 2.3332952834 73 0.367358165272133
23 32 43 73 65 50 72 48 39 44 7 71 4 100 20 23
22 42 400 63 45 42 42 38 34 4 1 1 94 400 13
402 401 400 402 402 402 402 402 402 402 402 402 401 400 402
1 1 1 1 1 1 1 0 0 0
1 0 1 1 1 1 1 1 1 1
1 1 2 1 0 0 0 0 0 1
1 1 0 1 1 1 1 1 1 1
1 1 1 1 1 1 1 1 1 1
1 1 1 1 1 0 0 0 0 1
1 1 1 1 1 0 0 0 0 1
1 1 1 1 0 0 0 0 0 1
0 0 0 1 0 0 0 0 0 1
0 0 0 1 1 1 1 1 1 1
Maze 50
101 12 3.4693877551 2.0026673979 54 0.402678199125214
44 63 68 43 58 41 21 23 51 69 21 10 87 9 30 44
43 400 63 53 51 400 400 21 61 61 1 7 7 29 24
402 400 401 401 401 400 400 402 401 401 402 402 402 401 402
1 1 1 1 1 1 1 1 1 1
1 0 0 0 0 0 1 0 1 0
1 1 1 1 1 1 1 1 1 1
1 0 0 1 0 0 1 0 0 0
1 0 1 2 0 0 1 0 0 0
1 1 1 1 1 1 1 1 0 0
1 1 1 1 1 1 1 1 1 0
0 0 0 0 0 0 1 0 0 0
0 0 0 0 0 0 1 0 0 0
0 0 0 0 0 0 0 0 0 0
Maze 51
91 27 3.6326530612 2.2136457562 36 0.396908785691445
16 46 18 17 25 94 99 82 58 41 93 95 9 75 34 16
400 16 400 15 24 400 92 52 51 91 400 5 5 74 14
400 402 400 402 402 400 401 402 401 401 400 402 402 401 402
0 0 0 0 1 1 1 1 1 0
0 0 0 1 1 2 1 1 0 0
0 0 0 1 1 1 0 0 0 0
0 0 0 1 1 1 0 0 0 0
1 0 0 1 1 1 0 0 0 0
1 1 1 1 1 1 1 1 0 0
1 1 0 1 1 0 0 0 0 0
1 1 0 1 1 0 0 0 0 0
1 1 0 1 1 0 0 0 0 0
1 1 1 1 1 1 1 1 1 0
Maze 52
111 225 3.2203389831 2.1380182894 112 0.384170342182776
50 2 3 68 74 41 25 10 39 82 62 40 81 33 77 50
42 400 63 64 71 21 5 9 32 400 32 31 31 73 47
401 400 401 402 401 402 402 402 402 400 402 402 402 401 402
0 1 1 0 1 1 1 1 1 1
0 1 1 0 1 0 0 0 1 0
1 1 1 1 1 0 0 0 1 0
1 1 1 1 1 1 1 1 1 1
1 1 1 1 1 1 1 1 1 2
1 1 1 0 0 0 1 0 0 0
1 1 1 1 1 1 1 1 0 0
1 1 1 1 1 1 1 0 0 0
1 1 0 0 0 0 0 0 0 0
0 0 0 0 0 0 0 0 0 0
Maze 53
85 113 3.3043478261 2.1425375218 50 0.374797706942431
28 53 66 48 16 28 86 96 59 6 14 89 43 75 38 28
23 63 46 46 26 26 400 56 56 4 84 83 73 35 400
402 401 402 401 401 402 400 402 401 402 401 401 401 402 400
0 0 0 1 1 1 0 0 0 0
0 0 0 1 0 1 0 0 0 0
0 0 1 1 1 1 1 2 0 0
0 0 1 1 1 1 1 1 0 0
0 0 1 1 1 1 1 1 0 0
0 0 1 1 1 1 1 1 1 0
0 0 1 1 1 1 0 0 0 0
0 0 1 1 1 1 0 0 0 0
0 0 1 1 1 1 1 1 1 0
0 0 0 0 0 1 0 0 0 0
Maze 54
67 102 3.6000000000 2.0685460481 13 0.399153645542306
15 19 33 76 45 24 4 85 56 43 33 5 38 35 65 15
400 13 73 75 44 400 84 55 53 400 3 35 400 400 400
400 402 401 401 401 400 401 402 401 400 402 401 400 400 400
0 0 1 1 1 0 0 0 0 0
0 0 1 1 2 1 1 1 1 0
0 0 1 1 1 0 0 0 0 0
0 0 1 1 1 1 1 1 0 0
0 0 1 1 1 0 0 0 0 0
0 0 1 1 1 1 0 0 0 0
0 0 1 1 1 0 0 0 0 0
0 0 1 1 1 1 0 0 0 0
0 0 0 1 1 0 0 0 0 0
0 0 0 0 0 0 0 0 0 0
Maze 55
97 6 3.2962962963 2.1596455172 66 0.360342703621336
78 61 61 80 57 67 20 54 8 33 47 100 85 87 42 78
71 400 71 77 400 17 14 4 3 43 97 95 400 82 72
401 400 401 401 400 402 402 402 402 401 401 401 400 401 401
0 0 1 1 1 1 1 1 0 0
0 0 1 1 1 1 1 1 1 1
0 0 1 1 0 0 1 0 0 0
0 0 1 1 0 0 1 0 0 0
0 1 1 1 1 1 1 0 0 0
0 1 0 1 0 0 1 0 0 0
1 1 0 0 0 0 1 0 0 0
1 1 1 1 1 1 1 2 1 1
0 1 1 1 1 1 1 0 0 0
0 0 0 0 1 1 1 1 1 1
Maze 56
85 77 2.9787234043 1.9371986598 50 0.387164082667936
78 8 39 38 24 46 81 15 34 76 53 44 79 18 85 78
400 38 400 34 44 41 11 14 74 73 43 74 78 15 75
400 401 400 401 401 402 402 402 401 401 402 401 401 402 402
0 0 0 0 0 0 0 1 0 0
1 1 1 1 1 1 1 1 0 0
1 0 0 1 1 0 0 1 0 0
1 0 0 1 1 1 1 1 1 0
1 1 1 1 1 1 0 1 0 0
1 0 1 1 1 0 0 1 0 0
1 0 1 1 1 0 0 1 0 0
1 0 1 1 1 1 1 2 1 0
1 0 0 0 1 0 0 0 0 0
0 0 0 0 0 0 0 0 0 0
Maze 57
113 493 3.0000000000 2.1906107422 83 0.400434760795638
8 62 30 77 65 78 64 20 98 32 39 87 78 53 69 8
2 22 27 75 75 74 14 18 92 400 37 77 73 63 68
402 402 402 401 401 401 402 402 401 400 402 402 401 401 401
0 1 1 1 1 1 1 2 0 0
0 1 0 1 1 1 1 1 1 1
0 1 1 1 1 1 1 1 1 1
0 1 1 1 1 1 1 1 1 0
0 1 0 1 0 0 1 1 0 0
0 1 1 1 0 0 1 1 0 0
0 1 1 1 1 1 1 1 1 0
0 1 1 1 1 1 1 1 0 0
0 1 0 0 0 0 1 1 0 0
0 1 1 1 1 1 1 1 0 0
Maze 58
117 304 3.4576271186 2.1178380012 147 0.371834290980444
34 69 90 69 7 61 9 55 61 42 3 49 92 3 76 34
64 89 89 67 1 1 5 51 41 2 43 42 2 73 74
401 401 401 401 402 402 402 402 402 402 401 402 402 401 401
1 1 1 1 1 1 1 1 1 0
1 1 1 0 1 0 1 0 0 0
1 1 1 0 1 0 1 0 0 0
1 1 1 2 1 0 1 0 0 0
1 1 1 1 1 1 1 1 1 0
1 1 1 1 1 0 1 0 0 0
1 1 1 1 1 1 1 1 1 0
0 1 1 1 1 1 0 0 1 0
0 1 0 0 0 0 0 0 1 1
0 1 0 0 0 0 0 0 0 0
Maze 59
89 14 3.5000000000 1.9562299112 41 0.375292122840175
84 55 56 9 83 13 35 34 31 91 41 59 13 49 49 84
54 400 6 3 400 33 400 400 400 400 51 53 43 400 44
402 400 402 402 400 401 400 400 400 400 401 401 401 400 402
0 0 1 1 1 1 1 1 1 0
0 0 1 0 0 1 0 0 0 0
0 0 1 0 0 1 0 0 0 0
1 1 1 1 1 1 0 0 0 0
1 0 1 1 1 1 1 1 1 0
1 1 1 1 1 1 1 1 1 0
1 0 1 1 0 0 0 0 0 0
1 0 1 1 0 0 0 0 0 0
1 0 1 2 0 0 0 0 0 0
1 0 0 0 0 0 0 0 0 0
Maze 60
111 8 3.3103448276 2.1585000996 76 0.387183994223063
25 90 25 86 38 83 32 95 51 26 15 51 20 19 12 25
85 85 85 36 33 82 92 91 21 25 11 11 400 400 22
401 401 401 402 402 401 401 401 402 401 402 402 400 400 401
0 0 0 0 0 0 0 0 0 0
1 1 1 1 1 1 1 1 1 1
1 1 1 1 2 1 0 0 0 0
1 1 1 1 1 1 1 1 0 0
1 1 1 0 1 1 0 0 0 0
1 1 1 0 1 1 0 0 0 0
1 1 1 0 1 1 0 0 0 0
1 1 1 0 1 1 0 0 0 0
1 1 1 0 1 1 1 1 1 1
1 1 1 1 1 0 0 0 0 0
Maze 61
85 501 3.2653061224 2.2500000000 41 0.359343158360476
98 62 99 97 57 76 44 31 36 30 22 66 93 34 56 98
92 92 400 400 56 74 41 400 26 400 62 63 33 54 96
401 401 400 400 402 401 401 400 402 400 401 402 402 401 401
0 0 0 0 0 0 0 0 0 0
0 0 0 0 0 0 0 0 0 0
0 1 1 1 1 1 1 1 1 1
1 1 1 1 1 1 0 0 0 0
1 1 1 1 0 0 0 0 0 0
0 1 1 1 1 1 1 0 0 0
0 1 1 1 1 1 1 0 0 0
0 1 1 1 1 1 1 0 0 0
0 1 1 0 0 1 1 0 0 0
0 1 1 1 1 1 1 2 1 0
Maze 62
121 359 3.0285714286 2.1786660982 112 0.385519253261505
100 73 8 97 9 2 64 65 93 89 63 19 98 61 60 100
93 3 7 7 400 62 400 63 83 83 13 18 91 51 400
401 402 402 402 400 401 400 402 402 401 402 402 401 402 400
0 1 1 1 1 1 1 1 1 0
0 1 1 1 1 1 1 1 1 0
0 1 1 0 0 0 1 1 0 0
0 1 1 0 0 0 1 1 0 0
0 1 1 0 0 0 1 1 0 0
1 1 1 1 1 1 1 1 1 1
1 1 1 1 1 0 1 1 0 1
1 0 1 0 0 0 1 1 0 1
1 0 1 1 1 1 1 1 1 1
1 1 1 1 1 1 1 1 1 2
Maze 63
109 788 3.7037037037 2.0796552878 92 0.389605104488170
100 12 72 26 46 74 24 93 37 33 15 5 80 91 53 100
92 400 22 400 44 400 23 33 400 13 400 75 71 51 93
401 400 402 400 402 400 402 402 400 402 400 401 402 402 401
0 0 0 0 1 0 0 0 0 0
0 1 1 1 1 0 0 0 0 0
0 1 1 1 1 1 0 0 0 0
0 1 1 1 1 1 1 0 0 0
0 1 1 1 1 1 0 0 0 0
1 1 1 1 1 0 0 0 0 0
1 1 1 1 1 0 0 0 0 0
1 1 1 1 1 1 1 1 1 1
1 1 1 0 0 0 0 0 0 0
1 1 1 1 1 1 1 1 1 2
Maze 64
93 712 3.5510204082 2.1500941839 56 0.398157251358949
36 83 51 1 80 52 46 74 42 85 47 86 74 59 27 36
33 81 400 71 72 42 44 72 82 45 46 84 54 57 26
402 401 400 401 401 402 402 401 401 402 402 401 402 401 402
1 0 0 0 0 0 0 0 0 0
1 0 0 0 0 0 0 0 0 0
1 0 0 0 0 1 1 0 0 0
1 0 1 1 1 2 1 0 0 0
1 1 1 1 1 1 1 0 0 0
1 1 1 1 1 1 1 1 1 0
1 1 1 1 1 1 0 0 0 0
1 1 1 1 1 1 1 1 1 1
1 1 1 1 1 1 0 0 0 0
0 0 0 0 0 0 0 0 0 0
Maze 65
91 530 3.2307692308 2.2034033850 56 0.378648240150170
25 26 64 14 43 82 87 90 49 62 82 36 99 33 96 25
400 24 400 13 42 400 400 89 42 400 32 96 93 93 95
400 402 400 402 402 400 400 401 402 400 402 401 401 401 401
0 0 0 0 0 0 0 0 0 0
0 0 1 1 0 0 0 0 0 0
0 0 1 1 2 1 0 0 0 0
0 1 1 1 1 1 0 0 0 0
0 1 1 1 1 1 1 1 1 0
0 1 1 1 1 1 0 0 1 0
0 1 1 1 1 1 0 0 1 0
0 1 1 0 1 1 0 0 1 0
0 1 1 1 1 1 1 1 1 1
0 0 1 1 1 1 1 1 1 0
Maze 66
113 429 2.9565217391 2.2056667656 105 0.373716115531149
84 13 4 40 7 53 56 9 82 93 78 50 13 91 59 84
83 3 34 37 3 400 6 2 92 73 48 43 11 51 54
401 402 401 401 402 400 402 402 401 402 402 401 402 402 402
0 1 1 1 1 1 1 1 1 0
1 1 1 1 0 1 1 0 0 0
1 1 1 1 0 1 1 0 0 0
1 1 1 1 1 1 1 1 1 1
1 1 1 1 1 1 1 1 1 1
1 1 1 1 1 1 1 1 1 0
1 1 1 1 0 0 0 1 0 0
1 1 1 1 1 1 1 1 0 0
1 1 1 2 0 0 0 0 0 0
1 1 1 0 0 0 0 0 0 0
Maze 67
83 6 3.2549019608 2.2676108397 30 0.358902355258570
6 49 76 88 56 7 14 13 29 17 27 94 51 98 25 6
46 46 86 86 6 4 400 23 27 400 24 91 91 95 5
401 402 401 401 402 402 400 401 401 400 402 401 401 401 402
0 0 0 1 1 2 1 0 0 0
0 0 1 1 1 1 1 0 0 0
0 0 1 1 1 1 1 1 1 0
0 0 0 1 1 1 0 0 0 0
0 0 0 1 1 1 1 1 1 0
1 0 0 1 1 1 0 0 0 0
1 0 0 1 1 1 0 0 0 0
1 0 0 1 1 1 0 0 0 0
1 0 0 1 1 1 1 1 0 0
1 1 1 1 1 1 1 1 0 0
Maze 68
105 472 3.1724137931 2.1048243521 81 0.385955718343639
29 49 74 96 20 67 31 63 97 61 46 16 99 82 27 29
400 44 94 16 17 61 61 93 91 41 400 96 92 22 400
400 402 401 402 402 401 401 401 401 402 400 401 401 402 400
0 0 0 0 0 0 0 0 0 0
0 0 0 0 0 1 1 1 1 1
0 1 1 1 1 1 1 1 2 0
1 1 0 0 0 1 1 0 1 0
1 1 1 1 1 1 1 1 1 0
1 1 0 1 0 1 1 0 0 0
1 1 1 1 1 1 1 0 0 0
1 1 1 1 0 1 0 0 0 0
1 1 1 1 0 1 0 0 0 0
1 1 1 1 1 1 1 1 1 0
Maze 69
113 4646 3.3666666667 2.1388803640 97 0.392124011049553
23 50 94 49 100 62 35 79 37 79 93 31 73 87 69 23
43 44 44 99 92 32 75 77 77 73 91 71 83 67 63
401 402 402 401 401 402 401 401 401 402 401 401 401 402 401
0 0 0 0 0 0 0 0 0 0
0 0 0 0 0 0 0 0 0 0
0 0 2 0 0 0 0 0 0 0
1 1 1 1 1 0 1 0 0 0
1 1 1 1 1 1 1 1 1 1
1 1 1 1 1 0 1 0 1 0
1 1 1 1 1 1 1 1 1 0
1 1 1 1 1 1 1 1 1 0
1 1 1 1 1 1 1 0 1 0
1 1 1 1 1 1 1 1 1 1
Maze 70
89 33 3.6363636364 2.1380330774 36 0.367241655824201
86 23 85 67 48 79 61 72 21 40 11 83 51 65 77 86
83 83 65 47 78 71 71 71 31 31 81 81 61 75 76
401 401 402 402 401 401 401 401 401 401 401 401 401 401 402
0 0 0 0 0 0 0 0 0 0
1 0 0 0 0 0 0 0 0 0
1 0 1 0 0 0 0 0 0 0
1 1 1 1 1 1 1 1 1 1
1 0 1 0 0 0 1 1 0 0
1 0 1 0 0 0 1 1 0 0
1 1 1 1 1 1 1 1 0 0
1 1 1 1 1 1 1 1 1 0
1 1 1 1 1 2 0 0 0 0
0 0 0 0 0 0 0 0 0 0
Maze 71
111 15 3.4339622642 2.0284699731 105 0.381452403859832
2 53 47 99 35 57 94 49 97 70 45 50 15 91 16 2
52 43 97 95 55 54 44 47 67 65 400 45 11 11 12
401 402 401 401 401 402 402 402 402 401 400 401 402 402 401
0 2 0 0 0 0 0 0 0 0
1 1 1 1 1 1 0 0 0 0
1 1 0 0 1 0 0 0 0 0
1 1 0 0 1 0 0 0 0 0
1 1 1 1 1 1 1 1 1 1
1 1 1 1 1 1 1 0 0 0
1 0 0 1 1 1 1 1 1 1
1 0 0 1 1 0 1 0 0 0
1 0 0 1 1 0 1 0 0 0
1 0 0 1 1 1 1 1 1 0
Maze 72
91 15 3.3846153846 1.9436664340 41 0.397374134025050
48 91 35 14 71 11 94 93 72 56 48 13 65 23 33 48
41 31 34 11 400 91 400 92 52 46 43 63 63 400 43
402 402 401 402 400 401 400 401 402 402 401 401 401 400 401
0 0 0 0 0 0 0 0 0 0
1 1 1 1 0 0 0 0 0 0
1 0 1 1 0 0 0 0 0 0
1 1 1 1 1 0 0 0 0 0
1 1 1 1 1 1 1 2 0 0
1 1 1 1 1 1 0 0 0 0
1 1 1 1 1 0 0 0 0 0
1 1 0 0 0 0 0 0 0 0
1 1 0 0 0 0 0 0 0 0
1 1 1 1 0 0 0 0 0 0
Maze 73
111 291 2.9090909091 2.1694379250 90 0.376247444035099
47 78 9 100 47 47 53 10 92 88 18 49 89 6 1 47
77 8 99 97 400 43 3 2 82 400 48 400 86 400 41
401 402 401 401 400 402 402 402 402 400 401 400 401 400 401
1 1 1 1 1 1 1 1 1 1
1 1 1 0 0 1 0 1 1 0
1 1 1 0 0 1 0 1 1 0
1 1 1 0 0 1 0 1 1 0
1 1 1 1 1 1 2 1 1 0
0 1 1 0 0 1 1 1 1 0
0 1 0 0 0 1 1 1 1 0
0 1 0 0 0 1 1 1 1 0
0 1 1 1 1 1 1 1 1 0
0 1 0 0 0 0 1 1 1 1
Maze 74
95 299 3.0181818182 2.1705323067 60 0.376279332742912
76 25 53 44 46 67 94 81 16 70 3 20 8 45 21 76
75 23 43 400 66 64 91 11 66 63 13 18 5 41 71
401 402 402 400 401 402 401 402 401 401 401 401 402 401 401
0 0 1 0 1 1 1 1 0 0
1 1 1 1 1 1 1 1 1 1
1 0 1 1 1 1 0 0 0 0
1 0 1 0 1 1 0 0 0 0
1 1 1 1 1 1 0 0 0 0
1 0 1 0 1 1 0 0 0 0
1 0 1 1 1 1 1 1 1 1
1 1 1 1 1 2 0 0 0 0
1 0 0 1 0 0 0 0 0 0
1 1 1 1 0 0 0 0 0 0
Maze 75
85 12 3.5675675676 1.8551581612 50 0.387996609900172
2 81 16 45 84 58 45 53 57 33 29 43 33 21 71 2
1 11 15 44 54 55 43 400 53 23 23 400 31 400 1
402 402 402 402 402 401 402 400 401 402 402 400 401 400 402
1 2 0 0 0 0 0 0 0 0
1 1 1 1 1 1 0 0 0 0
1 0 1 1 1 1 1 1 1 0
1 1 1 0 1 0 0 0 0 0
1 0 1 1 1 0 0 0 0 0
1 0 1 1 1 1 1 1 0 0
1 0 0 1 0 0 0 0 0 0
1 0 0 1 0 0 0 0 0 0
1 0 0 1 0 0 0 0 0 0
0 0 0 0 0 0 0 0 0 0
Maze 76
101 384 3.4000000000 2.0184270795 71 0.394925345988239
27 97 94 84 26 50 64 100 82 27 29 77 12 37 86 27
400 400 400 24 46 44 94 92 22 400 27 72 32 36 26
400 400 400 402 401 402 401 401 402 400 402 401 401 402 402
0 0 0 0 0 0 0 0 0 0
0 1 0 0 0 0 0 0 0 0
0 1 1 1 1 1 2 1 1 0
0 1 1 1 1 1 1 0 0 0
0 1 0 1 1 1 1 1 1 1
0 1 0 1 0 1 1 0 0 0
0 1 0 1 0 1 1 0 0 0
0 1 1 1 1 1 1 0 0 0
0 1 0 1 0 1 1 0 0 0
0 1 1 1 1 1 1 1 1 1
Maze 77
97 102 3.0000000000 2.0383100066 77 0.373787071763741
85 36 92 44 33 59 82 15 1 52 6 27 47 13 21 85
35 32 42 43 53 52 12 11 51 2 26 400 43 11 81
402 402 402 401 401 402 402 401 401 402 401 400 401 402 401
1 1 1 1 1 1 0 0 0 0
1 1 1 1 1 1 0 0 0 0
1 1 1 0 0 1 1 0 0 0
1 1 1 1 1 1 1 0 0 0
1 1 1 1 1 1 1 0 0 0
1 1 1 1 1 1 1 1 1 0
1 1 0 0 1 0 0 0 0 0
1 1 0 0 1 0 0 0 0 0
1 1 1 1 2 0 0 0 0 0
0 1 0 0 0 0 0 0 0 0
Maze 78
105 1057 3.3333333333 2.2369178431 81 0.375860507406751
49 6 25 67 94 49 90 47 2 12 55 3 91 29 99 49
46 5 65 64 44 89 87 42 400 52 53 1 21 400 400
401 402 401 402 402 401 401 401 400 401 401 402 402 400 400
1 1 1 0 1 1 0 0 0 0
1 1 1 0 1 1 0 0 0 0
1 1 1 1 1 1 1 1 1 0
1 1 1 0 1 1 0 0 1 0
1 1 1 1 1 1 1 1 2 0
1 1 1 1 1 0 1 0 1 0
1 0 0 1 1 1 1 0 1 0
1 0 0 1 0 0 1 0 1 0
1 0 0 1 0 0 1 1 1 1
1 0 0 1 0 0 0 0 1 0
Maze 79
133 17 3.3333333333 1.8108905275 193 0.404839603266177
8 93 37 73 66 41 79 11 79 50 100 23 77 45 85 8
3 33 33 63 61 71 71 71 49 400 93 73 75 400 5
402 402 402 402 401 401 401 401 402 400 401 401 401 400 402
0 0 1 1 1 1 1 2 0 0
1 0 1 0 1 0 0 0 0 0
1 0 1 0 1 0 0 0 0 0
1 0 1 1 1 1 1 0 0 0
1 0 1 0 1 0 0 0 1 1
1 0 1 0 1 0 0 0 1 1
1 1 1 1 1 1 0 0 1 1
1 1 1 1 1 1 1 1 1 1
0 0 1 0 1 0 0 0 0 1
0 0 1 1 1 1 1 1 1 1
Maze 80
69 4 2.6938775510 2.2760996707 11 0.351845706892929
54 56 92 45 53 60 56 55 18 50 40 10 11 35 65 54
400 52 42 43 400 400 400 15 48 400 400 1 31 400 64
400 402 402 402 400 400 400 402 401 400 400 402 401 400 401
1 1 1 1 1 1 1 1 1 1
1 0 0 0 1 1 1 1 0 1
1 0 0 0 1 0 0 1 0 1
1 1 1 1 1 0 0 1 0 1
0 1 1 1 1 0 0 1 1 1
0 1 1 2 1 1 1 1 1 1
0 1 0 1 1 0 0 0 0 0
0 1 0 0 0 0 0 0 0 0
0 1 0 0 0 0 0 0 0 0
0 1 0 0 0 0 0 0 0 0
Maze 81
85 308 2.7868852459 2.4215984225 56 0.399647926120931
11 49 47 30 89 64 94 93 92 35 7 98 46 69 55 11
41 400 27 29 84 400 400 400 32 5 97 96 66 65 51
401 400 402 402 401 400 400 400 402 402 401 401 401 401 401
0 0 0 0 1 1 1 0 0 0
2 0 0 0 1 0 1 0 0 0
1 0 0 0 1 0 1 1 1 1
1 1 1 1 1 0 1 0 1 0
1 1 1 1 1 1 1 1 1 0
1 1 1 1 1 1 1 0 1 0
0 1 0 1 1 1 1 1 1 0
0 1 0 1 0 1 1 0 1 0
0 1 0 1 1 1 1 1 1 0
0 1 1 1 0 1 1 1 0 0
Maze 82
67 7 2.4705882353 2.2565956888 20 0.345588796752556
49 60 35 37 54 20 19 28 9 82 72 93 85 47 19 49
59 55 400 34 14 400 18 8 2 400 92 83 45 17 400
401 401 400 402 402 400 402 402 402 400 401 402 402 402 400
0 1 1 1 1 1 1 1 1 0
0 1 0 1 1 1 1 1 1 1
0 1 0 1 0 0 1 1 1 0
0 1 0 1 1 1 1 0 1 0
0 1 0 1 1 1 1 0 2 0
0 1 0 1 1 1 1 1 1 1
0 1 0 0 1 0 0 0 0 0
0 1 0 0 1 0 0 0 0 0
0 1 1 1 1 0 0 0 0 0
0 1 1 0 0 0 0 0 0 0
Maze 83
109 301 3.6428571429 2.1925271406 83 0.396325081197462
26 63 23 15 81 9 63 66 7 75 26 28 88 49 94 26
23 400 13 11 1 3 400 6 5 25 400 400 48 44 24
402 400 402 402 402 402 400 402 402 402 400 400 402 402 402
1 1 1 1 1 1 1 1 1 0
1 1 1 1 1 1 0 0 0 0
1 0 1 1 1 2 1 1 0 0
1 0 1 1 1 1 0 1 0 0
1 0 1 1 1 1 1 1 1 0
1 0 1 1 1 1 0 1 0 0
1 0 1 1 1 1 0 1 0 0
1 0 0 1 1 0 0 1 0 0
1 0 0 1 0 0 0 1 0 0
0 0 0 1 0 0 0 0 0 0
Maze 84
107 4094 2.9275362319 2.2683852583 64 0.382584184229172
32 17 87 94 58 80 38 6 100 38 45 61 32 95 9 32
12 400 84 54 78 78 36 96 98 35 41 31 92 5 2
402 400 402 402 401 401 401 401 401 402 402 402 401 402 402
0 1 1 1 1 1 1 1 1 0
0 1 1 1 1 1 1 0 0 0
0 1 0 0 1 1 1 0 0 0
1 2 0 0 1 1 1 1 0 0
1 1 1 1 1 1 1 1 0 0
1 1 0 1 1 1 1 1 0 0
1 1 0 1 1 1 1 1 0 0
0 1 0 1 1 1 1 1 1 1
0 1 0 1 1 1 1 1 0 0
0 1 1 1 1 1 1 1 1 1
Maze 85
85 72 3.0943396226 2.2752115313 45 0.376458872570821
81 81 34 17 60 92 39 17 25 15 43 33 49 6 1 81
400 31 14 57 52 32 37 15 400 13 400 43 46 400 400
400 402 402 401 402 402 401 402 400 402 400 401 401 400 400
1 1 1 1 1 1 0 0 0 0
1 0 1 1 1 1 1 0 0 0
1 0 1 1 1 1 1 0 0 0
1 1 1 1 1 1 1 1 1 0
1 1 1 1 1 1 1 1 1 0
1 1 1 1 1 1 1 1 1 1
1 1 0 0 0 0 0 0 0 0
1 1 0 0 0 0 0 0 0 0
2 1 0 0 0 0 0 0 0 0
0 1 0 0 0 0 0 0 0 0
Maze 86
75 10 2.5964912281 2.3697777309 22 0.371845834173093
6 9 48 60 58 43 52 47 90 66 22 91 83 98 7 6
400 8 58 400 53 42 42 87 86 62 21 81 93 97 400
400 402 401 400 401 402 402 401 401 401 402 402 401 401 400
0 0 0 0 0 2 1 1 1 0
0 0 0 0 0 0 1 1 0 0
1 1 0 0 0 0 1 1 0 0
1 1 0 0 0 0 1 1 0 0
1 1 1 1 1 1 1 1 0 0
1 1 1 1 1 1 1 1 1 1
1 1 1 1 1 1 1 0 0 0
1 0 0 0 0 1 1 0 0 0
1 1 1 0 0 1 1 1 1 1
1 0 1 1 1 1 1 1 0 0
Maze 87
75 36 3.0204081633 2.3513801594 30 0.352969125119555
44 85 85 71 98 49 4 26 21 79 75 71 33 33 14 44
84 400 81 91 48 44 24 400 71 400 400 31 400 13 400
401 400 401 401 402 401 401 400 401 400 400 402 400 402 400
0 0 0 1 0 0 0 0 0 0
0 0 1 1 0 0 0 0 0 0
1 1 1 1 1 1 0 0 0 0
1 1 1 1 0 0 0 0 0 0
1 0 0 2 1 1 1 1 1 0
1 0 0 1 0 0 0 1 0 0
1 0 0 1 0 0 0 1 0 0
1 1 1 1 1 1 1 1 1 0
1 1 1 1 1 0 0 1 0 0
1 1 1 1 1 1 1 1 0 0
Maze 88
93 172 3.1320754717 2.1510545819 40 0.364304941698113
91 68 7 2 29 28 7 18 74 15 79 44 92 91 76 91
61 67 400 22 400 27 17 14 14 75 74 42 400 71 71
402 401 400 401 400 401 401 402 402 401 401 402 400 402 402
0 1 1 1 1 1 1 0 0 0
0 1 0 1 1 1 1 1 0 0
0 1 1 1 1 1 1 1 1 0
0 0 0 1 1 0 1 0 0 0
0 1 1 1 1 0 1 0 0 0
0 1 0 1 1 0 1 0 0 0
1 1 1 1 1 1 1 1 0 0
1 1 1 1 1 1 1 1 1 0
1 1 0 0 0 0 0 0 0 0
2 1 0 0 0 0 0 0 0 0
Maze 89
93 69 3.3584905660 2.2136457562 36 0.386213688910628
4 9 20 45 47 94 39 35 45 93 5 16 71 27 32 4
400 19 15 400 44 34 400 400 43 3 15 11 21 22 2
400 401 402 400 402 402 400 400 402 402 401 402 402 402 402
0 1 1 2 1 1 1 1 1 0
1 1 1 1 1 1 1 1 1 1
1 1 1 1 1 1 1 0 0 0
1 1 1 1 1 1 1 1 1 0
1 0 1 1 1 1 1 0 0 0
1 0 1 1 0 0 0 0 0 0
1 0 1 1 0 0 0 0 0 0
1 0 1 1 0 0 0 0 0 0
0 0 1 1 0 0 0 0 0 0
0 0 1 1 0 0 0 0 0 0
Maze 90
127 71 3.5483870968 2.0798724405 130 0.381897612014181
23 80 33 10 81 15 62 28 60 100 10 26 64 80 44 23
73 73 3 1 11 12 22 58 400 400 6 24 74 74 43
401 401 402 402 402 402 402 401 400 400 402 402 401 401 401
1 1 1 1 1 1 1 1 1 1
1 1 1 1 1 1 0 0 0 1
1 1 2 1 1 1 1 1 0 1
1 1 1 1 0 0 0 1 0 1
1 1 1 1 0 0 0 1 0 1
1 1 1 1 0 0 0 1 1 1
1 1 1 1 0 0 0 0 0 1
1 0 1 1 1 1 1 1 1 1
1 0 0 0 0 0 0 0 0 1
0 0 0 0 0 0 0 0 0 1
Maze 91
97 18 2.9230769231 1.9861345364 70 0.406429998346667
94 31 15 84 11 67 9 87 59 77 29 80 69 47 94 94
91 11 14 81 61 7 7 57 57 27 79 79 67 44 400
401 402 402 401 401 402 402 402 402 402 401 401 401 402 400
0 0 0 0 0 0 1 1 1 0
1 1 1 1 1 0 1 0 0 0
1 0 0 1 0 0 1 1 1 0
1 0 0 1 0 0 1 0 1 0
1 0 0 1 1 1 1 0 1 0
1 0 0 1 0 0 1 1 1 0
1 1 1 1 1 1 1 1 1 0
1 0 0 1 0 0 1 0 1 1
1 1 1 1 0 0 1 0 0 0
1 1 1 2 0 0 0 0 0 0
Maze 92
71 67 3.0454545455 2.1757616689 16 0.388445062596263
88 36 27 71 94 76 34 64 54 65 6 66 65 59 64 88
86 26 21 91 74 74 400 400 64 5 400 400 55 54 84
401 402 402 401 402 401 400 400 401 402 400 400 402 402 401
0 0 0 0 1 1 0 0 0 0
0 0 0 0 1 1 0 0 0 0
1 1 1 1 1 1 1 0 0 0
1 0 0 1 1 1 0 0 0 0
1 0 0 1 1 1 0 0 0 0
1 0 0 1 1 1 1 1 1 0
1 0 0 1 1 1 0 0 0 0
1 0 0 1 1 1 0 0 0 0
1 0 0 1 1 1 1 2 0 0
1 1 1 1 0 0 0 0 0 0
Maze 93
75 21 2.9787234043 2.2514178237 30 0.370160690286461
47 54 67 48 7 38 88 85 44 82 11 71 62 23 70 47
44 64 47 47 37 400 400 84 42 81 400 61 22 63 67
402 401 402 401 401 400 400 401 402 401 400 402 402 401 401
0 0 0 0 0 0 1 0 0 0
1 0 0 0 0 0 1 0 0 0
1 1 1 0 0 0 1 0 0 0
1 1 1 0 0 0 1 1 0 0
1 1 1 1 1 1 2 1 0 0
1 1 1 1 0 0 1 1 0 0
1 1 1 1 1 1 1 1 1 1
1 1 0 1 0 0 0 1 0 0
1 1 0 1 1 1 1 1 0 0
0 0 0 0 0 0 0 0 0 0
Maze 94
109 485 3.5272727273 2.1034755332 97 0.375560666402442
11 47 60 20 18 83 4 14 27 8 95 26 18 81 30 11
41 57 400 400 13 3 400 24 7 5 25 16 11 21 21
401 401 400 400 402 402 400 401 402 402 402 402 402 402 401
0 0 1 1 1 1 1 1 0 0
2 1 1 1 1 1 1 1 1 1
1 1 1 1 1 1 1 1 1 1
1 0 1 0 1 0 0 0 0 1
1 1 1 1 1 1 1 0 0 1
1 0 1 0 1 0 1 1 1 1
1 0 1 0 1 0 0 0 0 0
1 0 1 0 1 0 0 0 0 0
1 0 1 0 1 0 0 0 0 0
0 0 0 0 1 0 0 0 0 0
Maze 95
97 63 3.4347826087 1.8491949486 66 0.377772603142923
67 33 63 94 79 85 33 80 77 99 12 73 26 24 71 67
63 400 93 74 75 83 73 400 97 92 72 23 400 21 61
401 400 401 402 402 401 401 400 401 401 401 402 400 402 402
0 0 0 0 0 0 0 0 0 0
0 1 0 0 0 0 0 0 0 0
1 1 1 1 1 1 0 0 0 0
1 1 1 0 0 0 0 0 0 0
1 1 1 0 0 0 0 0 0 0
1 1 1 0 0 0 0 0 0 0
1 1 1 1 1 1 2 0 0 0
1 1 1 1 1 1 1 1 1 1
0 1 1 1 1 0 1 0 0 0
0 1 1 1 1 1 1 1 1 0
Maze 96
99 37 3.1803278689 2.3545269969 71 0.386603813143371
95 85 25 50 2 84 66 1 64 100 80 70 16 38 7 95
400 400 45 42 82 64 61 61 94 400 400 66 36 37 5
400 400 401 401 401 402 401 401 401 400 400 401 401 401 402
1 1 0 0 1 1 1 0 0 0
1 1 0 0 1 1 1 0 0 0
1 1 0 0 1 1 1 0 0 0
1 1 0 0 1 1 1 1 0 0
1 1 1 1 1 1 1 1 1 1
1 1 0 0 1 1 0 0 0 0
1 1 1 1 1 1 1 1 1 1
0 1 0 1 1 0 0 0 0 1
0 1 1 1 1 0 0 0 0 1
0 0 0 1 2 1 1 1 1 1
Maze 97
101 37 3.5510204082 1.9915147184 60 0.398371045044264
23 19 34 99 52 12 87 95 34 63 94 55 36 100 83 23
13 14 94 92 400 82 85 94 33 93 54 35 96 93 400
402 402 401 401 400 401 402 401 402 401 402 402 401 401 400
0 0 0 0 0 0 0 0 0 0
0 1 1 1 1 1 1 1 1 0
0 1 2 1 0 0 0 0 0 0
0 1 1 1 1 1 0 0 0 0
0 1 1 1 1 1 0 0 0 0
0 1 1 1 1 1 0 0 0 0
0 1 1 1 0 1 0 0 0 0
0 1 1 1 0 1 0 0 0 0
0 1 1 1 1 1 1 0 0 0
0 1 1 1 1 1 1 1 1 1
Maze 98
97 109 3.6888888889 2.0080830232 71 0.397751319338110
64 29 77 50 25 90 49 89 14 77 26 27 55 7 26 64
24 27 47 45 85 89 400 84 74 76 400 25 5 6 24
402 402 402 401 401 401 400 401 401 401 400 402 402 402 402
0 0 0 0 1 1 1 0 0 0
0 0 0 1 1 1 0 0 0 0
0 0 0 1 1 1 1 1 1 0
0 0 0 1 1 1 1 0 0 0
0 0 0 1 1 1 1 1 1 1
0 0 0 1 1 1 1 0 1 0
0 0 0 2 1 1 1 0 1 0
0 0 0 1 1 1 1 0 1 0
0 0 0 1 1 1 1 1 1 1
0 0 0 0 0 0 0 0 0 0
Maze 99
97 76 3.5102040816 2.1256661497 71 0.402793378013454
64 37 43 74 91 13 86 85 4 100 74 86 67 15 61 64
34 33 73 71 11 83 400 84 94 94 84 66 65 11 400
402 402 401 402 402 401 400 401 401 401 401 402 401 402 400
0 0 0 1 0 0 0 0 0 0
1 1 1 1 1 0 0 0 0 0
1 0 1 1 1 0 0 0 0 0
1 0 1 1 1 1 1 0 0 0
1 0 1 1 1 0 0 0 0 0
1 0 1 1 1 0 0 0 0 0
1 1 1 2 1 1 1 0 0 0
1 1 1 1 0 1 0 0 0 0
1 0 1 1 1 1 0 0 0 0
1 0 0 1 1 1 1 1 1 1
Maze 100
71 22 2.5714285714 2.2618421881 16 0.392574245185340
23 77 25 83 89 69 59 86 76 67 73 74 93 82 7 23
73 75 23 400 400 400 56 400 66 63 400 73 92 2 3
401 401 402 400 400 400 402 400 402 402 400 402 401 402 402
0 1 1 1 1 1 1 0 0 0
0 1 1 0 0 0 0 0 0 0
0 1 2 1 1 0 0 0 0 0
0 1 1 0 1 0 0 0 0 0
0 1 1 0 1 0 0 0 0 0
0 1 1 0 1 1 1 1 1 0
0 1 1 1 1 1 1 0 1 0
0 1 1 1 1 1 1 0 1 0
0 1 1 1 1 1 1 1 1 0
0 1 1 0 0 0 0 0 0 0
Maze 101
107 449 3.1481481481 1.9605856027 105 0.404483066824494
5 40 82 49 69 11 20 70 12 40 40 14 46 23 26 5
35 32 42 400 61 400 400 62 32 400 34 44 43 400 25
401 402 402 400 401 400 400 401 401 400 401 401 401 400 401
0 0 0 0 2 0 0 0 0 0
1 1 1 1 1 1 1 1 1 1
1 1 1 1 1 1 0 0 0 1
1 1 1 1 1 1 1 1 1 1
1 1 1 1 1 1 1 1 1 1
1 1 0 0 0 0 0 0 1 1
1 1 1 1 1 1 1 1 1 1
0 1 0 0 0 0 0 0 0 0
0 1 0 0 0 0 0 0 0 0
0 0 0 0 0 0 0 0 0 0
Maze 102
119 30 3.1864406780 2.0281993247 107 0.368495172282652
85 71 87 92 79 36 16 91 77 7 65 10 3 83 1 85
81 81 82 72 76 400 11 71 400 5 5 400 400 81 81
401 401 402 402 401 400 402 402 400 402 402 400 400 401 401
1 0 1 1 1 1 1 1 1 1
1 1 1 1 1 1 1 0 0 0
1 0 1 0 1 1 1 0 0 0
1 0 1 0 1 1 1 0 0 0
1 0 1 0 1 1 1 0 0 0
1 0 1 0 1 1 1 0 0 0
1 0 1 0 1 1 1 0 0 0
1 1 1 1 1 1 1 1 1 0
1 1 1 1 2 1 1 0 0 0
1 1 0 0 0 0 0 0 0 0
Maze 103
115 58 3.1379310345 1.9883738311 133 0.377167960082068
21 70 10 46 94 4 23 70 12 70 39 22 37 37 74 21
61 400 6 44 400 3 63 62 62 69 32 32 400 34 71
401 400 402 402 400 402 401 401 401 401 401 401 400 402 401
0 0 1 1 0 1 1 1 1 1
0 1 1 1 0 1 0 0 0 1
2 1 1 1 0 1 0 0 0 1
1 1 1 1 1 1 1 1 1 1
1 1 1 1 1 1 0 0 1 1
1 1 1 1 0 0 0 0 1 1
1 1 1 1 1 1 1 1 1 1
1 1 1 1 0 0 0 0 0 0
0 0 0 1 0 0 0 0 0 0
0 0 0 1 0 0 0 0 0 0
Maze 104
87 872 3.5744680851 2.2175054495 39 0.374606181620230
100 18 14 40 66 7 34 27 95 59 65 64 67 18 70 100
98 400 34 36 6 4 24 25 55 55 400 400 17 68 400
401 400 401 402 402 402 402 402 402 402 400 400 402 401 400
0 0 0 1 1 1 1 0 0 0
0 0 0 1 1 1 1 1 0 0
0 0 0 1 1 1 1 1 0 0
0 0 0 1 1 1 1 1 1 1
0 0 0 0 1 1 1 1 0 0
0 0 0 0 1 1 1 1 1 0
0 0 0 1 1 1 1 1 1 1
0 0 0 0 1 0 0 1 0 1
0 0 0 0 1 0 0 1 0 1
0 0 0 0 1 0 0 1 1 2
Maze 105
105 42 3.0625000000 2.2008977154 97 0.404357778234987
93 93 65 2 1 80 81 97 32 67 85 83 5 59 50 93
400 63 62 400 71 71 91 92 62 65 400 3 55 49 43
400 402 401 400 401 402 401 401 401 402 400 402 401 402 402
1 1 1 1 1 0 0 0 0 0
1 1 1 0 1 0 0 0 0 0
1 1 1 0 1 0 0 0 0 0
1 1 1 0 1 0 0 0 0 0
1 1 1 1 1 1 1 1 1 1
1 1 1 0 1 1 1 1 1 0
1 1 1 1 1 1 1 0 0 0
1 1 1 1 1 1 1 1 1 1
1 1 1 1 1 0 0 0 0 0
1 1 2 1 1 1 1 0 0 0
Maze 106
87 506 3.0740740741 2.2905166536 40 0.381152395555928
71 33 93 46 32 28 96 95 95 58 63 64 32 100 69 71
31 400 43 42 22 26 400 400 55 53 400 62 92 99 61
402 400 402 401 402 402 400 400 402 402 400 401 401 401 402
0 0 0 0 0 0 0 0 0 0
0 0 0 0 0 0 0 0 0 0
0 1 1 1 1 1 1 1 0 0
1 1 1 0 0 1 0 0 0 0
1 1 1 1 1 1 0 0 0 0
1 1 1 1 1 1 1 1 0 0
1 1 1 1 1 1 1 1 1 0
2 1 1 0 1 1 0 0 1 0
0 1 1 0 1 1 0 0 1 0
0 1 1 1 1 1 1 1 1 1
Maze 107
77 22 2.9200000000 2.2198464594 30 0.378431898868196
17 69 20 58 78 60 88 95 23 13 14 74 48 75 70 17
67 19 18 400 58 58 85 93 400 400 400 44 45 65 67
401 402 402 400 402 402 402 401 400 400 400 402 402 402 401
0 0 0 0 0 0 0 0 0 0
0 0 1 1 0 0 2 1 1 1
0 0 1 1 0 0 1 1 1 0
0 0 1 1 0 0 1 1 1 0
0 0 1 1 1 1 1 1 1 0
0 0 1 1 1 0 1 1 1 1
0 0 1 1 1 1 1 1 1 1
0 0 1 1 1 0 0 1 0 0
0 0 1 0 1 1 1 1 0 0
0 0 1 1 1 0 0 0 0 0
Maze 108
109 292 3.3684210526 2.1285007614 86 0.386232542464160
94 33 70 72 25 16 84 1 31 53 77 6 43 9 53 94
93 63 62 22 15 14 81 400 51 73 76 3 3 3 93
401 401 402 402 402 402 401 400 401 401 401 402 402 402 401
1 0 1 1 1 1 1 1 1 0
1 0 1 1 1 1 0 0 0 0
1 1 1 1 1 1 0 0 0 0
1 1 1 1 0 1 0 0 0 0
1 1 1 1 0 1 0 0 0 0
1 1 1 1 0 1 0 0 0 0
1 1 1 1 1 1 1 1 1 1
1 1 1 1 1 1 1 0 0 0
1 1 1 1 0 0 0 0 0 0
0 0 1 2 0 0 0 0 0 0
Maze 109
117 135 3.1228070175 1.9152217253 118 0.391884463930220
68 65 41 28 94 69 3 63 40 94 31 24 97 100 19 68
400 61 21 24 64 63 400 33 34 91 21 94 400 99 18
400 401 402 402 402 401 400 402 402 401 402 401 400 401 402
0 0 1 0 0 0 0 0 0 0
0 0 1 0 0 0 0 1 1 0
1 1 1 1 1 1 1 1 1 0
1 0 1 1 1 1 1 1 1 1
1 0 1 1 0 0 0 1 1 0
1 0 1 1 0 0 0 1 1 0
1 1 1 1 1 1 1 2 1 0
1 0 0 1 0 0 0 0 1 0
1 0 0 1 0 0 0 0 1 0
1 1 1 1 1 1 1 1 1 1
Maze 110
101 108 3.1000000000 2.2156916738 65 0.389447832391871
41 67 30 88 56 27 57 62 10 66 20 15 54 29 28 41
61 27 28 86 26 400 52 2 6 16 400 14 24 400 21
401 402 402 401 402 400 402 402 402 402 400 402 402 400 402
0 1 1 1 1 1 1 1 1 1
0 1 0 1 1 1 1 1 1 1
1 1 1 1 1 1 1 1 1 1
1 1 0 1 0 1 1 1 0 0
2 1 0 1 0 1 1 1 0 0
1 1 1 1 1 1 1 1 0 0
1 1 1 1 1 1 1 1 0 0
0 0 0 0 0 1 0 1 0 0
0 0 0 0 0 1 1 1 0 0
0 0 0 0 0 0 0 0 0 0
Maze 111
99 374 2.9841269841 2.2934131811 60 0.390612250513227
71 86 93 19 100 53 55 38 39 24 98 49 25 77 41 71
81 83 13 99 93 400 35 400 34 94 48 45 75 71 400
401 402 402 401 401 400 402 400 401 401 402 401 401 401 400
0 0 0 0 0 0 0 0 0 0
0 0 1 1 1 1 1 1 1 0
0 0 1 1 1 0 0 0 1 0
0 0 1 1 1 1 1 1 1 0
1 0 1 1 1 1 1 1 1 0
1 0 1 1 1 0 0 1 1 0
1 0 1 1 1 0 0 1 1 0
2 1 1 1 1 1 1 1 1 0
1 1 1 1 1 1 0 1 1 0
0 0 1 1 1 1 1 1 1 1
Maze 112
115 4801 3.1428571429 2.3192991945 133 0.389425361878936
26 74 86 9 63 49 12 57 5 8 100 91 91 18 55 26
24 84 6 3 43 42 52 55 400 98 400 400 11 15 25
402 401 402 402 402 401 401 401 400 401 400 400 402 402 402
0 0 1 1 1 1 1 1 1 0
1 1 1 1 1 1 1 1 0 0
1 1 1 1 1 2 0 1 0 0
1 1 1 1 1 1 0 1 0 0
1 1 1 1 1 1 1 1 1 0
1 1 1 1 1 1 1 1 0 0
1 0 1 1 0 1 0 1 0 0
1 0 0 1 0 1 0 1 0 0
1 0 0 1 1 1 0 1 0 0
1 1 1 1 1 1 1 1 1 1
Maze 113
87 187 3.2307692308 2.2356913271 44 0.397661108666791
2 26 6 42 52 41 88 88 16 78 98 68 15 39 95 2
22 400 2 400 51 81 400 86 76 400 400 65 35 35 92
401 400 402 400 401 401 400 401 401 400 400 401 401 402 401
0 2 1 1 1 1 0 0 0 0
0 1 0 0 1 1 0 0 0 0
0 1 1 1 1 1 0 0 0 0
0 1 0 0 1 1 1 1 1 0
1 1 0 0 1 1 0 0 0 0
1 1 0 0 1 1 0 0 0 0
1 1 0 0 1 1 1 1 0 0
1 1 0 0 1 1 1 1 0 0
1 1 1 1 1 1 1 1 0 0
0 1 1 1 1 0 0 1 0 0
Maze 114
85 66 3.4090909091 2.1157132875 27 0.380726643763000
14 25 54 52 20 21 12 12 76 1 22 25 88 65 31 14
24 24 400 12 11 11 400 72 71 21 400 85 85 61 11
401 402 400 402 402 402 400 401 401 401 400 401 401 401 402
1 0 0 0 0 0 0 0 0 0
1 1 1 2 1 1 1 1 1 1
1 1 1 1 1 0 0 0 0 0
1 1 0 1 1 0 0 0 0 0
1 1 0 1 1 0 0 0 0 0
1 1 1 1 1 0 0 0 0 0
1 1 1 1 1 0 0 0 0 0
1 1 1 1 1 1 0 0 0 0
0 0 0 0 1 1 1 1 0 0
0 0 0 0 0 0 0 0 0 0
Maze 115
89 510 3.4042553191 2.0656215146 50 0.379243792961098
87 77 41 58 86 74 16 88 64 63 45 65 29 55 3 87
400 71 51 56 84 14 86 84 400 43 400 25 25 53 83
400 401 401 402 401 402 401 401 400 402 400 402 402 401 401
0 0 1 0 0 0 0 0 0 0
0 0 1 1 1 1 0 0 0 0
0 0 1 1 1 1 1 1 1 0
0 0 1 1 1 1 0 0 0 0
1 0 1 1 1 1 0 0 0 0
1 1 1 1 1 1 1 1 0 0
1 0 1 1 1 1 0 0 0 0
1 1 1 1 1 1 1 0 0 0
0 0 1 1 1 1 2 1 0 0
0 0 0 0 0 0 0 0 0 0
Maze 116
117 3187 3.0140845070 2.3192991945 139 0.387415886001765
30 21 74 25 80 62 21 8 38 3 80 99 22 74 87 30
400 71 24 75 72 61 1 400 33 73 79 92 72 84 27
400 401 402 401 401 401 402 400 401 401 402 401 401 401 402
1 1 1 1 1 1 1 1 0 0
1 0 1 0 0 0 0 1 0 0
1 1 1 1 1 1 1 1 1 2
1 1 1 1 1 1 1 1 0 0
1 1 1 1 1 0 1 0 0 0
1 1 1 1 1 0 1 0 0 0
1 1 1 1 1 0 1 0 0 0
1 1 1 1 1 1 1 1 1 1
0 1 0 1 1 1 1 0 1 0
0 1 1 1 1 1 1 1 1 0
Maze 117
69 5 2.9767441860 2.2189857607 20 0.406043042159302
9 20 31 6 6 86 17 38 56 58 59 53 34 59 50 9
19 11 1 400 400 16 37 36 400 400 400 33 54 49 49
401 402 402 400 400 402 401 402 400 400 400 402 401 402 401
1 1 1 1 1 1 0 0 2 0
1 1 1 1 1 1 1 1 1 1
1 0 0 0 0 1 1 0 1 0
1 0 1 1 0 1 1 1 1 0
0 0 1 1 0 1 0 0 1 1
0 0 1 1 1 1 1 1 1 0
0 0 0 0 0 1 0 0 0 0
0 0 0 0 0 1 0 0 0 0
0 0 0 0 0 1 0 0 0 0
0 0 0 0 0 0 0 0 0 0
Maze 118
107 68 2.7936507937 2.1203770673 87 0.372682922869827
22 11 100 93 6 88 78 47 6 61 77 8 89 96 23 22
21 91 400 3 86 400 77 46 1 71 7 88 86 93 400
401 401 400 402 401 400 401 401 402 401 402 401 402 401 400
1 1 1 1 1 1 1 1 0 0
1 0 1 0 0 1 1 1 0 0
1 2 1 0 0 1 1 1 0 0
1 0 1 0 0 1 1 1 0 0
1 0 1 0 0 1 1 1 0 0
1 0 1 0 0 1 1 1 0 0
1 0 1 0 0 1 1 1 0 0
1 1 1 1 1 1 1 1 0 0
1 0 1 0 0 1 1 1 1 0
1 1 1 1 1 1 1 1 1 1
Maze 119
105 366 3.0000000000 2.3042544399 97 0.375143851919638
46 98 61 44 99 10 39 17 63 60 62 44 14 10 75 46
96 91 41 94 9 9 37 13 53 52 42 400 4 5 45
401 401 402 401 402 402 401 402 402 402 402 400 402 402 402
0 0 0 1 1 1 1 1 1 1
0 0 1 1 1 1 1 0 1 0
0 0 1 1 1 0 1 0 1 0
0 0 1 1 1 0 1 1 1 0
1 1 1 1 1 2 0 0 1 0
1 1 1 1 1 1 1 1 1 1
1 1 1 1 1 1 0 0 1 0
1 0 0 1 1 1 0 0 1 0
1 0 0 1 0 1 0 0 1 0
1 1 1 1 1 1 1 1 1 0
Maze 120
117 554 3.4716981132 1.9619862938 133 0.377596969354888
21 87 79 13 28 42 3 61 76 27 71 49 85 82 48 21
81 77 73 23 22 2 1 71 26 21 41 45 400 42 41
401 402 401 401 402 402 402 401 402 402 402 402 400 402 401
1 1 1 0 0 0 0 0 0 0
1 1 1 0 0 0 0 0 0 0
2 1 1 1 1 1 1 1 0 0
1 1 1 0 0 1 0 0 0 0
1 1 1 1 1 1 1 1 1 0
1 1 1 0 1 1 0 0 0 0
1 1 1 0 1 1 0 0 0 0
1 1 1 1 1 1 1 1 1 0
1 1 1 1 1 1 1 0 0 0
0 0 0 0 0 0 0 0 0 0
Maze 121
95 158 2.7540983607 2.2853392385 60 0.387204093926823
41 91 21 53 75 36 2 86 40 90 44 33 6 45 91 41
400 400 51 73 35 32 82 36 400 84 43 3 5 41 400
400 400 401 401 402 401 401 402 400 401 401 402 402 402 400
0 1 1 1 1 1 0 0 0 0
0 1 1 0 1 0 0 0 0 0
1 1 1 0 1 0 0 0 0 0
1 1 1 1 1 1 1 1 1 1
2 1 1 1 1 1 0 0 0 1
1 1 1 1 1 1 0 0 0 1
1 1 1 1 1 1 0 0 0 1
1 1 1 1 1 1 0 0 0 1
1 1 1 1 1 1 1 1 1 1
1 0 0 0 0 0 0 0 0 0
Maze 122
105 384 3.0158730159 2.1775736601 87 0.398554510712165
51 60 59 53 48 97 92 35 22 87 34 9 10 97 3 51
400 400 400 43 47 400 32 32 82 84 4 400 7 93 1
400 400 400 402 402 400 402 401 401 401 402 400 402 401 402
1 1 1 1 1 1 1 1 1 1
1 0 1 1 0 0 1 0 0 0
1 1 1 1 0 0 1 0 0 0
1 1 1 1 1 0 1 0 0 0
1 1 1 1 1 1 1 1 0 0
2 1 1 1 1 1 1 1 1 1
0 1 1 1 0 0 1 0 0 0
0 1 1 1 0 0 1 0 0 0
0 1 1 1 1 1 1 0 0 0
0 1 1 1 1 1 1 0 0 0
Maze 123
99 195 3.1272727273 2.0800979812 77 0.390879424502578
33 17 54 61 37 4 57 85 60 38 26 72 37 58 100 33
13 14 51 31 34 54 55 55 58 36 22 32 57 98 93
402 402 402 402 401 401 402 402 401 401 402 402 401 401 401
0 0 0 1 0 0 0 0 0 0
0 0 1 1 1 1 1 0 0 0
0 1 1 1 1 1 0 0 0 0
1 1 2 1 1 1 1 1 0 0
1 1 1 1 0 0 1 1 0 0
1 1 1 1 1 1 1 1 1 1
1 1 1 0 1 0 0 1 0 0
0 1 1 0 1 0 0 1 0 0
0 0 1 0 1 0 0 1 0 0
0 0 1 1 1 1 1 1 1 1
Maze 124
101 565 2.9846153846 2.3345177095 71 0.377422959407602
32 72 80 99 21 54 20 18 77 49 71 88 37 86 67 32
400 400 79 91 51 14 400 17 47 41 81 87 36 66 62
400 400 402 401 401 402 400 402 402 402 401 401 402 402 401
0 0 0 0 0 0 0 0 0 0
0 0 0 1 1 1 1 1 1 1
1 0 0 1 0 0 1 0 0 0
1 2 0 1 0 1 1 0 0 0
1 1 1 1 1 1 1 1 1 0
1 1 1 1 0 1 1 0 0 0
1 1 1 1 1 1 1 0 0 0
1 1 1 1 1 1 1 1 1 1
1 1 1 1 1 1 1 1 1 0
1 1 1 1 1 1 1 1 1 0
Maze 125
99 71 2.5937500000 2.1009189107 60 0.387008808628798
20 39 60 44 68 38 51 43 2 26 36 53 100 38 91 20
19 59 54 64 400 31 41 42 22 400 33 93 98 31 11
402 401 401 401 400 402 402 401 401 400 402 401 401 402 402
0 1 0 0 0 0 0 0 0 0
1 1 1 1 1 1 1 1 1 2
1 1 1 1 1 1 0 0 1 0
1 1 1 1 1 1 1 1 1 0
1 1 1 1 0 0 0 1 1 0
1 0 1 1 1 1 1 1 1 1
1 0 1 1 1 1 1 1 0 0
1 0 1 0 0 0 0 1 0 0
1 0 1 0 0 0 0 1 0 0
1 0 1 1 1 1 1 1 1 1
Maze 126
121 523 3.8545454545 2.1167699306 156 0.391581598963755
34 83 4 59 62 5 30 91 68 1 11 30 6 37 51 34
33 3 54 52 2 25 21 61 61 400 21 26 36 31 31
402 402 401 402 402 401 402 402 401 400 401 401 401 402 402
1 1 1 1 1 1 0 0 0 0
1 1 1 1 1 1 0 0 0 0
1 1 1 1 1 1 1 1 1 1
1 1 1 2 1 1 1 0 0 0
1 1 1 1 0 0 0 0 0 0
1 1 1 1 1 1 1 1 1 0
1 1 1 1 1 1 1 1 0 0
1 0 1 0 0 0 0 0 0 0
1 0 1 0 0 0 0 0 0 0
1 0 0 0 0 0 0 0 0 0
Maze 127
105 12 3.5000000000 1.9283672442 35 0.379457221364751
32 69 64 74 91 70 99 100 80 92 5 64 10 82 23 32
62 400 400 71 61 69 400 400 72 2 4 4 2 22 22
401 400 400 402 402 402 400 400 402 402 402 402 402 402 402
0 1 1 1 1 1 1 1 1 1
0 1 0 1 0 0 0 0 0 0
0 1 1 1 0 0 0 0 0 0
0 2 0 1 0 0 0 0 0 0
0 1 0 1 0 0 0 0 0 0
0 1 0 1 0 0 0 0 0 0
1 1 1 1 1 1 1 1 1 1
1 1 1 1 1 1 1 1 1 1
1 1 0 0 0 0 0 0 1 1
1 1 0 0 0 0 0 0 1 1
Maze 128
105 97 3.6326530612 2.0022860393 79 0.384358771736326
85 40 21 66 97 97 68 4 39 4 88 89 39 90 51 85
35 31 61 96 400 67 64 34 34 84 400 400 89 81 81
402 401 401 401 400 402 401 401 401 401 400 400 401 401 401
0 0 0 1 0 0 0 0 0 0
0 0 0 1 0 0 0 0 0 0
1 0 0 1 0 0 0 0 0 0
1 1 1 1 1 1 1 1 1 1
1 0 0 1 1 0 0 0 1 0
1 0 0 1 1 0 0 0 1 0
1 1 1 1 1 1 1 1 1 0
1 0 0 1 1 1 1 0 1 0
1 1 1 1 2 1 1 1 1 1
0 0 0 0 0 1 1 0 0 0
Maze 129
93 178 2.9206349206 2.3560508276 45 0.374772172316563
12 80 86 48 19 47 85 83 39 28 23 17 76 91 4 12
72 76 46 18 17 45 400 33 38 400 13 16 71 1 2
401 402 402 402 402 402 400 402 401 400 402 402 402 402 402
1 1 1 1 0 0 0 0 0 0
1 2 1 1 1 1 1 1 1 0
1 1 1 1 1 1 1 1 0 0
1 1 1 1 1 1 1 1 1 0
1 1 1 0 1 1 1 1 0 0
1 1 1 0 1 1 0 0 0 0
1 1 1 0 1 1 0 0 0 0
1 1 1 1 1 1 1 1 1 1
1 0 1 1 1 1 0 0 0 0
1 0 0 0 0 0 0 0 0 0
Maze 130
109 150 3.3571428571 2.1042567993 105 0.384088490968191
46 84 39 10 26 86 43 87 50 74 69 92 44 99 83 46
44 34 9 6 400 83 83 47 44 64 62 42 94 93 43
402 402 402 402 400 401 401 402 402 402 402 402 401 401 402
0 0 0 0 0 1 1 1 1 1
0 0 0 0 0 1 0 0 1 0
0 0 0 0 0 1 0 0 1 0
0 0 0 1 1 1 1 1 1 0
0 1 1 1 1 2 1 1 1 1
0 1 1 1 0 1 1 0 0 0
0 1 1 1 1 1 1 1 1 0
0 1 1 1 0 1 1 0 0 0
0 1 1 1 1 1 1 0 0 0
0 1 1 1 1 1 1 1 1 0
Maze 131
101 71 3.5918367347 2.0813772350 84 0.385341265521771
49 46 76 41 27 2 76 26 18 81 76 16 63 39 55 49
400 400 71 21 22 72 400 16 11 71 400 13 33 35 45
400 400 401 402 401 401 400 402 402 402 400 402 402 402 402
0 1 0 0 0 0 0 0 0 0
1 1 1 1 1 1 1 1 0 0
1 1 1 1 1 1 1 0 0 0
1 1 1 1 1 1 1 1 1 0
1 1 1 0 1 1 1 1 2 0
1 1 1 0 1 1 0 0 0 0
1 1 1 0 0 1 0 0 0 0
1 1 1 1 1 1 0 0 0 0
1 0 0 0 0 0 0 0 0 0
0 0 0 0 0 0 0 0 0 0
Maze 132
89 3 3.2244897959 2.1530782366 40 0.378304438104363
96 99 71 7 4 72 75 52 22 23 59 15 59 62 72 96
400 91 1 400 2 400 72 400 400 53 55 55 52 400 92
400 401 402 400 402 400 401 400 400 401 401 401 402 400 401
1 1 1 1 1 1 1 0 0 0
1 1 0 0 1 0 0 0 0 0
1 1 1 0 1 0 0 0 0 0
1 1 1 0 1 0 0 0 0 0
1 1 1 0 1 0 0 0 0 0
1 1 1 1 1 1 1 1 1 0
1 1 0 0 0 0 0 0 0 0
1 1 1 1 1 0 0 0 0 0
1 1 0 0 0 0 0 0 0 0
1 1 1 1 1 2 1 1 1 0
Maze 133
93 46 3.0384615385 2.0383100066 44 0.376998425895539
71 73 23 50 27 89 32 40 67 23 7 73 76 67 53 71
400 400 43 47 87 82 400 37 63 3 3 400 66 63 51
400 400 401 401 401 401 400 402 401 402 402 400 402 401 402
0 0 1 1 1 1 1 0 0 0
0 0 1 0 0 0 0 0 0 0
0 0 1 0 0 0 1 0 0 0
0 1 1 1 1 1 1 1 1 1
0 1 1 1 1 1 1 1 1 1
1 1 1 0 0 0 1 0 0 0
1 1 1 1 1 1 1 0 0 0
2 1 1 1 1 1 1 0 0 0
0 1 1 1 1 1 1 1 1 0
0 0 0 0 0 0 0 0 0 0
Maze 134
105 370 3.6400000000 2.0859079180 78 0.374550124288931
23 74 17 14 46 79 35 32 20 95 65 11 1 77 91 23
73 14 400 44 76 75 400 12 15 400 61 400 71 71 21
401 402 400 401 401 401 400 402 402 400 401 400 401 402 402
1 0 0 0 0 0 0 0 0 0
1 1 1 1 1 1 1 1 1 1
1 1 2 1 1 0 0 0 0 0
1 1 1 1 1 0 0 0 0 0
1 0 1 1 1 1 0 0 0 0
1 0 1 1 1 1 0 0 0 0
1 1 1 1 1 1 0 0 0 0
1 1 1 1 1 1 1 1 1 0
1 0 0 0 1 0 0 0 0 0
1 0 0 0 1 0 0 0 0 0
Maze 135
113 25 3.2203389831 2.0833756176 75 0.382675408090623
96 81 12 17 64 70 80 2 74 7 13 9 62 69 26 96
91 11 400 14 400 400 72 72 4 3 3 2 400 66 400
401 402 400 402 400 400 401 401 402 402 402 402 400 401 400
0 1 1 1 1 1 1 1 1 0
1 1 1 1 1 1 1 0 0 0
1 1 0 1 0 1 0 0 0 0
1 1 0 1 0 1 0 0 0 0
1 1 0 1 0 1 0 0 0 0
1 1 0 1 0 1 0 0 0 0
1 1 1 1 1 1 1 1 1 1
1 1 1 1 1 1 1 1 1 1
1 0 0 0 0 1 0 0 0 0
1 1 1 1 1 2 0 0 0 0
Maze 136
103 90 3.6470588235 2.0447947784 66 0.392195413656447
35 47 28 6 42 33 17 83 85 60 4 70 52 5 83 35
45 27 26 2 32 13 13 400 55 54 64 62 2 3 33
401 402 401 402 402 402 402 400 402 401 401 401 402 402 402
0 1 1 1 1 1 0 0 0 0
0 1 1 1 1 1 1 0 0 0
0 1 1 1 0 1 1 1 0 0
0 1 1 1 2 0 1 0 0 0
0 1 1 1 1 1 1 0 0 0
0 1 1 1 1 1 1 1 1 1
0 1 1 1 1 1 1 1 1 1
0 0 1 0 1 0 0 0 0 0
0 0 1 1 1 0 0 0 0 0
0 0 0 0 0 0 0 0 0 0
Maze 137
99 270 2.7878787879 2.3985436111 77 0.389253521802620
15 31 10 20 80 68 88 67 5 72 78 93 44 7 99 15
11 1 400 400 78 400 87 65 2 400 73 43 4 97 95
402 402 400 400 401 400 401 401 402 400 402 402 402 401 401
1 1 1 1 1 1 1 1 1 1
1 1 1 1 2 0 1 0 0 1
1 1 0 1 1 0 1 0 0 1
1 1 0 1 1 0 1 0 0 1
0 1 1 1 1 0 1 0 0 1
0 1 1 0 1 0 1 0 0 1
0 1 1 0 1 1 1 1 0 1
0 1 1 1 1 1 1 1 1 1
0 0 1 0 1 0 1 1 0 0
0 0 1 0 1 1 1 1 1 0
Maze 138
89 16 3.0000000000 2.3524225091 41 0.382957052968694
37 89 77 74 53 99 2 81 65 86 70 27 29 89 80 37
87 87 400 73 93 92 1 61 85 66 67 400 400 79 77
401 401 400 401 401 401 402 402 401 402 401 400 400 402 401
1 1 0 0 0 0 0 0 0 0
1 1 0 0 0 0 0 0 0 0
1 1 0 0 0 0 1 1 1 0
1 1 0 0 0 0 2 0 1 0
1 1 0 0 0 0 1 0 1 0
1 1 1 0 0 0 1 0 1 0
1 1 1 1 1 1 1 1 1 1
1 1 1 1 1 1 1 1 1 1
1 1 1 0 1 1 1 1 1 0
0 1 1 1 1 1 1 1 1 0
Maze 139
91 359 3.0357142857 2.3425345807 44 0.390796919478470
75 1 54 33 51 92 22 14 8 63 31 47 29 88 35 75
71 51 53 31 91 400 12 4 3 61 41 27 28 85 400
401 401 401 402 401 400 402 402 402 401 401 402 402 401 400
1 0 1 1 1 1 1 1 0 0
1 1 1 1 0 0 0 0 0 0
1 1 1 0 0 0 1 1 1 0
1 1 1 0 1 0 1 1 0 0
1 1 1 1 1 1 1 1 0 0
1 1 1 1 1 0 0 1 0 0
1 1 1 0 1 0 0 1 0 0
1 1 1 1 2 0 0 1 0 0
1 1 0 0 1 1 1 1 0 0
1 1 0 0 0 0 0 0 0 0
Maze 140
75 13 3.3181818182 2.2175860664 18 0.365494560670002
34 48 30 30 27 27 78 67 39 100 79 21 96 80 49 34
44 28 400 400 400 77 77 37 99 99 71 91 76 79 44
401 402 400 400 400 401 401 402 401 401 401 401 402 401 401
0 0 0 0 0 0 0 0 0 0
0 0 0 0 0 0 0 0 0 0
1 0 0 0 0 0 1 1 1 1
1 0 0 2 0 0 1 1 1 0
1 0 0 1 1 1 1 1 1 0
1 0 0 0 0 0 1 0 1 0
1 0 0 0 0 0 1 0 1 0
1 1 1 1 1 1 1 1 1 1
1 0 0 0 0 1 0 0 1 0
1 1 1 1 1 1 0 0 1 1
Maze 141
91 279 3.1481481481 2.1936411298 39 0.378225522127451
25 49 64 92 55 20 87 100 98 99 38 31 2 68 5 25
45 44 62 52 15 17 97 400 400 98 400 1 62 65 400
401 402 402 402 402 402 401 400 400 401 400 402 401 401 400
1 1 0 0 1 0 0 0 0 0
1 1 0 0 1 1 1 1 1 1
1 1 0 0 2 0 1 0 0 0
1 1 1 1 1 1 1 1 0 0
0 1 0 1 1 1 1 1 1 0
0 1 1 1 1 0 1 1 0 0
0 1 1 1 1 1 1 1 0 0
0 1 0 0 0 0 1 1 0 0
0 1 0 0 0 0 1 1 0 0
0 1 0 0 0 0 1 1 1 1
Maze 142
75 118 2.8571428571 1.9582225035 35 0.356935595264394
78 58 35 84 80 48 34 27 38 23 65 27 94 82 63 78
400 55 34 74 78 44 24 37 33 63 25 24 92 62 73
400 401 402 402 401 401 402 401 401 401 402 402 401 402 401
0 0 0 0 0 0 0 0 0 0
0 0 0 0 0 0 0 0 0 0
0 0 1 1 1 1 1 0 0 0
0 0 1 1 1 1 1 1 0 0
0 0 1 1 1 1 1 1 0 0
0 0 1 1 1 1 1 1 0 0
0 1 1 1 1 0 0 1 0 0
0 1 1 1 1 1 1 2 1 1
0 1 0 1 0 0 0 0 0 0
0 1 1 1 0 0 0 0 0 0
Maze 143
91 42 3.4761904762 1.8660355590 31 0.378627695319226
15 84 36 55 25 80 4 28 43 3 53 45 77 84 81 15
14 34 35 400 75 74 24 23 400 400 43 75 74 400 11
402 402 402 400 401 401 401 402 400 400 402 401 402 400 402
0 0 1 1 0 0 0 0 0 0
1 1 1 1 2 0 0 0 0 0
1 0 1 1 1 1 1 1 0 0
1 0 1 1 1 1 0 0 0 0
1 0 1 1 1 0 0 0 0 0
1 0 1 1 1 0 0 0 0 0
1 0 0 1 1 0 0 0 0 0
1 0 0 1 1 1 1 1 1 1
1 1 1 1 0 0 0 0 0 0
0 0 0 0 0 0 0 0 0 0
Maze 144
115 28 3.2830188679 1.8082709821 127 0.403665422921287
67 86 20 58 82 43 75 100 61 100 23 76 66 19 85 67
66 16 18 52 42 73 95 91 91 93 73 400 16 15 65
402 402 402 402 402 401 401 401 401 401 401 400 402 402 402
0 0 0 0 0 0 0 0 0 0
0 0 0 0 1 1 1 1 1 1
0 0 1 0 1 1 0 1 0 0
0 0 1 0 1 1 0 1 0 0
0 1 1 0 1 1 0 1 0 0
0 1 1 1 1 1 1 1 0 0
1 1 1 0 1 1 2 0 0 0
1 1 1 1 1 1 0 0 0 0
1 1 1 0 1 1 0 0 0 0
1 1 1 1 1 1 1 1 1 1
Maze 145
87 485 3.0612244898 2.0559191449 45 0.368052873039752
46 85 33 24 38 37 22 26 50 20 52 57 31 39 51 46
45 83 23 34 400 32 400 46 400 12 400 51 400 31 41
402 401 402 401 400 401 400 401 400 402 400 401 400 402 402
0 0 0 0 0 0 0 0 0 0
0 1 1 1 1 1 1 1 1 1
0 1 1 1 1 1 0 0 0 1
1 1 1 1 1 1 1 1 1 1
1 1 1 1 1 2 1 1 1 1
1 1 1 1 1 1 1 0 0 0
0 0 1 0 1 0 0 0 0 0
0 0 1 0 1 0 0 0 0 0
0 0 1 1 1 0 0 0 0 0
0 0 0 0 0 0 0 0 0 0
Maze 146
105 36 3.5918367347 1.9504518972 85 0.373559547431025
6 70 64 77 44 78 80 29 12 29 85 100 72 94 100 6
66 400 74 74 74 400 79 22 22 25 95 92 92 400 96
401 400 401 401 401 400 401 401 401 402 401 401 401 400 401
0 0 0 0 0 2 0 0 0 0
0 1 0 0 0 1 0 0 0 0
0 1 1 1 1 1 1 1 1 0
0 0 0 0 1 1 0 0 1 0
0 0 0 1 1 1 0 0 1 0
0 0 0 1 1 1 0 0 1 0
0 0 0 1 1 1 1 1 1 1
0 1 0 1 1 1 1 1 1 1
0 1 0 0 1 1 0 0 0 0
0 1 1 1 1 1 1 1 1 1
Maze 147
87 209 3.0714285714 2.2941458740 45 0.387477169043750
32 1 7 29 50 50 58 6 75 40 64 56 70 91 25 32
31 400 27 49 400 48 56 5 35 34 54 66 61 21 22
401 400 401 401 400 402 401 402 402 402 402 401 402 402 402
1 1 1 1 1 1 1 0 0 0
1 0 0 0 1 1 1 0 0 0
1 1 1 1 1 1 1 1 1 0
1 2 0 1 1 1 1 1 1 1
1 0 0 1 1 1 0 1 1 1
1 0 0 1 1 1 1 1 0 0
1 1 1 1 1 1 1 1 1 1
1 0 0 0 1 0 0 0 0 0
1 0 0 0 0 0 0 0 0 0
1 0 0 0 0 0 0 0 0 0
Maze 148
105 472 3.3703703704 2.1237448862 98 0.376186403252801
26 55 91 21 30 65 89 87 28 54 15 81 80 72 3 26
25 51 400 400 25 85 400 27 24 14 11 71 400 2 23
402 402 400 400 402 401 400 402 402 402 402 402 400 402 401
0 1 1 0 0 0 0 0 0 0
1 1 1 1 1 0 0 0 0 0
1 1 1 1 1 2 1 1 1 1
1 1 0 1 1 0 1 0 0 0
1 1 0 1 1 0 1 0 0 0
1 1 1 1 1 0 1 0 0 0
1 1 0 0 1 0 1 0 0 0
1 1 1 1 1 1 1 1 1 1
1 0 0 0 1 1 1 1 1 0
1 0 0 0 0 0 0 0 0 0
Maze 149
87 3139 2.7017543860 2.2087334001 45 0.373399424273339
34 69 28 33 68 48 15 6 96 53 23 71 58 18 31 34
64 68 23 63 400 45 5 400 93 400 21 51 400 11 400
401 401 402 401 400 401 402 400 401 400 402 402 400 402 400
0 0 0 0 1 1 0 0 0 0
1 1 1 1 1 1 1 1 0 0
1 1 1 1 1 1 1 1 0 0
1 1 1 2 1 1 0 1 0 0
1 0 1 1 1 1 1 1 0 0
1 1 1 1 1 1 1 1 0 0
1 0 1 1 1 1 1 1 1 0
1 0 1 0 0 1 0 0 0 0
0 0 1 0 0 1 0 0 0 0
0 0 1 1 1 1 0 0 0 0
Maze 150
101 181 3.3454545455 2.1256024605 54 0.387545676543068
90 72 61 56 20 59 21 82 36 35 99 64 33 59 74 90
82 71 51 16 19 51 81 32 400 95 94 63 53 54 84
401 401 402 402 402 401 401 402 400 401 401 401 401 402 401
0 0 0 0 0 0 0 0 0 0
0 0 0 0 0 1 1 1 1 1
1 0 0 0 0 1 0 0 1 0
1 1 1 1 1 1 0 0 1 0
1 1 1 0 1 1 0 0 1 0
1 1 1 1 1 1 1 1 1 0
1 1 1 1 1 0 0 0 0 0
1 1 0 1 1 0 0 0 0 0
1 1 1 1 1 1 1 1 1 2
0 0 0 1 1 1 1 1 1 0
Maze 151
103 114 3.4693877551 1.9324955550 77 0.388887908578806
19 60 74 22 17 43 40 15 52 23 56 3 32 49 31 19
59 54 72 12 13 33 35 12 22 53 53 2 42 41 11
401 402 401 402 402 402 401 402 402 401 401 402 401 401 402
0 1 1 0 0 0 0 0 0 0
1 1 1 1 1 1 1 1 2 0
1 1 1 0 1 0 0 0 1 0
1 1 1 1 1 1 1 1 1 1
1 1 1 1 1 1 1 1 1 0
0 1 1 1 1 1 1 1 1 1
0 1 0 1 0 0 0 0 0 0
0 1 1 1 0 0 0 0 0 0
0 0 0 0 0 0 0 0 0 0
0 0 0 0 0 0 0 0 0 0
Maze 152
121 196 2.8611111111 2.1515137690 139 0.394796305763431
24 60 88 94 60 92 100 64 30 80 32 94 21 19 40 24
54 58 84 54 52 400 94 24 400 72 92 91 11 39 34
401 402 402 402 402 400 401 402 400 401 401 401 402 401 401
0 0 0 0 0 0 0 0 0 0
1 1 1 1 1 1 1 1 1 0
1 0 0 2 1 1 1 1 1 1
1 1 0 1 1 1 1 1 1 1
1 1 0 1 0 0 0 0 0 1
1 1 1 1 1 1 1 1 1 1
1 1 0 1 0 0 0 1 0 1
1 1 1 1 1 1 1 1 1 1
1 1 0 1 1 1 1 1 0 0
1 1 1 1 1 1 1 1 1 1
Maze 153
95 44 2.8571428571 2.1702024648 66 0.368887724824896
61 25 84 31 92 98 19 51 95 68 64 46 64 43 56 61
21 24 81 91 400 18 11 91 65 400 44 44 63 53 51
402 402 401 401 400 402 402 401 402 400 402 402 401 401 402
0 0 0 0 0 0 0 0 0 0
1 1 1 1 1 1 1 1 1 0
1 1 1 1 1 0 0 1 0 0
1 0 0 1 0 0 0 1 0 0
1 0 1 1 1 1 0 1 0 0
1 1 1 1 1 1 0 1 0 0
2 0 1 1 1 1 1 1 0 0
1 0 0 1 1 0 0 1 0 0
1 1 1 1 1 0 0 1 0 0
1 1 1 1 1 1 1 1 0 0
Maze 154
89 6 2.7924528302 2.0576317263 45 0.380494964073357
41 62 84 44 16 3 20 79 70 89 27 53 91 71 20 41
61 82 400 14 13 13 19 69 69 87 23 51 400 11 11
401 401 400 402 401 401 402 402 402 401 402 402 400 402 402
0 0 1 0 0 0 0 0 0 0
1 1 1 1 1 1 1 1 1 1
1 0 1 1 1 1 1 0 1 0
1 0 1 1 0 0 1 0 1 0
2 0 1 1 0 0 1 0 1 0
1 1 1 1 0 0 1 0 1 0
1 1 0 1 0 0 1 0 1 1
1 1 0 1 0 0 1 0 1 0
1 1 1 1 0 0 1 1 1 0
1 0 0 0 0 0 0 0 0 0
Maze 155
85 36 3.2000000000 1.9936185648 56 0.392611138683607
46 92 52 39 49 88 73 50 46 85 37 31 35 28 88 46
42 400 32 400 48 83 43 400 45 35 400 400 25 400 86
402 400 402 400 402 401 402 400 402 402 400 400 402 400 401
0 0 0 0 0 0 0 0 0 0
0 0 0 0 0 0 0 0 0 0
0 0 0 0 1 1 1 1 0 0
1 1 1 1 1 1 1 1 1 0
0 1 1 1 1 2 1 1 1 1
0 1 1 0 1 1 0 1 0 0
0 1 1 0 1 1 0 1 0 0
0 1 1 0 1 1 0 1 0 0
0 1 1 1 1 1 1 1 0 0
0 1 0 0 0 0 0 0 0 0
Maze 156
97 17 3.0196078431 2.0359730652 77 0.397322308965649
86 32 53 5 69 33 15 20 95 15 19 46 29 50 26 86
82 52 3 65 63 13 400 15 400 400 16 26 49 46 400
401 401 402 401 401 402 400 402 400 400 402 402 401 401 400
0 0 1 1 1 0 0 0 0 0
0 0 1 1 1 1 1 1 1 1
0 0 1 0 1 1 1 1 1 0
0 1 1 0 1 1 0 0 1 0
0 1 1 0 1 1 1 1 1 1
0 1 1 0 1 1 0 0 0 0
0 1 1 1 1 1 1 1 1 0
0 1 0 0 1 1 0 0 0 0
0 1 1 1 1 2 0 0 0 0
0 0 0 0 1 0 0 0 0 0
Maze 157
85 37 3.1489361702 2.1229762053 29 0.377095666792166
8 84 89 96 98 32 42 35 1 88 87 94 21 12 12 8
4 400 86 400 92 400 32 31 81 400 84 91 11 400 2
402 400 402 400 401 400 402 401 401 400 402 401 402 400 402
1 1 1 1 1 1 1 2 0 0
1 1 0 1 0 0 0 0 0 0
1 0 0 1 0 0 0 0 0 0
1 1 1 1 1 0 0 0 0 0
1 1 0 1 0 0 0 0 0 0
1 1 0 1 0 0 0 0 0 0
1 1 0 1 0 0 0 0 0 0
1 1 0 1 0 0 0 0 0 0
1 1 1 1 1 1 1 1 1 0
1 1 1 1 1 1 1 1 0 0
Maze 158
73 119 3.0952380952 2.1142423885 16 0.403773537943730
73 75 57 64 41 32 76 64 91 68 37 33 17 67 36 73
400 55 54 61 31 72 74 61 61 67 400 13 400 66 33
400 402 402 401 402 401 401 402 402 401 400 402 400 401 402
0 0 0 0 0 0 0 0 0 0
0 0 1 1 1 1 1 0 0 0
0 0 1 0 0 0 1 0 0 0
1 1 1 1 1 1 1 0 0 0
1 1 1 0 0 1 1 0 0 0
1 1 1 1 1 1 1 0 0 0
1 1 1 1 1 1 1 1 0 0
1 1 2 1 1 1 0 0 0 0
1 0 0 0 0 0 0 0 0 0
1 0 0 0 0 0 0 0 0 0
Maze 159
103 430 3.3333333333 2.3082585795 65 0.381889238290574
96 38 78 99 85 5 48 72 4 11 32 70 53 4 10 96
36 400 98 95 400 45 42 2 1 31 62 63 3 400 6
402 400 401 401 400 401 402 402 402 401 401 401 402 400 402
1 1 1 1 1 1 1 1 1 1
1 1 1 0 1 1 0 0 0 0
1 1 1 0 1 1 0 0 0 0
1 1 1 0 1 1 1 1 0 0
0 1 1 1 1 1 1 1 0 0
0 1 1 0 1 1 0 1 0 0
0 1 1 1 1 1 1 1 1 1
0 1 0 0 1 1 0 1 0 0
0 0 0 0 1 1 0 1 0 0
0 0 0 0 1 2 1 1 1 0
Maze 160
83 36 2.6896551724 2.3425345807 22 0.380507806036939
35 49 10 15 66 75 90 33 62 95 70 79 82 82 5 35
45 9 5 65 65 85 83 32 92 65 69 72 400 2 400
401 402 402 401 402 401 401 402 401 402 402 402 400 402 400
0 1 1 1 1 1 1 1 1 1
0 1 0 0 1 0 0 0 1 0
0 1 0 0 1 0 0 0 1 0
0 1 1 0 2 0 0 0 1 0
0 1 1 0 1 1 1 1 1 0
0 1 1 0 1 0 0 0 0 0
0 1 1 0 1 1 1 1 1 1
0 1 1 1 1 1 1 1 1 0
0 1 1 1 1 1 1 1 1 1
0 1 1 1 1 0 0 0 0 0
Maze 161
103 45 2.8474576271 2.0393976077 43 0.385357486896505
29 32 32 36 55 86 3 74 39 5 98 23 42 100 20 29
22 400 400 35 85 83 73 34 35 95 93 22 92 400 19
402 400 400 402 401 401 401 402 401 401 401 402 401 400 402
0 0 1 0 1 0 0 0 0 0
0 0 1 0 1 0 0 0 1 1
0 1 1 1 1 1 1 1 2 1
0 1 1 1 1 1 1 1 1 1
0 1 1 1 1 0 0 0 0 1
0 1 1 1 1 0 0 0 0 1
0 1 1 1 1 0 0 0 0 1
0 1 1 1 1 0 0 0 0 1
0 1 1 1 1 1 0 0 0 1
0 1 1 1 1 1 1 1 1 1
Maze 162
93 36 3.0384615385 2.0876399738 50 0.399663312140450
26 41 68 49 16 100 41 69 76 17 47 45 13 14 42 26
21 61 48 46 96 91 61 66 16 400 400 43 400 12 22
402 401 402 401 401 401 401 402 402 400 400 401 400 402 402
0 0 0 0 0 0 0 0 0 0
0 1 1 1 0 1 1 0 0 0
1 1 1 1 1 2 1 0 0 0
1 1 1 0 0 1 1 0 0 0
1 1 1 1 1 1 1 1 1 0
1 0 0 0 0 1 0 1 0 0
1 1 1 1 1 1 1 1 1 0
1 0 0 0 0 1 0 0 0 0
1 0 0 0 0 1 0 0 0 0
1 1 1 1 1 1 1 1 1 1
Maze 163
83 11 2.9803921569 2.2427085094 35 0.370392462381170
75 58 80 46 83 80 92 48 17 6 25 23 61 36 57 75
55 78 76 43 73 72 42 47 16 5 400 21 31 56 55
402 401 401 402 402 402 402 401 401 402 400 402 402 401 402
0 0 0 0 1 1 0 0 0 0
0 0 0 0 1 1 1 0 0 0
1 1 1 1 1 0 1 0 0 0
1 1 1 1 1 1 1 0 0 0
1 1 1 1 1 1 1 1 0 0
1 1 1 0 1 1 1 1 0 0
1 1 1 0 1 1 0 1 0 0
0 1 1 1 2 1 1 1 1 1
0 1 1 0 0 0 0 0 0 0
0 1 0 0 0 0 0 0 0 0
Maze 164
109 168 2.9666666667 1.9769562613 78 0.375371454891940
28 25 60 22 90 9 36 30 60 12 84 5 64 51 24 28
400 55 52 82 89 6 26 400 52 82 4 4 61 21 400
400 401 401 401 401 402 402 400 401 401 402 402 401 402 400
0 0 0 1 1 1 1 1 1 0
0 1 0 1 0 1 0 0 1 0
1 1 1 1 1 1 1 2 1 1
1 1 0 1 1 1 0 0 1 1
1 1 0 1 1 0 0 0 1 1
1 1 1 1 1 1 1 1 1 1
1 1 1 1 0 0 0 0 1 0
0 1 0 1 0 0 0 0 1 0
0 1 1 1 1 1 1 1 1 1
0 0 0 0 0 0 0 0 0 0
Maze 165
87 18 2.6333333333 2.2402867344 45 0.402284334676226
8 58 79 75 94 51 26 11 33 99 50 87 48 79 35 8
400 78 400 74 91 21 21 31 93 49 47 47 78 75 5
400 401 400 402 401 402 401 401 401 402 402 402 401 401 402
0 0 0 0 1 1 1 2 0 0
1 0 0 0 1 0 0 1 0 0
1 1 1 1 1 1 0 1 0 0
1 1 1 0 1 0 0 1 0 0
1 0 1 0 1 0 1 1 1 1
1 0 1 0 1 0 1 1 1 0
1 0 1 0 1 0 1 1 1 0
1 0 1 1 1 1 1 1 1 0
1 0 1 1 0 0 1 0 1 0
1 1 1 1 1 1 1 1 1 0
Maze 166
133 210 3.5312500000 2.0223389253 220 0.393564516702968
70 92 12 97 65 21 30 69 3 79 15 50 53 38 95 70
62 400 92 95 61 400 29 63 73 75 45 43 33 35 65
402 400 401 401 401 400 402 401 401 401 401 402 402 402 402
0 0 1 0 0 0 0 0 0 0
0 1 1 0 1 0 0 0 0 0
1 1 1 1 1 1 1 1 1 1
1 1 1 1 1 1 1 1 1 0
1 1 1 1 1 1 1 1 1 1
1 1 1 0 1 0 0 0 1 0
1 1 1 1 1 1 1 1 1 2
0 1 1 1 1 1 1 1 1 0
0 1 0 0 1 0 0 0 0 0
0 1 1 1 1 1 1 0 0 0
Maze 167
109 32 3.9111111111 1.8886861245 83 0.384420404084922
69 44 93 20 16 45 12 93 42 32 70 53 91 57 23 69
64 43 13 400 15 42 92 92 400 62 63 51 51 53 63
401 402 402 400 402 401 401 401 400 401 401 402 402 401 401
0 0 0 0 0 0 0 0 0 0
0 1 1 1 1 1 1 1 1 1
0 1 1 0 1 0 0 0 0 0
0 1 1 0 1 0 0 0 0 0
0 1 1 1 1 0 0 0 0 0
1 1 1 1 1 1 1 0 0 0
1 1 1 1 1 1 1 1 2 1
1 1 1 0 0 0 0 0 0 0
1 1 1 0 0 0 0 0 0 0
1 1 1 0 0 0 0 0 0 0
Maze 168
87 43 3.3617021277 2.1223199761 45 0.384432470398864
66 95 61 65 74 29 63 5 38 95 78 74 54 49 34 66
65 91 400 64 24 23 3 35 35 75 400 400 44 44 64
402 401 400 402 402 402 402 401 402 402 400 400 402 401 401
0 0 1 1 1 0 0 0 0 0
0 0 1 0 1 0 0 0 0 0
0 0 1 1 1 1 1 1 1 0
0 0 1 1 1 1 1 1 0 0
0 0 1 1 1 1 1 1 1 0
0 0 1 1 1 0 0 0 0 0
1 1 1 1 1 2 0 0 0 0
1 0 0 1 1 1 1 1 0 0
1 0 0 0 1 0 0 0 0 0
1 1 1 1 1 0 0 0 0 0
Maze 169
109 116 3.4482758621 2.1433758999 105 0.386702875170294
39 59 68 3 65 95 36 4 90 37 79 11 92 31 1 39
400 58 63 63 400 35 34 84 87 77 71 91 91 400 31
400 402 401 401 400 402 401 401 401 401 401 401 401 400 401
1 0 1 1 0 0 0 0 0 0
1 0 1 1 0 0 0 0 0 0
1 0 1 1 0 0 0 0 0 0
1 1 1 1 1 1 1 1 2 0
1 0 1 1 1 0 1 0 1 0
1 0 1 1 1 0 1 1 1 0
1 0 1 1 1 1 1 1 0 0
1 1 1 1 1 1 1 1 1 0
1 0 0 1 1 1 1 1 1 1
1 1 0 0 1 0 0 0 0 0
Maze 170
81 43 2.7777777778 2.3000052803 26 0.383244513210755
69 82 43 89 44 45 60 57 9 79 67 34 35 31 38 69
62 42 83 84 400 55 400 7 400 77 64 400 400 400 68
402 402 401 401 400 401 400 402 400 401 401 400 400 400 401
0 0 0 0 0 0 1 1 1 0
0 0 0 0 0 0 1 0 1 0
0 0 0 0 0 0 1 0 1 0
1 1 1 1 1 1 1 1 1 0
0 1 1 1 1 0 1 1 1 0
0 1 1 1 1 1 1 1 1 1
0 1 1 1 1 1 1 1 2 0
0 1 1 1 0 0 1 1 1 0
0 1 1 1 1 1 1 1 1 0
0 0 0 0 0 0 0 0 0 0
Maze 171
93 20 3.0566037736 2.0813323489 28 0.403230027454010
25 1 21 72 23 80 44 45 82 10 27 46 6 10 55 25
21 400 71 22 73 74 400 42 2 7 26 400 400 5 400
401 400 401 402 401 401 400 402 402 402 402 400 400 402 400
1 1 1 1 1 1 1 1 1 1
1 1 0 0 1 1 1 0 0 0
1 1 1 1 2 1 1 0 0 0
1 1 1 0 1 1 0 0 0 0
1 1 1 1 1 1 0 0 0 0
1 1 1 1 1 0 0 0 0 0
1 1 1 1 0 0 0 0 0 0
1 1 1 1 1 1 1 1 1 1
0 1 0 0 0 0 0 0 0 0
0 0 0 0 0 0 0 0 0 0
Maze 172
95 71 2.8000000000 2.3807185978 55 0.407851002846293
97 61 18 72 26 77 46 37 10 89 58 46 43 28 29 97
91 11 12 22 76 76 36 7 9 88 56 400 23 400 27
401 402 402 402 401 401 402 402 402 401 401 400 402 400 402
0 0 0 0 0 0 1 1 1 1
1 1 1 1 1 1 1 1 1 0
1 1 1 1 1 1 1 1 1 0
1 1 1 0 0 1 1 0 1 0
1 1 1 1 1 1 1 0 1 0
1 1 0 0 0 1 1 1 1 0
1 1 0 0 0 1 1 1 1 0
1 1 0 0 0 1 1 1 1 0
1 0 0 0 0 0 1 1 1 0
1 1 1 1 1 1 2 0 0 0
Maze 173
91 110 3.2307692308 2.1434809406 56 0.379461481803235
72 49 6 28 59 78 82 55 25 12 1 74 60 3 45 72
42 46 26 58 58 72 52 400 22 11 71 54 53 43 42
402 401 401 401 402 402 402 400 401 401 401 402 401 401 402
1 0 1 0 0 1 0 0 0 0
1 1 1 0 0 1 0 0 0 0
1 1 1 1 1 1 1 1 0 0
1 0 1 0 1 1 0 1 0 0
1 1 1 1 1 1 1 1 1 0
1 1 1 1 1 1 1 1 1 1
1 1 0 1 0 0 0 1 0 0
1 2 1 1 1 1 1 1 0 0
0 1 0 0 0 0 0 0 0 0
0 0 0 0 0 0 0 0 0 0
Maze 174
87 2 2.9795918367 2.0959983016 45 0.386355356268475
7 22 22 64 92 47 99 49 46 50 15 76 48 97 100 7
2 400 62 62 42 97 400 400 400 45 75 46 47 400 97
402 400 401 402 402 401 400 400 400 401 401 402 402 400 401
0 1 1 1 1 1 2 0 0 0
0 1 0 0 1 0 1 0 0 0
0 1 0 0 1 0 1 0 0 0
0 1 0 0 1 0 1 0 0 0
0 1 1 1 1 1 1 1 1 1
0 1 0 0 1 1 1 0 1 0
0 1 1 1 1 1 1 0 1 0
0 1 0 0 1 1 1 0 1 0
0 1 0 0 0 0 1 0 1 0
0 1 0 0 0 0 1 1 1 1
Maze 175
113 398 3.0285714286 2.3265615818 97 0.379757596262142
88 19 67 93 75 91 41 13 98 46 41 8 60 5 11 88
18 17 63 73 71 400 11 93 96 400 1 58 55 1 81
402 402 402 402 402 400 402 401 401 400 402 401 401 402 401
1 1 1 1 1 1 1 1 0 0
1 1 1 0 1 0 1 1 1 0
1 0 1 0 1 0 1 1 0 0
1 0 1 0 1 0 1 1 0 0
1 1 1 1 1 1 1 1 0 0
1 0 1 0 1 1 1 1 1 1
1 0 1 1 1 1 1 1 0 0
1 1 1 1 1 1 0 1 0 0
1 1 1 1 1 1 1 2 0 0
1 0 1 1 1 1 1 1 0 0
Maze 176
111 116 2.9090909091 2.0587156403 112 0.384619891107615
34 6 73 29 77 97 84 55 65 39 97 52 9 11 70 34
4 3 23 27 400 94 54 400 35 37 92 2 1 61 64
402 402 402 402 400 401 402 400 402 402 401 402 402 401 401
1 1 1 1 1 1 1 1 1 0
1 1 1 1 0 0 0 0 0 0
1 1 1 1 1 1 1 1 1 0
1 1 1 2 1 1 1 1 1 0
1 1 1 1 1 0 1 0 0 0
1 1 1 1 1 0 1 0 0 0
1 1 1 1 1 1 1 1 1 1
0 1 1 1 0 0 1 0 0 0
0 1 0 1 0 0 1 0 0 0
0 1 1 1 1 1 1 0 0 0
Maze 177
95 63 3.2800000000 2.0649466257 51 0.372118743629642
86 14 90 100 68 96 15 93 53 57 25 46 2 17 23 86
84 84 400 98 66 95 13 400 400 55 45 42 12 13 83
401 401 400 401 402 401 402 400 400 401 401 401 401 402 401
0 1 0 0 0 0 0 0 0 0
0 1 1 1 1 1 1 0 0 0
0 1 1 1 1 0 0 0 0 0
0 1 1 1 1 0 0 0 0 0
0 1 1 1 1 1 0 0 0 0
0 0 1 1 1 1 1 0 0 0
0 0 1 1 1 1 1 1 0 0
0 0 1 1 1 1 0 1 0 0
0 0 1 1 1 2 1 1 1 1
0 0 1 0 1 1 0 1 1 1
Maze 178
105 552 3.1724137931 2.2033133171 81 0.406544367433459
31 41 46 29 98 1 84 39 30 79 78 71 50 87 49 31
400 400 26 28 91 81 34 29 29 400 400 41 47 47 41
400 400 402 402 401 401 402 402 402 400 400 402 402 402 401
1 0 0 0 0 0 0 0 0 0
1 0 0 0 0 0 0 0 0 0
1 0 0 0 0 1 1 1 1 1
2 0 0 1 1 1 1 1 1 0
1 1 1 1 1 1 1 1 1 1
1 0 0 1 0 0 1 1 1 0
1 0 0 1 0 0 1 1 1 0
1 1 1 1 1 1 1 1 1 0
1 1 1 1 0 0 1 1 0 0
1 1 1 1 1 1 1 1 0 0
Maze 179
95 159 3.2830188679 2.1421620914 77 0.404742752107869
52 54 18 49 85 4 70 56 71 40 4 3 5 9 46 52
400 14 48 45 84 64 66 51 31 34 400 400 400 6 42
400 402 401 402 401 401 401 402 402 401 400 400 400 402 402
0 0 1 1 1 1 1 1 1 0
0 0 0 1 1 1 1 1 0 0
0 0 0 1 0 1 0 1 0 0
1 1 1 1 1 1 1 1 1 1
1 1 1 1 1 1 1 1 1 0
1 2 1 1 1 1 0 0 0 0
1 0 0 1 1 1 1 1 1 1
1 0 0 1 1 0 0 0 0 0
0 0 0 1 1 0 0 0 0 0
0 0 0 0 0 0 0 0 0 0
Maze 180
95 10 3.2307692308 2.0992168406 77 0.392095124179786
70 18 54 64 17 36 33 10 85 77 5 80 37 16 20 70
68 14 400 14 16 400 3 5 75 75 75 77 36 400 400
401 402 400 402 402 400 402 402 402 401 401 401 401 400 400
0 0 1 1 1 1 1 1 1 1
0 0 1 1 1 1 1 1 1 1
0 0 1 1 1 1 0 1 0 1
0 0 1 1 1 1 1 1 0 1
0 0 0 1 1 0 1 1 0 1
0 0 0 1 1 0 1 1 0 1
0 0 0 1 1 0 1 1 1 2
0 0 0 0 1 1 1 1 1 1
0 0 0 0 1 0 0 0 0 0
0 0 0 0 0 0 0 0 0 0
Maze 181
79 10 2.3859649123 2.2402856688 25 0.392371559844840
27 10 75 72 3 83 74 14 35 85 44 73 99 99 50 27
7 5 400 2 400 73 400 34 400 84 43 93 400 49 47
402 402 400 402 400 402 400 401 400 401 402 401 400 402 401
0 1 1 0 1 1 1 1 1 1
0 1 1 1 1 0 1 0 0 0
0 1 1 1 1 0 2 0 0 0
0 1 1 1 1 0 1 0 0 0
0 1 1 1 1 0 1 1 1 1
0 1 1 1 1 0 0 0 1 0
0 1 1 1 1 0 0 0 1 0
0 1 1 1 1 0 0 0 1 0
0 0 1 1 1 0 0 0 1 0
0 0 1 1 1 1 1 1 1 0
Maze 182
105 60 3.1724137931 2.1740574993 92 0.376424798569055
73 81 9 56 60 87 19 36 46 18 92 54 32 58 5 73
71 1 6 400 57 17 16 400 16 12 52 52 52 55 3
402 402 402 400 402 402 402 400 402 402 402 401 401 401 402
1 1 1 1 1 1 1 1 1 0
1 1 1 1 1 1 1 1 1 0
1 1 1 0 1 1 1 0 0 0
1 1 1 0 1 1 1 0 0 0
1 1 1 0 1 1 1 0 0 0
1 1 1 1 1 1 1 1 1 1
1 1 1 0 0 0 1 0 0 0
1 1 2 0 0 0 1 0 0 0
1 1 0 0 0 0 1 0 0 0
0 1 0 0 0 0 0 0 0 0
Maze 183
119 27 2.8620689655 1.8548723532 120 0.385391155452636
95 27 73 53 6 93 41 85 39 99 5 53 8 82 72 95
25 23 400 3 3 91 81 35 400 95 3 3 2 400 92
402 402 400 402 402 401 401 402 400 401 402 402 402 400 401
0 1 1 1 1 1 1 1 0 0
0 1 1 0 1 0 0 0 0 0
0 1 1 1 1 1 1 0 0 0
0 1 1 0 1 1 1 1 1 0
1 1 1 0 1 0 0 0 1 0
1 1 1 0 1 0 0 0 1 0
1 1 1 0 1 0 0 0 1 0
1 1 1 0 1 0 0 0 1 0
1 1 1 1 1 0 0 0 1 0
1 1 1 1 2 1 1 1 1 0
Maze 184
105 30 3.9523809524 1.8037387544 99 0.382996197563392
36 47 6 77 72 66 20 45 65 80 95 6 99 72 99 36
46 46 76 400 62 16 15 400 75 75 5 96 92 92 96
401 401 401 400 402 402 402 400 401 402 402 401 401 401 401
0 0 0 0 1 1 0 0 0 0
0 0 0 0 1 1 1 1 1 1
0 0 0 0 1 1 0 0 0 0
0 0 0 0 1 2 0 0 0 0
0 0 0 0 1 1 1 0 0 0
0 0 0 0 1 1 0 0 0 0
0 1 1 1 1 1 0 0 0 0
0 1 1 1 1 1 1 1 1 1
0 1 0 0 1 1 0 0 0 0
0 1 1 1 1 1 1 1 1 0
Maze 185
87 19 3.3478260870 1.9562299112 50 0.384664580478394
67 16 67 67 75 54 76 82 70 33 61 97 22 15 33 67
66 66 400 65 74 74 72 62 63 31 91 92 12 13 63
401 401 400 402 401 401 402 402 401 402 401 401 402 402 401
0 0 0 0 0 0 0 0 0 0
0 1 1 1 1 1 0 0 0 0
0 1 1 0 0 1 0 0 0 0
1 1 1 0 0 1 0 0 0 0
1 1 1 0 0 1 0 0 0 0
1 1 1 1 0 1 0 0 0 0
1 1 1 1 1 1 2 1 1 1
1 1 1 1 1 1 0 0 0 0
1 1 0 0 0 0 0 0 0 0
1 1 1 1 1 1 1 0 0 0
Maze 186
91 635 2.9122807018 2.2327820968 50 0.372824404941288
89 49 15 93 77 30 55 84 28 42 45 85 95 72 48 89
400 45 13 73 27 25 54 24 22 400 400 400 92 42 88
400 401 402 402 402 402 402 402 402 400 400 400 401 402 401
0 0 0 0 0 0 0 0 0 0
0 0 1 1 1 0 0 0 0 0
0 1 1 1 1 1 1 1 1 1
0 1 1 1 1 0 1 0 0 0
0 1 1 1 1 1 1 1 1 0
0 1 1 1 1 0 1 1 1 0
0 1 1 1 1 0 1 1 1 0
0 1 1 1 1 1 1 1 1 0
0 1 1 1 1 0 0 1 2 0
0 1 1 1 1 0 0 0 0 0
Maze 187
95 827 3.1000000000 2.2964039712 77 0.376492865799878
39 80 24 39 20 56 21 1 66 70 83 51 45 27 97 39
79 74 34 19 16 51 400 61 400 63 81 41 25 400 37
401 401 401 402 402 401 400 401 400 402 401 402 402 400 402
1 0 0 0 0 0 0 0 0 0
1 0 0 0 0 1 1 1 1 1
1 0 0 1 1 1 1 0 1 0
1 0 0 1 1 1 1 1 2 0
1 1 1 1 1 1 1 0 1 0
1 1 1 1 1 1 1 0 1 0
1 1 1 1 1 1 1 1 1 1
1 0 1 1 1 1 1 1 1 1
1 1 1 0 0 0 1 0 0 0
0 0 0 0 0 0 1 0 0 0
Maze 188
95 148 2.8571428571 2.1903968493 63 0.367600862811447
4 1 88 8 23 48 45 35 63 67 44 78 73 21 67 4
400 81 400 3 43 400 400 33 400 64 74 400 71 61 64
400 401 400 402 401 400 400 402 400 401 401 400 401 401 401
1 1 1 2 1 1 1 1 0 0
1 0 1 1 0 0 0 1 0 0
1 0 1 1 0 0 0 1 0 0
1 0 1 1 1 0 0 1 0 0
1 0 1 1 1 1 1 1 0 0
1 0 1 1 0 0 0 1 0 0
1 1 1 1 1 1 1 1 0 0
1 1 1 1 1 1 1 1 0 0
1 1 1 1 1 1 1 1 0 0
0 0 0 0 0 0 0 0 0 0
Maze 189
119 283 3.4098360656 2.2034194660 135 0.405932384581886
72 14 95 31 83 75 89 43 97 1 58 7 47 16 50 72
12 94 91 81 73 85 83 93 91 51 57 400 46 46 42
402 401 401 401 402 401 401 401 401 401 401 400 401 401 402
1 0 0 0 0 0 1 0 0 0
1 1 1 1 0 1 1 0 0 0
1 1 0 1 0 1 1 0 0 0
1 1 0 1 0 1 1 0 0 0
1 1 1 1 1 1 1 1 1 1
1 1 1 1 1 1 1 1 0 0
1 1 1 1 0 0 0 0 0 0
1 2 1 1 1 0 0 0 0 0
1 1 1 1 1 1 1 1 1 0
1 1 1 1 1 1 1 0 0 0
Maze 190
107 488 3.3207547170 2.0023486013 105 0.391636037390992
6 59 45 33 84 55 49 71 27 83 19 58 63 95 29 6
56 55 43 83 54 45 41 21 23 13 18 53 93 25 26
401 401 401 401 402 402 402 402 402 402 402 402 401 402 401
0 0 0 0 0 2 0 0 0 0
0 0 1 1 1 1 1 1 1 0
1 1 1 1 1 1 1 1 1 0
1 0 1 0 1 1 0 1 0 0
1 1 1 1 1 1 1 1 1 0
1 0 1 1 1 1 1 1 1 0
1 0 1 1 1 0 0 0 0 0
1 0 1 1 1 0 0 0 0 0
0 0 1 1 1 0 0 0 0 0
0 0 1 1 1 0 0 0 0 0
Maze 191
117 29 3.8636363636 1.8345845864 105 0.394599091026985
30 91 72 92 44 29 29 82 67 93 87 1 69 12 21 30
21 71 400 42 24 400 22 62 63 83 81 61 62 11 400
402 402 400 402 402 400 402 402 402 402 401 401 401 402 400
1 0 0 0 0 0 0 0 0 0
1 1 0 0 0 0 0 0 0 0
1 1 1 1 1 1 1 1 1 2
1 1 0 1 0 0 0 0 0 0
1 1 1 1 0 0 0 0 0 0
1 1 0 0 0 0 0 0 0 0
1 1 1 1 1 1 1 1 1 0
1 1 1 0 0 0 0 0 0 0
1 1 1 1 1 1 1 0 0 0
1 1 1 0 0 0 0 0 0 0
Maze 192
93 654 2.8727272727 2.1359106386 50 0.365130995900746
98 59 64 39 78 59 42 24 97 38 7 32 35 29 93 98
58 54 34 38 58 52 22 94 37 37 2 400 25 23 400
402 402 402 402 402 401 402 401 402 401 402 400 402 402 400
0 1 1 1 1 1 1 0 0 0
0 1 0 0 0 0 1 0 0 0
0 1 1 1 1 1 1 1 1 0
0 1 1 1 1 1 1 1 1 0
0 1 1 1 0 0 1 1 0 0
0 1 1 1 1 1 1 1 1 0
0 0 1 1 0 0 1 1 0 0
0 0 1 1 0 0 1 1 0 0
0 0 1 1 0 0 1 1 0 0
0 0 1 1 1 1 1 2 0 0
Maze 193
75 11 2.7826086957 2.0956416266 25 0.386868191747491
85 8 63 74 8 59 79 89 82 73 85 56 5 15 36 85
5 3 73 4 58 400 400 400 72 83 55 55 400 35 35
402 402 401 402 401 400 400 400 402 401 402 401 400 401 402
0 0 1 1 1 1 1 1 0 0
0 0 1 1 1 0 0 1 0 0
0 0 1 1 1 0 0 1 0 0
0 0 1 1 1 1 0 1 0 0
0 0 1 1 1 0 0 1 0 0
0 0 1 1 1 1 0 1 1 0
0 0 1 1 1 0 0 0 1 0
0 1 1 1 1 0 0 0 1 0
0 1 1 1 2 1 1 1 1 0
0 0 0 0 0 0 0 0 0 0
Maze 194
97 141 3.3469387755 1.9567232082 56 0.380250433212348
53 54 20 37 46 75 4 75 29 81 1 13 14 95 5 53
400 14 17 36 45 74 74 25 21 400 11 400 94 400 3
400 402 402 402 402 401 401 402 402 400 401 400 401 400 402
1 0 1 1 1 0 0 0 0 0
1 1 1 1 1 1 1 1 1 1
1 1 1 1 1 1 1 1 1 0
1 0 1 1 1 1 1 0 0 0
1 0 1 1 1 1 0 0 0 0
1 0 2 1 1 0 0 0 0 0
1 0 0 1 1 0 0 0 0 0
1 0 0 1 1 0 0 0 0 0
1 0 0 1 1 0 0 0 0 0
0 0 0 1 1 0 0 0 0 0
Maze 195
79 321 3.4285714286 2.0096680264 35 0.368828293572129
15 22 36 64 73 69 6 32 43 30 54 44 47 83 54 15
12 32 34 63 63 66 2 42 23 24 400 400 43 53 14
402 401 402 402 402 401 402 401 402 402 400 400 402 402 402
0 1 1 1 1 1 0 0 0 0
0 1 1 1 2 1 0 0 0 0
0 1 1 1 1 1 1 1 1 1
0 1 1 1 1 1 0 0 0 0
0 1 1 1 1 1 1 0 0 0
0 0 1 1 0 1 0 0 0 0
0 0 1 1 1 1 1 1 1 0
0 0 1 0 0 0 0 0 0 0
0 0 1 0 0 0 0 0 0 0
0 0 0 0 0 0 0 0 0 0
Maze 196
105 99 3.5272727273 2.1925271406 70 0.368356441856471
96 97 64 28 51 47 63 10 12 77 52 96 96 100 63 96
400 94 24 21 41 43 3 2 72 72 92 400 400 93 93
400 401 402 402 402 402 402 402 401 401 401 400 400 401 401
0 1 1 1 1 1 1 1 1 1
0 1 1 0 0 0 0 0 0 0
1 1 1 1 1 1 1 1 0 0
1 1 1 1 0 0 0 0 0 0
1 1 1 1 1 1 1 0 0 0
1 1 1 1 0 0 0 0 0 0
0 1 1 1 0 0 0 0 0 0
0 1 1 1 1 1 1 0 0 0
0 1 1 1 0 0 0 0 0 0
0 1 1 1 1 2 1 1 1 1
Maze 197
93 116 3.3877551020 1.9981696892 56 0.369951803891006
20 4 69 89 19 61 18 49 54 23 37 53 44 63 56 20
14 64 400 400 11 11 48 44 53 33 33 43 43 53 16
401 401 400 400 402 402 401 402 401 401 402 402 402 402 402
0 0 0 1 0 0 0 0 0 0
1 1 1 1 1 1 1 1 1 2
1 0 1 1 0 1 0 1 1 0
1 0 1 1 1 1 1 1 1 0
1 0 1 1 1 1 1 1 1 0
1 0 1 1 1 1 0 0 1 0
1 0 1 1 1 1 1 1 1 0
0 0 0 0 0 0 0 0 1 0
0 0 0 0 0 0 0 0 1 0
0 0 0 0 0 0 0 0 0 0
Maze 198
127 10 3.8723404255 1.7253049714 149 0.401805759926269
9 72 38 2 38 11 53 15 33 16 99 36 50 16 72 9
2 32 32 32 31 51 13 13 13 96 96 46 46 12 2
402 402 401 401 401 401 402 402 402 401 401 401 401 402 402
0 1 1 1 1 1 1 1 2 0
1 1 1 1 1 1 0 0 0 0
1 1 1 0 0 1 0 0 0 0
1 1 1 1 1 1 1 1 0 0
1 1 1 0 0 1 1 1 1 1
1 1 1 0 0 1 0 0 0 0
0 1 0 0 0 1 0 0 0 0
0 1 0 0 0 1 0 0 0 0
0 0 0 0 0 1 0 0 0 0
0 0 0 0 0 1 1 1 1 0
Maze 199
117 546 3.3220338983 2.0524369843 148 0.390625535064437
79 93 19 90 2 47 61 59 97 77 93 58 54 32 95 79
73 13 89 82 42 41 51 57 400 73 53 400 52 92 75
402 402 401 401 401 402 402 402 400 402 402 400 401 401 402
0 1 0 0 0 0 0 0 0 0
0 1 1 1 1 1 1 1 1 0
0 1 1 0 0 0 0 0 1 0
0 1 1 0 0 0 0 0 1 0
1 1 1 1 1 1 1 0 1 0
1 1 1 1 1 1 1 1 1 0
1 1 1 0 0 0 1 0 1 0
0 1 1 1 1 1 1 1 2 0
0 1 1 1 1 1 1 1 1 1
0 1 1 1 1 0 1 0 0 0
Maze 200
107 300 3.2280701754 2.1754232752 90 0.385632125927541
97 99 84 95 30 68 75 11 87 51 13 47 61 16 39 97
400 94 94 25 28 65 71 81 81 11 43 41 11 36 37
400 401 401 402 402 402 401 401 401 402 401 402 402 401 402
0 0 0 0 0 0 0 0 0 0
1 1 1 1 1 1 0 0 0 0
1 0 1 0 1 1 1 1 1 1
1 0 1 0 1 1 1 1 1 0
1 1 1 1 1 1 1 1 0 0
1 0 0 0 1 0 1 1 0 0
1 0 0 0 1 1 1 1 0 0
1 1 1 1 1 0 1 0 0 0
1 1 1 1 1 1 1 0 0 0
0 0 0 1 1 1 2 1 1 0
