numMazes: 200
mazeSize: 10
Maze 1
107 558 3.0847457627 2.0337247143 86 0.398501996298014
9 76 64 28 84 6 50 61 97 45 3 20 26 56 67 9
6 74 24 24 4 46 41 91 95 43 13 16 400 66 7
402 401 402 402 402 401 402 401 401 401 401 402 400 401 402
0 0 1 1 1 1 1 1 2 0
0 0 1 1 1 1 1 1 1 1
0 0 1 1 1 1 1 1 0 0
0 0 1 1 0 1 1 0 0 0
1 1 1 1 1 1 1 1 1 1
1 0 0 1 1 1 1 0 0 0
1 0 0 1 1 1 1 0 0 0
1 0 0 1 1 1 0 0 0 0
1 0 0 1 1 0 0 0 0 0
1 1 1 1 1 1 1 0 0 0
Maze 2
117 613 3.0967741935 2.0573125336 140 0.393352724602731
18 63 80 99 16 38 90 52 98 61 93 99 35 63 92 18
13 73 79 96 36 88 82 92 91 91 400 95 33 62 12
402 401 402 401 401 401 401 401 401 401 400 401 402 402 402
0 0 0 0 0 0 0 0 0 0
0 1 1 1 1 1 1 2 0 0
0 1 1 0 0 1 0 0 0 0
0 1 1 1 1 1 1 1 0 0
0 1 1 0 1 1 0 1 0 0
0 1 1 0 1 1 0 1 0 0
1 1 1 0 1 1 0 1 0 0
1 1 1 1 1 1 1 1 1 1
1 1 1 1 1 1 1 1 1 1
1 1 1 1 1 1 1 1 1 0
Maze 3
95 175 2.9836065574 2.2957034139 77 0.377654210284887
62 27 5 47 7 20 11 42 80 35 30 94 98 59 59 62
22 25 45 400 17 400 41 72 75 25 24 400 58 400 52
402 401 401 400 401 400 401 401 401 402 402 400 402 400 402
0 0 0 0 1 0 1 0 0 0
1 1 1 1 1 1 1 1 1 1
1 1 1 1 1 1 1 1 1 1
1 1 0 1 1 0 1 0 0 0
1 1 0 1 1 1 1 0 0 0
0 1 1 1 1 1 1 1 1 0
0 2 0 1 1 0 0 1 0 0
0 1 1 1 1 1 1 1 1 1
0 0 0 1 0 0 0 1 0 0
0 0 0 1 1 1 1 1 0 0
Maze 4
85 278 2.9818181818 2.3588635886 50 0.367473688051349
66 76 97 38 50 75 51 66 14 35 70 16 28 62 88 66
400 96 37 48 45 71 61 64 34 65 66 26 22 82 86
400 401 402 401 402 401 401 401 401 401 401 401 402 401 401
0 0 0 0 0 0 0 0 0 0
0 0 0 1 0 1 0 0 0 0
0 1 1 1 1 1 1 1 0 0
0 1 0 1 1 1 1 1 0 0
0 1 0 1 1 1 1 1 1 1
1 1 0 1 1 1 1 0 0 0
1 1 1 1 1 2 1 1 1 1
1 1 1 1 1 1 1 0 0 0
0 1 1 1 1 1 1 1 0 0
0 0 0 0 0 1 1 0 0 0
Maze 5
97 842 3.1063829787 1.9298232865 56 0.374348886506942
37 100 64 47 41 58 46 12 93 14 52 84 36 46 73 37
97 94 44 400 51 56 42 92 13 12 82 34 400 43 33
401 401 402 400 401 401 401 401 402 402 401 402 400 402 402
0 0 0 0 0 0 0 0 0 0
0 1 1 1 0 0 0 0 0 0
0 1 1 0 0 0 0 0 0 0
0 1 1 1 1 1 2 0 0 0
1 1 1 1 1 1 1 0 0 0
1 1 1 1 1 1 1 1 0 0
0 1 1 1 0 0 1 0 0 0
0 1 1 1 0 0 1 0 0 0
0 1 1 1 0 0 1 0 0 0
0 1 1 1 1 1 1 1 1 1
Maze 6
103 51 3.3333333333 1.9752281199 41 0.380038621588034
68 54 4 41 68 77 68 90 4 75 18 63 15 9 3 68
64 400 1 61 67 67 88 84 74 15 13 13 5 400 63
401 400 402 401 402 402 401 401 401 402 402 402 402 400 401
1 1 1 1 1 1 1 1 1 0
1 0 1 1 1 1 1 1 0 0
1 0 1 1 1 0 0 0 0 0
1 0 1 1 1 0 0 0 0 0
1 0 1 1 1 0 0 0 0 0
1 0 1 1 1 0 0 0 0 0
1 1 1 1 1 1 1 2 0 0
0 0 0 1 1 0 1 1 0 0
0 0 0 1 1 1 1 1 1 1
0 0 0 0 0 0 0 0 0 0
Maze 7
97 2328 3.1785714286 2.1711102278 51 0.402396613403674
39 66 49 91 19 7 69 64 6 50 70 25 3 33 40 39
36 46 41 11 17 67 400 4 46 400 65 23 400 400 400
402 402 402 402 401 401 400 402 401 400 401 401 400 400 400
0 0 1 1 1 1 1 0 0 0
1 1 1 1 1 1 1 1 1 0
1 0 1 1 1 1 1 0 0 0
1 0 1 1 1 1 1 1 2 1
1 1 1 1 1 1 1 1 1 1
1 0 0 1 1 1 1 0 0 1
1 0 0 1 1 1 1 1 1 1
1 0 0 0 0 0 0 0 0 0
1 0 0 0 0 0 0 0 0 0
1 0 0 0 0 0 0 0 0 0
Maze 8
87 63 2.9200000000 2.1329832892 50 0.376050738025323
45 96 80 46 13 10 89 7 10 19 9 25 9 76 58 45
95 76 76 43 3 9 87 400 9 400 5 5 6 56 55
401 402 401 401 402 402 401 400 402 400 402 402 402 402 401
0 0 1 1 1 1 1 1 1 1
0 0 1 0 1 1 1 0 1 0
0 0 1 0 1 1 1 0 1 0
0 0 1 0 0 1 1 0 1 0
0 0 1 1 2 1 1 0 1 0
0 0 0 0 1 1 1 1 1 0
0 0 0 0 1 1 1 0 1 0
0 0 0 0 1 1 1 1 1 1
0 0 0 0 1 1 1 1 1 0
0 0 0 0 1 1 0 0 0 0
Maze 9
125 725 3.0149253731 2.1377597304 155 0.383959382733695
65 35 58 91 19 100 8 55 26 59 21 96 9 43 47 65
400 55 51 11 99 98 5 25 56 51 91 6 3 400 45
400 401 402 402 401 401 402 402 401 401 401 402 402 400 402
0 0 1 1 1 1 1 1 1 0
1 1 1 1 1 1 1 1 1 0
1 0 1 0 1 1 0 1 1 0
1 0 1 0 1 1 0 1 1 0
1 0 1 1 1 1 1 1 1 0
1 1 1 1 1 1 1 1 1 0
1 0 0 0 2 1 0 1 1 0
1 0 0 0 0 1 0 1 1 0
1 0 0 0 0 1 0 1 1 0
1 1 1 1 1 1 0 1 1 1
Maze 10
89 32 2.8928571429 2.1702024648 50 0.368405080508392
95 19 78 28 17 31 73 13 4 18 5 76 48 88 52 95
15 18 400 27 11 71 400 3 14 15 75 46 400 82 92
402 402 400 401 402 401 400 402 401 401 401 402 400 401 401
0 0 1 1 1 0 0 0 0 0
1 1 1 1 1 1 1 1 1 0
1 0 1 0 1 0 1 1 0 0
1 0 1 0 1 0 0 1 0 0
1 0 1 0 1 1 1 1 0 0
1 1 1 0 1 1 0 1 0 0
1 1 1 0 1 1 0 1 0 0
1 1 1 0 1 1 0 1 0 0
0 1 1 1 1 1 1 1 0 0
0 1 1 1 2 0 0 0 0 0
Maze 11
91 32 2.8518518519 2.0279931174 50 0.373735402806980
55 47 5 8 18 98 86 12 22 7 21 48 12 79 50 55
45 45 400 400 400 96 82 400 2 1 41 42 72 49 45
402 401 400 400 400 401 401 400 402 402 401 401 401 402 402
1 1 1 1 1 1 1 1 0 0
1 1 0 0 1 0 0 1 0 0
1 1 0 0 1 0 0 1 0 0
1 1 0 0 1 0 0 1 0 0
1 1 1 1 1 1 1 1 1 1
0 1 0 0 2 0 0 1 1 0
0 1 0 0 0 0 0 1 1 0
0 1 1 1 1 1 1 1 1 0
0 1 1 1 1 1 0 1 0 0
0 0 0 0 0 1 1 1 0 0
Maze 12
87 1185 3.5714285714 1.9130261708 56 0.398399829173359
35 26 96 75 33 45 65 41 59 96 44 69 73 36 72 35
25 400 95 73 43 400 61 51 56 94 64 63 33 32 32
402 400 401 401 401 400 401 401 402 401 401 402 402 402 402
0 0 0 0 0 0 0 0 0 0
0 0 0 0 0 0 0 0 0 0
0 0 0 0 1 1 0 0 0 0
0 1 1 1 2 1 0 0 0 0
1 1 1 1 1 1 0 0 0 0
1 1 1 1 1 1 1 1 1 0
1 1 1 1 1 1 1 1 1 0
0 1 1 1 1 1 0 0 0 0
0 0 0 1 1 1 0 0 0 0
0 0 0 1 1 1 0 0 0 0
Maze 13
97 3 3.2173913043 1.8419015107 51 0.380948635423009
54 80 15 38 85 80 91 91 5 3 80 63 63 13 32 54
74 75 35 35 75 71 400 1 400 73 73 400 400 12 52
401 401 401 402 402 402 400 402 400 401 401 400 400 402 401
1 1 1 1 1 0 0 0 0 0
1 1 1 0 1 0 0 0 0 0
1 1 1 0 1 0 0 0 0 0
1 1 1 0 1 1 1 1 0 0
1 1 1 0 1 0 0 0 0 0
1 1 1 2 1 0 0 0 0 0
1 0 1 1 1 0 0 0 0 0
1 1 1 1 1 1 1 1 1 1
1 0 0 0 1 0 0 0 0 0
1 0 0 0 0 0 0 0 0 0
Maze 14
141 591 3.4705882353 2.0455217031 246 0.392147745346549
38 99 31 70 12 90 4 89 39 68 54 2 77 13 40 38
98 91 61 62 82 84 84 400 38 64 52 72 73 33 400
401 401 401 401 401 401 401 400 402 401 401 401 401 401 400
0 1 0 1 0 0 0 0 0 0
0 1 1 1 0 0 0 0 0 0
0 1 1 1 0 0 0 0 0 0
1 1 1 1 1 1 1 2 1 1
1 1 1 1 0 0 0 1 1 0
1 1 1 1 0 0 0 1 1 0
1 1 1 1 1 1 1 1 1 1
1 1 1 1 1 1 1 1 1 0
1 1 1 1 1 1 1 1 1 1
1 1 1 1 1 1 1 1 1 0
Maze 15
109 804 3.3962264151 1.8903145721 98 0.387516884275806
13 58 52 89 4 52 45 98 60 70 60 41 58 72 79 13
53 400 82 84 2 42 95 58 400 400 51 51 52 400 73
401 400 401 401 402 402 401 402 400 400 401 401 402 400 401
0 1 1 1 0 0 0 0 0 0
0 1 2 1 0 0 0 0 0 0
0 1 1 1 0 0 0 0 0 0
0 1 1 1 0 0 0 0 0 0
1 1 1 1 1 0 0 0 0 0
1 1 1 1 1 1 1 1 1 1
0 1 1 1 1 0 0 1 0 1
0 1 1 1 1 1 1 1 1 0
0 1 1 1 1 1 1 1 1 0
0 0 0 0 1 1 1 1 0 0
Maze 16
85 21 3.1250000000 2.1318275832 39 0.358897830404554
75 100 70 56 83 17 23 74 78 65 57 92 57 45 41 75
95 400 66 53 13 13 73 400 75 55 52 52 55 400 71
401 400 401 402 402 402 401 400 401 402 402 402 401 400 401
0 0 0 0 0 0 0 0 0 0
0 0 1 1 1 1 1 0 0 0
0 0 1 0 0 0 0 0 0 0
0 0 1 0 0 0 0 0 0 0
1 1 1 1 1 0 0 0 0 0
1 1 1 1 1 1 1 0 0 0
1 1 1 0 1 1 1 1 1 1
1 1 1 1 2 1 1 1 0 1
0 1 1 0 1 0 0 0 0 1
0 1 0 0 1 1 1 1 1 1
Maze 17
81 6 3.2558139535 1.9571186892 35 0.382323634634531
17 63 29 4 78 24 81 74 77 65 46 65 37 28 29 17
13 23 24 74 74 21 71 400 75 45 45 35 27 400 27
402 402 401 401 401 402 402 400 401 402 402 402 402 400 401
0 0 0 1 0 0 0 0 0 0
0 0 1 1 1 1 2 0 0 0
1 1 1 1 1 1 1 1 1 0
1 0 1 1 1 1 1 0 0 0
1 0 1 1 1 1 0 0 0 0
1 0 1 1 1 0 0 0 0 0
1 0 1 1 1 0 0 0 0 0
1 1 1 1 1 1 1 1 0 0
1 0 0 0 0 0 0 0 0 0
0 0 0 0 0 0 0 0 0 0
Maze 18
109 2955 3.0857142857 2.3572258063 84 0.369178763271527
50 12 36 99 9 91 41 17 19 6 17 37 83 4 77 50
42 32 96 400 1 400 11 400 16 16 400 33 3 74 47
401 401 401 400 402 400 402 400 401 401 400 402 402 401 402
1 1 1 1 1 1 1 1 1 0
1 1 1 1 1 1 1 1 1 0
1 1 1 1 0 0 1 0 1 0
1 1 1 1 1 1 1 0 1 0
1 1 1 1 1 1 1 1 1 2
1 0 1 1 0 1 1 0 1 0
1 0 1 1 0 1 1 0 1 0
1 0 1 1 1 1 1 0 1 0
1 0 1 0 0 1 0 0 1 0
1 0 0 0 0 1 1 1 1 0
Maze 19
81 24 2.7777777778 2.2224907149 35 0.346635529243041
64 99 45 34 22 12 39 46 99 90 40 4 41 61 78 64
94 95 44 32 400 32 36 96 89 400 34 1 400 71 74
401 401 401 401 400 401 402 401 402 400 401 402 400 401 401
1 1 1 1 0 0 0 0 0 0
1 1 0 1 0 0 0 0 0 0
1 1 0 1 0 0 0 0 0 0
1 1 1 1 1 1 1 1 1 1
1 0 0 1 1 1 0 0 0 1
1 0 0 0 1 1 0 0 0 1
1 0 0 2 1 1 0 0 0 1
1 1 1 1 1 1 1 1 0 1
0 0 0 1 1 1 0 0 1 1
0 0 0 1 1 1 1 1 1 0
Maze 20
97 38 3.2800000000 2.2243968588 71 0.394291303552463
91 6 6 45 61 78 86 75 66 21 58 15 69 6 41 91
1 400 5 41 71 76 85 65 61 51 55 65 66 1 400
402 400 402 402 401 402 401 402 401 401 401 401 401 402 400
1 1 1 1 1 1 0 0 0 0
1 0 0 0 1 1 0 0 0 0
1 0 0 0 1 1 0 0 0 0
1 0 0 0 1 1 0 0 0 0
1 1 1 1 1 1 0 0 0 0
1 1 1 1 1 1 1 1 0 0
1 1 1 1 1 1 1 1 1 0
1 1 1 1 1 1 1 1 0 0
1 0 0 0 1 1 0 0 0 0
2 0 0 0 0 0 0 0 0 0
Maze 21
109 496 3.3220338983 2.1296092909 112 0.381423592955257
68 54 70 92 46 9 93 91 97 80 12 64 74 6 75 68
64 64 62 42 6 3 400 400 77 72 62 400 4 5 65
401 401 402 402 402 402 400 400 402 401 401 400 402 402 402
0 0 1 1 1 1 1 1 1 0
0 1 1 1 1 1 0 0 0 0
0 1 1 1 1 1 0 0 0 0
0 1 1 1 1 1 0 0 0 0
0 1 1 1 1 1 0 0 0 0
0 1 1 1 1 0 0 0 0 0
0 1 1 1 1 1 1 2 1 1
0 1 1 1 1 1 1 1 1 1
0 1 1 0 0 0 1 0 0 0
1 1 1 1 1 1 1 0 0 0
Maze 22
89 29 3.0188679245 2.2076582294 50 0.396844708294137
76 41 6 69 37 37 69 34 63 60 57 93 95 86 30 76
71 1 66 67 400 67 64 33 53 400 53 400 85 26 26
401 402 401 401 400 401 401 402 402 400 402 400 402 402 402
1 1 1 1 1 1 0 0 0 0
1 0 0 0 0 1 0 0 0 0
1 0 0 0 0 1 1 1 1 1
1 0 1 1 0 1 1 0 0 0
1 0 1 1 0 1 1 0 0 0
1 0 1 1 1 1 1 1 1 1
1 0 1 1 1 1 1 1 1 0
1 1 1 1 1 2 0 0 0 0
0 0 1 0 1 1 0 0 0 0
0 0 1 1 1 0 0 0 0 0
Maze 23
97 214 2.9666666667 2.2645859833 60 0.383147637369864
15 49 10 51 20 78 50 94 91 56 30 19 58 59 28 15
45 9 1 11 18 48 44 400 51 26 29 18 400 58 25
401 402 402 402 402 402 402 400 402 402 401 402 400 401 401
1 1 1 1 1 1 1 1 1 1
1 1 1 1 2 1 1 1 1 1
1 0 0 0 1 1 1 1 1 1
1 0 0 0 1 1 0 1 1 0
1 0 0 1 1 1 1 1 1 1
1 1 1 1 1 1 0 1 1 0
1 0 0 1 0 0 0 1 0 0
1 0 0 1 0 0 0 1 0 0
1 0 0 1 0 0 0 0 0 0
1 1 1 1 0 0 0 0 0 0
Maze 24
97 64 3.2692307692 2.0374367799 64 0.375355837236103
63 86 5 85 42 38 25 35 29 71 96 65 6 97 61 63
83 85 400 82 32 35 400 25 21 91 95 5 96 91 400
401 401 400 401 402 401 400 402 402 401 401 402 401 401 400
0 0 0 0 1 1 0 0 0 0
0 0 0 0 1 1 0 0 0 0
1 1 1 1 1 1 1 1 1 0
1 1 1 1 1 1 1 1 0 0
1 1 0 0 1 1 0 0 0 0
1 1 0 0 1 1 0 0 0 0
1 1 2 0 1 1 0 0 0 0
1 1 1 0 1 1 0 0 0 0
1 1 1 1 1 1 0 0 0 0
1 1 1 1 1 1 1 0 0 0
Maze 25
73 7 2.6400000000 2.2790300007 16 0.365587439998997
45 35 61 25 53 70 50 20 36 83 83 79 27 69 48 45
400 31 21 23 63 400 400 16 33 400 73 77 67 68 400
400 402 402 402 401 400 400 402 402 400 402 401 401 401 400
0 0 0 0 0 0 0 0 0 0
0 0 0 0 0 1 1 1 1 1
1 1 1 1 1 1 1 0 0 1
1 1 1 1 1 1 1 0 0 1
1 0 1 0 2 1 1 1 0 1
1 0 1 0 0 0 1 1 0 1
1 0 1 1 1 1 1 1 1 1
0 0 1 1 1 1 1 1 1 0
0 0 1 0 0 0 0 0 0 0
0 0 0 0 0 0 0 0 0 0
Maze 26
107 192 3.2000000000 2.2572409891 72 0.402245477128856
63 31 9 10 53 66 3 56 84 29 100 45 38 1 24 63
61 1 400 3 63 63 53 54 24 99 95 35 31 21 23
401 402 400 402 401 401 401 402 402 401 401 402 401 401 402
1 1 1 1 1 1 1 1 1 1
1 0 1 0 0 0 0 0 0 0
1 1 1 1 1 1 1 1 1 0
1 1 1 1 1 1 1 1 1 0
1 0 1 1 1 0 0 0 1 0
1 0 1 1 1 1 0 0 1 0
1 1 2 1 1 1 0 0 1 0
0 0 0 1 1 0 0 0 1 0
0 0 0 1 1 0 0 0 1 0
0 0 0 0 1 1 1 1 1 1
Maze 27
111 454 3.3090909091 2.1296382906 87 0.385695569768453
41 23 47 81 74 76 31 92 27 45 96 56 8 91 16 41
21 43 41 71 400 71 91 22 25 95 400 6 1 11 11
402 401 402 402 400 401 401 402 402 401 400 402 402 402 402
1 1 1 1 1 1 1 1 0 0
1 1 1 1 1 1 0 0 0 0
1 1 1 1 1 1 1 0 0 0
1 1 1 0 1 1 0 0 0 0
2 1 1 1 1 1 1 0 0 0
1 1 0 0 1 1 0 0 0 0
1 1 0 0 1 1 0 0 0 0
1 1 1 1 1 1 0 0 0 0
1 1 0 0 1 1 0 0 0 0
1 1 0 0 1 1 0 0 0 0
Maze 28
85 12 3.4090909091 2.0426134039 36 0.390068633862428
42 11 97 83 83 97 95 81 27 29 27 84 80 85 12 42
41 91 93 400 93 400 91 21 400 400 24 74 75 82 400
401 401 401 400 401 400 401 402 400 400 402 402 402 401 400
0 0 0 0 0 0 0 0 0 0
1 1 0 0 0 0 0 0 0 0
1 1 1 1 1 1 1 1 1 0
1 1 0 1 0 0 0 0 0 0
1 2 0 1 0 0 0 0 0 0
1 1 0 1 0 0 0 0 0 0
1 1 0 1 0 0 0 0 0 0
1 1 0 1 1 1 1 1 1 1
1 1 1 1 1 0 0 0 0 0
1 1 1 1 1 1 1 0 0 0
Maze 29
103 567 3.1333333333 2.2220108319 53 0.364345875586477
4 90 7 46 21 81 16 45 5 21 2 84 77 57 94 4
84 87 6 41 400 11 15 400 1 1 82 74 400 54 400
401 401 402 401 400 402 402 400 402 402 401 402 400 402 400
1 1 1 2 1 1 1 0 0 0
1 1 1 1 1 1 1 0 0 0
1 1 0 1 1 1 1 0 0 0
1 1 0 1 1 1 1 0 0 0
1 1 1 1 1 1 1 0 0 0
1 1 0 1 1 1 1 0 0 0
1 1 0 1 0 0 1 0 0 0
1 1 0 1 1 1 1 0 0 0
1 1 1 1 1 1 1 1 1 1
0 0 0 1 0 0 0 0 0 0
Maze 30
61 62 3.0000000000 2.0671887063 10 0.359373220695108
84 77 73 60 27 16 34 32 36 66 75 53 39 39 65 84
74 400 53 57 26 14 400 400 400 65 73 33 400 35 64
402 400 402 401 401 402 400 400 400 402 401 402 400 402 402
0 0 0 0 0 0 0 0 0 0
0 0 0 1 1 1 0 0 0 0
0 0 0 1 0 1 1 0 0 0
0 1 1 1 1 1 1 1 1 0
0 0 1 0 1 1 1 0 0 0
0 0 1 1 1 1 1 1 1 1
0 0 1 1 1 1 0 0 0 0
0 0 1 1 1 1 1 0 0 0
0 0 0 2 0 0 0 0 0 0
0 0 0 0 0 0 0 0 0 0
Maze 31
79 195 2.9583333333 2.2251015119 35 0.379504587693601
37 5 61 77 50 93 63 86 56 61 55 68 55 87 57 37
35 1 71 47 43 400 83 400 51 51 65 65 85 400 400
401 402 401 402 402 400 401 400 402 402 401 401 401 400 400
1 1 1 1 1 0 0 0 0 0
1 0 0 0 1 0 0 0 0 0
1 0 0 0 1 0 0 0 0 0
1 0 0 0 1 1 2 0 0 0
1 0 1 1 1 1 1 1 1 1
1 1 1 1 1 1 1 0 0 0
1 0 1 0 1 1 1 1 0 0
1 1 1 1 1 1 1 0 0 0
0 0 1 1 1 1 1 0 0 0
0 0 1 0 0 0 0 0 0 0
Maze 32
107 183 2.8333333333 2.3650008460 112 0.377173721601054
27 77 73 35 30 51 16 99 90 17 79 9 6 92 46 27
400 400 33 25 21 11 96 89 87 77 400 400 2 42 26
400 400 402 402 402 402 401 402 401 401 400 400 402 402 402
0 1 1 1 1 1 1 1 1 0
1 1 1 1 1 1 1 0 1 0
1 1 1 1 1 1 2 1 1 1
1 1 1 1 1 1 1 0 1 0
1 1 1 1 1 1 1 0 1 0
1 1 1 0 0 1 1 0 1 0
0 1 1 0 0 1 1 0 1 0
0 1 1 1 1 1 1 1 1 0
0 1 0 0 0 1 1 1 1 1
0 1 0 0 0 1 1 1 1 0
Maze 33
83 218 3.4545454545 2.0685146398 26 0.371590845804574
73 65 57 44 40 86 27 27 99 78 47 87 45 1 67 73
63 55 54 34 36 26 400 97 98 77 400 85 41 61 63
402 402 401 402 402 402 400 401 401 401 400 401 401 401 402
1 0 0 0 0 0 0 0 0 0
1 0 0 0 0 0 0 0 0 0
1 0 0 0 0 1 1 0 0 0
1 0 0 1 1 1 1 1 1 1
1 1 1 1 1 1 1 0 0 0
1 0 0 1 1 1 1 0 0 0
1 1 1 1 1 1 1 0 0 0
0 0 2 0 1 1 1 1 0 0
0 0 0 0 1 1 1 1 0 0
0 0 0 0 0 0 1 1 1 0
Maze 34
105 84 3.3103448276 2.2219970163 91 0.404213213075952
47 38 52 9 44 83 23 13 98 60 73 69 5 50 55 47
37 32 2 4 43 400 400 93 58 53 63 65 45 45 45
402 402 402 402 402 400 400 401 402 402 402 401 401 402 402
0 1 1 1 1 1 1 1 1 0
0 1 1 1 1 0 0 0 0 0
0 1 1 1 1 0 0 0 0 0
0 1 1 1 1 1 1 1 0 0
0 1 1 1 1 1 2 1 1 1
0 1 1 1 1 1 1 1 1 1
0 0 1 1 1 1 1 1 1 0
0 0 1 0 0 0 0 1 0 0
0 0 1 0 0 0 0 1 0 0
0 0 1 1 1 1 1 1 0 0
Maze 35
107 321 2.9375000000 2.1585000996 92 0.373829894704671
75 73 27 41 68 30 2 26 10 97 16 6 63 44 100 75
400 23 21 61 28 22 22 6 7 96 400 3 43 94 95
400 402 402 401 402 401 401 402 402 401 400 402 402 401 401
0 1 1 1 1 1 1 1 1 1
0 1 1 0 0 1 1 0 0 0
1 1 1 1 1 1 1 1 1 1
1 0 1 0 0 1 1 1 0 0
1 0 1 1 0 1 1 1 0 0
1 0 1 1 0 1 1 1 0 0
1 1 1 1 1 1 1 1 0 0
0 0 1 1 2 1 1 0 0 0
0 0 0 1 1 1 1 0 0 0
0 0 0 1 1 1 1 1 1 1
Maze 36
97 18 2.4848484848 2.2894655837 54 0.353645085791002
62 63 41 68 39 33 64 35 40 10 51 100 29 11 93 62
400 61 61 38 400 63 34 400 400 1 91 99 21 91 92
400 401 401 402 400 401 402 400 400 402 401 401 401 401 401
1 1 1 1 1 1 1 1 1 1
1 0 0 0 0 0 0 0 0 1
1 1 1 1 1 1 1 1 1 1
1 0 1 1 1 1 1 1 1 1
1 0 1 1 0 0 0 1 1 0
1 0 1 1 0 0 0 1 1 0
1 2 1 1 1 1 1 1 1 0
1 1 0 0 0 0 0 0 1 0
1 1 0 0 0 0 0 0 1 0
1 1 1 1 1 1 1 1 1 1
Maze 37
97 100 3.4418604651 1.8282367604 60 0.379120162365340
97 34 11 12 96 62 27 13 46 29 92 36 37 33 55 97
94 31 400 92 92 22 23 43 26 22 32 400 400 53 95
401 401 400 401 401 402 401 401 402 402 402 400 400 401 401
0 0 0 0 0 0 0 0 0 0
1 1 1 0 0 0 0 0 0 0
1 1 1 1 1 1 1 1 1 0
1 1 1 1 1 1 1 0 0 0
0 1 1 1 1 1 0 0 0 0
0 1 1 1 1 0 0 0 0 0
0 1 0 1 1 0 0 0 0 0
0 1 0 1 1 0 0 0 0 0
0 1 0 1 1 0 0 0 0 0
0 1 1 1 1 1 2 0 0 0
Maze 38
117 128 3.5081967213 2.1570717029 132 0.373971109020861
100 31 14 84 38 74 86 90 18 51 96 50 43 66 43 100
91 11 400 34 34 84 400 88 11 91 46 400 63 63 93
401 402 400 402 402 401 400 401 402 401 402 400 401 401 401
0 0 0 0 0 0 0 0 0 0
1 1 1 1 1 1 1 1 0 0
1 0 0 1 0 0 0 1 0 0
1 0 0 1 1 1 1 1 0 0
1 0 1 1 1 1 1 1 1 1
1 0 1 1 0 1 0 1 0 0
1 0 1 1 1 1 0 1 0 0
1 0 1 1 0 1 0 1 0 0
1 0 1 1 1 1 1 1 1 1
1 1 1 1 1 1 1 1 1 2
Maze 39
109 40 3.6400000000 2.0393976077 75 0.383535646795500
76 31 86 30 12 85 65 80 66 48 11 43 82 30 19 76
71 81 26 22 82 400 75 76 46 41 41 42 22 29 16
401 401 402 401 401 400 401 401 402 401 401 402 402 401 402
0 0 0 0 0 0 0 0 0 0
1 1 0 0 0 1 1 1 1 0
1 1 1 1 1 1 1 1 1 1
1 1 0 0 0 1 0 0 0 0
1 1 1 1 1 1 1 1 0 0
1 1 0 0 0 1 0 0 0 0
1 1 0 0 1 1 0 0 0 0
1 1 1 1 1 2 1 1 1 1
1 1 1 1 1 1 0 0 0 0
0 0 0 0 0 0 0 0 0 0
Maze 40
81 100 3.0638297872 2.0234616956 30 0.359823861010600
93 24 54 9 45 12 22 25 48 27 3 74 4 13 91 93
23 400 4 5 42 400 400 45 47 23 73 400 3 11 400
402 400 402 402 401 400 400 401 401 401 401 400 402 402 400
0 0 1 1 1 1 1 1 1 0
1 1 1 1 1 0 0 0 0 0
1 1 1 1 1 1 1 0 0 0
1 1 1 1 1 0 1 0 0 0
1 1 1 1 1 1 1 1 0 0
1 0 1 1 0 0 0 0 0 0
1 0 1 1 0 0 0 0 0 0
1 0 1 1 0 0 0 0 0 0
1 0 1 0 0 0 0 0 0 0
1 1 2 0 0 0 0 0 0 0
Maze 41
123 1731 3.1594202899 2.1651486495 139 0.389093247680712
85 29 6 19 20 96 93 30 67 72 37 72 19 90 31 85
25 26 16 400 16 400 23 27 62 32 32 12 89 81 81
402 401 401 400 402 400 402 402 402 402 402 402 401 401 401
0 0 0 0 0 1 0 0 0 0
0 1 1 1 1 1 1 1 1 1
0 1 1 1 1 1 1 1 1 1
1 1 1 1 1 1 1 0 1 0
1 1 1 0 1 1 1 0 1 0
1 1 1 0 1 1 1 0 1 0
1 1 1 1 1 1 1 0 1 0
1 1 1 0 1 1 0 0 1 0
1 1 1 1 2 1 1 1 1 1
0 0 1 1 1 1 0 0 0 0
Maze 42
87 192 3.0545454545 2.2905166536 50 0.402727445856201
70 78 71 36 85 73 2 48 33 64 83 5 34 29 67 70
68 400 31 35 83 72 42 43 63 63 3 4 24 27 400
402 400 402 402 401 401 401 401 401 402 402 402 402 402 400
0 1 1 1 1 0 0 0 0 0
0 1 1 1 0 0 0 0 0 0
0 1 1 1 1 1 1 1 1 0
1 1 1 1 1 1 1 0 0 0
1 1 1 1 1 1 1 1 0 0
1 1 1 0 1 0 1 0 0 0
1 1 1 1 1 0 1 1 1 2
1 1 1 1 1 1 1 1 0 0
0 0 1 1 1 0 0 0 0 0
0 0 0 0 0 0 0 0 0 0
Maze 43
97 69 3.0545454545 2.1475332332 77 0.399866845385616
18 95 73 93 7 44 22 47 63 78 16 56 9 70 46 18
15 93 400 3 4 42 42 43 73 76 400 6 69 66 16
402 401 400 402 402 401 401 402 401 401 400 402 401 401 402
0 0 1 1 1 1 1 1 1 0
0 0 1 1 1 1 1 2 1 0
0 1 1 1 1 1 0 0 1 0
0 1 1 1 1 1 0 0 1 0
0 1 1 1 1 1 1 0 1 0
0 0 1 0 1 1 0 0 1 0
0 0 1 0 1 1 1 1 1 1
0 0 1 1 1 1 1 1 0 0
0 0 1 0 1 0 0 0 0 0
0 0 1 1 1 0 0 0 0 0
Maze 44
93 33 3.1250000000 1.9153225729 50 0.393124434179489
39 55 78 78 56 13 58 54 55 88 82 13 90 21 22 39
35 75 400 76 53 53 400 400 85 400 12 83 81 400 32
402 401 400 401 401 401 400 400 401 400 402 401 401 400 401
0 0 0 0 0 0 0 0 0 0
0 1 1 0 0 0 0 0 0 0
1 1 1 0 0 0 0 0 0 0
1 1 1 1 1 1 1 1 2 0
1 1 1 0 1 0 0 0 0 0
1 1 1 1 1 1 1 1 0 0
1 1 1 0 1 1 0 0 0 0
1 1 1 0 1 1 1 1 0 0
1 1 1 1 1 1 1 1 1 1
0 0 0 0 0 0 0 0 0 0
Maze 45
79 39 3.0612244898 2.2402856688 17 0.377876800423238
92 35 43 20 19 58 85 99 98 19 15 68 79 74 34 92
32 33 13 400 18 55 95 400 18 400 65 78 400 400 32
402 402 402 400 402 402 401 400 402 400 401 401 400 400 402
0 0 0 0 0 0 0 0 0 0
0 0 1 1 1 1 1 1 1 1
0 0 1 0 1 0 0 1 0 0
0 1 1 1 1 0 0 1 0 0
0 1 1 1 1 0 0 1 0 0
0 1 0 1 1 1 1 1 0 0
0 1 0 1 1 1 1 1 0 0
0 1 0 1 1 1 1 1 1 0
0 1 0 0 1 0 0 1 0 0
0 2 0 0 1 1 1 1 1 0
Maze 46
115 144 3.0909090909 2.3466054396 113 0.393680668904598
78 88 71 8 23 21 36 58 96 1 29 68 41 98 43 78
400 81 1 3 400 31 56 56 91 21 28 61 91 93 73
400 401 402 402 400 401 401 402 401 401 402 401 401 401 401
1 1 1 1 1 1 1 1 0 0
1 0 1 0 0 0 0 0 0 0
1 1 1 1 1 1 1 1 1 0
1 1 1 1 1 1 0 1 0 0
1 0 1 0 0 1 0 1 0 0
1 0 1 0 0 1 1 1 0 0
1 1 1 1 1 1 1 1 0 0
1 0 1 1 1 1 1 2 0 0
1 1 1 1 1 1 1 1 0 0
1 1 1 1 1 1 1 1 0 0
Maze 47
97 13 2.9830508475 2.2130222928 77 0.388649665951981
19 19 36 49 53 90 72 1 71 62 25 49 4 69 100 19
400 16 46 43 83 82 71 400 61 22 45 44 64 99 99
400 402 401 402 401 401 401 400 402 402 401 401 401 401 401
1 0 0 1 0 0 0 0 0 0
1 0 0 1 0 1 1 1 2 0
1 1 1 1 1 1 0 0 1 0
1 1 0 1 1 1 0 0 1 0
1 1 1 1 1 1 1 1 1 0
1 1 1 1 0 0 0 0 1 0
1 1 1 1 1 1 1 1 1 0
1 1 1 0 0 0 0 0 1 0
0 1 1 1 1 1 1 1 1 1
0 0 0 0 0 0 0 0 1 1
Maze 48
97 138 3.2000000000 2.1376306737 55 0.364101945601451
29 74 77 81 79 89 26 40 79 8 70 8 6 83 89 29
24 400 71 71 400 86 36 39 78 68 68 400 3 400 400
402 400 402 402 400 401 401 402 401 401 401 400 402 400 400
0 0 1 1 1 1 1 1 0 0
0 0 1 0 0 0 0 1 0 0
0 0 1 1 1 1 1 1 2 0
0 0 1 1 0 1 1 1 1 1
0 0 1 1 0 1 0 1 1 0
0 0 1 1 0 1 0 1 1 0
0 0 1 1 0 1 0 1 1 1
1 1 1 1 1 1 1 1 1 0
1 0 1 1 1 1 1 1 1 0
0 0 0 0 0 0 0 0 0 0
Maze 49
105 1775 3.0847457627 2.2501375513 91 0.381102267339103
38 13 81 20 64 33 11 53 96 98 28 42 46 41 88 38
33 11 11 14 63 31 51 93 400 400 22 400 400 81 400
401 402 402 402 401 401 401 401 400 400 402 400 400 401 400
0 0 0 0 0 0 0 0 0 0
1 1 1 1 1 1 1 1 1 1
1 1 1 1 1 1 1 1 0 0
1 1 1 1 1 1 1 2 0 0
1 1 1 1 1 1 0 1 0 0
1 1 1 1 0 0 0 1 0 0
1 0 1 1 0 0 0 1 0 0
1 0 1 0 0 0 0 1 0 0
1 1 1 1 1 1 1 1 0 0
0 0 1 1 1 1 1 1 0 0
Maze 50
95 87 2.9491525424 2.2712597216 77 0.388062579487100
91 63 64 59 72 32 8 65 97 69 85 92 15 34 39 91
61 400 54 52 400 2 5 95 67 65 82 12 14 400 31
402 400 402 402 400 402 402 401 402 402 402 402 402 400 402
0 1 1 1 1 1 1 1 0 0
0 1 1 1 1 0 0 0 0 0
0 1 0 1 1 0 0 0 0 0
1 1 1 1 1 1 1 1 1 0
1 1 0 0 1 0 0 0 0 0
1 1 1 1 1 1 1 1 1 0
1 1 1 1 1 1 1 1 1 0
1 1 0 0 1 0 1 0 0 0
1 1 1 1 1 0 1 0 0 0
2 1 0 0 1 1 1 0 0 0
Maze 51
85 7 3.0588235294 2.1524182109 24 0.349854853542414
85 97 29 38 8 61 1 22 43 99 73 13 76 86 72 85
95 27 28 400 1 400 21 42 93 93 400 73 400 82 82
401 402 402 400 402 400 401 401 401 401 400 401 400 401 401
1 1 1 1 1 1 1 1 0 0
1 0 1 0 0 0 0 1 0 0
1 1 1 0 0 0 1 1 1 0
1 1 1 0 0 0 1 1 0 0
1 1 1 0 0 0 1 0 0 0
1 0 1 0 0 0 1 0 0 0
1 0 1 0 0 0 1 0 0 0
0 1 1 1 1 1 1 0 0 0
0 1 1 1 2 1 1 0 0 0
0 0 1 1 1 1 1 1 1 0
Maze 52
127 782 3.4411764706 2.2133106447 153 0.396101653348588
43 94 48 22 38 23 87 40 99 13 92 24 17 86 10 43
93 44 42 32 33 83 37 39 93 12 22 14 16 6 3
401 402 401 401 401 401 402 402 401 402 402 402 402 402 402
0 0 1 1 1 1 1 1 1 1
0 1 1 1 1 1 1 0 0 0
0 1 1 1 0 1 0 0 0 0
0 1 1 1 1 1 1 1 1 1
0 1 2 1 1 1 1 1 1 0
0 1 1 1 0 1 1 0 1 0
0 1 1 1 0 1 1 0 1 0
0 1 1 1 0 1 1 0 1 0
0 1 1 1 1 1 1 0 1 0
0 1 1 1 1 1 1 1 1 0
Maze 53
101 82 3.0877192982 2.1596455172 56 0.386297589233149
50 81 45 88 41 48 58 60 38 23 76 8 63 18 29 50
41 41 85 81 400 400 400 58 33 73 6 3 13 28 49
402 402 401 401 400 400 400 401 401 401 402 402 402 401 401
0 0 1 1 1 1 1 1 0 0
0 0 1 1 1 1 1 1 0 0
0 0 1 0 0 1 0 1 1 0
0 0 1 1 1 1 1 1 1 0
1 1 1 1 1 1 1 1 1 2
1 0 1 0 1 1 0 1 1 1
1 0 1 0 1 1 0 0 0 0
1 0 1 1 1 1 0 0 0 0
1 1 1 1 1 1 1 1 0 0
0 0 0 0 0 0 0 0 0 0
Maze 54
91 116 3.5238095238 1.9623990718 56 0.386161097859768
92 90 94 57 71 87 54 86 5 76 16 47 64 77 96 92
82 84 54 51 81 84 84 85 75 400 46 44 74 76 400
402 402 402 402 401 401 401 401 401 400 401 402 401 402 400
0 0 0 0 1 0 0 0 0 0
0 0 0 0 1 1 0 0 0 0
0 0 0 0 1 1 0 0 0 0
0 0 0 0 1 1 0 0 0 0
0 0 0 1 1 1 1 0 0 0
1 1 1 1 1 1 1 0 0 0
1 0 0 1 1 1 0 0 0 0
1 0 0 1 1 1 1 0 0 0
1 1 1 1 1 1 1 1 1 1
0 2 1 1 1 1 0 0 0 0
Maze 55
99 71 2.8813559322 2.2597322645 65 0.373786389560602
94 1 25 76 90 94 56 29 35 45 14 91 8 27 63 94
91 21 75 86 84 54 26 25 400 44 11 1 7 23 93
401 401 401 401 402 402 402 402 400 401 402 402 402 402 401
1 1 1 1 1 1 1 1 0 0
1 1 1 1 0 0 1 0 0 0
1 1 1 1 1 1 1 1 1 0
1 0 1 1 1 1 0 0 0 0
1 0 1 1 1 1 0 0 0 0
1 0 1 1 1 1 0 0 0 0
1 0 1 1 1 0 0 0 0 0
1 0 1 1 1 1 0 0 0 0
1 0 1 1 1 1 1 1 1 1
1 1 1 2 0 0 0 0 0 0
Maze 56
75 66 3.0869565217 2.1609643088 35 0.399523004838127
72 81 66 12 48 40 70 84 38 86 67 70 58 88 72 72
71 61 62 42 38 400 64 34 36 66 400 68 400 82 400
402 402 401 401 402 400 402 402 402 402 400 401 400 401 400
0 0 0 0 0 0 0 0 0 0
0 1 0 0 0 0 0 0 0 0
0 1 0 0 0 0 0 0 0 0
0 1 0 1 1 1 1 1 1 1
0 1 1 1 1 1 1 1 0 1
0 1 0 1 0 1 0 1 0 1
1 1 1 1 1 1 1 1 1 1
1 2 0 1 0 1 0 1 0 0
1 1 1 1 1 1 1 1 0 0
0 0 0 0 0 0 0 0 0 0
Maze 57
95 44 3.7894736842 1.7871710941 65 0.375123798181275
86 5 47 6 57 75 53 55 20 83 55 73 25 67 33 86
85 45 46 56 55 73 400 15 13 53 53 23 65 63 83
401 401 401 401 402 401 400 402 402 402 402 402 401 401 401
0 0 0 0 1 1 0 0 0 0
0 0 1 1 1 1 1 1 1 1
0 0 1 1 1 1 0 0 0 0
0 0 1 0 1 1 0 0 0 0
0 0 1 0 1 1 1 0 0 0
0 0 1 1 1 1 1 0 0 0
0 0 1 1 1 1 1 0 0 0
0 0 1 1 1 0 0 0 0 0
0 0 1 1 1 2 0 0 0 0
0 0 0 0 0 0 0 0 0 0
Maze 58
97 440 3.0508474576 2.2448174662 77 0.387912006474507
99 31 93 16 52 77 68 63 68 45 29 18 86 53 54 99
91 91 13 12 72 67 400 400 65 25 28 16 83 400 94
401 401 402 402 401 402 400 400 401 402 401 402 401 400 401
0 0 0 0 0 0 0 0 0 0
0 1 1 1 1 1 1 1 0 0
0 1 1 0 1 1 1 1 1 0
1 1 1 0 1 1 0 0 0 0
1 1 1 0 1 1 0 0 0 0
1 1 1 1 1 1 0 0 0 0
1 1 1 1 1 1 1 1 0 0
1 1 1 1 1 1 1 0 0 0
1 0 1 1 1 1 0 0 0 0
1 1 1 1 1 1 1 1 2 0
Maze 59
95 59 2.8888888889 2.3796756558 71 0.404724750924842
16 71 30 70 38 53 67 99 96 80 27 49 62 26 34 16
11 21 400 68 33 63 97 400 76 77 47 42 22 24 14
402 402 400 401 402 401 401 400 402 401 401 402 402 402 402
0 0 0 0 0 0 0 0 0 0
1 1 1 1 1 2 0 0 0 0
1 1 1 1 1 1 1 1 1 1
1 1 1 1 1 1 1 1 0 1
1 1 1 1 1 1 1 1 1 1
1 1 1 0 0 0 1 1 0 1
1 1 1 1 1 1 1 1 1 1
1 0 0 0 0 1 1 1 1 1
0 0 0 0 0 1 1 0 0 0
0 0 0 0 0 1 1 1 1 0
Maze 60
101 14 3.4782608696 2.0721391996 64 0.389291534524757
64 31 89 37 66 41 97 41 69 68 22 54 38 34 66 64
61 81 87 36 61 91 91 61 400 62 52 34 400 64 400
401 401 401 402 401 401 401 401 400 401 401 402 400 401 400
0 0 0 0 0 0 0 0 0 0
0 0 0 0 0 0 0 0 0 0
0 1 0 0 0 0 0 0 0 0
1 1 0 1 1 1 1 1 0 0
1 1 0 1 0 1 1 0 0 0
1 1 1 1 0 1 1 0 0 0
1 1 1 2 1 1 1 1 1 0
1 0 0 0 0 0 1 0 0 0
1 1 1 1 1 1 1 1 1 0
1 1 1 1 1 1 1 0 0 0
Maze 61
109 619 3.1929824561 2.0028468331 97 0.395792399431634
85 58 40 42 87 79 2 15 73 48 80 63 74 32 10 85
55 38 32 82 77 72 12 13 43 78 73 73 72 2 5
402 402 402 401 402 401 401 402 402 401 401 401 401 402 402
0 1 1 1 1 1 1 1 1 1
0 1 1 1 1 0 0 0 0 0
0 1 1 0 1 0 0 0 0 0
0 1 1 1 1 1 1 1 1 1
0 1 1 1 1 1 1 1 0 0
0 1 1 0 1 1 1 1 0 0
0 1 1 0 1 0 0 1 0 0
0 1 1 1 1 1 1 1 1 1
0 1 1 1 2 1 1 0 0 0
0 0 0 0 0 0 0 0 0 0
Maze 62
105 53 3.0344827586 2.0778394245 99 0.385649295496839
12 47 4 82 5 9 32 71 5 53 68 30 85 73 63 12
42 44 2 2 400 2 31 1 3 63 28 25 83 400 62
401 401 402 402 400 402 402 402 402 401 402 402 401 400 401
1 1 1 1 1 1 1 1 1 0
1 2 1 1 0 0 0 0 0 0
1 1 1 1 1 1 1 1 1 1
1 1 1 1 1 0 0 1 0 0
1 1 1 1 1 1 1 1 0 0
1 1 1 0 1 0 0 1 0 0
1 1 1 1 1 1 1 1 0 0
1 1 1 0 1 0 0 0 0 0
0 1 1 1 1 0 0 0 0 0
0 0 0 0 0 0 0 0 0 0
Maze 63
75 5 2.7659574468 2.2343625892 30 0.389353665792554
1 74 15 28 49 29 99 99 56 16 28 14 30 34 52 1
71 14 25 48 400 400 400 96 400 26 24 24 24 32 51
401 402 401 401 400 400 400 401 400 401 401 401 402 402 401
2 0 0 0 0 0 0 0 0 0
1 0 0 1 1 1 0 0 0 0
1 0 0 1 1 1 1 1 1 1
1 1 1 1 0 1 0 1 1 0
1 1 0 1 0 1 0 1 1 0
1 1 0 1 0 1 0 0 1 0
1 0 0 1 0 1 0 0 1 0
1 1 1 1 0 1 0 0 1 0
0 0 0 0 0 1 0 0 1 0
0 0 0 0 0 1 1 1 1 0
Maze 64
115 28 3.1636363636 1.8906676006 127 0.371075942050917
66 40 30 64 90 100 28 69 37 62 40 51 88 22 89 66
36 400 24 84 400 98 68 67 32 32 31 81 82 82 86
402 400 402 401 400 401 401 401 402 402 402 401 401 401 401
0 0 0 0 0 0 0 0 0 0
0 0 0 0 0 0 0 0 0 0
0 1 0 1 1 1 1 1 1 1
1 1 1 1 1 1 1 1 1 1
1 1 0 1 0 1 1 1 0 0
1 1 0 1 0 1 1 1 0 0
1 1 0 1 0 2 1 1 1 0
1 1 0 1 0 1 0 1 0 0
1 1 1 1 1 1 1 1 1 1
0 0 0 0 0 0 0 1 1 1
Maze 65
83 6 3.0416666667 2.1721257916 22 0.379522050255723
29 37 32 73 81 91 11 2 42 32 38 15 67 1 80 29
27 400 72 71 400 400 1 400 400 400 35 65 61 71 79
402 400 401 402 400 400 402 400 400 400 401 401 401 401 401
1 1 0 0 0 0 0 0 0 0
1 1 0 0 1 0 0 0 0 0
1 1 0 0 1 0 1 1 2 0
1 1 1 1 1 1 1 1 1 0
1 1 0 0 1 0 0 0 1 0
1 1 0 0 1 0 0 0 1 0
1 1 1 1 1 1 1 0 1 0
1 1 1 1 1 1 1 1 1 1
1 0 0 0 0 0 0 0 0 0
1 0 0 0 0 0 0 0 0 0
Maze 66
111 21 3.0566037736 1.9914407138 57 0.384975230907150
5 99 66 61 42 11 3 91 19 16 78 21 24 11 91 5
95 96 400 41 41 1 1 11 400 76 71 400 21 400 1
401 401 400 402 401 402 402 402 400 401 401 400 401 400 402
1 1 1 1 2 0 0 0 0 0
1 1 1 1 1 1 1 1 1 0
1 1 1 1 1 1 0 0 0 0
1 0 0 0 1 1 0 0 0 0
1 1 0 0 1 1 0 0 0 0
1 0 0 0 1 1 0 0 0 0
1 1 1 1 1 1 0 0 0 0
1 1 1 1 1 1 1 1 0 0
1 0 0 0 1 1 0 0 0 0
1 0 0 0 1 1 1 1 1 0
Maze 67
79 8 2.9777777778 1.9844081985 25 0.365464719501302
17 76 38 56 47 8 45 6 26 89 24 31 75 66 18 17
16 36 36 46 7 5 5 400 86 84 21 71 65 16 400
402 402 402 402 402 402 402 400 401 401 402 401 402 402 400
0 0 0 0 1 1 1 1 0 0
0 0 0 0 1 1 2 1 0 0
1 1 1 1 1 1 1 0 0 0
1 0 0 1 1 1 1 1 0 0
1 0 0 1 1 1 1 0 0 0
1 0 0 1 0 1 0 0 0 0
1 0 0 1 1 1 0 0 0 0
1 1 1 1 1 1 0 0 0 0
0 0 0 1 1 1 1 1 1 0
0 0 0 0 0 0 0 0 0 0
Maze 68
97 107 3.1538461538 2.0198898669 71 0.367223935282331
56 96 19 85 40 18 51 40 46 72 25 65 62 83 53 56
400 16 15 35 38 11 31 36 42 22 400 400 82 400 400
400 402 402 402 401 402 402 402 402 402 400 400 401 400 400
0 0 0 0 0 0 0 0 0 0
1 1 1 1 1 1 1 1 1 0
1 1 1 1 1 1 0 1 0 0
1 1 1 1 1 1 1 1 1 1
1 1 1 1 1 1 0 0 0 0
1 1 1 1 1 2 0 0 0 0
0 1 1 1 1 1 0 0 0 0
0 1 1 0 1 1 0 0 0 0
0 1 1 0 1 1 0 0 0 0
0 0 0 0 0 1 0 0 0 0
Maze 69
93 1562 2.9830508475 2.2802289250 30 0.393273191054297
95 34 14 7 16 66 43 49 69 80 42 24 37 92 20 95
94 400 4 6 400 63 400 400 79 72 22 34 32 12 15
401 400 402 402 400 401 400 400 401 401 402 401 402 402 402
0 0 0 1 1 1 1 0 0 0
0 1 1 1 1 1 1 1 1 1
0 1 1 1 1 1 0 0 0 0
0 1 1 1 1 1 1 0 0 0
0 1 1 1 1 1 1 1 1 0
0 1 1 1 1 1 0 0 1 0
0 1 1 1 1 1 0 0 1 0
0 1 1 1 1 1 1 1 1 1
0 1 0 1 1 0 0 0 0 0
0 1 0 1 2 0 0 0 0 0
Maze 70
105 19 3.4385964912 2.2187711799 97 0.380839198440239
65 61 91 25 42 40 83 47 97 83 7 21 31 17 41 65
400 400 21 22 32 33 43 400 93 3 1 400 11 11 61
400 400 402 402 402 402 402 400 401 402 402 400 402 402 401
1 1 1 1 1 1 1 0 0 0
1 1 1 1 1 1 1 0 0 0
1 1 1 1 1 0 0 0 0 0
1 1 1 1 1 1 1 1 1 1
1 1 1 1 1 1 1 0 0 0
1 0 1 0 0 0 1 0 0 0
1 1 1 1 2 0 1 0 0 0
1 0 1 0 0 0 1 0 0 0
1 0 1 0 0 0 1 0 0 0
1 0 1 1 1 1 1 0 0 0
Maze 71
71 6 2.5000000000 2.2863936181 11 0.392573086974776
15 58 53 57 62 92 91 22 35 33 99 87 57 9 14 15
55 400 400 52 400 400 21 32 400 93 97 400 7 4 400
401 400 400 402 400 400 402 401 400 401 401 400 402 402 400
0 0 0 1 1 1 1 1 1 0
0 0 0 1 2 0 1 0 0 0
1 1 0 0 1 0 1 0 0 0
1 1 1 1 1 0 1 0 0 0
1 0 1 0 1 0 1 0 0 0
1 1 1 1 1 1 1 1 0 0
1 1 1 0 0 0 1 0 0 0
1 1 1 0 0 0 1 0 0 0
1 1 1 0 0 0 1 0 0 0
1 1 1 1 1 1 1 1 1 0
Maze 72
113 172 3.0937500000 2.1566795577 92 0.393936179427057
10 97 23 62 27 60 78 48 94 86 1 58 61 55 13 10
7 93 22 22 57 58 400 44 84 81 51 51 51 53 3
402 401 402 402 401 402 400 402 402 401 401 402 402 401 402
1 0 1 1 1 1 1 1 1 2
1 0 1 0 0 0 1 0 0 0
1 1 1 1 1 1 1 0 0 0
1 1 1 0 0 0 1 0 0 0
1 1 1 1 1 1 1 1 0 0
1 1 1 1 1 1 1 1 1 1
1 1 1 1 0 0 1 1 0 0
1 0 1 1 0 0 1 1 0 0
1 1 1 1 1 1 1 0 0 0
0 0 1 1 1 1 1 0 0 0
Maze 73
103 61 3.0847457627 2.1260765237 84 0.376820144631924
51 35 73 99 39 17 97 85 19 95 99 8 95 93 76 51
31 33 93 400 37 400 95 15 15 400 98 5 400 73 71
402 402 401 400 401 400 401 402 402 400 401 402 400 402 401
0 0 0 0 1 1 1 1 0 0
0 0 0 0 1 1 1 1 1 0
0 0 0 0 1 0 1 1 0 0
1 1 1 1 1 0 1 1 1 0
1 0 1 0 1 0 1 1 1 0
2 0 1 0 1 0 1 1 1 0
1 0 1 0 1 0 1 1 1 0
1 1 1 1 1 1 1 1 1 0
0 0 1 0 1 0 1 1 1 0
0 0 1 1 1 1 1 1 1 0
Maze 74
97 278 3.1724137931 2.2225016104 71 0.390109868415148
41 56 29 25 61 72 49 98 50 4 45 19 55 85 3 41
51 26 400 21 71 42 48 48 44 44 15 15 400 83 1
401 402 400 402 401 402 402 402 401 401 402 402 400 401 402
1 1 1 1 0 0 0 0 0 0
1 0 1 1 1 1 1 1 1 0
1 1 1 1 1 1 1 1 1 0
1 0 1 1 1 1 0 0 0 0
2 1 1 1 1 1 1 1 1 1
1 1 1 1 1 1 0 1 0 0
1 1 1 0 1 0 0 1 0 0
1 1 1 0 1 0 0 1 0 0
0 0 1 1 1 0 0 1 0 0
0 0 0 0 0 0 0 1 0 0
Maze 75
95 102 3.4468085106 1.9857456601 51 0.377602590326122
58 63 12 77 45 74 50 94 83 39 22 74 95 99 56 58
53 62 72 75 44 44 44 93 33 32 72 94 400 96 400
402 401 401 401 402 402 402 401 402 401 401 401 400 401 400
0 0 0 0 0 0 0 0 0 0
0 1 0 0 0 0 0 0 0 0
0 1 0 0 0 0 0 0 0 0
0 1 1 1 1 1 1 1 1 0
0 1 1 1 1 1 1 1 1 1
0 1 1 1 1 1 1 2 0 0
0 1 1 1 1 1 0 0 0 0
0 1 1 1 1 1 1 0 0 0
0 0 1 1 0 1 0 0 0 0
0 0 1 1 1 1 1 1 1 0
Maze 76
89 123 3.3061224490 2.0959983016 56 0.399570211359664
15 83 48 71 86 37 45 26 16 76 98 97 30 46 88 15
13 43 41 81 36 35 25 400 400 96 400 27 26 86 85
402 402 402 401 402 402 402 400 400 401 400 402 402 401 401
0 0 0 0 0 0 0 0 0 0
0 0 1 1 2 1 0 0 0 0
0 0 1 0 1 1 1 1 1 1
0 0 1 0 1 1 1 0 0 0
1 1 1 1 1 1 1 1 0 0
1 0 1 0 1 1 1 0 0 0
1 0 1 0 1 1 1 0 0 0
1 0 1 0 1 1 1 0 0 0
1 1 1 1 1 1 1 1 0 0
0 0 0 0 0 1 1 1 0 0
Maze 77
95 32 3.7837837838 1.7532208498 65 0.382330024021769
87 83 41 21 54 92 58 11 71 45 92 35 66 92 71 87
400 81 400 51 52 52 51 400 41 42 32 65 62 91 81
400 401 400 401 402 402 401 400 402 402 402 401 402 401 401
0 0 0 0 0 0 0 0 0 0
1 0 0 0 0 0 0 0 0 0
1 0 0 0 0 0 0 0 0 0
1 1 1 1 1 0 0 0 0 0
1 1 1 1 1 0 0 0 0 0
1 1 1 1 1 1 1 1 0 0
1 1 1 1 1 1 0 0 0 0
1 1 0 0 0 0 0 0 0 0
1 1 1 1 1 1 2 0 0 0
1 1 0 0 0 0 0 0 0 0
Maze 78
99 197 2.9473684211 2.1572959307 64 0.376087142413615
25 48 31 27 59 95 74 49 90 9 13 79 50 83 24 25
45 41 21 57 55 94 44 89 89 3 73 49 43 23 400
401 401 402 401 402 401 402 401 401 402 401 402 402 402 400
0 0 1 1 1 1 1 1 1 0
0 0 1 0 0 0 0 0 1 0
1 1 1 1 2 1 1 0 1 0
1 0 1 0 1 0 1 0 1 0
1 1 1 1 1 1 1 1 1 1
0 0 1 1 1 1 1 1 1 0
0 0 1 1 1 0 0 0 1 0
0 0 1 1 1 1 1 1 1 0
0 0 1 1 1 0 0 0 1 1
0 0 0 1 1 0 0 0 0 0
Maze 79
89 588 2.7741935484 2.3462816181 56 0.390396368968882
8 16 45 75 81 47 17 69 44 39 32 89 8 26 3 8
6 15 400 71 41 400 67 64 34 400 82 88 6 23 400
402 402 400 402 402 400 401 401 402 400 401 401 402 401 400
0 0 1 1 1 1 1 2 0 0
0 0 1 0 1 1 1 1 0 0
0 0 1 1 1 1 1 1 0 0
0 1 1 1 1 1 1 1 1 0
1 1 1 1 1 1 1 1 0 0
1 1 0 1 1 0 1 1 0 0
1 1 0 1 1 1 1 1 1 0
1 1 1 1 1 0 0 1 0 0
1 1 1 1 1 1 1 1 1 0
0 0 0 0 0 0 0 0 0 0
Maze 80
113 575 3.0000000000 2.0885537672 120 0.380623081186919
14 95 64 77 11 57 87 4 100 9 3 97 100 97 36 14
94 94 74 71 51 400 84 94 99 400 93 400 400 96 34
401 401 401 401 401 400 401 401 401 400 401 400 400 401 401
0 0 1 1 1 1 1 1 1 0
1 0 1 2 0 0 0 0 1 0
1 0 1 1 0 0 0 0 1 0
1 0 1 1 1 1 0 0 1 0
1 0 1 1 0 1 0 0 1 0
1 1 1 1 1 1 1 0 1 0
1 0 1 1 0 1 1 0 1 0
1 1 1 1 1 1 1 0 1 0
0 0 1 1 1 1 1 0 1 0
0 0 1 1 1 1 1 1 1 1
Maze 81
97 308 3.1538461538 2.0359730652 71 0.362199173957842
32 70 20 59 60 30 13 87 69 13 26 22 94 49 62 32
62 400 19 400 400 23 83 67 63 23 400 92 44 42 400
401 400 402 400 400 401 401 402 401 401 400 401 402 402 400
0 0 0 0 0 0 0 0 0 0
0 0 1 0 0 0 0 0 1 1
0 1 1 1 1 1 1 1 1 1
0 2 1 0 0 0 0 0 1 1
0 1 1 1 1 1 1 1 1 1
0 1 1 1 0 0 0 0 1 1
0 1 1 1 1 1 1 1 1 1
0 1 1 1 0 0 1 0 0 0
0 1 1 1 1 1 1 0 0 0
0 1 1 1 0 0 0 0 0 0
Maze 82
89 8 3.3658536585 1.8546761741 45 0.379182792308551
4 50 39 68 79 64 12 62 67 42 27 42 13 2 77 4
44 49 38 78 74 62 400 400 62 22 22 12 12 72 74
401 401 402 401 401 401 400 400 401 402 402 402 401 401 401
0 1 0 2 0 0 0 0 0 0
0 1 1 1 0 0 0 0 0 0
0 1 1 1 1 1 1 0 0 0
0 1 0 1 0 0 0 1 1 0
0 1 0 1 1 1 1 1 1 1
0 1 0 1 0 0 0 1 0 0
0 1 1 1 1 1 1 1 0 0
0 1 1 1 1 1 1 1 1 0
0 0 0 0 0 0 0 0 0 0
0 0 0 0 0 0 0 0 0 0
Maze 83
103 175 3.1929824561 2.2041294364 62 0.376717822041555
87 15 63 96 32 37 88 53 6 8 42 95 83 94 29 87
85 13 93 92 400 87 83 3 400 2 92 93 93 24 27
401 402 401 401 400 401 401 402 400 402 401 401 401 402 402
0 1 1 1 1 1 1 1 0 0
0 1 1 1 1 0 0 0 0 0
0 1 1 1 1 1 1 1 1 0
0 1 1 1 1 1 1 0 0 0
0 1 1 1 1 0 1 0 0 0
0 1 1 1 1 0 1 0 0 0
0 1 1 1 1 0 1 0 0 0
0 1 1 1 1 0 1 0 0 0
0 1 1 1 1 1 2 1 0 0
0 1 1 1 1 1 0 0 0 0
Maze 84
115 4452 3.1641791045 2.2536444097 156 0.385589831892092
59 94 71 22 18 70 61 87 46 29 96 4 93 1 32 59
54 91 21 12 68 400 81 86 26 26 94 3 91 31 52
402 401 402 402 401 400 401 401 402 402 401 402 401 401 401
1 0 1 1 0 0 0 0 0 0
1 1 1 1 1 1 1 1 0 0
1 1 1 1 0 1 1 1 1 0
1 1 1 1 0 1 0 1 0 0
1 1 1 1 0 1 0 1 0 0
1 1 1 1 1 1 1 1 2 0
1 1 1 1 1 1 1 1 1 1
1 0 1 1 0 1 0 0 0 0
1 1 1 1 1 1 1 0 0 0
1 1 1 1 1 1 0 0 0 0
Maze 85
93 7 3.0943396226 2.1425375218 50 0.374272854194852
4 6 56 70 8 74 54 98 11 48 91 21 33 3 13 4
400 400 66 68 4 400 94 91 41 41 400 31 400 400 3
400 400 401 401 402 400 401 401 401 402 400 401 400 400 402
0 0 1 2 1 1 1 1 0 0
1 0 1 1 0 1 0 1 0 0
1 0 1 1 0 1 0 1 0 0
1 1 1 1 0 1 0 1 0 0
1 1 1 1 1 1 1 1 0 0
1 0 0 1 0 1 0 1 0 0
1 0 0 1 0 1 1 1 1 1
1 0 0 1 0 0 0 0 0 0
1 0 0 1 0 0 0 0 0 0
1 1 1 1 1 1 1 1 0 0
Maze 86
77 552 2.7500000000 2.3875767629 35 0.370206043306664
94 27 15 17 1 42 46 77 48 58 52 51 68 6 12 94
24 25 400 11 41 400 76 47 400 400 400 61 66 2 92
402 401 400 401 401 400 401 402 400 400 400 401 401 402 401
1 1 1 1 1 1 0 0 0 0
1 1 1 1 1 1 1 0 0 0
1 1 0 1 1 1 1 0 0 0
1 1 0 1 0 1 0 0 0 0
1 1 1 1 1 1 1 1 0 0
1 1 1 1 1 1 1 1 0 0
1 1 1 1 1 1 1 1 0 0
0 1 0 1 0 1 1 0 0 0
0 1 0 1 0 0 0 0 0 0
0 1 1 2 0 0 0 0 0 0
Maze 87
99 10 2.7843137255 1.8651989032 77 0.398781536647559
50 7 39 99 72 99 91 94 83 97 58 92 98 73 4 50
47 37 400 92 92 400 400 93 93 57 52 400 93 3 44
401 401 400 401 401 400 400 401 401 402 402 400 401 402 401
0 0 1 1 0 0 1 0 0 0
0 0 1 1 0 0 1 0 0 0
0 0 1 1 0 0 1 0 0 0
0 0 1 1 0 0 1 1 1 0
0 0 1 1 1 1 1 1 1 2
0 1 1 1 1 1 1 1 1 0
0 1 1 0 0 0 1 0 1 0
0 1 1 0 0 0 1 0 1 0
0 1 1 0 0 0 1 0 1 0
1 1 1 1 1 1 1 1 1 0
Maze 88
107 97 2.7761194030 2.2073341229 81 0.359654772145868
35 71 52 63 100 60 19 27 11 10 63 80 63 100 8 35
31 51 62 93 400 59 17 21 1 3 73 73 93 98 5
402 402 401 401 400 401 402 401 402 402 401 401 401 401 402
1 1 1 1 1 1 1 1 1 1
1 0 1 0 1 0 1 1 1 0
1 1 1 1 1 1 1 1 1 0
1 1 1 1 2 0 0 1 1 0
1 0 1 0 0 0 0 1 1 0
1 1 1 0 0 0 0 1 1 1
1 1 1 0 0 0 0 1 0 1
1 0 1 1 1 1 1 1 1 1
0 0 1 0 0 0 0 1 0 1
0 0 1 1 1 1 1 1 1 1
Maze 89
105 178 3.6800000000 2.0022881626 105 0.376823158421366
89 72 79 57 34 73 83 3 35 11 69 34 93 55 2 89
82 400 77 54 33 400 400 33 31 61 64 33 53 52 82
401 400 401 401 402 400 400 401 401 401 401 402 402 401 401
0 1 1 0 0 0 0 0 0 0
1 1 1 0 0 0 0 0 0 0
1 1 1 0 0 0 0 0 0 0
1 1 1 1 1 0 0 0 0 0
1 1 1 1 0 0 0 0 0 0
1 1 1 1 1 1 1 0 0 0
1 1 1 1 1 1 1 1 1 0
0 1 1 1 1 1 1 1 1 0
0 1 1 1 1 1 1 1 2 0
0 0 1 0 0 0 0 0 0 0
Maze 90
91 48 3.1698113208 2.1903968493 50 0.389654461018652
44 22 27 26 10 45 83 63 69 81 49 14 6 75 97 44
42 400 400 6 5 43 400 400 61 41 44 4 5 95 94
401 400 400 402 402 402 400 400 402 402 401 402 402 401 401
0 0 0 1 1 1 1 1 1 1
0 0 0 1 1 1 0 0 0 0
0 1 1 1 1 1 1 0 0 0
0 1 0 1 1 0 0 0 0 0
1 1 1 2 1 1 1 1 1 0
1 0 1 1 1 0 0 0 0 0
1 1 1 1 1 1 1 1 1 0
1 0 1 1 1 0 0 0 0 0
1 0 1 1 1 0 0 0 0 0
0 0 0 1 1 1 1 0 0 0
Maze 91
115 10 3.4901960784 1.8636831187 82 0.377089901046653
100 73 67 90 15 95 62 94 33 10 44 13 69 5 85 100
93 63 87 85 400 92 92 93 3 4 43 63 65 400 95
401 402 401 401 400 401 401 401 402 402 401 401 401 400 401
0 0 1 1 1 1 1 1 1 1
0 0 1 1 1 0 0 0 0 0
0 0 1 1 1 0 0 0 0 0
0 0 1 1 1 0 0 0 0 0
0 0 1 1 1 0 0 0 0 0
0 0 1 0 1 0 0 0 0 0
0 1 1 1 1 1 1 1 1 0
0 1 1 0 1 0 1 0 0 0
0 1 1 0 1 1 1 1 1 1
0 1 1 1 1 1 1 1 1 2
Maze 92
101 78 2.9836065574 2.2718348948 53 0.399279945045855
8 79 47 73 72 23 36 23 90 91 59 36 24 82 61 8
78 77 43 400 22 33 33 83 81 51 56 34 22 81 1
401 401 402 400 402 401 401 401 402 402 401 401 402 401 402
1 1 1 1 1 1 1 2 0 0
1 0 0 0 0 0 0 1 0 0
1 1 1 1 0 0 0 1 0 0
1 1 1 1 1 1 0 1 0 0
1 1 1 1 1 1 1 1 0 0
1 1 1 1 1 1 1 1 1 0
1 1 1 0 0 0 1 1 0 0
1 1 1 0 0 0 1 1 1 0
1 1 1 1 1 1 1 1 1 1
1 0 0 0 0 0 0 0 0 0
Maze 93
111 128 3.3090909091 1.9916832257 92 0.372350617015425
57 54 51 89 20 47 81 53 91 19 74 89 2 62 55 57
400 400 81 19 17 41 51 51 11 14 84 82 400 52 400
400 400 401 402 402 402 402 402 402 402 401 401 400 402 400
0 1 0 0 0 0 0 0 0 0
1 1 1 1 1 1 1 1 1 1
1 1 0 1 0 0 1 0 1 0
1 1 0 1 0 0 1 0 1 0
1 1 1 1 1 1 1 0 1 0
1 1 1 1 1 1 2 0 1 0
1 1 0 1 0 0 0 0 1 0
1 1 0 1 0 0 0 0 1 0
1 1 1 1 1 1 1 1 1 0
1 0 0 0 0 0 0 0 0 0
Maze 94
75 2 2.9545454545 2.0363789200 30 0.391595119924510
25 26 33 47 64 60 91 72 93 89 50 29 69 60 74 25
400 23 43 44 54 51 71 92 83 49 49 400 59 54 24
400 402 401 402 402 402 402 401 402 402 401 400 402 402 402
0 0 0 0 0 0 0 0 0 0
0 0 0 0 0 0 0 0 0 0
0 0 1 1 2 1 0 0 1 0
0 0 1 1 0 0 0 0 1 0
0 0 1 1 1 1 1 0 1 1
1 1 1 1 1 1 1 1 1 1
1 0 0 1 0 0 0 0 1 0
1 1 0 1 0 0 0 0 1 0
1 1 1 1 1 1 1 1 1 0
1 1 1 0 0 0 0 0 0 0
Maze 95
127 229 3.4666666667 2.0105433592 103 0.383983395720947
10 72 12 100 54 71 92 20 62 74 39 36 21 81 46 10
2 400 92 94 51 91 12 12 72 34 400 31 400 41 6
402 400 401 401 402 401 402 402 401 402 400 401 400 402 402
0 1 1 1 1 1 1 1 1 2
0 1 1 1 1 1 1 1 1 1
1 1 0 0 0 1 0 0 0 0
1 1 1 1 1 1 1 1 1 0
1 1 1 1 1 1 0 0 0 0
1 1 1 1 0 0 0 0 0 0
1 1 0 1 0 0 0 0 0 0
1 1 1 1 0 0 0 0 0 0
1 1 0 1 0 0 0 0 0 0
1 1 1 1 1 1 1 1 1 1
Maze 96
97 37 2.9310344828 2.2573010794 77 0.385213084594102
84 91 53 29 51 6 5 2 15 89 89 1 32 38 60 84
81 51 23 21 1 400 400 12 85 400 81 31 400 58 54
402 402 402 402 402 400 400 401 401 400 401 401 400 401 402
1 1 1 1 1 1 0 0 0 0
1 1 1 1 1 0 0 0 0 0
1 1 1 1 1 1 1 1 1 0
1 1 1 1 1 1 1 1 0 0
1 0 1 0 1 0 0 1 0 0
1 1 1 1 1 1 1 1 1 1
1 0 0 1 1 0 0 0 0 0
1 0 0 1 1 0 0 0 0 0
1 1 1 2 1 1 1 1 1 0
1 0 0 0 0 0 0 0 0 0
Maze 97
115 1511 3.4827586207 2.0622132102 148 0.387499998820867
50 39 94 19 77 9 65 97 16 73 18 69 74 17 16 50
49 34 14 17 7 5 95 96 13 13 68 64 14 400 46
401 402 402 402 402 402 401 401 402 402 401 402 402 400 401
0 0 0 0 1 1 1 1 1 0
0 0 1 1 1 1 1 1 1 0
0 0 1 1 1 1 1 1 0 0
0 0 1 1 1 1 1 1 1 0
0 0 1 1 1 1 1 1 1 2
0 0 1 1 1 1 1 1 0 0
0 0 1 1 1 1 1 1 1 0
0 0 1 1 1 1 1 0 0 0
0 0 0 1 1 1 0 0 0 0
0 0 0 1 1 1 1 0 0 0
Maze 98
93 19 3.1785714286 2.2435598881 36 0.381057370885339
96 1 40 35 28 18 8 4 60 85 76 6 24 6 90 96
91 31 400 25 400 400 400 54 55 75 400 4 4 86 86
401 401 400 402 400 400 400 401 402 402 400 402 402 401 402
1 0 0 1 1 1 1 1 0 0
1 0 0 1 0 1 0 1 0 0
1 0 0 1 1 1 1 1 0 0
1 1 1 1 1 1 1 1 1 1
1 0 0 1 0 1 0 0 0 0
1 0 0 1 1 1 1 1 1 1
1 0 0 0 1 1 0 0 0 0
1 0 0 0 1 1 0 0 0 0
1 0 0 0 1 1 1 1 1 1
1 1 1 1 1 2 0 0 0 0
Maze 99
83 59 3.5000000000 2.1209434717 30 0.371926518382578
53 28 80 47 57 79 89 48 23 2 68 82 65 18 26 53
23 78 77 400 77 400 88 43 22 62 62 62 15 16 23
402 401 401 400 401 400 401 401 401 401 402 402 402 402 402
0 1 0 0 0 0 0 0 0 0
0 1 0 0 1 1 1 1 0 0
0 1 1 1 1 1 1 1 0 0
0 1 1 0 1 0 0 1 0 0
0 1 1 1 1 1 1 1 0 0
0 1 2 0 1 0 1 1 0 0
0 1 1 1 1 1 1 1 0 0
0 1 0 0 0 0 1 1 1 1
0 1 0 0 0 0 0 1 1 0
0 0 0 0 0 0 0 0 0 0
Maze 100
115 210 2.7692307692 2.1529397116 120 0.399974555712250
92 39 58 61 13 81 23 82 24 48 98 41 39 10 80 92
32 38 51 11 11 21 22 22 44 400 91 31 9 400 72
402 402 402 402 402 402 402 402 401 400 401 402 402 400 402
0 0 0 0 0 0 0 0 1 1
1 1 1 0 0 0 0 0 1 1
1 1 1 1 0 0 0 0 1 1
1 1 1 1 1 1 1 1 1 1
1 1 0 1 1 1 1 1 0 1
1 1 1 1 1 1 1 1 0 1
1 1 0 0 0 0 0 1 0 1
1 1 1 1 1 1 1 1 1 1
1 1 0 0 0 0 0 1 0 0
1 2 1 1 1 1 1 1 0 0
Maze 101
93 38 3.0212765957 2.0377763663 24 0.370538276547054
78 81 32 85 88 89 90 87 41 100 50 41 85 75 41 78
71 31 82 400 400 400 400 81 91 400 400 81 400 71 71
402 402 401 400 400 400 400 401 401 400 400 401 400 401 401
0 0 0 0 0 0 0 0 0 0
0 0 0 0 0 0 0 0 0 0
0 0 0 0 0 0 0 0 0 0
1 1 0 0 0 0 0 0 0 0
1 1 1 1 1 1 1 1 1 1
1 1 0 0 0 0 0 0 0 1
1 1 0 0 0 0 0 0 0 1
1 1 1 1 1 1 1 2 0 1
1 1 1 1 1 1 1 1 1 1
1 1 1 1 1 1 1 1 1 1
Maze 102
105 100 2.6875000000 2.0732409278 91 0.395252212333266
26 38 52 8 13 84 41 10 60 67 34 19 83 93 21 26
36 32 2 3 83 81 1 400 57 64 14 13 400 91 400
401 402 402 402 401 401 402 400 402 401 402 402 400 401 400
1 1 1 1 1 1 1 1 1 1
1 1 1 1 1 1 1 1 1 1
1 1 1 1 1 2 0 0 0 1
1 1 1 1 1 1 1 1 0 1
1 1 1 1 0 0 0 0 0 1
1 1 1 1 0 0 1 1 1 1
1 0 1 1 1 1 1 0 0 0
1 0 1 0 0 0 0 0 0 0
1 1 1 1 0 0 0 0 0 0
1 1 1 0 0 0 0 0 0 0
Maze 103
93 32 3.0454545455 1.7895467512 32 0.391203857146507
3 32 79 55 7 68 92 76 22 4 26 17 79 84 82 3
2 72 75 5 67 62 72 72 2 24 16 77 74 400 2
402 401 401 402 401 402 402 401 402 401 402 401 402 400 402
0 1 2 1 1 1 1 0 0 0
0 1 0 1 1 1 1 0 0 0
0 1 0 1 1 1 1 0 0 0
0 1 0 0 1 0 1 0 0 0
0 1 0 0 1 0 1 0 0 0
0 1 0 0 1 0 1 0 0 0
0 1 1 1 1 1 1 1 0 0
0 1 1 1 1 1 1 1 1 0
0 1 1 1 0 0 0 0 0 0
0 1 0 0 0 0 0 0 0 0
Maze 104
103 21 3.2075471698 1.9587740159 77 0.378447822212428
23 66 46 65 69 49 84 11 30 62 14 72 5 12 48 23
63 400 45 400 400 44 81 21 22 12 12 2 2 42 43
401 400 402 400 400 402 401 401 402 402 402 402 402 401 401
0 1 1 1 1 0 0 0 0 0
1 1 1 1 0 0 0 0 0 0
1 1 2 1 1 1 1 1 1 1
1 1 1 0 0 0 0 0 0 0
1 1 1 1 1 1 1 1 1 0
1 1 1 1 1 1 0 0 1 0
1 1 1 1 1 1 1 1 1 0
1 1 0 1 0 0 0 0 0 0
1 1 1 1 0 0 0 0 0 0
0 0 0 0 0 0 0 0 0 0
Maze 105
95 29 3.2800000000 1.9857456601 60 0.407091168141667
10 46 69 92 53 28 70 73 94 63 54 42 30 15 75 10
6 66 62 52 23 68 63 93 93 53 52 22 25 400 5
402 401 402 402 402 401 402 401 401 402 401 402 401 400 402
0 0 0 0 1 1 1 1 1 2
0 0 0 0 1 1 0 0 0 0
0 1 1 1 1 1 1 1 1 1
0 1 1 0 1 1 0 1 0 0
0 1 1 0 1 1 0 1 0 0
0 1 1 1 1 1 0 1 0 0
0 1 1 1 1 1 1 1 1 1
0 1 1 0 1 0 0 0 0 0
0 1 1 0 0 0 0 0 0 0
0 1 1 1 0 0 0 0 0 0
Maze 106
77 45 3.0000000000 2.0853103103 30 0.395969869841228
84 58 68 13 48 38 48 35 88 70 84 83 42 42 29 84
54 400 63 43 400 400 45 85 68 64 400 82 400 22 24
402 400 401 401 400 400 401 401 402 402 400 401 400 402 402
0 0 0 0 0 0 0 0 0 0
0 0 1 0 0 0 0 0 0 0
0 1 1 1 1 1 1 1 1 0
0 1 1 1 1 0 0 1 0 0
0 1 1 1 1 1 1 1 0 0
0 1 1 1 1 1 1 1 0 0
0 1 1 1 1 1 1 1 1 1
0 1 0 1 1 0 0 1 0 0
0 1 1 2 1 1 1 1 0 0
0 0 0 0 0 0 0 0 0 0
Maze 107
91 22 3.3170731707 1.7952698096 40 0.408409583234457
53 14 81 63 14 82 47 71 48 77 49 29 67 47 16 53
13 11 61 13 12 42 41 41 47 47 400 27 400 46 13
402 402 402 402 402 402 402 402 402 402 400 402 400 401 402
0 0 0 0 0 0 0 0 0 0
1 1 1 1 1 1 0 0 0 0
1 1 1 0 0 1 1 1 1 0
1 1 1 0 0 1 1 0 1 0
1 1 1 1 1 1 1 1 1 0
1 1 2 0 0 0 1 0 0 0
1 1 1 0 0 0 1 0 0 0
1 1 0 0 0 0 1 0 0 0
1 1 0 0 0 0 0 0 0 0
0 0 0 0 0 0 0 0 0 0
Maze 108
89 4 3.5454545455 2.0738461594 50 0.377231205400065
86 91 71 43 76 33 23 17 24 83 68 47 51 90 52 86
81 400 41 73 73 400 13 14 23 63 67 41 81 82 82
402 400 402 401 401 400 402 402 402 402 401 402 401 401 401
0 0 0 0 0 0 0 0 0 0
0 0 1 1 1 1 1 0 0 0
0 0 1 1 0 0 0 0 0 0
0 0 1 0 0 0 0 0 0 0
1 1 1 1 1 1 1 0 0 0
1 1 1 0 0 0 1 0 0 0
1 1 1 1 1 1 1 1 0 0
1 1 1 1 1 1 0 0 0 0
1 1 1 1 1 2 1 1 1 1
1 0 0 0 0 0 0 0 0 0
Maze 109
91 155 3.2452830189 2.1803772006 50 0.365360203895697
27 29 54 78 55 67 86 20 14 8 29 40 42 17 61 27
400 24 74 75 65 66 16 400 4 28 39 32 12 11 21
400 402 401 401 401 402 402 400 402 401 401 402 402 402 402
0 0 0 1 1 1 1 1 0 0
1 1 1 1 1 1 1 1 1 1
1 1 1 1 1 1 2 1 1 0
1 1 1 1 1 1 1 1 1 1
1 1 0 1 0 1 0 0 0 0
1 0 0 1 1 1 0 0 0 0
1 0 0 1 1 1 1 0 0 0
0 0 0 1 1 1 1 1 0 0
0 0 0 0 0 1 0 0 0 0
0 0 0 0 0 0 0 0 0 0
Maze 110
89 65 2.8363636364 2.1463343897 50 0.363857377376697
33 79 30 17 31 11 45 94 67 10 30 59 49 24 96 33
73 29 27 11 400 41 44 64 7 400 29 400 44 94 93
401 402 401 402 400 401 402 402 402 400 402 400 401 401 401
0 0 0 0 0 0 1 1 1 1
1 1 1 1 1 1 1 0 0 1
1 0 0 1 0 0 1 1 1 1
1 0 2 1 0 0 1 0 1 0
1 1 1 1 1 1 1 1 1 0
0 0 1 1 0 0 1 0 1 0
0 0 1 1 1 1 1 0 1 0
0 0 1 1 1 1 1 1 1 0
0 0 1 1 0 0 0 0 0 0
0 0 1 1 1 1 0 0 0 0
Maze 111
99 118 3.0344827586 2.1647742959 60 0.367148460718997
47 59 88 27 63 18 75 46 58 91 43 6 4 31 98 47
57 58 87 23 13 15 45 56 51 41 3 400 1 91 97
401 402 401 402 402 402 402 401 402 402 402 400 402 401 401
1 1 1 1 1 1 0 0 0 0
1 0 1 1 1 1 1 1 0 0
1 0 1 1 1 1 1 0 0 0
1 0 1 0 1 0 1 0 0 0
1 1 1 0 1 1 2 0 0 0
1 1 1 1 1 1 1 1 1 0
1 0 1 0 1 0 1 1 0 0
1 0 0 0 1 0 1 1 0 0
1 0 0 0 0 0 1 1 0 0
1 1 1 1 1 1 1 1 0 0
Maze 112
103 57 3.0847457627 2.2254194555 64 0.373100337274961
91 88 17 11 42 67 30 11 32 56 70 85 81 17 7 91
81 87 400 41 62 27 21 31 52 66 65 400 11 400 1
402 401 400 401 401 402 401 401 401 401 402 400 402 400 402
1 1 1 1 1 1 1 0 0 0
1 1 1 1 1 1 1 0 0 0
1 1 1 1 1 1 1 1 1 1
1 1 0 0 0 0 1 0 0 0
1 1 0 0 0 0 1 0 0 0
1 1 1 1 1 1 1 0 0 0
1 1 1 1 1 1 1 1 1 1
1 0 0 0 1 0 1 0 0 0
1 1 1 1 1 1 1 1 0 0
2 0 0 0 0 0 0 0 0 0
Maze 113
113 90 3.3703703704 1.8984398466 80 0.391468868371256
6 33 24 94 71 33 30 38 91 1 19 44 98 27 94 6
3 23 400 91 31 23 28 31 400 11 14 94 97 24 4
402 402 400 401 402 402 402 402 400 401 402 401 401 402 402
1 0 1 1 1 2 0 0 0 0
1 1 1 1 1 1 1 1 1 0
1 0 1 1 1 1 1 1 1 1
1 1 1 1 1 1 1 1 0 0
1 0 0 1 0 0 1 0 0 0
1 0 0 1 0 0 1 0 0 0
1 0 0 1 0 0 1 0 0 0
1 0 0 1 0 0 1 0 0 0
1 0 0 1 0 0 1 0 0 0
1 1 1 1 1 1 1 1 0 0
Maze 114
93 341 3.0344827586 2.2225016104 39 0.381229185097911
80 46 15 94 29 23 17 2 43 97 69 34 8 68 59 80
76 45 14 24 400 13 12 42 93 67 64 4 400 58 79
401 401 402 402 400 402 401 401 401 402 401 402 400 402 401
0 1 0 1 1 1 1 1 0 0
0 1 1 1 1 1 1 1 0 0
0 1 1 1 1 1 1 1 1 0
0 1 0 1 1 0 0 1 0 0
0 1 1 1 1 1 0 1 0 0
0 0 1 1 0 1 0 1 1 0
0 0 1 1 1 1 1 1 1 0
0 0 1 1 0 1 1 1 1 2
0 0 1 1 0 0 1 0 0 0
0 0 1 1 1 1 1 0 0 0
Maze 115
83 22 2.6896551724 2.3727205969 19 0.397574098896388
8 71 72 18 19 27 90 5 16 67 64 86 96 67 20 8
1 400 12 400 17 87 85 15 66 400 84 400 66 17 18
402 400 402 400 402 401 401 401 401 400 401 400 402 402 401
1 1 1 1 1 1 1 2 0 0
1 1 1 1 1 1 1 1 1 1
1 1 0 0 1 1 1 0 0 0
1 1 0 0 1 1 1 0 0 0
1 1 0 0 1 1 1 0 0 0
1 1 0 0 1 1 1 0 0 0
1 1 0 1 1 1 1 0 0 0
1 1 0 1 1 1 1 0 0 0
0 0 0 1 1 1 1 1 1 1
0 0 0 0 0 1 0 0 0 0
Maze 116
115 947 3.1428571429 2.1541272411 118 0.401910383847042
13 58 77 42 63 8 46 72 7 86 9 100 94 25 30 13
53 57 72 62 3 6 42 2 6 6 99 400 24 400 23
401 402 401 401 402 402 402 402 402 402 401 400 402 400 401
0 1 1 1 1 1 1 1 1 0
0 1 2 0 0 1 0 0 1 0
0 1 1 1 1 1 1 1 1 1
0 1 1 1 0 1 0 0 1 0
0 1 1 1 1 1 0 0 1 0
0 1 1 1 1 1 1 1 1 0
0 1 1 1 0 1 1 0 1 0
0 1 1 1 1 1 1 0 1 0
0 0 0 1 0 1 0 0 1 0
0 0 0 1 1 1 1 1 1 1
Maze 117
99 60 3.2653061224 1.9200576944 77 0.373288191364545
89 99 36 96 16 56 77 42 97 68 16 33 63 40 22 89
400 96 400 400 400 76 72 92 67 66 13 400 33 32 82
400 401 400 400 400 401 401 401 402 401 402 400 402 401 401
0 0 0 0 0 0 0 0 0 0
0 0 1 1 1 1 0 0 0 0
0 1 1 0 0 1 0 0 0 0
0 1 1 1 1 1 1 1 1 1
0 1 1 0 0 1 0 0 0 0
0 1 1 0 0 1 0 0 0 0
0 1 1 0 0 1 1 1 0 0
0 1 1 1 1 1 1 0 0 0
0 1 1 1 1 1 1 1 2 0
0 1 1 1 1 1 1 1 1 0
Maze 118
97 68 3.4400000000 2.0198898669 55 0.399362548222994
44 4 83 6 62 42 89 85 44 88 96 29 64 81 61 44
400 3 3 2 400 82 400 84 84 86 26 24 61 400 41
400 402 402 402 400 401 400 401 401 402 402 402 402 400 402
0 1 1 1 1 1 0 0 0 0
0 1 1 1 0 0 0 0 0 0
0 1 1 1 1 1 1 1 1 0
0 1 1 1 0 1 0 0 0 0
1 1 1 2 0 1 0 0 0 0
1 1 1 1 0 1 0 0 0 0
1 1 1 1 0 1 0 0 0 0
1 1 1 1 0 1 0 0 0 0
1 1 1 1 1 1 1 1 1 0
0 0 0 0 0 1 0 0 0 0
Maze 119
115 1990 3.0704225352 2.3092838171 123 0.389462000505338
86 19 5 64 23 88 56 1 97 69 79 7 82 27 78 86
16 15 4 63 83 86 51 91 67 400 77 2 22 77 76
402 401 402 401 401 401 401 401 402 400 401 402 402 401 402
1 1 1 1 1 1 1 0 0 0
1 1 0 1 1 1 1 1 1 0
1 1 1 1 1 1 1 0 0 0
1 1 1 1 0 1 1 0 0 0
1 1 1 1 0 1 1 0 0 0
1 1 1 1 1 1 1 0 0 0
1 1 1 1 0 1 1 1 1 0
1 1 1 0 0 1 1 1 1 0
1 1 1 1 1 2 1 1 0 0
1 1 1 1 1 1 1 0 0 0
Maze 120
107 14 3.1071428571 2.0768492607 56 0.381769397930866
49 13 50 56 100 96 33 44 91 53 49 18 45 10 31 49
43 43 46 96 400 93 43 41 51 43 48 15 5 1 41
401 401 402 401 400 401 401 402 402 402 401 402 402 402 401
1 1 1 1 1 1 1 1 1 1
1 0 1 0 1 1 1 1 0 0
1 0 1 0 1 0 0 1 0 0
1 0 1 0 1 0 0 1 0 0
1 1 1 1 1 1 1 1 2 1
1 1 1 0 0 1 0 0 0 0
1 0 1 0 0 1 0 0 0 0
1 0 1 0 0 1 0 0 0 0
1 0 1 0 0 1 0 0 0 0
1 0 1 1 1 1 1 1 1 1
Maze 121
121 122 3.4375000000 2.2452790075 139 0.395151233901009
45 29 96 83 15 23 74 1 98 7 28 44 12 70 11 45
25 26 93 13 13 73 71 91 97 27 24 42 62 61 41
402 402 401 402 402 401 401 401 401 401 402 401 401 401 401
1 0 0 0 0 0 1 0 0 0
1 1 1 1 1 0 1 0 0 0
1 1 1 1 1 1 1 1 1 0
1 1 1 1 1 1 1 0 0 0
1 1 1 1 2 1 1 0 0 0
1 1 1 0 0 1 1 0 0 0
1 1 1 1 1 1 1 1 1 1
1 1 1 1 0 1 1 0 0 0
1 0 1 0 0 1 1 0 0 0
1 1 1 1 1 1 1 1 0 0
Maze 122
79 37 2.8000000000 2.2871145339 30 0.402980896487163
31 21 4 34 29 59 63 12 96 60 58 77 48 69 20 31
400 1 400 24 400 53 62 92 56 400 57 47 68 19 11
400 402 400 402 400 402 401 401 402 400 402 402 401 402 402
1 1 1 1 0 0 0 0 0 0
1 1 1 1 1 1 1 1 1 1
1 1 0 1 1 1 1 1 1 0
2 1 0 1 0 0 0 0 1 0
0 1 0 0 0 0 1 1 1 0
0 1 1 1 1 1 1 1 1 1
0 1 1 0 0 1 1 1 1 0
0 1 0 0 0 1 1 0 0 0
0 1 0 0 0 1 0 0 0 0
0 1 1 1 1 1 0 0 0 0
Maze 123
75 36 3.1794871795 1.8551581612 35 0.388769178415217
8 54 35 95 35 25 79 35 69 58 8 28 13 35 46 8
4 34 400 400 400 75 75 65 68 400 400 23 33 45 6
402 402 400 400 400 401 401 401 401 400 400 401 401 401 402
0 0 0 1 1 1 1 2 0 0
0 0 1 1 0 1 0 1 0 0
0 0 1 1 1 1 1 1 0 0
0 0 1 1 1 1 0 1 0 0
0 0 0 1 1 1 0 1 0 0
0 0 0 1 1 0 0 1 0 0
0 0 0 0 1 1 1 1 1 0
0 0 0 0 1 1 1 1 1 0
0 0 0 0 1 0 0 0 0 0
0 0 0 0 1 0 0 0 0 0
Maze 124
73 15 2.6538461538 2.3033768027 20 0.381311441089662
1 6 37 89 66 67 21 72 22 23 26 13 35 84 94 1
400 36 87 86 400 61 71 400 400 400 23 33 34 400 91
400 401 401 401 400 401 401 400 400 400 401 401 402 400 401
2 1 1 1 1 1 0 0 0 0
1 0 1 0 0 1 0 0 0 0
1 1 1 1 1 1 0 0 0 0
1 1 1 1 1 1 1 0 0 0
1 1 0 1 0 0 1 0 0 0
1 1 0 1 0 0 1 0 0 0
1 1 1 1 1 1 1 0 0 0
1 1 0 1 0 1 1 0 0 0
1 0 0 1 0 1 1 1 1 0
1 1 1 1 0 0 0 0 0 0
Maze 125
79 317 3.1250000000 2.2402856688 26 0.392422334708714
32 13 54 17 42 26 27 5 64 93 60 99 56 6 3 32
12 53 14 12 22 400 25 4 63 53 59 96 400 400 2
402 401 402 402 402 400 401 402 402 402 402 401 400 400 402
0 1 1 1 1 1 0 0 0 0
0 1 1 1 1 1 1 0 0 0
0 1 1 1 1 1 1 0 0 0
0 2 1 1 0 1 0 0 0 0
0 1 1 1 0 1 0 0 0 0
0 0 1 1 1 1 1 1 1 1
0 0 1 1 0 1 0 0 1 0
0 0 1 0 0 1 0 0 1 0
0 0 1 0 0 1 0 0 1 0
0 0 1 0 0 1 1 1 1 0
Maze 126
113 186 3.0793650794 2.2336119101 81 0.381528643003228
63 66 57 55 21 27 73 61 10 54 60 1 86 40 90 63
400 56 400 51 400 23 71 1 4 400 51 81 36 400 83
400 402 400 401 400 402 401 402 402 400 401 401 402 400 401
1 1 1 1 1 1 1 1 1 1
1 0 0 1 0 0 0 0 0 0
1 1 1 1 1 1 1 0 0 0
1 0 1 1 0 1 1 1 1 1
1 0 1 1 0 1 0 0 0 1
1 1 1 1 1 1 1 1 1 1
1 0 2 1 1 1 0 0 0 1
1 1 1 0 0 1 0 0 0 1
1 1 1 1 1 1 1 1 1 1
0 0 0 0 0 0 0 0 0 0
Maze 127
121 321 3.3939393939 2.2427335172 124 0.386051889284729
5 20 5 39 76 3 87 74 9 91 30 55 72 71 43 5
15 15 35 36 73 83 84 4 1 21 25 52 400 41 3
401 401 401 402 401 401 401 402 402 402 402 402 400 402 402
1 1 1 1 2 1 1 1 1 0
1 0 1 1 1 1 1 1 1 1
1 1 1 1 1 1 1 1 1 1
1 0 1 1 1 1 1 1 1 0
1 1 1 1 1 1 0 0 0 0
1 1 1 1 1 1 0 0 0 0
1 1 1 1 0 1 0 0 0 0
1 1 1 1 1 1 0 0 0 0
1 0 1 1 1 1 1 0 0 0
1 0 0 0 0 0 0 0 0 0
Maze 128
99 110 2.9824561404 2.1596455172 64 0.377541249211174
19 76 76 73 4 97 45 9 11 79 5 23 14 25 44 19
16 400 400 3 94 95 5 1 71 75 3 13 24 24 14
402 400 400 402 401 401 402 402 401 401 402 402 401 402 402
1 1 1 1 1 1 1 1 1 0
1 0 1 1 1 1 1 1 2 0
1 0 1 1 1 1 0 0 0 0
1 0 1 1 1 1 0 0 0 0
1 0 1 1 1 1 0 0 0 0
1 0 1 1 1 1 0 0 0 0
1 0 1 1 1 1 0 0 0 0
1 1 1 1 1 1 1 1 1 0
0 0 0 1 1 0 0 0 0 0
0 0 0 1 1 1 1 0 0 0
Maze 129
103 253 3.0000000000 2.3144630511 56 0.390276822140846
85 47 91 95 32 28 80 74 70 39 59 25 90 92 33 85
45 41 400 92 22 78 400 64 69 400 55 85 82 32 83
402 402 400 401 402 401 400 402 401 400 401 401 402 402 401
0 0 0 0 0 0 0 0 0 0
0 0 0 0 0 0 0 0 0 0
0 1 1 1 1 1 1 1 0 0
0 1 1 0 1 0 0 1 1 0
1 1 1 1 1 1 1 1 1 0
1 1 1 0 1 1 1 1 1 0
1 1 1 1 1 1 1 1 1 1
1 1 1 1 1 1 1 1 1 1
1 1 1 1 2 1 1 1 1 1
1 1 1 1 1 0 0 0 0 0
Maze 130
103 801 3.0312500000 2.3773185414 60 0.399227195045276
14 37 32 54 7 63 91 78 12 18 9 80 50 91 2 14
34 400 52 4 3 61 71 72 400 8 79 400 41 1 12
401 400 401 402 402 402 402 401 400 402 401 400 402 402 401
1 1 1 1 1 1 1 1 1 0
1 1 1 2 1 1 1 1 1 0
1 1 1 1 0 0 0 0 1 0
1 1 1 1 1 1 1 0 1 0
1 1 1 1 1 1 1 1 1 1
1 1 1 1 0 0 0 0 1 1
1 1 1 0 0 0 0 0 1 1
1 1 1 1 1 1 1 1 1 1
1 0 0 0 0 0 0 0 0 0
1 0 0 0 0 0 0 0 0 0
Maze 131
99 128 2.8888888889 2.2430458920 65 0.352515134572208
45 73 89 19 47 10 15 57 6 73 85 77 4 100 97 45
43 83 400 17 7 5 55 56 3 83 75 74 94 400 95
402 401 400 402 402 402 401 401 402 401 402 401 401 400 401
0 0 1 1 1 1 1 1 1 1
0 0 1 1 1 1 1 1 1 0
0 0 1 1 1 1 1 0 1 0
0 0 1 1 1 1 1 0 1 0
0 0 1 1 2 1 1 0 1 0
0 0 1 1 1 1 1 0 1 0
0 0 1 1 1 0 0 0 1 0
0 0 1 1 1 1 1 0 1 0
0 0 1 1 1 1 1 1 1 0
0 0 0 1 1 1 1 1 1 1
Maze 132
113 40 3.3703703704 2.0923689741 86 0.371799146335780
95 95 50 96 47 27 71 70 11 48 55 7 25 91 32 95
400 45 46 46 400 21 61 61 41 45 5 5 21 31 92
400 402 402 402 400 402 402 401 401 402 402 402 402 402 401
0 0 0 0 1 1 1 0 0 0
1 0 0 0 1 0 0 0 0 0
1 1 1 1 1 1 1 0 0 0
1 1 0 0 1 0 1 0 0 0
1 1 1 1 1 1 1 1 1 1
1 1 0 0 1 1 0 0 0 0
1 1 1 1 1 1 1 1 1 1
1 1 0 0 1 1 0 0 0 0
1 1 0 0 1 1 0 0 0 0
1 1 1 1 2 1 0 0 0 0
Maze 133
119 60 3.3090909091 1.9271401072 141 0.388708025491255
19 11 69 93 28 33 70 34 47 92 37 65 44 41 70 19
400 61 63 23 23 63 64 44 42 32 35 64 400 61 69
400 401 402 402 402 401 401 401 402 402 402 401 400 401 401
0 0 0 0 0 0 0 0 0 0
1 1 1 1 1 1 1 1 2 0
1 0 1 1 1 1 1 1 1 0
1 1 1 1 1 1 1 0 1 0
1 1 1 1 1 1 1 0 1 0
1 1 1 1 1 0 0 0 1 0
1 1 1 1 1 1 1 1 1 1
0 1 1 0 0 0 0 0 0 0
0 1 1 0 0 0 0 0 0 0
0 1 1 0 0 0 0 0 0 0
Maze 134
101 238 2.9696969697 2.4406482979 71 0.384130291867964
15 67 40 100 86 23 64 17 62 59 24 61 3 29 30 15
65 37 400 96 83 63 14 12 52 54 21 1 23 400 25
401 402 400 401 401 401 402 402 402 401 402 402 401 400 401
1 1 1 0 0 0 0 0 0 0
1 1 1 1 2 1 1 0 0 0
1 1 1 1 1 1 1 1 1 1
1 1 1 1 1 0 1 1 1 1
1 1 1 1 1 0 1 0 0 1
1 1 1 1 1 1 1 1 1 1
1 1 1 1 1 1 1 0 0 1
0 0 1 0 0 0 0 0 0 1
0 0 1 1 1 1 0 0 0 1
0 0 0 0 0 1 1 1 1 1
Maze 135
101 278 3.5357142857 2.1336290192 59 0.379833167191664
81 87 20 78 93 74 48 3 96 59 18 57 89 42 43 81
400 17 18 73 73 44 43 93 56 58 17 87 82 400 41
400 402 402 402 402 402 401 401 402 401 402 401 401 400 402
0 0 1 0 0 0 0 0 0 0
0 0 1 0 0 0 1 1 1 1
0 0 1 0 0 0 1 1 0 0
0 0 1 0 0 0 1 1 0 0
1 1 1 1 1 1 1 1 0 0
1 1 1 1 0 1 1 1 1 0
1 1 1 1 0 1 1 1 0 0
1 1 1 1 1 1 1 1 0 0
2 1 1 1 1 1 1 1 1 0
0 0 1 1 1 1 0 0 0 0
Maze 136
109 196 3.2459016393 2.2606383290 98 0.377152803772975
40 91 11 87 10 18 5 52 36 26 95 77 14 46 41 40
31 400 81 7 8 15 2 32 400 25 75 74 44 400 31
402 400 401 402 402 401 402 402 400 402 402 401 401 400 402
0 1 1 1 1 0 1 1 1 1
1 1 0 1 1 1 1 1 0 0
1 1 0 1 1 1 1 0 0 0
1 1 1 1 1 1 1 1 1 2
1 1 1 1 1 1 1 0 0 0
1 1 0 1 1 0 1 0 0 0
1 0 0 1 1 0 1 0 0 0
1 0 0 1 1 1 1 0 0 0
1 1 1 1 1 1 1 0 0 0
1 0 0 0 1 0 0 0 0 0
Maze 137
109 58 3.2941176471 1.8760843753 112 0.388863256902163
9 35 50 38 14 68 62 18 4 70 5 63 73 68 95 9
5 45 48 34 64 400 12 14 64 65 3 400 63 65 5
402 401 401 401 401 400 402 401 401 401 402 400 402 402 402
0 0 1 1 1 1 1 1 2 0
0 1 1 1 1 1 1 1 0 0
0 1 1 1 1 0 0 0 0 0
0 1 1 1 1 1 1 1 0 0
0 1 1 1 1 1 1 1 1 1
0 1 1 1 1 0 0 0 0 0
0 1 1 1 1 1 1 1 1 1
0 0 1 0 1 0 0 0 0 0
0 0 0 0 1 0 0 0 0 0
0 0 0 0 1 0 0 0 0 0
Maze 138
125 1454 3.0724637681 2.1091050396 152 0.388544766201222
8 42 85 37 22 97 15 42 44 71 72 3 80 30 91 8
2 82 35 32 92 95 12 400 41 400 2 73 400 21 1
402 401 402 401 401 401 402 400 402 400 402 401 400 402 402
1 1 1 1 1 1 1 2 0 0
1 1 1 1 1 0 0 0 0 0
1 1 1 1 1 1 1 1 1 1
1 1 1 1 1 1 1 0 0 1
1 1 1 1 1 0 0 0 0 1
1 1 1 0 1 0 0 0 0 1
1 1 1 0 1 0 0 0 0 1
1 1 1 1 1 1 1 1 1 1
1 1 1 1 1 0 0 0 0 0
1 1 1 1 1 1 1 0 0 0
Maze 139
91 222 3.0545454545 2.2524340398 45 0.361172618242124
84 79 24 21 34 71 53 40 10 63 82 55 66 70 41 84
74 74 400 31 31 51 33 400 3 62 52 65 400 61 81
402 401 400 401 402 402 402 400 402 402 402 401 400 401 401
0 0 1 1 1 1 1 1 1 1
0 0 1 0 0 0 0 0 0 1
1 1 1 1 0 0 0 0 0 1
1 1 1 1 1 1 1 1 1 1
1 0 1 1 0 0 0 0 0 0
1 1 1 1 1 0 0 0 0 0
1 1 1 1 1 1 1 1 1 1
1 1 0 1 1 1 1 1 1 0
1 1 1 2 0 0 0 0 0 0
0 0 0 0 0 0 0 0 0 0
Maze 140
95 44 3.1923076923 2.0767169931 32 0.366009795399154
99 68 9 41 34 41 38 39 63 28 44 63 95 31 97 99
98 8 1 31 31 31 400 33 23 24 43 93 91 91 400
401 402 402 402 402 402 400 402 402 402 402 401 401 401 400
1 1 1 1 1 1 1 1 1 0
1 0 0 0 0 0 0 1 0 0
1 0 1 1 1 1 1 1 0 0
1 1 1 1 1 1 1 1 1 0
1 0 1 1 0 0 0 1 0 0
1 0 1 0 0 0 0 1 0 0
1 0 1 0 0 0 0 1 0 0
1 0 1 0 0 0 0 1 0 0
1 0 1 0 0 0 0 1 0 0
1 1 1 1 1 1 1 1 2 0
Maze 141
93 337 2.7575757576 2.3122163260 41 0.389349516869517
60 58 9 10 63 37 18 36 95 41 31 3 24 80 92 60
400 8 400 3 33 17 16 35 91 400 1 23 74 72 52
400 402 400 402 402 402 402 402 401 400 402 401 401 402 402
1 1 1 1 1 1 1 1 1 1
1 0 1 0 0 1 1 1 0 0
1 0 1 1 0 1 1 1 0 0
1 0 1 1 1 1 1 1 0 0
1 0 1 1 1 0 0 1 0 0
1 1 1 1 1 1 1 1 1 2
1 1 1 1 1 0 0 0 0 0
1 1 1 1 1 1 1 1 1 1
1 1 0 0 1 0 0 0 0 0
1 1 1 1 1 0 0 0 0 0
Maze 142
97 61 3.1785714286 2.1754232752 60 0.403672074955778
8 75 74 58 96 34 99 42 13 33 77 39 4 56 25 8
5 400 54 56 94 94 92 12 400 73 37 34 54 55 5
402 400 402 402 401 401 401 402 400 401 402 401 401 401 402
0 0 0 1 1 1 1 2 0 0
0 1 1 1 1 0 0 0 0 0
0 1 1 1 1 0 0 0 0 0
0 1 1 1 1 1 1 1 1 0
0 1 1 1 1 0 1 0 0 0
0 1 1 1 1 1 1 1 0 0
0 1 1 1 1 1 1 0 0 0
0 1 1 1 1 1 1 0 0 0
0 1 0 1 0 1 0 0 0 0
0 1 1 1 1 1 1 1 1 0
Maze 143
97 284 2.8235294118 2.4534108686 77 0.395147220372014
74 92 37 98 98 14 55 11 87 69 20 13 8 19 88 74
72 32 97 400 94 54 51 81 67 19 400 3 18 18 84
402 402 401 400 401 401 401 401 402 402 400 402 401 402 401
0 0 1 1 1 1 1 1 0 0
1 0 1 1 1 1 1 1 1 1
1 0 0 1 0 0 0 1 1 0
1 1 1 1 1 1 1 1 1 0
1 1 0 1 0 0 1 1 1 0
1 1 1 1 1 0 1 1 1 0
1 1 0 1 0 0 1 1 1 0
1 1 1 2 0 0 1 1 0 0
1 1 1 1 1 1 1 1 0 0
0 1 0 1 1 1 1 1 0 0
Maze 144
99 104 3.2068965517 2.2421410072 60 0.371584799388531
72 75 90 85 1 58 36 5 77 24 40 18 5 31 67 72
400 85 400 81 51 56 35 75 74 34 38 15 1 61 62
400 401 400 401 401 401 401 401 401 401 401 401 402 401 402
1 1 1 1 1 0 0 0 0 0
1 0 0 0 1 1 1 1 0 0
1 0 0 1 1 0 0 1 0 0
1 0 0 1 1 1 1 1 1 1
1 0 0 1 1 1 0 0 0 0
1 1 1 1 1 1 1 1 0 0
1 1 1 1 1 1 1 0 0 0
1 2 1 1 1 1 1 0 0 0
1 1 1 1 1 1 1 1 1 1
0 0 0 0 0 0 0 0 0 0
Maze 145
75 62 3.2195121951 2.0181339515 15 0.392226281234698
32 41 88 52 31 45 86 24 34 67 57 65 28 21 44 32
31 81 82 51 41 85 84 400 64 400 55 25 400 41 42
402 401 401 401 401 401 401 400 401 400 402 402 400 401 401
0 0 0 0 0 0 0 0 0 0
0 0 0 0 0 0 0 0 0 0
1 1 1 1 1 1 1 1 0 0
1 2 0 1 1 0 0 0 0 0
1 1 1 1 1 0 0 0 0 0
1 1 0 1 1 1 1 0 0 0
1 1 0 1 1 1 1 0 0 0
1 1 0 1 1 0 0 0 0 0
1 1 1 1 1 1 1 1 0 0
0 0 0 0 0 0 0 0 0 0
Maze 146
103 123 3.0312500000 2.2914768149 49 0.374291178085143
54 67 29 51 94 20 64 33 28 58 70 16 21 12 87 54
64 27 21 91 14 14 63 23 400 68 66 11 11 82 84
401 402 402 401 402 402 401 402 400 401 401 402 402 401 401
0 0 0 0 0 0 0 0 0 0
1 1 1 1 1 1 1 1 1 1
1 1 1 1 1 1 1 1 1 0
1 1 1 1 0 1 1 1 0 0
1 1 1 1 0 1 1 1 0 0
1 1 1 2 0 1 1 1 0 0
1 1 1 1 1 1 1 1 1 1
1 1 0 1 0 0 0 0 0 0
1 1 1 1 1 1 1 0 0 0
1 1 1 1 0 0 0 0 0 0
Maze 147
87 23 3.3181818182 2.0986318815 56 0.386612698154302
36 41 57 60 51 71 57 24 86 68 21 73 38 17 35 36
31 51 400 400 400 51 54 84 66 61 71 33 37 15 400
402 401 400 400 400 402 401 401 402 401 401 402 401 402 400
0 0 0 0 0 0 0 0 0 0
0 0 0 0 1 1 1 0 0 0
1 0 0 1 1 0 1 0 0 0
1 1 1 1 1 2 1 1 0 0
1 0 1 1 0 0 0 0 0 0
1 1 1 1 1 1 1 1 1 1
1 1 1 1 1 1 1 1 0 0
1 1 1 1 0 1 0 0 0 0
0 0 0 1 1 1 0 0 0 0
0 0 0 0 0 0 0 0 0 0
Maze 148
121 73 2.4571428571 1.9985450506 147 0.381396610571041
82 90 50 94 11 10 99 51 41 17 42 56 92 21 16 82
400 400 44 91 1 9 91 400 11 12 52 52 91 11 12
400 400 402 401 402 402 401 400 402 402 401 402 401 402 402
1 1 1 1 1 1 1 1 1 1
1 1 1 1 1 1 1 0 1 0
1 1 0 0 0 0 0 0 1 0
1 1 0 0 0 0 0 0 1 0
1 1 0 1 1 1 1 1 1 1
1 1 1 1 1 1 0 0 1 1
1 1 0 1 0 0 0 0 1 1
1 1 0 1 0 0 0 0 1 1
1 2 1 1 1 1 1 1 1 1
1 1 1 1 1 1 1 1 1 0
Maze 149
79 28 3.0196078431 2.2534804966 35 0.385379212678980
24 34 70 37 47 95 80 100 71 41 62 95 56 88 4 24
400 64 67 400 45 75 400 91 400 61 92 55 86 84 400
400 401 401 400 402 402 400 401 400 401 401 402 401 401 400
0 0 0 1 0 0 0 0 0 0
0 0 0 1 0 0 0 0 0 0
0 0 0 2 0 0 0 0 0 0
0 0 0 1 0 0 1 0 0 0
1 0 0 1 1 1 1 0 0 0
1 0 0 1 1 1 1 0 0 0
1 1 0 1 1 1 1 1 1 1
1 1 0 1 1 1 1 1 1 1
1 1 0 1 1 1 1 1 0 1
1 1 1 1 1 1 1 1 1 1
Maze 150
117 21 3.5200000000 1.8258312808 165 0.387462224262817
57 78 11 79 53 12 60 38 76 63 74 17 93 17 52 57
77 71 71 73 52 52 58 36 73 73 14 13 13 12 400
401 401 401 401 401 401 401 402 401 401 402 402 402 402 400
0 0 0 0 0 0 0 0 0 0
1 1 1 1 1 1 1 0 0 0
1 1 1 1 0 0 0 0 0 0
1 1 1 1 0 1 1 1 0 0
1 1 1 1 0 1 0 1 0 0
1 1 1 1 1 1 2 1 1 1
1 0 1 1 0 1 1 0 0 0
1 1 1 1 1 1 1 1 1 0
0 0 1 0 0 0 0 0 0 0
0 0 1 0 0 0 0 0 0 0
Maze 151
91 72 3.2244897959 2.0055919533 45 0.380908713817378
83 6 38 32 56 48 39 3 91 25 7 24 7 28 26 83
3 36 400 52 46 38 33 1 21 5 4 4 27 400 23
402 401 400 401 402 402 401 402 402 402 402 402 401 400 402
1 1 1 1 1 1 1 0 0 0
1 0 1 1 1 1 1 0 0 0
1 1 1 1 1 1 1 1 0 0
1 1 1 1 1 1 1 1 1 0
1 1 1 0 0 1 1 1 0 0
1 1 1 1 1 1 0 0 0 0
1 0 1 0 0 0 0 0 0 0
1 0 1 0 0 0 0 0 0 0
1 0 2 0 0 0 0 0 0 0
1 0 0 0 0 0 0 0 0 0
Maze 152
103 93 3.4444444444 2.0961637837 77 0.388907544210443
25 17 79 41 79 7 25 84 70 78 30 58 54 88 61 25
15 77 71 71 77 5 24 64 68 28 28 400 84 81 21
402 401 401 401 401 402 402 402 402 402 402 400 401 401 402
0 0 0 0 1 1 1 0 0 0
0 0 0 0 1 1 1 0 0 0
1 1 1 1 2 0 1 1 1 1
1 0 0 1 0 0 1 1 0 0
1 0 0 1 0 0 1 1 0 0
1 0 0 1 1 1 1 1 0 0
1 0 0 1 1 1 1 1 1 1
1 1 1 1 1 1 1 1 1 0
1 1 1 1 1 1 1 1 0 0
0 0 0 0 0 0 0 0 0 0
Maze 153
113 1757 3.2000000000 2.2566958423 63 0.398747223400266
42 74 5 71 99 64 41 20 79 50 63 59 21 43 16 42
72 4 1 91 94 61 11 19 49 43 53 51 41 13 12
401 402 402 401 401 401 402 402 402 402 402 401 401 402 402
1 1 1 1 1 0 0 0 0 0
1 1 1 1 1 1 1 1 1 1
1 1 1 1 0 0 0 0 1 0
1 1 1 1 0 0 0 0 1 0
1 2 1 1 1 1 1 1 1 1
1 1 1 1 1 1 1 1 1 0
1 1 1 1 0 0 0 0 1 0
1 1 1 1 0 0 0 0 1 0
1 0 0 1 0 0 0 0 0 0
1 1 1 1 1 1 1 1 1 0
Maze 154
85 216 3.4090909091 2.0183324481 45 0.384550532886175
62 75 77 89 78 92 60 85 43 65 8 88 63 33 84 62
72 400 87 88 72 52 55 83 63 5 400 83 400 83 82
401 400 401 401 402 402 402 401 401 402 400 401 400 401 401
0 0 0 0 1 1 1 1 0 0
0 0 0 0 1 0 0 1 0 0
0 0 0 0 1 0 0 1 0 0
0 0 1 0 1 0 0 1 0 0
0 0 1 0 1 0 0 1 0 0
0 1 1 1 1 1 1 1 1 1
0 2 1 1 1 0 0 1 0 0
0 1 1 1 1 1 1 1 0 0
0 1 1 1 1 1 1 1 1 0
0 1 0 0 0 0 0 0 0 0
Maze 155
83 154 2.6451612903 2.4295830426 35 0.349217632074916
73 87 14 8 88 67 47 50 10 57 58 97 25 91 96 73
83 84 4 400 87 400 400 400 7 400 57 95 21 400 93
401 401 402 400 401 400 400 400 402 400 402 401 402 400 401
0 0 0 1 1 1 1 1 1 1
0 0 0 1 0 0 1 1 0 1
1 1 1 1 1 0 1 1 0 1
1 0 0 1 1 0 1 1 0 1
1 0 0 1 1 0 1 1 1 1
1 0 0 1 1 0 1 1 0 0
1 0 0 1 1 0 1 1 0 0
1 0 2 1 1 0 1 1 0 0
1 0 1 1 1 1 1 1 0 0
1 1 1 1 1 1 1 0 0 0
Maze 156
71 4 2.7843137255 2.3336467020 20 0.356515092060758
5 73 74 54 97 27 40 69 16 45 3 72 53 32 22 5
3 400 400 94 400 37 39 66 15 43 2 52 52 400 2
402 400 400 401 400 401 402 401 402 401 402 402 401 400 402
0 1 1 1 2 0 0 0 0 0
0 1 1 0 1 1 0 0 0 0
0 1 1 0 1 1 1 0 0 0
0 1 1 0 1 1 1 1 1 1
0 1 1 1 1 1 1 0 1 0
0 1 1 1 0 1 1 0 1 0
0 1 1 1 0 1 1 1 1 0
0 1 1 1 0 0 1 0 0 0
0 0 0 1 0 0 1 0 0 0
0 0 0 1 1 1 1 0 0 0
Maze 157
103 56 2.9122807018 2.0416971002 59 0.379382277652526
58 79 23 87 7 16 28 98 91 67 78 33 71 95 21 58
78 73 83 400 6 26 400 400 61 77 73 31 91 91 51
401 401 401 400 402 401 400 400 402 401 401 402 401 401 401
0 0 0 0 0 1 1 0 0 0
0 0 0 0 0 1 1 0 0 0
1 0 1 0 0 1 1 1 0 0
1 1 1 0 0 0 1 1 0 0
1 0 1 0 0 0 1 1 0 0
1 1 1 1 1 1 1 2 0 0
1 1 1 1 1 1 1 1 0 0
1 0 1 1 1 1 1 1 1 0
1 0 1 1 1 1 1 1 0 0
1 1 1 1 1 1 1 1 0 0
Maze 158
117 49 3.3650793651 2.1074838477 109 0.388402075268717
29 30 8 77 89 12 92 7 3 79 93 11 90 18 40 29
400 28 7 87 82 400 2 400 73 73 91 81 88 38 39
400 401 402 401 401 400 402 400 401 402 401 401 401 401 401
0 1 1 1 1 1 1 1 0 0
1 1 1 0 0 0 1 1 0 0
1 1 1 0 0 0 1 1 2 1
1 1 1 0 0 0 1 1 1 1
1 1 1 0 0 0 1 1 0 0
1 1 1 0 0 0 1 1 0 0
1 1 1 0 0 0 1 1 0 0
1 1 1 1 1 1 1 1 1 0
1 1 1 1 1 1 1 1 1 1
1 1 1 0 0 0 0 0 0 0
Maze 159
107 115 3.2542372881 2.0804820237 92 0.386375208444724
10 83 36 94 67 55 79 5 7 16 60 58 61 99 45 10
3 33 34 64 65 75 75 400 6 56 400 51 91 95 5
402 402 402 402 401 401 401 400 402 401 400 402 401 401 402
0 0 1 1 1 1 1 1 1 2
0 0 1 0 1 1 0 0 0 0
0 0 1 0 1 1 0 0 0 0
0 0 1 1 1 1 0 0 0 0
0 0 1 1 1 1 0 0 0 0
1 1 1 1 1 1 1 1 1 1
1 0 1 1 1 1 1 0 0 0
1 0 1 1 1 1 1 1 1 0
1 0 1 1 1 0 0 0 0 0
1 1 1 1 1 1 1 1 1 0
Maze 160
99 113 3.7142857143 2.1460047655 59 0.399218799109876
73 44 36 91 94 21 21 48 64 93 58 22 53 10 72 73
43 34 31 400 91 400 41 44 63 53 52 52 3 2 400
402 402 402 400 401 400 401 402 402 402 401 401 402 402 400
0 1 1 1 1 1 1 1 1 1
0 1 1 0 0 0 0 0 0 0
1 1 1 0 0 0 0 0 0 0
1 1 1 1 1 1 0 0 0 0
1 1 1 1 1 1 1 1 0 0
1 1 1 1 1 1 1 1 0 0
1 1 1 1 0 0 0 0 0 0
1 1 2 0 0 0 0 0 0 0
1 0 1 0 0 0 0 0 0 0
1 1 1 1 0 0 0 0 0 0
Maze 161
99 13 3.6888888889 2.0134204765 60 0.396139414055074
75 100 71 90 92 42 75 62 88 44 50 24 48 60 54 75
95 91 81 82 400 72 72 82 84 400 44 44 58 400 74
401 401 401 402 400 401 401 401 401 400 401 401 401 400 401
0 0 0 0 0 0 0 0 0 0
0 0 0 0 0 0 0 0 0 0
0 0 0 1 0 0 0 0 0 0
0 0 0 1 0 0 0 0 0 0
0 1 0 1 1 1 1 1 1 1
0 1 0 1 1 1 1 1 1 1
0 1 0 1 0 0 0 0 0 0
1 1 1 1 2 0 0 0 0 0
1 1 1 1 1 1 1 1 1 1
1 1 1 1 1 1 1 1 1 1
Maze 162
95 437 3.2830188679 2.1446459614 71 0.391488232830309
21 15 78 12 34 12 96 5 44 12 1 41 43 39 68 21
11 75 72 32 32 92 95 4 42 11 400 400 33 38 61
402 401 401 401 401 401 401 402 401 401 400 400 402 402 401
1 0 0 1 1 0 0 0 0 0
1 1 1 1 1 0 0 0 0 0
2 1 0 1 1 0 0 0 0 0
1 1 1 1 1 1 1 1 1 0
1 1 1 1 1 0 0 1 0 0
1 1 0 0 1 0 0 1 0 0
1 1 1 1 1 1 1 1 0 0
0 1 1 1 1 1 1 1 0 0
0 1 0 0 1 0 0 0 0 0
0 1 1 1 1 1 0 0 0 0
Maze 163
91 10 3.2830188679 2.2739711755 45 0.384993571726483
24 54 2 20 4 14 31 96 92 51 56 11 40 49 78 24
400 52 12 14 400 11 91 400 91 400 51 31 39 48 74
400 401 401 401 400 402 401 400 401 400 401 401 402 402 401
0 1 0 1 0 0 0 0 0 0
1 1 1 1 1 1 1 1 1 1
1 1 0 2 0 0 0 0 0 0
1 1 1 1 1 1 1 1 1 1
1 1 0 1 0 0 0 1 1 0
1 1 1 1 1 1 0 1 0 0
1 0 0 1 0 0 0 1 0 0
1 0 0 1 1 1 1 1 0 0
1 0 0 0 0 0 0 0 0 0
1 1 1 1 1 1 0 0 0 0
Maze 164
109 171 3.3818181818 2.0233896127 94 0.396634286860644
16 22 75 61 81 29 41 32 85 30 93 20 47 68 36 16
12 72 71 400 21 21 31 82 25 23 13 17 67 66 400
402 401 401 400 402 402 402 401 402 402 402 402 401 401 400
0 0 0 0 0 0 0 0 0 0
0 1 1 1 1 2 1 1 1 1
1 1 1 1 1 1 1 1 1 1
1 1 1 0 1 1 1 0 0 0
1 1 1 0 1 1 1 0 0 0
1 1 1 0 1 1 1 0 0 0
1 1 1 0 1 1 1 1 0 0
1 1 1 1 1 0 0 0 0 0
1 1 1 1 1 0 0 0 0 0
0 0 1 0 0 0 0 0 0 0
Maze 165
91 18 2.9473684211 2.2327820968 39 0.388339449509113
83 42 85 88 87 87 49 98 98 3 28 86 92 20 30 83
82 82 400 400 400 47 48 400 93 23 26 82 12 400 23
401 401 400 400 400 402 402 400 401 401 402 402 402 400 402
0 0 1 0 0 0 0 0 0 0
0 1 1 1 1 1 1 1 1 1
0 1 1 1 1 1 1 1 1 1
0 1 1 0 0 1 0 0 0 0
0 1 1 0 0 1 1 1 1 0
0 1 1 0 0 1 1 1 0 0
0 1 1 0 0 1 1 1 0 0
0 1 1 0 0 1 1 1 0 0
0 1 2 1 1 1 1 1 0 0
0 1 1 1 1 1 1 1 0 0
Maze 166
113 10 3.0188679245 1.7475658730 68 0.382004980410923
98 13 57 87 13 63 90 83 6 35 40 77 66 2 90 98
93 53 400 83 400 83 400 3 5 400 37 76 62 82 88
401 401 400 401 400 401 400 402 402 400 402 401 401 401 402
0 1 1 1 1 1 0 0 0 0
0 1 1 0 1 0 0 0 0 0
0 1 1 0 1 0 0 0 0 0
0 1 1 0 1 1 1 1 1 1
0 1 1 0 0 0 1 0 0 0
0 1 1 1 1 1 1 0 0 0
0 1 1 1 1 1 1 0 0 0
0 1 1 0 0 1 1 0 0 0
0 1 1 1 1 1 1 1 1 1
0 0 1 1 1 1 1 2 0 0
Maze 167
105 3956 3.1475409836 2.3061639429 105 0.380166013191944
92 27 23 75 5 31 63 94 14 8 23 49 81 69 77 92
22 400 73 400 1 61 93 400 4 3 43 41 61 67 72
402 400 401 400 402 401 401 400 402 402 401 402 402 402 402
1 1 1 1 1 1 1 1 0 0
1 0 1 1 1 0 0 0 0 0
1 1 1 1 1 1 1 0 0 0
1 1 1 1 1 0 0 0 0 0
1 1 1 1 1 1 1 1 1 0
1 1 1 1 1 0 0 0 0 0
1 1 1 1 1 1 1 1 1 0
1 1 1 1 1 1 1 0 0 0
1 1 1 1 0 0 0 0 0 0
0 2 1 1 0 0 0 0 0 0
Maze 168
103 604 3.0508474576 2.1510178837 70 0.387553609553764
78 72 20 99 67 5 48 6 57 19 34 66 25 75 29 78
400 12 19 97 65 45 46 56 17 14 64 65 400 25 28
400 402 402 401 401 401 401 401 402 402 401 401 400 402 402
0 0 0 0 1 1 0 0 0 0
0 1 1 1 1 1 1 1 1 1
0 1 0 1 1 1 1 1 1 0
0 1 0 1 1 1 1 1 1 0
0 1 0 1 1 1 1 1 1 0
0 1 0 1 1 1 1 1 1 0
0 1 0 1 1 1 1 1 1 0
0 1 1 1 1 1 1 2 1 0
0 0 0 0 0 0 1 0 1 0
0 0 0 0 0 0 1 1 1 0
Maze 169
95 17 3.6521739130 2.0932335658 46 0.378974616218122
57 69 6 95 85 67 18 37 12 100 22 66 85 25 36 57
67 66 5 400 65 17 17 32 92 92 62 65 400 35 56
401 401 402 400 402 402 402 401 401 401 401 402 400 401 401
0 0 0 0 1 1 0 0 0 0
0 1 0 0 1 1 1 1 0 0
0 1 0 0 1 1 1 0 0 0
0 1 1 1 1 1 1 0 0 0
0 1 0 0 1 1 1 0 0 0
0 1 0 0 1 1 2 0 0 0
0 1 1 1 1 1 1 1 1 0
0 1 0 0 1 0 0 0 0 0
0 1 0 0 1 0 0 0 0 0
0 1 1 1 1 1 1 1 1 1
Maze 170
93 241 3.0612244898 1.9625296936 36 0.377789677555269
89 47 41 93 28 97 16 14 13 96 27 4 63 57 97 89
87 400 91 23 27 96 400 400 93 26 24 3 53 400 87
401 400 401 402 402 401 400 400 401 402 401 402 402 400 402
0 0 1 1 0 0 0 0 0 0
0 0 1 1 1 1 0 0 0 0
0 0 1 1 1 1 1 1 0 0
0 0 1 0 0 1 1 0 0 0
1 1 1 1 1 1 1 0 0 0
1 0 1 1 1 1 1 0 0 0
1 0 1 0 0 1 1 0 0 0
1 0 1 0 0 1 1 0 0 0
1 0 1 0 0 1 1 1 2 0
1 1 1 1 1 1 1 0 0 0
Maze 171
93 586 2.9454545455 2.1446459614 56 0.383964845749743
87 92 44 67 47 54 51 7 84 44 38 40 95 83 4 87
82 42 64 400 44 400 1 4 400 34 400 35 93 3 84
402 402 401 400 402 400 402 402 400 402 400 402 401 402 401
1 1 1 1 1 1 1 0 0 0
1 0 1 1 0 0 0 0 0 0
1 0 1 1 0 0 0 0 0 0
1 0 1 1 1 1 1 1 1 1
1 1 1 1 1 1 1 0 0 0
1 1 1 1 1 0 1 0 0 0
0 1 1 1 1 1 1 0 0 0
0 1 1 1 1 0 0 0 0 0
0 1 1 1 1 1 2 0 0 0
0 1 1 1 1 0 0 0 0 0
Maze 172
117 626 2.9552238806 2.2566958423 120 0.389096621164743
91 32 31 96 27 61 39 21 65 84 9 69 100 35 16 91
31 400 91 26 21 31 31 61 64 4 400 99 95 15 11
402 400 401 402 402 402 401 401 402 402 400 401 401 402 402
0 0 0 1 1 1 1 1 1 0
1 1 1 1 1 1 0 0 1 0
1 1 1 1 1 1 1 0 1 0
1 1 1 1 1 1 1 1 1 0
1 0 0 1 1 1 0 0 1 0
1 0 0 1 1 1 0 0 1 0
1 1 1 1 1 1 0 0 1 0
1 0 0 1 1 1 0 0 1 0
1 0 0 1 1 1 0 0 1 0
2 1 1 1 1 1 1 1 1 1
Maze 173
115 48 2.8181818182 2.1677176155 132 0.385519178913377
11 30 83 12 68 36 37 71 99 9 41 22 61 22 28 11
21 23 82 62 66 400 31 91 400 1 21 21 21 400 21
401 402 401 401 401 400 402 401 400 402 402 402 402 400 401
1 1 1 1 1 1 1 1 1 0
2 1 0 0 0 0 0 0 1 0
1 1 1 1 1 1 1 1 1 1
1 1 1 1 1 1 1 0 1 0
1 1 1 0 0 1 0 0 1 0
1 1 1 0 0 1 0 0 1 0
1 1 1 1 1 1 1 1 1 0
1 1 1 0 0 0 0 0 1 0
1 1 1 0 0 0 0 0 1 0
1 1 1 1 1 1 1 1 1 0
Maze 174
81 30 3.0222222222 2.0999776797 35 0.385686571071992
56 62 41 33 41 24 39 70 37 51 29 25 88 37 60 56
52 61 31 31 21 34 69 67 31 21 400 85 87 57 400
402 401 402 402 402 401 401 401 402 402 400 401 401 401 400
0 0 0 0 0 0 0 0 0 0
0 0 0 0 0 0 0 0 0 0
1 1 1 1 1 1 1 1 1 0
1 1 1 1 1 1 1 1 1 0
1 0 0 0 1 0 1 0 1 0
1 1 1 1 1 2 1 1 1 1
1 1 0 0 1 0 1 1 1 1
0 0 0 0 1 0 1 0 0 0
0 0 0 0 1 1 1 1 0 0
0 0 0 0 0 0 0 0 0 0
Maze 175
89 263 3.2692307692 2.2548680486 56 0.375176102372770
50 69 97 85 68 31 59 3 5 23 40 74 73 54 98 50
49 67 95 65 61 51 53 400 3 33 34 400 53 94 48
402 402 401 402 401 401 401 400 402 401 402 400 402 401 402
0 0 1 1 1 0 0 0 0 0
0 0 1 0 0 0 0 0 0 0
0 0 1 0 0 0 0 0 0 0
1 0 1 1 1 1 1 1 1 1
1 0 1 1 0 0 0 1 1 2
1 1 1 1 1 1 1 1 1 0
1 1 1 1 1 1 1 1 1 0
0 0 1 1 1 0 1 1 0 0
0 0 0 1 1 0 1 1 0 0
0 0 0 1 1 1 1 1 0 0
Maze 176
99 39 3.7021276596 2.0137286468 30 0.402614100918756
15 82 32 28 30 55 84 66 72 90 51 25 85 18 22 15
12 400 22 400 25 54 64 62 82 81 21 400 15 12 12
402 400 402 400 402 402 402 402 401 401 402 400 402 402 402
0 0 0 0 0 0 0 0 0 0
0 1 1 1 2 1 1 1 0 0
1 1 1 1 1 1 1 1 1 1
1 1 0 0 1 0 0 0 0 0
1 1 0 0 1 0 0 0 0 0
1 1 0 1 1 0 0 0 0 0
1 1 1 1 1 1 0 0 0 0
1 1 0 1 1 0 0 0 0 0
1 1 1 1 1 1 1 1 1 1
0 0 0 0 0 0 0 0 0 0
Maze 177
103 299 2.7462686567 2.2519012619 71 0.400312164492895
59 15 30 48 38 100 33 74 11 32 65 19 89 13 50 59
55 25 28 400 98 93 73 71 31 62 15 400 83 43 49
401 401 402 400 401 401 401 401 401 401 402 400 401 401 402
0 0 0 0 0 0 0 0 0 0
1 0 1 0 1 1 1 1 1 0
1 0 1 0 1 1 1 1 1 1
1 1 1 0 1 0 0 1 1 0
1 1 1 1 1 1 1 1 1 1
1 1 1 0 1 1 1 1 2 0
1 1 1 1 1 0 0 1 1 0
1 1 1 1 0 0 0 1 1 0
0 0 1 1 1 1 1 1 1 0
0 0 1 1 1 1 1 1 1 1
Maze 178
93 1580 2.8275862069 2.1215880807 56 0.392934967376976
39 8 5 86 87 44 41 65 88 13 59 79 91 67 100 39
38 400 85 400 84 400 61 85 83 53 400 71 61 97 99
401 400 401 400 401 400 401 401 401 401 400 402 402 401 401
0 0 0 0 1 1 1 1 0 0
0 0 1 0 1 0 0 1 0 0
0 0 1 0 1 0 0 1 0 0
0 0 1 0 1 0 0 1 2 0
1 1 1 1 1 0 0 0 1 0
1 0 1 1 1 1 1 1 1 0
1 1 1 1 1 1 1 0 1 0
1 1 1 1 1 1 1 1 1 0
1 0 1 1 1 1 1 1 1 0
1 0 0 0 0 0 1 1 1 1
Maze 179
77 199 3.1428571429 2.0853103103 30 0.378436765777091
54 79 58 4 9 60 45 69 39 70 86 57 54 96 35 54
74 78 54 400 59 55 65 400 69 66 56 400 94 95 34
401 401 401 400 401 401 401 400 401 402 402 400 401 401 402
0 0 0 1 1 1 1 1 1 0
0 0 0 1 0 0 0 0 1 0
0 0 0 1 0 0 0 0 1 0
0 0 0 1 1 0 0 0 1 0
0 0 0 1 1 0 0 0 1 0
0 0 0 2 1 1 1 1 1 1
0 0 0 1 1 1 1 1 1 1
0 0 0 1 1 1 1 1 1 0
0 0 0 1 1 1 0 0 0 0
0 0 0 1 1 1 0 0 0 0
Maze 180
93 61 3.0612244898 1.9039467177 44 0.362889172660937
54 45 75 79 17 99 29 22 35 31 79 53 80 44 23 54
44 400 400 77 97 400 400 32 400 71 73 73 74 43 53
402 400 400 401 401 400 400 401 400 401 401 401 401 401 401
0 0 0 0 0 0 0 0 0 0
0 0 0 0 0 0 1 0 0 0
0 1 1 1 1 1 1 1 1 0
1 1 1 1 1 0 1 0 1 0
1 0 1 1 1 0 1 0 1 0
1 0 1 2 1 0 1 0 1 0
1 0 1 1 1 0 1 0 1 0
1 1 1 1 1 1 1 1 1 1
0 0 0 0 0 0 1 0 1 0
0 0 0 0 0 0 1 1 1 0
Maze 181
77 37 3.1282051282 1.9238566963 26 0.383936626356335
37 62 87 83 56 77 36 84 85 38 36 84 3 1 3 37
32 82 400 53 76 76 34 400 35 400 34 83 400 400 33
402 401 400 402 401 401 402 400 402 400 402 401 400 400 401
1 1 1 0 0 0 0 0 0 0
0 0 1 0 0 0 0 0 0 0
0 0 1 0 0 0 0 0 0 0
0 1 1 1 1 1 2 1 0 0
0 1 1 1 1 1 0 0 0 0
0 1 1 1 1 1 0 0 0 0
0 1 1 1 1 1 0 0 0 0
0 1 1 1 1 1 1 0 0 0
0 1 1 1 1 1 1 0 0 0
0 0 0 0 0 0 0 0 0 0
Maze 182
109 602 3.4666666667 2.1364430563 74 0.377793728551155
19 88 8 56 53 65 90 73 80 5 32 6 41 38 42 19
18 400 6 400 63 85 83 400 75 2 2 1 31 32 12
402 400 402 400 401 401 401 400 401 402 402 402 402 402 402
1 1 1 1 1 1 1 1 0 0
1 1 1 1 1 1 1 1 2 0
1 1 0 0 1 1 0 1 0 0
1 1 1 1 1 1 1 1 0 0
1 1 0 0 1 1 0 1 0 0
0 0 1 1 1 1 0 1 0 0
0 0 1 1 1 0 0 1 0 0
0 0 1 1 1 1 1 1 1 1
0 0 1 1 1 1 1 1 1 1
0 0 0 0 0 0 0 0 0 0
Maze 183
89 17 3.1666666667 2.0640750970 24 0.352212645097157
92 79 25 9 5 17 27 22 42 65 15 54 2 99 62 92
72 75 5 400 15 400 400 400 62 400 14 52 92 92 400
402 401 402 400 401 400 400 400 401 400 402 401 401 401 400
0 1 0 0 1 1 1 1 1 0
0 1 0 1 1 1 1 0 0 0
0 1 1 1 1 1 1 0 0 0
0 1 0 1 1 0 0 0 0 0
0 1 0 1 1 0 0 0 0 0
0 1 1 1 1 0 0 0 0 0
0 1 1 1 1 0 0 0 0 0
0 1 1 1 1 1 1 1 1 0
0 1 0 0 0 0 0 0 0 0
0 2 1 1 1 1 1 1 1 0
Maze 184
109 21 3.8181818182 1.8804835084 86 0.383327849023754
78 45 11 80 81 34 49 45 54 54 50 14 33 97 13 78
75 41 71 71 31 44 400 44 400 44 44 13 93 93 73
401 401 401 402 402 401 400 402 400 402 401 402 401 401 401
0 0 0 0 0 0 0 0 0 0
1 0 1 1 0 0 0 0 0 0
1 0 1 1 0 0 0 0 0 0
1 1 1 1 0 0 0 0 0 0
1 1 1 1 1 1 1 1 1 1
1 0 1 1 1 0 0 0 0 0
1 0 1 0 1 0 0 0 0 0
1 1 1 1 1 1 1 2 1 1
1 0 1 0 0 0 0 0 0 0
0 0 1 1 1 1 1 0 0 0
Maze 185
95 160 2.8358208955 2.4240003922 65 0.385417095915094
53 15 19 47 86 34 92 46 6 51 8 100 84 83 55 53
13 400 17 46 84 32 42 400 1 1 98 94 400 53 400
402 400 402 402 401 402 402 400 402 402 401 401 400 402 400
1 1 1 1 1 1 1 1 0 0
1 0 1 1 1 1 1 1 1 0
1 0 1 0 0 1 1 1 0 0
1 1 1 1 0 1 1 1 0 0
1 1 1 1 1 1 1 1 0 0
1 1 2 1 1 1 0 1 0 0
0 1 1 1 0 1 0 1 0 0
0 1 1 1 0 1 0 1 0 0
0 1 1 1 1 1 0 1 0 0
0 1 0 1 1 1 1 1 1 1
Maze 186
103 33 3.2068965517 2.2308259625 45 0.362401404419323
77 77 37 100 26 76 20 91 74 60 56 46 83 24 99 77
400 400 97 96 400 16 11 71 54 400 400 43 23 94 97
400 400 401 401 400 402 402 402 402 400 400 402 402 401 401
0 0 0 0 0 0 0 0 0 0
1 1 1 1 1 1 1 1 1 1
1 0 1 1 0 1 0 0 0 0
1 0 1 1 0 1 1 0 0 0
1 0 1 1 1 1 1 0 0 0
1 0 1 1 1 1 1 1 1 1
1 0 1 1 0 1 1 0 0 0
1 1 1 1 0 1 2 0 0 0
1 0 1 1 0 1 1 0 0 0
1 0 0 1 1 1 1 1 1 1
Maze 187
91 46 3.1538461538 2.1805203052 45 0.386782359546125
24 50 47 74 81 48 27 16 41 68 31 8 14 38 29 24
44 400 44 71 41 47 26 11 61 61 1 4 34 28 400
401 400 402 402 402 401 401 402 401 401 402 402 401 402 400
1 1 1 1 1 1 1 1 0 0
1 1 1 1 1 1 0 0 0 0
1 0 0 2 1 1 1 1 1 0
1 0 0 1 1 1 1 1 0 0
1 1 1 1 1 1 1 1 1 1
1 0 0 1 0 0 0 0 0 0
1 1 1 1 1 1 1 1 0 0
1 1 1 1 0 0 0 0 0 0
1 0 0 0 0 0 0 0 0 0
0 0 0 0 0 0 0 0 0 0
Maze 188
87 54 3.2340425532 2.1666933254 33 0.357394694936645
96 22 35 41 81 54 85 10 25 55 35 6 73 43 71 96
92 32 31 400 51 84 5 5 400 400 5 3 400 41 91
401 401 402 400 402 401 402 402 400 400 402 402 400 402 401
0 0 1 1 1 1 1 1 1 1
0 0 1 0 1 0 0 0 0 0
0 1 1 0 1 0 0 0 0 0
1 1 1 1 1 0 0 0 0 0
1 1 1 0 1 0 0 0 0 0
1 1 1 1 1 0 0 0 0 0
1 1 1 1 1 0 0 0 0 0
1 1 1 1 1 0 0 0 0 0
1 1 0 1 1 0 0 0 0 0
1 1 1 1 1 2 0 0 0 0
Maze 189
77 34 2.9795918367 2.2066039788 35 0.371440431240840
57 30 39 26 9 54 13 53 46 99 46 26 61 44 65 57
27 29 36 6 4 53 400 43 96 96 400 21 41 64 55
402 402 401 402 402 401 400 402 401 401 400 402 402 401 402
0 0 0 1 1 1 1 1 1 0
0 0 1 1 0 1 0 0 0 0
1 1 1 1 1 1 1 1 1 1
1 0 1 1 0 1 1 1 1 0
1 1 1 1 1 1 1 0 0 0
1 0 1 1 1 1 2 0 0 0
1 0 0 1 1 1 0 0 0 0
0 0 0 0 0 1 0 0 0 0
0 0 0 0 0 1 0 0 0 0
0 0 0 0 0 1 1 1 1 0
Maze 190
119 1420 3.3333333333 2.0239433028 120 0.385889179094458
25 72 50 42 27 88 33 100 6 2 96 37 53 59 48 25
22 42 400 22 87 83 93 96 400 92 36 33 400 58 45
402 402 400 402 401 401 401 401 400 401 402 402 400 401 401
0 1 1 1 1 1 0 0 0 0
0 1 0 0 0 1 0 0 0 0
0 1 1 1 2 1 1 0 0 0
0 1 1 1 1 1 1 0 0 0
0 1 1 1 1 1 1 1 1 1
0 1 1 1 1 1 1 1 1 0
0 1 1 0 0 1 1 0 0 0
0 1 1 0 0 1 1 0 0 0
0 1 1 1 1 1 1 1 0 0
0 1 1 1 1 1 1 1 1 1
Maze 191
77 216 2.8076923077 2.2871145339 30 0.377120754625992
98 56 34 45 85 92 12 28 65 73 67 47 17 83 58 98
96 54 44 400 82 400 22 25 63 63 400 400 13 53 400
401 401 401 400 402 400 401 402 402 402 400 400 402 402 400
0 0 0 0 0 0 0 0 0 0
0 1 1 1 1 1 1 0 0 0
0 1 1 1 1 1 1 1 0 0
0 1 1 1 1 0 1 0 0 0
0 1 1 1 1 0 1 0 0 0
0 1 1 1 1 1 1 1 0 0
0 1 1 1 1 1 1 1 0 0
0 1 1 0 1 1 0 1 0 0
0 1 1 1 1 1 0 1 0 0
0 1 0 0 0 1 1 2 0 0
Maze 192
77 7 3.0731707317 1.9820958452 30 0.395180943261043
48 64 65 24 81 1 48 44 74 34 25 42 16 26 87 48
44 400 64 21 400 41 400 400 400 24 22 12 400 86 47
402 400 401 402 400 401 400 400 400 402 402 402 400 401 402
1 0 0 0 0 0 0 0 0 0
1 1 1 1 1 1 0 0 0 0
1 1 1 1 1 1 0 0 0 0
1 1 0 1 0 1 0 0 0 0
1 1 1 1 1 1 1 2 0 0
1 0 0 1 0 1 1 0 0 0
1 0 0 1 1 1 1 0 0 0
1 0 0 1 0 1 1 0 0 0
1 0 0 0 0 1 1 0 0 0
0 0 0 0 0 0 0 0 0 0
Maze 193
93 125 3.1020408163 2.0145797774 45 0.382873206789857
53 14 100 75 3 79 50 14 94 98 59 68 25 34 52 53
13 94 95 73 73 49 44 400 400 58 58 65 24 32 400
402 401 401 401 401 402 401 400 400 402 402 401 402 402 400
0 0 1 0 0 0 0 0 0 0
0 0 1 1 0 0 0 0 0 0
0 0 1 1 1 0 0 0 0 0
0 1 1 1 1 0 0 0 0 0
0 1 1 1 1 1 1 1 1 1
0 1 2 1 1 0 0 1 1 0
0 0 1 1 1 1 1 1 1 0
0 0 1 1 1 1 1 1 1 0
0 0 0 1 1 0 0 1 0 0
0 0 0 1 1 1 1 1 1 1
Maze 194
91 360 3.2244897959 2.1152672496 56 0.385405635631216
14 56 27 52 78 40 18 85 63 67 25 76 96 29 66 14
54 26 22 72 38 38 15 83 400 65 75 400 26 26 64
401 402 402 401 402 401 402 401 400 401 401 400 402 402 401
0 0 0 0 0 0 0 0 0 0
0 0 0 2 1 1 1 1 0 0
0 1 1 1 1 1 1 1 1 0
0 1 0 1 1 1 0 1 1 1
0 1 0 1 1 1 0 1 0 0
0 1 0 1 1 1 0 1 0 0
0 1 1 1 1 1 1 1 0 0
0 1 1 1 1 1 1 1 0 0
0 0 1 1 1 1 0 0 0 0
0 0 0 0 0 1 0 0 0 0
Maze 195
81 64 3.0833333333 2.1893192117 25 0.362803471897025
30 42 55 74 74 35 19 75 5 11 42 46 51 44 79 30
22 52 54 400 34 15 15 400 1 41 400 41 41 74 29
402 401 402 400 402 402 402 400 402 401 400 402 402 401 402
1 1 1 1 1 0 0 0 0 0
1 0 0 0 1 1 1 1 1 0
1 1 1 1 1 1 1 1 1 2
1 1 0 1 1 0 0 0 1 0
1 1 1 1 1 1 0 0 1 0
1 1 1 1 1 0 0 0 1 0
0 0 0 1 1 0 0 0 1 0
0 0 0 1 1 1 1 1 1 0
0 0 0 0 0 0 0 0 0 0
0 0 0 0 0 0 0 0 0 0
Maze 196
93 4 3.6315789474 1.7261319505 45 0.375719518260323
93 75 33 90 82 75 53 34 60 31 61 62 21 73 37 93
73 73 83 400 72 73 33 54 51 400 400 61 71 33 33
402 401 401 400 402 401 402 401 401 400 400 401 401 402 402
0 0 0 0 0 0 0 0 0 0
0 0 0 0 0 0 0 0 0 0
1 0 0 0 0 0 0 0 0 0
1 0 1 1 1 1 1 0 0 0
1 0 1 1 0 0 0 0 0 0
1 1 1 1 1 1 1 1 1 1
1 1 1 0 0 0 0 0 0 0
1 1 1 1 1 0 0 0 0 0
0 1 1 1 1 1 1 1 1 1
0 0 2 0 0 0 0 0 0 0
Maze 197
101 66 3.1698113208 2.0416971002 66 0.379391034925281
15 67 67 6 99 62 21 6 83 71 53 100 99 71 95 15
65 400 66 96 92 61 1 3 81 51 93 400 91 91 400
401 400 401 401 401 401 402 402 401 402 401 400 401 401 400
1 1 1 1 1 1 0 0 0 0
1 0 1 0 2 1 0 0 0 0
1 0 1 0 1 1 0 0 0 0
1 0 1 0 1 1 0 0 0 0
1 0 1 0 1 1 0 0 0 0
1 1 1 0 1 1 0 0 0 0
1 1 1 0 1 1 1 0 0 0
1 1 1 0 1 1 0 0 0 0
1 1 1 0 1 1 0 0 0 0
1 1 1 1 1 1 1 1 1 1
Maze 198
91 10 3.2000000000 1.7039652844 50 0.379512119614021
8 10 25 44 42 84 32 88 28 23 6 84 14 85 4 8
400 5 24 400 82 82 82 400 400 3 4 400 84 84 400
400 402 402 400 401 401 401 400 400 402 402 400 401 401 400
0 0 1 1 1 1 1 2 1 1
0 0 1 1 1 0 0 0 0 0
0 0 1 1 1 1 1 1 0 0
0 1 0 1 0 0 0 1 0 0
0 1 1 1 0 0 0 1 0 0
0 1 0 1 0 0 0 1 0 0
0 1 0 1 0 0 0 1 0 0
0 1 0 1 0 0 0 1 0 0
0 1 1 1 1 1 1 1 0 0
0 0 0 0 0 0 0 0 0 0
Maze 199
91 901 3.0714285714 2.2409432339 41 0.384892893205964
71 53 47 90 12 69 17 35 32 39 48 86 13 11 12 71
51 43 87 82 62 67 15 400 400 38 46 83 400 400 11
402 402 401 401 401 401 402 400 400 402 402 401 400 400 402
0 0 0 0 0 0 0 0 0 0
1 1 1 0 1 1 1 0 0 0
1 1 1 0 1 0 1 0 0 0
1 1 1 1 1 1 1 1 1 0
1 1 1 1 1 1 1 1 0 0
1 1 1 0 0 1 1 0 0 0
1 1 1 1 1 1 1 1 1 0
2 1 1 0 0 1 1 0 0 0
0 1 1 1 1 1 1 1 1 1
0 0 0 0 0 0 0 0 0 0
Maze 200
135 363 3.3783783784 2.2463542949 181 0.386513155842515
94 19 33 43 89 5 92 9 78 87 69 95 38 93 1 94
14 13 400 83 85 2 2 8 77 67 65 35 33 91 91
402 402 400 401 401 402 402 402 402 402 402 402 402 401 401
1 1 1 1 1 1 1 1 1 0
1 1 1 1 1 1 1 1 1 0
1 1 1 1 1 0 0 1 0 0
1 1 1 1 1 1 1 1 0 0
1 1 1 1 1 0 0 1 0 0
1 1 1 1 1 0 0 1 0 0
1 1 1 1 1 1 1 1 1 0
1 1 1 1 1 0 1 1 0 0
1 1 1 1 1 1 1 1 1 0
1 1 1 2 1 0 0 0 0 0
