numMazes: 200
mazeSize: 10
Maze 1
77 47 3.3636363636 2.1878587335 26 0.403676600579202
30 49 81 47 68 64 88 96 47 16 78 96 55 35 15 30
29 41 41 67 400 84 86 46 46 76 76 95 400 400 25
402 402 402 401 400 401 402 402 401 401 402 401 400 400 401
0 0 0 0 0 0 0 0 0 0
0 0 0 0 1 1 0 0 0 0
0 0 0 0 1 1 1 1 1 2
0 0 0 0 1 1 0 0 1 0
1 1 1 1 1 1 1 1 1 0
1 0 0 0 1 1 1 0 0 0
1 0 0 1 1 1 1 1 0 0
1 0 0 1 1 1 1 1 0 0
1 0 0 1 1 1 1 1 0 0
0 0 0 0 1 1 0 0 0 0
Maze 2
83 34 2.5454545455 2.1013482055 35 0.345346450775885
69 76 81 98 69 76 18 39 58 87 48 61 2 92 98 69
66 71 91 68 66 16 38 38 57 47 41 1 400 400 68
402 402 401 402 402 402 401 402 402 402 402 402 400 400 402
1 1 0 0 0 0 0 0 0 0
1 1 0 0 0 1 1 1 0 0
1 1 0 0 0 1 0 1 0 0
1 1 0 0 0 1 0 1 1 0
1 1 1 1 1 1 1 1 0 0
1 1 0 0 0 1 1 1 0 0
1 1 0 0 0 1 1 1 2 0
1 1 1 1 1 1 1 1 0 0
1 1 0 0 0 0 1 1 0 0
1 1 1 1 1 1 1 1 0 0
Maze 3
91 12 3.1304347826 1.9389949788 36 0.401909196887370
36 73 33 6 33 86 93 35 77 28 98 83 43 96 79 36
33 400 3 3 83 83 33 75 27 400 93 400 93 76 76
402 400 402 402 401 402 402 401 402 400 401 400 401 402 401
0 0 1 1 1 1 0 0 0 0
0 0 1 0 0 0 0 0 0 0
0 0 1 0 0 0 1 1 0 0
0 0 1 1 1 2 1 1 0 0
0 0 1 0 1 1 1 1 0 0
0 0 1 0 1 1 1 1 0 0
0 0 1 0 1 1 1 1 0 0
0 0 1 0 1 1 1 1 1 0
0 0 1 1 1 1 0 1 0 0
0 0 1 1 1 1 1 1 0 0
Maze 4
77 21 2.7916666667 2.1830928837 30 0.366109895433273
56 40 70 89 69 6 33 37 58 21 40 76 100 89 56 56
36 400 69 400 66 3 400 57 51 31 36 96 99 86 400
402 400 402 400 401 402 400 401 401 401 402 401 401 401 400
0 0 1 1 1 1 0 0 0 0
0 0 1 0 0 1 0 0 0 0
1 0 1 0 0 1 0 0 0 0
1 1 1 1 1 1 1 1 1 1
1 0 0 0 0 1 1 0 0 1
1 1 1 1 1 2 1 1 0 1
0 0 0 0 0 1 1 1 1 1
0 0 0 0 0 1 0 0 1 0
0 0 0 0 0 1 1 1 1 0
0 0 0 0 0 1 1 1 1 1
Maze 5
109 328 2.8571428571 2.0697930132 79 0.386168434061884
16 56 99 69 64 21 54 37 97 12 7 72 9 87 54 16
400 96 400 400 61 51 34 400 92 2 2 2 7 84 14
400 401 400 400 401 401 402 400 401 402 402 402 402 401 402
0 1 1 1 1 1 1 1 1 0
0 1 0 1 1 2 1 0 0 0
1 1 0 1 0 1 1 0 0 0
1 1 0 1 1 1 1 0 0 0
1 1 0 1 0 1 1 0 0 0
1 1 1 1 0 1 1 0 0 0
1 1 1 1 1 1 1 1 1 0
0 1 0 1 0 1 1 0 1 0
0 1 0 1 1 1 1 0 1 0
0 1 1 1 1 1 1 1 1 0
Maze 6
93 113 2.9090909091 2.2007686967 38 0.362531594186394
61 97 67 86 73 94 32 17 9 4 84 31 98 66 16 61
91 400 66 83 93 92 12 7 400 400 81 91 96 400 11
401 400 402 401 401 401 402 402 400 400 401 401 401 400 402
0 0 0 1 1 1 1 1 1 0
1 1 1 1 1 1 1 0 0 0
1 1 0 1 0 1 0 0 0 0
1 1 0 1 0 1 0 0 0 0
1 1 0 1 0 1 0 0 0 0
1 1 0 1 0 1 0 0 0 0
2 1 0 1 0 1 1 0 0 0
1 1 1 1 0 1 1 0 0 0
1 1 1 1 1 1 1 0 0 0
1 1 1 1 1 1 1 1 0 0
Maze 7
89 104 3.2340425532 2.1004771775 45 0.374082599371547
44 43 86 77 34 98 36 31 72 31 93 54 75 16 79 44
400 83 76 74 94 96 400 71 71 91 53 74 15 76 74
400 401 402 401 401 401 400 401 401 401 402 401 402 401 401
0 0 0 0 0 0 0 0 0 0
0 0 0 0 1 1 0 0 0 0
0 0 0 0 1 1 0 0 0 0
1 1 1 1 1 1 0 0 0 0
1 0 1 2 1 1 0 0 0 0
1 0 1 1 1 1 0 0 0 0
1 0 1 1 1 1 0 0 0 0
1 1 1 1 1 1 1 1 1 0
1 0 1 1 1 1 0 0 0 0
1 1 1 1 1 1 1 1 0 0
Maze 8
91 3 3.0400000000 2.1493700152 45 0.368112408851419
81 75 99 11 61 75 56 69 9 38 10 74 14 75 61 81
71 95 91 400 71 55 66 400 8 8 4 400 74 71 400
402 401 401 400 401 402 401 400 402 402 402 400 401 401 400
0 0 0 1 1 1 1 1 1 1
1 0 0 1 0 0 0 1 1 0
1 0 0 1 0 0 0 1 1 0
1 0 0 1 0 0 0 1 1 0
1 0 0 1 0 0 0 0 1 0
1 0 0 1 1 1 0 0 1 0
1 0 0 1 1 1 1 1 1 0
1 1 1 1 1 0 0 0 0 0
2 0 0 0 1 0 0 0 0 0
1 1 1 1 1 1 1 1 1 0
Maze 9
93 168 2.8771929825 2.2099875841 50 0.382531648086010
92 43 58 63 94 9 50 61 24 24 17 48 66 94 14 92
42 53 53 93 4 49 41 21 400 14 47 46 64 400 12
402 401 402 401 402 401 402 402 400 402 401 402 402 400 402
0 0 0 1 1 1 1 1 1 0
0 1 1 1 1 1 1 0 1 0
1 1 1 1 0 0 1 0 1 0
1 1 0 1 0 0 1 0 1 0
1 1 1 1 1 1 1 1 1 1
1 1 1 1 1 1 1 1 0 0
1 1 1 1 1 1 0 0 0 0
0 1 1 1 0 0 0 0 0 0
0 1 1 1 0 0 0 0 0 0
0 2 1 1 0 0 0 0 0 0
Maze 10
129 177 3.6470588235 1.8505006666 108 0.387539105272441
10 51 33 99 1 54 72 91 62 9 33 30 91 52 30 10
1 31 93 91 51 52 71 61 2 3 23 21 51 22 400
402 402 401 401 401 402 402 402 402 402 402 402 402 402 400
1 1 1 1 1 1 1 1 1 2
1 1 1 0 0 0 0 0 0 1
1 1 1 1 1 1 1 1 1 1
1 1 1 0 0 0 0 0 0 0
1 1 1 0 0 0 0 0 0 0
1 1 1 1 0 0 0 0 0 0
1 1 1 0 0 0 0 0 0 0
1 1 1 0 0 0 0 0 0 0
1 0 1 0 0 0 0 0 0 0
1 1 1 1 1 1 1 1 1 0
Maze 11
137 4 3.5094339623 1.7069036597 72 0.371722365918219
61 100 85 72 40 79 10 82 100 1 82 42 8 82 95 61
91 95 82 32 39 9 2 92 91 81 400 2 2 92 91
401 401 401 402 402 402 402 401 401 401 400 402 402 401 401
1 1 1 1 1 1 1 1 1 1
1 1 0 0 0 0 0 0 1 0
1 1 0 0 0 0 0 0 1 0
1 1 1 1 1 1 1 1 1 1
1 1 0 0 0 0 0 0 1 0
1 1 0 0 0 0 0 0 1 0
2 1 0 0 0 0 0 0 1 0
1 1 0 0 0 0 0 0 1 0
1 1 1 1 1 0 0 0 0 0
1 1 1 1 1 1 1 1 1 1
Maze 12
61 21 2.8205128205 2.1482549300 10 0.361154325975913
23 16 47 75 69 20 27 5 68 64 53 13 44 22 13 23
13 46 45 65 19 17 25 65 400 63 400 43 42 12 400
402 401 402 402 402 402 401 401 400 401 400 401 401 402 400
0 0 0 0 1 0 0 0 0 0
0 1 1 1 1 1 1 1 1 1
0 1 2 0 1 1 1 0 1 0
0 1 1 0 1 1 0 0 1 0
0 1 1 1 1 1 1 0 1 0
0 0 1 0 1 0 0 0 1 0
0 0 1 1 1 1 1 1 1 0
0 0 0 0 1 0 0 0 0 0
0 0 0 0 0 0 0 0 0 0
0 0 0 0 0 0 0 0 0 0
Maze 13
115 174 3.3928571429 1.9731936798 108 0.399705852430808
27 67 52 48 1 92 12 60 34 60 54 92 36 100 90 27
400 62 42 41 91 400 52 54 54 400 52 32 96 400 87
400 401 402 401 401 400 401 401 401 400 402 402 401 400 401
1 0 0 0 0 0 0 0 0 0
1 1 0 0 0 0 0 0 0 0
1 1 0 0 0 0 2 0 0 0
1 1 1 1 1 1 1 0 0 0
1 1 1 1 1 1 1 1 0 0
1 1 1 1 1 1 1 1 1 1
1 1 1 1 1 1 1 0 0 0
1 1 0 0 0 1 1 0 0 0
1 1 0 0 0 1 1 1 1 1
1 1 0 0 0 1 1 1 1 1
Maze 14
73 29 2.9130434783 2.1065988828 16 0.376176466915409
17 46 93 79 97 98 66 93 67 76 33 82 86 89 49 17
16 43 73 77 400 96 63 63 66 73 32 400 400 400 47
402 402 402 402 400 401 402 402 402 401 402 400 400 400 401
0 0 0 0 0 0 0 0 0 0
0 0 0 0 0 1 2 0 0 0
0 0 0 0 0 1 1 0 0 0
0 1 1 0 0 1 1 0 0 0
0 1 1 1 1 1 1 1 1 0
0 1 1 0 0 0 0 0 1 0
0 1 1 1 1 1 1 0 1 0
0 1 1 1 1 1 1 1 1 0
0 1 1 1 1 1 1 1 1 0
0 0 1 0 0 1 1 1 0 0
Maze 15
107 392 2.6197183099 2.2977543284 97 0.385827388197517
1 42 99 26 1 97 98 69 63 35 97 20 90 78 51 1
41 92 96 21 91 400 68 400 33 95 17 400 88 71 400
401 401 401 401 401 400 402 400 402 401 402 400 401 401 400
2 0 0 0 0 0 0 0 0 0
1 0 0 0 0 0 1 1 1 1
1 1 1 1 1 1 1 0 0 1
1 0 1 1 1 1 1 0 0 1
1 1 1 0 1 1 1 0 0 1
1 1 1 0 1 1 1 0 0 1
1 1 1 1 1 1 1 1 1 1
1 1 1 1 1 1 1 1 0 1
1 1 0 0 1 1 1 1 1 1
1 1 1 1 1 1 1 1 1 0
Maze 16
107 162 2.7812500000 2.0979063311 112 0.370787276854077
70 80 24 70 10 98 36 86 7 40 73 81 73 91 24 70
400 74 64 400 8 96 400 6 37 33 71 71 71 21 64
400 401 401 400 402 401 400 402 401 402 402 402 402 402 401
0 0 0 0 0 1 1 1 1 1
0 0 0 0 0 1 1 1 0 1
1 1 1 1 0 1 1 1 0 1
1 0 1 1 1 1 1 1 1 1
1 0 1 1 0 1 0 1 0 1
1 0 1 1 0 1 0 1 0 1
1 0 1 1 1 1 1 1 1 2
1 1 1 1 1 1 1 1 1 1
1 0 0 0 0 1 0 1 0 0
1 0 0 0 0 1 1 1 0 0
Maze 17
115 13 3.1428571429 2.1892069608 111 0.392120081049580
4 97 34 17 24 71 91 20 77 6 46 20 55 89 73 4
94 94 14 14 21 400 11 17 76 400 16 15 85 83 3
401 401 402 402 402 400 402 402 401 400 402 402 401 401 402
0 0 1 2 0 1 0 0 0 0
1 1 1 1 1 1 1 1 1 1
1 1 1 1 1 1 1 0 0 0
1 0 1 1 1 1 1 0 0 0
1 0 1 1 1 1 1 0 0 0
1 0 1 1 1 1 1 0 0 0
1 0 1 1 1 1 1 0 0 0
1 0 1 1 1 1 1 0 0 0
1 0 1 1 1 1 1 1 1 0
1 0 0 1 1 1 1 0 0 0
Maze 18
85 41 2.8936170213 1.9251786428 56 0.373961807119702
94 83 44 97 68 56 96 97 70 60 15 83 39 7 40 94
93 43 94 67 66 400 400 67 400 55 13 33 37 37 34
401 402 401 402 401 400 400 402 400 401 402 402 401 401 402
0 0 0 0 0 0 1 0 0 0
0 0 1 1 1 0 1 0 0 0
0 0 1 0 1 0 1 0 0 0
0 0 1 1 1 1 1 1 1 1
0 0 1 1 1 0 0 0 0 0
0 0 1 1 1 1 1 1 1 1
0 0 1 1 0 1 1 1 1 1
0 0 1 1 0 1 1 0 0 0
0 0 1 1 0 1 1 0 0 0
0 0 1 2 1 1 1 0 0 0
Maze 19
105 20 2.9508196721 2.1435735922 97 0.374355433828917
81 100 35 85 6 79 4 82 86 65 57 6 59 50 88 81
91 95 400 5 76 74 2 400 85 55 56 56 49 48 400
401 401 400 402 401 401 402 400 401 402 401 401 402 402 400
0 1 1 1 1 1 0 0 0 0
0 1 0 1 1 1 0 0 0 0
0 1 0 1 1 1 0 0 0 0
0 1 0 1 1 1 0 0 0 0
0 1 0 1 1 1 0 1 1 1
0 1 0 1 1 1 1 1 1 0
0 1 0 1 1 1 0 1 0 0
0 1 0 1 1 1 1 1 1 0
2 1 1 1 1 1 1 1 0 0
1 1 1 1 1 1 1 1 1 1
Maze 20
67 11 3.4285714286 1.9954999008 13 0.403645850440896
21 55 2 65 62 53 48 38 67 58 43 36 50 47 32 21
51 52 62 400 52 43 400 37 57 53 33 46 400 42 31
401 401 401 400 402 402 400 402 402 401 402 401 400 401 401
0 1 0 0 0 0 0 0 0 0
0 1 0 0 0 0 0 0 0 0
2 1 0 0 0 0 0 0 0 0
1 1 1 1 1 1 1 1 0 0
1 1 1 1 1 1 1 1 1 1
1 1 1 1 1 1 1 1 0 0
0 1 1 1 1 0 1 0 0 0
0 0 0 0 0 0 0 0 0 0
0 0 0 0 0 0 0 0 0 0
0 0 0 0 0 0 0 0 0 0
Maze 21
99 54 2.8059701493 2.4311935010 64 0.372601998607178
77 88 12 14 13 28 88 60 27 66 81 5 20 45 1 77
87 82 400 400 23 400 58 57 26 61 1 15 15 41 71
401 401 400 400 401 400 402 401 402 402 402 401 402 401 401
1 1 1 1 1 0 0 0 0 0
1 1 1 1 1 1 1 1 1 1
1 1 1 1 1 1 1 1 0 0
1 1 0 0 1 1 1 1 0 0
1 1 1 1 1 1 1 1 0 0
1 1 0 0 0 1 1 1 1 1
1 1 1 1 1 1 0 1 0 0
1 1 1 1 1 1 2 1 0 0
1 1 1 1 1 1 1 1 0 0
0 0 0 0 0 0 0 0 0 0
Maze 22
77 10 2.7169811321 2.2066039788 26 0.370357009888741
96 51 28 8 9 23 25 27 73 20 49 47 59 66 63 96
91 21 400 400 3 400 400 23 13 19 400 57 56 400 93
401 402 400 400 402 400 400 402 402 402 400 401 402 400 401
0 0 1 1 1 1 1 1 1 0
0 0 1 1 1 1 1 1 1 1
1 1 1 1 1 1 1 1 1 0
1 0 1 0 0 0 0 0 1 0
1 0 1 0 0 0 1 1 1 0
1 0 1 0 0 1 1 1 1 0
1 0 1 1 1 1 0 0 0 0
1 0 1 0 0 0 0 0 0 0
1 0 1 0 0 0 0 0 0 0
1 1 1 1 1 2 0 0 0 0
Maze 23
103 39 3.0370370370 2.0129119245 71 0.372500106085438
39 85 6 65 58 36 100 29 53 22 42 12 99 30 6 39
35 5 5 55 56 96 99 23 52 400 400 92 29 26 36
402 402 402 402 401 401 401 402 401 400 400 401 402 401 401
0 0 0 0 1 1 0 0 0 0
0 1 0 0 1 1 0 0 0 0
0 1 1 1 1 1 1 1 1 1
0 1 1 0 1 1 1 1 2 0
0 1 1 0 1 1 0 0 1 0
0 1 1 0 1 1 1 1 1 0
0 1 0 0 1 1 0 0 1 0
0 1 0 0 1 1 0 0 1 0
0 1 0 0 1 1 0 0 1 0
0 1 1 1 1 1 1 1 1 1
Maze 24
81 42 2.8163265306 2.0780597902 30 0.373329842072815
4 42 5 17 36 37 63 59 50 37 41 73 57 41 94 4
2 2 15 16 400 33 53 49 47 31 71 53 51 91 400
402 402 401 402 400 402 402 402 401 402 401 402 401 401 400
0 1 1 2 1 0 0 0 0 0
0 1 0 1 1 1 1 0 0 0
0 1 0 1 0 1 0 0 0 0
1 1 1 1 1 1 1 0 0 0
1 1 1 1 0 0 1 1 1 1
1 1 1 1 1 1 1 1 1 0
1 0 1 1 0 0 0 0 0 0
1 1 1 1 0 0 0 0 0 0
1 0 0 1 0 0 0 0 0 0
1 1 1 1 0 0 0 0 0 0
Maze 25
117 941 3.5438596491 1.9941813600 148 0.382414978463909
85 15 87 20 61 73 16 39 22 56 62 29 97 18 7 85
400 85 17 11 71 13 36 32 52 52 22 27 17 17 5
400 401 402 402 401 402 401 401 401 402 402 402 402 401 402
0 0 0 0 1 1 1 0 0 0
1 1 1 1 1 1 1 1 1 1
1 1 1 1 1 1 1 1 1 0
1 1 1 1 1 1 1 1 1 0
1 1 1 0 1 0 1 0 0 0
1 1 1 1 1 1 1 0 0 0
1 1 1 0 1 0 1 0 0 0
1 1 1 0 1 0 1 0 0 0
0 0 0 0 2 1 1 0 0 0
0 0 0 0 0 0 1 0 0 0
Maze 26
101 89 2.8358208955 2.2704001102 71 0.368164747684548
36 86 63 15 90 86 30 19 99 6 21 2 2 78 14 36
400 83 13 85 400 26 29 400 96 1 1 400 72 74 34
400 401 402 401 400 402 401 400 401 402 402 400 401 401 401
1 1 1 1 1 1 0 0 0 0
1 1 1 1 1 1 0 0 1 0
1 1 1 1 1 1 1 1 1 1
0 1 1 1 1 2 0 0 1 0
0 1 1 1 1 1 0 0 1 0
0 1 1 1 1 1 0 0 1 0
0 1 1 1 1 1 0 0 1 0
0 1 1 1 1 1 1 1 1 0
0 0 1 1 1 1 1 1 1 1
0 0 0 0 0 1 1 1 1 0
Maze 27
109 27 3.3061224490 1.8277255548 105 0.400409505150451
41 19 75 37 63 41 45 81 48 87 98 40 81 61 38 41
11 15 35 33 61 400 41 41 47 97 38 31 400 31 31
402 402 402 402 401 400 402 402 402 401 402 402 400 402 402
0 0 0 0 0 0 0 0 0 0
1 1 1 1 1 1 1 1 1 0
1 0 0 0 1 0 0 0 0 0
1 1 1 1 1 1 1 1 1 1
2 1 1 1 1 1 1 1 0 0
1 0 1 0 1 0 1 1 0 0
1 1 1 0 1 0 1 1 0 0
1 0 0 0 1 0 1 1 0 0
1 0 0 0 0 0 1 1 0 0
0 0 0 0 0 0 1 1 0 0
Maze 28
111 23 3.2758620690 2.0535518162 105 0.385612516853213
82 45 72 99 74 35 61 87 30 27 80 36 92 2 6 82
42 42 92 94 34 31 81 27 400 77 76 32 400 400 2
402 402 401 401 402 402 401 402 400 401 401 402 400 400 402
0 1 1 1 1 1 0 0 0 0
0 1 0 0 0 0 0 0 0 0
0 1 0 0 0 0 1 1 1 1
1 1 1 1 1 1 1 0 0 0
1 1 1 1 1 1 1 0 0 0
1 1 0 1 0 1 1 0 0 0
1 1 0 1 0 1 1 0 0 0
1 1 0 1 0 1 1 1 1 1
1 2 1 1 1 1 1 0 0 0
0 1 1 1 1 1 1 1 1 0
Maze 29
111 2571 3.5593220339 2.1753695252 98 0.403352732512844
24 78 41 11 87 81 45 95 18 97 46 12 38 98 88 24
74 71 400 81 400 41 400 15 17 96 42 32 400 400 84
401 401 400 401 400 402 400 402 402 401 401 401 400 400 401
0 0 0 0 0 0 0 0 0 0
1 1 0 0 1 1 1 1 0 0
1 1 0 2 1 0 1 0 0 0
1 1 1 1 1 1 1 1 0 0
1 1 1 1 1 1 1 1 0 0
1 0 0 1 1 1 1 1 0 0
1 0 0 1 1 1 1 1 0 0
1 1 1 1 1 1 1 1 0 0
1 1 1 1 1 1 1 1 0 0
0 0 0 0 1 1 1 1 0 0
Maze 30
103 317 3.6400000000 2.1178867188 71 0.386349159331979
93 91 44 45 78 15 23 82 27 48 57 93 39 71 48 93
400 41 400 75 75 13 22 22 47 47 53 33 31 41 43
400 402 400 401 401 402 402 402 401 402 402 402 402 402 402
0 0 0 0 0 0 0 0 0 0
0 0 1 1 1 0 0 0 0 0
0 1 1 1 1 1 1 0 0 0
1 1 1 1 1 1 1 1 1 0
1 1 1 1 1 1 1 1 0 0
1 1 1 1 1 1 1 0 0 0
1 1 1 0 1 0 0 0 0 0
1 1 1 0 1 1 1 1 0 0
1 1 1 0 0 0 0 0 0 0
1 1 2 0 0 0 0 0 0 0
Maze 31
109 471 3.4468085106 1.8253793922 97 0.380682331770987
25 89 43 88 57 50 58 84 28 93 96 14 83 38 50 25
85 83 83 87 47 48 54 24 23 400 94 13 33 48 45
401 401 401 401 402 402 402 402 402 400 401 402 402 401 401
0 0 0 0 0 0 0 0 0 0
0 0 1 1 0 0 0 0 0 0
0 0 1 1 2 1 1 1 0 0
0 0 1 1 1 1 1 1 0 0
0 0 1 1 1 1 1 1 1 1
0 0 1 1 1 1 1 1 0 0
0 0 1 1 1 0 1 0 0 0
0 0 1 1 1 0 1 0 0 0
0 0 1 1 1 1 1 1 1 0
0 0 1 1 1 1 0 0 0 0
Maze 32
87 129 2.9473684211 2.3390125974 50 0.394498276564405
49 42 45 76 42 19 28 13 100 67 67 28 98 49 66 49
400 400 75 72 12 18 23 93 97 400 27 400 48 46 46
400 400 401 401 402 402 401 401 401 400 402 400 402 402 402
0 0 0 0 0 0 0 0 0 0
0 1 1 1 1 1 1 1 1 0
0 1 1 1 1 1 1 1 0 0
0 1 1 0 0 0 1 1 0 0
0 1 1 1 1 1 1 1 2 0
0 1 1 0 1 1 1 1 0 0
0 1 1 0 1 1 1 1 0 0
0 1 1 1 1 1 1 1 0 0
0 0 1 0 0 0 1 1 0 0
0 0 1 1 1 1 1 1 1 1
Maze 33
103 119 3.1935483871 2.3040692333 64 0.398134052245825
81 7 64 96 82 78 72 22 2 68 42 85 49 27 53 81
1 4 94 92 72 400 400 400 62 62 82 45 47 23 51
402 402 401 401 402 400 400 400 401 401 401 402 401 402 402
1 1 1 1 1 1 1 0 0 0
1 1 0 1 0 0 0 0 0 0
1 1 1 1 1 1 1 0 0 0
1 1 1 1 0 0 1 0 0 0
1 1 1 1 1 1 1 1 1 0
1 1 1 1 1 0 0 0 0 0
1 1 1 1 1 1 1 1 0 0
1 1 1 1 1 1 1 1 0 0
2 1 1 1 1 0 0 0 0 0
0 1 1 1 1 1 0 0 0 0
Maze 34
89 133 3.0740740741 2.1670090362 45 0.369990745802418
80 65 38 13 40 49 74 28 31 44 72 79 66 63 100 80
75 35 33 33 39 44 24 21 41 42 400 76 400 93 400
401 402 401 401 402 402 402 402 401 402 400 401 400 401 400
0 0 0 0 0 0 0 0 0 0
0 0 1 0 0 0 0 0 0 0
1 1 1 1 1 1 1 1 0 0
1 0 1 1 1 1 1 1 1 1
1 1 1 1 1 1 1 1 1 0
0 1 0 1 1 0 0 0 0 0
0 1 1 1 1 1 0 0 0 0
0 1 1 1 1 1 1 1 1 2
0 0 1 0 0 0 0 0 0 1
0 0 1 1 1 1 1 1 1 1
Maze 35
97 157 3.8666666667 2.1903968493 62 0.388452222279943
15 31 52 21 9 42 75 41 57 61 82 38 31 74 4 15
11 51 51 1 2 72 71 51 51 81 32 400 71 400 14
402 401 401 402 402 401 401 401 402 401 402 400 401 400 401
1 1 1 1 1 1 1 1 1 0
1 1 1 1 2 0 0 0 0 0
1 1 0 1 0 0 0 0 0 0
1 1 1 1 1 1 1 1 0 0
1 1 0 1 0 0 0 0 0 0
1 1 1 1 1 1 1 0 0 0
1 1 0 1 0 0 0 0 0 0
1 1 1 1 1 0 0 0 0 0
1 1 0 0 0 0 0 0 0 0
0 0 0 0 0 0 0 0 0 0
Maze 36
97 86 2.7462686567 2.4822745259 51 0.371834516577456
36 22 37 43 51 18 3 85 10 18 29 41 98 100 80 36
32 32 33 41 11 13 83 5 8 28 21 91 400 400 76
401 401 402 402 402 401 401 402 402 401 402 401 400 400 401
0 0 1 0 1 1 1 1 1 1
1 1 1 1 1 1 1 1 0 0
1 1 1 1 1 1 1 1 1 0
1 1 1 1 1 2 1 0 0 0
1 1 1 0 1 1 0 0 0 0
1 0 1 0 1 1 0 0 0 0
1 0 1 0 1 1 0 0 0 0
1 0 1 0 1 1 1 1 1 1
1 0 1 1 1 0 0 0 0 1
1 1 1 1 1 1 1 1 1 1
Maze 37
79 63 2.8518518519 2.3046710610 30 0.370621966342036
90 84 45 44 35 66 13 67 59 37 34 7 11 38 9 90
400 44 400 34 65 63 63 57 57 400 4 1 31 8 89
400 402 400 402 401 401 401 402 401 400 402 402 401 402 401
1 1 1 1 1 1 1 1 1 0
1 0 1 1 0 0 0 1 1 0
1 0 1 1 0 0 0 1 1 0
1 1 1 1 1 1 1 1 1 0
0 0 1 1 1 0 1 0 1 0
0 0 1 1 1 0 1 1 1 0
0 0 1 1 1 1 1 0 1 0
0 0 0 1 0 0 0 0 1 0
0 0 0 1 1 1 1 1 1 2
0 0 0 0 0 0 0 0 0 0
Maze 38
95 61 2.8888888889 2.1090700010 84 0.383838192921650
12 32 1 85 26 57 93 76 86 25 28 98 96 21 95 12
400 31 81 25 56 53 73 400 85 400 400 400 91 91 92
400 401 401 402 401 402 402 400 401 400 400 400 401 401 401
1 0 0 0 0 0 0 0 0 0
1 2 0 0 0 0 0 0 0 0
1 1 0 0 1 1 1 1 0 0
1 1 0 0 1 1 0 1 0 0
1 1 0 0 1 1 0 1 0 0
1 1 1 1 1 1 1 1 0 0
1 1 1 0 1 0 0 1 0 0
1 1 1 1 1 1 0 1 0 0
1 1 1 1 1 1 0 1 0 0
1 1 1 1 1 1 1 1 0 0
Maze 39
87 6 2.6666666667 2.0392407769 50 0.370039970432713
96 54 25 42 18 31 93 72 13 2 23 81 100 49 47 96
94 24 22 12 11 91 92 12 12 22 21 91 99 400 46
401 402 402 402 402 401 401 402 401 401 402 401 401 400 402
0 1 0 0 0 0 0 0 0 0
1 1 1 1 1 1 1 1 0 0
1 1 1 1 1 0 0 0 0 0
1 1 0 1 0 0 0 0 0 0
1 1 0 1 0 1 1 1 1 0
1 1 0 1 0 1 0 0 1 0
1 1 0 1 0 1 0 0 1 0
1 1 0 1 0 1 0 0 1 0
1 1 0 1 0 1 0 0 1 0
1 1 1 1 1 2 1 1 1 1
Maze 40
111 148 2.9230769231 2.1095481253 76 0.385669416626852
62 25 15 51 40 82 9 79 14 45 22 95 93 90 80 62
22 400 11 31 32 2 400 74 44 42 92 400 83 400 72
402 400 402 402 402 402 400 401 401 401 401 400 402 400 401
0 1 1 1 1 1 1 1 1 0
1 1 1 1 1 0 0 0 1 0
1 1 1 1 1 0 0 0 1 0
1 1 1 1 1 1 1 1 1 1
1 1 1 1 1 0 0 0 1 0
1 1 0 1 0 0 0 0 1 0
0 2 0 1 0 0 0 0 1 0
0 1 1 1 1 1 1 1 1 1
0 1 1 1 1 1 1 1 1 1
0 1 1 1 1 0 0 0 0 0
Maze 41
101 877 3.4339622642 2.1587942072 71 0.390233893593383
18 43 93 75 29 94 74 22 57 38 92 36 6 42 7 18
13 400 73 25 24 400 72 52 37 32 32 400 2 2 17
402 400 402 402 402 400 401 401 402 402 402 400 402 402 401
0 1 1 1 1 1 1 0 0 0
0 1 1 1 1 1 1 2 0 0
0 1 1 1 1 1 1 1 1 0
0 1 1 1 1 1 1 1 0 0
0 1 1 1 1 0 1 0 0 0
0 1 1 1 1 1 1 0 0 0
0 1 1 1 1 0 0 0 0 0
0 1 1 1 1 0 0 0 0 0
0 1 1 1 0 0 0 0 0 0
0 1 1 1 0 0 0 0 0 0
Maze 42
109 158 3.4117647059 1.8886861245 70 0.388097377121106
7 83 15 39 11 70 40 83 62 14 29 26 13 82 14 7
3 13 35 31 61 400 33 82 12 24 400 23 12 12 4
402 402 401 401 401 400 402 401 402 401 400 401 402 402 402
0 0 1 1 1 1 2 0 0 0
1 1 1 1 1 0 0 0 0 0
1 1 1 1 1 1 1 1 1 0
1 1 1 1 1 1 1 1 1 1
1 1 1 0 0 0 0 0 0 1
1 1 1 0 0 0 0 0 0 1
1 1 1 1 1 1 1 1 1 1
0 1 1 0 0 0 0 0 0 0
0 1 1 0 0 0 0 0 0 0
0 0 0 0 0 0 0 0 0 0
Maze 43
123 206 3.5862068966 2.1157777844 104 0.373208636674491
1 57 100 58 32 46 4 10 91 40 83 53 74 35 59 1
51 97 98 52 42 44 400 1 31 33 400 73 34 55 51
401 401 401 401 401 401 400 402 402 402 400 401 402 401 401
2 1 1 1 1 1 1 1 1 1
1 0 0 1 0 0 0 0 0 0
1 0 0 1 0 0 0 0 0 0
1 1 1 1 1 1 1 1 1 1
1 1 1 1 1 1 0 0 0 0
1 1 1 1 1 1 1 1 1 0
1 0 1 1 0 0 1 1 0 0
1 0 1 1 0 0 1 1 0 0
1 0 1 0 0 0 1 1 0 0
1 0 0 0 0 0 1 1 1 1
Maze 44
93 51 3.1600000000 1.9915923522 29 0.407906081523361
9 14 45 98 22 14 5 98 66 95 76 72 85 19 67 9
4 44 95 92 12 4 95 96 65 75 400 82 15 17 7
402 401 401 401 402 402 401 401 402 402 400 401 402 402 402
0 0 0 1 1 1 1 1 2 0
0 1 1 1 1 1 1 1 1 0
0 1 0 1 1 0 1 0 0 0
0 1 0 1 1 0 1 0 0 0
0 1 0 1 1 0 1 0 0 0
0 1 0 0 1 0 1 0 0 0
0 1 0 0 1 1 1 0 0 0
0 1 1 1 1 1 0 0 0 0
0 1 1 1 1 1 0 0 0 0
0 1 1 1 1 1 1 1 0 0
Maze 45
97 139 3.1851851852 2.0308739810 65 0.377728304679829
2 85 67 46 29 13 53 9 56 12 70 38 35 41 25 2
82 65 66 26 23 400 3 6 52 62 68 400 31 21 22
401 402 401 402 401 400 402 402 401 401 401 400 402 402 401
0 2 1 1 1 1 1 1 1 0
0 1 1 0 0 1 0 0 0 0
1 1 1 1 1 1 1 1 1 0
1 1 1 1 1 1 1 1 0 0
1 1 1 0 0 1 0 1 0 0
0 1 1 1 1 1 0 1 0 0
0 1 1 1 1 1 1 1 1 1
0 1 0 0 1 0 0 0 0 0
0 1 1 1 1 0 0 0 0 0
0 0 0 0 0 0 0 0 0 0
Maze 46
91 684 2.9032258065 2.4011477231 45 0.364207220895582
71 96 47 10 64 85 23 6 29 5 97 89 85 57 68 71
91 46 7 4 84 83 3 26 25 95 87 400 55 67 61
401 402 402 402 401 401 402 401 401 401 402 400 402 401 402
0 0 1 1 1 1 1 1 1 1
0 0 1 1 1 1 1 0 0 0
0 0 1 1 1 1 1 1 1 0
0 0 1 1 1 0 1 0 0 0
0 0 1 1 1 1 1 0 0 0
0 0 1 1 1 1 1 0 0 0
1 1 1 1 1 1 1 1 0 0
2 0 1 1 1 1 0 0 0 0
1 0 1 1 1 1 1 1 1 0
1 1 1 1 1 1 1 0 0 0
Maze 47
89 157 2.8474576271 2.3015092673 50 0.400987675308596
98 38 63 5 78 61 98 96 94 5 46 25 18 30 67 98
400 33 3 75 71 91 400 400 4 45 45 15 28 27 97
400 402 402 401 401 401 400 400 402 401 401 402 401 402 401
0 0 1 1 1 0 0 0 0 0
0 0 1 1 1 1 1 1 0 0
0 0 1 1 1 0 1 1 1 1
0 0 1 1 1 1 1 1 0 0
0 0 1 1 1 1 1 1 0 0
0 0 1 1 1 0 1 1 0 0
1 0 1 1 1 0 1 1 0 0
1 1 1 1 1 1 1 1 0 0
1 0 0 1 0 0 1 1 0 0
1 1 1 1 1 1 1 2 0 0
Maze 48
95 6 3.2888888889 1.9006422746 51 0.383612121914272
29 66 32 12 70 19 36 97 42 32 87 87 16 79 76 29
26 62 400 62 69 16 96 92 400 82 400 86 76 400 26
402 401 400 401 401 402 401 401 400 401 400 401 401 400 402
0 0 0 0 0 0 0 0 0 0
0 1 0 0 0 1 1 1 1 0
0 1 0 0 0 1 1 1 2 0
0 1 0 0 0 1 0 0 1 0
0 1 0 0 0 1 0 0 1 0
0 1 0 0 0 1 0 0 1 0
0 1 1 1 1 1 1 1 1 1
0 1 0 0 0 1 1 1 1 0
0 1 1 1 1 1 1 0 0 0
0 1 1 1 1 1 1 0 0 0
Maze 49
101 41 3.0000000000 2.2430458920 64 0.382354688072183
27 63 19 49 9 21 44 49 65 36 37 23 90 20 52 27
23 13 400 400 1 41 400 45 35 400 33 83 400 12 22
402 402 400 400 402 401 400 402 402 400 401 401 400 402 402
1 1 1 1 1 1 1 1 1 0
1 1 1 1 1 1 1 1 1 1
1 1 1 1 1 1 2 0 1 1
1 1 1 1 1 1 1 0 1 1
1 1 1 1 1 1 1 1 1 1
0 1 1 0 1 0 0 0 0 1
0 0 1 0 1 0 0 0 0 1
0 0 1 0 0 0 0 0 0 1
0 0 1 1 1 1 1 1 1 1
0 0 0 0 0 0 0 0 0 0
Maze 50
85 57 3.2083333333 2.0870694350 50 0.384999190926281
58 20 59 32 27 21 28 55 96 97 13 23 96 38 59 58
18 19 52 22 400 400 25 95 400 93 400 93 36 58 400
402 402 401 402 400 400 402 401 400 401 400 401 402 401 400
0 0 0 0 0 0 0 0 0 0
0 0 1 0 0 0 0 1 1 1
1 1 1 1 1 1 1 1 1 0
0 1 1 0 1 1 1 1 1 0
0 1 1 0 1 1 0 1 1 0
0 1 1 1 1 1 1 2 1 0
0 0 1 0 1 1 0 0 0 0
0 0 1 0 1 1 0 0 0 0
0 0 1 0 1 1 0 0 0 0
0 0 1 1 1 1 1 0 0 0
Maze 51
101 44 3.2075471698 2.1027473282 71 0.380904633904466
39 26 91 22 19 21 75 64 49 59 25 91 94 22 59 39
36 21 21 12 11 71 74 44 400 55 21 400 92 52 400
401 402 402 402 402 401 401 402 400 401 402 400 401 401 400
0 0 0 0 0 0 0 0 0 0
1 1 1 1 1 1 1 1 1 0
1 1 1 1 1 1 0 0 0 0
1 1 0 0 1 1 1 1 2 0
1 1 0 1 1 1 1 1 1 0
1 1 1 1 1 1 1 1 1 0
1 1 0 1 0 0 0 0 0 0
1 1 1 1 1 0 0 0 0 0
1 1 0 0 0 0 0 0 0 0
1 1 1 1 0 0 0 0 0 0
Maze 52
99 443 3.5094339623 2.1621356322 77 0.389385845707703
60 57 95 4 41 5 64 50 35 43 41 16 68 12 62 60
400 55 94 1 1 4 44 45 33 400 11 66 62 400 52
400 402 401 402 402 402 402 401 402 400 402 401 401 400 402
1 1 1 1 1 0 0 0 0 0
1 1 1 1 1 1 0 0 0 0
1 1 0 1 0 1 0 0 0 0
1 1 1 1 1 1 0 0 0 0
1 1 1 1 1 1 1 1 1 1
0 1 1 1 1 1 1 1 1 2
0 1 1 1 1 1 1 1 0 0
0 0 0 1 1 0 0 0 0 0
0 0 0 1 1 0 0 0 0 0
0 0 0 1 1 0 0 0 0 0
Maze 53
109 157 3.2280701754 2.0539805312 97 0.394731238222270
20 56 22 95 12 74 46 25 8 74 41 55 50 80 12 20
16 52 92 92 72 44 45 5 4 71 51 45 400 72 400
402 401 401 401 401 402 401 402 402 401 401 402 400 401 400
0 0 0 1 1 1 1 1 0 0
0 1 1 1 1 1 1 1 1 2
0 1 0 1 1 1 0 0 0 0
0 1 0 1 1 1 0 0 0 0
1 1 0 1 1 1 1 1 1 1
1 1 1 1 1 1 0 0 0 1
1 1 0 1 0 0 0 0 0 1
1 1 1 1 1 1 1 1 1 1
0 1 0 0 0 0 0 0 0 0
0 1 1 1 1 0 0 0 0 0
Maze 54
91 426 3.0000000000 2.3262273994 50 0.396411629800193
59 65 33 11 34 49 56 80 76 9 98 77 37 52 10 59
55 63 31 31 44 46 76 400 6 8 97 400 32 2 9
402 401 401 401 401 402 401 400 402 402 401 400 402 402 402
0 1 1 1 1 1 1 1 1 1
1 1 0 0 0 1 0 1 1 0
1 1 0 0 0 1 0 1 1 0
1 1 1 1 1 1 1 1 1 0
0 1 1 1 1 1 1 1 1 0
0 1 1 0 1 1 1 1 2 0
0 0 1 1 1 1 1 1 0 0
0 0 0 0 0 1 1 1 1 1
0 0 0 0 0 0 1 1 0 0
0 0 0 0 0 0 1 1 0 0
Maze 55
83 61 3.4545454545 2.1209434717 30 0.380055150620899
52 23 93 50 16 77 88 69 64 4 38 63 62 67 37 52
22 400 43 46 76 87 68 400 400 34 33 400 400 400 32
402 400 402 401 401 401 402 400 400 401 402 400 400 400 402
0 0 0 1 0 0 0 0 0 0
0 0 0 1 0 1 0 0 0 0
0 1 1 1 0 1 0 0 0 0
0 1 1 1 1 1 1 1 0 0
0 1 1 1 1 1 1 1 1 1
0 2 1 1 0 1 1 0 0 0
0 1 1 1 1 1 1 1 1 0
0 0 1 0 0 1 1 1 0 0
0 0 1 0 0 0 1 1 0 0
0 0 1 0 0 0 0 0 0 0
Maze 56
105 62 3.3454545455 2.0858715019 76 0.389238196080802
38 42 92 77 18 29 93 12 25 35 100 90 5 30 63 38
32 400 72 17 28 23 92 22 400 95 400 85 25 23 33
402 400 402 402 401 402 401 401 400 401 400 401 401 402 402
0 0 0 0 1 0 0 0 0 0
0 1 0 0 1 0 1 1 0 0
0 1 1 1 1 1 1 1 1 1
0 1 1 1 1 1 1 2 0 0
0 1 1 0 1 0 1 0 0 0
0 1 1 0 1 0 1 0 0 0
0 1 1 0 1 0 1 0 0 0
0 1 1 1 1 1 1 0 0 0
0 1 1 0 1 1 1 1 1 1
0 1 1 0 1 1 1 1 1 1
Maze 57
71 7 3.0697674419 2.1020070360 16 0.394235195902360
63 2 13 11 25 32 4 47 31 62 92 42 52 60 84 63
62 12 400 21 22 2 44 41 61 400 400 400 400 54 83
401 401 400 401 402 402 401 401 401 400 400 400 400 402 401
0 1 1 1 0 0 0 0 0 0
1 1 1 1 0 0 0 0 0 0
1 1 1 1 1 0 0 0 0 0
1 1 0 1 0 0 0 0 0 0
1 1 1 1 1 1 1 0 0 0
1 1 1 1 1 1 1 1 1 1
1 1 2 1 0 0 0 0 0 0
0 1 1 1 0 0 0 0 0 0
0 1 1 1 0 0 0 0 0 0
0 1 0 0 0 0 0 0 0 0
Maze 58
99 23 3.3214285714 2.2565266455 55 0.377029788601735
91 51 96 17 48 98 80 77 72 78 68 8 90 2 66 91
400 91 16 47 400 78 400 400 400 400 400 88 82 62 61
400 401 402 401 400 402 400 400 400 400 400 401 401 401 402
0 1 0 0 0 0 0 1 0 0
0 1 0 0 0 1 1 1 0 0
0 1 0 0 0 1 1 1 0 0
0 1 0 0 0 1 1 1 0 0
0 1 0 0 0 1 1 1 0 0
1 1 0 0 0 1 0 1 0 0
1 1 1 1 1 1 0 1 0 0
1 1 1 1 1 1 1 1 1 1
1 1 1 1 1 1 1 1 1 1
2 1 1 1 1 1 0 1 0 0
Maze 59
109 1447 3.0434782609 2.2250274892 112 0.365475886494984
24 70 60 36 24 18 23 33 96 20 9 65 29 91 90 24
64 400 56 34 14 13 400 93 16 19 5 25 21 81 84
401 400 401 401 402 402 400 401 402 401 402 402 402 402 401
0 0 0 0 1 1 1 1 1 0
0 0 1 1 1 1 1 1 1 1
1 1 1 2 1 1 1 1 1 0
1 0 1 1 1 1 0 0 0 0
1 0 1 1 1 1 0 0 0 0
1 0 1 1 1 1 1 1 1 1
1 0 1 1 1 1 1 1 1 1
1 0 1 1 0 1 0 0 0 0
1 1 1 1 1 1 1 1 1 1
1 0 1 1 1 1 0 0 0 0
Maze 60
107 166 3.3469387755 1.9496552170 99 0.375325965084890
11 70 13 69 28 52 24 33 66 22 53 89 57 97 45 11
61 63 63 68 22 22 23 63 62 52 83 87 400 95 41
401 401 401 401 402 402 402 401 401 401 401 401 400 401 401
0 0 0 0 0 0 0 0 0 0
2 0 1 0 0 0 0 0 0 0
1 1 1 1 1 1 1 1 0 0
1 1 1 0 0 0 0 1 0 0
1 1 1 1 1 0 0 1 0 0
1 1 1 0 1 0 1 1 0 0
1 1 1 1 1 1 1 1 1 1
0 0 1 0 1 0 1 0 0 0
0 0 1 1 1 1 1 1 1 0
0 0 0 0 1 1 1 0 0 0
Maze 61
67 54 2.7234042553 2.2565956888 16 0.370108671106059
15 87 86 39 29 4 28 48 67 66 64 95 62 5 37 15
85 400 36 400 24 24 400 47 400 400 94 92 2 35 35
401 400 402 400 401 401 400 402 400 400 401 401 402 401 401
0 1 1 1 1 0 0 0 0 0
0 1 0 1 2 0 0 0 0 0
0 1 0 1 1 1 1 1 1 0
0 1 0 0 1 1 1 1 1 0
0 1 0 0 1 1 1 1 0 0
0 1 0 0 1 1 1 0 0 0
0 1 0 1 1 1 1 0 0 0
0 1 0 1 1 1 0 0 0 0
0 1 0 1 1 1 1 0 0 0
0 1 1 1 1 0 0 0 0 0
Maze 62
113 87 3.0158730159 2.1718260238 81 0.397259029495435
72 31 20 4 78 94 31 21 93 78 27 61 26 70 40 72
71 11 14 74 74 91 400 91 73 77 21 21 66 400 32
401 402 401 401 402 401 400 401 402 401 402 402 401 400 402
0 0 0 1 0 0 0 0 0 0
1 1 1 1 1 1 1 1 1 1
1 1 1 1 1 1 1 0 0 0
1 1 1 1 1 1 1 1 1 1
1 1 0 1 0 1 1 0 0 1
1 1 0 1 0 1 1 0 0 1
1 1 0 1 0 1 1 1 1 1
1 2 1 1 1 1 1 1 0 0
1 0 1 1 0 0 0 0 0 0
1 1 1 1 0 0 0 0 0 0
Maze 63
99 28 3.2592592593 2.1235256579 77 0.372619927690556
47 70 25 45 83 58 91 80 33 17 25 33 2 91 83 47
67 65 400 43 53 51 71 73 13 15 23 32 1 81 43
401 401 400 402 402 402 402 401 402 402 402 401 402 402 402
1 1 0 0 0 0 0 0 0 0
1 1 1 1 1 1 1 0 0 0
1 1 1 1 1 0 0 0 0 0
1 1 1 0 1 0 0 0 0 0
1 0 1 1 1 1 2 0 0 0
1 1 1 1 1 1 1 1 0 0
1 0 1 0 1 1 1 1 1 1
1 1 1 1 1 1 1 1 1 1
1 1 1 0 0 0 0 0 0 0
1 0 0 0 0 0 0 0 0 0
Maze 64
85 37 3.2083333333 2.0804349849 50 0.374676909773521
8 67 39 98 27 16 10 54 85 34 43 27 59 25 2 8
7 37 38 97 26 6 4 84 84 33 23 57 55 22 400
402 402 402 401 401 402 402 401 401 402 402 401 401 401 400
0 1 1 1 1 1 1 2 1 1
0 1 0 1 0 1 1 0 0 0
0 1 1 1 1 1 1 0 0 0
0 0 1 1 1 0 1 1 1 0
0 0 1 1 1 0 1 1 0 0
0 0 0 1 1 1 1 1 1 0
0 0 0 1 0 0 1 1 0 0
0 0 0 1 0 0 1 1 0 0
0 0 0 1 1 0 1 1 0 0
0 0 0 0 0 0 1 1 0 0
Maze 65
91 106 3.1372549020 2.0271311142 44 0.364274170292768
79 89 17 79 86 79 73 50 30 46 72 65 20 22 64 79
400 87 77 76 76 400 43 400 26 42 62 15 12 62 74
400 401 401 402 402 400 402 400 402 402 402 402 402 401 401
0 0 0 0 0 0 0 0 0 0
0 1 1 1 1 1 1 1 1 1
0 1 0 0 1 1 1 1 1 1
0 1 0 0 1 1 1 0 0 1
0 1 1 1 1 1 1 1 1 1
0 1 1 0 1 0 1 0 0 0
0 1 1 1 1 0 1 0 0 0
0 1 1 1 1 1 1 1 2 0
0 0 0 0 0 1 1 1 1 0
0 0 0 0 0 0 0 0 0 0
Maze 66
107 39 3.6444444444 1.7760791673 92 0.385764581331442
58 76 60 53 6 70 63 64 62 28 93 36 93 59 85 58
56 56 400 3 66 400 400 400 22 23 33 33 53 55 55
402 402 400 402 401 400 400 400 402 402 402 402 402 402 402
0 0 1 1 1 1 0 0 0 0
0 0 1 0 0 1 0 0 0 0
0 1 1 1 1 1 1 1 0 0
0 1 1 1 1 1 0 0 0 0
0 1 1 0 0 1 0 0 0 0
0 1 1 1 1 1 1 2 1 1
0 1 1 1 1 1 1 1 1 1
0 0 1 0 1 1 0 0 0 0
0 0 1 0 1 0 0 0 0 0
0 0 1 0 0 0 0 0 0 0
Maze 67
81 36 3.3809523810 2.1189443476 13 0.401366801011008
22 21 23 47 71 88 13 42 46 26 46 23 53 11 9 22
400 400 43 41 81 83 12 400 400 400 43 400 51 1 2
400 400 401 402 401 401 402 400 400 400 401 400 401 402 402
1 1 1 1 1 1 1 1 1 0
1 1 1 0 0 0 0 0 0 0
1 2 1 0 0 1 0 0 0 0
1 1 1 0 0 1 0 0 0 0
1 1 1 1 1 1 1 0 0 0
1 1 1 0 0 0 0 0 0 0
1 0 1 0 0 0 0 0 0 0
1 0 1 0 0 0 0 0 0 0
1 1 1 1 1 1 1 1 0 0
0 0 0 0 0 0 0 0 0 0
Maze 68
105 181 3.0000000000 2.0453394405 104 0.369272821264588
79 52 60 74 39 70 75 50 84 59 36 48 11 92 89 79
72 400 54 34 69 65 45 44 54 56 46 41 91 82 400
401 400 402 402 401 402 402 402 402 401 401 401 401 402 400
0 0 0 0 0 0 0 0 0 0
1 0 0 0 0 0 0 0 0 0
1 0 0 0 0 0 0 0 0 0
1 0 0 1 1 1 1 1 1 0
1 1 1 1 1 1 1 1 1 1
1 1 1 1 1 1 1 1 1 1
1 1 0 1 1 1 1 1 1 1
1 1 1 1 1 1 1 1 2 0
1 1 1 1 1 1 1 1 1 0
1 1 0 0 0 0 0 0 0 0
Maze 69
81 46 2.7843137255 2.1238552117 22 0.377592359500253
57 47 13 24 5 43 78 49 100 6 15 33 75 12 6 57
400 43 23 4 3 73 48 99 96 5 13 73 72 2 56
400 401 401 402 402 401 402 401 401 402 402 401 401 402 401
0 1 1 1 1 1 0 0 0 0
0 1 1 1 1 1 0 0 0 0
0 1 1 1 0 1 0 0 0 0
0 1 1 0 0 1 0 0 0 0
0 1 1 1 1 1 1 1 1 0
0 1 1 0 0 1 2 1 1 0
0 1 1 0 0 1 0 1 1 0
0 1 1 1 1 1 1 1 1 0
0 0 0 0 0 1 0 0 1 0
0 0 0 0 0 1 1 1 1 1
Maze 70
113 40 3.1071428571 1.9292132148 91 0.372250825914978
19 64 96 54 97 20 1 2 72 24 78 29 93 98 84 19
14 94 94 94 17 11 400 400 22 74 28 23 400 94 14
402 401 401 401 402 401 400 400 402 401 402 402 400 401 402
1 1 0 0 0 0 0 0 0 0
1 1 1 1 1 1 1 1 2 1
0 1 1 1 1 1 1 1 1 0
0 1 1 1 0 0 1 1 0 0
0 1 1 1 0 0 1 1 0 0
0 1 1 1 0 0 1 1 0 0
0 1 1 1 0 0 1 1 0 0
0 1 1 1 1 1 1 1 0 0
0 0 1 1 0 0 1 0 0 0
0 0 1 1 1 1 1 1 0 0
Maze 71
105 64 3.4230769231 1.9170916252 67 0.372246465575180
40 5 46 94 65 34 39 75 17 19 9 52 12 80 81 40
35 45 44 64 64 400 35 15 400 400 2 400 72 71 31
401 401 402 402 401 400 402 402 400 400 402 400 401 402 402
0 1 1 1 1 1 1 1 1 0
0 1 0 0 1 1 1 1 1 0
0 1 0 0 1 0 0 0 0 0
1 1 1 1 1 1 1 1 1 2
1 1 0 1 1 1 0 0 0 0
1 1 0 1 1 0 0 0 0 0
1 1 0 1 1 0 0 0 0 0
1 1 1 1 1 1 1 1 1 1
1 0 0 1 0 0 0 0 0 0
0 0 0 1 0 0 0 0 0 0
Maze 72
89 193 2.6896551724 2.1525993444 45 0.375778607788421
90 30 49 61 66 14 71 63 38 70 66 94 76 66 41 90
400 29 41 400 64 11 61 33 68 400 64 74 400 61 81
400 402 402 400 401 402 402 402 401 400 402 402 400 401 401
0 0 0 0 0 0 0 0 0 0
1 1 1 1 0 0 0 0 0 0
1 0 0 1 0 0 0 0 1 1
1 0 1 1 1 1 1 1 1 1
1 1 1 1 1 1 1 1 1 1
1 0 1 1 0 0 0 1 0 1
1 1 1 1 1 1 1 1 1 1
1 0 0 1 1 1 0 0 0 1
1 1 1 1 1 1 1 1 1 2
0 0 0 1 0 0 0 0 0 0
Maze 73
119 393 3.3461538462 1.9342554275 119 0.394658666119272
92 55 57 70 43 92 80 14 93 57 93 19 80 66 4 92
52 400 67 63 42 72 74 13 53 53 13 79 76 64 2
402 400 401 401 402 402 401 402 402 402 402 401 401 401 402
0 1 1 1 0 0 0 0 0 0
0 1 1 1 1 1 1 1 1 0
0 1 1 1 0 0 0 0 1 0
0 1 1 1 0 0 0 0 1 0
0 1 1 1 0 0 0 0 1 0
0 1 1 1 1 1 1 0 1 0
0 1 1 1 1 1 1 1 1 1
0 1 1 1 1 1 1 1 1 1
0 1 1 0 0 0 0 0 0 0
0 2 1 0 0 0 0 0 0 0
Maze 74
97 35 2.9375000000 2.3110125115 84 0.396333819168725
57 4 4 10 14 40 89 87 93 57 13 42 69 71 18 57
54 400 400 4 34 39 400 83 53 53 12 62 61 11 17
401 400 400 402 401 402 400 402 402 401 402 401 402 402 402
0 0 0 1 1 1 1 1 1 1
1 1 1 1 1 1 1 1 0 0
1 1 1 1 0 0 1 0 0 0
1 1 1 1 1 1 1 1 1 1
1 1 1 1 0 0 1 0 1 0
1 1 1 1 1 1 2 0 1 0
1 1 1 1 1 1 1 1 1 0
1 0 1 0 0 0 0 0 1 0
0 0 1 1 1 1 1 1 1 0
0 0 1 0 0 0 0 0 0 0
Maze 75
81 397 3.2500000000 2.1743949138 30 0.380160729289995
11 48 54 75 44 12 70 18 14 34 33 54 95 39 36 11
41 44 74 74 42 62 68 400 400 400 53 94 35 400 31
401 402 401 401 401 401 401 400 400 400 401 401 402 400 401
0 0 0 0 0 0 0 0 0 0
2 1 0 1 1 1 1 1 0 0
1 1 0 1 0 0 0 1 0 0
1 1 1 1 1 1 1 1 1 0
1 1 1 1 1 1 1 1 0 0
0 1 1 1 1 0 0 1 0 0
0 1 1 1 1 1 1 1 1 1
0 0 0 1 1 0 0 0 0 0
0 0 0 1 1 0 0 0 0 0
0 0 0 1 1 0 0 0 0 0
Maze 76
91 617 3.0714285714 2.2261530853 50 0.370952911105874
100 49 6 68 57 54 36 9 70 85 58 38 75 2 44 100
99 46 66 67 400 34 6 69 65 55 400 35 72 42 94
401 401 401 401 400 402 402 401 402 402 400 402 401 401 401
0 1 0 0 0 1 1 1 1 0
0 1 0 0 0 1 0 0 1 0
0 1 0 0 0 1 0 0 1 0
0 1 0 1 1 1 1 1 1 0
0 1 1 1 1 1 1 1 1 0
0 1 0 1 1 1 1 1 1 0
0 1 0 1 1 1 1 1 1 1
0 1 1 1 1 0 0 0 1 0
0 0 0 1 1 0 0 0 1 0
0 0 0 1 1 1 1 1 1 2
Maze 77
83 66 2.6666666667 2.3578721483 19 0.378896799869636
77 18 98 6 73 94 71 100 90 68 48 58 6 30 80 77
17 400 96 3 93 91 91 400 88 400 400 56 26 400 400
402 400 401 402 401 401 401 400 401 400 400 401 401 400 400
0 0 1 1 1 1 0 0 0 0
0 0 1 0 0 1 1 1 0 0
0 0 1 0 0 1 1 1 1 1
0 0 1 0 0 1 1 1 0 1
0 0 1 0 0 1 1 1 0 1
0 0 1 0 0 1 1 1 0 1
0 0 1 0 0 1 1 1 0 1
1 0 1 0 0 1 2 1 1 1
1 0 1 0 0 1 0 1 1 1
1 1 1 1 1 1 1 1 1 1
Maze 78
125 361 3.2380952381 2.0332987268 184 0.385234223952340
37 3 85 21 40 17 98 21 66 6 52 5 52 86 19 37
33 83 81 31 37 97 91 61 400 2 2 2 82 16 17
401 401 401 401 401 401 401 401 400 402 402 402 401 402 402
0 1 1 1 1 1 0 0 0 0
0 1 1 0 0 1 1 1 1 0
1 1 1 0 0 1 1 0 0 0
1 1 1 1 1 1 2 1 1 1
1 1 1 0 0 1 1 0 0 0
1 1 1 0 0 1 1 0 0 0
1 1 1 1 1 1 1 0 0 0
1 1 1 0 0 1 1 0 0 0
1 1 1 1 1 1 1 0 0 0
1 1 1 1 1 1 1 1 0 0
Maze 79
111 27 3.6326530612 1.8790402784 105 0.393516125623947
91 61 81 75 4 78 23 84 13 64 27 49 74 12 40 91
400 400 71 74 74 73 83 83 63 24 47 44 72 32 31
400 400 402 401 401 401 401 401 401 402 401 402 401 401 402
0 0 0 1 0 0 0 0 0 0
0 1 1 1 0 0 0 0 0 0
0 1 1 1 1 1 1 0 0 0
1 1 1 1 1 1 1 1 1 1
1 1 1 1 1 1 1 1 1 0
1 1 1 1 0 0 0 0 0 0
1 1 1 1 0 0 0 0 0 0
1 1 1 1 1 1 1 1 0 0
1 0 1 1 0 0 0 0 0 0
2 0 0 0 0 0 0 0 0 0
Maze 80
99 8 3.2244897959 1.9072194178 55 0.373220870468220
43 18 27 50 98 88 20 3 20 73 8 59 22 12 61 43
13 17 47 48 400 18 13 13 13 3 58 52 400 11 41
402 402 401 402 400 402 401 401 402 402 401 401 400 402 402
0 0 1 1 1 1 1 1 0 0
1 1 1 1 1 1 1 1 1 1
1 1 1 0 0 0 1 1 0 0
1 1 1 0 0 0 1 1 0 0
1 1 2 0 0 0 1 1 1 1
1 1 1 1 1 1 1 1 1 0
1 0 1 0 0 0 0 1 0 0
0 0 1 0 0 0 0 1 0 0
0 0 0 0 0 0 0 1 0 0
0 0 0 0 0 0 0 1 0 0
Maze 81
109 177 3.6363636364 2.2277880680 65 0.372701147064598
38 52 71 47 100 59 100 48 10 48 94 36 3 57 1 38
32 51 41 97 99 99 98 8 8 44 34 33 53 51 31
402 402 402 401 401 401 401 402 402 402 402 401 401 401 401
1 0 1 0 0 0 0 1 1 1
1 0 1 0 0 0 0 1 0 0
1 0 1 0 0 0 0 1 0 0
1 1 1 1 1 1 1 2 0 0
1 1 1 1 1 1 1 1 0 0
1 1 1 1 1 1 1 1 1 0
1 0 0 1 0 0 1 1 1 0
1 0 0 1 0 0 1 1 1 0
0 0 0 1 0 0 1 1 1 0
0 0 0 1 0 0 1 1 1 1
Maze 82
99 145 2.7500000000 2.1938841125 38 0.374978395742980
47 19 20 73 48 78 85 83 10 71 96 77 74 10 50 47
17 400 13 43 400 75 400 3 1 91 76 400 4 400 400
402 400 402 402 400 402 400 402 402 401 402 400 402 400 400
1 1 1 1 1 1 1 1 1 1
1 0 1 1 1 1 1 1 1 1
1 0 1 1 0 0 1 0 0 1
1 0 1 1 0 0 1 0 0 1
1 0 1 1 1 1 2 1 1 1
1 0 1 1 0 0 0 1 0 0
1 0 1 1 0 0 0 1 0 0
1 0 1 1 1 1 1 1 0 0
1 0 1 1 1 1 0 0 0 0
1 1 1 1 1 1 0 0 0 0
Maze 83
95 31 2.7666666667 2.1839035784 84 0.391617821349484
48 43 62 18 30 54 87 69 31 94 63 68 82 57 30 48
400 42 12 28 24 84 67 61 91 93 400 62 52 27 28
400 402 402 401 402 401 402 401 401 401 400 402 402 402 402
0 0 0 0 0 0 0 0 0 0
0 1 1 1 1 1 1 1 0 0
0 1 0 1 1 1 1 1 1 1
1 1 0 1 0 0 1 1 0 0
1 1 1 1 1 1 1 2 0 0
1 1 1 1 1 1 1 0 0 0
1 1 1 1 1 1 1 1 1 0
1 1 1 1 0 0 1 0 0 0
1 1 1 1 1 1 1 0 0 0
1 1 1 1 0 0 0 0 0 0
Maze 84
93 69 3.1372549020 2.1047097326 41 0.394660325964514
89 15 39 28 44 25 5 55 95 41 87 76 19 55 8 89
85 35 38 24 24 400 400 400 91 81 86 16 15 5 88
401 401 401 402 402 400 400 400 401 401 401 402 402 402 401
0 0 0 0 1 1 1 1 0 0
0 0 0 0 1 1 1 1 1 0
0 0 0 1 1 1 1 1 0 0
0 0 0 1 1 1 1 1 1 0
1 0 0 1 1 1 0 1 0 0
1 0 0 0 1 1 0 1 0 0
1 0 0 0 1 1 0 1 0 0
1 0 0 0 1 1 0 1 0 0
1 1 1 1 1 1 1 1 2 0
1 1 1 1 1 0 0 0 0 0
Maze 85
97 33 2.9615384615 2.1396362329 64 0.371039223865377
65 67 16 21 71 69 31 86 79 44 7 91 61 45 67 65
400 66 11 400 61 61 81 76 74 4 1 400 41 65 400
400 401 402 400 402 401 401 402 401 402 402 400 402 401 400
1 1 1 1 1 1 1 0 0 0
1 1 1 1 1 1 0 0 0 0
1 0 0 1 0 1 0 0 0 0
1 0 0 1 0 1 0 0 0 0
1 1 1 1 1 1 0 0 0 0
1 0 0 1 1 1 0 0 0 0
1 1 1 1 2 1 1 1 1 0
1 0 0 1 1 1 1 1 1 0
1 1 1 1 1 1 0 0 0 0
1 0 0 0 0 0 0 0 0 0
Maze 86
93 37 2.8771929825 2.1472868302 29 0.387495427319333
81 3 37 73 44 25 27 37 90 12 9 39 82 87 71 81
1 33 33 43 24 400 400 87 82 2 400 32 400 81 400
402 401 402 402 402 400 400 401 401 402 400 402 400 401 400
1 1 1 1 1 1 1 1 1 0
1 1 1 0 0 0 0 0 1 0
1 1 1 1 1 1 1 0 1 0
1 1 1 1 1 1 1 1 1 0
1 1 1 1 0 0 1 0 0 0
1 1 1 0 0 0 1 0 0 0
1 1 1 0 0 0 1 0 0 0
1 1 1 0 0 0 1 0 0 0
2 1 1 1 1 1 1 1 1 1
0 0 0 0 0 0 0 0 0 0
Maze 87
101 11 3.4666666667 1.8703415179 71 0.396953992327406
26 77 83 6 86 97 33 13 97 96 50 43 78 91 45 26
76 73 3 400 96 93 400 93 400 46 400 73 71 41 25
401 402 402 400 401 401 400 401 400 402 400 401 402 402 402
0 0 1 1 1 1 0 0 0 0
0 0 1 0 0 1 0 0 0 0
0 0 1 0 1 2 0 0 0 0
0 0 1 0 1 1 0 0 0 0
1 1 1 1 1 1 1 1 1 1
1 0 1 0 0 1 0 0 0 0
1 0 1 0 0 1 0 0 0 0
1 1 1 1 1 1 1 1 0 0
1 0 1 0 0 1 0 0 0 0
1 0 1 1 1 1 1 0 0 0
Maze 88
87 4 3.5000000000 2.0110985298 50 0.377579117061104
65 25 17 10 10 35 50 65 20 63 4 12 30 55 34 65
400 15 7 400 5 45 45 15 13 3 2 22 25 54 64
400 402 402 400 402 401 402 402 402 402 402 401 402 401 401
0 1 1 1 1 1 1 1 1 1
0 1 1 1 1 1 1 1 1 1
0 1 1 1 1 1 1 1 1 1
0 0 1 1 1 0 0 0 0 0
0 0 1 1 1 1 1 1 1 1
0 0 1 1 1 0 0 0 0 0
0 0 1 1 2 0 0 0 0 0
0 0 0 0 0 0 0 0 0 0
0 0 0 0 0 0 0 0 0 0
0 0 0 0 0 0 0 0 0 0
Maze 89
97 35 2.7868852459 2.1693442348 64 0.374547838400628
100 16 70 52 10 70 70 54 75 46 30 38 48 30 23 100
96 66 62 2 400 400 64 74 45 26 28 400 28 400 93
401 401 401 402 400 400 401 401 402 402 402 400 402 400 401
0 1 1 1 1 1 1 1 1 1
0 1 0 0 0 1 0 0 0 1
0 1 1 1 1 1 1 1 1 1
0 1 1 0 0 1 0 1 0 1
0 1 1 0 1 1 0 1 0 1
0 1 1 1 1 1 0 0 0 1
0 1 1 1 1 1 1 1 1 1
0 0 1 1 1 1 0 0 0 0
0 0 1 0 0 1 0 0 0 0
0 0 1 1 1 1 1 1 1 2
Maze 90
77 16 3.2765957447 2.2534804966 30 0.392133827719019
23 55 86 92 50 72 80 89 58 73 53 15 36 44 25 23
53 85 82 42 42 400 79 88 53 400 13 35 34 24 400
401 401 402 402 402 400 402 401 402 400 402 401 402 402 400
0 0 0 0 0 0 0 0 0 0
0 0 1 1 1 0 0 0 0 0
0 0 2 1 1 0 0 0 0 0
0 0 1 1 1 1 0 0 0 0
0 1 1 1 1 1 1 1 1 1
0 1 1 1 1 1 1 1 0 0
0 1 1 0 1 0 0 1 0 0
0 1 1 1 1 1 1 1 1 1
0 1 1 1 1 1 0 1 1 0
0 1 0 0 0 0 0 0 0 0
Maze 91
113 162 3.1875000000 2.1783806084 89 0.395989881539264
39 46 15 9 38 86 35 74 48 31 86 12 99 4 60 39
36 45 5 8 36 85 34 44 41 81 82 92 94 54 59
402 401 402 402 402 401 402 402 401 401 401 401 401 401 401
0 0 0 1 1 1 1 1 1 0
0 1 0 1 1 0 0 1 0 0
0 1 0 1 1 0 0 1 0 0
1 1 0 1 1 1 1 1 2 0
1 1 1 1 1 1 1 1 1 0
1 1 0 1 1 1 1 1 1 1
1 1 0 1 1 1 0 0 0 0
1 1 0 1 1 1 0 0 0 0
1 1 1 1 1 1 0 0 0 0
0 1 1 1 1 1 1 1 1 0
Maze 92
123 2641 3.6721311475 2.0802025357 127 0.391486324291519
90 5 83 24 4 26 82 69 85 37 2 41 19 52 8 90
85 3 23 400 24 22 62 65 35 32 1 11 12 2 88
401 402 402 400 401 402 402 402 402 401 402 402 402 402 401
1 1 1 1 1 1 1 1 0 0
1 1 1 1 1 1 1 1 1 0
1 1 1 1 1 1 0 1 0 0
1 1 1 1 1 1 1 1 0 0
1 1 1 0 1 0 0 1 0 0
0 1 1 0 1 0 0 1 0 0
0 1 1 1 1 1 1 1 1 0
0 1 1 0 1 0 0 1 0 0
0 1 1 0 1 1 1 1 1 2
0 0 0 0 0 0 0 0 0 0
Maze 93
111 10 3.3617021277 1.7036026402 86 0.395195189991875
81 29 71 74 50 43 37 42 74 68 50 93 30 30 27 81
21 21 400 44 400 33 32 72 64 48 43 23 400 400 21
402 402 400 402 400 402 402 401 402 402 402 402 400 400 402
0 0 0 0 0 0 0 0 0 0
0 0 0 0 0 0 0 0 0 0
1 1 1 1 1 1 1 1 1 1
1 1 1 1 1 1 1 0 0 0
1 1 1 1 1 1 1 1 1 1
1 1 1 1 0 0 0 1 0 0
1 1 1 1 1 1 1 1 0 0
1 1 1 1 0 0 0 0 0 0
2 0 1 0 0 0 0 0 0 0
0 0 1 0 0 0 0 0 0 0
Maze 94
109 45 3.2830188679 1.9968940619 73 0.387188607490686
11 78 2 38 36 43 1 73 41 2 20 8 55 25 96 11
71 72 32 400 33 41 71 71 1 12 18 5 400 95 91
401 401 401 400 402 401 401 401 402 401 401 402 400 401 401
1 1 0 0 1 1 1 1 0 0
2 1 1 1 1 1 1 1 1 1
1 1 0 0 1 0 0 0 0 0
1 1 1 1 1 1 1 1 0 0
1 1 1 0 1 0 0 0 0 0
1 1 0 0 1 0 0 0 0 0
1 1 0 0 1 0 0 0 0 0
1 1 1 1 1 1 1 1 0 0
1 0 0 0 1 0 0 0 0 0
1 1 1 1 1 1 0 0 0 0
Maze 95
97 32 3.3207547170 2.0917531492 64 0.404061469958648
18 10 8 62 39 47 27 68 82 75 14 89 53 66 2 18
8 400 2 32 37 400 67 62 72 74 84 83 63 62 12
402 400 402 402 402 400 401 402 402 401 401 401 401 401 401
0 1 1 1 1 1 1 1 1 1
0 1 1 1 1 1 1 2 0 0
0 1 0 1 0 0 1 0 0 0
0 1 1 1 1 1 1 1 1 0
0 1 0 1 0 0 1 0 0 0
0 1 1 1 0 0 1 0 0 0
0 1 1 1 1 1 1 1 0 0
0 1 1 1 1 0 0 0 0 0
0 1 1 1 1 1 1 1 1 0
0 0 0 0 0 0 0 0 0 0
Maze 96
81 10 3.3333333333 1.9694853042 26 0.387029991935094
18 14 78 44 18 50 48 57 72 15 58 54 63 58 66 18
400 74 74 14 48 400 47 52 12 55 400 53 53 56 16
400 401 401 402 401 400 402 402 402 401 400 402 402 402 402
0 0 0 0 0 0 0 0 0 0
0 1 1 1 1 1 1 2 0 0
0 1 0 1 1 1 0 1 0 0
0 1 0 1 1 1 0 1 0 0
0 1 0 1 1 1 1 1 1 1
0 1 1 1 1 1 1 1 0 0
0 1 1 1 0 1 0 0 0 0
0 1 0 1 1 1 1 1 0 0
0 0 0 0 0 0 0 0 0 0
0 0 0 0 0 0 0 0 0 0
Maze 97
91 37 3.3333333333 2.1705323067 45 0.378845633628833
34 88 63 65 93 64 100 25 69 14 31 52 59 28 48 34
84 83 400 63 63 94 95 65 64 11 51 400 58 400 44
401 401 400 402 402 401 401 401 401 402 401 400 401 400 401
0 0 0 0 0 0 0 0 0 0
1 1 1 1 0 0 0 0 0 0
1 0 0 1 1 0 0 1 0 0
1 0 0 2 1 0 0 1 0 0
1 0 0 1 1 1 1 1 0 0
1 1 1 1 1 1 1 1 1 0
0 0 1 1 1 1 1 1 1 0
0 0 1 1 1 0 0 0 0 0
0 0 1 1 1 1 1 1 0 0
0 0 1 1 1 1 1 1 1 1
Maze 98
95 96 3.3200000000 2.0374367799 54 0.379198332047238
99 67 15 47 56 31 46 54 74 6 85 34 86 2 42 99
97 65 45 46 51 41 44 400 4 5 84 84 82 400 92
401 401 401 402 401 401 402 400 402 402 401 401 401 400 401
0 1 0 1 1 1 0 0 0 0
0 1 0 1 1 0 0 0 0 0
0 1 0 1 1 0 0 0 0 0
1 1 0 1 1 0 0 0 0 0
1 1 1 1 1 1 1 0 0 0
1 1 1 1 1 1 0 0 0 0
0 1 0 1 1 1 1 0 0 0
0 1 0 1 1 0 1 0 0 0
0 1 1 1 1 1 1 0 0 0
0 1 1 1 1 1 1 1 2 0
Maze 99
97 22 2.7936507937 2.2824814928 71 0.369641405688749
77 94 83 60 19 36 4 84 13 80 61 2 75 75 48 77
74 93 53 59 16 34 400 83 73 71 1 72 400 45 47
402 401 402 401 402 401 400 401 401 401 402 401 400 402 402
1 1 0 1 0 0 0 0 0 0
1 1 1 1 0 1 1 1 1 0
1 1 1 1 0 1 0 0 1 0
1 1 1 1 1 1 0 0 1 0
1 1 1 1 1 1 1 1 1 0
1 1 1 1 1 1 1 1 1 1
1 1 1 1 1 0 1 0 0 0
1 1 1 1 1 1 2 1 1 1
0 0 1 1 0 0 0 0 0 0
0 0 1 1 0 0 0 0 0 0
Maze 100
81 23 3.6315789474 1.9694853042 30 0.365403053316902
92 92 98 77 85 60 43 59 53 88 33 46 92 82 75 92
400 400 97 75 55 53 53 400 83 83 43 42 400 72 72
400 400 401 402 402 401 401 400 401 401 401 402 400 402 402
0 0 0 0 0 0 0 0 0 0
0 0 0 0 0 0 0 0 0 0
0 0 0 0 0 0 0 0 0 0
0 0 1 0 0 0 0 0 0 0
0 1 1 1 1 1 0 0 0 0
0 1 1 1 1 1 1 1 1 1
0 1 1 0 1 0 0 0 0 0
0 1 1 1 1 1 1 0 0 0
0 1 1 1 1 1 1 1 0 0
0 2 1 1 1 1 1 1 0 0
Maze 101
125 3111 3.5593220339 1.9281971509 201 0.399206619655483
2 82 30 84 68 21 32 25 78 53 92 3 50 16 87 2
400 22 24 64 61 31 22 75 73 52 2 43 46 86 82
400 402 402 402 401 401 402 401 401 402 402 401 401 401 401
0 2 1 0 0 0 0 0 0 0
0 1 1 0 0 1 0 0 0 0
1 1 1 1 1 1 1 1 1 1
1 1 1 1 1 1 0 0 0 0
1 1 1 1 1 1 1 1 1 1
1 1 1 1 1 1 0 0 0 0
1 1 1 1 1 1 1 1 0 0
0 1 1 1 1 1 1 1 0 0
0 1 1 1 1 1 1 0 0 0
0 1 0 0 0 0 0 0 0 0
Maze 102
111 329 3.4827586207 2.1529397116 92 0.378159308715890
28 46 89 92 15 17 90 38 17 1 58 26 33 60 71 28
26 86 82 12 400 87 88 37 11 51 56 23 53 51 21
402 401 402 402 400 401 401 401 401 401 401 402 401 402 402
1 0 0 0 0 0 0 0 0 0
1 1 1 1 1 1 1 0 0 0
1 1 1 1 1 1 1 2 0 0
1 1 1 0 0 1 1 1 0 0
1 1 1 0 0 1 1 1 0 0
1 1 1 1 1 1 1 1 1 1
1 1 0 0 0 1 1 1 0 0
1 1 0 0 0 1 1 1 0 0
0 1 1 1 1 1 1 1 1 1
0 1 0 0 0 0 0 0 0 0
Maze 103
87 600 2.9090909091 2.2475669626 50 0.397633234668911
59 42 39 37 45 81 14 96 87 89 48 53 92 92 16 59
52 32 400 35 41 11 94 86 400 88 43 52 400 12 56
401 402 400 402 402 402 401 402 400 401 402 402 400 402 401
0 0 0 0 0 0 0 0 0 0
1 1 1 1 1 1 0 0 0 0
1 1 0 1 0 1 0 0 0 0
1 1 1 1 1 1 1 1 1 0
1 1 1 1 1 1 1 1 0 0
1 1 1 1 1 1 1 1 2 0
1 1 0 1 0 0 0 1 0 0
1 1 0 1 0 0 0 1 0 0
1 1 0 1 0 1 1 1 1 0
0 1 0 1 1 1 0 0 0 0
Maze 104
105 433 2.7246376812 2.2247699214 112 0.384160936773344
89 7 86 76 28 92 71 5 5 97 40 3 21 2 59 89
87 6 400 26 22 91 1 400 95 37 33 1 1 52 400
401 402 400 402 402 401 402 400 401 402 401 402 402 401 400
1 1 1 1 1 1 1 0 0 0
1 1 1 0 1 1 1 0 0 0
1 1 1 1 1 1 1 1 0 0
1 1 1 1 1 1 1 1 1 1
1 1 0 0 1 1 1 0 0 0
1 1 1 1 1 1 1 1 1 0
1 1 0 0 1 1 1 0 1 0
1 1 0 0 1 1 1 0 1 0
1 1 0 0 1 1 1 1 2 0
1 1 0 0 1 1 1 0 0 0
Maze 105
117 29776 3.2698412698 2.1427537424 117 0.391038718667426
21 58 40 61 17 96 13 12 92 87 77 92 17 35 70 21
51 38 31 11 16 93 400 400 82 400 72 12 15 65 61
401 402 402 402 402 401 400 400 402 400 402 402 402 401 401
0 0 0 0 0 0 0 0 0 0
1 1 1 1 1 1 1 0 0 0
2 1 1 0 1 1 0 0 0 0
1 1 1 1 1 1 1 1 1 1
1 1 1 0 1 1 0 1 0 0
1 1 1 1 1 1 1 1 0 0
1 1 1 1 1 1 1 1 1 1
0 1 1 1 1 1 1 0 0 0
0 1 1 1 1 1 1 0 0 0
0 1 1 1 1 1 0 0 0 0
Maze 106
65 11 2.7619047619 2.1038325640 20 0.397154888159289
67 6 26 71 23 74 35 33 41 18 27 57 36 36 38 67
66 400 21 21 73 34 400 31 11 17 400 56 400 400 37
401 400 402 402 401 402 400 402 402 402 400 401 400 400 402
0 0 0 0 0 1 0 0 0 0
1 1 1 1 1 1 1 1 0 0
1 1 1 1 1 1 1 0 0 0
1 1 1 1 1 1 1 1 0 0
1 0 1 1 0 1 1 0 0 0
1 0 1 1 0 1 1 0 0 0
1 0 1 1 0 1 2 0 0 0
1 0 1 1 0 0 0 0 0 0
0 0 0 0 0 0 0 0 0 0
0 0 0 0 0 0 0 0 0 0
Maze 107
113 185 3.2500000000 1.9713664829 105 0.393475726922333
54 73 90 90 31 11 62 13 97 2 59 75 21 5 60 54
53 83 400 81 400 61 12 93 92 52 55 71 1 55 400
402 401 400 401 400 401 402 401 401 401 402 401 402 401 400
1 1 1 1 1 0 0 0 0 0
1 1 1 0 1 0 0 0 0 0
1 1 1 0 1 0 0 0 0 0
1 1 1 0 1 0 0 0 0 0
1 1 1 0 1 0 0 0 0 0
1 1 1 2 1 1 1 1 1 1
1 1 1 0 1 0 0 0 0 0
1 1 1 1 1 0 0 0 0 0
1 1 1 1 1 1 1 1 1 1
0 1 1 1 1 1 1 0 0 0
Maze 108
93 88 3.0714285714 2.2367571148 56 0.383836841608394
74 21 100 84 66 40 30 7 10 78 25 46 77 30 76 74
71 91 94 64 36 400 27 400 8 75 45 76 27 26 400
401 401 401 402 402 400 401 400 402 401 401 401 402 402 400
0 0 0 0 0 0 1 1 1 1
0 0 0 0 0 0 1 1 0 0
1 0 0 0 1 1 1 1 1 1
1 0 0 0 1 1 1 1 1 1
1 0 0 0 1 1 1 1 0 0
1 0 0 0 1 1 1 1 0 0
1 0 0 1 1 1 1 1 0 0
1 1 1 2 1 1 1 1 0 0
1 0 0 1 0 0 0 0 0 0
1 1 1 1 1 1 1 1 1 1
Maze 109
127 835 3.4626865672 2.1938552624 158 0.381456422468719
60 96 100 63 61 89 16 89 13 50 4 92 23 51 18 60
56 400 93 400 81 86 86 83 43 44 2 22 21 11 58
402 400 401 400 401 401 401 401 401 401 402 402 402 402 401
0 1 1 1 0 0 0 0 0 0
1 1 1 1 1 1 1 1 0 0
1 1 1 1 0 1 0 1 0 0
1 1 1 1 0 1 0 1 0 0
1 1 1 1 1 1 1 1 1 1
1 1 1 0 0 1 1 1 1 2
1 1 1 0 0 1 0 0 0 0
1 1 1 0 0 1 0 0 0 0
1 1 1 1 1 1 1 1 1 0
0 1 1 1 1 1 1 1 1 1
Maze 110
87 52 3.4042553191 2.1456267315 41 0.384446053329310
54 31 6 17 56 90 5 75 49 34 32 61 60 66 35 54
51 1 16 16 86 85 400 45 44 400 31 51 56 65 34
401 402 401 402 401 401 400 402 401 400 402 402 402 401 402
1 1 1 1 1 1 0 0 0 0
1 0 0 0 1 1 1 0 0 0
1 0 0 0 1 1 0 0 0 0
1 1 1 1 1 1 0 0 0 0
1 0 0 1 1 1 1 1 1 0
1 1 1 2 1 1 1 1 1 1
1 0 0 0 1 1 0 0 0 0
0 0 0 0 1 1 0 0 0 0
0 0 0 0 1 1 1 1 1 1
0 0 0 0 0 0 0 0 0 0
Maze 111
99 2134 3.2727272727 2.2847360612 58 0.372030434537577
63 21 58 28 96 98 5 17 38 64 34 52 28 91 13 63
61 51 400 26 400 95 15 37 34 400 32 22 21 11 400
401 401 400 402 400 401 401 401 402 400 402 402 402 402 400
0 0 0 0 1 0 0 0 0 0
1 1 1 0 1 1 1 0 0 0
1 1 1 1 1 1 1 1 0 0
1 1 1 1 1 1 1 1 0 0
1 1 1 1 1 1 0 1 0 0
1 1 1 1 1 1 1 1 0 0
1 1 2 1 1 1 0 0 0 0
1 0 0 0 1 1 0 0 0 0
1 0 0 0 1 1 0 0 0 0
1 0 0 0 1 1 1 1 0 0
Maze 112
159 29951 3.5428571429 2.0915797251 330 0.392081233536901
60 81 29 84 19 41 78 11 98 17 71 89 19 72 83 60
51 21 24 14 11 71 71 91 97 11 81 400 12 82 53
402 402 402 402 402 401 401 401 401 402 401 400 402 401 402
0 0 0 0 0 0 0 0 0 0
1 1 1 1 1 1 1 1 1 0
1 1 1 1 1 1 1 1 1 0
1 1 0 1 0 0 1 0 1 0
1 1 0 1 0 0 1 0 1 0
1 1 1 1 1 1 1 1 1 2
1 1 1 1 0 0 1 0 1 0
1 1 1 1 1 1 1 1 1 0
1 1 1 1 1 1 1 1 1 0
1 1 1 1 1 1 1 1 0 0
Maze 113
89 71 2.8387096774 2.4222916684 44 0.365524813910772
94 88 84 73 33 76 69 67 80 41 98 29 56 5 2 94
84 400 83 400 73 66 400 77 71 91 28 26 55 400 92
402 400 401 400 401 402 400 401 401 401 402 402 401 400 401
0 1 1 1 1 0 0 0 0 0
0 1 0 0 1 0 0 0 0 0
0 1 0 0 1 1 1 1 1 0
0 1 1 0 1 1 0 1 0 0
1 1 1 0 1 1 0 1 0 0
1 1 1 0 1 1 0 1 0 0
1 1 1 0 0 1 1 1 1 0
1 1 1 1 1 1 1 1 1 1
1 1 1 1 1 1 1 1 0 0
1 1 1 2 1 1 1 1 0 0
Maze 114
91 31 3.3200000000 2.0592451339 44 0.387544435078087
71 46 72 7 31 12 86 6 29 57 28 32 54 33 73 71
41 42 2 1 11 82 400 26 27 27 22 52 53 400 400
402 402 402 402 402 401 400 401 402 402 402 401 401 400 400
1 1 1 1 1 1 1 0 0 0
1 1 0 0 0 1 0 0 0 0
1 1 1 1 1 1 1 1 1 0
1 1 1 0 0 1 1 0 0 0
1 1 1 1 1 1 1 0 0 0
1 1 1 1 0 1 1 0 0 0
1 1 1 0 0 1 0 0 0 0
2 1 1 0 0 1 0 0 0 0
0 1 1 1 1 1 0 0 0 0
0 0 0 0 0 0 0 0 0 0
Maze 115
115 352 3.6363636364 2.0720907496 139 0.385375942177340
69 94 17 11 8 43 45 80 85 22 58 2 64 77 92 69
64 14 400 1 3 400 75 75 82 52 52 62 74 72 62
402 402 400 402 402 400 401 402 401 401 401 401 401 402 402
1 1 1 1 1 1 1 1 0 0
1 1 1 1 1 1 1 0 0 0
0 1 1 1 0 0 0 0 0 0
0 1 1 1 0 0 0 0 0 0
0 1 1 1 1 0 0 0 0 0
0 1 1 1 1 1 1 1 0 0
0 1 1 1 1 1 1 1 2 0
0 1 1 1 1 1 1 1 1 1
0 1 1 1 1 0 0 0 0 0
0 1 0 1 0 0 0 0 0 0
Maze 116
101 1398 3.4285714286 2.2847332286 60 0.389283113481144
3 1 77 69 35 55 92 31 55 85 4 93 62 60 96 3
400 71 67 65 400 52 91 51 400 84 3 92 52 56 93
400 401 402 401 400 402 401 401 400 401 402 401 402 402 401
1 1 2 1 0 0 0 0 0 0
1 0 1 1 0 0 0 0 0 0
1 0 1 1 0 0 0 0 0 0
1 0 1 1 1 0 0 0 0 0
1 0 1 1 1 0 0 0 0 0
1 1 1 1 1 1 1 1 1 1
1 1 1 1 1 1 1 1 1 0
1 1 1 1 1 1 1 0 0 0
1 1 1 1 1 1 0 0 0 0
1 1 1 1 1 1 0 0 0 0
Maze 117
93 780 3.1851851852 2.2065196760 45 0.370467601214972
40 36 76 45 6 90 30 80 18 47 36 20 21 30 77 40
400 400 75 5 86 400 400 78 17 46 16 11 400 27 37
400 400 401 402 401 400 400 401 402 401 402 402 400 402 402
0 0 0 0 1 1 0 0 0 0
1 1 1 1 1 1 1 1 1 1
1 1 1 1 1 1 1 1 1 1
0 0 0 0 1 1 1 1 1 2
0 0 0 0 1 1 1 1 0 1
0 0 0 0 1 1 1 1 0 1
0 0 0 0 1 1 1 1 0 1
0 0 0 0 1 1 1 1 1 1
0 0 0 0 0 1 1 1 1 1
0 0 0 0 0 0 0 0 0 0
Maze 118
91 173 3.2452830189 2.2175054495 50 0.376376752415361
47 65 78 39 28 76 69 50 33 72 88 51 91 60 5 47
45 75 38 38 26 66 49 43 32 82 81 400 51 55 45
402 401 402 401 402 402 402 401 402 401 401 400 402 401 401
0 0 0 0 1 0 0 0 0 0
0 0 0 0 1 0 0 0 0 0
0 0 0 0 1 1 1 1 0 0
0 1 1 0 1 1 0 1 1 0
0 1 1 1 1 1 2 1 1 1
1 1 1 1 1 1 1 1 1 1
1 1 0 0 1 1 1 1 1 0
1 1 0 0 1 1 1 1 0 0
1 1 1 1 1 1 1 1 0 0
1 0 0 0 0 0 0 0 0 0
Maze 119
97 21 3.1636363636 2.1336864791 51 0.404769071928154
31 93 22 92 95 89 84 66 45 72 97 3 20 55 27 31
91 92 400 400 85 400 64 65 42 92 93 13 15 25 21
401 401 400 400 402 400 402 401 402 401 401 401 402 402 402
0 0 1 0 0 0 0 0 0 0
0 0 1 1 1 1 1 1 1 1
1 1 1 1 1 1 1 0 0 0
2 1 1 0 1 0 0 0 0 0
1 1 1 1 1 0 0 0 0 0
1 1 1 0 1 0 0 0 0 0
1 1 1 1 1 1 0 0 0 0
1 1 1 1 0 0 0 0 0 0
1 1 1 1 1 1 1 1 1 0
1 1 1 1 1 1 1 0 0 0
Maze 120
89 10 2.7741935484 2.3449998223 33 0.353974710856383
27 78 93 75 30 100 29 40 20 58 30 16 32 53 91 27
77 73 73 25 400 99 39 400 18 28 26 12 52 51 21
401 402 402 402 400 401 401 400 402 402 401 402 401 402 402
0 0 0 0 0 0 0 0 0 0
0 1 1 1 1 1 0 1 1 1
1 1 1 1 1 1 2 1 1 1
1 1 0 0 1 0 1 1 1 1
1 1 0 0 1 0 1 1 1 1
1 1 1 0 1 0 1 1 1 1
1 0 0 0 1 0 1 0 1 1
1 0 1 1 1 1 1 1 1 1
1 0 1 0 0 0 0 0 1 1
1 0 1 0 0 0 0 0 1 1
Maze 121
89 101 3.6086956522 2.1156724699 30 0.379147628107828
39 34 47 82 71 75 100 94 37 31 59 52 71 65 32 39
400 44 42 81 400 95 400 34 400 51 400 51 61 62 400
400 401 402 401 400 401 400 402 400 401 400 402 402 401 400
0 0 0 0 0 0 0 0 0 0
0 0 0 0 0 0 0 0 0 0
0 0 0 0 0 0 0 0 0 0
1 1 1 1 1 1 1 1 2 0
1 1 1 1 1 1 1 0 0 0
1 1 1 1 1 1 1 1 1 0
1 1 1 1 1 0 0 0 0 0
1 1 1 1 1 0 0 0 0 0
1 1 0 1 1 0 0 0 0 0
0 0 0 1 1 1 1 1 1 1
Maze 122
121 998 3.2258064516 2.1465854247 100 0.380229417328693
75 100 6 42 75 5 21 78 21 64 59 78 8 41 17 75
95 96 2 72 400 1 71 71 61 54 58 400 1 11 15
401 401 402 401 400 402 401 401 401 402 402 400 402 402 402
1 1 1 1 1 1 1 1 0 0
1 1 1 1 1 1 1 1 0 0
1 1 0 0 1 1 0 1 0 0
1 1 0 0 1 1 0 1 0 0
1 1 0 0 1 1 0 1 0 0
1 1 0 1 1 1 1 1 1 0
1 1 1 1 1 1 0 1 0 0
1 1 1 1 2 1 1 1 0 0
0 0 0 0 1 1 0 0 0 0
0 0 0 0 1 1 1 1 1 1
Maze 123
109 983 3.4576271186 2.1935237776 99 0.404457528870636
80 34 53 1 23 82 69 83 3 50 70 52 58 100 17 80
74 33 51 21 22 62 63 400 43 400 62 400 98 97 77
401 402 401 401 402 402 402 400 401 400 401 400 401 401 401
1 0 1 0 0 0 0 0 0 0
1 0 1 0 0 0 1 0 0 0
1 1 1 0 0 0 1 0 0 0
1 1 1 1 0 0 1 0 0 0
1 1 1 1 1 1 1 1 1 1
1 1 1 1 1 1 1 1 0 1
0 1 1 1 1 1 1 1 1 1
0 1 1 1 1 1 1 1 1 2
0 1 1 0 0 0 1 1 0 0
0 0 0 0 0 0 1 1 1 1
Maze 124
119 515 3.6071428571 2.1189858802 139 0.405336202357759
21 45 61 1 76 87 2 11 3 99 14 70 86 70 94 21
41 41 400 71 86 82 1 1 93 94 64 66 66 64 91
401 402 400 401 401 401 402 402 401 401 401 402 402 402 401
1 1 1 0 0 0 0 0 0 0
1 1 1 1 0 0 0 0 0 0
2 1 1 1 0 0 0 0 0 0
1 1 1 1 0 0 0 0 0 0
1 1 1 1 1 0 0 0 0 0
1 1 1 1 0 0 0 0 0 0
1 1 1 1 1 1 1 1 1 1
1 1 1 1 1 1 0 0 0 0
1 1 1 1 1 1 1 0 0 0
1 1 1 1 1 1 1 1 1 0
Maze 125
75 57 3.3488372093 2.3601482510 22 0.394460237590910
23 94 56 32 71 83 1 43 47 15 14 36 25 32 28 23
93 54 52 31 81 81 41 400 45 400 34 35 22 22 400
401 402 401 402 401 401 401 400 401 400 401 401 402 402 400
1 0 0 0 0 0 0 0 0 0
1 0 0 1 1 0 0 0 0 0
1 1 2 1 1 1 1 1 0 0
1 1 1 1 1 1 0 0 0 0
1 1 1 1 1 1 1 0 0 0
1 1 1 1 1 1 0 0 0 0
1 0 1 1 0 0 0 0 0 0
1 0 1 1 0 0 0 0 0 0
1 1 1 1 0 0 0 0 0 0
0 0 1 1 0 0 0 0 0 0
Maze 126
101 170 2.8524590164 2.1215205058 77 0.371948610985212
11 25 87 79 95 85 6 61 60 18 33 72 85 37 92 11
21 85 77 75 400 5 1 51 58 13 32 82 35 32 91
401 401 402 402 400 402 402 402 401 402 402 401 402 402 401
1 1 1 1 1 1 0 0 0 0
2 0 1 1 1 1 1 1 0 0
1 1 1 1 1 0 0 1 0 0
1 1 1 1 1 1 1 1 0 0
1 1 0 0 1 0 0 1 0 0
1 1 1 1 1 1 1 1 1 1
1 1 0 0 1 0 0 0 0 0
1 1 0 0 1 1 1 1 1 0
1 1 1 1 1 1 1 0 0 0
1 1 0 0 1 0 0 0 0 0
Maze 127
87 41 3.1153846154 2.1666933254 31 0.382436639985373
25 86 20 86 62 51 44 84 44 13 67 79 88 71 1 25
85 16 16 82 61 41 400 400 43 63 77 78 81 400 21
401 402 402 401 401 402 400 400 401 401 401 402 401 400 401
1 0 0 0 0 0 0 0 0 0
1 0 1 0 0 1 1 1 1 1
1 1 1 1 2 1 0 0 0 0
1 0 1 0 1 1 0 0 0 0
1 1 1 1 1 1 0 0 0 0
1 0 1 1 1 1 0 0 0 0
1 1 1 1 1 1 1 0 0 0
1 1 0 1 1 1 1 1 1 0
1 1 1 1 1 1 1 1 0 0
0 0 0 0 0 0 0 0 0 0
Maze 128
97 19 3.0909090909 2.0917531492 54 0.363163277629351
43 88 28 34 9 25 14 85 49 65 93 42 94 98 12 43
83 400 24 4 5 24 84 45 45 63 92 92 400 92 42
401 400 402 402 402 401 401 402 402 402 401 401 400 401 401
0 0 0 1 1 1 1 1 1 0
0 1 0 1 1 0 0 0 0 0
0 1 0 1 1 1 1 1 0 0
0 1 0 1 0 0 0 1 0 0
0 1 2 1 1 1 1 1 1 0
0 1 1 1 1 0 0 1 0 0
0 1 1 1 1 0 0 1 0 0
0 1 1 1 1 0 0 1 0 0
0 1 1 1 1 1 1 1 0 0
0 1 1 1 1 1 1 1 0 0
Maze 129
117 71 3.1562500000 2.1065661887 112 0.383151775366824
90 73 60 94 58 23 49 16 37 25 62 88 91 8 85 90
83 53 54 54 53 43 46 36 35 22 82 81 1 5 400
401 402 402 402 401 401 401 401 401 402 401 402 402 402 400
1 1 1 1 1 1 1 1 0 0
1 0 0 0 1 1 0 0 0 0
1 1 1 1 1 1 0 0 0 0
1 1 1 0 1 1 1 0 0 0
1 1 1 1 1 1 1 1 1 0
1 1 1 1 1 1 1 1 1 1
1 1 1 1 1 0 0 0 0 0
1 1 1 1 1 0 0 0 0 0
1 1 1 1 1 1 1 1 1 2
1 0 0 1 0 0 0 0 0 0
Maze 130
115 436 3.2413793103 2.0331737955 133 0.393729198239815
81 31 46 19 69 45 45 19 87 4 58 84 59 83 19 81
400 41 16 400 65 400 15 17 84 54 54 54 53 13 11
400 401 402 400 401 400 402 402 401 401 402 402 402 402 402
0 0 0 1 0 0 0 0 0 0
1 1 1 1 1 1 1 1 1 0
1 0 1 1 1 1 1 0 1 0
1 0 1 1 1 1 1 0 1 0
1 1 1 1 1 1 1 0 1 0
1 0 1 1 1 1 1 1 1 0
1 0 1 1 1 1 1 1 1 0
1 0 1 1 0 0 1 0 0 0
2 0 1 1 1 1 1 0 0 0
0 0 0 0 0 0 0 0 0 0
Maze 131
115 118 3.3666666667 2.1732826639 113 0.372050565239711
79 27 89 80 36 23 11 69 31 20 8 91 58 89 36 79
77 87 79 76 33 21 61 61 11 18 1 51 88 86 76
401 401 402 401 401 401 401 401 402 401 402 402 401 401 401
1 1 1 1 1 1 1 1 0 0
1 1 1 1 1 1 1 1 1 1
1 1 1 0 0 0 1 0 0 0
1 0 1 1 1 1 1 0 0 0
1 0 0 0 0 1 1 0 0 0
1 1 1 1 1 1 1 1 0 0
1 1 1 1 1 1 1 1 1 0
1 0 0 0 0 1 1 1 2 1
1 0 0 0 0 1 1 1 1 0
1 0 0 0 0 0 0 0 0 0
Maze 132
95 345 2.6984126984 2.2126880212 64 0.371935415167531
5 42 86 8 2 32 24 19 45 42 99 30 28 94 75 5
2 82 6 400 400 22 14 15 400 92 29 400 24 74 400
402 401 402 400 400 402 402 402 400 401 402 400 402 402 400
0 1 1 1 2 1 1 1 0 0
0 1 0 1 1 1 1 1 1 0
0 1 1 1 1 1 1 1 1 1
0 1 0 1 1 1 0 0 1 0
0 1 1 1 1 1 0 0 1 0
0 1 0 1 1 1 0 0 1 0
0 1 0 1 1 1 0 0 1 0
0 1 0 1 1 1 0 0 1 0
0 1 1 1 1 1 0 0 1 0
0 1 1 1 1 1 1 1 1 0
Maze 133
119 14 3.3437500000 2.2320425334 139 0.374774923642844
96 90 21 80 9 75 64 37 69 75 9 35 74 77 3 96
86 81 71 79 5 74 34 67 65 5 5 34 400 73 93
402 401 401 401 402 401 402 401 402 402 402 402 400 401 401
0 0 1 0 1 1 1 1 1 0
0 0 1 0 1 0 0 0 1 0
1 0 1 0 1 0 0 0 1 0
1 0 1 1 1 1 1 0 1 0
1 0 1 1 1 0 1 0 1 0
1 0 1 1 1 0 1 0 1 0
1 0 1 1 1 1 1 1 1 0
1 1 1 1 1 1 1 1 1 1
1 1 1 1 1 1 1 1 1 1
0 0 1 1 1 2 0 0 0 0
Maze 134
79 48 2.8727272727 2.4479512890 30 0.368489493386406
92 24 13 54 94 88 47 36 1 62 51 45 39 10 82 92
22 23 53 400 84 87 46 31 61 61 41 35 9 2 400
402 401 401 400 402 401 401 401 401 401 402 402 402 402 400
1 1 1 1 1 1 1 1 1 1
1 1 1 0 0 0 0 0 1 0
1 1 1 1 0 0 0 0 1 0
1 1 1 1 1 1 1 1 1 0
1 1 1 1 1 1 1 0 0 0
1 1 1 1 0 0 1 0 0 0
1 1 0 1 0 0 1 0 0 0
0 1 0 1 0 0 1 0 0 0
0 1 0 1 1 1 1 1 0 0
0 2 0 1 0 0 0 0 0 0
Maze 135
89 13 3.2173913043 2.0139763925 40 0.399472283781867
1 53 32 34 37 92 11 30 17 54 70 44 37 34 64 1
51 52 400 400 32 91 21 27 14 64 64 34 400 400 61
401 401 400 400 402 401 401 401 402 401 401 402 400 400 401
2 0 0 0 0 0 0 0 0 0
1 0 0 1 1 1 1 0 0 0
1 1 1 1 1 1 1 1 1 1
1 1 1 1 1 1 1 0 0 0
1 1 0 1 0 0 0 0 0 0
1 1 1 1 0 0 0 0 0 0
1 1 1 1 1 1 1 1 1 1
1 1 0 0 0 0 0 0 0 0
1 1 0 0 0 0 0 0 0 0
1 1 0 0 0 0 0 0 0 0
Maze 136
107 600 3.3454545455 2.0967417111 86 0.370128497006993
24 96 86 10 23 84 8 27 93 51 97 5 48 15 13 24
94 400 6 3 83 4 7 23 91 91 95 45 45 400 23
401 400 402 402 401 402 402 402 401 401 401 401 401 400 401
0 0 1 1 1 1 1 1 1 1
0 0 1 1 1 1 1 0 0 0
0 0 1 2 1 1 1 0 0 0
0 0 1 1 1 1 0 0 0 0
0 0 1 1 1 1 1 1 0 0
1 0 1 1 1 1 0 0 0 0
1 0 1 1 1 1 0 0 0 0
1 0 1 1 1 1 0 0 0 0
1 0 1 1 1 1 0 0 0 0
1 1 1 1 1 1 1 0 0 0
Maze 137
115 1348 3.3333333333 2.2206056118 123 0.382028449515015
30 94 100 56 56 23 54 80 21 46 86 12 29 93 90 30
24 400 96 400 53 53 74 71 41 400 82 22 23 83 400
402 400 401 400 401 401 401 401 401 400 401 401 402 402 400
0 0 0 0 0 0 0 0 0 0
0 1 0 0 0 0 0 0 0 0
1 1 1 1 1 1 1 1 1 2
1 1 1 1 0 0 0 0 0 1
1 1 1 1 1 1 0 0 0 1
1 1 1 1 1 1 0 0 0 1
1 1 1 1 0 1 0 0 0 1
1 1 1 1 1 1 1 1 1 1
0 1 1 1 1 1 1 1 1 1
0 0 1 1 1 1 1 1 1 1
Maze 138
101 68 3.2962962963 2.0732409278 51 0.399417696883619
35 31 9 13 37 60 15 34 12 54 80 55 80 53 19 35
400 1 3 33 57 55 14 32 52 74 75 75 73 13 15
400 402 402 401 401 401 402 401 401 401 401 401 401 402 402
1 1 1 1 1 1 1 1 1 0
1 1 1 1 1 1 1 1 1 0
1 1 1 1 1 0 0 0 0 0
1 1 1 1 2 1 1 0 0 0
0 1 1 0 1 0 1 0 0 0
0 1 1 1 1 1 1 1 1 1
0 0 1 1 1 0 0 0 0 0
0 0 1 1 1 1 1 1 1 1
0 0 0 0 0 0 0 0 0 0
0 0 0 0 0 0 0 0 0 0
Maze 139
113 281 3.7200000000 2.0023486013 81 0.383946035062070
18 81 93 59 86 35 96 85 15 51 31 85 14 79 61 18
11 91 53 56 85 95 95 400 11 400 81 84 74 71 11
402 401 402 402 401 401 401 400 402 400 401 401 401 401 402
0 0 0 0 0 0 0 0 0 0
1 1 1 1 1 1 1 2 0 0
1 0 0 1 1 0 0 0 0 0
1 0 0 1 1 0 0 0 0 0
1 0 0 1 1 0 0 0 0 0
1 0 1 1 1 1 1 1 1 0
1 0 1 1 1 1 0 0 0 0
1 1 1 1 1 1 1 1 1 0
1 1 1 1 1 1 0 0 0 0
1 1 1 0 1 1 0 0 0 0
Maze 140
115 5444 2.9552238806 2.0720907496 133 0.390081704412758
41 46 24 2 88 5 82 98 9 76 59 83 34 68 60 41
400 44 22 82 85 2 92 8 6 56 53 33 64 58 51
400 401 401 401 401 402 401 402 402 402 402 402 401 402 401
0 1 1 1 1 1 1 1 1 0
0 1 0 0 1 1 0 1 0 0
0 1 1 1 1 1 0 1 0 0
0 1 1 1 1 1 0 1 0 0
2 1 1 1 1 1 0 1 0 0
1 1 1 1 1 1 1 1 1 1
0 1 1 1 1 1 1 1 0 0
0 1 1 0 1 1 0 1 0 0
0 1 1 1 1 1 1 1 0 0
0 1 1 1 1 1 1 1 0 0
Maze 141
93 20 3.0869565217 1.9878600601 36 0.384737439061957
85 38 28 15 1 44 81 49 66 15 91 33 8 36 36 85
35 400 25 11 41 41 41 46 65 11 31 3 6 400 35
402 400 401 401 401 402 402 402 401 402 402 402 402 400 402
1 0 1 1 1 1 1 1 0 0
1 1 1 1 1 1 0 0 0 0
1 0 1 0 1 1 1 1 0 0
1 1 1 0 1 1 1 1 0 0
1 1 1 1 1 1 1 1 1 0
1 0 0 0 1 1 0 0 0 0
1 0 0 0 1 1 0 0 0 0
1 0 0 0 1 0 0 0 0 0
1 0 0 0 2 0 0 0 0 0
1 0 0 0 0 0 0 0 0 0
Maze 142
105 76 3.2542372881 2.1983117070 99 0.380801807769458
67 88 8 56 18 6 59 92 75 13 87 61 92 9 59 67
87 400 6 16 16 56 52 72 73 83 81 91 2 400 57
401 400 402 402 401 401 402 402 401 401 401 401 402 400 402
0 1 1 1 1 1 1 1 1 0
0 1 1 0 0 1 1 1 1 0
0 1 1 0 0 1 0 1 1 0
0 1 1 0 0 1 0 1 1 0
0 1 1 0 0 1 0 1 1 0
0 1 1 1 1 1 1 1 1 0
1 1 1 0 0 0 2 1 0 0
1 1 1 1 1 0 1 1 0 0
1 1 1 1 1 1 1 1 0 0
1 1 0 0 0 0 0 0 0 0
Maze 143
113 6 3.1475409836 2.0737050373 112 0.376787507465199
72 97 92 27 98 50 38 80 65 95 22 35 82 9 91 72
92 400 22 97 48 48 78 75 400 92 32 32 2 1 71
401 400 402 401 402 401 401 401 400 401 401 402 402 402 402
1 1 1 1 1 1 1 1 1 0
1 1 0 0 0 0 0 0 0 0
1 1 1 1 1 1 1 0 0 0
1 1 1 1 1 0 1 1 0 0
1 1 0 0 0 0 1 1 1 1
1 1 0 0 0 0 1 1 0 0
1 1 0 0 1 0 1 1 0 0
1 2 0 0 1 1 1 1 1 1
1 1 0 0 1 0 1 1 0 0
1 1 1 1 1 1 1 1 0 0
Maze 144
105 34 3.2727272727 2.0556825136 80 0.381850867285285
100 27 19 80 93 72 26 92 52 1 33 79 92 70 67 100
97 17 79 73 92 22 22 400 51 31 73 72 62 400 97
401 402 401 402 401 402 402 400 401 401 401 402 402 400 401
1 0 0 0 0 0 0 0 0 0
1 0 0 0 0 0 1 1 1 0
1 1 1 1 1 1 1 0 1 0
1 1 1 0 0 0 1 0 1 0
1 1 1 0 0 0 1 0 1 0
1 1 1 0 0 0 1 0 1 0
0 1 1 1 1 1 1 1 1 1
0 1 1 1 1 1 1 1 1 1
0 1 1 0 0 0 1 0 0 0
0 1 1 0 0 0 1 1 1 2
Maze 145
89 24 3.0188679245 2.1702024648 36 0.385915415643865
11 9 80 80 6 5 79 23 44 46 53 99 33 21 2 11
1 79 400 76 400 75 73 43 400 43 93 93 31 1 1
402 401 400 401 400 401 401 401 400 402 401 401 401 402 402
1 1 1 1 1 1 1 1 1 0
2 0 0 0 1 1 0 0 1 0
1 0 1 0 1 1 0 0 1 0
1 1 1 0 1 1 0 0 1 0
0 0 1 1 1 1 0 0 1 0
0 0 1 0 1 1 0 0 1 0
0 0 1 0 1 1 0 0 1 0
0 0 1 1 1 1 1 1 1 1
0 0 1 0 0 0 0 0 0 0
0 0 1 1 1 1 1 1 1 0
Maze 146
109 183 3.3666666667 2.2625242008 92 0.386582459900515
3 35 64 92 3 65 40 97 19 96 51 88 85 71 65 3
33 34 62 2 63 35 37 17 16 91 81 400 81 61 63
401 402 402 402 401 402 402 402 402 401 401 400 401 402 401
0 1 2 0 0 0 0 0 0 0
0 1 1 0 0 1 1 1 1 0
0 1 1 0 0 1 1 0 0 0
0 1 1 1 1 1 1 1 1 1
0 1 1 1 1 1 1 0 0 0
1 1 1 1 1 1 1 0 0 0
1 1 1 1 1 1 1 0 0 0
1 1 0 0 0 1 1 0 0 0
1 1 1 1 1 1 1 1 0 0
1 1 1 1 1 1 1 0 0 0
Maze 147
95 20 3.0181818182 2.0992168406 64 0.373405153087815
40 29 2 92 54 10 14 47 3 13 82 98 69 62 49 40
39 22 400 52 4 4 44 43 400 12 92 68 400 42 39
401 401 400 402 402 402 401 401 400 402 401 402 400 402 402
0 1 1 1 1 1 1 1 1 1
0 1 1 1 0 0 0 0 0 0
0 1 1 1 1 1 1 1 1 0
0 1 1 1 0 0 0 0 1 2
0 1 1 1 1 1 1 1 1 0
0 1 1 1 0 0 0 0 0 0
0 1 1 1 1 1 1 1 1 0
0 1 0 0 0 0 0 1 0 0
0 1 0 0 0 0 0 1 0 0
0 1 1 1 1 1 1 1 0 0
Maze 148
107 21 3.3703703704 1.9915147184 105 0.379263716753256
54 20 2 82 93 95 6 66 92 32 8 82 1 82 65 54
14 12 400 92 400 5 400 62 400 2 2 81 81 62 64
402 401 400 401 400 402 400 402 400 402 402 401 401 402 401
1 1 1 1 1 1 1 1 0 0
1 1 1 1 1 1 1 1 1 1
1 1 0 1 1 1 0 0 0 0
1 1 0 1 1 1 0 0 0 0
1 1 0 1 1 1 0 0 0 0
1 1 0 2 1 1 0 0 0 0
1 1 1 1 1 1 0 0 0 0
1 1 0 0 1 0 0 0 0 0
1 1 0 0 1 0 0 0 0 0
0 1 1 1 1 0 0 0 0 0
Maze 149
105 57 3.0909090909 1.9968846417 86 0.384495879450692
35 52 58 70 81 46 73 8 2 47 21 49 34 29 8 35
32 400 68 61 41 43 3 400 42 41 41 44 24 28 5
402 400 401 402 402 402 402 400 401 401 401 401 402 401 402
0 1 1 1 1 1 1 1 0 0
0 1 1 0 1 0 0 1 0 0
1 1 1 1 1 1 1 1 1 0
1 1 1 1 2 0 0 0 0 0
1 1 1 1 1 1 1 1 1 0
1 1 1 1 1 1 1 1 0 0
1 1 1 1 1 1 1 1 1 1
1 0 1 0 0 0 0 0 0 0
1 0 0 0 0 0 0 0 0 0
0 0 0 0 0 0 0 0 0 0
Maze 150
97 245 3.2962962963 2.2065196760 60 0.381935418115655
21 92 66 100 85 68 51 85 8 24 36 47 88 82 57 21
91 62 96 95 65 61 81 5 4 34 46 87 400 52 51
401 402 401 401 402 401 401 402 402 401 401 401 400 402 401
0 0 0 1 1 1 1 1 0 0
0 0 0 1 1 0 0 0 0 0
2 0 0 1 1 0 0 0 0 0
1 0 0 1 1 1 0 0 0 0
1 0 0 0 1 1 1 0 0 0
1 1 1 1 1 1 1 0 0 0
1 1 1 1 1 1 1 1 0 0
1 1 0 0 1 1 1 0 0 0
1 1 1 1 1 1 1 1 0 0
1 1 0 0 1 1 1 1 1 1
Maze 151
93 19 3.3043478261 2.0576317263 20 0.373743593966103
22 53 13 71 41 71 68 21 13 9 41 79 7 33 31 22
52 400 11 400 400 61 61 11 3 1 71 77 3 400 21
401 400 402 400 400 402 401 402 402 402 401 401 402 400 402
1 1 1 1 1 1 1 1 1 0
1 1 1 0 0 0 1 0 0 0
1 2 1 0 0 0 1 0 0 0
1 1 1 0 0 0 1 0 0 0
1 1 1 0 0 0 1 0 0 0
1 1 1 0 0 0 1 0 0 0
1 1 1 1 1 1 1 1 0 0
1 1 1 1 1 1 1 1 1 0
0 0 0 0 0 0 0 0 0 0
0 0 0 0 0 0 0 0 0 0
Maze 152
81 14 2.6037735849 2.1085041588 30 0.363511047703553
28 42 69 29 25 24 42 47 56 13 2 85 79 71 24 28
22 62 400 400 400 22 400 46 53 12 82 75 400 21 400
402 401 400 400 400 402 400 402 401 401 401 402 400 402 400
0 1 0 0 0 0 0 0 0 0
0 1 1 0 0 0 0 0 0 0
1 1 1 1 1 1 1 2 1 0
1 1 1 0 0 0 0 0 1 0
1 1 1 1 1 1 1 0 1 0
1 1 1 1 1 1 0 0 1 0
1 1 1 1 1 1 1 1 1 0
1 1 1 1 1 1 1 1 1 0
0 1 1 1 1 0 0 0 0 0
0 0 0 0 0 0 0 0 0 0
Maze 153
79 213 3.3023255814 2.1450939769 30 0.375342225078400
62 78 37 25 65 93 46 29 94 78 62 31 46 45 34 62
72 77 35 400 63 43 26 24 74 72 61 41 400 44 32
401 401 401 400 402 402 402 402 402 401 401 401 400 401 402
0 0 0 0 0 0 0 0 0 0
0 0 0 0 0 0 0 0 0 0
0 0 0 1 1 1 1 1 1 0
1 1 1 1 1 1 1 0 0 0
1 1 1 1 1 1 1 0 0 0
1 1 1 1 1 0 1 0 0 0
1 2 1 1 1 0 1 0 0 0
0 1 1 1 1 1 1 1 0 0
0 0 1 1 0 0 0 0 0 0
0 0 1 1 0 0 0 0 0 0
Maze 154
123 44 3.5600000000 1.8055457010 52 0.383239965335866
10 24 83 90 72 73 6 6 41 23 89 1 98 51 17 10
4 23 400 82 400 3 400 1 21 83 81 91 91 11 7
402 402 400 401 400 402 400 402 402 401 401 401 401 402 402
1 1 1 1 1 1 1 1 1 2
1 1 1 1 1 1 1 0 0 0
1 1 1 1 0 0 0 0 0 0
1 0 1 0 0 0 0 0 0 0
1 0 1 0 0 0 0 0 0 0
1 0 1 0 0 0 0 0 0 0
1 0 1 0 0 0 0 0 0 0
1 1 1 0 0 0 0 0 0 0
1 1 1 1 1 1 1 1 1 1
1 1 1 1 1 1 1 1 0 0
Maze 155
91 398 3.2307692308 2.2327820968 45 0.383123585991522
93 26 19 12 7 74 16 16 90 15 6 38 94 96 85 93
23 16 400 2 4 14 400 86 85 5 36 34 400 95 83
402 402 400 402 402 402 400 401 401 402 401 402 400 401 402
0 1 1 1 1 1 1 0 0 0
0 1 1 1 1 1 1 1 1 0
0 0 1 1 1 1 0 0 0 0
0 0 1 1 1 1 1 1 0 0
0 0 1 1 1 1 0 0 0 0
0 0 1 1 1 1 0 0 0 0
0 0 1 1 1 1 0 0 0 0
0 0 1 1 1 1 0 0 0 0
0 0 1 1 1 1 1 1 1 1
0 0 2 1 1 1 0 0 0 0
Maze 156
73 22 2.8571428571 2.2175860664 20 0.384897218667489
1 7 5 45 97 48 59 32 83 83 52 76 64 5 44 1
400 400 400 95 47 58 52 82 400 82 72 74 4 4 41
400 400 400 401 402 401 401 401 400 401 401 401 402 402 401
2 1 1 1 1 1 1 0 0 0
1 0 0 1 1 0 0 0 0 0
1 0 0 1 1 0 0 0 0 0
1 1 0 1 1 0 0 0 0 0
1 1 1 1 1 0 1 1 0 0
0 1 1 1 1 1 1 1 1 0
0 1 0 1 1 0 1 0 0 0
0 1 1 1 1 1 1 0 0 0
0 1 1 0 1 0 1 0 0 0
0 0 0 0 1 1 1 0 0 0
Maze 157
105 310 3.3333333333 1.9969704430 97 0.384664595253706
16 94 39 46 5 18 38 89 84 30 74 8 3 54 61 16
14 34 36 45 15 400 88 400 24 24 4 400 53 51 11
402 402 402 401 401 400 401 400 402 402 402 400 401 402 402
0 0 1 1 1 1 1 1 0 0
1 1 1 1 1 2 1 1 0 0
1 0 1 1 1 1 1 1 1 1
1 0 1 1 1 1 1 1 1 0
1 0 1 1 1 1 0 1 0 0
1 1 1 1 0 0 0 1 0 0
1 0 0 1 0 0 0 1 0 0
0 0 0 1 0 0 0 1 0 0
0 0 0 1 1 1 1 1 1 0
0 0 0 1 0 0 0 0 0 0
Maze 158
109 1815 3.2000000000 2.3124452716 105 0.387808961360418
65 37 7 61 60 88 47 80 4 97 36 31 30 33 31 65
35 400 1 51 58 87 77 74 94 96 400 21 23 400 61
402 400 402 402 402 401 401 401 401 401 400 402 402 400 401
1 1 1 1 1 1 1 0 0 0
1 0 0 1 0 0 1 0 0 0
1 1 1 1 1 1 1 1 1 1
1 1 1 1 1 1 1 0 0 0
1 0 0 1 1 1 1 0 0 0
1 1 1 1 1 1 1 1 1 1
1 1 1 1 2 1 1 1 0 0
0 0 0 1 1 1 1 1 1 1
0 0 0 1 0 1 1 1 0 0
0 0 0 1 1 1 1 0 0 0
Maze 159
99 1540 2.9354838710 2.2718348948 50 0.384148289079030
16 75 53 50 57 39 21 71 88 7 10 45 83 30 60 16
15 73 43 47 37 31 400 81 87 400 5 43 23 400 56
402 401 402 402 402 401 400 401 401 400 402 402 402 400 401
0 0 0 0 1 1 1 1 1 1
0 0 0 0 1 2 1 0 0 0
1 0 1 1 1 1 1 1 1 1
1 1 1 1 1 1 1 1 1 1
1 0 1 1 1 1 1 1 1 1
1 0 1 0 1 1 1 1 1 1
1 0 1 0 1 0 1 0 0 0
1 0 1 1 1 0 1 0 0 0
1 1 1 1 1 1 1 1 0 0
0 0 0 0 0 0 0 0 0 0
Maze 160
89 72 2.6896551724 2.2136457562 15 0.357290958182822
33 10 88 88 53 80 79 30 6 7 17 43 7 32 94 33
3 8 400 83 73 400 29 26 400 400 13 3 2 92 93
402 402 400 401 401 400 402 401 400 400 402 402 402 401 401
0 1 1 1 1 1 1 1 1 1
0 1 1 1 1 1 1 1 0 0
0 1 1 0 0 1 1 1 1 1
0 1 2 0 0 0 0 1 1 0
0 1 1 0 0 0 0 1 1 0
0 1 1 0 0 0 0 1 1 0
0 1 1 0 0 0 0 1 1 0
0 1 1 1 1 1 1 1 1 1
0 1 1 1 1 1 1 1 0 0
0 1 1 1 0 0 0 0 0 0
Maze 161
99 261 3.4901960784 2.1872580440 71 0.395710889013552
44 81 30 46 85 56 41 86 60 66 77 43 47 93 15 44
41 21 26 45 55 51 81 56 56 76 73 400 43 13 14
402 402 402 402 402 401 401 402 402 401 401 400 402 402 402
0 0 0 0 0 0 0 0 0 0
0 0 1 1 1 0 0 0 0 0
1 1 1 1 1 1 1 1 1 1
1 0 1 1 0 1 0 0 0 0
1 1 1 2 1 1 1 0 0 0
1 1 1 1 1 1 1 1 1 1
1 0 1 0 1 1 0 0 0 0
1 0 1 1 1 1 1 0 0 0
1 1 1 1 1 1 0 0 0 0
0 0 1 0 0 0 0 0 0 0
Maze 162
91 83 2.8064516129 2.3796756558 50 0.364241810610619
94 77 94 39 30 9 85 65 3 2 24 70 18 76 42 94
74 74 34 29 29 5 400 63 400 22 64 68 16 72 92
402 402 402 402 401 402 400 401 400 401 401 401 402 401 401
0 1 1 0 1 1 1 1 1 0
0 1 1 0 1 1 1 1 1 0
0 1 1 1 1 1 0 1 1 1
0 0 1 1 1 1 1 1 1 0
0 1 1 1 1 1 0 1 0 0
0 1 1 1 1 1 0 1 0 0
0 1 1 1 1 1 1 1 1 1
0 1 1 1 1 1 1 0 0 0
0 1 0 1 1 0 0 0 0 0
0 1 1 2 0 0 0 0 0 0
Maze 163
107 39 3.5384615385 2.0398564191 75 0.378476390638240
70 73 57 11 17 29 68 19 1 58 5 57 90 51 57 70
63 53 51 400 27 28 18 11 51 55 55 87 81 400 67
402 402 401 400 401 402 402 401 401 401 401 401 401 400 401
1 0 0 0 1 0 0 0 0 0
1 1 1 1 1 1 1 1 1 0
1 0 0 0 1 0 1 1 1 0
1 0 0 0 1 0 0 1 0 0
1 0 0 0 1 0 0 1 0 0
1 1 1 1 1 1 1 1 0 0
1 0 1 1 1 1 1 1 1 2
1 0 1 0 0 0 1 0 0 0
1 1 1 1 1 1 1 1 1 1
0 0 0 0 0 0 0 0 0 0
Maze 164
123 4635 3.2424242424 2.1680326206 131 0.383037628317577
41 47 11 79 19 39 81 97 49 72 2 95 8 38 87 41
400 41 71 400 400 31 91 47 42 400 92 5 400 37 81
400 401 401 400 400 402 401 402 402 400 401 402 400 402 401
0 1 0 0 1 1 1 1 0 0
1 1 0 0 1 0 0 1 1 0
1 1 0 0 1 0 0 1 1 0
1 1 1 1 1 1 1 1 1 0
2 1 1 1 1 1 1 1 1 0
1 1 0 0 1 0 1 0 1 0
1 1 0 0 1 0 1 0 1 0
1 1 1 1 1 1 1 1 1 0
1 1 1 1 1 1 1 0 0 0
1 1 1 1 1 1 1 0 0 0
Maze 165
95 220 3.3600000000 2.0424812504 77 0.383854453184867
55 52 78 76 78 24 94 87 18 64 85 70 6 40 12 55
400 72 400 400 74 400 84 17 14 84 65 66 36 32 52
400 401 400 400 401 400 402 402 402 401 402 401 401 401 401
0 0 0 0 0 1 0 0 0 0
0 1 0 1 1 1 1 1 0 0
0 1 0 1 0 1 1 0 0 0
0 1 1 1 1 1 1 1 1 1
0 1 0 1 0 1 1 0 0 0
0 1 1 1 2 1 1 0 0 0
0 1 0 1 1 1 1 1 1 1
0 1 1 1 1 1 1 1 0 0
0 0 0 1 1 1 1 0 0 0
0 0 0 1 0 0 0 0 0 0
Maze 166
83 36 3.1707317073 1.9055482599 22 0.377578786600071
87 54 90 100 100 23 21 35 55 44 76 98 83 88 22 87
84 84 400 400 93 400 31 400 54 74 96 93 400 82 82
401 401 400 400 401 400 401 400 401 401 401 401 400 401 401
0 0 0 0 0 0 0 0 0 0
0 0 0 0 0 0 0 0 0 0
1 1 1 0 0 0 0 0 0 0
1 1 1 1 1 0 0 0 0 0
0 1 1 1 1 0 0 0 0 0
0 1 1 1 1 0 0 0 0 0
0 1 1 1 0 0 0 0 0 0
0 1 1 1 1 1 0 0 0 0
0 1 1 1 1 1 2 1 1 1
0 0 1 1 1 1 1 1 1 1
Maze 167
95 279 2.8813559322 2.1903618002 77 0.369420315488089
6 98 7 36 68 39 16 31 81 63 40 88 94 56 74 6
96 97 6 66 38 36 11 400 61 33 38 84 54 54 4
401 401 402 401 402 401 402 400 402 402 402 402 402 402 402
0 0 0 1 1 2 1 0 0 0
1 1 1 1 1 1 1 0 0 0
1 0 0 1 0 1 1 0 0 0
1 0 1 1 1 1 1 1 1 1
1 0 1 1 0 1 1 1 0 0
1 0 1 1 1 1 1 1 0 0
1 1 1 1 0 1 1 1 0 0
1 0 0 1 0 1 1 1 0 0
1 0 0 1 1 1 1 1 0 0
0 0 0 1 0 1 1 1 0 0
Maze 168
97 38 2.7037037037 1.8994609330 71 0.396685742788982
88 87 54 9 66 87 64 31 27 46 88 100 31 28 53 88
400 84 4 6 86 84 61 21 26 86 98 91 21 23 83
400 401 402 402 401 401 401 402 402 401 401 401 402 402 401
0 0 0 1 1 1 1 1 1 0
0 0 0 1 0 1 0 0 0 0
1 1 1 1 1 1 1 1 0 0
1 0 1 1 0 1 0 0 0 0
1 0 1 1 0 1 0 0 0 0
1 0 1 1 0 1 0 0 0 0
1 1 1 1 0 1 0 0 0 0
1 0 1 1 0 1 0 0 0 0
1 0 1 1 1 1 1 2 0 0
1 1 1 1 1 1 1 1 1 1
Maze 169
121 1061 3.1212121212 2.1167699306 124 0.400936171934453
75 92 7 58 5 11 90 31 6 28 60 61 24 19 90 75
72 2 57 55 1 81 81 1 26 58 51 21 14 89 85
402 402 401 401 402 401 401 402 401 401 402 402 402 401 401
1 1 1 1 1 1 1 0 0 0
1 1 0 1 1 1 1 1 1 0
1 1 1 1 1 1 1 1 1 0
1 1 0 0 1 0 1 1 1 0
1 1 0 0 1 0 1 1 1 0
1 1 1 1 1 1 1 1 1 1
1 1 0 0 0 0 0 0 1 0
1 1 1 1 2 0 0 0 1 0
1 1 1 1 1 1 1 1 1 1
0 1 0 0 0 0 0 0 0 0
Maze 170
121 1501 3.5333333333 2.0617094207 148 0.391516983720478
32 33 55 8 82 70 12 89 56 44 39 1 48 25 93 32
400 53 5 2 62 62 82 86 54 34 31 41 45 23 92
400 401 402 402 402 401 401 401 401 402 401 401 401 402 401
1 1 1 1 1 1 1 1 0 0
1 1 0 0 1 0 0 0 0 0
1 1 1 1 1 0 0 0 0 0
1 2 1 1 1 1 1 1 1 0
1 1 1 1 1 1 1 1 0 0
0 1 1 1 1 1 0 0 0 0
0 1 1 1 1 1 1 1 1 1
0 1 1 0 0 1 0 0 0 0
0 1 1 1 1 1 1 1 1 0
0 1 1 0 0 0 0 0 0 0
Maze 171
115 6 4.0000000000 1.8903145721 67 0.376909088038883
82 100 52 16 91 22 87 32 66 32 28 51 85 96 86 82
92 92 12 11 21 82 82 62 62 22 21 81 95 400 400
401 401 402 402 402 401 401 401 401 402 402 401 401 400 400
0 0 0 0 0 0 0 0 0 0
1 1 1 1 1 1 0 0 0 0
1 1 1 1 1 1 1 1 0 0
1 1 0 0 0 0 0 0 0 0
1 1 0 0 0 0 0 0 0 0
1 1 0 0 0 0 0 0 0 0
1 1 1 1 1 1 0 0 0 0
1 1 0 0 0 0 0 0 0 0
1 2 1 1 1 1 1 0 0 0
1 1 1 1 1 1 1 1 1 1
Maze 172
123 840 3.4285714286 2.1835198696 139 0.390112782498922
9 81 27 68 39 71 40 23 2 76 44 6 18 34 96 9
1 21 67 38 31 31 33 22 72 74 4 16 14 94 6
402 402 401 402 402 402 401 401 401 401 402 401 402 401 402
1 1 1 1 1 1 1 1 2 0
1 1 0 1 1 1 1 1 0 0
1 1 1 1 1 1 1 0 0 0
1 1 1 1 1 1 1 1 1 1
1 1 0 1 0 1 1 1 0 0
1 1 0 1 0 1 1 1 0 0
1 1 0 1 0 1 1 1 0 0
1 1 1 1 1 1 0 0 0 0
1 0 0 1 0 1 0 0 0 0
0 0 0 1 1 1 0 0 0 0
Maze 173
83 37 2.7500000000 2.1818293277 14 0.362328895338450
59 19 67 16 59 26 8 18 8 94 1 47 99 98 68 59
400 17 66 56 56 6 400 400 4 91 41 97 400 400 58
400 402 401 401 401 402 400 400 402 401 401 401 400 400 402
1 0 0 1 1 1 1 1 0 0
1 0 0 1 0 1 1 1 1 0
1 0 0 1 0 1 1 0 1 0
1 0 0 1 0 1 1 0 1 0
1 1 1 1 1 1 1 0 1 0
1 0 0 1 0 1 1 1 2 0
1 0 0 1 0 1 1 1 0 0
1 0 0 1 0 0 1 1 0 0
1 0 0 1 0 0 1 1 0 0
1 1 1 1 0 0 1 1 1 0
Maze 174
107 24 3.2244897959 1.8742572347 76 0.388516333103817
100 14 94 25 20 63 48 75 34 46 50 97 90 94 49 100
94 400 24 15 13 43 45 74 44 400 47 87 84 44 99
401 400 402 402 402 402 402 401 401 400 402 402 402 402 401
0 0 0 0 0 0 0 0 0 0
0 0 1 1 1 1 1 1 1 1
0 0 1 1 1 0 0 0 0 0
0 0 1 1 0 0 0 0 0 0
0 0 1 1 1 1 1 1 1 1
0 0 1 1 1 0 1 0 1 0
0 0 1 1 1 0 1 0 1 0
0 0 0 1 1 0 1 0 1 0
0 0 0 1 1 1 1 1 1 1
0 0 0 1 1 1 1 1 1 2
Maze 175
89 9 2.9615384615 2.0711039140 44 0.381869048385894
8 75 87 87 30 89 69 63 42 63 72 66 81 46 81 8
5 85 400 27 29 400 400 62 62 62 62 61 41 41 1
402 401 400 402 402 400 400 401 401 402 402 402 402 402 402
1 1 1 1 1 1 1 2 0 0
1 0 0 0 1 0 0 0 0 0
1 0 0 0 1 0 1 1 1 1
1 0 0 0 1 0 1 0 1 0
1 1 1 1 1 1 1 0 1 0
1 1 0 0 1 0 1 0 1 0
1 1 1 1 1 1 1 1 1 0
1 1 0 0 1 0 1 0 1 0
1 0 0 0 1 1 1 0 1 0
0 0 0 0 0 0 0 0 0 0
Maze 176
115 64 3.3461538462 1.8323665070 114 0.405650327334320
57 53 10 63 13 85 55 61 50 71 16 60 47 3 8 57
400 3 3 400 83 400 51 41 41 11 56 57 43 400 7
400 402 402 400 401 400 402 402 402 402 401 401 401 400 402
0 0 1 1 1 1 1 1 1 1
1 1 1 1 1 1 1 0 0 0
1 0 1 0 0 1 1 0 0 0
1 0 1 0 0 1 1 0 0 0
1 1 1 1 1 1 1 1 1 1
1 1 1 1 1 1 2 1 1 1
1 0 1 0 1 0 0 0 0 0
1 0 1 0 1 0 0 0 0 0
0 0 1 1 1 0 0 0 0 0
0 0 0 0 0 0 0 0 0 0
Maze 177
77 87 2.9333333333 2.0180422358 26 0.376491427151503
40 36 40 75 24 49 27 7 9 8 79 33 92 82 63 40
400 400 35 74 44 47 400 400 400 78 73 32 400 62 33
400 400 402 401 401 401 400 400 400 401 401 402 400 402 402
0 0 0 0 0 0 1 1 1 0
0 0 0 0 0 0 1 1 0 0
0 0 0 1 0 0 1 1 0 0
0 1 1 1 1 1 1 1 1 2
0 1 1 1 1 1 1 1 1 0
0 1 1 1 1 0 0 1 0 0
0 1 1 1 1 0 0 1 0 0
0 1 1 1 1 1 1 1 1 0
0 1 0 0 0 0 0 0 0 0
0 1 0 0 0 0 0 0 0 0
Maze 178
93 116 3.0943396226 2.1421620914 39 0.383791616014537
88 100 92 89 100 68 48 62 88 23 46 40 43 21 30 88
98 400 82 99 98 400 42 82 83 43 36 33 41 400 28
401 400 402 401 401 400 402 401 401 401 402 402 401 400 402
0 0 0 0 0 0 0 0 0 0
0 0 0 0 0 0 0 0 0 0
1 1 1 1 1 1 1 1 1 1
1 0 1 1 1 1 1 1 1 1
1 1 1 1 1 1 1 1 0 0
0 1 1 0 0 0 0 1 0 0
0 1 1 0 0 0 0 1 0 0
0 1 1 0 0 0 0 1 0 0
0 1 1 1 1 1 1 2 1 0
0 1 1 1 1 1 1 1 1 1
Maze 179
115 7 3.6444444444 1.7458834515 130 0.388153820397864
73 89 41 90 61 57 81 28 4 64 75 79 84 93 59 73
83 81 81 81 51 51 21 24 400 74 400 74 83 53 53
401 401 401 401 402 402 402 401 400 401 400 402 402 402 402
0 0 0 1 0 0 0 0 0 0
0 0 0 1 0 0 0 0 0 0
1 1 1 1 1 1 1 1 0 0
1 0 0 1 0 0 0 0 0 0
1 0 0 1 0 0 0 0 0 0
1 1 1 1 1 1 1 1 1 0
1 0 1 1 0 0 0 0 0 0
1 0 2 1 1 1 1 1 1 0
1 1 1 1 1 1 1 1 1 1
0 0 1 0 0 0 0 0 0 0
Maze 180
71 8 2.6274509804 2.2618421881 13 0.377619945035167
69 9 18 7 93 63 2 24 27 39 79 29 76 57 90 69
400 8 17 3 400 62 22 400 37 400 400 26 56 87 89
400 402 401 402 400 401 401 400 401 400 400 402 402 401 401
0 1 1 1 1 1 1 1 1 0
0 1 1 0 0 0 1 1 1 0
0 1 1 1 1 1 1 1 1 0
0 1 1 0 0 1 1 1 1 0
0 1 1 0 0 1 0 0 1 0
0 1 1 0 0 1 1 0 1 0
0 1 1 0 0 1 1 0 2 0
0 0 1 0 0 1 1 0 1 0
0 0 1 0 0 0 1 1 1 1
0 0 1 0 0 0 0 0 0 0
Maze 181
71 11 2.9545454545 2.2259399312 10 0.389749605698505
23 35 47 99 95 85 78 12 13 35 55 16 32 10 9 23
33 45 97 400 400 75 72 400 33 400 15 12 2 400 3
401 401 401 400 400 402 401 400 401 400 402 402 402 400 402
0 1 1 1 1 1 1 1 1 1
0 1 1 1 1 1 0 0 0 0
0 1 2 0 1 0 0 0 0 0
0 1 1 1 1 0 0 0 0 0
0 1 0 0 1 1 1 0 0 0
0 1 0 0 1 0 1 0 0 0
0 1 0 0 0 0 1 0 0 0
0 1 1 1 1 1 1 1 0 0
0 0 0 0 1 0 1 0 0 0
0 0 0 0 1 1 1 1 1 0
Maze 182
83 15 2.9200000000 2.0663452372 23 0.371038373474705
58 96 94 31 53 65 100 64 65 26 33 47 4 99 100 58
56 400 91 51 63 95 94 400 25 23 43 44 94 400 98
402 400 401 401 401 401 401 400 402 402 401 401 401 400 401
0 0 0 1 0 0 0 0 0 0
0 0 0 1 0 0 0 0 0 0
0 0 1 1 1 1 0 0 0 0
1 0 1 1 1 0 0 0 0 0
1 0 1 1 1 1 1 0 0 0
1 1 1 1 1 1 1 2 0 0
1 0 1 1 1 1 0 1 0 0
1 0 0 1 1 1 0 1 0 0
1 0 0 1 1 1 0 1 0 0
1 1 1 1 1 1 1 1 1 1
Maze 183
105 6570 3.4385964912 2.2068136069 105 0.383129592009721
96 43 83 78 1 35 90 27 83 68 22 54 45 15 74 96
93 400 73 71 31 85 87 23 63 62 52 44 400 14 94
401 400 402 401 401 401 401 402 402 401 401 402 400 402 401
1 0 0 0 0 0 0 0 0 0
1 0 0 1 1 0 0 0 0 0
1 1 1 1 1 1 1 0 0 0
1 1 1 1 1 0 1 0 0 0
1 1 1 1 1 0 1 0 0 0
1 1 1 1 1 0 1 0 0 0
1 1 1 1 1 1 1 1 0 0
1 1 1 1 1 1 1 1 0 0
0 0 1 1 1 1 1 1 1 1
0 0 1 1 1 2 0 0 0 0
Maze 184
121 157 3.4000000000 2.1242832090 84 0.377592680154488
81 86 1 63 43 100 17 10 95 3 12 81 34 12 18 81
400 81 61 400 93 97 7 5 93 2 11 31 32 400 11
400 401 401 400 401 401 402 402 401 402 402 402 401 400 402
1 1 1 0 1 1 1 1 1 1
1 1 1 1 1 1 1 1 0 0
1 1 1 0 1 0 1 0 0 0
1 1 1 1 1 0 1 0 0 0
1 0 1 0 1 0 1 0 0 0
1 0 1 0 1 0 1 0 0 0
1 1 1 0 1 0 1 0 0 0
1 0 1 0 1 0 1 0 0 0
2 1 1 1 1 1 1 0 0 0
0 0 1 1 1 1 1 1 1 1
Maze 185
101 70 2.7187500000 2.2355528297 77 0.395091942131785
10 70 99 67 44 81 31 89 51 29 56 21 23 77 78 10
400 69 97 64 41 400 81 81 21 26 51 400 73 400 8
400 402 401 401 402 400 401 401 402 402 401 400 401 400 402
0 0 0 0 0 0 0 1 1 2
0 0 0 0 0 0 0 1 0 1
1 1 1 1 1 1 1 1 1 1
1 0 1 0 0 1 0 1 0 1
1 1 1 1 0 1 0 1 0 1
1 1 1 1 1 1 0 1 0 1
1 0 1 1 1 1 1 1 1 1
1 0 1 1 1 1 1 1 1 0
1 1 1 1 1 1 1 1 1 0
0 0 0 0 0 0 1 1 1 0
Maze 186
93 403 3.1785714286 2.3158104283 36 0.376147142707717
44 41 53 97 95 68 15 81 4 23 88 24 14 10 25 44
400 51 93 400 65 65 11 1 3 83 84 400 4 5 24
400 401 401 400 402 401 402 402 402 401 401 400 402 402 402
1 1 1 1 1 1 1 1 1 1
1 1 1 1 1 0 0 0 0 0
1 0 1 1 1 0 0 0 0 0
1 0 1 1 1 0 0 0 0 0
1 1 1 2 1 0 0 0 0 0
1 1 1 1 1 0 0 0 0 0
1 0 1 1 1 1 1 1 0 0
1 0 1 1 1 0 0 0 0 0
1 0 1 1 1 1 1 1 0 0
0 0 1 1 1 1 1 0 0 0
Maze 187
99 169 3.5200000000 2.1484533688 77 0.379991104559054
74 11 59 3 22 45 90 13 2 2 1 49 41 76 96 74
71 51 53 2 42 85 83 12 400 400 41 400 71 400 94
401 401 401 402 401 401 401 401 400 400 401 400 401 400 401
1 1 1 0 0 0 0 0 0 0
1 1 1 0 0 0 0 0 0 0
1 1 1 0 0 0 0 0 0 0
1 1 1 0 0 0 0 0 0 0
1 1 1 1 1 1 1 1 1 0
1 1 1 1 1 1 1 1 1 0
1 0 1 0 1 0 0 0 0 0
1 1 1 2 1 1 0 0 0 0
0 0 1 1 1 1 1 1 1 1
0 0 0 1 1 1 0 0 0 0
Maze 188
97 3 3.0793650794 2.4168532935 65 0.360244037492310
75 39 48 46 69 62 31 20 54 7 7 61 90 84 99 75
35 38 400 66 400 61 11 14 4 400 1 81 400 94 95
402 402 400 401 400 401 402 402 402 400 402 401 400 401 401
1 1 1 1 1 1 1 0 0 0
1 1 1 1 1 1 1 1 1 1
1 0 0 1 0 0 0 0 0 0
1 0 0 1 1 1 1 1 1 0
1 0 0 1 1 1 1 1 0 0
1 0 0 1 1 1 0 0 0 0
1 1 1 1 1 1 1 1 1 0
1 0 0 0 2 0 0 0 0 0
1 1 1 1 1 1 1 1 1 1
0 0 0 1 1 1 1 1 1 0
Maze 189
87 39 2.9811320755 2.1842552171 45 0.364665219959172
54 37 24 44 56 55 50 84 85 89 5 63 11 80 50 54
34 34 400 54 400 45 44 400 400 85 3 61 71 400 44
402 401 400 401 400 402 402 400 400 401 402 401 401 400 402
0 0 1 1 1 0 0 0 0 0
1 0 1 0 1 0 0 0 0 0
1 0 1 1 1 0 0 0 0 0
1 0 1 1 1 1 1 0 0 0
1 0 1 1 1 1 1 1 1 1
1 0 1 2 1 1 0 0 0 1
1 1 1 1 1 0 0 0 0 1
1 1 1 1 1 1 1 1 1 1
0 0 0 1 1 1 1 1 1 0
0 0 0 0 0 0 0 0 0 0
Maze 190
95 64 2.9824561404 2.3086358104 59 0.386843715575907
91 7 67 76 92 87 22 22 1 8 29 40 21 33 18 91
1 400 66 72 82 82 400 21 400 28 39 31 31 13 11
402 400 402 402 402 401 400 401 400 401 401 401 401 402 402
1 1 1 1 1 1 1 1 0 0
1 1 1 1 1 1 1 1 0 0
1 1 1 0 0 0 1 1 1 0
1 1 1 1 1 1 1 1 1 1
1 1 0 0 0 0 1 0 0 0
1 1 0 0 0 0 1 0 0 0
1 1 0 0 0 1 1 0 0 0
1 1 1 1 1 1 0 0 0 0
1 1 1 1 1 1 1 0 0 0
2 1 0 0 0 0 0 0 0 0
Maze 191
85 384 2.9056603774 2.2451360554 50 0.364236714955115
55 77 33 61 63 8 46 44 75 28 4 37 81 97 67 55
75 73 31 400 3 6 400 74 25 24 34 31 91 400 65
401 401 402 400 402 402 400 401 402 401 401 402 401 400 401
0 0 1 1 1 1 1 1 0 0
0 0 1 1 0 1 0 0 0 0
0 0 1 1 1 1 1 1 0 0
1 1 1 1 1 1 1 0 0 0
1 0 1 1 1 1 0 0 0 0
1 0 1 1 2 0 0 0 0 0
1 1 1 1 1 1 1 0 0 0
1 0 1 1 1 1 1 0 0 0
1 0 0 0 0 0 1 0 0 0
1 1 1 1 1 1 1 0 0 0
Maze 192
97 74 3.1228070175 2.1173913687 71 0.393740122101217
7 94 64 5 29 26 89 31 4 25 83 80 76 74 19 7
4 400 4 25 400 86 81 1 24 23 73 400 400 14 17
402 400 402 401 400 401 401 402 401 402 402 400 400 402 401
1 1 1 1 1 1 2 0 0 0
1 0 0 1 1 1 1 1 1 0
1 0 1 1 1 1 1 1 1 0
1 0 1 1 0 1 0 0 0 0
1 0 1 1 0 1 0 0 0 0
1 0 1 1 0 1 0 0 0 0
1 0 1 1 0 1 0 0 0 0
1 0 1 1 1 1 1 1 1 1
1 1 1 1 1 1 1 1 1 0
0 0 0 1 0 0 0 0 0 0
Maze 193
117 118 3.5925925926 2.0685338355 123 0.377925945625781
75 11 68 40 21 51 4 84 9 62 34 80 34 44 82 75
71 61 38 31 400 1 400 4 2 32 74 74 400 42 72
401 401 402 401 400 402 400 402 402 402 401 401 400 402 402
1 1 1 1 1 1 1 1 1 0
1 1 0 1 0 0 0 0 0 0
1 1 0 1 0 0 0 0 0 0
1 1 1 1 1 1 1 1 1 1
1 1 1 1 0 0 0 1 0 0
1 1 0 1 0 0 0 1 0 0
1 1 1 1 1 1 1 1 0 0
1 1 1 1 2 1 1 1 1 1
0 1 0 1 0 0 0 0 0 0
0 0 0 0 0 0 0 0 0 0
Maze 194
79 61 3.0400000000 2.1753763578 35 0.378725983027644
54 79 57 5 33 64 85 71 7 6 28 66 7 17 85 54
74 77 55 3 63 84 81 1 400 26 26 6 400 15 84
401 401 401 402 401 401 401 402 400 401 402 402 400 402 401
1 1 1 1 1 1 1 0 0 0
1 0 1 0 1 1 1 0 0 0
1 0 1 0 1 1 1 1 0 0
1 0 1 0 1 1 0 0 0 0
1 0 1 0 1 1 0 0 0 0
1 0 1 2 1 1 1 0 0 0
1 0 1 1 1 1 1 0 0 0
1 0 0 1 1 1 1 1 1 0
1 1 1 1 1 0 0 0 0 0
0 0 0 0 0 0 0 0 0 0
Maze 195
127 4 3.2363636364 1.8066938505 147 0.386169158832410
31 67 66 12 80 97 14 27 69 42 6 81 4 41 8 31
61 400 62 72 77 94 24 67 62 2 1 1 1 1 1
401 400 401 401 402 401 401 401 401 402 402 402 402 402 402
1 1 1 1 1 1 1 1 0 0
1 1 0 1 0 0 0 0 0 0
1 1 0 1 1 1 1 0 0 0
2 1 0 1 0 0 1 0 0 0
1 1 0 1 0 0 1 0 0 0
1 1 0 1 0 0 1 0 0 0
1 1 1 1 1 1 1 1 1 0
1 1 1 1 1 1 1 1 1 1
1 0 0 1 0 0 1 0 0 0
0 0 0 1 1 1 1 0 0 0
Maze 196
91 8 3.5909090909 2.0289621172 45 0.393623492480373
42 3 24 9 7 43 23 46 90 36 81 42 38 73 25 42
2 23 4 400 3 400 43 86 86 31 41 32 33 23 22
402 401 402 400 402 400 401 401 401 402 402 402 402 402 402
0 1 1 1 1 1 1 1 1 0
0 1 1 1 0 0 0 0 0 0
0 1 1 1 1 0 0 0 0 0
1 1 1 1 1 1 1 1 0 0
1 2 1 1 1 1 0 0 0 0
1 0 1 0 0 1 0 0 0 0
1 0 1 0 0 1 0 0 0 0
1 0 1 0 0 1 0 0 0 0
1 0 0 0 0 1 1 1 1 1
0 0 0 0 0 0 0 0 0 0
Maze 197
91 89 3.3333333333 2.1263750885 45 0.372106182566232
41 57 49 73 73 67 77 28 87 33 18 93 96 47 91 41
51 47 43 400 63 400 27 27 83 13 13 400 46 41 400
401 402 402 400 402 400 402 402 401 402 402 400 402 402 400
0 0 0 0 0 0 0 0 0 0
0 0 1 1 1 1 1 1 0 0
0 0 1 0 0 0 1 1 0 0
0 0 1 0 0 0 1 0 0 0
2 1 1 1 1 1 1 1 1 0
1 1 1 1 1 1 1 0 0 0
1 0 1 1 1 1 1 0 0 0
1 0 1 0 0 1 1 0 0 0
1 0 1 1 1 1 1 0 0 0
1 0 1 1 1 1 0 0 0 0
Maze 198
119 222 2.9473684211 1.8966814366 107 0.375894536743899
91 9 36 60 19 34 60 10 4 94 41 49 81 47 32 91
1 6 56 59 14 54 400 400 400 91 400 41 41 42 31
402 402 401 401 402 401 400 400 400 401 400 402 402 401 402
1 1 1 1 1 1 1 1 1 1
1 0 0 1 1 1 1 1 1 1
1 0 0 1 0 1 0 0 1 1
1 1 0 1 0 1 0 0 1 1
1 1 1 1 1 1 1 1 1 1
1 0 0 1 1 1 1 1 1 1
1 0 0 1 0 0 0 0 0 0
1 0 0 1 0 0 0 0 0 0
1 0 0 1 0 0 0 0 0 0
2 1 1 1 0 0 0 0 0 0
Maze 199
83 1464 3.7209302326 2.0847691943 23 0.373271047631162
35 22 55 53 36 94 30 73 43 15 45 41 75 47 39 35
32 52 400 33 34 24 23 400 13 400 400 71 45 37 400
401 401 400 402 402 402 402 400 402 400 400 401 402 402 400
0 0 0 0 0 0 0 0 0 0
0 0 1 1 1 0 0 0 0 0
0 1 1 1 1 1 1 1 1 1
0 1 1 1 2 1 1 1 1 0
1 1 1 1 1 1 1 0 0 0
1 1 1 1 1 0 0 0 0 0
1 0 1 1 1 0 0 0 0 0
1 1 1 1 1 0 0 0 0 0
0 0 0 1 0 0 0 0 0 0
0 0 0 1 0 0 0 0 0 0
Maze 200
113 10 3.5319148936 1.7276811722 112 0.386051123919163
100 44 36 23 100 41 91 92 94 27 68 3 87 88 34 100
94 34 33 93 91 400 400 400 24 67 63 83 400 84 94
401 402 401 401 401 400 400 400 402 401 401 401 400 401 401
0 0 1 0 0 0 0 0 0 0
0 0 1 0 0 0 0 0 0 0
0 0 1 1 1 1 1 0 0 0
0 0 1 1 1 1 1 0 0 0
1 0 1 1 0 0 1 0 0 0
1 0 1 1 0 0 1 0 0 0
1 0 1 1 1 1 1 1 0 0
1 0 1 1 0 0 0 0 0 0
1 0 1 1 1 1 1 1 0 0
1 1 1 1 1 1 1 1 1 2
