numMazes: 200
mazeSize: 10
Maze 1
99 94 2.8125000000 2.2220108319 60 0.401112048702369
1 20 15 62 96 79 64 27 78 3 23 30 86 94 74 1
11 400 12 92 76 74 24 77 73 400 400 26 84 400 71
401 400 402 401 402 401 402 401 401 400 400 402 402 400 401
2 0 1 0 0 0 0 0 0 0
1 1 1 1 1 1 1 1 1 1
1 1 1 1 1 1 1 1 1 1
1 1 1 1 0 1 1 0 0 0
1 1 1 1 0 1 1 0 0 0
1 1 1 1 0 1 1 0 0 0
1 1 1 1 0 1 1 0 0 0
1 1 1 1 1 1 1 1 1 0
0 1 0 1 1 1 0 0 0 0
0 1 1 1 1 1 0 0 0 0
Maze 2
93 36 3.5416666667 2.1369116885 41 0.373224018996444
96 9 66 66 65 16 71 41 8 4 23 68 23 58 55 96
6 6 400 400 15 11 400 1 400 3 63 63 53 400 95
402 402 400 400 402 402 400 402 400 402 401 401 401 400 401
1 1 1 1 1 1 1 1 1 0
1 1 1 1 1 1 0 0 0 0
1 0 1 0 1 1 0 0 0 0
1 0 1 0 1 1 0 0 0 0
1 0 1 0 1 1 0 0 0 0
1 0 1 1 1 1 1 1 0 0
1 0 1 1 1 1 1 1 0 0
1 0 0 0 1 1 0 0 0 0
0 0 0 0 1 1 0 0 0 0
0 0 0 0 1 2 0 0 0 0
Maze 3
97 169 3.5555555556 1.8686328133 56 0.386400757918948
4 39 92 63 32 17 69 5 42 18 3 42 44 50 17 4
34 32 62 62 12 67 65 2 12 13 2 400 400 47 14
401 402 402 401 402 401 401 402 402 401 402 400 400 401 401
0 1 1 2 1 0 0 0 0 0
0 1 1 1 1 1 1 1 0 0
0 1 0 1 1 0 1 0 0 0
0 1 1 1 1 1 1 1 1 0
0 1 1 1 1 1 1 1 1 1
0 1 0 0 1 0 1 0 0 0
0 1 1 0 1 1 1 1 1 0
0 1 0 0 0 0 0 0 0 0
0 1 0 0 0 0 0 0 0 0
0 1 0 0 0 0 0 0 0 0
Maze 4
97 297 3.0175438596 2.1809182432 64 0.386750497120694
11 40 65 12 52 54 24 5 96 54 28 52 72 89 95 11
31 35 62 400 400 400 4 95 94 24 22 400 82 85 91
401 402 401 400 400 400 402 401 401 402 402 400 401 402 401
0 0 0 1 1 0 0 0 0 0
2 1 0 1 1 0 0 0 0 0
1 1 1 1 1 1 1 1 0 0
1 1 1 1 1 1 1 1 1 1
1 1 0 1 1 0 0 0 0 0
1 1 1 1 1 0 0 0 0 0
1 1 1 1 1 0 0 0 0 0
1 1 0 1 1 0 0 0 0 0
1 1 1 1 1 1 1 1 1 0
1 1 1 1 1 1 0 0 0 0
Maze 5
105 195 3.2857142857 2.1034755332 75 0.394381049615142
10 72 19 17 30 22 43 85 22 67 1 6 64 37 8 10
2 12 400 27 400 42 83 82 62 61 400 4 34 7 400
402 402 400 401 400 401 401 401 401 401 400 402 402 402 400
1 1 1 1 1 1 1 1 1 2
1 1 1 1 1 1 1 1 1 0
1 1 1 1 1 1 1 1 1 1
1 1 0 1 1 1 1 0 0 0
1 1 1 1 0 0 0 0 0 0
1 1 1 1 0 0 0 0 0 0
1 1 1 1 1 1 1 0 0 0
0 1 1 0 0 0 0 0 0 0
0 1 1 1 1 0 0 0 0 0
0 0 0 0 0 0 0 0 0 0
Maze 6
91 213 2.6250000000 2.2573010794 44 0.372166539284221
17 76 89 45 66 89 27 64 62 7 10 37 13 83 71 17
16 86 85 65 86 87 24 400 2 400 7 33 400 81 11
402 401 401 401 401 401 402 400 402 400 402 401 400 401 402
0 1 1 1 1 1 1 1 1 1
1 1 1 1 1 1 2 0 0 0
1 1 1 1 1 1 1 0 0 0
1 1 1 1 1 1 1 0 0 0
1 1 1 1 1 1 1 0 0 0
1 1 1 1 1 1 1 0 0 0
1 1 1 1 1 1 1 0 0 0
1 0 1 0 1 1 1 0 0 0
1 1 1 0 1 1 1 1 1 0
0 0 0 0 0 0 0 0 0 0
Maze 7
111 357 3.4482758621 2.0989941232 79 0.379215721315884
55 42 28 96 33 32 84 92 8 21 43 89 24 92 98 55
52 22 26 93 400 82 82 2 1 41 83 84 22 400 95
401 402 402 401 400 401 402 402 402 401 401 401 402 400 401
1 1 1 1 1 1 1 1 0 0
1 1 0 0 0 0 0 0 0 0
1 1 1 1 1 1 1 1 0 0
1 1 1 1 0 1 0 0 0 0
1 1 1 1 0 1 0 0 0 0
0 1 1 1 2 1 0 0 0 0
0 1 1 1 1 1 0 0 0 0
0 1 1 1 1 1 0 0 0 0
0 1 1 1 1 1 1 1 1 0
0 1 1 1 1 1 1 1 0 0
Maze 8
83 249 3.4418604651 1.9943199809 26 0.368399600728211
89 68 28 99 60 6 69 60 56 80 50 69 75 58 33 89
88 400 98 59 56 66 59 400 76 400 49 65 55 53 83
401 400 401 402 401 401 402 400 401 400 402 402 402 401 401
0 0 0 0 0 1 0 0 0 0
0 0 0 0 0 1 0 0 0 0
0 0 0 0 0 1 0 1 0 0
0 0 1 0 0 1 0 1 0 0
0 0 1 0 0 1 0 1 1 1
0 0 1 1 1 1 1 1 1 1
0 0 1 0 1 1 1 1 1 1
0 0 1 0 1 1 1 1 1 1
0 0 1 1 1 1 1 1 2 0
0 0 0 0 0 0 0 1 1 0
Maze 9
125 58 3.5172413793 1.9889518611 124 0.371064007000904
97 100 46 50 48 5 66 10 92 20 27 96 8 93 43 97
400 96 400 400 45 65 6 2 12 17 26 6 3 400 93
400 401 400 400 401 401 402 402 402 402 402 402 402 400 401
0 1 1 1 1 1 1 1 1 1
0 1 1 1 1 1 1 1 1 1
0 1 1 0 1 1 1 0 0 0
0 1 1 0 1 1 0 0 0 0
0 1 1 0 1 1 1 1 1 1
0 1 1 0 1 1 0 0 0 0
0 1 1 0 1 1 0 0 0 0
0 1 1 0 0 1 0 0 0 0
0 1 1 0 0 1 0 0 0 0
0 1 1 1 1 1 2 1 1 1
Maze 10
117 165 3.1785714286 1.8526929055 116 0.407023576880600
9 83 2 48 28 87 97 32 99 63 92 25 4 73 1 9
3 82 42 400 27 400 92 92 93 62 22 24 3 71 400
402 401 401 400 402 400 401 401 401 402 402 401 402 401 400
1 1 1 1 1 1 1 1 2 0
1 1 1 1 0 0 0 0 0 0
1 1 1 1 1 0 1 1 0 0
1 1 1 0 0 0 1 1 0 0
1 1 1 1 1 1 1 1 0 0
1 1 1 0 0 0 1 0 0 0
1 1 1 0 0 0 1 0 0 0
1 1 1 0 0 0 1 0 0 0
0 1 1 0 0 0 1 0 0 0
0 1 1 1 1 1 1 1 1 0
Maze 11
85 64 2.9056603774 2.2905802752 45 0.394178160507643
6 7 24 21 63 84 31 86 39 62 87 47 17 56 52 6
400 4 400 61 83 81 81 36 32 82 400 400 16 400 2
400 402 400 401 401 401 401 402 402 401 400 400 402 400 402
0 1 1 1 1 2 1 0 0 0
0 1 0 1 0 1 1 0 0 0
1 1 1 1 0 1 1 0 0 0
1 1 1 1 1 1 1 1 1 0
1 1 0 0 0 1 1 0 0 0
1 1 1 1 1 1 1 0 0 0
1 1 1 0 0 1 1 0 0 0
1 1 1 0 0 1 1 0 0 0
1 1 1 1 1 1 1 0 0 0
0 0 0 0 0 0 0 0 0 0
Maze 12
57 8 2.7317073171 2.3321001393 10 0.357894860701474
34 61 41 45 46 65 75 55 23 7 39 17 34 43 94 34
31 400 400 400 45 400 400 53 3 37 37 14 33 93 400
402 400 400 400 402 400 400 401 402 401 401 402 402 401 400
0 0 1 1 1 1 1 0 0 0
0 0 1 1 1 1 1 0 0 0
0 0 1 1 0 0 1 0 0 0
1 1 1 2 0 0 1 1 1 0
1 1 1 1 1 1 0 0 0 0
1 0 1 1 1 0 0 0 0 0
1 0 1 1 1 0 0 0 0 0
0 0 1 1 1 0 0 0 0 0
0 0 1 1 0 0 0 0 0 0
0 0 1 1 0 0 0 0 0 0
Maze 13
95 237 3.0666666667 2.4011477231 58 0.389313422906743
95 68 99 11 93 43 69 19 18 64 50 58 77 40 45 95
65 98 91 91 400 63 400 400 14 44 48 57 37 35 400
402 401 401 401 400 401 400 400 402 402 402 402 402 402 400
0 0 0 0 0 0 0 0 0 0
1 0 0 1 1 1 1 1 1 0
1 0 0 1 0 0 0 0 1 0
1 0 0 1 1 1 1 1 1 1
1 0 1 1 1 1 1 1 1 1
1 0 1 1 1 0 1 1 1 0
1 0 1 1 1 1 1 1 1 0
1 0 1 0 1 0 1 1 0 0
1 0 1 0 1 0 0 1 0 0
1 1 1 1 2 1 1 1 1 0
Maze 14
101 18 3.1764705882 1.9509538634 56 0.385799687570962
79 8 41 81 18 44 13 7 51 5 56 18 58 50 87 79
78 1 400 11 14 43 3 1 1 55 16 400 48 47 77
401 402 400 402 402 401 402 402 402 401 402 400 402 402 402
1 1 1 1 1 1 1 1 0 0
1 1 1 1 1 1 1 1 0 0
1 0 1 1 1 1 0 1 0 0
1 0 1 1 1 1 0 1 0 0
1 0 1 1 1 1 1 1 1 1
1 0 0 0 1 1 1 1 0 0
1 0 0 0 0 0 1 1 0 0
1 0 0 0 0 0 1 1 2 0
1 0 0 0 0 0 1 0 0 0
0 0 0 0 0 0 0 0 0 0
Maze 15
83 61 3.1219512195 1.9180727547 30 0.380155518318849
43 63 23 85 47 38 23 41 46 99 13 85 97 96 68 43
400 400 83 45 37 33 21 400 96 93 83 95 400 66 63
400 400 401 402 402 401 402 400 401 401 401 401 400 402 401
0 0 0 0 0 0 0 0 0 0
0 0 1 0 0 0 0 0 0 0
1 1 1 0 0 0 0 0 0 0
1 0 1 1 1 1 1 1 0 0
1 1 2 1 1 1 1 0 0 0
0 0 1 0 1 1 0 0 0 0
0 0 1 1 1 1 1 1 0 0
0 0 1 0 1 1 0 0 0 0
0 0 1 1 1 1 0 0 0 0
0 0 1 1 1 1 1 1 1 0
Maze 16
113 1100 3.0882352941 2.2908847230 83 0.394741480819100
10 86 42 80 41 1 69 78 61 98 88 57 94 25 59 10
6 82 72 71 400 61 68 71 91 400 87 54 24 55 9
402 401 401 401 400 401 402 401 401 400 401 402 402 401 402
1 0 0 0 0 1 1 1 1 2
1 0 0 0 0 1 0 0 1 0
1 0 0 1 1 1 0 0 1 0
1 0 0 1 1 1 0 0 1 0
1 1 0 1 1 1 0 0 1 0
1 1 0 1 1 1 1 1 1 0
1 1 1 1 1 1 1 1 1 0
1 1 1 1 1 1 1 1 1 1
1 1 1 1 1 1 1 1 0 0
1 1 1 1 1 1 1 1 0 0
Maze 17
107 62 2.8928571429 1.8772843517 92 0.382080623273024
14 12 64 26 100 61 37 48 98 24 23 27 40 12 97 14
400 62 24 96 91 31 47 400 94 400 400 37 32 92 94
400 401 402 401 401 402 401 400 401 400 400 401 401 401 401
0 0 0 0 0 0 0 0 0 0
0 1 1 2 0 0 0 0 0 0
0 1 1 1 1 1 1 0 0 0
1 1 1 1 1 1 1 1 1 1
1 1 0 1 0 1 1 1 0 0
1 1 0 1 0 1 0 1 0 0
1 1 1 1 0 1 0 1 0 0
1 1 0 1 0 1 0 1 0 0
1 1 0 1 0 1 0 1 0 0
1 1 1 1 1 1 1 1 1 1
Maze 18
119 28 3.1034482759 1.9014479820 118 0.386135096378504
24 47 95 43 34 79 46 92 81 20 53 19 93 36 1 24
44 45 93 33 74 76 42 91 11 13 13 13 33 31 21
401 402 401 402 401 401 402 401 402 402 402 402 402 401 401
1 0 0 0 0 0 0 0 0 0
1 1 1 1 1 1 1 1 1 1
1 1 1 2 0 0 0 0 0 0
1 1 1 1 1 1 0 0 0 0
1 1 1 1 1 1 1 0 0 0
1 1 1 1 1 1 0 0 0 0
1 1 1 1 1 1 0 0 0 0
1 1 1 1 1 1 1 1 1 0
1 1 1 0 1 0 0 0 0 0
1 1 1 1 1 0 0 0 0 0
Maze 19
99 33 3.5102040816 2.1575048980 55 0.381527846431115
37 8 29 76 71 35 61 8 71 78 82 81 64 97 54 37
7 28 26 400 31 31 1 1 400 72 400 61 94 94 34
402 401 402 400 402 402 402 402 400 402 400 402 401 401 402
1 1 1 1 1 1 1 1 0 0
1 0 0 0 0 0 1 1 0 0
1 0 0 0 0 1 1 1 1 0
1 1 1 1 1 1 2 0 0 0
1 0 0 1 0 1 0 0 0 0
1 0 0 1 0 1 0 0 0 0
1 1 1 1 0 1 0 0 0 0
1 1 1 1 1 1 1 1 0 0
1 1 0 1 0 0 0 0 0 0
0 0 0 1 1 1 1 0 0 0
Maze 20
95 140 3.3076923077 2.1774865224 71 0.379599555587188
36 99 4 2 40 77 71 76 26 64 58 39 11 54 37 36
96 94 400 32 37 400 400 400 24 54 38 31 51 34 400
401 401 400 401 402 400 400 400 402 402 402 401 401 402 400
0 1 1 1 0 0 0 0 0 0
1 1 0 1 0 0 0 0 0 0
1 1 0 1 1 1 0 0 0 0
1 1 1 1 1 2 1 1 1 1
1 0 0 1 0 1 1 1 0 0
1 1 1 1 1 1 1 1 0 0
0 0 0 1 0 1 1 0 0 0
1 1 1 1 1 1 1 0 0 0
0 0 0 1 0 1 0 0 0 0
0 0 0 1 1 1 1 1 1 0
Maze 21
89 110 2.5151515152 2.4156976839 44 0.355074062789292
17 76 73 100 40 59 7 28 10 53 14 48 89 55 3 17
16 400 93 400 39 57 27 8 3 13 44 88 85 53 13
402 400 401 400 402 401 401 402 402 402 401 401 401 401 401
0 0 1 1 1 1 1 1 1 1
0 0 1 1 1 1 2 1 0 0
0 0 1 1 0 1 1 1 0 0
0 0 1 1 0 1 1 0 1 1
0 0 1 1 1 1 1 1 1 1
0 0 1 1 1 1 1 1 1 1
0 0 0 0 1 1 0 1 0 1
0 0 1 1 1 1 0 1 0 1
0 0 1 0 1 1 1 1 1 1
0 0 1 1 1 1 1 1 1 1
Maze 22
123 1022 3.7377049180 2.1939784407 115 0.376973978978385
56 98 20 68 11 30 41 80 99 21 71 89 84 12 66 56
96 18 18 61 21 21 71 79 91 400 81 400 82 62 400
401 402 402 401 401 402 401 402 401 400 401 400 401 401 400
0 0 0 0 0 0 0 0 0 0
1 1 0 0 0 0 0 1 1 1
1 1 1 1 1 1 1 1 1 1
1 1 0 0 0 0 0 1 0 0
1 1 0 0 0 0 0 1 0 0
1 1 0 0 0 2 0 1 0 0
1 1 1 1 1 1 1 1 0 0
1 1 1 1 1 1 1 1 1 1
1 1 1 1 1 1 1 1 1 0
1 1 1 1 1 1 1 1 1 0
Maze 23
123 18 3.8222222222 1.8000269006 125 0.382966809102997
31 77 91 65 27 27 31 79 11 38 84 36 51 21 88 31
71 71 61 25 400 21 71 71 31 34 34 31 400 81 81
401 402 402 402 400 402 401 401 401 402 402 402 400 401 401
0 0 0 0 0 0 0 0 0 0
1 0 0 0 0 0 0 0 0 0
1 1 1 1 1 1 1 0 0 0
2 1 1 1 1 1 1 1 0 0
1 0 0 1 1 0 0 0 0 0
1 0 0 1 1 0 0 0 0 0
1 1 1 1 1 0 0 0 0 0
1 1 1 1 1 1 1 1 1 0
1 1 1 1 1 1 1 1 0 0
1 0 0 0 0 0 0 0 0 0
Maze 24
133 24 3.1898734177 2.3373263961 168 0.394089145898207
60 63 34 46 10 91 29 18 92 26 96 37 90 40 93 60
53 33 44 6 1 21 28 12 22 400 36 87 400 33 53
402 402 401 402 402 402 401 402 402 400 402 401 400 402 402
1 1 1 1 1 1 1 1 1 1
1 1 1 1 1 1 1 1 0 0
1 1 1 1 1 1 1 1 1 0
1 1 1 1 1 1 1 1 1 1
1 1 1 1 1 1 1 0 0 1
1 1 1 1 1 1 1 1 1 2
1 1 1 0 0 1 1 0 0 1
1 1 1 0 0 1 1 0 0 1
1 1 1 0 0 1 1 1 1 1
1 1 1 0 0 1 0 0 0 0
Maze 25
113 36 3.3559322034 2.1765482423 76 0.389164861368482
54 100 16 39 96 38 89 91 72 13 25 30 46 94 20 54
94 96 36 36 36 88 81 71 12 23 400 26 44 14 14
401 401 401 402 402 401 402 402 402 401 400 402 402 402 402
0 0 0 0 0 0 0 0 0 0
0 1 1 1 1 1 1 1 1 1
0 1 1 1 1 1 1 1 1 1
0 1 0 1 0 1 1 1 1 0
0 1 0 1 1 1 0 1 0 0
0 1 0 2 0 1 0 1 0 0
0 1 0 1 0 1 0 1 0 0
1 1 0 1 0 1 0 1 0 0
1 1 1 1 1 1 1 1 1 0
1 0 0 1 1 1 1 1 1 1
Maze 26
95 33 3.0545454545 2.0553176823 65 0.402481445971912
46 22 60 32 42 15 45 43 50 16 80 38 66 31 7 46
42 52 52 400 12 400 400 400 46 76 78 36 61 1 6
401 401 401 400 402 400 400 400 401 401 401 402 401 402 402
1 1 1 1 1 1 1 0 0 0
1 1 1 1 1 1 0 0 0 0
1 1 0 0 1 1 0 0 0 0
1 1 0 0 1 1 1 1 0 0
1 1 1 1 1 2 1 1 1 1
1 1 1 1 1 1 1 1 1 1
1 1 1 1 1 1 0 1 0 0
0 0 0 0 0 1 1 1 1 1
0 0 0 0 0 0 0 0 0 0
0 0 0 0 0 0 0 0 0 0
Maze 27
71 21 2.9333333333 2.1020070360 12 0.389537199286386
71 45 42 5 20 78 68 39 29 79 25 23 44 45 49 71
41 400 2 15 18 400 38 400 400 75 400 43 400 400 41
402 400 402 401 402 400 402 400 400 401 400 401 400 400 402
0 1 1 1 1 0 0 0 0 0
0 1 0 0 1 1 1 1 1 1
0 1 1 1 1 0 0 1 1 0
0 1 1 0 1 0 0 1 1 0
1 1 1 1 1 1 1 1 1 0
1 0 0 0 1 0 0 1 1 0
1 0 0 0 1 0 0 1 1 0
2 0 0 0 1 1 1 1 1 0
0 0 0 0 0 0 0 0 0 0
0 0 0 0 0 0 0 0 0 0
Maze 28
113 1045 3.6078431373 1.9780697479 105 0.384511525220693
55 29 27 71 68 83 47 19 54 20 32 19 53 59 18 55
25 400 21 61 63 43 17 14 14 12 12 13 400 58 15
402 400 402 402 402 402 402 402 402 402 402 402 400 401 402
0 0 0 0 0 0 0 0 0 0
0 1 1 1 1 1 1 1 1 1
1 1 1 1 1 1 1 1 1 0
1 1 1 1 1 0 1 1 0 0
1 0 1 1 1 1 1 1 0 0
1 0 1 1 2 1 1 1 1 0
1 1 1 1 1 1 1 1 0 0
1 0 1 0 0 0 0 0 0 0
0 0 1 0 0 0 0 0 0 0
0 0 0 0 0 0 0 0 0 0
Maze 29
103 73 3.4074074074 2.1178867188 66 0.377635771169751
76 37 51 20 30 77 18 18 56 36 82 40 4 56 91 76
36 31 11 400 27 17 400 16 400 32 32 34 54 51 71
402 402 402 400 402 402 400 402 400 402 402 401 401 402 402
0 0 0 1 0 0 0 0 0 0
1 1 1 1 1 1 1 1 1 1
1 0 0 1 0 1 1 1 1 1
1 1 1 1 1 1 1 1 1 1
1 1 0 1 0 1 1 0 0 0
1 1 1 1 1 1 1 0 0 0
1 1 0 0 0 1 1 0 0 0
1 1 1 1 1 2 1 0 0 0
1 1 0 0 0 0 0 0 0 0
1 0 0 0 0 0 0 0 0 0
Maze 30
83 7 3.2444444444 2.0096680264 26 0.374033252068988
51 74 34 8 21 10 84 86 84 72 26 15 26 37 16 51
71 400 4 1 1 4 400 400 82 22 25 25 36 36 11
401 400 402 402 402 402 400 400 401 402 401 401 401 401 402
1 1 1 1 1 1 1 1 1 1
1 1 1 1 1 1 0 0 0 0
1 1 1 1 1 1 0 0 0 0
1 1 0 1 0 1 1 0 0 0
1 1 0 1 0 0 0 0 0 0
2 1 0 1 0 0 0 0 0 0
1 1 0 1 0 0 0 0 0 0
1 1 1 1 0 0 0 0 0 0
0 1 1 1 1 1 0 0 0 0
0 0 0 0 0 0 0 0 0 0
Maze 31
103 23 3.2400000000 1.9858393741 65 0.391040032532048
25 19 38 5 73 50 84 45 6 53 71 23 57 41 9 25
15 18 35 3 43 44 44 5 3 51 21 53 51 1 5
402 402 401 402 402 402 402 402 402 402 402 401 401 402 402
1 1 1 1 1 1 1 1 1 0
1 0 1 0 1 1 1 1 1 0
1 1 1 0 2 0 0 1 0 0
1 0 1 0 1 1 1 1 0 0
1 0 1 1 1 1 1 1 1 1
1 1 1 1 1 1 1 0 0 0
1 0 1 1 0 0 0 0 0 0
1 0 1 1 0 0 0 0 0 0
0 0 0 1 0 0 0 0 0 0
0 0 0 0 0 0 0 0 0 0
Maze 32
91 254 2.7000000000 2.1369116885 45 0.384492201583636
5 70 18 65 42 26 93 90 58 35 48 17 33 51 21 5
65 68 15 62 22 23 83 88 55 45 47 13 31 400 1
401 401 402 401 402 402 402 401 401 401 401 402 402 400 402
1 1 1 1 2 0 0 0 0 0
1 0 1 1 1 1 1 1 0 0
1 1 1 1 1 1 1 1 0 0
1 1 1 0 1 0 1 1 0 0
1 1 1 0 1 1 1 1 0 0
1 1 1 0 1 1 1 1 0 0
0 1 1 1 1 1 1 1 1 1
0 0 1 0 0 0 0 1 0 0
0 0 1 1 1 1 1 1 1 1
0 0 1 0 0 0 0 0 0 0
Maze 33
89 1855 2.6557377049 2.3362717556 39 0.382793837159147
81 97 76 36 31 84 27 38 47 82 8 87 87 66 25 81
91 96 400 400 81 24 37 37 42 2 7 400 86 65 21
401 401 400 400 401 402 401 402 402 402 402 400 401 401 402
0 1 1 1 1 1 1 1 0 0
0 1 0 0 0 0 1 0 0 0
1 1 1 1 1 1 1 0 0 0
1 1 1 1 1 1 1 1 0 0
1 1 1 1 1 1 1 0 0 0
1 1 0 1 1 1 1 0 0 0
1 1 0 1 1 1 1 0 0 0
1 1 0 1 0 1 1 0 0 0
2 1 1 1 0 1 1 0 0 0
1 1 1 1 1 1 1 0 0 0
Maze 34
93 60 2.8333333333 2.1705323067 44 0.388266133802942
30 35 17 44 15 65 11 13 30 59 93 89 9 11 32 30
25 15 14 14 400 61 400 23 29 53 83 400 1 31 22
402 402 402 402 400 401 400 401 402 402 402 400 402 401 402
1 1 1 1 1 1 1 1 1 0
1 1 1 1 1 1 1 0 1 0
1 1 1 1 1 1 1 1 1 2
1 1 0 1 1 0 0 0 1 0
1 0 0 1 1 0 0 0 1 0
1 0 1 1 1 1 1 1 1 0
1 1 1 1 1 0 0 0 1 0
0 0 1 0 0 0 0 0 1 0
0 0 1 1 1 1 1 1 1 0
0 0 1 0 0 0 0 0 0 0
Maze 35
57 54 3.1612903226 1.9248991800 7 0.391751681714108
67 72 36 56 23 42 43 39 36 74 64 55 65 75 38 67
62 32 400 53 22 400 33 400 34 400 54 400 400 35 37
402 402 400 401 402 400 402 400 402 400 402 400 400 402 402
0 0 0 0 0 0 0 0 0 0
0 0 0 0 0 0 0 0 0 0
0 1 1 0 0 0 0 0 0 0
0 1 1 1 1 1 1 1 1 0
0 1 1 1 1 1 1 0 0 0
0 1 1 1 1 1 1 0 0 0
0 1 1 1 1 1 2 0 0 0
0 1 0 1 1 0 0 0 0 0
0 0 0 0 0 0 0 0 0 0
0 0 0 0 0 0 0 0 0 0
Maze 36
97 187 3.2830188679 2.0827643622 77 0.407487808523434
13 45 75 12 48 52 52 34 100 52 97 57 60 73 1 13
43 400 72 42 42 400 32 94 92 92 400 400 53 71 11
401 400 401 401 402 400 402 401 401 401 400 400 402 401 401
1 0 0 0 0 0 0 0 0 0
1 1 2 0 0 0 0 0 0 0
1 1 1 0 0 0 0 0 0 0
1 1 1 1 0 0 0 0 0 0
1 1 1 1 1 1 1 1 0 0
1 1 1 1 1 1 1 1 1 1
1 1 1 1 1 0 1 0 0 0
1 1 1 1 1 0 1 0 0 0
0 1 0 1 0 0 1 0 0 0
0 1 1 1 1 1 1 1 1 1
Maze 37
81 34 3.0212765957 2.2172037100 26 0.371931549829356
91 72 51 4 55 3 76 27 49 16 21 14 83 85 63 91
71 71 1 54 53 73 26 47 46 11 11 13 400 83 61
402 401 402 401 401 401 402 401 401 402 402 402 400 401 402
1 1 1 1 0 0 0 0 0 0
1 1 1 1 1 1 0 0 0 0
1 0 1 1 0 1 1 0 0 0
1 0 1 1 0 1 1 0 0 0
1 0 1 1 0 1 1 1 1 0
1 0 1 1 1 1 0 0 0 0
1 1 1 0 0 1 0 0 0 0
1 1 1 1 1 1 0 0 0 0
1 0 1 1 1 0 0 0 0 0
2 0 0 0 0 0 0 0 0 0
Maze 38
117 1093 3.2537313433 2.2589794708 126 0.389832854426775
30 97 100 23 71 63 52 19 82 8 39 43 49 21 5 30
27 400 93 21 61 62 12 12 2 38 33 400 41 1 25
402 400 401 402 402 401 402 402 402 401 402 400 401 402 401
1 1 1 1 1 1 1 1 0 0
1 1 1 1 1 1 1 1 1 0
1 1 1 0 1 1 1 1 1 2
1 1 1 1 1 1 1 1 1 0
1 1 1 1 1 1 1 1 1 0
1 1 1 0 0 0 1 0 0 0
1 1 1 0 0 0 1 0 0 0
1 1 1 0 0 0 1 0 0 0
0 1 1 0 0 0 1 0 0 0
0 0 1 1 1 1 1 1 1 1
Maze 39
89 216 3.1200000000 2.0640750970 40 0.392712270391996
59 57 2 80 24 33 6 7 78 33 63 45 52 30 29 59
400 52 72 74 23 3 400 77 73 400 43 42 22 400 400
400 401 401 401 402 402 400 401 401 400 402 402 402 400 400
0 1 1 1 1 1 1 0 0 0
0 1 1 0 0 0 1 0 0 0
0 1 1 1 1 1 1 1 1 1
0 1 1 1 0 0 1 0 1 0
0 1 1 1 1 0 1 0 1 0
0 1 1 1 1 1 1 1 2 0
0 1 1 1 0 0 1 0 0 0
0 1 1 1 1 1 1 1 1 1
0 0 0 0 0 0 0 0 0 0
0 0 0 0 0 0 0 0 0 0
Maze 40
113 55 3.3090909091 1.9676297459 99 0.401748036428184
53 40 74 34 61 2 74 9 87 39 73 33 56 10 3 53
33 34 400 31 1 72 4 7 37 33 400 53 6 400 400
402 402 400 402 402 401 402 402 402 402 400 401 402 400 400
1 1 1 1 1 1 1 1 1 1
1 1 1 1 0 1 1 0 0 0
1 1 1 1 0 1 1 0 0 0
1 1 1 1 1 1 1 1 1 1
1 1 1 1 0 1 1 0 0 0
1 1 2 1 1 1 1 0 0 0
1 1 1 1 0 0 1 0 0 0
0 1 1 1 0 0 1 0 0 0
0 0 0 0 0 0 1 0 0 0
0 0 0 0 0 0 0 0 0 0
Maze 41
131 1122 3.5588235294 2.1768129098 200 0.376560575414190
40 36 98 9 85 20 3 72 29 75 11 38 13 78 86 40
400 96 8 5 15 13 2 22 25 71 31 33 73 76 36
400 401 402 402 402 401 402 402 402 401 401 401 401 402 402
0 1 1 0 1 1 1 1 1 0
1 1 1 1 1 1 1 1 1 1
1 1 1 1 1 1 1 1 1 0
1 1 1 1 1 1 1 1 1 2
1 1 1 0 1 1 0 1 0 0
1 1 1 0 1 1 0 1 0 0
1 1 1 0 1 1 0 1 0 0
1 1 1 1 1 1 1 1 0 0
0 0 0 0 1 1 0 1 0 0
0 0 0 0 0 1 1 1 0 0
Maze 42
91 47 2.7924528302 2.0578165456 39 0.393106816481016
34 76 70 57 98 36 54 36 94 97 77 96 10 100 71 34
74 66 67 97 96 34 34 34 400 400 76 6 400 91 31
401 402 401 401 401 402 402 402 400 400 402 402 400 401 402
0 0 0 0 0 1 1 1 1 1
0 0 0 0 0 1 0 0 0 1
0 0 0 0 0 1 0 0 0 1
1 1 1 2 1 1 0 0 0 1
1 0 0 1 0 1 0 0 0 1
1 0 0 1 0 1 1 0 0 1
1 0 0 1 0 1 1 1 1 1
1 0 0 1 1 1 1 0 0 1
1 0 0 1 0 1 1 0 0 1
1 1 1 1 1 1 1 1 1 1
Maze 43
99 118 3.6666666667 2.0846340683 71 0.382847398630117
87 46 98 2 58 96 64 90 35 3 48 82 65 86 87 87
86 96 92 52 56 94 84 85 33 43 42 62 85 400 400
401 401 401 401 402 401 401 401 401 401 402 402 401 400 400
0 1 1 0 0 0 0 0 0 0
0 1 1 0 0 0 0 0 0 0
0 1 1 0 0 0 0 0 0 0
0 1 1 1 1 0 0 0 0 0
0 1 1 1 1 1 1 1 0 0
0 1 1 1 1 1 1 1 0 0
0 1 1 1 1 1 0 0 0 0
0 1 0 1 1 1 0 0 0 0
0 1 0 1 1 1 2 1 1 1
0 1 1 1 1 1 1 1 0 0
Maze 44
97 364 3.2068965517 2.2802289250 84 0.397435924631200
79 71 40 12 59 95 75 84 27 5 55 61 17 20 20 79
400 31 32 52 55 400 74 24 25 400 51 11 400 400 19
400 402 401 401 402 400 402 402 401 400 402 402 400 400 402
0 0 0 0 1 0 0 0 0 0
1 1 1 1 1 1 1 1 1 1
1 1 0 1 1 1 1 0 1 0
1 1 1 1 1 1 1 1 1 1
1 1 0 1 1 0 0 0 1 0
1 1 1 1 1 1 1 1 1 0
1 0 0 1 1 0 0 0 1 0
1 1 1 1 1 1 1 1 2 0
0 0 0 1 1 0 0 0 0 0
0 0 0 0 1 0 0 0 0 0
Maze 45
101 169 3.2000000000 2.2580311572 71 0.393147309357523
92 49 94 86 81 64 93 16 47 59 96 70 27 57 8 92
42 44 84 400 61 63 13 46 57 56 66 67 400 7 2
402 402 402 400 402 402 402 401 401 402 402 401 400 402 402
0 1 1 1 1 1 1 1 0 0
0 1 1 1 1 1 1 0 0 0
0 1 1 0 0 1 1 0 0 0
0 1 1 0 0 1 1 0 0 0
0 1 1 1 1 1 1 1 1 0
0 1 1 1 0 1 1 1 1 0
1 1 1 1 0 1 1 1 1 1
1 1 1 1 0 1 0 0 0 0
1 1 1 1 1 1 0 0 0 0
0 2 1 1 0 1 0 0 0 0
Maze 46
93 105 3.2962962963 2.2804131582 50 0.387520945099276
56 71 59 6 35 49 46 40 79 93 95 13 83 81 17 56
51 51 56 5 45 400 36 39 73 400 93 400 400 11 16
402 402 401 402 401 400 402 402 402 400 401 400 400 402 402
0 0 0 0 1 1 0 0 0 0
1 1 1 1 1 1 1 0 0 0
1 0 1 0 1 1 0 0 0 0
1 0 1 0 1 1 1 1 1 1
1 0 1 0 1 1 1 1 1 0
1 1 1 1 1 2 1 1 1 0
1 0 1 0 0 0 0 0 1 0
1 0 1 1 1 1 1 1 1 0
1 1 1 0 0 0 0 0 0 0
0 0 1 1 1 0 0 0 0 0
Maze 47
85 170 2.6666666667 2.1380330774 44 0.373398911274969
89 70 65 3 81 43 63 6 35 78 79 39 8 42 36 89
69 400 63 1 41 400 3 5 75 400 400 38 2 32 86
402 400 401 402 402 400 402 402 401 400 400 401 402 402 401
1 1 1 1 1 1 1 1 0 0
1 1 1 0 1 0 0 1 0 0
1 1 1 0 1 0 0 1 0 0
1 1 1 1 1 1 0 1 1 0
1 1 1 0 1 1 0 0 1 0
1 0 1 0 1 1 0 0 1 0
1 0 1 1 1 1 1 1 1 1
1 0 0 0 1 1 1 1 1 0
1 0 0 0 0 1 1 1 2 0
0 0 0 0 0 0 0 0 0 0
Maze 48
111 151 3.2941176471 1.9695037101 81 0.394174117574607
48 1 94 25 41 84 24 4 69 37 36 91 9 34 25 48
41 91 24 21 81 400 400 64 67 400 31 1 4 24 45
401 401 402 402 401 400 400 401 401 400 402 402 402 402 401
1 1 1 1 1 1 1 1 1 0
1 0 0 1 0 0 0 0 0 0
1 1 1 1 1 0 0 0 0 0
1 1 1 1 1 1 1 0 0 0
1 1 1 1 1 1 1 2 0 0
1 0 0 1 0 0 1 0 0 0
1 0 0 1 1 1 1 1 1 0
1 0 0 1 0 0 0 0 0 0
1 1 1 1 0 0 0 0 0 0
1 1 1 1 0 0 0 0 0 0
Maze 49
129 6814 3.7142857143 1.9421668400 158 0.396802076168386
6 70 8 60 2 48 97 29 80 37 94 49 80 8 99 6
66 68 58 52 42 47 27 79 77 34 44 79 78 98 96
401 401 401 401 401 402 402 401 401 402 402 401 401 401 401
0 1 0 0 0 2 0 1 0 0
0 1 0 0 0 1 0 1 0 0
0 1 0 0 0 1 1 1 1 0
0 1 0 1 1 1 1 1 1 0
0 1 1 1 1 1 1 1 1 0
0 1 1 1 1 1 1 1 1 1
0 0 0 1 0 1 1 1 1 1
0 0 0 1 0 1 1 1 1 1
0 0 0 1 0 1 1 1 0 0
0 0 0 1 0 1 1 1 1 0
Maze 50
95 54 3.4230769231 2.1484533688 51 0.369901374319406
63 80 95 85 63 22 70 95 44 75 56 75 10 43 91 63
73 75 400 83 62 62 65 94 74 55 55 5 3 41 61
401 402 400 401 401 401 402 401 401 402 402 402 402 402 402
0 0 1 1 1 1 1 1 1 1
0 0 1 0 1 0 0 0 0 0
0 1 1 0 1 0 0 0 0 0
0 1 1 0 1 0 0 0 0 0
1 1 1 1 1 0 0 0 0 0
1 1 0 1 1 1 0 0 0 0
1 1 2 1 1 1 1 1 1 1
1 0 1 1 1 1 1 1 1 1
1 0 1 1 1 0 0 0 0 0
1 0 0 1 1 0 0 0 0 0
Maze 51
75 100 2.7924528302 2.4612116652 35 0.382118539429132
14 1 62 97 59 81 24 24 5 15 95 84 63 14 18 14
11 61 92 57 51 21 400 4 400 400 94 83 13 400 400
401 401 401 402 402 402 400 402 400 400 401 401 402 400 400
1 0 0 1 1 0 0 0 0 0
1 1 1 2 1 1 1 1 0 0
1 1 1 1 1 0 0 0 0 0
1 0 1 0 1 0 0 0 0 0
1 0 1 0 1 0 0 0 0 0
1 1 1 1 1 1 1 1 1 0
1 1 1 0 1 0 1 0 0 0
1 1 1 0 1 0 1 0 0 0
1 1 1 1 1 0 1 0 0 0
0 1 1 1 1 1 1 0 0 0
Maze 52
113 19 3.0689655172 2.0231580496 68 0.392477149112479
20 90 32 6 52 2 22 81 64 39 1 38 92 49 38 20
400 82 2 2 400 400 21 61 34 31 31 32 42 48 18
400 401 402 402 400 400 402 402 402 401 401 402 402 401 402
1 1 1 1 1 1 0 0 0 0
1 1 0 0 0 0 0 1 1 2
1 1 0 0 0 0 0 1 0 1
1 1 1 1 1 1 1 1 1 1
1 1 1 1 1 1 1 1 1 1
1 1 0 1 0 0 0 0 0 1
1 1 1 1 0 0 0 0 0 1
1 1 0 0 0 0 0 0 0 1
1 1 1 1 1 1 1 1 1 1
0 1 0 0 0 0 0 0 0 0
Maze 53
93 133 3.1785714286 2.2579546369 56 0.381357189014452
20 11 17 16 98 77 26 48 18 98 24 9 52 29 39 20
400 400 400 96 97 76 46 400 400 94 4 2 22 400 19
400 400 400 401 401 401 401 400 400 401 402 402 402 400 402
0 1 1 1 1 1 1 1 1 0
1 1 1 1 1 1 1 1 1 2
0 1 1 1 1 1 1 1 1 0
0 1 0 1 0 1 0 1 1 0
0 1 0 1 0 1 1 1 0 0
0 1 0 1 0 1 0 1 0 0
0 0 0 1 0 1 0 1 0 0
0 0 0 1 0 1 1 1 0 0
0 0 0 1 0 1 1 1 0 0
0 0 0 1 1 1 1 1 0 0
Maze 54
119 5563 3.0985915493 2.3048265290 132 0.383421091478919
21 20 99 66 12 70 87 100 5 1 76 92 37 69 58 21
11 19 96 62 62 67 97 95 400 71 72 32 67 68 51
402 402 401 401 401 402 401 401 400 401 402 402 401 401 401
1 1 1 1 1 0 0 0 0 0
1 1 1 1 1 1 1 1 1 1
2 1 0 0 1 0 0 0 1 0
1 1 1 1 1 1 1 0 1 0
1 1 0 0 1 0 1 0 1 0
1 1 1 1 1 1 1 1 1 0
1 1 1 1 1 1 1 1 1 1
1 1 1 1 1 1 1 0 1 0
0 1 0 0 1 1 1 0 1 0
0 1 0 0 1 1 1 1 1 1
Maze 55
69 10 2.8717948718 1.8211635793 20 0.379631720515344
68 43 74 32 16 18 31 36 43 12 17 28 34 43 38 68
63 73 72 12 400 11 400 33 42 400 27 24 33 33 400
401 401 401 402 400 402 400 402 401 400 401 402 402 402 400
0 0 0 0 0 0 0 0 0 0
1 1 1 1 1 1 1 1 0 0
1 1 0 1 1 1 1 1 0 0
1 1 1 1 1 1 1 1 0 0
0 1 1 0 0 0 0 1 0 0
0 1 1 0 0 0 0 1 0 0
0 1 1 1 1 1 1 2 0 0
0 1 1 1 0 0 0 0 0 0
0 0 0 0 0 0 0 0 0 0
0 0 0 0 0 0 0 0 0 0
Maze 56
121 181 3.3870967742 2.1322777753 131 0.404807473029988
81 5 21 72 3 94 36 21 16 15 69 86 30 53 19 81
1 1 71 2 93 34 31 11 400 65 66 26 23 13 11
402 402 401 402 401 402 401 402 400 401 402 402 402 402 402
1 1 1 1 1 0 0 0 0 0
1 1 1 1 1 1 1 1 1 0
1 1 1 1 1 1 1 1 1 1
1 1 1 1 1 1 0 0 0 0
1 1 1 1 1 1 0 0 0 0
1 1 1 1 1 1 0 0 0 0
1 1 1 1 1 1 1 1 1 0
1 1 1 1 0 1 0 0 0 0
2 0 1 1 0 1 0 0 0 0
0 0 1 1 0 0 0 0 0 0
Maze 57
83 210 3.0196078431 2.2148873478 21 0.400834008917463
7 1 36 86 74 57 74 82 81 38 24 21 7 78 55 7
400 31 400 84 54 54 72 400 31 34 400 1 77 75 5
400 401 400 401 402 402 402 400 402 401 400 402 401 401 402
1 1 1 1 1 1 2 0 0 0
1 0 0 0 1 0 1 0 0 0
1 1 1 1 1 0 1 0 0 0
1 1 1 1 1 1 1 1 0 0
1 0 0 0 1 1 1 0 0 0
1 0 0 1 1 1 1 0 0 0
1 0 0 1 1 1 1 0 0 0
1 1 1 1 1 1 1 1 0 0
1 1 0 1 1 1 0 0 0 0
0 0 0 0 0 0 0 0 0 0
Maze 58
83 12 3.4222222222 2.1140733973 16 0.382805200293249
85 90 89 35 84 83 24 93 98 100 34 43 82 16 24 85
400 400 85 34 400 23 23 400 400 94 33 42 12 14 84
400 400 401 402 400 402 402 400 400 401 402 402 402 402 401
0 0 0 0 0 0 0 0 0 0
0 1 1 1 1 1 0 0 0 0
0 1 1 1 0 0 0 0 0 0
0 1 1 1 1 0 0 0 0 0
0 1 1 1 1 0 0 0 0 0
0 1 1 1 1 0 0 0 0 0
0 1 1 1 1 0 0 0 0 0
0 1 1 1 1 0 0 0 0 0
0 1 1 1 2 1 1 1 1 1
0 0 1 1 1 1 1 1 1 1
Maze 59
97 879 3.0526315789 2.1376306737 55 0.382975467710832
9 68 51 44 97 28 45 12 67 94 13 77 39 19 26 9
8 61 41 94 27 25 42 62 64 93 73 37 400 16 6
402 401 402 401 402 402 401 401 402 401 401 402 400 402 402
0 0 0 0 0 1 1 1 2 0
0 1 1 0 0 1 1 1 1 0
0 1 1 0 1 1 1 1 1 0
0 1 1 0 1 0 1 1 1 0
1 1 1 1 1 0 1 1 0 0
1 1 1 1 0 0 1 1 0 0
1 1 1 1 1 1 1 1 0 0
0 0 1 1 1 1 1 0 0 0
0 0 1 1 0 0 1 0 0 0
0 0 1 1 1 1 1 0 0 0
Maze 60
101 193 3.2592592593 2.1437003132 50 0.396379282166611
10 50 15 32 30 71 34 92 73 33 26 63 48 54 11 10
400 45 12 22 21 31 32 72 400 23 23 43 44 51 1
400 401 402 402 402 402 402 402 400 402 402 402 402 401 402
1 1 1 1 1 1 1 1 1 2
1 1 1 1 1 0 0 0 0 1
1 1 1 1 1 1 1 1 1 1
1 1 1 1 1 0 0 0 0 1
1 1 1 1 1 1 1 1 1 1
1 1 1 1 0 0 0 0 0 0
1 1 1 0 0 0 0 0 0 0
1 1 1 0 0 0 0 0 0 0
0 1 0 0 0 0 0 0 0 0
0 1 0 0 0 0 0 0 0 0
Maze 61
113 353 3.3818181818 2.0597981081 104 0.399440913564521
38 31 28 87 1 16 50 65 71 45 61 39 83 49 17 38
400 21 27 81 11 46 45 61 41 41 31 33 43 47 37
400 402 402 401 401 401 402 402 402 402 402 402 402 401 401
1 0 0 0 0 0 0 0 0 0
1 1 1 1 1 1 1 0 0 0
1 1 1 1 1 1 1 1 0 0
1 1 1 1 1 1 1 2 1 0
1 1 1 1 1 1 1 1 1 1
1 0 1 0 1 0 1 0 0 0
1 1 1 1 1 0 1 0 0 0
1 0 1 0 0 0 1 0 0 0
1 1 1 1 1 1 1 0 0 0
0 0 0 0 0 0 0 0 0 0
Maze 62
85 18 3.5555555556 1.8067168243 44 0.397198883819156
12 16 4 42 34 73 40 31 39 56 15 78 13 16 15 12
400 14 2 32 33 33 400 400 36 55 75 73 400 400 400
400 401 402 402 402 402 400 400 402 401 401 401 400 400 400
0 1 1 1 0 0 0 0 0 0
0 2 1 1 1 1 0 0 0 0
0 1 1 0 1 0 0 0 0 0
1 1 1 1 1 1 1 1 1 1
0 1 1 0 1 1 0 0 0 0
0 0 1 0 1 1 0 0 0 0
0 0 1 0 1 0 0 0 0 0
0 0 1 1 1 1 1 1 0 0
0 0 0 0 0 0 0 0 0 0
0 0 0 0 0 0 0 0 0 0
Maze 63
101 22 3.2916666667 1.9180476487 71 0.392772579803058
36 49 96 16 87 21 25 60 96 77 65 91 34 58 95 36
46 46 400 86 81 400 55 56 76 75 61 31 54 55 35
401 402 400 401 401 400 401 402 402 401 402 402 401 402 402
0 0 0 0 0 0 0 0 0 0
0 0 0 0 0 1 0 0 0 0
1 1 1 1 1 1 0 0 0 0
1 1 1 1 1 2 0 0 0 0
1 0 0 1 1 1 1 1 1 0
1 0 0 1 1 1 1 1 1 1
1 1 1 1 1 1 0 0 0 0
1 0 0 0 1 1 1 0 0 0
1 1 1 1 1 1 1 0 0 0
1 0 0 0 1 1 0 0 0 0
Maze 64
119 521 3.5925925926 1.9342554275 118 0.384464534205596
33 16 87 6 70 2 27 88 84 13 52 42 10 2 78 33
13 86 86 66 62 22 87 400 83 12 400 2 400 72 73
402 401 401 401 401 401 401 400 401 402 400 402 400 401 401
0 1 1 1 1 1 1 1 1 1
0 1 1 1 1 1 0 0 0 0
0 1 1 1 1 1 1 0 0 0
0 1 2 0 0 1 1 0 0 0
0 1 1 0 0 1 1 0 0 0
0 1 1 0 0 1 1 0 0 0
0 1 1 1 1 1 1 1 1 1
0 1 1 1 1 1 1 1 0 0
0 0 1 1 1 1 1 1 0 0
0 0 0 0 0 0 0 0 0 0
Maze 65
99 468 2.7164179104 2.3129398117 66 0.378098367684232
49 66 74 98 9 80 42 64 90 79 70 73 31 92 5 49
46 64 94 8 79 72 62 84 89 69 63 71 91 2 45
402 402 401 402 401 401 401 401 401 402 402 401 401 402 401
0 1 1 1 1 0 0 1 1 0
0 1 0 0 1 0 0 1 1 0
0 1 0 0 1 0 0 1 1 0
1 1 0 0 1 0 0 1 1 0
1 1 0 0 1 1 1 1 2 0
1 1 0 0 0 1 0 1 1 0
1 1 1 1 1 1 1 1 1 1
1 1 1 1 1 1 1 1 1 1
1 1 0 1 1 1 1 1 1 1
1 1 0 1 1 1 1 1 0 0
Maze 66
101 4593 3.2881355932 2.2527805515 77 0.383033096605501
13 94 46 85 72 76 70 74 1 33 27 19 62 26 60 13
93 44 45 82 400 66 64 71 31 23 17 12 22 56 53
401 402 402 401 400 402 402 401 401 402 402 402 402 401 401
1 0 0 0 0 0 0 0 0 0
1 1 2 1 1 1 1 1 1 0
1 1 1 1 1 1 1 0 0 0
1 1 1 0 0 1 0 0 0 0
1 1 1 1 1 1 0 0 0 0
1 1 1 1 1 1 1 1 1 1
1 1 1 1 1 1 1 1 1 1
1 1 1 1 1 1 0 0 0 0
0 1 1 1 1 0 0 0 0 0
0 0 1 1 0 0 0 0 0 0
Maze 67
113 234 3.2413793103 2.0231580496 83 0.391979831012596
81 26 7 42 7 72 53 23 4 99 87 5 8 1 59 81
21 6 2 2 2 52 400 3 94 97 85 400 400 51 51
402 402 402 402 402 402 400 402 401 401 401 400 400 401 402
1 1 1 1 1 1 1 1 0 0
1 1 1 1 1 1 0 0 0 0
1 1 1 1 1 1 0 0 0 0
1 1 1 1 1 0 0 0 0 0
1 1 1 1 1 0 0 0 0 0
1 1 1 1 1 1 1 1 1 0
1 1 0 1 1 0 0 0 0 0
1 1 0 1 1 0 0 0 0 0
2 0 0 1 1 1 1 0 0 0
0 0 0 1 1 1 1 1 1 0
Maze 68
101 194 3.6078431373 2.0743230103 71 0.391548421000978
20 3 93 38 95 61 85 67 25 1 15 5 94 64 83 20
13 400 33 35 91 81 65 65 21 11 400 4 400 63 13
401 400 402 402 401 401 402 401 401 401 400 402 400 402 402
1 0 1 1 1 0 0 0 0 0
1 1 1 1 1 1 1 1 1 2
1 1 1 1 1 0 0 0 0 0
0 0 1 1 1 1 1 1 0 0
0 0 1 1 1 0 0 0 0 0
0 0 1 1 1 0 0 0 0 0
1 0 1 1 1 1 1 0 0 0
1 0 1 1 1 0 0 0 0 0
1 1 1 1 1 0 0 0 0 0
1 1 1 1 1 0 0 0 0 0
Maze 69
77 13 3.3500000000 1.9844081985 35 0.367089544801925
45 67 36 96 60 87 26 3 19 13 35 23 38 69 54 45
65 66 400 56 57 86 23 13 400 33 33 33 68 64 44
401 401 400 402 402 401 401 401 400 401 401 401 401 401 402
0 0 1 0 0 0 0 0 0 0
0 0 1 1 1 1 1 1 1 0
0 0 1 1 1 1 0 0 0 0
0 0 1 1 1 1 1 1 0 0
0 0 0 1 2 1 0 1 0 0
0 0 0 1 1 1 1 1 1 1
0 0 0 1 1 1 1 1 1 0
0 0 0 0 0 1 1 0 0 0
0 0 0 0 0 1 1 0 0 0
0 0 0 0 0 1 0 0 0 0
Maze 70
113 12 3.3191489362 1.7915750643 86 0.407203568461364
22 81 27 11 44 100 71 31 95 91 96 64 30 100 26 22
21 21 21 41 94 91 400 91 400 400 94 24 400 96 400
402 402 401 401 401 401 400 401 400 400 401 402 400 401 400
0 0 0 0 0 0 0 0 0 0
1 0 0 0 0 0 0 0 0 0
1 2 1 1 1 1 1 1 1 1
1 0 0 1 0 1 0 0 0 1
1 1 1 1 0 1 0 0 0 1
1 0 0 1 0 1 0 0 0 1
1 0 0 1 0 1 0 0 0 1
1 0 0 1 0 1 0 0 0 1
1 0 0 1 0 1 0 0 0 1
1 1 1 1 1 1 1 1 1 1
Maze 71
101 12 3.1929824561 2.1120634639 51 0.392744496279940
9 96 19 53 78 79 79 83 51 100 46 22 20 7 39 9
6 16 13 73 400 400 73 81 91 96 42 12 17 37 400
402 402 402 401 400 400 402 401 401 401 401 402 401 401 400
0 0 0 0 0 1 1 1 2 0
0 1 1 1 1 1 1 1 1 1
0 1 1 0 0 1 1 0 1 0
0 1 1 0 0 1 1 1 1 0
0 1 1 1 1 1 0 0 0 0
1 0 1 0 0 1 0 0 0 0
1 0 1 0 0 1 0 0 0 0
1 0 1 1 1 1 1 1 1 0
1 1 1 0 0 1 0 0 0 0
1 1 1 1 1 1 1 1 1 1
Maze 72
95 124 3.2222222222 2.2394540852 52 0.371328961750886
77 59 8 16 34 36 15 52 6 65 1 68 3 43 22 77
57 58 6 14 400 35 12 2 5 61 61 63 400 42 72
402 401 402 402 400 401 402 402 402 401 401 401 400 401 401
1 1 1 1 1 1 1 1 0 0
1 1 1 1 1 1 0 1 0 0
1 1 1 1 1 0 0 1 0 0
1 1 1 1 1 1 0 1 0 0
1 1 1 0 1 0 0 1 0 0
1 1 1 0 1 0 1 1 1 0
1 1 1 1 1 1 1 1 0 0
0 1 1 1 1 1 2 0 0 0
0 0 0 0 0 0 0 0 0 0
0 0 0 0 0 0 0 0 0 0
Maze 73
95 120 2.6129032258 2.1872580440 46 0.378228325584495
9 49 88 46 72 92 100 6 54 1 9 54 52 38 47 9
400 48 86 42 400 400 96 4 51 400 4 400 32 37 7
400 402 401 402 400 400 401 402 401 400 402 400 402 402 402
1 1 1 1 1 1 1 1 2 0
1 0 0 1 0 1 1 0 1 0
1 0 0 1 0 1 1 0 1 0
1 1 1 1 1 1 1 1 1 0
1 1 1 1 1 1 1 1 1 0
1 1 1 1 0 1 0 1 0 0
0 1 0 0 0 1 0 1 0 0
0 1 0 0 0 1 0 1 0 0
0 1 0 0 0 1 1 1 0 0
0 1 1 1 1 1 1 1 1 1
Maze 74
113 97 3.0689655172 1.9829719734 112 0.403929382664651
20 81 89 95 46 93 82 49 34 88 44 19 20 87 5 20
11 400 85 45 43 92 42 44 84 84 14 400 17 85 15
402 400 402 402 402 401 402 401 401 401 402 400 402 401 401
0 0 0 0 1 0 0 0 0 0
1 1 1 1 1 1 1 1 1 2
1 0 0 1 1 0 1 0 0 0
1 0 0 1 1 0 1 0 0 0
1 1 1 1 1 1 1 1 1 0
1 1 1 1 1 0 1 0 0 0
1 1 1 1 1 0 1 0 0 0
1 1 1 1 1 0 1 0 0 0
1 1 1 1 1 1 1 1 1 0
0 1 1 0 1 0 0 0 0 0
Maze 75
101 77 3.2363636364 2.0887779718 58 0.380702897509194
24 7 67 9 71 46 18 42 1 59 40 87 38 19 38 24
4 400 7 1 41 16 12 41 51 39 37 37 18 18 34
402 400 402 402 402 402 402 401 401 402 402 402 402 402 401
1 1 1 1 1 1 1 1 1 0
1 1 1 1 1 1 1 1 1 0
1 1 0 2 0 1 1 1 0 0
1 1 0 1 1 1 1 1 1 1
1 1 1 1 1 1 1 0 1 0
1 1 1 1 1 1 1 1 1 0
1 0 0 0 0 0 1 0 0 0
1 0 0 0 0 0 1 0 0 0
0 0 0 0 0 0 1 0 0 0
0 0 0 0 0 0 0 0 0 0
Maze 76
85 121 3.1923076923 2.2977938640 50 0.377660074810072
30 65 90 85 75 12 9 39 18 83 37 7 27 38 55 30
25 85 400 400 72 2 400 38 13 33 400 400 37 35 25
402 401 400 400 401 402 400 401 402 402 400 400 401 402 402
0 1 1 1 1 1 1 1 1 0
0 1 1 1 1 1 1 1 1 0
0 1 1 0 1 1 1 1 1 2
0 1 1 1 1 1 1 1 1 0
0 1 1 0 1 0 0 0 0 0
0 1 1 0 1 0 0 0 0 0
0 1 1 0 1 0 0 0 0 0
0 1 1 1 1 0 0 0 0 0
0 0 1 0 1 1 1 1 1 1
0 0 0 0 0 0 0 0 0 0
Maze 77
101 1681 3.0322580645 2.2004017857 60 0.377473108723300
69 20 64 37 53 50 32 77 7 15 82 21 25 63 60 69
19 14 34 33 43 42 72 400 5 12 81 400 23 53 59
402 402 402 402 402 401 401 400 402 402 401 400 402 402 402
0 0 0 0 1 1 1 0 0 0
0 1 1 1 1 1 1 1 1 1
1 1 1 1 1 0 1 0 1 0
1 1 1 1 1 1 1 0 1 0
1 1 1 1 1 1 1 1 1 1
1 1 1 1 1 1 1 1 1 1
1 1 1 1 0 0 1 0 2 0
1 1 1 1 1 1 1 0 0 0
1 1 0 0 0 0 0 0 0 0
0 0 0 0 0 0 0 0 0 0
Maze 78
95 66 2.7419354839 2.3317922840 65 0.391143088008900
48 88 11 11 23 64 6 99 81 8 11 39 37 37 35 48
400 81 400 21 63 4 96 91 1 1 31 400 400 400 45
400 401 400 401 401 402 401 401 402 402 401 400 400 400 401
1 1 1 1 1 1 1 1 0 0
1 0 0 1 0 1 0 0 0 0
1 1 1 1 0 1 0 0 0 0
1 1 1 1 1 1 1 1 1 0
1 0 1 1 1 1 1 2 0 0
1 0 1 1 0 1 0 1 0 0
1 0 1 1 0 1 0 1 0 0
1 0 0 0 0 1 0 1 0 0
1 1 1 1 1 1 1 1 0 0
1 1 1 1 1 1 1 1 1 0
Maze 79
89 13 3.4545454545 2.0493837165 45 0.392933431096975
38 32 77 44 95 24 76 51 21 87 75 50 54 35 25 38
400 72 74 94 94 74 71 400 81 85 45 44 34 400 35
400 401 401 401 401 401 401 400 401 401 402 402 402 400 401
0 0 0 0 0 0 0 0 0 0
0 0 0 0 0 0 0 0 0 0
1 0 0 1 1 0 0 0 0 0
1 1 1 1 1 1 1 2 0 0
1 1 0 1 1 1 1 1 1 1
1 1 0 1 1 0 0 0 0 0
1 1 0 1 1 0 0 0 0 0
1 1 1 1 1 1 1 0 0 0
1 1 1 1 1 1 1 0 0 0
0 0 0 1 1 0 0 0 0 0
Maze 80
97 110 2.9310344828 2.1971563403 64 0.361695153302658
60 47 93 37 80 60 45 63 20 82 93 84 14 44 100 60
57 43 33 77 400 55 43 13 12 92 83 400 400 94 400
401 402 402 401 400 401 402 402 402 401 402 400 400 401 400
0 0 0 0 0 0 0 0 0 0
0 1 1 1 1 1 1 1 1 1
0 1 1 1 0 0 0 0 0 0
0 1 1 1 1 1 1 0 0 0
0 1 1 1 1 1 1 0 0 0
0 1 1 1 1 1 1 1 1 2
0 1 1 1 0 0 1 0 0 1
0 1 1 1 0 0 1 1 1 1
0 1 1 1 0 0 0 0 0 1
0 1 1 1 1 1 1 1 1 1
Maze 81
95 52 3.6250000000 2.1559524309 71 0.379312482089609
97 78 36 56 84 38 2 37 98 60 45 95 72 65 12 97
77 76 400 54 34 32 32 97 58 55 400 92 62 62 92
402 401 400 402 402 401 401 401 402 401 400 401 402 401 401
0 1 0 0 0 0 0 0 0 0
0 1 0 0 0 0 0 0 0 0
0 1 0 0 0 0 0 0 0 0
0 1 1 1 1 1 1 1 0 0
0 1 0 1 1 1 1 0 0 0
0 1 0 1 1 1 1 1 1 1
0 1 1 1 1 1 1 1 0 0
0 1 0 1 1 1 1 1 0 0
0 1 0 1 1 0 1 1 0 0
0 1 1 1 1 1 2 1 0 0
Maze 82
111 438 3.6603773585 2.1891683911 81 0.385475162867466
42 36 99 25 66 1 48 91 53 30 95 85 78 86 91 42
32 96 95 65 61 41 41 51 23 25 400 75 76 81 41
402 401 401 401 401 401 402 402 402 402 400 402 402 402 402
1 0 0 0 0 0 0 0 0 0
1 0 0 0 0 0 0 0 0 0
1 0 1 1 1 1 1 1 1 1
1 1 1 1 1 1 0 0 0 0
1 2 1 1 1 1 1 1 0 0
1 1 1 0 1 1 0 0 0 0
1 1 1 1 1 1 0 0 0 0
1 0 0 0 1 1 1 1 0 0
1 1 1 1 1 1 0 0 0 0
1 0 0 0 1 1 1 1 1 0
Maze 83
105 488 3.3214285714 2.1380182894 99 0.392666966480294
2 48 98 43 67 53 100 65 39 69 4 96 98 59 7 2
42 400 93 63 63 93 95 35 400 64 94 400 58 57 400
401 400 401 401 401 401 401 402 400 401 401 400 402 401 400
0 2 1 1 1 1 1 0 0 0
0 1 0 1 0 0 1 0 0 0
0 1 0 1 0 0 1 0 0 0
0 1 0 1 1 1 1 1 1 0
0 1 1 1 1 1 1 1 1 0
0 0 1 1 1 0 1 1 1 0
0 0 1 1 1 1 1 1 1 0
0 0 1 1 1 0 0 1 0 0
0 0 1 1 1 0 0 1 0 0
0 0 1 1 1 1 1 1 1 1
Maze 84
81 37 3.0833333333 2.1309185258 26 0.381717800982095
18 70 70 40 95 33 2 48 23 33 33 72 40 58 25 18
68 400 400 35 93 32 42 43 400 400 32 32 38 55 15
401 400 400 402 401 401 401 401 400 400 402 402 402 401 402
0 1 0 0 0 0 0 0 0 0
0 1 0 0 1 1 1 2 0 0
0 1 1 0 1 0 0 1 0 0
0 1 1 1 1 1 1 1 1 1
0 1 1 1 1 1 1 1 0 1
0 1 1 0 1 1 1 1 0 1
0 1 1 0 1 0 0 1 1 1
0 1 1 0 1 0 0 0 0 0
0 0 1 0 1 0 0 0 0 0
0 0 1 1 1 0 0 0 0 0
Maze 85
91 23 3.1200000000 2.0157783355 56 0.374341110539486
33 13 68 61 81 97 17 46 63 12 82 62 4 83 38 33
400 63 400 400 91 400 16 43 62 400 400 2 3 33 400
400 401 400 400 401 400 402 402 401 400 400 402 402 402 400
0 1 1 1 0 0 0 0 0 0
0 1 1 0 0 1 1 0 0 0
0 1 1 0 0 1 1 0 0 0
0 1 2 1 1 1 1 1 0 0
0 1 1 1 1 1 1 0 0 0
0 1 1 0 0 0 1 0 0 0
1 1 1 1 1 1 1 1 0 0
1 1 1 0 0 0 1 0 0 0
1 1 1 0 0 0 1 0 0 0
1 1 1 1 1 1 1 0 0 0
Maze 86
107 197 3.8297872340 2.0459614419 81 0.391845022397894
74 12 24 44 91 14 30 81 68 15 20 74 34 26 12 74
72 22 400 41 11 24 21 61 65 400 14 400 24 22 72
401 401 400 402 402 401 402 402 401 400 402 400 402 401 401
0 0 0 0 0 0 0 0 0 0
1 1 1 1 1 1 1 1 1 1
1 1 1 1 1 1 1 1 1 1
1 1 0 1 1 0 0 0 0 0
1 1 1 1 1 0 0 0 0 0
1 1 0 1 1 0 0 0 0 0
1 1 1 1 1 1 1 1 0 0
1 1 1 2 0 0 0 0 0 0
1 0 0 0 0 0 0 0 0 0
1 0 0 0 0 0 0 0 0 0
Maze 87
81 25 3.1063829787 2.0986318815 30 0.387184598522231
2 7 4 67 67 85 64 60 48 84 29 5 36 75 86 2
400 400 64 400 65 84 54 58 44 24 25 35 35 85 82
400 400 401 400 402 401 402 401 402 402 401 401 402 401 401
0 2 1 1 1 1 1 0 0 0
0 1 0 1 1 0 0 0 0 0
0 1 0 1 1 1 1 1 1 0
0 1 0 1 1 1 0 0 0 0
0 1 0 1 1 1 1 1 0 0
0 1 0 1 1 1 1 1 1 1
0 1 0 1 1 1 1 0 0 0
0 1 0 1 1 0 0 0 0 0
0 1 1 1 1 1 0 0 0 0
0 0 0 0 0 0 0 0 0 0
Maze 88
93 503 3.1578947368 2.1936379531 50 0.374684315550433
24 50 69 92 90 38 46 57 43 56 20 33 85 4 28 24
44 49 62 82 88 36 56 53 53 16 13 83 84 24 400
401 402 402 402 401 402 401 401 401 402 402 401 401 401 400
0 0 0 1 0 0 0 0 0 0
0 0 1 1 1 1 1 1 1 1
0 0 1 2 1 1 1 1 0 0
0 0 1 1 0 1 1 1 0 0
0 0 1 1 1 1 1 1 1 1
0 0 1 1 1 1 1 1 1 0
0 1 1 1 1 1 1 1 1 0
0 1 1 1 0 0 0 1 0 0
0 1 1 1 1 1 1 1 1 1
0 1 0 0 0 0 0 0 0 0
Maze 89
95 18 3.4800000000 2.1971063840 60 0.361357567869304
87 73 91 39 66 9 64 44 34 11 1 85 14 25 3 87
83 71 31 36 6 4 400 400 31 400 81 84 24 23 83
401 402 402 402 402 402 400 400 401 400 401 401 401 401 401
1 0 1 1 1 1 1 1 1 0
1 0 1 1 0 1 0 0 0 0
1 0 1 1 1 1 0 0 0 0
1 1 1 1 1 1 1 1 1 0
1 0 1 1 0 1 0 0 0 0
1 0 1 1 0 1 0 0 0 0
1 0 1 1 0 1 0 0 0 0
1 1 1 1 0 0 0 0 0 0
1 1 1 1 1 1 2 0 0 0
1 0 0 0 0 0 0 0 0 0
Maze 90
89 33 2.8928571429 2.1702024648 50 0.380000774365493
29 59 90 60 4 22 82 73 81 95 98 51 80 100 22 29
400 89 400 54 2 400 72 71 91 400 91 71 400 92 400
400 401 400 401 402 400 402 402 401 400 401 401 400 401 400
0 1 1 1 0 0 0 0 0 0
0 1 0 1 0 0 0 0 0 0
0 1 1 1 1 1 1 1 2 0
0 1 0 1 0 0 0 0 1 0
0 1 0 1 0 0 0 0 1 0
1 1 0 1 1 1 1 1 1 1
1 1 0 0 0 0 0 0 1 1
1 1 1 1 1 1 1 1 1 1
1 1 0 0 0 0 0 0 1 1
1 1 1 1 1 1 1 1 1 1
Maze 91
103 333 2.6857142857 2.4264336531 71 0.384592009809760
92 68 77 17 4 19 98 11 62 21 17 36 59 100 30 92
62 67 400 14 14 18 91 61 61 11 16 56 99 400 22
402 402 400 401 401 402 401 401 401 402 402 401 401 400 402
0 0 0 1 0 0 0 0 0 0
1 1 1 1 1 1 1 1 1 0
1 1 1 1 1 1 1 1 1 1
1 1 0 0 0 1 1 1 0 1
1 1 0 0 0 1 1 1 0 1
1 1 0 0 0 1 1 1 1 1
1 1 1 1 1 1 1 1 1 1
1 1 0 0 0 0 1 1 1 1
1 1 0 0 0 0 0 1 1 1
1 2 1 1 1 1 1 1 1 1
Maze 92
77 3 2.9803921569 2.3207485712 30 0.376984459355313
66 69 38 46 35 53 24 8 80 67 62 88 2 74 75 66
400 68 36 45 33 23 4 78 77 400 82 82 72 400 65
400 401 402 401 402 402 402 401 401 400 401 401 401 400 402
0 1 0 1 1 1 1 1 0 0
0 1 0 1 0 0 0 1 0 0
0 1 1 1 0 0 0 1 0 0
0 1 1 1 1 1 1 1 0 0
0 1 1 0 1 1 0 1 0 0
0 1 1 0 0 0 0 1 0 0
0 1 1 1 1 2 1 1 1 0
0 1 1 1 1 0 1 1 1 1
0 1 1 1 1 1 1 1 0 0
0 0 0 0 0 0 0 0 0 0
Maze 93
103 212 2.7777777778 2.3798169830 70 0.371697511324279
20 42 60 63 14 4 6 99 65 7 91 80 69 88 80 20
12 52 53 13 400 400 96 95 5 1 71 79 68 78 400
402 401 402 402 400 400 401 401 402 402 402 401 402 402 400
1 1 1 1 1 1 1 0 0 0
1 1 1 1 1 1 1 1 1 2
1 1 1 0 1 1 0 0 0 1
1 1 1 0 1 1 0 0 0 1
1 1 1 0 1 1 0 0 0 1
1 1 1 1 1 1 1 1 1 1
1 0 1 0 1 1 0 1 1 1
1 1 1 1 1 1 1 1 1 1
1 0 0 0 1 1 0 1 0 0
1 0 0 0 1 1 1 1 1 0
Maze 94
109 27 3.3043478261 1.7514564717 65 0.387741444426063
89 12 18 33 41 18 85 46 86 19 41 17 17 10 25 89
82 400 13 31 11 15 45 400 16 11 11 400 7 5 85
401 400 402 402 402 402 402 400 402 402 402 400 402 402 401
0 0 0 0 1 1 1 1 1 1
1 1 1 1 1 1 1 1 1 0
1 1 1 0 1 1 0 0 0 0
1 1 1 0 1 1 0 0 0 0
1 1 0 0 1 1 0 0 0 0
0 1 0 0 1 1 0 0 0 0
0 1 0 0 1 1 0 0 0 0
0 1 0 0 1 1 0 0 0 0
0 1 1 1 1 1 1 1 2 0
0 0 0 0 0 0 0 0 0 0
Maze 95
111 66420 3.1641791045 2.3092838171 105 0.385252748950729
14 79 100 35 22 18 96 71 63 59 2 70 67 90 73 14
74 99 95 32 12 16 91 61 53 52 62 400 87 83 13
401 401 401 401 402 402 401 402 402 401 401 400 401 401 402
0 1 0 0 0 0 0 0 0 0
0 1 1 2 1 1 1 1 0 0
0 1 1 1 0 1 0 0 0 0
0 1 1 1 1 1 0 0 0 0
0 1 1 1 1 1 0 0 0 0
0 1 1 1 1 1 1 1 1 0
1 1 1 1 1 1 1 1 1 1
1 0 1 1 1 1 1 1 1 0
1 0 1 1 1 1 1 1 1 1
1 1 1 1 1 1 1 1 1 1
Maze 96
91 101 3.2083333333 2.0813323489 56 0.389223082358593
83 24 15 60 47 4 99 53 75 37 28 46 64 59 71 83
23 14 55 57 44 94 93 73 35 27 26 44 54 51 81
402 402 401 401 401 401 401 401 402 402 402 402 402 402 401
0 0 0 1 0 0 0 0 0 0
0 0 0 1 1 0 0 0 0 0
0 0 1 1 1 1 1 1 0 0
0 0 1 1 1 1 1 0 0 0
0 0 1 1 1 1 1 0 0 0
1 1 1 1 1 1 1 1 1 1
1 0 1 1 1 0 0 0 0 0
1 0 1 1 1 0 0 0 0 0
1 1 2 1 0 0 0 0 0 0
0 0 1 1 1 1 1 1 1 0
Maze 97
129 42 3.3750000000 2.0146804779 134 0.388937382260556
75 10 17 80 11 61 41 6 31 89 13 70 54 22 69 75
5 7 77 71 400 400 1 1 81 83 63 64 52 62 65
402 402 401 401 400 400 402 402 401 401 401 401 401 401 402
1 1 1 1 1 1 1 1 1 1
1 0 1 0 1 0 1 0 0 0
1 1 1 0 1 0 1 0 0 0
1 1 1 0 1 0 1 0 0 0
1 1 1 0 1 0 1 0 0 0
1 1 1 1 1 0 1 0 0 0
1 1 1 1 1 1 1 1 1 1
1 1 1 1 2 1 1 1 1 1
1 1 1 1 1 1 1 1 1 0
0 0 0 0 0 0 0 0 0 0
Maze 98
77 13 2.6666666667 2.1380323830 26 0.403913529290360
39 36 9 49 21 62 42 21 82 67 76 22 37 32 26 39
400 6 400 41 61 400 41 81 62 66 72 32 400 22 36
400 402 400 401 401 400 401 401 402 402 401 401 400 402 401
0 0 0 0 0 1 1 1 1 0
0 0 0 0 0 1 0 0 1 0
1 1 1 1 1 1 0 0 1 0
1 1 1 1 1 1 1 1 2 0
1 1 1 1 1 1 1 1 1 0
1 1 0 0 0 0 0 0 0 0
1 1 1 1 1 1 1 0 0 0
1 1 1 1 1 1 0 0 0 0
1 1 0 0 0 0 0 0 0 0
0 0 0 0 0 0 0 0 0 0
Maze 99
95 109 2.8474576271 2.1275846358 70 0.371530363016746
59 9 93 65 55 30 38 30 96 24 72 62 14 72 92 59
400 3 63 400 25 28 28 26 94 22 400 12 12 400 52
400 402 402 400 402 402 402 402 401 402 400 402 402 400 402
0 0 1 1 1 1 1 1 1 0
0 1 1 1 0 0 0 0 1 0
0 1 1 1 1 1 1 1 1 1
0 1 1 1 1 1 0 1 1 0
0 1 1 1 1 1 0 0 1 0
0 1 1 1 1 1 1 1 2 0
0 1 1 1 1 1 0 0 0 0
0 1 1 1 0 1 0 0 0 0
0 1 1 1 0 1 0 0 0 0
0 1 1 1 1 1 0 0 0 0
Maze 100
103 7 3.0491803279 2.1983117070 71 0.363768785118834
93 91 98 19 69 100 33 57 17 82 2 76 77 14 76 93
400 400 18 400 99 93 53 400 12 400 72 400 74 74 73
400 400 402 400 401 401 401 400 402 400 401 400 401 401 402
0 1 0 0 0 0 0 0 0 0
0 1 1 1 1 1 1 1 1 0
0 1 0 1 0 0 1 1 1 0
0 1 1 1 0 0 1 1 1 0
0 1 1 1 0 0 1 1 1 0
0 1 1 1 1 1 1 1 1 0
0 1 1 1 0 0 0 1 1 0
0 1 1 1 1 1 1 1 1 0
0 1 1 0 0 0 0 1 1 0
1 1 2 1 1 1 1 1 1 1
Maze 101
117 205 2.8695652174 2.1503763030 125 0.392425290207421
53 69 98 81 10 68 4 70 63 98 44 26 57 29 89 53
63 68 91 1 8 64 64 400 93 94 24 56 27 400 83
401 402 401 402 402 401 401 400 401 401 402 401 402 400 401
1 1 1 1 1 1 1 1 1 1
1 0 0 1 0 0 0 1 0 0
1 0 0 1 1 1 1 1 1 0
1 0 0 1 0 1 1 1 1 0
1 0 0 1 0 1 1 1 1 0
1 0 2 1 0 1 1 1 1 0
1 0 1 1 1 1 1 1 1 1
1 0 1 1 0 0 0 1 1 0
1 0 1 1 1 1 1 1 1 0
1 1 1 1 1 1 1 1 0 0
Maze 102
95 629 3.3877551020 1.9857456601 84 0.373374902676785
57 80 45 89 49 93 70 76 84 27 36 32 46 13 93 57
77 75 85 400 43 63 66 74 24 26 400 42 43 400 53
401 401 401 400 402 402 402 402 402 402 400 401 401 400 402
0 0 0 0 0 0 0 0 0 0
0 0 1 0 0 0 0 0 0 0
0 0 1 1 1 1 1 0 0 0
0 1 1 1 1 1 0 0 0 0
0 1 1 1 1 1 1 1 1 0
0 0 1 1 1 1 2 0 1 0
0 0 1 1 1 1 1 1 1 1
0 0 1 1 1 1 1 1 1 1
0 0 1 1 1 1 1 1 1 0
0 0 1 0 0 0 0 0 0 0
Maze 103
101 1123 3.1290322581 2.4052869948 60 0.381832360944324
56 98 74 87 14 61 38 61 69 80 65 9 13 73 82 56
96 94 84 84 11 31 31 400 79 75 5 3 400 72 52
401 401 401 401 402 402 402 400 401 401 402 402 400 402 402
0 0 1 1 1 1 1 1 1 0
1 1 1 1 1 0 0 0 0 0
1 0 1 1 1 0 0 0 0 0
1 1 1 1 1 1 1 1 0 0
1 0 1 1 1 0 0 0 0 0
1 1 1 1 1 2 0 0 0 0
1 1 1 1 1 1 1 1 1 0
0 1 1 1 1 1 1 1 1 1
0 1 0 1 1 1 1 0 0 0
0 0 0 1 1 1 1 1 0 0
Maze 104
93 120 2.5538461538 2.2394540852 50 0.411431288641851
38 89 81 26 99 23 74 34 33 18 89 67 57 65 8 38
88 400 21 96 93 73 400 400 13 88 87 400 55 5 400
401 400 402 401 401 401 400 400 402 401 401 400 402 402 400
0 0 0 0 1 1 1 1 0 0
0 0 1 1 1 1 1 1 0 0
1 1 1 1 1 1 0 1 0 0
1 0 1 1 1 1 0 2 0 0
1 0 1 1 1 1 0 1 0 0
1 0 1 1 1 1 1 1 0 0
1 0 1 1 1 1 1 1 0 0
1 0 1 1 0 1 1 1 0 0
1 1 1 1 1 1 1 1 1 0
0 0 1 1 1 1 1 1 1 0
Maze 105
103 286 3.5849056604 2.1567280784 65 0.384347197604498
29 68 42 41 47 60 94 15 20 95 15 98 56 90 98 29
28 62 400 400 57 54 14 400 15 400 95 96 86 88 28
402 401 400 400 401 402 402 400 402 400 401 401 401 402 402
0 0 0 0 0 0 0 0 0 0
0 0 0 1 1 1 1 1 1 1
0 0 0 1 1 0 0 1 2 0
0 0 0 1 1 0 0 1 0 0
1 1 1 1 1 1 1 1 0 0
0 1 0 1 1 1 1 1 1 1
0 1 1 1 1 1 1 1 0 0
0 0 0 1 1 1 0 1 0 0
0 0 0 1 1 1 1 1 1 1
0 0 0 1 1 1 1 1 0 0
Maze 106
87 12 3.2000000000 2.0738461594 45 0.380525603834656
14 48 48 47 43 48 79 63 41 69 2 7 83 68 46 14
44 400 400 400 400 78 73 61 61 62 400 3 63 66 44
401 400 400 400 400 401 401 401 401 401 400 402 402 401 401
0 1 1 1 1 1 1 0 0 0
0 1 1 2 0 0 0 0 0 0
0 1 1 1 0 0 0 0 0 0
0 1 1 1 0 0 0 0 0 0
1 1 1 1 1 1 1 1 0 0
1 1 1 0 0 1 0 1 0 0
1 1 1 1 1 1 1 1 1 0
0 0 1 1 1 1 1 1 1 0
0 0 1 0 0 0 0 0 0 0
0 0 0 0 0 0 0 0 0 0
Maze 107
101 25 3.3793103448 2.2606383290 64 0.382032002064589
10 90 15 59 27 65 53 39 2 27 79 99 73 97 100 10
400 85 55 57 25 63 33 32 22 77 400 93 93 400 400
400 401 401 401 402 401 402 401 401 401 400 401 401 400 400
0 1 0 0 0 0 0 0 0 2
0 1 0 0 1 0 0 0 0 1
0 1 1 1 1 1 1 0 0 1
0 1 1 1 1 1 1 1 1 1
0 0 1 0 1 0 1 0 0 1
0 0 1 0 1 1 1 1 1 1
0 0 1 1 1 0 1 0 0 1
0 0 1 0 1 0 1 1 1 1
0 0 1 0 1 1 1 1 1 1
0 0 1 1 1 1 1 1 1 1
Maze 108
81 46 3.1363636364 2.0663452372 35 0.381355621085498
67 94 33 72 40 70 2 32 23 64 83 67 26 15 58 67
64 93 32 32 400 62 400 22 63 63 63 66 25 55 57
402 401 402 402 400 401 400 402 401 402 402 401 401 401 402
0 1 0 0 0 0 0 0 0 0
0 1 0 0 1 0 0 0 0 0
0 1 1 0 1 1 0 0 0 0
0 1 1 1 1 1 1 1 1 1
0 1 1 0 1 1 0 0 0 1
0 1 1 0 1 1 1 1 0 1
0 1 1 1 1 1 2 1 1 1
0 1 1 1 0 0 0 0 0 0
0 0 1 1 0 0 0 0 0 0
0 0 1 1 0 0 0 0 0 0
Maze 109
91 33 3.5000000000 1.8508588434 56 0.388907493594880
95 23 45 48 67 55 39 62 80 62 77 46 48 73 48 95
93 43 400 47 65 35 32 72 72 72 76 400 43 43 45
401 401 400 402 401 402 402 401 401 401 401 400 402 402 402
0 0 0 0 0 0 0 0 0 0
0 0 0 0 0 0 0 0 0 0
0 0 1 0 0 0 0 0 0 0
0 1 1 1 1 1 1 1 1 0
0 1 1 1 1 1 1 1 0 0
0 1 1 0 1 1 1 0 0 0
0 1 1 0 1 1 1 0 0 0
0 1 1 1 1 1 1 1 1 1
0 0 1 0 1 0 0 0 0 0
0 0 1 1 2 0 0 0 0 0
Maze 110
93 32 3.2727272727 1.8746552297 45 0.389687570593003
47 65 43 51 23 94 47 74 15 3 82 68 64 18 74 47
45 63 41 21 93 44 44 14 13 2 62 400 14 14 44
402 401 402 402 401 402 402 402 401 402 402 400 402 402 402
0 1 1 0 0 0 0 0 0 0
0 1 1 1 1 1 1 1 0 0
1 1 1 1 0 0 0 0 0 0
1 1 1 1 0 0 0 0 0 0
1 1 1 1 1 1 2 0 0 0
1 1 1 1 1 0 0 0 0 0
0 1 1 1 1 1 1 1 0 0
0 1 1 1 0 0 0 0 0 0
0 1 1 1 0 0 0 0 0 0
0 0 1 1 0 0 0 0 0 0
Maze 111
101 37 3.3846153846 2.1657573931 77 0.379909145685146
53 81 68 90 56 12 34 82 60 28 86 17 55 91 45 53
51 61 88 86 52 32 32 52 58 26 16 15 51 41 43
402 402 401 401 401 401 402 402 401 402 402 402 402 402 402
0 0 0 0 0 0 0 0 0 0
0 1 0 0 1 1 1 0 0 0
0 1 0 0 1 1 1 1 0 0
0 1 1 1 1 1 0 1 0 0
1 1 1 1 1 1 0 1 0 0
1 1 2 1 1 1 1 1 1 1
1 1 1 1 1 1 1 1 0 0
1 1 0 0 0 1 0 1 0 0
1 1 0 0 0 1 1 1 1 1
1 0 0 0 0 0 0 0 0 0
Maze 112
107 384 3.7916666667 1.9305208340 105 0.392911619563325
77 60 72 35 13 43 69 14 86 3 37 87 37 90 92 77
57 52 32 33 400 63 64 84 83 33 400 400 87 82 72
402 402 402 401 400 401 401 401 401 401 400 400 401 402 402
0 0 1 0 0 0 0 0 0 0
0 0 1 1 0 0 0 0 0 0
0 0 1 1 0 0 0 0 0 0
0 1 1 1 1 1 1 0 0 0
0 1 1 1 0 0 1 0 0 0
0 1 1 1 1 1 1 1 1 1
0 1 1 1 1 1 1 1 1 0
0 1 1 1 1 1 2 0 0 0
0 1 1 1 1 1 1 1 1 1
0 1 0 0 0 0 0 0 0 0
Maze 113
101 61 3.3191489362 1.8349750762 77 0.385818636281563
68 15 97 5 49 46 36 40 88 32 72 57 68 12 60 68
65 95 95 45 400 400 400 38 82 400 52 67 62 52 58
401 401 401 401 400 400 400 402 401 400 402 401 401 401 402
0 0 0 0 1 0 0 0 0 0
0 1 0 0 1 0 0 0 0 0
0 1 0 0 1 0 0 0 0 0
0 1 0 0 1 1 1 1 1 1
0 1 0 0 1 1 1 1 1 0
0 1 1 1 1 1 1 1 1 1
0 1 1 1 1 1 1 2 0 0
0 1 0 0 1 0 0 1 0 0
0 1 1 1 1 1 1 1 0 0
0 0 0 0 1 1 1 0 0 0
Maze 114
97 54 3.8039215686 2.1746181624 77 0.391946993251300
4 74 70 21 11 1 23 59 96 25 99 56 93 86 13 4
400 64 61 400 400 21 53 56 95 95 96 53 83 83 3
400 402 401 400 400 401 401 402 401 401 401 402 402 401 402
1 0 1 2 0 0 0 0 0 0
1 0 1 1 0 0 0 0 0 0
1 1 1 1 1 0 0 0 0 0
1 0 1 1 1 0 0 0 0 0
1 0 1 1 1 0 0 0 0 0
1 0 1 1 1 1 1 1 1 0
1 1 1 1 1 1 1 1 1 1
0 0 1 1 1 1 0 0 0 0
0 0 1 1 1 1 0 0 0 0
0 0 1 0 1 1 1 1 1 0
Maze 115
123 3185 3.1940298507 2.2006206514 113 0.375583282599719
100 21 61 48 94 98 7 36 77 63 9 75 87 40 81 100
91 400 41 44 400 97 6 76 73 3 5 85 37 31 91
401 400 402 402 400 401 402 401 401 402 402 401 402 402 401
0 0 1 1 1 1 1 1 1 0
0 0 1 0 1 1 1 0 0 0
1 0 1 0 1 1 1 0 0 0
1 1 1 1 1 1 1 1 1 1
1 1 1 1 1 1 1 1 0 0
1 0 1 1 1 1 1 0 0 0
1 0 1 1 1 1 1 0 0 0
1 0 1 1 1 1 1 0 0 0
1 0 0 1 1 1 1 0 0 0
1 1 1 1 1 1 1 1 1 2
Maze 116
109 137 3.0937500000 2.1529397116 87 0.377191180019651
87 82 64 34 23 98 68 15 30 91 79 54 10 34 80 87
400 62 400 33 93 400 65 25 21 71 74 4 4 74 77
400 402 400 401 401 400 401 401 402 402 401 402 402 401 402
0 0 0 1 1 1 1 1 1 1
0 0 0 1 1 0 0 0 0 0
1 1 1 1 1 1 1 1 1 1
1 0 1 1 1 0 0 0 0 0
1 0 1 1 1 0 0 0 0 0
1 0 1 1 1 0 0 0 0 0
1 1 1 1 1 1 1 1 0 0
1 1 1 1 1 1 1 1 1 1
1 1 1 1 1 1 2 1 0 0
1 0 1 1 1 1 1 1 0 0
Maze 117
113 1058 3.0312500000 2.1380182894 94 0.363722365029075
65 38 6 83 98 9 81 35 8 42 56 21 78 79 98 65
35 36 3 93 8 1 31 5 2 52 51 71 400 78 95
402 401 402 401 402 402 402 402 402 401 401 401 400 402 401
1 1 1 1 1 1 1 1 1 0
1 1 1 0 1 1 0 1 0 0
1 1 1 0 1 1 0 1 0 0
1 1 1 1 1 1 1 1 0 0
1 1 1 0 1 0 0 1 0 0
1 1 1 1 1 1 0 1 0 0
1 0 1 0 2 0 0 1 0 0
1 1 1 1 1 1 1 1 1 0
1 0 1 0 1 0 0 1 0 0
0 0 1 1 1 1 1 1 0 0
Maze 118
89 66 2.9803921569 2.1631779888 50 0.381179734567441
65 89 61 6 19 48 85 96 34 35 41 86 64 28 19 65
85 81 1 16 18 45 95 94 400 31 81 84 24 18 15
401 401 402 401 402 402 401 401 400 402 401 401 402 402 402
1 1 1 1 1 1 0 0 0 0
1 0 0 0 1 1 1 1 1 0
1 0 0 1 1 1 1 1 0 0
1 1 1 1 1 0 0 1 0 0
1 0 0 1 1 1 1 1 0 0
1 0 0 1 1 0 0 0 0 0
1 0 0 1 2 0 0 0 0 0
1 0 0 1 1 0 0 0 0 0
1 1 1 1 1 1 1 1 1 0
0 0 0 1 1 1 0 0 0 0
Maze 119
93 89 2.8196721311 2.2513652677 45 0.373385254240609
68 22 42 82 54 26 79 94 98 85 46 19 42 89 30 68
62 400 400 52 24 76 74 400 95 45 16 12 82 29 28
401 400 400 402 402 401 402 400 401 402 402 402 401 402 402
0 0 0 0 0 0 0 0 0 0
0 1 1 1 1 1 1 1 1 0
0 1 0 1 1 1 0 1 1 1
0 1 0 1 0 1 0 1 1 0
0 1 0 1 1 1 0 1 1 0
0 1 1 1 1 1 0 1 1 0
0 1 1 1 1 1 1 2 1 0
0 1 0 1 1 1 1 1 1 0
0 1 1 1 1 1 1 1 1 0
0 0 0 1 1 1 1 1 0 0
Maze 120
95 169 2.5714285714 2.2299989452 77 0.400312828948693
100 92 71 16 30 29 88 55 74 61 58 21 6 67 18 100
400 91 11 26 400 28 85 54 71 51 51 1 66 17 98
400 401 402 401 400 402 401 402 401 402 401 402 401 402 401
1 1 1 1 1 1 0 0 0 0
1 1 1 1 1 1 1 1 0 0
1 0 0 0 0 1 1 1 1 1
1 0 0 0 0 1 1 1 0 0
1 0 0 0 0 1 1 1 0 0
1 1 1 1 1 1 1 1 0 0
1 0 0 1 1 1 1 1 0 0
1 1 1 1 1 0 0 1 0 0
1 0 0 0 1 1 1 1 0 0
1 1 1 1 1 1 1 1 1 2
Maze 121
83 61 3.3953488372 2.0576317263 25 0.373846541407215
99 23 64 78 76 40 84 85 95 49 76 47 36 86 92 99
93 63 74 400 36 34 400 400 45 46 46 46 400 82 400
401 401 401 400 402 402 400 400 402 402 402 401 400 402 400
0 0 0 0 0 0 0 0 0 0
0 0 0 0 0 0 0 0 0 0
0 0 1 0 0 0 0 0 0 0
0 0 1 1 1 1 1 1 1 1
0 0 1 1 1 1 1 1 1 0
0 0 1 1 1 1 0 0 0 0
0 0 1 1 1 1 0 0 0 0
0 0 1 1 1 1 1 1 0 0
0 1 1 1 1 1 0 0 0 0
0 1 1 1 1 1 1 1 2 0
Maze 122
77 32 2.7058823529 2.1878587335 25 0.375192638041543
73 95 94 72 76 95 44 62 8 7 47 61 5 79 77 73
93 400 92 400 75 94 42 2 400 400 41 1 75 400 400
401 400 401 400 402 401 402 402 400 400 402 402 401 400 400
1 1 1 1 1 1 1 1 0 0
1 1 0 0 1 0 1 0 0 0
1 1 0 0 1 0 1 0 0 0
1 1 0 0 1 0 1 0 0 0
1 1 1 1 1 1 1 0 0 0
1 1 0 1 1 0 0 0 0 0
1 1 0 1 1 0 0 0 0 0
0 1 2 1 1 1 1 1 1 0
0 1 1 1 1 0 0 0 0 0
0 1 1 1 1 0 0 0 0 0
Maze 123
115 48 3.2903225806 2.1053300445 139 0.394937484803109
19 8 69 80 13 4 80 1 86 51 41 30 95 97 25 19
18 68 79 73 3 74 71 81 81 400 21 25 400 95 15
401 401 401 401 402 401 401 401 401 400 402 402 400 401 402
1 0 1 1 0 0 0 1 0 0
1 0 1 1 1 1 1 1 2 0
1 1 1 1 1 1 1 1 1 1
1 0 1 1 1 0 0 1 0 0
1 0 1 1 1 0 0 1 0 0
1 0 1 1 1 0 0 1 0 0
1 0 1 1 1 0 0 1 1 0
1 1 1 1 1 1 1 1 1 1
1 1 1 1 1 1 0 0 0 0
0 0 0 0 1 1 1 0 0 0
Maze 124
85 26 2.9090909091 2.2697194264 40 0.408132955184273
31 8 89 70 72 92 73 41 50 53 15 46 25 7 44 31
1 88 69 62 400 72 71 400 43 13 45 45 5 4 41
402 401 402 402 400 402 401 400 402 402 401 401 402 402 401
1 1 1 1 1 1 1 1 0 0
1 0 1 1 1 0 0 1 0 0
1 0 1 1 1 0 0 1 0 0
2 0 1 1 1 0 0 1 0 0
1 1 1 1 1 1 1 1 1 1
1 0 1 0 0 0 0 1 0 0
1 1 1 1 1 1 1 1 1 1
1 1 1 0 0 0 0 1 1 0
0 1 0 0 0 0 0 1 1 0
0 1 0 0 0 0 0 0 0 0
Maze 125
95 57 3.2280701754 2.2983870875 65 0.355748128431130
81 70 76 10 10 75 65 26 41 44 84 61 100 94 56 81
61 66 6 400 5 400 25 21 400 400 81 91 400 54 51
402 402 402 400 402 400 402 402 400 400 401 401 400 402 402
0 0 0 0 1 1 1 1 1 1
0 0 0 0 1 1 0 0 0 0
1 1 1 1 1 1 0 0 0 0
1 0 0 0 1 1 0 0 0 0
1 1 1 1 1 1 0 0 0 0
1 1 1 1 1 1 0 0 0 0
1 1 1 1 1 1 1 1 1 1
1 0 0 1 1 1 0 0 0 0
2 1 1 1 0 0 0 0 0 0
1 1 1 1 1 1 1 1 1 1
Maze 126
95 404 3.0370370370 2.0649466257 50 0.379317515504753
28 4 100 76 85 62 23 6 37 13 97 88 83 12 66 28
24 94 96 75 82 22 3 36 33 93 87 400 82 62 26
401 401 401 402 401 402 402 401 401 401 402 400 401 401 402
0 0 1 1 1 1 0 0 0 0
0 1 1 1 0 1 0 0 0 0
0 1 1 1 1 1 1 2 0 0
0 1 1 1 1 1 1 0 0 0
0 1 1 1 0 1 0 0 0 0
0 1 1 1 0 1 0 0 0 0
0 1 1 1 1 1 0 0 0 0
0 1 1 1 1 1 0 0 0 0
0 1 1 1 1 1 1 1 0 0
0 0 1 1 1 1 1 1 1 1
Maze 127
103 199 3.4800000000 2.0675947945 66 0.394034333480042
67 78 92 64 46 94 34 91 67 60 5 77 32 29 74 67
77 72 62 44 44 400 31 61 57 55 75 72 22 24 64
401 402 402 402 402 400 402 402 402 401 401 401 402 402 402
0 0 0 0 1 0 0 0 0 0
0 0 0 0 1 0 0 0 0 0
0 1 1 1 1 1 1 1 1 0
1 1 1 1 1 0 0 0 0 0
1 1 0 1 1 1 0 0 0 0
1 1 0 1 1 1 1 1 1 1
1 1 1 1 1 1 2 0 0 0
1 1 1 1 1 1 1 1 0 0
1 1 0 1 0 0 0 0 0 0
1 1 0 1 0 0 0 0 0 0
Maze 128
105 2344 3.4909090909 2.1147106123 105 0.390888826666594
51 12 66 6 27 53 78 6 53 5 88 57 49 22 18 51
11 62 400 26 23 73 76 3 3 85 87 47 42 12 11
402 401 400 401 402 401 401 402 402 401 401 402 401 402 402
0 0 1 1 1 1 0 0 0 0
1 1 1 1 1 1 1 1 0 0
1 1 1 1 1 1 1 0 0 0
1 1 1 0 1 1 0 0 0 0
1 1 1 1 1 1 1 1 1 0
2 1 1 0 1 1 1 0 0 0
0 1 1 1 1 1 1 0 0 0
0 0 1 1 1 1 1 1 0 0
0 0 0 0 1 1 1 1 0 0
0 0 0 0 0 0 0 0 0 0
Maze 129
95 22 2.7777777778 2.0341609652 35 0.385902535822217
81 8 30 79 25 85 51 3 72 27 38 32 2 84 84 81
1 28 29 75 400 81 1 2 22 37 400 400 82 400 400
402 401 402 401 400 401 402 402 402 401 400 400 401 400 400
1 1 1 1 1 1 1 1 0 0
1 1 0 0 0 0 0 1 0 0
1 1 1 1 1 1 1 1 1 1
1 1 1 1 1 1 1 1 1 0
1 1 0 0 1 0 0 0 1 0
1 1 0 0 1 0 0 0 1 0
1 1 0 0 1 0 0 0 1 0
1 1 0 0 1 1 1 1 1 0
2 1 1 1 1 0 0 0 0 0
0 0 0 0 0 0 0 0 0 0
Maze 130
97 24 3.3684210526 2.3140275492 51 0.395252370963271
36 45 19 21 6 81 99 98 94 81 60 16 66 92 32 36
35 15 11 1 1 91 400 400 91 51 56 400 62 400 400
402 402 402 402 402 401 400 400 401 402 401 400 402 400 400
1 1 1 1 1 1 0 0 0 0
1 1 1 1 1 1 1 1 1 0
1 0 0 0 1 1 0 0 0 0
1 1 1 1 1 2 0 0 0 0
1 1 0 0 1 1 0 0 0 0
1 1 1 1 1 1 1 1 1 1
1 1 1 1 1 1 0 0 0 0
1 1 0 0 0 0 0 0 0 0
1 1 0 0 0 0 0 0 0 0
1 1 1 1 1 1 1 1 1 0
Maze 131
115 32 3.3962264151 1.8998514678 111 0.392844371015891
65 9 97 23 86 4 31 3 23 58 5 60 74 65 3 65
5 7 93 83 84 1 1 400 53 55 55 54 64 63 63
402 402 401 401 401 402 402 400 401 401 401 402 402 401 401
1 1 1 1 1 1 1 1 1 0
1 0 1 1 1 0 1 0 0 0
1 0 1 1 1 0 1 0 0 0
1 0 1 1 1 0 1 0 0 0
0 0 1 1 1 0 1 0 0 0
0 0 1 1 1 1 1 1 1 1
0 0 1 1 2 0 1 0 0 0
0 0 1 1 0 0 1 0 0 0
0 0 1 1 1 1 1 0 0 0
0 0 1 1 1 1 1 0 0 0
Maze 132
99 13 3.0566037736 2.0263695460 49 0.399103320148912
5 89 98 31 70 91 82 39 5 67 66 62 41 16 4 5
85 88 91 61 61 81 32 35 65 400 400 61 11 14 400
401 402 401 401 402 402 402 401 401 400 400 401 402 401 400
0 0 0 1 2 0 0 0 0 0
1 1 1 1 1 1 0 0 0 0
1 0 0 0 1 0 0 0 0 0
1 1 1 1 1 1 1 1 1 0
1 1 0 0 1 0 0 0 0 0
1 1 0 0 1 0 0 0 0 0
1 1 1 1 1 1 1 1 1 1
1 1 0 0 1 0 0 0 0 0
1 1 0 0 1 1 1 1 1 0
1 1 1 1 1 1 1 1 0 0
Maze 133
109 124 3.5294117647 1.9774943415 98 0.386021202484089
62 39 14 85 64 9 97 3 93 47 25 93 66 85 66 62
32 34 84 84 4 7 93 400 43 45 23 63 65 65 400
402 401 401 401 402 402 401 400 402 401 402 402 402 402 400
0 0 1 1 1 1 1 1 1 0
0 0 1 1 0 0 1 0 0 0
0 0 1 1 1 0 1 0 0 0
0 1 1 1 1 1 1 1 1 0
0 1 1 1 1 1 1 0 0 0
0 1 1 1 0 0 1 0 0 0
0 2 1 1 1 1 1 0 0 0
0 0 1 1 1 0 1 0 0 0
0 0 1 1 1 0 1 0 0 0
0 0 1 1 1 1 1 0 0 0
Maze 134
109 83 3.3770491803 2.2277880680 75 0.375042905791726
95 87 14 59 64 10 91 54 80 17 46 37 48 88 39 95
85 84 54 54 4 1 51 74 77 16 36 47 400 38 35
402 401 401 402 402 402 402 401 401 402 402 401 400 402 402
1 1 1 1 1 1 1 1 1 1
1 0 0 1 0 1 1 0 0 0
1 0 0 1 0 1 1 0 0 0
1 0 0 1 1 1 1 1 1 0
1 0 0 1 1 1 1 1 0 0
1 1 1 1 1 1 1 1 1 0
1 0 0 1 1 0 1 1 0 0
1 0 0 1 1 1 1 1 1 1
1 0 0 1 1 1 1 1 0 0
1 0 0 0 2 0 0 0 0 0
Maze 135
109 10 3.2592592593 2.0359730652 90 0.380161266798232
83 1 51 8 43 40 69 29 19 27 82 25 94 86 1 83
81 400 1 3 33 39 400 400 17 22 22 24 84 81 81
401 400 402 402 402 402 400 400 402 402 402 402 402 401 401
1 1 1 1 1 1 1 1 0 0
1 0 1 0 0 0 1 1 1 0
1 1 1 1 1 1 1 0 1 0
1 1 1 1 1 1 1 1 1 1
1 1 1 1 0 0 0 0 1 0
1 1 0 1 0 0 0 0 1 0
1 1 0 1 0 0 0 0 1 0
1 1 0 1 0 0 0 0 0 0
1 1 2 1 1 1 0 0 0 0
0 0 0 1 0 0 0 0 0 0
Maze 136
93 26 2.8253968254 2.2689205864 45 0.362168122760509
93 62 85 34 25 83 27 16 67 100 19 31 87 59 99 93
92 82 84 24 23 23 26 66 97 99 11 81 57 400 400
401 401 401 402 402 402 401 401 401 401 402 401 402 400 400
0 0 0 0 0 0 0 0 0 0
1 1 1 1 1 1 1 1 1 0
1 0 1 1 1 1 1 0 1 0
1 0 1 1 0 1 0 0 1 0
1 0 1 1 0 1 0 0 1 0
1 0 1 1 0 1 1 1 1 0
1 1 1 1 0 1 1 0 1 0
1 1 1 1 0 0 1 0 1 0
1 1 1 1 1 1 1 0 1 0
0 1 2 1 1 1 1 1 1 1
Maze 137
97 380 3.4074074074 2.1938841125 66 0.380907108953868
69 23 79 90 53 58 95 86 29 75 7 11 8 37 67 69
63 73 89 83 400 55 85 26 25 5 1 1 7 400 400
401 401 401 401 400 402 402 402 402 402 402 402 402 400 400
1 1 1 1 1 1 1 1 0 0
1 0 0 0 1 0 1 0 0 0
0 0 1 0 1 1 1 1 1 0
0 0 1 0 1 1 1 0 0 0
0 0 1 0 1 1 1 0 0 0
0 0 1 1 1 1 1 1 0 0
0 0 1 1 1 1 1 1 2 0
0 0 1 1 1 1 1 1 1 0
0 0 1 1 1 1 1 1 1 1
0 0 0 0 1 0 0 0 0 0
Maze 138
105 89 3.3777777778 1.8298798958 112 0.394927794872148
86 83 60 97 6 60 94 57 90 45 84 38 9 58 44 86
400 53 57 96 56 54 54 87 85 44 34 8 8 54 84
400 402 402 401 401 402 402 401 401 402 402 402 402 401 401
0 0 0 0 0 1 0 1 1 0
0 0 0 0 0 1 0 1 0 0
0 0 0 0 0 1 0 1 0 0
0 0 0 1 1 1 1 1 0 0
0 0 0 1 1 1 0 1 0 0
0 0 1 1 1 1 1 1 1 1
0 0 1 1 1 1 1 0 0 0
0 0 1 1 1 1 1 0 0 0
0 0 1 1 1 2 1 1 1 1
0 0 0 1 0 1 1 0 0 0
Maze 139
97 188 3.2363636364 2.2779762722 70 0.384629912129986
55 44 62 89 31 26 81 62 94 34 23 38 52 69 7 55
54 42 82 81 21 21 61 92 400 33 33 32 62 67 5
401 402 401 401 402 402 402 401 400 401 401 402 401 401 402
0 0 0 0 1 1 1 0 0 0
0 0 0 0 1 0 1 0 0 0
1 1 1 1 1 1 1 0 0 0
1 1 1 1 1 1 1 1 0 0
1 1 1 1 1 0 1 0 0 0
1 1 0 1 2 0 1 0 0 0
1 1 1 1 1 1 1 1 1 0
1 1 0 1 0 0 0 0 0 0
1 1 1 1 1 1 1 1 1 0
0 1 1 1 0 0 0 0 0 0
Maze 140
113 66 3.2222222222 1.8732851390 90 0.379618730630617
39 53 88 80 47 80 51 28 52 67 57 3 86 3 64 39
33 83 78 77 77 71 21 22 62 400 53 83 83 63 34
402 401 402 401 401 401 402 402 401 400 401 401 401 401 402
0 0 1 0 0 0 0 0 0 0
0 0 1 0 0 0 0 0 0 0
1 1 1 1 1 1 1 1 0 0
1 1 1 1 1 1 1 1 2 0
1 1 1 1 0 0 1 0 0 0
1 1 1 1 1 1 1 0 0 0
1 1 1 1 1 1 1 0 0 0
1 1 1 1 1 1 1 1 1 1
0 0 1 1 1 1 1 1 0 0
0 0 0 0 0 0 0 0 0 0
Maze 141
109 1902 2.9855072464 2.3070767318 86 0.391389260747245
52 6 90 22 99 29 74 65 36 15 97 98 10 38 47 52
2 86 82 92 400 24 64 35 35 95 400 8 8 37 42
402 401 401 401 400 402 402 402 401 401 400 402 402 402 402
0 1 1 1 1 1 0 1 1 1
0 1 0 0 1 1 0 1 0 0
0 1 0 1 1 1 1 1 1 0
0 1 0 1 1 1 1 1 1 0
0 1 1 1 1 1 1 1 1 0
0 2 0 1 1 1 0 1 1 0
0 1 0 1 1 1 0 1 1 0
0 1 0 1 1 1 0 1 1 0
0 1 1 1 1 1 1 1 1 1
0 1 1 1 1 1 1 1 1 0
Maze 142
87 608 2.8928571429 2.1842552171 44 0.390811566918393
18 29 74 67 47 61 54 94 76 32 12 91 98 15 32 18
28 24 64 400 41 51 400 74 72 400 11 400 95 12 12
401 402 402 400 402 402 400 402 401 400 402 400 401 402 402
0 0 0 0 0 0 0 0 0 0
1 1 1 1 1 1 1 2 0 0
1 1 0 1 1 1 1 1 1 0
1 1 0 1 1 0 0 0 0 0
1 1 1 1 1 1 1 0 0 0
1 1 1 1 1 0 1 0 0 0
1 1 0 1 1 1 1 0 0 0
1 1 1 1 1 1 0 0 0 0
1 0 0 1 1 0 0 0 0 0
1 1 1 1 1 1 1 1 0 0
Maze 143
93 138 3.0526315789 2.2225016104 50 0.371656756481081
93 95 38 77 40 96 77 86 3 15 50 20 65 73 2 93
400 35 37 37 36 76 76 83 13 45 400 15 63 72 92
400 402 402 402 402 402 402 401 401 401 400 402 402 401 401
0 1 1 0 0 0 0 0 0 0
0 1 1 1 1 1 1 1 1 1
0 1 1 0 1 0 0 0 0 1
0 1 1 0 1 1 1 1 1 1
0 1 1 0 1 1 1 1 1 1
0 1 1 0 1 1 1 0 0 0
0 1 1 1 1 1 1 0 0 0
0 1 1 0 1 1 1 0 0 0
0 1 1 1 1 1 0 0 0 0
0 1 2 1 1 1 0 0 0 0
Maze 144
103 426 3.7551020408 2.0713505547 84 0.386140563130058
85 62 15 25 93 40 94 26 82 68 34 5 22 35 87 85
82 12 400 23 33 34 24 22 62 64 4 2 32 85 400
401 402 400 402 402 402 402 402 402 401 402 402 401 401 400
0 1 1 1 1 0 0 0 0 0
0 1 1 1 1 0 0 0 0 0
0 1 1 1 1 1 0 0 0 0
0 1 1 1 1 1 1 1 1 1
0 1 1 1 1 0 0 0 0 0
0 1 1 1 1 0 0 0 0 0
0 1 1 1 1 1 1 1 0 0
0 1 1 1 1 0 0 0 0 0
0 1 1 1 2 1 1 0 0 0
0 0 1 1 0 0 0 0 0 0
Maze 145
127 203 3.3529411765 2.1292348886 182 0.385665702940801
72 27 87 80 5 19 13 11 20 99 61 99 3 96 48 72
22 400 77 75 15 400 400 400 19 91 91 93 93 46 42
402 400 402 401 401 400 400 400 402 401 401 401 401 402 402
0 0 1 0 1 0 0 0 0 0
1 1 1 1 1 1 1 1 1 1
0 1 1 1 1 1 1 0 1 0
0 1 1 0 1 0 1 0 1 0
0 1 1 1 1 1 1 1 1 0
0 1 1 0 1 1 1 0 1 0
1 1 1 0 1 1 1 0 1 0
1 2 1 0 1 1 1 1 1 1
1 0 1 0 0 1 1 0 1 0
1 1 1 1 1 1 1 1 1 0
Maze 146
123 960 3.3666666667 1.9477366433 108 0.402871170876345
35 7 10 35 91 8 58 62 29 76 7 40 82 30 60 35
5 400 5 31 1 400 52 22 26 6 37 32 22 400 55
402 400 402 402 402 400 402 402 402 402 401 402 402 400 401
1 1 1 1 1 1 1 1 1 1
1 0 0 0 1 1 1 1 0 0
1 1 1 1 1 1 1 1 1 1
1 1 1 1 2 1 1 1 1 1
1 1 0 0 1 1 0 1 0 1
1 1 1 1 1 1 1 1 1 1
1 1 0 0 0 1 0 0 0 0
1 1 0 0 0 1 0 0 0 0
1 1 0 0 0 0 0 0 0 0
1 0 0 0 0 0 0 0 0 0
Maze 147
85 9 3.3191489362 2.0325848106 40 0.390237635948327
41 42 58 48 78 83 57 43 70 56 41 19 20 12 38 41
400 52 400 400 73 53 53 63 66 51 11 400 400 32 31
400 401 400 400 402 402 401 401 401 401 402 400 400 401 402
0 0 0 0 0 0 0 0 0 0
1 1 1 1 1 1 1 1 1 1
1 1 0 0 0 0 0 0 0 0
1 1 1 1 1 1 1 1 0 0
2 1 1 0 0 0 0 1 0 0
1 1 1 1 1 1 1 1 0 0
0 0 1 1 1 1 1 1 1 1
0 0 1 1 1 1 1 1 0 0
0 0 1 0 0 0 0 0 0 0
0 0 0 0 0 0 0 0 0 0
Maze 148
117 18 3.6363636364 1.7225545638 73 0.378033816862333
95 3 3 98 42 43 29 72 18 93 44 93 61 34 13 95
93 400 93 92 400 23 22 12 13 43 43 91 31 33 93
401 400 401 401 400 402 402 402 402 402 402 401 402 401 401
0 0 1 0 0 0 0 0 0 0
0 1 1 1 1 1 1 1 0 0
0 1 1 1 1 1 1 1 1 0
1 1 1 1 0 0 0 0 0 0
1 1 1 1 0 0 0 0 0 0
1 1 1 0 0 0 0 0 0 0
1 1 1 0 0 0 0 0 0 0
1 1 1 0 0 0 0 0 0 0
1 1 1 0 0 0 0 0 0 0
1 1 1 1 2 1 1 1 0 0
Maze 149
95 158 3.2363636364 2.2804131582 65 0.393878068111526
1 31 42 83 33 21 76 48 5 29 95 62 5 38 77 1
400 41 82 400 31 71 46 45 25 25 92 2 35 37 71
400 401 401 400 401 401 402 401 401 402 401 402 401 402 401
2 1 1 1 1 0 0 0 0 0
1 1 0 0 1 0 0 0 0 0
1 1 0 0 1 1 1 1 1 0
1 1 1 0 1 1 1 1 0 0
1 1 1 0 1 1 1 1 0 0
1 1 1 0 1 1 1 0 0 0
1 1 1 0 1 1 1 0 0 0
1 1 1 1 1 1 1 0 0 0
0 1 1 0 1 0 0 0 0 0
0 1 1 1 1 0 0 0 0 0
Maze 150
87 337 2.8000000000 2.3512804226 35 0.379261869809857
56 24 73 98 47 97 36 62 86 81 8 25 77 58 47 56
54 23 93 97 400 96 32 82 400 1 5 75 57 57 46
401 402 401 401 400 401 402 401 400 402 402 401 402 401 402
1 1 1 1 1 1 1 1 0 0
1 0 0 0 1 0 0 0 0 0
1 0 1 1 1 0 0 0 0 0
1 1 1 1 1 1 0 0 0 0
1 1 1 1 1 1 1 0 0 0
1 1 1 1 1 2 1 1 0 0
1 1 1 0 1 1 1 0 0 0
1 1 1 0 1 1 1 0 0 0
1 1 1 1 1 1 1 0 0 0
0 0 1 1 1 1 1 1 0 0
Maze 151
73 54 3.4444444444 1.8955276587 13 0.383008774702915
1 13 55 31 45 49 64 72 6 12 16 43 43 55 46 1
11 53 51 41 400 44 62 2 2 400 13 400 53 45 41
401 401 401 401 400 402 402 402 402 400 402 400 401 402 401
2 1 1 1 1 1 0 0 0 0
1 1 1 1 1 1 0 0 0 0
1 1 1 0 0 0 0 0 0 0
1 1 1 0 0 0 0 0 0 0
1 1 1 1 1 1 1 1 1 0
1 1 1 1 1 0 0 0 0 0
0 1 1 1 0 0 0 0 0 0
0 1 0 0 0 0 0 0 0 0
0 0 0 0 0 0 0 0 0 0
0 0 0 0 0 0 0 0 0 0
Maze 152
91 101 3.7619047619 2.0565098260 50 0.386733397770691
76 67 96 65 52 42 68 27 94 99 62 96 6 76 32 76
66 66 95 62 400 62 67 24 400 92 92 400 400 72 72
402 402 401 401 400 401 401 402 400 401 401 400 400 401 401
0 0 0 0 0 1 0 0 0 0
0 0 0 0 0 1 0 0 0 0
0 0 0 1 1 1 1 0 0 0
0 1 0 1 0 1 1 0 0 0
0 1 0 1 0 1 1 0 0 0
0 1 0 1 0 1 1 0 0 0
0 1 1 1 1 1 1 1 0 0
0 1 1 1 1 2 0 0 0 0
0 1 0 1 1 1 0 0 0 0
0 1 1 1 1 1 1 1 1 0
Maze 153
107 83 3.6000000000 2.2308259625 98 0.376543576085579
87 21 19 5 24 11 4 55 65 26 40 93 10 18 1 87
81 11 15 4 21 1 54 400 25 36 33 3 8 11 81
401 402 401 402 401 402 401 400 402 401 402 402 402 401 401
1 1 1 1 1 1 1 1 1 1
1 1 1 1 1 1 1 1 1 0
1 1 1 1 1 1 0 0 0 0
1 0 1 1 1 1 1 1 1 1
1 0 1 1 1 0 0 0 0 0
1 0 1 1 1 0 0 0 0 0
1 0 1 0 1 0 0 0 0 0
1 0 1 0 0 0 0 0 0 0
1 1 1 1 1 1 2 0 0 0
0 0 1 0 0 0 0 0 0 0
Maze 154
117 356 3.2380952381 2.1837792618 156 0.378919250413013
63 41 75 26 98 15 87 18 11 89 90 41 29 100 76 63
61 71 25 96 95 85 17 400 81 400 81 21 99 96 73
401 401 402 401 401 401 402 400 401 400 401 402 401 401 401
0 0 0 0 0 0 0 0 0 0
1 1 1 1 1 1 1 1 0 0
1 1 1 1 1 1 1 1 1 0
1 0 0 0 1 1 1 0 1 0
1 0 0 0 1 1 1 0 1 0
1 0 0 0 1 1 1 0 1 0
1 1 2 0 1 1 1 0 1 0
1 1 1 1 1 1 1 0 1 0
1 1 1 1 1 1 1 1 1 1
0 0 0 0 1 1 1 1 1 1
Maze 155
99 72 3.3333333333 2.1009189107 55 0.372952597028089
90 1 24 48 65 39 44 49 55 5 33 21 66 75 14 90
81 21 44 45 35 34 400 45 400 3 31 61 65 74 84
401 401 401 402 402 402 400 402 400 402 401 401 402 401 401
1 0 1 1 1 0 0 0 0 0
1 0 1 1 1 0 0 0 0 0
1 1 1 1 1 0 0 0 0 0
1 1 1 1 1 1 1 1 1 0
1 0 0 1 1 1 1 1 1 0
1 0 0 1 1 0 0 0 0 0
1 1 1 1 1 1 0 0 0 0
1 0 0 1 1 0 0 0 0 0
1 1 1 1 1 1 1 1 1 2
0 0 0 0 0 0 0 0 0 0
Maze 156
87 39 2.7659574468 2.0119403039 36 0.364829186789862
72 84 97 36 24 51 63 8 12 7 72 64 6 24 26 72
82 94 96 34 21 61 3 2 2 2 62 4 4 400 22
401 401 401 401 402 401 402 402 402 402 402 402 402 400 402
0 1 1 1 1 1 1 1 0 0
0 1 1 1 0 0 0 0 0 0
1 1 1 1 1 1 0 0 0 0
1 1 1 1 1 1 0 0 0 0
1 1 1 1 0 1 0 0 0 0
1 1 1 1 0 1 0 0 0 0
1 1 1 1 0 1 0 0 0 0
0 2 0 0 0 1 0 0 0 0
0 1 1 1 0 1 0 0 0 0
0 0 0 1 1 1 1 0 0 0
Maze 157
85 16 3.8857142857 1.8941273743 56 0.387032176545677
36 43 55 6 67 60 94 39 66 18 7 55 60 76 58 36
33 53 5 66 57 54 34 36 16 17 5 400 56 56 56
402 401 402 401 402 402 402 402 402 401 402 400 402 402 401
0 0 0 0 1 1 1 0 0 0
0 0 0 0 1 1 1 1 0 0
0 0 0 0 1 1 0 0 0 0
0 0 1 1 1 2 1 1 1 0
0 0 1 1 1 1 0 0 0 0
0 0 1 1 1 1 1 1 1 1
0 0 0 1 0 1 1 0 0 0
0 0 0 1 0 1 0 0 0 0
0 0 0 1 0 0 0 0 0 0
0 0 0 1 0 0 0 0 0 0
Maze 158
103 1536 3.5357142857 2.2308259625 77 0.383365313703212
90 23 30 15 3 5 62 41 55 4 49 41 84 52 6 90
83 400 25 13 400 2 61 51 54 44 400 81 82 2 86
401 400 401 401 400 402 401 401 401 401 400 401 401 402 401
0 1 1 1 1 1 0 0 0 0
0 1 1 1 1 1 0 0 0 0
0 1 1 1 1 1 1 1 1 1
0 1 1 1 0 1 0 0 0 0
1 1 1 1 1 1 1 1 1 0
1 1 1 1 1 1 0 0 0 0
1 1 1 0 0 1 0 0 0 0
1 1 1 0 0 1 0 0 0 0
1 1 1 1 1 1 1 1 1 2
0 0 0 0 0 0 0 0 0 0
Maze 159
111 1627 3.2203389831 2.1396951613 80 0.384654592846438
14 87 89 62 14 37 63 7 66 43 90 59 1 73 81 14
84 400 82 12 34 33 3 6 63 83 89 51 71 71 11
401 400 401 402 401 402 402 402 401 401 401 401 401 402 402
1 0 1 1 1 1 1 0 0 0
1 1 1 2 0 1 0 0 0 0
1 1 1 1 0 1 0 0 0 0
1 1 1 1 1 1 1 0 0 0
1 1 1 1 0 1 0 0 0 0
1 1 1 1 1 1 1 1 1 0
1 1 1 1 1 1 0 0 1 0
1 1 1 1 0 0 0 0 1 0
1 1 1 1 1 1 1 1 1 1
0 0 0 0 0 0 0 0 0 0
Maze 160
123 157 3.0857142857 2.1736947844 133 0.384288428825962
88 6 61 52 99 25 60 92 8 93 99 68 8 47 28 88
86 1 51 92 95 55 52 2 3 400 98 400 7 27 400
401 402 402 401 401 401 402 402 402 400 401 400 402 402 400
1 1 1 1 1 1 1 1 0 0
1 1 1 0 0 1 1 1 0 0
1 1 1 0 1 1 1 1 0 0
1 1 1 0 1 1 1 1 0 0
1 1 1 0 1 1 1 1 0 0
1 1 1 1 1 1 1 1 1 1
1 1 1 0 1 1 0 1 0 0
0 1 1 0 1 1 0 1 0 0
0 1 1 0 1 1 1 2 0 0
0 1 1 1 1 1 1 1 1 0
Maze 161
103 76 3.2333333333 2.2306852128 64 0.391979915712044
29 70 99 23 82 34 70 4 48 48 54 32 5 88 25 29
69 69 93 22 32 64 64 44 400 44 52 2 85 85 400
401 402 401 402 402 401 401 401 400 402 401 402 401 401 400
0 1 1 1 1 0 0 0 0 0
0 1 0 1 1 0 0 0 0 0
0 1 1 1 1 1 1 1 2 0
0 1 1 1 1 0 0 0 1 0
0 1 1 1 1 1 1 1 1 0
0 1 1 1 1 0 0 0 1 0
0 1 1 1 1 1 1 1 1 1
0 1 1 0 1 0 0 0 1 0
0 1 1 0 1 1 1 1 1 0
0 0 1 1 1 1 1 1 1 0
Maze 162
93 489 3.4468085106 2.0767169931 44 0.392212330345922
3 25 49 61 87 65 78 91 26 46 14 42 13 26 85 3
23 45 41 81 85 75 71 21 400 44 12 12 23 25 83
401 401 402 401 401 401 402 402 400 401 402 402 401 402 401
0 0 2 0 0 0 0 0 0 0
0 1 1 1 0 0 0 0 0 0
1 1 1 1 1 1 0 0 0 0
1 1 1 1 1 1 0 0 0 0
1 1 1 1 1 1 1 1 1 0
1 0 1 0 1 0 0 0 0 0
1 0 1 0 1 0 0 0 0 0
1 1 1 1 1 1 1 1 0 0
1 1 1 1 1 1 1 0 0 0
1 0 0 0 0 0 0 0 0 0
Maze 163
105 164 3.2280701754 2.1203770673 120 0.370220268994990
80 51 54 97 3 99 19 55 62 95 94 33 81 77 49 80
71 400 94 93 93 400 15 52 92 400 93 31 71 47 79
401 400 401 401 401 400 402 402 401 400 401 402 402 402 401
0 0 1 0 0 0 0 0 0 0
0 0 1 0 1 1 1 1 1 0
0 0 1 0 1 0 0 0 1 0
1 1 1 0 1 0 0 0 1 0
1 0 1 0 1 0 1 1 1 0
1 1 1 1 1 0 1 0 1 0
1 1 1 1 0 0 1 0 1 0
1 1 1 1 1 1 1 1 1 2
1 1 1 1 0 0 0 0 1 0
0 1 1 1 1 1 1 1 1 0
Maze 164
103 55 3.3454545455 2.1137200236 77 0.388055646203444
88 87 7 11 27 92 89 52 62 37 35 69 51 74 31 88
400 400 1 21 22 82 82 400 32 400 65 61 71 71 81
400 400 402 401 402 402 401 400 402 400 401 401 401 401 401
1 1 1 1 1 1 1 0 0 0
1 0 0 0 0 0 1 0 0 0
1 1 1 1 1 1 1 0 0 0
1 1 1 1 1 1 1 0 0 0
1 1 0 0 1 0 1 0 0 0
1 1 0 0 1 0 1 0 0 0
1 1 1 1 1 1 1 1 1 0
1 1 1 1 0 0 1 0 0 0
1 1 1 1 1 1 1 2 1 0
0 1 0 0 0 0 0 0 0 0
Maze 165
97 102 3.2075471698 2.0087404872 58 0.393919906577681
19 56 63 25 33 36 58 62 1 38 12 90 66 43 64 19
16 53 23 23 400 56 52 61 31 32 82 86 63 63 14
402 402 402 402 400 401 402 401 401 401 401 401 401 401 402
1 0 0 0 0 0 0 0 0 0
1 1 0 1 1 1 1 1 2 0
1 1 1 1 1 1 0 0 0 0
1 1 1 1 1 1 1 1 0 0
1 1 1 1 0 1 0 0 0 0
1 1 1 1 1 1 1 1 0 0
1 1 1 1 1 1 0 0 0 0
0 1 0 0 0 1 0 0 0 0
0 1 1 1 1 1 1 1 1 1
0 0 0 0 0 0 0 0 0 0
Maze 166
103 486 3.4237288136 2.3396467412 54 0.388441641153998
19 49 81 99 2 45 95 66 25 54 28 41 38 48 87 19
400 41 91 92 42 400 65 65 24 24 21 31 400 47 17
400 402 401 401 401 400 402 401 402 402 402 402 400 402 402
0 1 0 0 0 0 0 0 0 0
0 1 0 0 0 0 1 1 2 0
1 1 1 1 1 1 1 1 1 0
1 1 1 1 1 1 1 1 1 0
1 1 1 1 1 1 1 1 1 0
1 1 0 1 1 0 1 0 0 0
1 1 0 0 1 1 1 0 0 0
1 1 0 0 1 0 1 0 0 0
1 1 0 0 1 0 1 0 0 0
1 1 1 1 1 1 1 1 1 0
Maze 167
87 30 2.9454545455 2.2016060160 41 0.379134699230339
73 89 80 55 36 78 80 33 22 65 73 81 2 30 3 73
83 79 75 35 76 400 73 32 62 63 71 1 22 23 400
401 402 401 402 401 400 401 401 401 402 402 402 401 401 400
1 1 1 0 0 0 0 0 0 0
1 1 1 0 0 0 0 0 0 0
1 1 1 1 1 1 1 1 1 1
1 1 1 0 1 1 0 0 0 0
1 1 1 0 1 1 0 0 0 0
1 1 1 0 1 1 0 0 0 0
1 1 1 1 1 1 0 0 0 0
1 1 2 1 1 1 1 1 1 1
1 0 1 1 1 1 1 1 1 0
0 0 0 0 0 0 0 0 0 0
Maze 168
101 118 3.0645161290 2.2064881934 77 0.382402472930852
99 64 55 42 70 45 10 89 55 75 97 91 15 49 64 99
94 54 52 62 65 5 9 85 400 95 400 11 45 44 94
401 402 401 401 401 402 402 401 400 401 400 402 401 402 401
0 0 0 0 1 1 1 1 1 1
1 1 1 1 1 0 0 0 1 0
1 0 0 0 1 0 0 0 1 0
1 0 0 0 1 0 0 0 1 0
1 1 0 1 1 1 1 1 1 0
1 1 1 1 1 0 0 0 1 0
1 1 1 1 1 1 1 1 1 1
1 0 0 1 1 0 0 0 1 0
1 0 0 1 1 1 1 1 1 0
1 1 1 1 1 1 1 1 2 0
Maze 169
109 135 3.2280701754 2.0231268657 87 0.396142141382476
97 4 37 6 22 7 88 47 66 97 93 24 100 3 15 97
94 34 36 2 2 87 87 46 96 400 23 94 93 13 95
401 401 401 402 402 401 401 402 401 400 402 401 401 401 401
0 1 1 1 1 1 1 0 0 0
0 1 1 1 1 1 1 0 0 0
0 1 1 1 1 1 1 0 0 0
0 0 1 1 1 1 1 0 0 0
0 0 1 1 1 1 1 0 0 0
0 0 1 1 1 1 1 0 0 0
0 0 1 1 1 1 1 0 0 0
0 0 1 1 1 1 1 0 0 0
0 0 1 1 1 1 1 1 0 0
0 0 1 1 1 1 2 1 1 1
Maze 170
117 72 3.3684210526 1.9835142096 147 0.394404842875484
13 40 82 53 4 21 81 79 26 50 81 99 78 42 50 13
33 32 52 3 1 400 71 76 46 41 91 98 72 400 43
401 402 402 402 402 400 402 401 401 402 401 401 401 400 401
1 1 1 1 0 0 0 0 0 0
1 0 2 0 0 0 0 0 0 0
1 0 1 0 0 1 0 0 0 0
1 1 1 1 1 1 1 1 1 1
1 1 1 1 1 1 1 1 1 1
1 1 1 0 0 1 0 0 0 0
1 1 0 0 0 1 0 0 0 0
1 1 1 1 1 1 1 1 1 0
1 1 0 0 0 0 0 1 0 0
1 1 1 1 1 1 1 1 1 0
Maze 171
97 60 2.6451612903 2.1173913687 58 0.394581631488599
64 57 7 29 69 86 23 11 89 93 34 8 86 88 15 64
54 400 27 400 66 83 21 81 83 33 4 6 400 85 14
402 400 401 400 402 401 401 401 402 402 402 402 400 401 402
0 0 0 1 1 1 1 1 0 0
1 0 0 1 1 1 1 0 0 0
1 1 1 1 1 1 1 1 1 0
1 0 1 1 1 1 1 0 1 0
1 0 1 1 1 1 1 0 1 0
1 0 1 1 1 1 1 0 1 0
1 0 1 2 1 1 1 1 1 0
1 0 1 0 1 1 0 0 0 0
1 1 1 1 1 1 1 1 1 0
0 0 1 0 0 0 0 0 0 0
Maze 172
101 243 3.2452830189 2.1137200236 71 0.396857577010813
47 1 51 48 54 3 7 29 33 64 17 10 75 32 10 47
41 400 41 44 53 400 27 23 63 14 7 5 72 2 7
401 400 402 402 401 400 401 402 401 402 402 402 401 402 402
1 1 1 1 1 1 1 1 1 1
1 1 1 1 1 1 1 0 0 0
1 1 1 1 1 1 1 1 1 0
1 1 1 1 1 0 1 0 0 0
1 1 1 1 1 1 2 1 0 0
1 1 1 1 1 0 0 0 0 0
0 1 1 1 1 0 0 0 0 0
0 1 1 1 1 0 0 0 0 0
0 0 0 0 0 0 0 0 0 0
0 0 0 0 0 0 0 0 0 0
Maze 173
91 100 3.5102040816 2.2327820968 35 0.376837490444024
87 99 6 53 73 92 2 66 92 96 13 36 25 7 25 87
97 96 3 400 72 400 62 62 400 93 33 35 5 5 85
401 401 402 400 402 400 401 402 400 401 401 401 402 402 401
0 1 1 1 1 1 1 0 0 0
0 1 1 0 1 1 0 0 0 0
0 1 1 0 1 1 0 0 0 0
0 1 1 1 1 1 0 0 0 0
0 1 1 0 1 1 0 0 0 0
0 1 1 0 1 1 0 0 0 0
0 1 1 1 1 1 0 0 0 0
0 1 1 0 1 1 0 0 0 0
0 1 1 0 1 1 2 0 0 0
0 1 1 1 1 1 1 1 1 0
Maze 174
93 43 3.0545454545 2.1089871334 45 0.379251602014768
46 40 15 92 75 73 20 8 24 78 24 4 85 84 51 46
36 35 12 72 400 13 18 4 74 74 400 84 400 81 41
402 401 402 402 400 402 401 402 401 401 400 401 400 401 402
0 0 0 1 1 1 1 1 0 0
0 1 1 1 1 1 1 1 1 1
0 1 1 1 1 0 0 0 0 0
0 1 1 1 1 1 1 1 1 1
1 1 1 1 1 2 0 0 0 0
1 1 1 1 0 0 0 0 0 0
1 1 1 1 0 0 0 0 0 0
1 1 1 1 1 1 1 1 0 0
1 1 1 1 1 0 0 0 0 0
0 1 0 0 0 0 0 0 0 0
Maze 175
105 81 3.1228070175 2.0823796891 112 0.377326178998085
56 25 88 34 78 50 14 61 42 79 99 52 94 7 44 56
55 85 84 74 48 44 11 41 72 400 92 92 4 4 54
401 401 401 401 402 401 402 402 401 400 401 401 402 402 401
0 0 0 1 1 1 1 0 0 0
1 1 1 1 0 0 0 0 0 0
1 0 0 1 1 0 0 0 0 0
1 0 0 1 1 0 0 0 0 0
1 1 0 1 1 1 1 1 1 1
1 1 0 1 1 2 0 1 0 0
1 1 0 1 1 0 0 1 0 0
0 1 1 1 1 1 1 1 1 0
0 1 0 1 1 1 1 1 1 0
0 1 1 1 1 1 1 1 1 0
Maze 176
85 34 2.8571428571 2.2130626831 44 0.380445319460896
4 64 37 9 19 47 19 43 6 69 67 88 2 51 12 4
400 34 7 400 17 17 13 3 66 400 87 82 1 11 2
400 402 402 400 402 402 402 402 401 400 401 401 402 402 402
1 1 1 2 1 1 1 1 1 0
1 1 1 1 1 1 1 1 1 0
1 1 1 1 0 1 1 0 0 0
1 1 1 1 1 1 1 0 0 0
1 1 1 1 0 1 1 0 0 0
1 1 0 1 0 1 0 0 0 0
0 1 0 1 0 1 1 1 1 0
0 1 0 0 0 0 1 0 0 0
0 1 1 1 1 1 1 1 0 0
0 0 0 0 0 0 0 0 0 0
Maze 177
85 117 3.2083333333 2.1198058137 39 0.367424820196437
99 61 77 39 23 87 85 71 33 71 74 55 42 35 64 99
91 71 37 33 83 400 81 31 31 400 54 52 32 34 94
401 401 402 401 401 400 401 402 402 400 402 401 402 402 401
0 0 0 0 0 0 0 0 0 0
0 0 0 0 0 0 0 0 0 0
0 0 1 0 0 0 0 0 0 0
1 1 1 1 1 1 1 1 1 0
1 1 1 1 0 0 1 0 0 0
1 1 1 1 1 0 1 0 0 0
1 0 1 1 0 0 1 0 0 0
1 1 1 1 1 1 1 0 0 0
1 1 1 1 1 1 1 0 0 0
1 1 1 1 1 1 1 1 2 0
Maze 178
87 21 3.6190476190 1.9626641082 34 0.389652056335976
25 67 74 74 21 71 62 39 38 43 85 89 22 88 69 25
65 64 400 71 400 61 32 400 33 83 400 82 82 68 65
401 402 400 401 400 402 402 400 402 401 400 401 401 402 401
0 0 0 0 0 0 0 0 0 0
0 0 0 0 0 0 0 0 0 0
1 1 0 0 2 0 0 0 0 0
1 1 1 1 1 1 1 1 1 0
1 1 1 0 1 0 0 0 0 0
1 1 1 0 1 0 0 0 0 0
1 1 1 1 1 1 1 1 1 0
1 1 1 1 0 0 0 1 0 0
0 1 1 1 1 1 1 1 1 0
0 0 0 0 0 0 0 0 0 0
Maze 179
113 279 3.1746031746 2.1137170656 105 0.374429811921210
40 62 81 30 10 85 18 83 43 54 15 2 92 42 94 40
32 61 21 400 5 15 13 400 53 14 12 400 400 92 34
402 402 402 400 402 402 402 400 401 402 401 400 400 401 402
0 1 0 0 1 1 1 1 1 1
0 1 1 1 1 1 1 1 0 1
1 1 1 1 1 1 1 1 1 1
1 1 1 1 1 1 1 1 1 2
1 1 1 1 1 0 0 0 0 0
1 1 1 1 1 0 0 0 0 0
1 1 1 1 1 0 0 0 0 0
1 1 1 1 1 0 0 0 0 0
1 1 1 1 1 0 0 0 0 0
0 1 1 1 0 0 0 0 0 0
Maze 180
117 147 3.7959183673 2.0024639478 139 0.401946656795139
48 16 60 91 63 46 94 31 87 81 58 76 11 69 44 48
46 56 51 61 43 44 91 81 400 51 56 71 61 64 400
401 401 402 402 402 402 401 401 400 402 402 401 401 401 400
0 0 0 0 0 0 0 0 0 0
1 0 0 0 0 1 0 0 0 0
1 0 0 0 0 1 0 0 0 0
1 0 0 0 0 1 0 0 0 0
1 0 1 1 1 1 1 2 0 0
1 1 1 1 1 1 1 1 1 1
1 1 1 1 1 1 1 1 1 0
1 1 1 1 1 1 0 0 0 0
1 1 1 1 1 1 1 0 0 0
1 1 1 1 0 0 0 0 0 0
Maze 181
103 323 3.6538461538 2.2217845674 57 0.372724648483531
22 13 42 100 95 7 33 25 93 69 51 33 47 92 3 22
12 12 92 400 5 3 23 23 63 61 31 43 42 2 2
402 402 401 400 402 402 402 402 402 401 402 401 402 402 402
0 1 1 1 1 1 1 0 0 0
0 1 1 0 1 0 0 0 0 0
0 2 1 1 1 0 0 0 0 0
1 1 1 0 1 0 0 0 0 0
1 1 1 1 1 1 1 0 0 0
1 1 1 0 1 0 0 0 0 0
1 1 1 1 1 1 1 1 1 0
0 1 1 0 1 0 0 0 0 0
0 1 1 0 1 0 0 0 0 0
0 1 1 1 1 1 1 1 1 1
Maze 182
93 456 3.2549019608 2.0529113234 41 0.376705799266098
14 84 29 47 81 58 86 63 24 92 62 22 71 95 95 14
400 24 27 41 51 56 83 23 22 400 400 21 91 400 94
400 402 402 402 402 402 401 402 402 400 400 402 401 400 401
0 0 0 0 0 0 0 0 0 0
0 0 0 2 0 0 0 0 0 0
1 1 1 1 1 1 1 1 1 0
1 1 1 1 0 0 1 0 0 0
1 1 1 1 1 1 1 0 0 0
1 1 1 1 1 1 1 1 0 0
1 1 1 1 0 1 0 0 0 0
1 1 1 1 0 1 0 0 0 0
1 1 1 1 1 1 0 0 0 0
1 1 1 1 1 0 0 0 0 0
Maze 183
107 24 3.4800000000 1.9474870901 80 0.370937047989857
66 56 1 100 3 24 29 42 71 2 56 82 73 84 23 66
400 51 91 93 23 400 22 41 1 52 52 72 83 83 63
400 401 401 401 401 400 402 402 402 401 402 402 401 401 401
1 1 1 0 0 0 0 0 0 0
1 1 1 0 0 0 0 0 0 0
1 1 1 1 1 1 1 1 1 0
1 1 1 0 0 0 0 0 0 0
1 1 1 0 0 0 0 0 0 0
1 1 1 1 1 1 0 0 0 0
1 1 1 1 1 2 0 0 0 0
1 1 1 0 0 0 0 0 0 0
1 1 1 1 0 0 0 0 0 0
1 1 1 1 1 1 1 1 1 1
Maze 184
83 67 3.0943396226 2.2600651031 23 0.356555574433177
78 72 80 90 65 6 16 27 31 17 11 10 13 69 68 78
400 400 400 85 5 400 26 21 11 400 1 3 63 400 400
400 400 400 401 402 400 401 402 402 400 402 402 401 400 400
1 1 1 1 1 1 1 1 1 1
1 1 1 1 1 1 1 0 0 0
1 1 1 1 1 1 1 0 0 0
1 0 1 0 1 0 0 0 0 0
0 0 1 0 1 0 0 0 0 0
0 0 1 0 1 0 0 0 0 0
0 0 1 1 1 1 1 1 1 0
0 1 1 1 1 1 1 2 1 1
0 0 0 0 1 1 1 1 1 1
0 0 0 0 0 0 0 0 0 0
Maze 185
109 107 3.1379310345 2.0891132189 112 0.379781744768134
29 43 69 97 21 91 68 10 75 13 37 33 71 22 12 29
23 63 67 91 400 61 8 5 73 33 400 31 21 400 22
402 401 402 401 400 402 402 402 401 401 400 402 402 400 401
0 0 0 0 1 1 1 1 1 1
0 1 1 0 1 0 0 1 0 0
1 1 1 1 1 1 1 1 2 0
1 1 1 1 1 1 1 1 0 0
1 0 1 0 1 0 0 1 0 0
1 0 1 0 1 0 0 1 0 0
1 1 1 1 1 1 1 1 1 0
1 0 1 1 1 0 1 0 0 0
1 0 0 0 0 0 1 0 0 0
1 1 1 1 1 1 1 0 0 0
Maze 186
91 323 2.8965517241 2.1771102584 50 0.382742679635729
11 27 44 90 69 66 42 63 8 46 22 65 39 9 49 11
21 24 84 89 400 62 62 3 6 42 62 35 400 400 41
401 402 401 401 400 401 401 402 402 401 401 402 400 400 401
0 0 1 1 1 1 1 1 1 0
2 0 1 0 0 1 0 0 1 0
1 1 1 1 1 1 1 0 1 0
1 1 1 1 1 1 1 1 1 0
1 1 1 1 1 1 1 1 1 0
0 1 1 1 1 0 0 0 0 0
0 1 1 1 1 1 1 1 1 0
0 0 0 1 0 0 0 0 1 0
0 0 0 1 1 1 1 1 1 1
0 0 0 0 0 0 0 0 0 0
Maze 187
97 73 2.7741935484 2.2604583530 56 0.371927430489056
8 1 99 76 90 64 44 4 68 77 5 54 33 96 87 8
400 91 96 86 84 400 400 64 67 75 4 53 93 86 7
400 401 401 401 401 400 400 401 402 401 402 401 401 402 402
1 1 1 1 1 1 1 2 0 0
1 0 0 1 1 0 1 0 0 0
1 0 0 1 1 0 1 0 0 0
1 0 1 1 1 0 1 0 0 0
1 0 1 1 1 0 1 0 0 0
1 0 1 1 1 0 1 0 0 0
1 0 1 1 1 1 1 1 0 0
1 0 1 1 1 1 1 0 0 0
1 0 1 1 1 1 1 1 1 1
1 1 1 1 1 1 1 1 1 0
Maze 188
99 265 2.9538461538 2.4459720079 71 0.395083506714542
73 1 98 94 38 35 13 10 80 83 61 45 18 6 85 73
71 91 400 34 400 33 3 400 73 81 41 15 16 5 83
401 401 400 402 400 401 402 400 402 401 402 402 401 402 401
1 0 1 1 1 1 1 1 1 1
1 0 1 0 1 1 1 1 0 1
1 0 1 0 1 0 0 0 0 1
1 0 1 1 1 1 1 1 0 1
1 1 1 1 1 0 0 0 0 1
1 0 0 1 1 0 0 0 0 1
1 0 0 1 1 0 0 0 0 1
1 1 2 1 1 1 1 1 1 1
1 1 1 1 1 0 0 0 0 0
1 1 1 1 1 1 1 1 0 0
Maze 189
79 100 3.3488372093 2.0426134039 30 0.374397445267285
64 67 84 18 96 75 85 56 39 40 19 73 57 38 4 64
400 64 14 16 95 400 55 36 400 39 13 53 37 34 400
400 402 402 402 401 400 402 402 400 401 402 402 402 401 400
0 0 0 1 0 0 0 0 0 0
0 0 1 1 1 1 1 1 1 0
0 0 1 1 0 1 0 0 1 0
0 0 1 1 1 1 1 1 1 1
0 0 1 1 0 1 1 0 0 0
0 0 1 1 1 1 1 0 0 0
0 0 1 2 1 1 1 0 0 0
0 0 1 1 1 1 0 0 0 0
0 0 0 1 1 1 0 0 0 0
0 0 0 0 1 1 0 0 0 0
Maze 190
89 11 3.2075471698 2.2007686967 50 0.406989057563084
68 43 6 42 45 53 64 31 64 70 96 26 15 98 19 68
63 3 2 400 43 63 61 61 400 66 400 25 95 18 18
401 402 402 400 402 401 401 401 400 402 400 401 401 402 402
0 1 1 1 1 1 0 0 0 0
0 1 1 0 1 0 0 1 1 0
0 1 1 0 1 1 0 1 0 0
1 1 1 0 1 1 0 1 0 0
1 1 1 1 1 1 0 1 0 0
1 0 1 0 1 1 0 1 0 0
1 1 1 1 1 1 1 2 1 1
0 0 0 0 1 1 0 1 0 0
0 0 0 0 1 1 0 1 0 0
0 0 0 0 1 1 1 1 0 0
Maze 191
85 65 3.0434782609 1.9375000000 56 0.364689252244043
35 65 97 70 4 67 29 72 71 66 96 98 67 87 4 35
400 95 67 64 64 27 22 400 61 400 400 97 400 84 34
400 401 402 401 401 402 402 400 402 400 400 401 400 401 401
0 0 0 1 0 0 0 0 0 0
0 0 0 1 0 0 0 0 0 0
0 1 1 1 1 1 1 1 1 0
0 1 0 1 2 0 1 0 0 0
0 1 0 1 1 0 1 0 0 0
0 1 0 1 1 0 1 0 0 0
1 1 1 1 1 1 1 1 1 1
1 1 0 1 1 1 1 0 0 0
0 0 0 1 1 1 1 0 0 0
0 0 0 0 1 1 1 1 0 0
Maze 192
89 116 3.0357142857 2.2944303027 56 0.382822559787216
33 48 5 60 80 49 97 4 40 18 63 35 32 14 31 33
43 45 55 400 79 47 94 34 38 13 33 400 12 11 400
401 401 401 400 401 402 401 401 401 402 402 400 402 402 400
0 0 0 1 1 0 0 0 0 0
1 1 1 1 1 1 1 1 0 0
1 1 1 1 1 0 0 1 0 0
1 1 2 1 1 1 1 1 1 1
0 0 1 1 1 1 1 1 1 0
0 0 1 1 1 1 1 1 1 1
0 0 1 1 0 0 1 0 1 1
0 0 0 1 0 0 1 0 1 1
0 0 0 1 0 0 1 0 0 0
0 0 0 1 1 1 1 0 0 0
Maze 193
103 167 3.3750000000 1.8854601203 60 0.371074981647237
98 33 28 76 82 67 28 94 68 26 30 2 95 54 74 98
93 23 26 72 62 27 24 64 66 400 22 92 94 400 94
401 402 402 402 402 402 402 402 401 400 401 401 401 400 401
0 1 0 0 0 0 0 0 0 0
0 1 0 0 0 0 0 0 0 0
0 1 1 1 1 1 1 1 1 1
0 1 1 1 0 1 1 0 0 0
0 1 1 1 0 1 1 0 0 0
0 1 1 1 0 1 1 0 0 0
0 1 1 1 1 1 1 1 0 0
0 1 1 1 1 1 0 0 0 0
0 1 1 1 0 0 0 0 0 0
0 1 1 1 1 1 1 2 0 0
Maze 194
105 21 3.5849056604 2.0023486013 104 0.386746017408496
13 31 23 95 14 90 13 8 24 50 65 77 66 66 100 13
11 21 93 94 84 83 3 4 44 45 75 76 400 96 93
402 402 401 401 401 401 402 402 401 402 401 401 400 401 401
0 0 1 1 1 1 1 1 0 0
1 1 2 1 0 0 0 0 0 0
1 1 1 1 0 0 0 0 0 0
1 0 1 1 0 0 0 0 0 0
0 0 1 1 1 1 1 1 1 1
0 0 1 1 1 0 0 0 0 0
0 0 1 1 1 1 0 0 0 0
0 0 1 1 1 1 1 0 0 0
0 0 1 1 1 1 1 1 1 1
0 0 1 1 1 1 1 1 1 1
Maze 195
103 232 3.1076923077 2.3640289738 47 0.360832637787165
53 82 90 97 9 24 73 20 45 67 58 51 96 74 1 53
52 400 87 7 4 23 13 15 65 57 400 91 94 71 51
402 400 402 402 402 402 402 402 401 402 400 401 401 401 401
1 0 0 1 1 1 1 1 1 0
1 0 1 1 1 1 1 1 1 1
1 0 1 1 1 0 1 0 0 0
1 0 1 0 1 0 1 0 0 0
1 0 1 0 1 0 1 0 0 0
1 1 2 1 1 1 1 1 0 0
1 1 1 0 1 1 1 0 0 0
1 1 1 1 0 0 1 0 0 0
1 1 1 1 1 1 1 1 1 1
1 1 1 1 1 1 1 0 0 0
Maze 196
113 118 3.3666666667 2.0592222229 94 0.399590508993473
60 64 16 88 13 84 74 61 97 89 1 59 27 99 96 60
54 14 86 83 83 400 71 91 87 81 51 57 97 400 56
402 402 401 401 401 400 401 401 402 401 401 401 401 400 402
1 0 0 0 0 0 0 0 0 0
1 0 1 1 1 1 0 0 0 0
1 0 1 1 0 1 1 0 0 0
1 0 1 1 0 1 1 0 0 0
1 0 1 1 0 1 1 0 0 0
1 1 1 1 1 1 1 1 1 2
1 0 1 1 0 1 1 0 0 0
1 1 1 1 0 1 1 0 0 0
1 1 1 1 1 1 1 1 1 0
1 1 1 1 1 1 1 1 1 0
Maze 197
103 56 2.9841269841 2.1849535709 60 0.386461680008530
38 49 31 10 69 98 74 84 76 15 58 77 83 9 61 38
48 41 1 9 68 94 400 74 75 55 57 73 3 1 31
401 401 402 402 402 401 400 402 401 401 402 402 402 402 402
1 1 1 1 1 1 1 1 1 1
1 0 1 0 1 0 0 0 1 0
1 0 1 0 1 0 0 0 1 0
1 1 1 1 1 1 1 2 1 0
1 1 1 1 1 1 1 1 1 0
1 0 1 0 1 1 1 1 1 0
1 0 1 0 1 0 1 1 1 0
0 0 1 1 1 1 1 1 0 0
0 0 1 1 0 0 0 1 0 0
0 0 0 1 1 1 1 1 0 0
Maze 198
107 204 3.4181818182 2.0337247143 86 0.380190811707380
2 24 25 22 10 97 9 31 48 28 72 18 39 84 64 2
22 400 400 2 7 7 1 41 400 22 12 38 34 400 62
401 400 400 402 402 402 402 401 400 402 402 401 402 400 401
1 2 1 1 1 1 1 1 1 1
1 1 1 1 1 1 1 1 0 0
1 1 1 1 1 1 1 1 0 0
1 1 0 1 1 1 1 1 1 0
1 1 1 1 1 1 1 1 0 0
0 1 0 1 0 0 1 0 0 0
0 1 1 1 0 0 1 0 0 0
0 1 0 1 0 0 1 0 0 0
0 0 0 1 0 0 1 0 0 0
0 0 0 0 0 0 1 0 0 0
Maze 199
93 255 3.0175438596 2.1805210830 40 0.377009458036162
35 27 59 63 65 8 66 57 61 17 22 90 48 79 87 35
25 57 53 400 5 6 56 51 11 12 82 88 78 77 85
402 401 402 400 402 402 402 402 402 402 401 401 401 402 401
0 0 0 0 1 1 1 1 0 0
1 1 1 1 1 1 1 0 0 0
1 1 0 0 1 1 1 0 0 0
1 1 0 0 2 1 1 0 0 0
1 1 0 0 1 1 1 1 0 0
1 1 1 1 1 1 1 1 1 0
1 1 1 1 1 1 0 1 0 0
0 1 0 0 1 0 1 1 1 0
0 1 1 1 1 1 1 1 1 1
0 0 0 0 0 0 0 0 0 0
Maze 200
87 65 3.1489361702 2.0986318815 41 0.365029671334138
94 91 58 38 13 36 39 39 4 4 22 13 49 91 3 94
400 51 400 33 33 400 400 34 400 2 12 43 41 1 93
400 402 400 401 401 400 400 401 400 402 402 401 402 402 401
1 1 1 1 0 0 0 0 0 0
1 1 1 1 0 0 0 0 0 0
1 1 1 1 0 0 0 0 0 0
1 0 1 1 1 1 1 1 1 0
1 1 1 1 1 1 1 1 1 0
1 1 1 1 1 1 1 1 0 0
1 0 1 0 0 0 0 0 0 0
1 0 1 0 0 0 0 0 0 0
1 0 1 0 0 0 0 0 0 0
1 1 1 2 0 0 0 0 0 0
