numMazes: 200
mazeSize: 10
Maze 1
87 39 3.5348837209 2.0673024749 29 0.400425868633592
6 7 13 52 52 61 84 58 42 68 32 80 43 55 73 6
400 3 12 400 51 81 54 52 62 62 72 73 53 53 3
400 402 402 400 402 401 402 401 401 401 401 401 401 402 402
0 0 1 1 1 2 1 0 0 0
0 1 1 0 0 0 0 0 0 0
0 1 1 0 0 0 0 0 0 0
0 1 1 0 0 0 0 0 0 0
0 1 1 0 0 0 0 0 0 0
1 1 1 1 1 1 1 1 0 0
1 1 1 1 1 1 1 1 0 0
1 1 1 1 1 1 1 1 1 1
1 1 1 1 0 0 0 0 0 0
0 0 0 0 0 0 0 0 0 0
Maze 2
115 82 3.4117647059 1.9472596082 132 0.391771182648054
14 17 97 63 17 77 21 40 1 68 37 4 73 17 33 14
400 400 93 13 400 71 31 31 61 67 34 3 13 13 13
400 400 401 402 400 401 401 401 401 401 401 402 402 402 402
1 0 1 1 0 0 0 0 0 0
1 0 1 2 1 1 1 0 0 0
1 0 1 1 0 0 1 0 0 0
1 1 1 1 1 1 1 1 1 1
1 0 1 0 0 0 1 0 0 0
1 0 1 0 0 0 1 0 0 0
1 1 1 1 1 1 1 1 0 0
1 1 1 1 1 1 1 0 0 0
0 0 1 0 0 0 1 0 0 0
0 0 1 1 1 1 1 0 0 0
Maze 3
107 514 3.3214285714 2.1823588713 86 0.379311274468218
82 100 31 16 76 93 38 54 73 21 42 88 36 95 51 82
92 91 11 400 73 33 34 53 71 41 82 86 35 91 81
401 401 402 400 402 402 402 402 401 401 401 401 402 401 401
0 0 0 0 0 0 0 0 0 0
1 1 1 1 1 1 0 0 0 0
1 0 0 0 0 1 0 0 0 0
1 0 1 1 1 1 1 1 0 0
1 1 1 1 1 1 0 0 0 0
1 1 1 1 1 1 0 0 0 0
1 1 1 0 1 1 0 0 0 0
1 1 1 1 1 1 0 0 0 0
1 2 1 1 1 1 1 1 0 0
1 1 1 1 1 1 1 1 1 1
Maze 4
83 133 3.4090909091 2.0576317263 30 0.385387003681243
16 2 27 38 7 6 95 54 29 16 94 13 34 68 45 16
12 22 37 37 400 5 94 24 26 14 93 33 64 65 15
401 401 401 401 400 402 401 402 401 402 401 401 401 401 402
0 1 0 0 1 1 1 0 0 0
0 1 1 1 1 2 1 0 0 0
0 1 1 1 1 1 1 1 1 0
0 0 1 1 1 0 1 1 0 0
0 0 1 1 1 0 0 0 0 0
0 0 1 1 1 0 0 0 0 0
0 0 1 1 1 1 1 1 0 0
0 0 1 1 1 0 0 0 0 0
0 0 1 1 1 0 0 0 0 0
0 0 1 1 1 0 0 0 0 0
Maze 5
97 133 3.0000000000 2.1460047655 84 0.397594036986670
87 55 68 2 48 25 95 40 57 82 81 4 25 9 37 87
85 65 62 42 45 400 35 37 52 400 1 24 5 7 400
401 401 401 401 401 400 402 402 402 400 402 401 402 402 400
1 1 1 1 1 1 1 1 1 0
1 1 0 1 1 0 1 0 0 0
1 1 0 1 1 0 1 0 0 0
1 1 0 0 1 1 1 1 1 1
1 1 1 1 1 1 1 1 0 0
1 1 1 1 1 1 1 0 0 0
1 1 1 1 1 1 1 1 0 0
1 1 0 0 1 0 1 0 0 0
1 1 0 0 1 1 2 0 0 0
0 0 0 0 1 0 0 0 0 0
Maze 6
77 21 3.3157894737 1.8753074859 23 0.370495403012437
66 68 55 40 2 15 73 63 62 71 64 53 5 39 21 66
400 65 35 32 12 13 400 400 61 61 63 3 35 31 61
400 401 402 401 401 402 400 400 402 402 401 402 401 401 401
0 1 1 1 1 0 0 0 0 0
0 1 1 1 1 0 0 0 0 0
1 1 1 0 1 0 0 0 0 0
1 1 1 1 1 1 1 1 1 1
1 0 1 0 1 0 0 0 0 0
1 0 1 0 1 0 0 0 0 0
1 1 1 1 1 2 1 1 0 0
1 0 1 0 0 0 0 0 0 0
0 0 0 0 0 0 0 0 0 0
0 0 0 0 0 0 0 0 0 0
Maze 7
113 508 3.2698412698 2.1694379250 97 0.383550804758530
8 20 52 5 97 49 5 11 35 84 22 99 66 31 19 8
18 12 2 95 47 45 1 31 34 82 92 96 61 11 18
401 402 402 401 402 401 402 401 402 401 401 401 401 402 401
1 1 1 1 1 0 0 2 0 0
1 1 1 1 1 1 1 1 1 1
1 1 0 0 1 0 0 0 0 0
1 1 1 1 1 0 0 0 0 0
1 1 0 1 1 1 1 1 1 0
1 1 0 1 1 0 1 0 0 0
1 1 1 1 1 1 1 0 0 0
0 1 0 1 1 1 1 0 0 0
0 1 1 1 1 1 1 0 0 0
0 1 1 1 1 1 1 1 1 0
Maze 8
79 23 3.1666666667 2.2773471246 19 0.368569225406502
45 14 81 77 90 8 99 67 55 45 72 64 83 45 76 45
44 11 71 87 88 98 97 65 400 42 62 63 43 75 75
401 402 402 401 401 401 401 401 400 402 402 402 402 401 401
0 0 0 0 0 0 0 1 0 0
1 1 1 1 0 0 0 1 0 0
1 0 0 1 0 0 0 1 0 0
1 0 0 1 0 0 0 1 0 0
1 1 1 1 2 0 0 1 0 0
1 1 1 0 1 0 0 1 0 0
1 1 1 1 1 1 1 1 0 0
1 1 1 1 1 1 1 1 0 0
1 0 1 0 0 0 1 1 1 1
0 0 0 0 0 0 1 1 1 0
Maze 9
85 88 2.8627450980 2.1168425665 56 0.373928750486627
93 64 80 86 61 33 77 66 61 33 36 8 47 42 90 93
63 74 76 81 31 73 76 400 31 400 6 7 400 82 83
402 401 402 401 402 401 401 400 402 400 402 402 400 401 402
0 0 0 0 0 1 1 1 0 0
0 0 0 0 0 1 1 0 0 0
0 0 0 0 0 1 1 0 0 0
1 1 1 1 1 1 1 0 0 0
1 1 1 1 1 1 1 0 0 0
1 1 1 0 0 0 0 0 0 0
1 1 1 1 1 1 0 0 0 0
1 1 1 1 1 1 1 1 1 1
1 1 1 1 1 1 1 1 1 1
0 0 2 0 0 0 0 0 0 0
Maze 10
89 56 2.9655172414 2.2453530182 50 0.401645342285422
34 20 2 78 97 88 11 30 47 22 25 34 64 55 13 34
14 12 72 77 87 81 21 27 42 400 24 400 54 53 33
402 401 401 402 402 401 401 402 401 400 402 400 402 401 401
0 1 0 0 0 0 0 0 0 0
1 1 1 1 1 1 1 1 1 1
1 1 1 1 1 1 1 1 1 1
1 1 1 2 0 0 1 0 0 0
1 1 1 1 1 1 1 0 0 0
1 1 1 1 1 0 0 0 0 0
1 1 0 1 0 0 0 0 0 0
1 1 1 1 1 1 1 1 0 0
1 1 1 1 1 1 1 1 0 0
0 0 0 0 0 0 1 0 0 0
Maze 11
95 66 3.4117647059 2.2126880212 64 0.370427745401525
59 85 84 83 33 87 80 38 53 10 23 54 18 97 18 59
55 400 400 400 83 77 78 33 3 3 53 14 17 17 58
402 400 400 400 401 402 401 402 402 402 401 402 402 402 401
0 0 1 1 1 1 1 1 1 1
0 0 1 1 1 1 1 1 0 0
0 0 1 1 0 0 1 1 0 0
0 0 1 1 1 1 1 1 0 0
0 0 1 1 0 0 1 1 0 0
0 0 1 1 1 1 1 1 2 0
0 0 1 0 1 0 1 1 0 0
0 0 1 0 1 0 1 1 1 1
0 0 1 1 1 1 1 0 0 0
0 0 0 0 0 0 1 0 0 0
Maze 12
85 866 2.7457627119 2.3349467373 50 0.359200424017431
50 28 4 3 34 90 86 37 9 72 71 55 49 31 39 50
48 24 400 33 84 400 36 7 2 400 51 45 41 400 49
401 401 400 401 401 400 402 402 402 400 402 402 401 400 401
0 1 1 1 1 1 1 1 1 0
0 1 1 1 0 0 1 0 0 0
0 1 1 1 1 1 1 1 0 0
1 1 1 1 1 1 1 1 1 0
1 1 1 1 1 1 1 1 1 2
1 1 1 1 1 1 0 0 0 0
1 1 0 1 0 1 0 0 0 0
1 1 0 1 0 1 0 0 0 0
0 0 0 1 1 1 1 1 1 1
0 0 0 0 0 0 0 0 0 0
Maze 13
91 319 3.4583333333 2.1152672496 35 0.377539135049041
45 46 99 36 96 94 34 40 14 68 82 85 18 37 88 45
400 96 96 400 400 400 400 34 64 62 400 15 17 87 85
400 401 401 400 400 400 400 401 401 402 400 402 402 401 401
0 0 0 0 0 0 0 0 0 0
0 0 0 1 1 1 1 1 0 0
0 0 0 1 1 0 1 0 0 0
0 0 0 1 1 1 1 1 1 1
0 0 0 1 2 1 1 0 0 0
0 0 0 1 1 1 1 0 0 0
0 1 1 1 1 1 1 1 0 0
0 1 0 1 1 1 1 0 0 0
0 1 1 1 1 1 1 1 0 0
0 0 0 1 1 1 1 1 1 0
Maze 14
95 52 3.2962962963 2.2225016104 77 0.406167922757057
49 74 72 35 92 12 4 73 70 96 51 74 77 96 6 49
44 400 32 32 400 2 3 63 66 91 71 400 76 400 46
402 400 402 402 400 402 402 402 402 401 401 400 402 400 401
0 1 1 1 0 1 0 0 0 0
0 1 1 0 0 1 0 0 0 0
0 1 1 0 0 1 0 0 0 0
0 1 1 1 1 1 0 0 0 0
0 1 1 1 1 1 1 1 2 0
1 1 1 1 0 1 0 0 0 0
1 1 1 1 1 1 1 1 1 1
1 1 1 1 1 1 1 0 0 0
1 1 0 0 0 1 0 0 0 0
1 1 1 1 1 1 0 0 0 0
Maze 15
87 62 2.9811320755 2.1140733973 32 0.378517904162235
75 76 67 34 6 79 54 5 72 61 13 1 27 70 26 75
400 66 64 4 76 74 4 2 71 11 11 21 67 66 25
400 402 401 402 401 401 402 402 401 402 401 401 401 401 402
1 1 1 1 1 1 0 0 0 0
1 1 1 1 0 1 0 0 0 0
1 1 1 1 1 1 1 0 0 0
1 1 0 1 1 1 1 0 0 0
1 1 0 1 1 1 1 0 0 0
1 1 0 1 1 1 1 0 0 0
1 1 0 1 1 1 1 1 1 1
1 1 0 1 2 1 1 1 1 0
0 0 0 0 0 0 0 0 0 0
0 0 0 0 0 0 0 0 0 0
Maze 16
93 103 2.7924528302 2.0091912922 29 0.382800660536040
25 76 89 100 33 51 36 100 33 28 82 82 84 39 28 25
75 86 99 93 31 31 96 93 23 22 400 400 34 38 400
401 401 401 401 402 402 401 401 402 402 400 400 402 401 400
0 0 0 0 0 0 0 0 0 0
0 0 0 0 0 0 0 0 0 0
0 1 1 1 2 1 1 1 0 0
1 1 1 1 1 1 1 1 1 0
1 1 1 1 1 1 0 0 0 0
1 1 1 1 1 1 0 0 0 0
0 1 1 1 1 1 0 0 0 0
0 1 1 1 1 1 0 0 0 0
0 1 1 1 0 1 1 1 1 0
0 0 1 1 1 1 1 1 1 1
Maze 17
95 35 3.4117647059 2.1498074459 71 0.398372728293398
4 94 16 93 73 22 73 65 28 36 100 84 86 35 58 4
400 14 13 400 72 72 63 25 26 96 94 400 85 55 54
400 402 402 400 401 401 402 402 402 401 401 400 401 401 401
0 0 0 2 0 0 0 0 0 0
0 0 1 1 1 1 0 0 0 0
0 1 1 1 1 1 1 1 0 0
0 1 1 1 1 1 0 0 0 0
0 1 1 1 1 1 0 0 0 0
0 1 1 1 1 1 1 1 0 0
0 1 1 1 1 1 0 0 0 0
0 1 1 1 1 1 0 0 0 0
0 0 1 1 1 1 0 0 0 0
0 0 1 1 1 1 1 1 1 1
Maze 18
113 36 3.4893617021 1.7721794768 99 0.374507580099436
62 99 50 48 40 35 38 95 32 98 32 77 2 48 84 62
92 49 400 38 400 400 35 92 92 92 72 72 42 44 82
401 402 400 402 400 400 402 401 401 401 401 401 401 402 401
0 1 0 0 0 0 0 0 0 0
0 1 0 0 0 0 0 0 0 0
0 1 0 0 0 0 0 0 0 0
0 1 0 0 1 1 1 1 1 1
0 1 1 1 1 1 1 1 1 1
0 1 0 1 1 0 0 0 1 0
0 2 0 1 1 0 0 0 1 0
0 1 1 1 1 1 1 0 1 0
0 1 1 1 1 0 0 0 1 0
0 1 1 1 1 1 1 1 1 0
Maze 19
111 224 3.4035087719 2.0435833212 76 0.393887825414463
32 58 20 56 93 21 46 90 76 29 40 93 90 53 27 32
52 18 16 53 91 41 86 86 26 39 33 83 83 23 22
401 402 402 402 401 401 401 401 402 401 402 402 401 402 402
0 0 0 0 0 0 0 0 0 0
0 0 0 0 0 1 1 1 1 1
1 1 1 1 1 1 1 1 1 0
1 2 1 1 1 1 1 1 1 1
1 1 1 1 1 1 0 1 0 0
1 1 1 1 1 1 1 1 0 0
1 0 1 0 0 1 0 0 0 0
1 0 1 0 0 1 0 0 0 0
1 0 1 1 1 1 1 1 1 1
1 1 1 0 0 0 0 0 0 0
Maze 20
97 167 3.1272727273 2.1968615973 84 0.402653777420666
11 15 72 61 25 7 34 51 27 59 10 89 76 92 58 11
400 12 71 21 5 4 31 21 57 9 9 86 72 52 51
400 402 401 402 402 402 402 402 401 402 402 401 402 402 401
0 0 0 1 1 1 1 0 1 1
2 1 1 1 1 0 0 0 1 0
1 1 1 1 1 1 1 0 1 0
1 1 1 1 0 0 1 0 1 0
1 1 0 0 0 0 1 0 1 0
1 1 1 1 1 1 1 1 1 0
1 1 0 0 0 0 0 0 1 0
1 1 1 1 1 1 0 0 1 0
0 1 0 0 0 1 1 1 1 0
0 1 0 0 0 0 0 0 0 0
Maze 21
103 227 3.0158730159 2.2805926570 70 0.392650754300258
24 52 11 95 6 76 45 60 70 41 24 79 83 89 82 24
22 51 91 5 400 75 55 400 61 21 74 73 400 400 22
402 401 401 402 400 401 401 400 401 402 401 402 400 400 402
0 0 0 0 1 1 0 0 0 0
1 0 0 0 1 1 0 0 0 0
1 1 1 2 1 1 0 0 0 0
1 1 0 1 1 1 0 0 0 0
1 1 0 1 1 1 0 0 0 0
1 1 0 1 1 1 1 1 1 1
1 1 1 1 1 1 1 1 1 1
1 1 1 1 1 1 1 1 1 0
1 1 1 1 1 1 1 1 1 0
1 1 1 1 1 0 0 0 0 0
Maze 22
95 15 3.4285714286 1.7922966424 70 0.390577557451583
94 67 74 68 63 87 89 55 90 24 30 60 51 53 29 94
64 64 64 400 83 400 85 85 84 400 400 400 400 23 24
402 402 402 400 401 400 401 401 401 400 400 400 400 402 402
0 0 0 0 0 0 0 0 0 0
0 0 0 0 0 0 0 0 0 0
0 0 1 1 1 1 1 1 1 1
0 0 1 1 0 0 0 0 0 1
0 0 1 1 0 0 0 0 0 1
1 1 1 1 1 1 1 1 1 1
0 0 1 1 1 1 1 1 0 0
0 0 1 1 1 0 0 0 0 0
0 0 1 1 1 1 1 1 1 1
0 0 0 2 0 0 0 0 0 0
Maze 23
97 36 3.1929824561 2.2527805515 71 0.385334815671075
48 22 44 46 8 70 48 100 13 85 25 67 92 85 80 48
42 42 400 6 68 68 98 93 83 400 65 62 82 75 78
401 401 400 402 401 401 401 401 401 400 401 402 402 402 401
0 0 0 0 0 1 1 1 0 0
0 0 1 0 0 1 0 1 0 0
0 1 1 0 1 1 0 1 0 0
0 1 1 0 1 1 0 1 0 0
0 1 1 1 1 1 1 2 0 0
0 0 1 0 1 0 0 1 0 0
0 1 1 1 1 1 1 1 1 1
0 1 1 0 1 1 1 1 1 1
0 1 1 1 1 0 0 1 0 0
0 1 1 1 1 1 1 1 1 1
Maze 24
103 67 3.0645161290 2.2004017857 77 0.376146830897196
25 52 45 88 24 30 43 96 90 38 88 49 45 7 71 25
22 42 85 84 400 23 93 86 88 400 48 400 5 1 21
402 402 401 401 400 402 401 402 401 400 402 400 402 402 402
1 1 1 1 1 1 1 0 0 0
1 0 0 0 1 0 0 0 0 0
1 1 1 1 2 1 1 1 1 1
1 1 1 1 1 0 0 1 0 0
1 1 1 1 1 1 1 1 1 0
1 1 1 1 1 0 0 1 0 0
1 0 1 1 1 0 0 1 0 0
1 0 1 1 1 0 0 1 0 0
0 0 1 1 1 1 1 1 1 1
0 0 1 1 1 1 0 0 0 0
Maze 25
99 197 3.1071428571 2.1669222552 64 0.367491114986356
53 47 78 17 10 70 9 62 18 43 67 45 36 60 7 53
43 77 77 7 400 69 2 12 13 63 65 35 56 57 3
402 401 401 402 400 401 402 402 402 401 401 402 401 401 402
0 1 1 1 1 1 1 1 1 1
0 1 1 1 1 1 1 1 1 1
0 1 1 0 0 0 1 0 1 1
0 1 1 0 1 1 1 0 1 1
0 1 1 1 1 1 1 0 1 1
0 1 2 0 1 1 1 1 1 1
0 1 1 1 1 1 1 0 1 1
0 0 0 0 0 0 1 1 0 0
0 0 0 0 0 0 0 0 0 0
0 0 0 0 0 0 0 0 0 0
Maze 26
91 83 3.2500000000 2.0504041575 32 0.356242784228126
94 43 75 96 72 76 59 64 76 97 46 10 82 56 100 94
93 73 95 92 400 56 54 74 96 96 6 2 52 96 400
401 401 401 401 400 402 402 401 401 401 402 402 402 401 400
0 1 1 1 1 1 1 1 1 1
0 1 0 0 0 1 0 0 0 0
0 1 0 0 0 1 0 0 0 0
0 1 0 0 0 1 0 0 0 0
0 1 1 0 0 1 0 0 0 0
0 1 1 1 1 1 1 1 1 0
0 1 1 1 0 1 0 0 0 0
0 1 1 1 1 1 0 0 0 0
0 1 1 0 1 1 0 0 0 0
0 1 1 2 1 1 1 1 1 1
Maze 27
67 5 2.9444444444 2.0035572600 11 0.358185778764644
91 24 11 24 34 56 67 30 12 23 53 31 25 14 33 91
21 21 21 400 54 66 27 22 22 400 51 21 24 13 31
402 401 401 400 401 401 402 401 401 400 401 402 401 402 402
0 0 0 0 0 0 0 0 0 0
1 1 1 1 0 0 0 0 0 0
1 1 1 1 1 1 1 1 1 1
1 1 1 1 0 0 1 0 0 0
1 0 1 1 0 0 1 0 0 0
1 1 1 1 1 1 1 0 0 0
1 0 0 0 0 1 1 0 0 0
1 0 0 0 0 0 0 0 0 0
1 0 0 0 0 0 0 0 0 0
2 0 0 0 0 0 0 0 0 0
Maze 28
85 55 3.1666666667 2.1735887902 50 0.373029182755962
23 95 63 3 85 59 49 19 34 47 42 25 89 77 58 23
93 93 400 83 55 400 400 14 44 400 22 85 87 57 53
401 401 400 401 402 400 400 402 401 400 402 401 401 402 401
0 0 1 0 0 0 0 0 0 0
0 0 1 1 1 1 1 1 1 0
0 1 2 1 1 0 0 0 1 0
0 1 1 1 1 0 0 0 1 0
0 1 1 1 1 1 1 0 1 0
0 0 1 1 1 1 1 1 1 0
0 0 1 0 1 0 1 0 0 0
0 0 1 0 1 0 1 0 0 0
0 0 1 1 1 1 1 1 1 0
0 0 1 1 1 0 0 0 0 0
Maze 29
93 18 3.6326530612 2.2038606854 45 0.378612299113121
90 94 97 70 79 61 81 46 51 68 91 82 59 42 80 90
84 400 67 69 71 400 41 41 61 61 81 52 52 72 400
402 400 402 402 401 400 402 402 401 402 402 402 401 401 400
0 0 0 0 0 0 0 0 0 0
0 0 0 0 0 0 0 0 0 0
0 0 0 0 0 0 0 0 0 0
0 0 0 0 0 0 0 0 0 0
1 1 1 1 1 1 0 0 0 0
1 1 1 1 1 1 1 1 1 0
1 1 1 1 1 1 1 1 1 1
1 1 1 1 1 1 1 1 1 1
1 1 0 1 1 1 1 1 1 2
1 0 0 1 1 1 1 0 0 0
Maze 30
103 15 3.2631578947 2.0979063311 66 0.389166536985560
79 39 63 9 7 55 67 22 74 12 99 98 73 75 20 79
400 33 3 400 5 65 62 72 72 92 400 93 400 15 19
400 402 402 400 402 401 401 401 401 401 400 401 400 402 402
0 0 1 1 1 1 1 1 1 0
0 1 1 0 1 1 1 1 1 1
0 1 1 0 1 0 0 0 1 0
0 1 1 1 1 1 1 1 1 0
0 1 1 0 1 0 0 0 1 0
0 1 1 0 1 0 0 0 1 0
0 1 1 1 1 1 1 0 1 0
0 1 1 1 1 0 0 0 2 0
0 1 1 0 0 0 0 0 0 0
0 1 1 1 1 1 1 1 1 0
Maze 31
99 309 3.1186440678 2.2824814928 45 0.387799748498835
63 48 86 100 27 95 64 76 81 91 55 86 54 71 20 63
43 46 96 97 25 94 74 71 400 51 85 84 51 11 13
402 402 401 401 402 401 401 402 400 402 401 401 402 402 402
0 0 0 0 0 0 0 0 0 0
1 1 1 1 1 1 1 1 1 1
1 0 1 0 1 1 1 0 0 0
1 0 1 0 1 0 1 0 0 0
1 0 1 1 1 1 1 1 0 0
1 1 1 1 1 1 1 0 0 0
1 0 2 1 1 1 1 0 0 0
1 1 1 1 1 1 1 0 0 0
1 0 0 1 1 1 1 0 0 0
1 0 0 1 1 1 1 1 1 1
Maze 32
79 173 2.8800000000 2.2119288269 30 0.381609043291700
11 73 27 89 17 66 63 31 33 47 87 97 55 84 83 11
71 23 87 87 16 400 61 400 43 400 400 95 54 400 81
401 402 401 401 402 400 401 400 401 400 400 401 402 400 401
0 0 0 0 0 0 0 0 0 0
2 0 0 0 0 1 1 0 0 0
1 0 1 1 1 1 1 0 0 0
1 1 1 0 0 1 1 0 0 0
1 0 1 1 1 1 1 0 0 0
1 0 1 1 1 1 1 0 0 0
1 1 1 1 1 1 1 0 0 0
1 1 1 1 1 0 1 0 0 0
1 1 1 1 1 0 1 1 1 0
0 0 0 0 1 1 1 0 0 0
Maze 33
79 31 2.9230769231 2.2935661738 26 0.390623272235746
26 1 46 61 53 27 29 8 35 97 69 70 83 6 26 26
21 41 41 51 23 400 28 5 95 67 400 63 3 400 400
401 401 402 402 402 400 401 402 401 402 400 402 402 400 400
1 0 1 1 1 1 1 1 0 0
1 0 1 0 1 1 0 1 0 0
1 1 1 1 1 2 1 1 1 0
1 0 1 0 1 0 0 0 0 0
1 1 1 1 1 1 0 0 0 0
1 1 1 0 1 0 0 0 0 0
1 0 1 1 1 1 1 1 1 1
0 0 1 0 1 0 1 0 0 0
0 0 1 0 1 0 1 0 0 0
0 0 0 0 1 1 1 0 0 0
Maze 34
103 24 2.9818181818 2.0359730652 56 0.390535302398905
42 71 48 44 84 53 88 23 19 100 74 22 91 91 49 42
41 41 400 400 83 83 83 13 99 94 72 21 400 41 400
402 402 400 400 401 401 401 402 401 401 401 402 400 402 400
0 0 0 0 0 0 0 0 0 0
0 0 1 1 1 1 1 1 1 0
1 1 1 0 0 0 0 0 1 0
1 1 1 0 0 0 0 0 1 0
1 2 1 1 1 1 1 1 1 0
1 1 1 1 0 0 0 0 1 0
1 1 1 1 0 0 0 0 1 0
1 1 1 1 0 0 0 0 1 0
1 0 1 1 1 1 1 1 1 0
1 0 0 1 1 1 1 1 1 1
Maze 35
95 62 2.8888888889 2.3433190371 46 0.369732237936701
15 69 16 68 32 23 38 88 78 38 1 99 100 30 23 15
65 66 66 62 22 33 400 400 400 31 91 400 400 400 13
401 401 401 401 402 401 400 400 400 401 401 400 400 400 402
1 0 0 0 0 0 0 0 0 0
1 0 1 1 2 1 0 0 0 0
1 1 1 1 1 1 1 1 1 1
1 1 1 1 1 1 1 1 0 1
1 1 0 0 1 1 0 1 0 1
1 1 0 0 1 1 0 1 0 1
1 1 1 1 1 1 1 1 1 1
1 0 0 0 0 0 0 1 0 1
1 0 0 0 0 0 0 1 0 1
1 1 1 1 1 1 1 1 1 1
Maze 36
81 206 2.8979591837 2.1487713076 23 0.374322351070230
52 93 29 43 43 16 28 5 54 61 18 28 38 39 98 52
92 23 23 400 13 26 25 4 51 11 400 400 400 38 92
401 402 402 400 402 401 401 402 402 402 400 400 400 402 401
0 0 0 1 1 0 0 0 0 0
1 1 1 1 1 1 1 1 0 0
1 0 1 1 1 1 1 1 1 0
1 0 1 1 0 0 0 1 1 0
1 0 1 1 0 0 0 1 0 0
1 2 1 1 0 0 0 1 0 0
1 1 1 0 0 0 0 1 0 0
0 1 1 0 0 0 0 1 0 0
0 1 1 0 0 0 0 1 0 0
0 1 1 1 1 1 1 1 0 0
Maze 37
123 954 4.2142857143 2.1388903808 125 0.390615370360399
9 65 4 27 24 69 6 21 60 39 59 22 72 40 81 9
5 64 24 400 64 66 1 51 59 400 52 400 32 31 1
402 401 401 400 401 401 402 401 401 400 401 400 402 402 402
1 1 1 1 1 1 1 1 2 0
1 0 0 1 1 1 0 0 0 0
1 1 0 1 1 1 1 0 0 0
1 1 1 1 1 1 1 1 1 1
1 1 0 1 1 1 0 0 1 0
1 1 1 1 1 1 1 1 1 1
1 1 0 1 1 1 1 1 1 0
1 1 0 0 0 0 0 0 0 0
1 0 0 0 0 0 0 0 0 0
0 0 0 0 0 0 0 0 0 0
Maze 38
105 48 3.0588235294 1.9481702004 76 0.385010478653919
93 71 32 85 89 41 64 87 53 78 93 70 7 13 88 93
91 31 82 400 81 61 84 83 73 73 63 67 3 83 83
401 402 401 400 401 401 401 401 401 402 402 401 402 401 402
0 0 1 1 1 1 1 0 0 0
0 0 1 0 0 0 1 0 0 0
0 0 1 0 0 0 1 0 0 0
1 1 1 0 0 0 1 0 0 0
1 1 1 0 0 0 1 0 0 0
1 1 1 0 0 0 1 0 0 0
1 1 1 1 1 1 1 1 1 1
1 1 1 1 1 1 1 1 0 0
1 1 1 1 1 1 1 1 1 0
1 1 2 0 0 0 0 0 0 0
Maze 39
87 540 3.4222222222 1.9992869340 45 0.394581054617672
38 2 12 68 75 67 14 80 86 25 31 28 80 78 77 38
32 400 62 65 65 64 74 76 85 21 21 78 400 400 37
401 400 401 402 402 401 401 402 401 402 402 401 400 400 402
0 1 0 0 0 0 0 0 0 0
0 1 0 1 0 0 0 0 0 0
1 1 1 1 1 1 1 1 0 0
1 1 1 1 1 1 1 2 0 0
0 1 0 1 1 0 1 1 0 0
0 1 0 1 1 0 1 1 0 0
0 1 1 1 1 1 1 1 0 0
0 0 0 1 1 1 1 1 1 1
0 0 0 0 1 1 0 0 0 0
0 0 0 0 0 0 0 0 0 0
Maze 40
85 25 3.1200000000 2.1425375218 50 0.368700733977223
76 77 9 39 96 53 45 39 32 4 62 24 3 73 59 76
400 7 400 36 93 43 35 400 2 2 22 23 400 53 56
400 402 400 402 401 402 402 400 402 402 402 401 400 402 402
0 1 1 1 0 0 1 1 1 0
0 1 1 0 0 0 1 0 1 0
0 1 1 1 0 0 1 0 1 0
0 1 1 1 1 1 1 1 1 0
0 1 1 1 1 1 1 0 0 0
0 1 1 1 1 1 1 1 1 0
0 1 1 0 0 1 1 0 0 0
0 0 1 0 0 2 1 0 0 0
0 0 1 0 0 1 0 0 0 0
0 0 1 1 1 1 0 0 0 0
Maze 41
115 39 3.0000000000 1.8720624948 85 0.390105972100209
9 61 24 71 96 14 81 55 14 31 98 63 64 81 45 9
1 21 21 91 94 11 51 54 11 91 93 400 61 41 5
402 402 402 401 401 402 402 401 402 401 401 400 402 402 402
1 1 1 1 1 1 1 1 2 0
1 1 1 1 1 0 0 0 0 0
1 1 1 1 1 0 0 0 0 0
1 0 0 1 1 0 0 0 0 0
1 1 1 1 1 0 0 0 0 0
1 1 1 1 1 0 0 0 0 0
1 1 1 1 0 0 0 0 0 0
1 0 1 1 0 0 0 0 0 0
1 0 1 1 0 0 0 0 0 0
1 1 1 1 1 1 1 1 0 0
Maze 42
85 668 2.7118644068 2.3108787080 44 0.361608753784241
94 36 56 82 85 20 59 79 60 30 51 36 19 12 43 94
34 400 52 400 15 19 400 59 400 21 31 16 400 42 93
402 400 402 400 402 402 400 402 400 402 402 402 400 401 401
0 0 0 0 0 0 0 0 0 0
0 1 1 1 1 1 1 1 1 1
1 1 1 1 1 1 1 1 1 1
1 1 1 1 1 1 0 0 1 1
1 1 1 1 1 1 0 0 1 1
1 1 1 1 1 1 0 0 1 1
0 1 1 1 1 0 0 0 1 0
0 1 1 1 1 0 0 0 1 0
0 1 1 1 1 0 0 0 0 0
0 0 1 2 0 0 0 0 0 0
Maze 43
87 200 2.8070175439 2.2016060160 56 0.384394375872914
2 5 88 47 27 53 94 97 92 64 26 57 1 45 57 2
400 85 87 400 23 93 400 400 62 24 56 51 41 55 52
400 401 401 400 402 401 400 400 402 402 401 401 401 401 401
1 2 1 1 1 0 0 0 0 0
1 1 0 0 1 0 0 0 0 0
1 1 1 1 1 1 1 0 0 0
1 1 1 1 1 1 1 0 0 0
1 1 1 1 1 1 1 0 0 0
1 1 1 1 1 1 1 0 0 0
0 1 1 1 1 0 1 0 0 0
0 1 1 0 1 0 1 0 0 0
0 1 1 0 1 1 1 1 0 0
0 1 1 1 1 1 1 0 0 0
Maze 44
91 260 2.8000000000 2.2524340398 50 0.348576467551724
51 77 44 58 9 2 69 78 6 31 41 32 61 62 98 51
71 74 54 8 400 62 68 76 1 400 31 31 400 92 91
401 401 401 402 400 401 402 401 402 400 402 402 400 401 401
1 1 1 1 1 1 1 1 1 0
1 1 0 0 0 1 0 1 0 0
1 1 0 0 0 1 0 1 0 0
1 1 0 0 0 1 0 1 0 0
1 1 0 1 0 1 0 1 0 0
2 1 0 1 1 1 1 1 0 0
1 1 1 1 1 1 1 1 1 0
1 1 1 1 1 1 1 1 0 0
1 1 0 0 0 0 0 0 0 0
1 1 1 1 1 1 1 1 0 0
Maze 45
113 108 3.2542372881 1.9981708149 81 0.384771111544704
3 58 66 40 82 26 68 69 100 26 15 2 99 81 27 3
53 56 36 32 22 66 400 99 96 25 12 92 91 21 23
401 402 402 402 402 401 400 401 401 401 401 401 401 402 401
0 1 2 0 0 0 0 0 0 0
0 1 1 1 1 0 0 0 0 0
1 1 1 1 1 1 1 0 0 0
1 1 1 1 1 1 1 1 1 1
1 1 1 0 0 1 0 0 0 0
1 1 1 1 1 1 1 1 0 0
1 1 0 0 0 1 1 1 1 0
1 1 0 0 0 1 0 0 1 0
1 1 0 0 0 1 0 0 1 0
1 1 1 1 1 1 1 1 1 1
Maze 46
85 297 3.4761904762 2.0183324481 50 0.401136945889898
38 59 3 56 16 35 75 73 32 76 52 72 17 28 2 38
58 53 53 400 15 400 400 72 72 72 400 12 27 22 32
401 401 401 400 402 400 400 401 401 401 400 402 401 401 401
0 1 1 0 0 0 0 0 0 0
0 1 1 1 1 1 1 0 0 0
0 1 1 1 1 1 1 1 0 0
0 1 1 1 1 1 1 2 0 0
0 1 1 0 1 1 0 1 0 0
0 1 1 1 1 1 1 1 1 0
0 1 0 0 1 0 0 0 0 0
0 1 1 1 1 1 0 0 0 0
0 0 0 0 0 0 0 0 0 0
0 0 0 0 0 0 0 0 0 0
Maze 47
91 425 3.2941176471 2.1871286625 56 0.368901358653291
69 45 84 32 79 37 61 91 73 24 37 16 93 71 93 69
65 44 82 72 77 31 400 71 23 34 36 13 91 91 63
401 402 401 401 401 402 400 402 402 401 401 402 401 401 402
0 0 0 0 0 0 0 0 0 0
0 0 1 1 1 1 0 0 0 0
0 0 1 1 0 1 0 0 0 0
1 1 1 1 1 1 1 0 0 0
1 1 1 1 1 0 1 0 0 0
1 1 1 1 1 0 1 0 0 0
1 1 1 1 1 1 1 1 2 0
1 1 1 1 1 1 1 1 1 0
1 1 1 1 0 0 0 0 0 0
1 1 1 0 0 0 0 0 0 0
Maze 48
127 307 3.4716981132 1.7668119288 168 0.393323272255564
64 77 40 83 40 51 95 40 94 58 17 79 38 2 58 64
74 37 33 33 31 91 35 34 54 57 77 78 32 52 54
401 402 402 402 402 401 402 402 402 401 401 401 401 401 402
0 1 0 0 0 0 0 0 0 0
0 1 0 0 0 0 1 0 0 0
0 1 0 0 0 0 1 0 0 0
1 1 1 1 1 1 1 1 1 1
1 1 1 1 1 0 1 1 0 0
1 1 1 1 1 1 1 1 0 0
1 0 1 2 1 0 1 1 0 0
1 0 1 1 1 1 1 1 1 0
1 0 1 1 1 0 0 0 0 0
1 1 1 1 1 0 0 0 0 0
Maze 49
91 85 3.3333333333 2.0640750970 50 0.395324257918343
41 39 63 84 52 46 14 85 54 48 10 26 53 7 8 41
31 33 83 82 42 44 84 84 44 8 6 23 3 400 1
402 402 401 401 402 401 401 401 402 402 402 402 402 400 402
1 1 1 1 1 1 1 1 1 1
1 0 1 1 0 1 0 1 0 0
1 0 1 1 1 1 0 1 0 0
1 1 1 1 1 1 1 1 1 0
2 1 1 1 1 1 1 1 0 0
0 1 1 1 0 0 0 0 0 0
0 1 1 1 0 0 0 0 0 0
0 1 1 1 0 0 0 0 0 0
0 1 1 1 1 0 0 0 0 0
0 0 0 0 0 0 0 0 0 0
Maze 50
113 37 3.2280701754 1.9937019114 99 0.383090022306753
96 52 58 96 62 10 7 92 13 90 8 49 59 36 17 96
92 400 56 92 2 400 2 12 83 88 48 400 56 16 16
401 400 402 401 402 400 402 402 401 401 401 400 401 402 402
0 1 1 1 1 1 1 1 1 1
0 1 1 0 0 1 1 1 0 0
0 1 1 0 0 1 0 1 0 0
0 1 1 0 0 1 0 1 0 0
0 1 1 0 0 1 0 1 1 0
0 1 1 1 1 1 1 1 1 0
0 1 1 0 0 1 0 1 0 0
0 1 1 0 0 1 0 1 0 0
0 1 1 1 1 1 1 1 1 1
0 1 1 1 1 2 0 0 0 0
Maze 51
101 91 3.3703703704 2.1839035784 60 0.369156424838704
85 84 88 85 66 19 81 11 48 81 79 84 60 68 61 85
400 400 400 65 16 11 400 41 41 71 74 54 58 400 81
400 400 400 402 402 402 400 401 402 402 402 402 402 400 401
0 0 0 0 0 0 0 0 0 0
1 1 1 1 1 1 1 1 1 0
1 0 0 0 0 1 0 0 0 0
1 0 0 0 0 1 0 0 0 0
1 1 1 1 1 1 1 1 0 0
1 0 0 1 1 1 1 1 1 1
1 1 1 1 1 1 1 1 0 0
1 1 1 1 1 1 1 1 1 0
1 1 1 1 2 1 1 1 0 0
0 0 0 0 0 0 0 0 0 0
Maze 52
77 24 2.9166666667 2.1862124221 26 0.410735839825774
16 27 28 64 96 22 82 46 34 44 63 33 30 60 97 16
26 400 24 94 92 400 42 44 400 43 400 23 400 57 96
401 400 402 401 401 400 402 401 400 402 400 402 400 402 401
0 0 0 0 0 0 0 0 0 0
0 0 0 0 0 2 0 0 0 0
0 1 1 1 1 1 1 1 1 1
0 1 1 1 0 1 0 0 0 1
0 1 1 1 1 1 0 0 0 1
0 1 1 1 0 1 1 1 1 1
0 1 1 1 0 1 1 0 0 0
0 1 0 1 0 1 1 0 0 0
0 1 0 1 0 1 1 0 0 0
0 1 1 1 1 1 1 0 0 0
Maze 53
97 168 3.2592592593 2.1936411298 84 0.369672135933848
48 38 17 31 3 95 45 69 95 56 7 31 18 27 71 48
400 37 11 1 93 400 65 65 55 6 1 11 17 21 41
400 401 402 402 401 400 401 402 402 402 402 402 402 402 402
1 1 1 1 1 1 1 0 0 0
1 1 1 1 1 1 1 1 0 0
1 1 1 1 1 1 1 0 0 0
1 0 1 0 0 1 1 1 0 0
1 1 1 1 1 1 1 2 0 0
1 0 1 0 1 1 0 0 0 0
1 0 1 0 1 1 1 1 1 0
1 0 1 0 1 0 0 0 0 0
0 0 1 0 1 0 0 0 0 0
0 0 1 1 1 0 0 0 0 0
Maze 54
85 21 3.0869565217 2.0165392271 45 0.358814379761793
88 81 86 21 59 46 48 64 95 96 40 37 36 16 51 88
400 400 81 51 56 400 44 94 400 36 400 400 400 11 81
400 400 401 401 401 400 402 401 400 402 400 400 400 402 401
0 0 0 0 0 0 0 0 0 0
1 1 1 1 1 1 0 0 0 0
1 0 0 0 0 1 0 0 0 0
1 0 0 0 0 1 1 1 1 1
1 0 0 1 1 1 1 1 0 0
1 1 1 1 1 1 1 1 1 0
1 0 0 1 0 1 0 0 0 0
1 0 0 1 0 1 0 0 0 0
1 1 1 1 1 1 1 2 0 0
0 0 0 1 1 1 0 0 0 0
Maze 55
115 36 3.2413793103 2.0136905464 113 0.401065033066562
56 7 80 33 62 17 84 97 53 90 22 14 76 20 36 56
6 77 73 32 12 14 94 93 83 82 12 74 16 16 400
402 401 401 402 402 402 401 401 401 401 402 401 402 402 400
0 0 0 0 0 1 1 0 0 0
0 1 1 1 1 1 1 1 1 1
0 1 0 1 0 1 1 0 0 0
0 1 1 1 0 1 1 0 0 0
0 1 1 1 0 1 1 0 0 0
0 1 1 1 0 2 1 0 0 0
0 1 1 1 0 1 1 0 0 0
0 1 1 1 1 1 1 1 1 1
0 1 1 1 1 1 1 1 1 1
0 0 1 1 1 1 1 0 0 0
Maze 56
81 189 2.8936170213 2.0942448231 19 0.372652320240775
28 16 41 43 14 26 12 73 59 80 87 18 92 62 56 28
26 11 400 13 24 22 72 53 79 77 17 12 400 52 26
401 402 400 402 401 401 401 402 401 402 402 402 400 402 402
0 0 0 0 0 0 0 0 0 0
1 1 1 1 1 1 1 1 0 0
1 1 1 1 1 1 1 2 0 0
1 1 1 0 0 1 1 0 0 0
1 1 1 0 0 1 1 0 0 0
0 1 1 1 1 1 1 1 1 0
0 1 1 0 0 0 1 0 1 0
0 1 1 0 0 0 1 1 1 1
0 1 0 0 0 0 1 0 0 0
0 1 0 0 0 0 0 0 0 0
Maze 57
105 63 3.1785714286 2.0722518016 71 0.392749934045867
64 23 68 43 79 98 71 100 31 27 59 41 45 62 93 64
63 63 63 73 78 91 91 91 21 57 51 400 42 92 63
401 401 401 401 402 401 401 401 402 401 401 400 402 401 402
0 0 0 0 0 0 0 0 0 0
0 0 0 0 0 0 0 0 0 0
1 1 1 1 1 1 1 0 0 0
1 0 1 0 0 0 1 0 0 0
1 1 1 1 1 0 1 0 0 0
1 1 1 1 1 1 1 1 1 0
1 1 1 2 1 1 1 1 0 0
1 1 1 1 1 1 1 1 1 0
1 1 1 0 0 0 0 1 0 0
1 1 1 1 1 1 1 1 1 1
Maze 58
97 212 3.3043478261 1.8859555029 71 0.403580303122257
29 100 5 67 27 79 69 86 45 17 100 47 40 68 6 29
99 95 65 400 77 400 66 85 15 97 97 37 38 66 26
401 401 401 400 401 400 402 401 402 401 401 402 402 401 401
0 0 0 0 1 1 0 0 0 0
0 0 0 0 1 1 1 0 0 0
0 0 0 0 1 1 1 1 2 0
0 0 0 0 1 1 1 1 1 1
0 0 0 0 1 1 1 1 1 0
0 0 0 0 1 1 1 1 1 0
0 0 0 0 1 1 1 1 1 0
0 0 0 0 1 1 1 1 1 0
0 0 0 0 1 1 1 0 1 0
0 0 0 0 1 1 1 1 1 1
Maze 59
115 1042 3.5737704918 2.2198899698 156 0.385441349135530
18 87 17 94 52 63 50 8 73 41 70 14 51 6 12 18
17 400 14 92 62 43 48 3 71 61 64 11 1 2 400
402 400 402 401 401 402 401 402 401 401 401 402 402 402 400
1 1 1 1 1 1 1 1 0 0
1 1 1 1 1 1 1 2 0 0
1 0 1 1 0 0 1 1 0 0
1 0 1 1 0 0 1 1 0 0
1 0 1 1 1 1 1 1 1 1
1 1 1 1 0 0 1 0 0 0
1 1 1 1 1 1 1 1 1 1
1 1 1 1 0 0 1 0 0 0
0 1 0 1 0 0 1 0 0 0
0 1 1 1 0 0 0 0 0 0
Maze 60
73 7 3.5000000000 1.9534542863 20 0.372452446205680
39 86 48 42 45 62 33 16 3 1 41 14 37 4 45 39
36 46 400 400 42 32 13 13 400 400 11 34 34 44 35
402 402 400 400 402 402 402 401 400 400 402 401 401 401 402
1 1 1 1 0 0 0 0 0 0
1 1 1 1 1 1 0 0 0 0
1 0 1 1 0 0 0 0 0 0
1 1 1 1 1 1 1 1 2 0
1 1 1 1 1 1 1 1 0 0
0 1 0 0 0 1 0 0 0 0
0 1 0 0 0 1 0 0 0 0
0 0 0 0 0 1 0 0 0 0
0 0 0 0 0 1 0 0 0 0
0 0 0 0 0 0 0 0 0 0
Maze 61
89 1308 3.2692307692 2.2453530182 45 0.373583941498055
33 32 79 37 64 90 58 1 34 46 24 68 73 33 27 33
400 72 77 34 84 88 51 31 44 44 64 63 400 23 23
400 401 401 402 401 401 401 401 401 401 401 402 400 402 402
1 0 0 0 0 0 0 0 0 0
1 0 0 0 0 0 0 0 0 0
1 0 1 1 1 1 1 0 0 0
1 1 2 1 1 1 1 0 0 0
1 1 1 1 1 1 1 0 0 0
1 1 1 1 1 1 1 1 0 0
0 1 1 1 1 1 1 1 0 0
0 1 1 1 1 1 1 1 1 0
0 0 0 1 1 1 1 1 1 1
0 0 0 0 0 0 0 0 0 0
Maze 62
95 828 3.0491803279 2.2825725269 71 0.388168269264750
87 14 46 40 61 81 87 79 66 82 51 3 96 27 19 87
84 44 36 31 400 400 77 76 62 81 1 93 26 17 17
401 401 402 402 400 400 402 401 402 401 402 401 402 402 402
1 1 1 0 0 0 0 0 0 0
1 0 1 1 0 0 1 1 1 0
1 0 1 1 0 1 1 0 0 0
1 1 1 1 1 1 1 1 1 1
1 0 1 1 1 1 1 0 0 0
1 0 1 1 0 1 1 0 0 0
1 1 1 1 1 1 1 0 0 0
1 1 1 1 0 1 1 1 1 0
1 1 1 1 1 1 2 0 0 0
0 0 1 1 1 1 0 0 0 0
Maze 63
129 8215 3.6363636364 2.2445499152 154 0.392206874259126
46 81 26 82 100 37 91 86 76 13 80 25 69 60 92 46
41 21 22 92 97 31 81 400 73 73 75 65 59 52 42
402 402 402 401 401 402 402 400 401 401 401 401 402 402 402
0 0 0 0 0 0 0 0 0 0
0 0 1 0 0 0 0 0 0 0
1 1 1 1 1 1 0 0 0 0
1 1 1 1 1 1 1 0 0 0
1 1 1 1 1 2 1 0 0 0
1 1 1 1 1 1 1 1 1 1
1 1 1 0 1 1 1 1 1 0
1 1 1 1 1 1 1 1 1 1
1 1 1 1 1 1 1 0 0 0
1 1 1 1 1 1 1 1 1 1
Maze 64
113 366 3.0285714286 2.3070767318 90 0.385916248638263
31 98 47 43 40 76 2 89 90 52 29 58 6 31 44 31
91 97 400 33 36 72 82 400 82 22 28 56 1 41 41
401 401 400 402 402 401 401 400 401 402 402 401 402 401 401
1 1 1 1 1 1 0 0 0 0
1 1 0 0 0 1 0 0 0 0
1 1 1 1 1 1 1 1 1 0
2 1 1 1 1 1 1 1 1 1
1 1 1 1 1 1 1 1 0 0
1 1 0 0 0 1 1 1 0 0
1 1 0 0 0 1 1 0 0 0
1 1 1 1 1 1 1 0 0 0
1 1 1 1 1 1 1 1 1 1
1 1 1 1 1 1 1 1 0 0
Maze 65
137 64 3.3220338983 1.9127559342 237 0.387775794764324
1 79 62 76 17 40 37 89 71 38 71 5 77 13 79 1
71 72 72 16 37 400 87 81 31 31 1 75 73 73 71
401 401 401 402 401 400 401 401 402 402 402 401 401 401 401
2 1 1 1 1 0 0 0 0 0
1 0 1 0 1 1 1 0 0 0
1 0 1 0 1 1 1 0 0 0
1 1 1 1 1 1 1 1 1 1
1 0 1 0 1 1 1 0 0 0
1 0 1 0 1 1 1 0 0 0
1 1 1 0 1 1 1 0 0 0
1 1 1 1 1 1 1 1 1 0
1 1 1 1 1 1 1 1 1 0
0 0 0 0 0 0 0 0 0 0
Maze 66
105 15300 3.1562500000 2.2852363519 104 0.387046972409050
40 77 1 54 13 26 50 12 73 34 9 29 31 34 96 40
37 71 51 53 23 46 42 72 33 4 400 21 400 94 36
402 401 401 401 401 401 401 401 402 402 400 402 400 401 402
1 0 0 1 1 1 1 1 1 0
1 1 1 1 0 0 0 0 1 0
1 1 1 1 1 1 1 1 1 0
1 1 1 1 0 1 1 1 1 2
1 1 1 1 1 1 1 1 1 1
1 1 1 1 0 1 1 0 0 0
1 1 1 1 0 1 1 0 0 0
1 1 1 1 1 1 1 0 0 0
0 0 0 1 0 1 0 0 0 0
0 0 0 1 1 1 0 0 0 0
Maze 67
113 559 3.8400000000 2.0235967155 99 0.398434725070472
3 69 44 11 54 1 73 22 79 81 5 29 42 34 16 3
63 64 41 51 51 71 72 72 71 1 25 22 32 14 13
401 401 401 401 401 401 401 401 402 402 401 402 402 402 401
1 1 2 1 1 0 0 0 0 0
1 0 1 1 1 1 0 0 0 0
1 1 1 1 1 1 1 1 1 0
1 1 1 1 0 0 0 0 0 0
1 1 1 1 0 0 0 0 0 0
1 1 1 1 0 0 0 0 0 0
1 1 1 1 1 1 1 1 1 0
1 1 1 1 1 1 1 1 1 0
1 0 0 0 0 0 0 0 0 0
0 0 0 0 0 0 0 0 0 0
Maze 68
83 12 3.3023255814 2.0392407769 30 0.361115810445927
82 92 50 44 63 85 46 7 8 76 6 37 76 91 98 82
400 42 400 43 83 45 6 400 6 400 36 36 71 400 92
400 402 400 402 401 402 402 400 402 400 401 402 402 400 401
0 0 0 0 0 1 1 1 0 0
0 0 0 0 0 1 0 0 0 0
0 0 0 0 0 1 0 0 0 0
0 0 0 0 0 1 1 0 0 0
0 1 1 1 1 1 1 1 1 1
0 1 1 0 1 1 0 0 0 0
0 1 1 0 1 1 0 0 0 0
1 1 1 1 1 1 0 0 0 0
1 2 1 1 1 0 0 0 0 0
1 1 1 1 1 1 1 1 0 0
Maze 69
87 27 3.7222222222 1.9108318939 41 0.400656878792694
21 54 91 23 14 3 3 28 73 51 15 27 32 20 43 21
51 51 21 13 13 400 23 23 71 11 25 22 12 13 41
401 402 402 402 401 400 401 402 401 402 401 402 402 402 401
0 0 1 0 0 0 0 0 0 0
1 1 1 1 1 1 1 1 1 1
2 1 1 1 1 1 1 1 0 0
1 1 1 0 0 0 0 0 0 0
1 1 1 0 0 0 0 0 0 0
1 1 1 1 0 0 0 0 0 0
1 0 1 0 0 0 0 0 0 0
1 1 1 0 0 0 0 0 0 0
1 0 0 0 0 0 0 0 0 0
1 0 0 0 0 0 0 0 0 0
Maze 70
107 251 2.9855072464 2.2777687567 74 0.377904858446649
35 97 27 90 100 28 71 14 45 69 96 32 20 33 65 35
95 400 87 400 98 21 11 44 65 66 92 12 13 63 400
401 400 401 400 401 402 402 401 401 402 401 402 402 401 400
0 0 0 0 0 0 0 0 0 0
1 1 1 1 1 1 1 1 1 1
1 1 1 1 1 1 1 1 0 0
1 1 1 1 2 0 1 1 0 0
1 1 1 1 1 0 1 1 0 0
1 1 1 0 1 0 1 1 0 0
1 1 1 1 1 1 1 1 1 0
1 1 0 0 1 1 1 1 0 0
0 1 0 0 1 1 1 1 1 1
0 1 1 1 1 1 1 1 1 1
Maze 71
101 845 3.4230769231 2.0743230103 77 0.392636746222242
50 6 66 11 49 67 15 64 6 30 5 99 58 44 49 50
46 400 61 41 47 65 14 4 26 25 95 98 54 400 400
401 400 401 401 402 401 402 402 401 401 401 401 401 400 400
0 0 0 1 1 1 0 0 0 0
1 0 0 1 1 1 0 0 0 0
1 0 0 1 1 1 1 1 1 1
1 0 0 1 1 1 0 0 0 0
1 1 1 1 1 1 1 1 1 2
1 0 0 1 1 1 1 1 0 0
1 1 1 1 1 1 1 1 0 0
0 0 0 0 1 0 0 1 0 0
0 0 0 0 1 0 0 1 0 0
0 0 0 0 1 1 1 1 1 0
Maze 72
99 579 3.3793103448 2.3110125115 71 0.381062815297110
61 86 27 84 22 5 45 99 24 61 21 2 63 54 70 61
81 26 24 82 2 400 95 94 21 400 1 62 53 64 400
401 402 402 401 402 400 401 401 402 400 402 401 402 401 400
1 1 1 1 1 0 0 0 0 0
1 1 0 0 1 0 0 0 0 0
1 1 1 1 1 1 1 0 0 0
1 1 0 1 1 1 0 0 0 0
1 1 0 1 1 1 0 0 0 0
1 1 1 1 1 1 0 0 0 0
2 1 1 1 1 1 1 1 1 1
1 1 0 1 1 1 0 0 0 0
1 1 1 1 1 1 0 0 0 0
0 0 0 1 1 1 1 1 1 0
Maze 73
91 321 3.1481481481 2.1805210830 45 0.383766317619189
30 65 58 36 20 52 32 83 29 98 79 71 72 39 18 30
25 55 56 16 12 400 82 23 28 78 400 400 32 38 28
402 402 401 402 402 400 401 402 402 402 400 400 402 401 401
0 0 0 0 0 0 0 0 0 0
0 1 1 1 1 1 1 1 1 1
0 1 1 1 1 1 1 1 1 2
0 1 1 1 1 1 1 1 1 0
0 1 1 0 1 1 0 1 0 0
0 1 1 0 1 1 1 1 0 0
0 1 1 0 1 0 0 1 0 0
1 1 1 1 1 1 1 1 1 0
0 1 1 0 0 0 0 1 0 0
0 0 0 0 0 0 0 1 0 0
Maze 74
111 41 3.4583333333 1.9445562512 92 0.383184772474015
82 59 7 86 96 14 89 21 58 21 87 75 52 55 84 82
52 57 6 400 94 84 81 51 51 81 85 72 400 54 400
402 401 402 400 401 401 401 401 401 401 401 401 400 402 400
0 0 0 0 0 1 1 0 0 0
0 0 0 1 0 1 1 0 0 0
1 0 0 1 0 1 1 0 0 0
1 0 0 1 0 1 1 0 0 0
1 0 0 1 0 1 1 0 0 0
1 1 1 1 1 1 1 1 1 0
1 1 0 1 0 1 0 0 0 0
1 1 1 1 1 1 0 0 0 0
1 2 1 1 1 1 1 1 1 0
0 0 0 1 1 1 0 0 0 0
Maze 75
125 585 3.0357142857 1.7062762921 174 0.398772851526159
75 40 57 43 16 69 3 16 79 57 92 40 96 21 40 75
35 37 53 13 66 63 13 76 77 52 32 36 91 31 35
402 402 401 402 401 401 401 401 401 402 402 402 401 401 402
0 0 1 0 0 0 0 0 0 0
0 0 1 1 1 1 0 0 0 0
1 0 1 0 0 1 0 0 0 0
1 1 1 1 1 1 1 1 1 1
1 1 1 0 1 1 1 0 0 0
1 1 1 1 1 1 1 0 0 0
1 1 1 1 1 1 1 1 1 0
1 1 0 0 2 1 1 1 1 0
1 1 0 0 0 1 0 0 0 0
1 1 1 1 1 1 0 0 0 0
Maze 76
91 10 3.5555555556 2.2057836679 40 0.363890524822345
81 14 46 58 36 95 20 43 33 32 21 99 97 41 32 81
11 44 56 56 35 15 13 400 400 31 91 400 91 31 31
402 401 401 401 402 402 402 400 400 401 401 400 401 402 402
0 0 0 0 0 0 0 0 0 0
1 1 1 1 1 1 1 1 1 1
1 0 1 1 1 0 0 0 0 0
1 1 1 1 1 1 0 0 0 0
1 0 1 1 1 1 0 0 0 0
1 0 0 0 1 1 1 1 0 0
1 0 0 0 1 0 0 0 0 0
1 0 0 0 1 0 0 0 0 0
2 0 0 0 1 0 0 0 0 0
1 1 1 1 1 1 1 1 1 0
Maze 77
85 104 3.1200000000 2.1735887902 41 0.356792334396615
77 88 47 86 19 27 38 79 54 29 19 62 86 74 22 77
87 87 46 16 17 37 78 74 24 400 12 82 84 72 72
401 401 402 402 402 401 401 401 402 400 402 401 401 401 401
0 0 0 0 0 0 0 0 0 0
0 1 1 1 1 1 1 1 1 0
0 1 0 1 1 1 1 1 1 0
0 1 0 1 0 1 1 1 0 0
0 1 0 1 0 1 1 1 0 0
0 1 0 1 0 1 1 1 0 0
0 1 0 1 0 1 1 1 0 0
0 1 1 1 1 1 2 1 1 0
0 1 1 1 1 1 1 1 0 0
0 0 0 0 0 0 0 0 0 0
Maze 78
89 15 2.5846153846 2.2996439890 32 0.362556237347690
77 54 9 4 51 100 80 10 36 46 94 13 33 72 54 77
74 4 400 1 91 400 400 6 400 44 93 400 32 52 74
401 402 400 402 401 400 400 402 400 402 401 400 402 402 401
1 1 1 1 1 1 1 1 1 1
1 0 1 1 0 1 0 0 0 1
1 0 1 1 0 1 0 0 0 1
1 1 1 1 0 1 0 0 0 1
1 1 1 1 1 1 0 0 0 1
1 1 1 1 0 0 0 0 0 1
1 1 1 1 0 0 0 0 0 1
1 1 1 1 1 1 2 0 0 1
1 0 1 1 0 0 0 0 0 1
1 1 1 1 1 1 1 1 1 1
Maze 79
99 50 2.8571428571 2.1279500364 54 0.356627746344077
66 81 78 70 87 6 81 48 55 22 6 21 94 77 85 66
61 71 68 67 86 1 41 45 52 2 1 91 74 75 65
402 402 402 402 401 402 402 402 401 402 402 401 402 402 402
1 1 1 1 1 1 0 0 0 0
1 1 0 0 0 1 0 0 0 0
1 1 0 0 0 1 0 0 0 0
1 1 0 0 0 1 0 0 0 0
1 1 1 1 1 1 1 1 0 0
1 1 1 1 1 1 0 0 0 0
1 1 1 1 1 2 1 1 1 1
1 1 1 1 1 1 1 1 0 0
1 0 0 1 1 1 1 0 0 0
1 1 1 1 0 0 0 0 0 0
Maze 80
101 202 3.2830188679 2.0903816965 51 0.372409137733412
54 89 91 33 75 59 66 36 13 53 9 84 43 92 58 54
84 81 31 73 55 56 400 33 400 3 4 83 42 52 400
401 402 402 401 402 402 400 401 400 402 402 401 402 402 400
0 0 1 1 1 1 1 1 1 0
0 0 1 1 0 0 0 0 0 0
0 0 1 1 0 0 0 0 0 0
1 1 1 1 1 1 0 0 0 0
1 1 1 1 0 1 0 0 0 0
1 1 1 2 1 1 1 1 1 0
1 1 1 1 1 1 0 0 0 0
1 1 1 1 1 0 0 0 0 0
1 1 1 1 1 1 1 1 1 0
1 1 0 0 0 0 0 0 0 0
Maze 81
75 17 2.6792452830 2.3361250919 30 0.340673990949223
65 96 70 67 99 59 27 19 96 37 32 56 44 72 94 65
95 66 400 97 400 57 17 16 36 400 52 54 42 92 64
401 402 400 401 400 401 402 402 402 400 401 401 402 401 402
0 0 0 0 0 0 0 0 0 0
0 0 0 0 0 1 1 1 1 0
0 0 0 0 0 1 1 0 0 0
0 1 1 1 1 1 1 0 0 0
0 1 1 1 0 1 1 0 0 0
0 1 1 1 1 1 1 1 1 0
0 1 0 1 2 1 1 1 1 1
0 1 0 1 1 1 1 0 1 0
0 1 0 1 1 1 1 0 1 0
0 1 1 1 1 1 1 1 1 0
Maze 82
125 19 3.3770491803 2.1065661887 123 0.381517264191967
81 27 18 79 78 7 11 20 73 44 21 100 91 4 9 81
21 17 78 400 77 1 400 13 43 41 91 400 1 400 1
402 402 401 400 401 402 400 402 402 401 401 400 402 400 402
1 1 1 1 1 1 1 1 1 0
1 1 1 1 1 1 1 1 1 1
1 1 1 1 1 1 1 1 0 0
1 0 1 0 0 0 1 1 0 0
1 1 1 1 0 0 1 1 0 0
1 0 1 0 0 0 1 1 0 0
1 0 1 0 0 0 1 1 0 0
1 0 1 0 0 0 1 1 1 0
2 0 0 0 0 0 0 0 0 0
1 1 1 1 1 1 1 1 1 1
Maze 83
93 42 3.3818181818 2.2779762722 41 0.411919629458808
10 8 21 36 43 76 80 79 72 49 26 87 23 30 34 10
400 1 31 33 73 400 400 400 42 46 86 83 400 24 4
400 402 401 402 401 400 400 400 402 401 401 401 400 402 402
1 1 1 1 1 1 1 1 1 2
1 0 0 1 0 0 0 0 0 0
1 0 1 1 1 1 1 1 1 1
1 1 1 1 1 1 0 0 0 0
0 1 1 1 1 1 1 1 1 0
0 1 1 0 0 1 0 0 0 0
0 1 1 0 0 1 0 0 0 0
0 1 1 1 1 1 1 1 1 1
0 0 1 1 1 1 1 0 0 0
0 0 0 0 0 0 0 0 0 0
Maze 84
77 12 3.2222222222 1.8162380122 23 0.388900801481888
44 24 8 63 72 33 60 63 54 46 38 6 38 4 63 44
400 4 3 62 32 53 53 53 44 36 36 36 34 3 43
400 402 402 402 402 401 402 402 402 402 401 401 401 402 402
0 0 1 1 1 1 1 1 0 0
0 0 1 1 0 1 0 0 0 0
0 0 1 1 0 1 0 0 0 0
0 1 1 1 1 1 1 1 0 0
0 1 1 2 1 1 0 0 0 0
0 1 1 1 1 1 1 1 1 1
0 1 1 0 0 0 0 0 0 0
0 1 0 0 0 0 0 0 0 0
0 0 0 0 0 0 0 0 0 0
0 0 0 0 0 0 0 0 0 0
Maze 85
115 250 3.3818181818 2.0443231683 106 0.372138440662167
53 67 87 26 10 1 85 54 3 91 59 21 77 24 76 53
63 400 86 6 400 81 84 53 1 51 51 71 74 74 73
401 400 401 402 400 401 401 401 402 402 401 401 401 401 401
1 1 1 1 1 1 1 1 1 1
1 0 1 0 0 1 0 0 0 0
1 0 1 1 0 1 0 0 0 0
1 0 1 1 0 1 0 0 0 0
1 0 1 1 0 1 0 0 0 0
1 1 2 1 1 1 1 1 1 0
1 0 1 1 1 1 1 0 0 0
1 1 1 1 1 1 1 0 0 0
1 1 1 1 1 1 1 0 0 0
1 0 0 0 0 0 0 0 0 0
Maze 86
91 56 2.7333333333 2.2573010794 56 0.402402790306950
65 83 81 91 26 80 72 23 33 97 53 16 77 7 64 65
63 400 400 21 76 400 22 400 93 93 13 76 400 4 400
402 400 400 402 401 400 402 400 401 401 402 401 400 402 400
0 0 0 1 1 1 1 0 0 0
0 0 1 1 1 1 1 0 0 0
1 1 1 1 1 1 1 0 0 0
1 1 1 1 0 1 1 0 0 0
1 1 1 1 0 1 1 0 0 0
1 1 1 1 0 1 1 0 0 0
1 1 1 1 2 1 1 0 0 0
1 1 1 1 1 1 1 1 1 1
1 1 1 0 0 0 0 0 0 0
1 0 1 1 1 1 1 0 0 0
Maze 87
117 330 2.9411764706 2.1388803640 86 0.389092187378924
60 77 70 17 66 99 19 98 11 18 9 99 53 91 8 60
57 67 67 16 96 400 18 91 400 8 400 93 51 1 58
402 402 401 402 401 400 402 401 400 402 400 401 402 402 401
1 1 1 1 1 1 1 1 1 0
1 1 1 1 1 1 1 1 1 0
1 0 0 0 0 1 1 1 1 0
1 0 0 0 0 1 1 1 1 0
1 0 0 0 0 1 1 1 1 0
1 1 1 0 0 1 1 1 1 2
1 0 1 0 0 1 1 1 1 1
1 0 1 0 0 1 1 1 1 0
1 0 1 0 0 1 0 1 1 0
1 1 1 1 1 1 1 1 1 0
Maze 88
83 3 2.6538461538 2.0898047021 30 0.363999115728234
80 90 70 39 70 18 19 81 51 94 16 60 18 18 96 80
400 400 69 69 68 400 11 400 91 14 56 58 400 16 76
400 400 401 401 401 400 402 400 401 402 401 401 400 402 402
0 0 0 0 0 0 0 0 0 0
1 1 1 1 1 1 1 1 1 0
1 0 0 1 0 1 0 1 0 0
1 0 0 1 0 1 0 1 1 0
1 0 0 1 0 1 0 1 1 0
1 0 0 1 0 1 1 1 1 1
1 0 0 1 0 1 0 1 1 1
1 0 0 1 0 1 1 1 1 2
1 0 0 1 0 1 0 0 0 1
1 1 1 1 0 1 0 0 0 0
Maze 89
99 202 3.2413793103 2.2217810464 84 0.376917168865495
85 37 8 28 90 9 60 13 89 6 78 59 50 56 98 85
35 7 400 88 89 59 53 83 86 76 58 49 46 96 95
402 402 400 401 401 401 401 401 401 401 402 402 402 401 401
0 0 0 0 0 1 1 1 1 0
0 0 1 0 0 1 1 1 1 0
0 0 1 0 0 1 1 1 1 0
0 0 1 0 1 1 1 1 1 0
0 0 1 0 1 1 1 1 1 1
0 0 1 1 1 1 1 1 1 1
0 0 1 0 1 1 0 1 1 0
0 0 1 0 1 1 1 1 1 0
0 0 1 1 2 1 1 1 1 1
0 0 0 0 1 1 1 1 0 0
Maze 90
121 279 3.5333333333 2.1465517549 140 0.391774723750571
84 29 30 95 51 75 8 82 94 70 45 80 16 77 16 84
24 400 25 91 71 5 2 92 64 65 75 76 76 76 14
402 400 402 401 401 402 402 401 402 401 401 401 401 401 402
0 1 1 1 1 1 1 1 0 0
0 1 0 1 1 1 0 0 0 0
0 1 0 1 1 1 1 1 1 1
0 1 0 1 1 1 0 0 0 0
0 1 0 1 1 1 0 0 0 0
1 1 0 1 1 1 0 0 0 0
1 1 0 1 1 1 1 1 1 1
1 1 1 1 1 1 1 1 1 1
1 1 0 2 1 0 0 0 0 0
1 1 1 1 1 0 0 0 0 0
Maze 91
99 13 3.4716981132 2.1711102278 56 0.394056424015333
36 94 14 64 1 91 54 73 6 83 90 96 28 40 26 36
34 400 400 61 400 51 53 3 3 400 86 26 38 36 400
402 400 400 401 400 402 402 402 402 400 402 402 401 401 400
1 0 1 1 1 1 0 0 0 0
1 0 1 1 0 0 0 0 0 0
1 0 1 1 0 1 1 1 0 0
1 0 1 1 1 2 1 1 1 1
1 0 1 1 0 1 0 0 0 0
1 1 1 1 0 1 0 0 0 0
1 1 1 1 0 1 0 0 0 0
1 0 1 1 0 1 0 0 0 0
1 0 1 1 1 1 1 1 1 1
1 0 0 1 0 1 0 0 0 0
Maze 92
109 91 3.1379310345 2.0026310179 104 0.394187995114945
2 69 25 96 77 9 95 78 30 88 68 99 47 21 8 2
62 65 95 76 7 5 75 28 28 400 98 97 41 1 400
401 401 401 402 402 402 402 402 402 400 401 401 401 402 400
1 2 1 1 1 1 1 1 1 0
1 1 0 0 1 0 1 0 0 0
1 1 0 0 1 0 1 1 1 1
1 1 0 0 1 0 1 1 0 0
1 1 1 1 1 1 1 1 0 0
0 1 0 0 1 0 1 1 0 0
0 1 1 1 1 1 1 1 1 0
0 0 0 0 1 1 1 1 0 0
0 0 0 0 1 1 1 1 0 0
0 0 0 0 1 1 1 1 1 0
Maze 93
93 124 3.6363636364 1.9381130672 36 0.391519482143687
62 47 5 23 49 81 4 19 16 38 63 63 16 1 14 62
42 45 3 43 41 1 14 400 36 33 400 13 11 11 12
402 401 402 401 402 402 401 400 401 402 400 402 401 401 402
1 1 1 1 1 0 0 0 0 0
1 1 1 1 1 1 1 1 1 0
1 1 1 0 1 1 0 0 0 0
1 1 1 1 1 1 1 1 0 0
1 1 1 1 1 1 1 1 1 0
1 1 1 0 0 0 0 0 0 0
1 2 1 0 0 0 0 0 0 0
1 0 0 0 0 0 0 0 0 0
1 0 0 0 0 0 0 0 0 0
0 0 0 0 0 0 0 0 0 0
Maze 94
71 4 3.3333333333 1.9469286306 13 0.386305224603463
61 69 85 84 79 79 98 96 32 62 97 80 65 32 12 61
400 65 400 74 400 78 400 92 400 92 77 75 62 400 11
400 402 400 402 400 402 400 401 400 401 402 401 401 400 402
0 0 0 0 0 0 0 0 0 0
1 1 0 0 0 0 0 0 0 0
1 1 0 0 0 0 0 0 0 0
1 1 0 0 0 0 0 0 0 0
1 1 0 0 0 0 0 0 0 0
1 1 0 0 0 0 0 0 0 0
2 1 1 1 1 1 1 1 1 0
0 1 0 1 1 1 1 1 1 1
0 1 0 1 1 0 1 1 0 0
0 1 1 1 1 1 1 1 0 0
Maze 95
87 17 2.8363636364 2.2243968588 50 0.384149725172905
98 23 14 78 52 43 27 45 6 24 14 85 68 86 40 98
93 13 74 72 42 23 25 5 4 400 84 65 66 36 38
401 402 401 401 402 402 402 402 402 400 401 402 402 402 402
0 0 0 1 1 1 0 0 0 0
0 0 1 1 1 0 0 0 0 0
0 0 1 1 1 1 1 0 0 0
0 0 1 1 1 1 1 1 1 1
0 1 1 1 1 1 0 1 0 0
0 1 1 1 0 1 0 1 0 0
0 1 1 1 1 1 1 1 0 0
0 1 1 1 1 1 1 1 0 0
0 0 1 1 1 1 0 1 0 0
0 0 1 1 1 1 1 2 0 0
Maze 96
105 12 3.3962264151 1.9599405581 105 0.370794641941622
74 15 48 93 44 49 52 10 31 29 83 89 95 84 93 74
14 45 43 43 400 42 2 1 21 23 400 85 94 83 73
402 401 402 402 400 402 402 402 402 402 400 402 401 402 402
1 1 1 1 1 1 1 1 1 1
1 1 0 1 1 0 0 0 0 0
1 1 1 1 1 1 1 1 1 0
1 1 1 1 1 0 0 0 0 0
0 1 1 1 1 1 1 1 1 0
0 1 1 1 0 0 0 0 0 0
0 0 1 1 0 0 0 0 0 0
0 0 1 2 0 0 0 0 0 0
0 0 1 1 1 1 1 1 1 0
0 0 1 1 1 0 0 0 0 0
Maze 97
81 33 3.2857142857 2.0251123119 23 0.368639376981265
67 92 98 46 79 33 79 69 93 61 51 1 43 74 74 67
62 400 96 76 73 73 400 63 91 400 400 41 73 400 64
402 400 401 401 401 401 400 402 401 400 400 401 401 400 402
1 0 0 0 0 0 0 0 0 0
1 0 0 0 0 0 0 0 0 0
1 0 0 0 0 0 0 0 0 0
1 0 1 0 0 0 0 0 0 0
1 1 1 0 0 1 0 0 0 0
1 0 1 0 0 1 0 0 0 0
1 1 1 1 1 1 2 1 1 0
1 1 1 1 1 1 1 1 1 0
1 1 1 0 0 1 0 0 0 0
1 1 1 1 1 1 1 1 0 0
Maze 98
101 30 2.8363636364 1.8889449313 47 0.396947418997811
60 92 58 53 22 95 89 47 50 69 44 82 9 30 55 60
52 52 400 52 92 85 87 400 49 64 42 2 29 25 400
402 402 400 401 401 402 401 400 402 401 402 402 401 402 400
0 1 1 1 1 1 1 1 1 0
0 1 0 0 0 0 0 0 1 0
0 1 0 0 1 1 1 1 1 1
0 1 0 0 1 0 0 0 0 0
0 1 1 1 1 0 1 1 1 1
0 1 1 1 1 1 1 1 1 2
0 1 0 1 1 1 1 1 1 0
0 1 0 0 0 0 1 0 0 0
0 1 0 0 1 1 1 1 1 0
0 1 1 1 1 0 0 0 0 0
Maze 99
105 58 3.2758620690 2.2217810464 86 0.384803628538053
11 36 44 29 25 29 48 5 13 57 71 32 99 61 20 11
31 34 24 400 400 28 45 3 53 51 31 92 91 11 400
401 402 402 400 400 402 401 402 401 402 402 401 401 402 400
0 0 1 1 1 0 0 0 0 0
2 1 1 1 1 1 1 1 1 1
1 0 1 1 1 1 1 1 1 0
1 1 1 1 1 1 0 1 0 0
1 1 1 1 1 1 1 1 0 0
1 1 1 1 1 1 1 0 0 0
1 1 0 0 0 0 0 0 0 0
1 1 0 0 0 0 0 0 0 0
1 1 0 0 0 0 0 0 0 0
1 1 1 1 1 1 1 1 1 0
Maze 100
107 25 2.7407407407 1.7780241827 104 0.378331177886463
51 21 3 84 16 15 31 50 98 74 19 51 5 83 95 51
400 1 83 14 400 11 41 48 94 14 11 1 3 93 91
400 402 401 402 400 402 401 402 401 402 402 402 402 401 401
1 1 1 1 1 0 0 0 0 0
1 1 1 1 1 1 1 1 1 0
1 0 1 1 0 0 0 0 0 0
1 0 1 1 0 0 0 0 0 0
1 1 1 1 1 1 1 1 1 1
2 0 1 1 0 0 0 1 0 0
1 0 1 1 0 0 0 1 0 0
1 0 1 1 0 0 0 1 0 0
1 0 1 1 0 0 0 1 0 0
1 1 1 1 1 1 1 1 0 0
Maze 101
115 752 3.4400000000 1.8258312808 141 0.389183125150446
37 9 83 29 1 46 16 82 46 65 54 18 83 33 83 37
7 3 23 21 41 400 12 42 45 64 14 13 400 400 33
402 402 402 401 401 400 402 402 402 401 402 402 400 400 402
1 0 1 1 1 1 1 1 1 0
1 1 1 1 1 1 1 1 0 0
1 1 1 1 1 1 1 1 1 0
1 1 1 1 1 1 2 0 0 0
1 1 1 1 1 1 0 0 0 0
0 1 1 1 1 0 0 0 0 0
0 1 1 1 1 0 0 0 0 0
0 1 1 0 0 0 0 0 0 0
0 1 1 0 0 0 0 0 0 0
0 0 0 0 0 0 0 0 0 0
Maze 102
89 98 3.0000000000 1.9317009508 41 0.383722741859398
92 17 45 56 13 29 59 43 22 82 58 14 6 17 31 92
12 15 55 53 23 400 53 42 400 52 54 4 16 11 91
402 402 401 401 401 400 401 401 400 402 401 402 401 402 401
0 0 0 1 1 1 0 0 0 0
1 1 1 1 1 1 1 0 0 0
1 1 1 1 1 1 1 1 1 0
1 1 1 1 1 0 0 0 1 0
1 1 1 1 1 0 0 0 1 0
1 1 1 1 1 1 1 1 1 0
1 1 0 0 0 0 0 0 0 0
1 1 0 0 0 0 0 0 0 0
1 1 0 0 0 0 0 0 0 0
1 2 0 0 0 0 0 0 0 0
Maze 103
97 41 3.7083333333 2.1415321292 53 0.370184415089710
47 64 100 26 36 49 53 74 73 39 22 20 83 56 24 47
44 94 96 400 46 43 73 400 33 32 12 13 53 54 44
402 401 401 400 401 402 401 400 402 401 402 402 402 401 401
0 0 0 0 0 0 0 0 0 0
0 1 1 1 1 1 1 1 1 1
0 1 1 1 0 1 0 0 0 0
0 1 1 1 1 1 1 1 1 0
0 0 1 1 1 1 2 1 1 0
0 0 1 1 1 1 0 0 0 0
0 0 1 1 0 1 0 0 0 0
0 0 1 1 0 1 0 0 0 0
0 0 1 1 0 1 0 0 0 0
0 0 0 1 1 1 1 1 1 1
Maze 104
91 34 3.3846153846 2.1575048980 50 0.393279400850214
27 30 30 62 61 60 90 14 70 95 88 58 32 83 25 27
400 400 22 400 51 400 84 64 65 85 400 52 82 23 400
400 400 402 400 402 400 401 401 402 402 400 401 401 402 400
0 0 0 0 0 0 0 0 0 0
0 0 0 1 0 0 0 0 0 0
0 1 1 1 1 1 2 1 1 1
0 1 1 1 0 0 0 0 0 0
0 1 1 1 0 0 0 0 0 0
1 1 1 1 1 1 1 1 1 1
1 1 1 1 1 1 1 1 1 1
0 1 1 1 1 0 0 1 0 1
0 1 1 1 1 1 1 1 1 1
0 0 0 0 1 0 0 0 0 0
Maze 105
81 79 3.0000000000 2.0986318815 30 0.380780403052670
39 67 43 47 79 33 6 33 6 15 75 6 8 90 69 39
37 63 400 77 73 3 3 3 5 400 5 400 88 89 400
402 401 400 401 401 402 402 402 402 400 402 400 401 401 400
0 0 1 1 1 1 1 1 0 0
0 0 1 0 1 0 0 1 0 0
0 0 1 0 1 0 0 1 0 0
0 0 1 0 1 0 1 1 2 0
0 0 1 1 1 1 1 1 1 0
0 0 1 0 1 0 1 1 1 0
0 0 1 1 1 1 1 1 1 0
0 0 1 1 1 1 1 1 1 0
0 0 0 0 0 0 0 1 1 1
0 0 0 0 0 0 0 0 0 0
Maze 106
111 72 3.2830188679 1.8808019430 84 0.392094771046106
78 22 14 51 72 50 15 72 16 12 44 3 38 75 10 78
72 12 11 71 42 45 12 12 400 42 43 33 35 5 8
401 402 402 401 402 401 402 402 400 401 401 401 402 402 402
0 0 1 0 1 1 1 1 1 1
1 1 1 1 1 1 0 1 0 0
1 1 1 0 1 0 0 1 0 0
1 1 1 1 1 1 1 1 0 0
1 1 1 1 1 1 1 1 1 1
1 1 0 0 1 0 0 1 0 0
1 1 0 0 1 0 0 1 0 0
1 1 1 1 1 1 1 2 0 0
0 0 0 0 0 0 0 0 0 0
0 0 0 0 0 0 0 0 0 0
Maze 107
125 4492 3.3030303030 2.1308904890 182 0.380061608193680
38 86 9 87 61 34 98 19 41 47 18 63 18 43 94 38
36 6 7 81 31 94 18 11 400 17 13 13 13 93 34
402 402 402 401 402 401 402 402 400 402 402 402 402 401 402
0 0 0 0 0 1 1 1 1 0
1 1 1 1 1 1 1 1 1 0
1 0 1 0 0 1 1 1 0 0
1 1 1 1 1 1 1 2 0 0
1 1 1 1 1 1 1 1 0 0
1 0 1 1 0 1 1 1 0 0
1 0 1 1 0 1 1 1 0 0
1 0 1 1 0 1 1 1 0 0
1 1 1 1 1 1 1 1 0 0
0 0 1 1 1 1 1 1 0 0
Maze 108
103 75 3.1636363636 2.0453394405 71 0.390670137927160
93 9 96 15 75 24 1 11 23 84 2 34 5 10 85 93
3 6 95 400 74 21 400 21 83 82 32 4 400 5 83
402 402 401 400 401 401 400 401 401 401 401 402 400 402 402
1 1 1 1 1 1 1 1 1 1
1 1 1 1 1 1 0 0 0 0
1 1 1 1 1 1 0 0 0 0
0 1 1 1 1 1 0 0 0 0
0 1 1 1 1 1 0 0 0 0
0 1 1 1 1 1 0 0 0 0
0 1 1 1 1 1 0 0 0 0
0 1 1 1 1 1 0 0 0 0
0 1 1 1 1 1 0 0 0 0
0 0 2 0 1 1 0 0 0 0
Maze 109
77 333 2.6666666667 2.2330607497 35 0.371664613421877
87 98 98 84 57 88 67 32 81 89 5 53 52 47 90 87
97 400 94 54 87 87 62 31 400 85 3 400 42 87 400
401 400 401 402 401 401 401 402 400 401 402 400 402 401 400
0 0 1 1 1 0 0 0 0 0
0 0 1 0 1 0 0 0 0 0
0 0 1 0 1 0 0 0 0 0
1 1 1 0 1 0 0 0 0 0
1 1 1 1 1 1 1 0 0 0
1 1 1 1 1 1 1 0 0 0
1 1 1 1 1 1 1 0 0 0
1 0 0 1 1 0 1 0 0 0
1 1 1 1 1 1 2 1 1 1
0 0 0 1 1 1 1 1 0 0
Maze 110
91 197 2.9056603774 2.2016060160 38 0.364762826560116
32 75 24 61 44 73 83 84 70 20 33 91 5 3 75 32
72 74 21 41 43 400 400 64 400 13 31 1 400 73 72
401 401 402 402 402 400 400 402 400 402 402 402 400 401 401
1 1 1 1 1 0 0 0 0 0
1 0 1 1 1 1 1 1 1 1
1 1 1 1 0 0 0 0 0 1
1 2 1 1 0 0 0 0 0 1
1 1 1 1 0 0 0 0 0 1
1 1 1 1 0 0 0 0 0 1
1 1 1 1 1 1 1 1 1 1
1 1 1 1 1 0 0 0 0 0
1 0 1 1 0 0 0 0 0 0
1 0 0 0 0 0 0 0 0 0
Maze 111
91 211 2.7213114754 2.2327820968 39 0.356698878833971
98 25 32 66 87 8 24 14 55 59 20 67 19 73 62 98
95 22 62 86 7 4 400 54 400 19 17 17 13 72 92
401 402 401 401 402 402 400 401 400 402 402 402 402 401 401
0 0 0 1 1 1 1 1 0 0
0 0 1 1 1 1 1 1 1 1
0 1 1 1 1 0 1 0 1 0
0 1 1 1 1 0 1 0 1 0
0 1 1 1 1 0 1 0 1 0
0 1 1 1 1 1 1 1 1 0
0 1 1 1 1 1 1 0 0 0
0 1 1 0 1 1 1 0 0 0
0 1 0 0 1 1 1 0 0 0
0 1 1 1 1 1 1 2 0 0
Maze 112
101 71 3.1525423729 2.1857791348 58 0.381518637603614
99 13 77 74 10 49 98 97 54 54 60 56 95 2 54 99
93 73 400 4 9 48 400 94 400 400 400 55 92 52 94
401 401 400 402 402 402 400 401 400 400 400 402 401 401 401
0 1 0 1 1 1 1 1 1 1
0 1 1 1 0 0 0 0 1 0
0 1 1 1 0 0 0 0 1 0
0 1 1 1 0 0 0 0 1 0
0 1 1 1 0 0 0 1 1 0
0 1 1 1 1 1 1 1 1 1
0 1 1 1 1 0 0 1 0 0
0 1 1 1 1 1 1 1 0 0
0 1 1 1 1 0 0 1 0 0
0 1 1 1 1 1 1 1 2 0
Maze 113
97 7 3.5217391304 1.9407436380 59 0.380200774003891
15 7 1 28 70 42 68 80 28 32 80 92 78 68 35 15
5 400 21 68 62 62 78 78 22 72 72 72 400 65 400
402 400 401 401 401 401 401 401 402 401 402 402 400 401 400
1 1 1 1 1 1 1 0 0 0
1 0 0 0 2 0 0 0 0 0
1 1 1 1 1 1 1 1 0 0
0 1 0 0 1 0 0 1 0 0
0 1 0 0 1 0 0 1 0 0
0 1 0 0 1 0 0 1 0 0
0 1 1 1 1 1 1 1 1 1
0 1 1 1 1 1 1 1 1 1
0 1 0 0 0 0 0 0 0 0
0 1 0 0 0 0 0 0 0 0
Maze 114
95 81 3.3333333333 1.9573778649 77 0.365658342733629
40 14 70 8 70 30 33 9 52 32 24 14 74 9 10 40
34 64 68 68 400 23 3 2 400 22 400 400 4 400 400
401 401 401 401 400 402 402 402 400 402 400 400 402 400 400
0 1 1 1 1 1 1 1 1 1
0 1 1 1 0 0 0 1 0 1
0 1 1 1 1 1 1 1 1 1
0 1 1 1 1 1 1 1 1 2
0 1 0 1 0 0 0 1 0 1
0 1 0 1 0 0 0 1 0 1
0 0 0 1 1 1 1 1 1 1
0 0 0 1 0 0 0 0 0 0
0 0 0 0 0 0 0 0 0 0
0 0 0 0 0 0 0 0 0 0
Maze 115
123 160 3.5849056604 1.9847015030 115 0.388369685108464
94 69 95 33 52 95 53 100 1 57 91 35 89 57 82 94
64 65 93 32 92 93 93 91 51 51 31 85 87 52 92
402 402 401 402 401 401 401 401 401 402 402 401 401 402 401
1 0 0 0 0 0 0 0 0 0
1 0 0 0 0 0 0 0 0 0
1 0 0 0 0 0 0 0 0 0
1 1 1 1 1 0 0 0 0 0
1 1 1 0 1 0 0 0 0 0
1 1 1 1 1 1 1 0 0 0
1 1 1 1 1 1 1 1 1 0
1 1 1 1 1 0 1 0 0 0
1 1 1 1 1 1 1 1 1 0
1 1 1 2 1 1 1 1 1 1
Maze 116
75 3 2.5964912281 2.3785878219 26 0.338625321107117
73 100 96 86 45 76 58 87 89 10 57 69 37 26 1 73
93 400 400 85 75 56 57 400 9 7 67 67 36 21 71
401 400 400 401 401 402 402 400 402 402 401 401 401 401 401
1 0 0 0 0 0 1 1 1 1
1 0 0 0 0 0 1 0 1 0
1 1 1 1 1 1 1 0 1 0
1 0 0 0 0 1 1 0 1 0
1 0 0 0 1 0 1 0 1 0
1 0 0 0 1 1 1 1 1 0
1 0 0 0 1 1 1 1 1 0
1 1 2 0 1 1 1 0 1 0
0 0 1 0 1 1 1 1 1 0
0 0 1 1 1 1 1 1 1 1
Maze 117
79 12 3.1489361702 2.1818293277 19 0.386360147718446
54 35 66 68 52 100 82 91 84 73 18 17 55 35 88 54
34 65 400 62 92 92 81 81 83 13 400 15 400 85 84
402 401 400 401 401 401 402 402 401 402 400 402 400 401 401
0 0 0 0 0 0 0 0 0 0
0 0 1 1 1 1 1 1 0 0
0 0 1 0 1 0 0 0 0 0
0 0 1 1 1 0 0 0 0 0
0 0 1 1 1 0 0 0 0 0
0 1 1 2 1 0 0 0 0 0
0 1 1 1 1 1 1 1 0 0
0 1 1 1 1 0 0 0 0 0
1 1 1 1 1 1 1 1 0 0
1 1 1 1 1 1 1 1 1 1
Maze 118
109 194 3.1475409836 2.1491602539 112 0.389567154667988
38 19 56 8 87 95 13 80 11 18 55 71 46 43 78 38
18 16 6 7 85 93 73 71 400 15 51 41 400 73 400
402 402 402 402 402 401 401 401 400 402 402 402 400 401 400
0 0 0 0 0 1 1 1 0 0
1 1 1 1 1 1 1 1 1 0
1 0 1 0 1 1 1 1 0 0
1 0 1 0 1 1 1 2 0 0
1 1 1 1 1 1 1 1 0 0
1 1 1 1 1 1 1 1 0 0
1 0 1 0 0 0 1 1 0 0
1 1 1 1 1 1 1 1 1 1
0 0 1 0 1 1 1 0 0 0
0 0 1 1 1 0 0 0 0 0
Maze 119
95 54 2.6363636364 2.2802289250 84 0.400407699669618
85 39 38 6 46 84 21 22 39 66 100 10 49 77 9 85
35 400 36 400 44 81 400 32 36 96 400 9 47 7 5
402 400 401 400 402 401 400 401 402 401 400 402 402 402 402
0 0 0 0 1 1 1 1 1 1
0 0 0 0 1 1 1 0 1 1
1 1 0 0 1 1 1 0 1 1
1 1 1 1 1 1 1 1 1 1
1 0 0 1 1 1 1 1 1 1
1 0 0 1 1 1 1 0 0 1
1 0 0 1 1 1 1 0 0 1
1 0 0 1 1 1 1 0 0 1
1 1 1 1 2 1 0 0 0 1
0 0 0 0 0 1 1 1 1 1
Maze 120
105 419 2.8059701493 2.2914768149 104 0.392504247724139
34 13 26 9 91 99 36 50 23 74 29 78 7 13 51 34
33 23 6 1 400 96 46 43 73 24 28 77 3 11 31
401 401 402 402 400 401 401 401 401 402 402 401 402 402 402
1 1 1 1 1 1 1 1 1 0
1 1 1 0 0 1 1 0 0 0
1 0 1 1 1 1 1 1 1 0
1 1 1 2 0 1 1 1 0 0
1 0 1 1 1 1 1 1 1 1
1 0 1 1 0 1 1 1 0 0
1 0 1 1 0 1 1 1 0 0
1 0 1 1 0 1 1 1 0 0
1 0 0 0 0 1 0 0 0 0
1 1 1 1 1 1 1 1 1 0
Maze 121
101 75 3.2592592593 2.1336864791 71 0.385549932431321
83 75 71 9 57 55 39 1 80 84 46 27 77 35 96 83
73 400 1 7 400 35 31 71 74 44 26 400 75 95 93
402 400 402 402 400 402 401 401 402 402 402 400 401 401 401
1 1 1 1 1 1 1 1 1 0
1 0 0 0 0 0 1 0 0 0
1 0 0 0 0 1 1 0 0 0
1 1 1 1 1 1 1 1 1 0
1 0 0 1 1 1 1 0 0 0
1 0 0 1 1 1 1 0 0 0
1 0 0 1 1 0 1 0 0 0
1 1 1 1 1 1 1 1 1 1
0 0 2 1 1 0 0 0 0 0
0 0 1 1 1 1 0 0 0 0
Maze 122
115 594 3.2812500000 2.1592585377 132 0.376152297754810
57 3 65 2 16 80 58 50 54 24 10 82 19 85 98 57
53 63 62 12 76 78 48 44 400 4 2 12 15 95 97
401 401 401 401 401 401 402 402 400 402 402 402 402 401 401
0 1 1 1 1 1 1 1 1 1
0 1 1 1 1 1 1 1 1 0
0 1 1 1 1 1 0 0 0 0
0 1 1 1 1 1 0 0 0 0
0 1 1 1 1 1 1 1 1 1
0 1 1 1 1 1 2 1 0 0
0 1 1 1 1 1 1 1 0 0
0 1 0 0 1 1 1 1 1 1
0 1 0 0 1 0 1 0 0 0
0 0 0 0 1 1 1 1 0 0
Maze 123
91 347 3.0175438596 2.3317922840 40 0.359339987180972
44 14 68 61 75 75 17 10 53 76 41 98 59 72 74 44
400 64 400 71 400 15 7 3 73 71 91 58 52 400 400
400 401 400 401 400 402 402 402 401 401 401 402 402 400 400
0 0 1 1 1 1 1 1 1 1
0 0 1 1 1 1 1 0 0 0
0 0 1 1 1 0 0 0 0 0
0 0 1 1 1 0 0 0 0 0
1 0 1 2 1 0 0 0 0 0
1 1 1 1 1 1 1 1 1 0
1 1 1 1 1 1 1 1 0 0
1 1 1 1 1 1 0 1 0 0
1 0 0 0 0 0 0 1 0 0
1 1 1 1 1 1 1 1 0 0
Maze 124
95 105 3.2083333333 2.0720409095 64 0.384013126485924
71 21 65 16 70 74 68 75 1 57 35 40 60 42 84 71
400 61 15 66 64 64 65 71 51 55 400 400 52 82 81
400 401 402 401 402 402 402 401 401 401 400 400 401 401 401
1 0 0 0 0 0 0 0 0 0
1 0 0 0 1 1 0 0 0 0
1 0 0 0 1 1 0 0 0 0
1 0 0 0 1 1 1 1 1 1
1 1 0 0 1 1 0 0 0 1
1 1 1 1 1 1 1 1 1 1
1 1 1 1 1 1 1 1 1 1
2 1 1 1 1 0 0 0 0 0
1 1 1 1 0 0 0 0 0 0
0 0 0 0 0 0 0 0 0 0
Maze 125
93 363 3.0666666667 2.3122163260 45 0.379642054660639
56 65 58 90 71 32 38 31 14 98 18 43 88 37 49 56
55 55 88 81 31 400 400 11 94 400 13 83 87 47 46
402 402 401 401 402 400 400 402 401 400 402 401 401 401 402
0 0 0 0 0 0 0 0 0 0
1 1 1 1 1 1 1 1 0 0
1 0 1 1 0 0 0 1 0 0
1 1 1 1 1 1 1 1 0 0
1 0 1 1 0 1 1 1 1 0
1 0 1 1 1 2 1 1 0 0
1 0 1 1 1 0 1 1 0 0
1 0 1 1 0 0 1 1 0 0
1 1 1 1 1 1 1 1 1 1
0 0 0 1 1 1 1 1 0 0
Maze 126
99 203 2.9687500000 2.2718348948 66 0.372366457496469
39 95 14 74 92 83 56 75 50 61 19 26 32 94 99 39
35 94 400 72 82 53 55 45 41 11 16 22 92 400 400
402 401 400 402 402 402 402 402 402 402 402 402 401 400 400
0 0 0 0 0 0 0 0 0 0
1 1 1 1 1 1 1 1 1 0
1 1 1 1 1 1 0 0 0 0
1 1 0 1 1 1 1 1 2 0
1 1 1 1 1 1 1 1 1 1
1 1 1 1 1 1 0 0 1 0
1 1 1 1 1 0 0 0 1 0
0 1 1 1 1 0 0 0 1 0
0 1 1 1 1 0 0 0 1 0
0 1 1 1 1 1 1 1 1 0
Maze 127
87 46 3.1020408163 2.1777024656 50 0.411830300359620
23 91 52 14 23 65 93 21 45 28 15 55 7 88 65 23
21 51 12 13 63 63 91 41 25 25 400 5 87 85 63
402 402 402 402 401 402 401 401 402 401 400 402 401 401 401
0 0 0 0 1 1 1 0 0 0
0 1 1 1 1 0 1 0 0 0
1 1 2 0 1 1 1 1 0 0
1 1 1 0 1 0 1 0 0 0
1 1 1 1 1 0 1 0 0 0
1 1 1 0 1 0 1 0 0 0
1 0 1 1 1 0 1 0 0 0
1 0 1 0 1 0 1 0 0 0
1 0 1 0 1 1 1 1 0 0
1 1 1 0 0 0 0 0 0 0
Maze 128
107 369 2.7567567568 2.3527027232 90 0.386900406969088
10 42 94 79 26 26 11 55 46 13 89 7 34 17 90 10
2 92 74 76 400 21 51 45 43 83 87 4 14 87 400
402 401 402 401 400 401 401 402 401 401 401 402 402 401 400
0 1 1 1 1 1 1 1 1 2
1 1 1 1 1 1 1 0 0 1
1 1 1 1 1 1 1 0 0 1
1 1 1 1 0 1 1 0 0 1
1 1 1 1 1 1 1 0 0 1
1 1 1 1 1 1 1 0 0 1
0 1 1 0 0 1 1 0 0 1
0 1 1 1 1 1 1 1 1 1
0 1 1 1 1 1 1 1 1 1
0 1 1 1 0 0 0 0 0 0
Maze 129
103 524 3.2452830189 1.9805878568 66 0.401429002890109
5 86 39 55 99 41 66 60 99 81 96 97 90 28 77 5
85 36 35 95 91 61 56 59 91 91 400 87 88 27 75
401 402 402 401 401 401 402 402 401 401 400 402 401 402 401
0 0 0 0 2 0 0 0 0 0
0 0 0 0 1 0 0 0 0 0
0 0 0 0 1 0 1 1 0 0
0 0 0 0 1 1 1 1 1 0
1 0 0 0 1 1 1 1 0 0
1 0 0 0 1 1 1 1 1 1
1 1 1 1 1 1 1 1 1 0
1 0 0 0 1 1 1 1 1 0
1 0 0 0 1 1 1 1 1 1
1 1 1 1 1 1 1 1 1 0
Maze 130
99 1745 3.2222222222 2.1843202261 66 0.382084612716773
14 47 97 42 4 77 81 53 70 4 31 64 56 66 97 14
44 400 92 2 74 71 51 63 64 1 61 54 400 96 94
401 400 401 402 401 402 402 401 401 402 401 402 400 401 401
1 1 1 1 0 0 0 0 0 0
1 1 0 2 0 0 0 0 0 0
1 1 0 1 0 0 0 0 0 0
1 1 0 1 0 0 0 0 0 0
1 1 0 1 1 1 1 0 0 0
1 1 1 1 1 1 1 0 0 0
1 1 1 1 1 1 1 1 1 1
1 1 1 1 1 1 1 0 0 0
1 1 0 1 0 1 1 0 0 0
0 1 1 1 1 1 1 0 0 0
Maze 131
103 46 2.9696969697 2.3589280246 64 0.379301459580926
95 58 3 22 83 25 42 19 8 54 47 37 96 100 21 95
55 53 2 82 23 22 12 18 4 44 400 36 400 91 91
402 401 402 401 402 402 402 401 402 402 400 402 400 401 401
0 1 1 1 1 1 1 1 0 0
0 1 1 1 1 1 1 1 1 0
1 1 1 1 1 0 0 0 0 0
1 1 1 1 0 1 1 0 0 0
1 1 1 1 1 1 1 0 0 0
1 1 1 1 1 1 1 1 0 0
1 1 1 0 1 1 0 0 0 0
1 1 1 0 1 1 0 0 0 0
1 1 1 0 1 1 0 0 0 0
1 1 1 1 2 1 1 1 1 1
Maze 132
87 187 3.5909090909 2.0194133944 50 0.383093665882367
37 55 53 73 88 64 15 11 67 31 50 63 44 46 12 37
35 400 400 83 84 14 400 61 61 41 43 43 400 42 32
402 400 400 401 401 402 400 401 401 401 402 402 400 401 401
0 0 0 0 0 0 0 0 0 0
1 1 1 1 1 0 0 0 0 0
1 1 0 1 0 0 0 0 0 0
1 1 1 1 1 1 2 0 0 0
1 1 1 1 1 1 1 1 1 1
1 0 1 1 1 0 0 0 0 0
1 1 1 1 1 1 1 0 0 0
0 0 1 1 0 0 0 0 0 0
0 0 1 1 1 1 1 1 0 0
0 0 0 0 0 0 0 0 0 0
Maze 133
115 345 3.4576271186 2.1283028933 119 0.386283231231805
85 35 75 92 100 11 36 80 37 92 88 47 71 75 29 85
400 400 72 400 91 31 76 77 32 82 87 41 400 25 25
400 400 402 400 401 401 401 401 402 402 401 402 400 402 402
0 0 0 0 0 0 0 0 0 0
1 0 0 0 0 0 0 0 0 0
1 0 0 0 1 1 1 1 1 0
1 1 1 1 1 1 1 0 0 0
1 1 1 1 1 1 1 0 0 0
1 1 0 0 1 1 1 0 0 0
1 1 0 0 1 1 1 0 0 0
1 1 1 1 1 1 1 1 1 1
1 1 1 1 2 1 1 1 0 0
1 1 1 1 1 1 1 1 1 1
Maze 134
87 187 2.7857142857 2.1634544791 32 0.373487839688785
79 50 77 54 25 28 46 99 39 43 10 40 50 63 14 79
49 47 74 24 400 26 96 400 33 3 400 400 43 13 74
402 402 401 402 400 402 401 400 402 402 400 400 402 402 401
0 0 1 1 1 1 1 1 1 1
0 0 1 1 0 0 0 0 0 1
0 0 1 1 1 1 1 1 0 1
0 0 1 1 1 1 1 1 1 1
0 0 1 1 1 1 1 1 1 1
0 0 1 1 0 1 1 0 1 0
0 0 1 1 0 1 1 0 1 0
0 0 0 1 1 1 1 1 2 0
0 0 0 0 0 1 0 0 1 0
0 0 0 0 0 1 1 1 1 0
Maze 135
97 12 3.3333333333 1.9803587953 65 0.382523619934236
58 4 88 71 14 18 71 58 58 38 80 80 70 83 31 58
54 84 81 11 400 11 51 400 400 78 400 400 63 81 51
401 401 401 402 400 402 402 400 400 401 400 400 402 401 401
0 0 0 1 0 0 0 0 0 0
1 1 1 1 1 1 1 1 0 0
1 0 0 1 0 0 0 0 0 0
1 0 0 1 0 0 0 1 0 0
1 0 0 1 0 0 0 1 0 0
1 1 1 1 1 1 1 2 0 0
1 0 1 1 1 1 1 1 1 1
1 0 1 1 0 0 0 1 1 1
1 1 1 1 1 1 1 1 0 0
0 0 0 0 0 0 0 0 0 0
Maze 136
63 67 2.5531914894 2.3306710287 10 0.359890480210808
95 44 37 36 76 66 82 71 53 14 6 12 26 48 62 95
94 34 400 400 400 62 81 51 13 4 2 22 46 42 92
401 402 400 400 400 402 401 402 402 402 402 401 401 402 401
0 1 1 1 1 1 0 0 0 0
0 1 1 1 0 0 0 0 0 0
0 1 1 1 1 1 0 0 0 0
0 0 1 1 1 1 1 0 0 0
0 1 1 1 1 1 1 1 0 0
1 1 1 1 0 1 0 0 0 0
1 1 1 1 1 1 0 0 0 0
1 1 0 1 0 1 0 0 0 0
1 1 0 1 0 0 0 0 0 0
0 1 1 1 2 0 0 0 0 0
Maze 137
103 330 3.2000000000 2.0743230103 65 0.388861484105856
69 74 47 20 81 64 60 77 41 41 34 60 52 94 17 69
64 44 17 11 61 54 57 71 400 31 54 400 92 14 67
402 402 402 402 402 402 402 401 400 402 401 400 401 402 401
0 0 0 0 0 0 0 0 0 0
1 1 1 1 1 1 1 1 1 1
1 0 0 1 0 0 1 0 0 0
1 1 1 1 0 0 1 0 0 0
1 0 0 1 1 1 1 0 0 0
1 1 1 1 1 1 1 1 1 1
1 1 1 1 1 1 1 1 2 0
1 1 1 1 1 1 1 0 0 0
1 1 0 1 0 0 0 0 0 0
0 1 1 1 0 0 0 0 0 0
Maze 138
107 78 3.4583333333 1.8999319913 64 0.374467328667507
72 70 32 54 75 66 98 2 14 62 79 7 92 97 100 72
62 62 52 74 65 96 92 12 12 72 77 2 400 400 92
402 401 401 401 402 401 401 401 402 401 401 402 400 400 401
0 1 1 1 1 1 1 0 0 0
0 1 1 1 0 0 1 0 0 0
0 1 0 0 0 0 1 0 0 0
0 1 0 0 0 0 1 0 0 0
0 1 0 0 0 0 1 0 0 0
0 1 1 1 0 0 1 0 0 0
0 1 1 1 1 1 1 1 1 1
0 2 1 1 1 1 1 1 1 0
0 1 0 0 0 1 0 0 0 0
0 1 1 1 1 1 1 1 1 1
Maze 139
105 399 3.1428571429 2.0696655537 87 0.372714958037226
89 16 56 65 5 61 35 28 8 52 73 28 85 62 1 89
86 400 55 400 1 31 25 400 2 72 23 25 82 61 81
401 400 402 400 402 402 402 400 402 401 402 402 401 401 401
1 1 1 1 1 1 1 1 0 0
1 1 0 0 1 1 0 1 0 0
1 1 1 1 1 1 1 1 0 0
1 1 1 1 1 1 0 0 0 0
1 1 1 0 1 1 0 0 0 0
1 1 1 0 1 1 0 0 0 0
1 1 1 0 1 1 0 0 0 0
1 1 1 0 1 1 0 0 0 0
1 1 1 1 1 1 1 1 2 0
0 0 0 0 0 0 0 0 0 0
Maze 140
103 124 3.0000000000 2.0186819560 60 0.374486700811681
22 94 24 34 92 32 12 75 53 18 54 15 1 89 40 22
92 400 400 32 400 400 72 73 13 14 14 11 81 39 32
401 400 400 402 400 400 401 401 402 402 402 401 401 402 401
1 0 0 0 0 0 0 0 0 0
1 1 1 1 1 1 1 1 0 0
1 2 1 1 0 0 0 0 0 0
1 1 1 1 1 1 1 1 1 1
1 1 1 1 0 0 0 0 1 0
1 1 1 1 0 0 0 0 1 0
1 1 1 1 0 0 0 0 1 0
1 1 1 1 1 0 0 0 1 0
1 1 1 1 1 1 1 1 1 0
0 1 1 1 0 0 0 0 0 0
Maze 141
115 603 3.1594202899 2.2754822533 118 0.394784953118940
65 29 72 93 67 5 21 78 76 40 25 99 62 18 70 65
25 22 92 63 65 1 71 400 36 35 95 92 12 68 400
402 402 401 402 401 402 401 400 402 401 401 401 402 401 400
1 1 1 1 1 0 0 0 0 0
1 1 1 1 1 1 1 1 0 0
1 1 1 1 1 1 1 1 1 0
1 1 0 0 1 1 1 1 1 1
1 1 0 0 1 1 0 1 0 0
1 1 0 0 1 1 0 1 0 0
1 1 1 1 2 1 1 1 1 1
1 1 1 1 1 1 1 1 0 0
0 1 1 0 1 0 0 0 0 0
0 1 1 1 1 1 1 1 1 0
Maze 142
93 1340 3.2549019608 2.0493196667 56 0.384831857470438
97 48 15 7 49 48 95 89 50 62 18 34 59 6 28 97
47 45 5 47 400 45 85 49 42 12 14 54 56 26 27
402 401 402 401 400 402 402 402 402 402 402 401 401 401 402
0 0 0 0 1 1 1 0 0 0
0 1 1 1 1 1 1 1 0 0
0 1 0 1 1 1 1 1 0 0
0 1 0 1 1 1 1 0 0 0
0 1 1 1 1 1 1 1 1 1
0 1 0 1 1 1 1 1 1 0
0 1 0 0 1 0 1 0 1 0
0 0 0 0 1 0 1 0 1 0
0 0 0 0 1 1 1 1 1 0
0 0 0 0 1 0 2 0 0 0
Maze 143
97 40 3.4666666667 1.9326657525 59 0.394646022994663
80 44 21 92 61 13 79 91 91 68 7 48 66 82 62 80
74 41 91 91 11 73 71 400 61 67 47 46 62 400 72
401 401 401 401 402 401 402 400 402 401 401 402 402 400 401
0 0 0 0 0 0 1 0 0 0
1 1 1 0 0 0 1 0 0 0
1 0 1 0 0 0 1 0 0 0
1 0 1 0 0 0 1 0 0 0
1 1 1 1 0 1 1 1 0 0
1 0 1 1 0 1 1 0 0 0
1 1 1 1 1 1 1 1 0 0
1 1 1 1 1 1 1 1 1 2
1 1 0 0 0 0 0 0 0 0
1 1 0 0 0 0 0 0 0 0
Maze 144
77 159 2.8695652174 2.0956416266 35 0.391546804913527
73 18 36 48 43 31 78 78 27 46 62 83 35 39 28 73
13 16 46 400 41 71 400 77 26 42 82 33 400 38 23
402 402 401 400 401 401 400 401 402 402 401 402 400 401 402
0 0 0 0 0 0 0 0 0 0
0 0 1 1 1 1 1 1 0 0
0 0 1 1 1 1 1 1 0 0
1 0 1 1 1 1 1 1 1 0
1 1 1 1 1 1 1 1 0 0
1 1 1 0 0 0 1 0 0 0
1 1 1 0 0 0 1 0 0 0
1 1 2 1 1 1 1 1 0 0
0 1 1 0 0 0 0 0 0 0
0 0 0 0 0 0 0 0 0 0
Maze 145
85 10 2.7142857143 2.2427085094 34 0.383528424157253
61 31 74 77 39 90 84 82 67 82 26 8 25 9 5 61
400 71 400 37 89 400 400 62 62 22 6 5 5 400 1
400 401 400 402 401 400 400 402 402 402 402 402 402 400 402
1 1 1 1 1 1 1 1 1 0
1 0 0 0 1 1 0 0 0 0
1 1 1 1 1 1 0 0 0 0
1 1 0 0 0 0 1 1 1 0
1 1 0 0 0 0 1 0 1 0
1 1 0 0 0 0 1 0 1 0
2 1 1 1 1 1 1 0 1 0
1 1 1 1 1 1 1 0 1 0
0 1 1 1 1 1 1 1 1 1
0 0 0 0 0 0 0 0 0 0
Maze 146
89 165 3.2592592593 2.1837316244 45 0.383563238439493
50 79 42 98 94 70 85 26 55 57 96 28 26 5 43 50
49 72 92 400 64 65 25 25 400 56 26 400 25 3 400
402 401 401 400 402 402 402 402 400 402 402 400 401 402 400
0 0 1 1 1 0 0 0 0 0
0 0 1 0 1 0 0 0 0 0
0 0 1 0 1 1 1 1 0 0
0 0 1 0 1 1 0 0 0 0
0 1 1 1 1 1 1 1 1 2
0 1 0 0 1 1 1 0 1 0
0 1 0 1 1 1 1 1 1 1
0 1 1 1 1 1 1 1 1 0
0 1 0 1 1 1 0 0 0 0
0 1 1 1 1 1 1 1 0 0
Maze 147
105 25 3.2000000000 2.0029377812 87 0.394412653666205
1 75 37 99 21 95 41 52 36 74 61 94 84 36 29 1
71 35 97 91 91 91 51 32 34 71 91 400 34 26 21
401 402 401 401 401 401 401 402 402 401 401 400 402 402 401
2 0 0 0 0 0 0 0 0 0
1 0 0 0 0 0 0 0 0 0
1 1 1 1 1 1 1 1 1 0
1 1 1 1 1 1 1 0 0 0
1 1 0 1 1 0 1 0 0 0
1 1 0 1 1 0 1 0 0 0
1 0 0 1 1 0 1 0 0 0
1 1 1 1 1 0 1 0 0 0
1 0 0 1 0 0 1 0 0 0
1 1 1 1 1 1 1 1 1 0
Maze 148
101 187 2.6849315068 2.4401189610 77 0.399363621474050
77 14 41 33 14 72 100 25 40 28 89 66 56 71 8 77
74 11 31 13 12 92 95 35 38 88 86 400 51 1 7
401 402 402 402 402 401 401 401 401 401 401 400 402 402 402
1 1 1 1 1 1 1 1 0 0
1 1 1 1 0 0 1 0 0 0
1 1 1 1 1 0 1 1 0 0
1 1 1 1 1 1 1 1 1 1
1 1 0 1 1 0 1 1 0 0
1 1 1 1 1 1 1 1 0 0
1 1 0 1 1 1 1 1 0 0
1 1 0 1 1 1 2 1 0 0
0 1 0 0 1 1 1 1 1 0
0 1 1 1 1 1 1 1 1 1
Maze 149
69 5 3.4857142857 2.0203976356 16 0.379415667678931
44 36 58 73 92 57 36 13 44 7 16 54 85 54 37 44
34 56 53 72 52 56 33 43 4 6 14 84 84 34 34
402 401 402 402 402 401 401 401 402 402 402 401 401 402 402
0 0 0 1 1 1 1 0 0 0
0 0 1 1 1 1 0 0 0 0
0 0 1 1 0 0 0 0 0 0
0 0 1 1 1 1 1 0 0 0
0 0 1 2 0 1 0 0 0 0
0 1 1 1 1 1 1 1 0 0
0 1 1 1 0 0 0 0 0 0
0 1 1 1 0 0 0 0 0 0
0 1 0 1 1 0 0 0 0 0
0 1 0 0 0 0 0 0 0 0
Maze 150
99 39 3.0357142857 2.0872871471 54 0.391685350579722
79 62 27 87 50 67 42 82 92 98 31 16 68 97 91 79
72 22 400 47 47 62 400 400 400 91 11 66 67 400 71
401 402 400 402 402 401 400 400 400 401 402 401 402 400 402
0 0 0 0 0 0 0 0 0 0
1 1 1 1 1 1 0 0 0 0
1 1 1 1 1 1 1 0 0 0
1 1 0 0 0 1 1 0 0 0
1 1 0 0 0 1 1 1 1 1
1 1 0 0 0 1 1 0 0 0
1 1 1 1 1 1 1 1 0 0
1 1 1 1 1 1 1 1 2 0
1 1 0 0 0 0 1 0 0 0
1 1 1 1 1 1 1 1 0 0
Maze 151
113 2617 3.9215686275 2.0183155153 105 0.390675656771280
3 86 17 62 59 4 14 78 52 26 87 93 59 96 25 3
83 16 12 52 54 400 74 72 22 86 83 53 56 95 23
401 402 402 402 401 400 401 401 402 401 402 402 402 401 401
0 0 2 1 0 0 0 0 0 0
0 1 1 1 1 1 1 0 0 0
0 1 1 1 1 1 0 0 0 0
0 1 1 1 1 1 0 0 0 0
0 1 1 1 1 1 0 0 0 0
0 1 1 1 1 1 1 1 1 0
0 1 1 1 1 1 0 0 0 0
0 1 1 1 1 1 1 1 0 0
0 0 1 1 1 1 1 0 0 0
0 0 1 0 1 1 0 0 0 0
Maze 152
71 7 2.7843137255 2.2565956888 6 0.396867661167878
9 17 57 24 96 96 98 91 1 21 36 88 68 79 26 9
7 400 54 94 400 400 400 400 400 31 86 400 78 76 6
402 400 401 401 400 400 400 400 400 401 401 400 401 401 402
1 0 0 0 0 1 1 1 2 0
1 0 0 0 0 1 1 0 0 0
1 0 0 1 0 1 1 0 0 0
1 1 1 1 1 1 1 0 0 0
1 0 0 1 0 1 1 0 0 0
1 0 0 1 1 1 1 0 0 0
1 0 0 1 0 1 0 1 0 0
1 0 0 1 0 1 1 1 1 0
1 0 0 1 0 1 1 1 0 0
1 1 1 1 1 1 1 1 0 0
Maze 153
77 6 3.1363636364 2.0999776797 35 0.381128188316638
88 89 84 62 67 66 61 58 3 63 82 87 72 40 80 88
400 400 82 400 400 400 51 53 400 62 400 82 32 400 78
400 400 401 400 400 400 402 401 400 402 400 401 402 400 402
0 0 1 0 0 0 0 0 0 0
0 0 1 0 0 0 0 0 0 0
0 0 1 0 0 0 0 0 0 0
0 1 1 1 1 1 1 1 1 1
0 1 1 0 0 0 0 0 0 1
1 1 1 1 1 1 1 1 0 1
1 1 1 1 1 1 1 0 0 1
0 1 0 0 0 0 0 1 1 1
0 1 1 1 1 1 1 2 1 0
0 0 0 0 0 0 0 0 0 0
Maze 154
97 123 2.7536231884 2.4462754440 65 0.388609479007036
50 76 86 91 63 76 51 8 2 100 87 59 44 2 19 50
46 400 81 61 73 71 1 400 92 97 57 54 42 12 49
402 400 402 402 401 401 402 400 401 401 402 401 401 401 401
1 1 1 1 1 1 1 1 0 0
1 1 1 1 1 1 1 1 1 0
1 1 0 0 0 0 0 0 1 0
1 1 0 0 0 0 0 0 1 0
1 1 1 1 0 1 1 1 1 2
1 1 0 1 1 1 1 1 1 0
1 1 1 0 0 1 1 0 0 0
1 1 1 1 1 1 1 0 0 0
1 1 1 1 1 1 1 0 0 0
1 1 1 1 1 1 1 1 1 1
Maze 155
97 948 3.1071428571 2.2195666242 84 0.384188971795315
11 79 47 62 34 19 48 68 79 25 59 11 25 95 43 11
71 77 42 32 14 18 400 78 75 55 51 21 400 93 41
401 401 402 402 402 402 400 401 401 401 401 401 400 401 401
0 0 0 0 0 0 0 0 0 0
2 0 0 1 1 1 1 1 1 0
1 1 1 1 1 0 0 1 0 0
1 1 1 1 1 0 0 1 0 0
1 1 1 1 1 1 1 1 0 0
1 1 1 1 1 1 1 1 1 0
1 1 1 0 1 0 1 1 0 0
1 1 1 1 1 1 1 1 1 0
0 0 1 0 1 0 0 0 0 0
0 0 1 1 1 0 0 0 0 0
Maze 156
87 39 3.1111111111 1.6454442517 56 0.381002101084557
73 23 87 77 60 52 23 85 64 3 84 67 55 59 16 73
400 83 400 57 400 22 83 84 63 83 64 65 400 56 13
400 401 400 402 400 402 401 401 401 401 402 401 400 401 402
0 0 1 0 0 0 0 0 0 0
0 0 1 1 1 1 0 0 0 0
0 1 1 0 0 1 0 0 0 0
0 1 1 0 0 1 0 0 0 0
0 1 1 0 0 1 0 0 0 0
0 1 1 1 1 1 1 1 1 1
0 0 1 1 1 1 1 0 0 0
0 0 2 1 0 0 1 0 0 0
0 0 1 1 1 1 1 0 0 0
0 0 0 0 0 0 0 0 0 0
Maze 157
107 47 3.1320754717 1.9800858054 87 0.375368221822809
34 37 14 45 13 76 96 51 24 47 18 9 81 29 91 34
400 34 44 43 73 400 91 21 44 17 8 1 21 21 31
400 401 401 401 401 400 401 402 401 402 402 402 402 402 402
1 1 1 1 1 1 1 1 1 0
1 0 1 1 0 0 1 1 0 0
1 1 1 1 1 1 1 1 1 0
1 1 1 2 1 1 1 0 0 0
1 0 1 1 1 1 1 0 0 0
1 0 1 0 0 0 0 0 0 0
1 0 1 0 0 0 0 0 0 0
1 0 1 1 1 1 0 0 0 0
1 0 0 0 0 1 0 0 0 0
1 1 1 1 1 1 0 0 0 0
Maze 158
121 65 3.6666666667 1.9397758499 120 0.381882256444784
35 17 67 14 88 33 56 71 9 61 6 15 39 33 88 35
15 400 64 84 83 53 51 1 1 1 5 35 400 83 85
402 400 401 401 401 401 402 402 402 402 402 401 400 401 401
1 1 1 1 1 1 1 1 1 0
1 0 0 1 1 1 1 0 0 0
1 0 0 1 1 0 1 0 0 0
1 0 1 1 2 1 1 1 1 0
1 0 1 1 1 0 1 0 0 0
1 1 1 1 1 1 1 0 0 0
1 0 1 1 1 1 1 0 0 0
1 0 1 1 1 0 0 0 0 0
0 0 1 1 1 1 1 1 0 0
0 0 0 0 0 0 0 0 0 0
Maze 159
97 29 3.0526315789 2.1905847852 70 0.394388627225439
30 61 42 37 47 50 85 63 10 68 49 37 79 45 83 30
21 41 32 400 400 45 83 3 8 48 47 77 75 43 23
402 402 402 400 400 402 401 402 402 402 401 401 401 402 402
0 0 1 1 1 1 1 1 1 1
0 0 1 0 0 0 0 1 0 0
1 1 1 1 1 1 1 1 1 2
1 1 1 1 1 1 1 1 0 0
1 1 1 1 1 1 1 1 1 1
1 0 1 0 1 0 1 1 0 0
1 0 1 0 1 0 1 1 0 0
0 0 1 0 1 1 1 1 1 0
0 0 1 1 1 0 0 0 0 0
0 0 0 0 0 0 0 0 0 0
Maze 160
105 117 3.1875000000 2.3187563008 91 0.381715129551932
42 26 51 8 40 96 99 15 59 14 20 19 31 76 62 42
22 21 1 38 36 400 95 55 54 400 400 11 71 72 400
402 402 402 401 402 400 401 401 401 400 400 402 401 401 400
1 1 1 1 1 1 1 1 0 0
1 1 1 1 1 1 1 1 1 1
1 1 1 1 1 1 0 1 0 0
1 1 0 1 1 1 1 1 1 1
1 2 0 1 1 1 0 0 0 0
1 1 0 1 1 1 1 1 1 0
1 1 0 0 1 1 0 0 0 0
1 1 1 1 1 1 0 0 0 0
0 0 0 0 1 1 0 0 0 0
0 0 0 0 1 1 1 1 1 0
Maze 161
89 2576 2.9830508475 2.3833754369 50 0.384180325478107
14 18 59 25 37 69 26 81 72 57 47 51 50 99 43 14
400 58 55 35 67 66 21 71 52 400 41 41 49 93 13
400 401 401 401 401 401 402 402 402 400 402 402 402 401 402
0 0 0 0 0 0 0 0 0 0
0 0 1 2 1 1 1 1 0 0
1 1 1 1 1 1 0 1 0 0
1 0 1 0 1 1 1 1 0 0
1 1 1 1 1 1 1 1 1 1
1 1 1 1 1 1 1 1 1 0
1 1 1 0 0 1 1 1 1 0
1 1 1 0 0 0 0 0 1 0
1 0 1 0 0 0 0 0 1 0
0 0 1 1 1 1 1 1 1 0
Maze 162
89 112 2.9230769231 2.1174634020 44 0.391357501126555
60 72 58 13 7 43 50 60 100 99 56 27 97 52 64 60
52 52 53 3 3 400 400 400 400 96 26 400 92 62 54
402 402 401 402 402 400 400 400 400 401 402 400 401 401 402
0 0 1 1 1 1 1 0 0 0
0 0 1 0 0 0 0 0 0 0
0 0 1 0 0 1 1 0 0 0
0 0 1 0 0 1 1 0 0 0
0 0 1 1 1 1 1 1 1 1
0 1 1 1 1 1 1 1 1 2
0 1 1 1 0 1 1 0 0 1
0 1 0 0 0 1 1 0 0 1
0 1 0 0 0 1 1 0 0 1
0 1 1 1 1 1 1 1 1 1
Maze 163
93 893 3.0357142857 2.1547848641 40 0.389112013031239
53 32 44 4 96 39 51 53 85 83 68 32 18 89 39 53
52 42 400 94 36 31 400 83 400 63 62 12 88 400 33
401 401 400 401 402 402 400 401 400 402 401 402 401 400 402
0 0 0 1 0 0 0 0 0 0
0 1 1 1 1 1 1 1 0 0
0 1 0 1 0 0 0 1 0 0
1 1 1 1 1 1 1 1 1 0
1 1 1 1 0 1 0 1 1 0
1 1 2 1 0 1 0 1 1 0
0 1 1 1 1 1 1 1 1 0
0 0 1 1 0 1 0 1 1 0
0 0 1 1 1 1 0 1 1 0
0 0 0 1 1 1 0 0 0 0
Maze 164
83 15 3.5000000000 2.1042648818 26 0.390895057016371
25 14 11 55 51 18 1 47 65 79 85 74 39 36 3 25
24 400 51 400 11 11 41 45 75 75 84 34 400 33 23
401 400 401 400 402 401 401 402 401 402 401 402 400 401 401
1 0 1 0 0 0 0 0 0 0
1 1 1 1 1 1 1 1 0 0
1 0 1 1 2 0 0 0 0 0
1 0 1 1 1 1 1 1 1 0
1 1 1 1 1 1 1 0 0 0
1 1 1 1 1 0 0 0 0 0
0 0 0 1 1 0 0 0 0 0
0 0 0 1 1 1 1 1 1 0
0 0 0 1 1 0 0 0 0 0
0 0 0 0 0 0 0 0 0 0
Maze 165
87 24 2.8148148148 2.1560348361 40 0.350071004506652
51 27 64 38 80 10 42 11 1 5 62 78 31 61 61 51
21 24 34 78 400 2 41 400 400 2 72 71 400 400 400
402 402 402 401 400 402 401 400 400 402 401 401 400 400 400
1 1 1 1 1 1 1 1 1 1
1 1 0 0 0 0 0 0 0 1
1 1 1 1 1 1 1 0 0 1
1 1 0 1 1 1 1 1 0 1
1 1 0 1 0 0 0 1 0 1
2 1 0 1 0 0 0 1 0 1
1 1 0 1 0 0 0 1 0 1
1 1 1 1 1 1 1 1 1 1
0 0 0 0 0 0 0 0 0 0
0 0 0 0 0 0 0 0 0 0
Maze 166
81 12 3.3658536585 1.9371803769 30 0.405103097052907
48 62 12 75 34 64 91 73 62 29 17 55 46 67 5 48
42 400 72 74 400 61 71 72 22 27 15 45 66 65 45
402 400 401 401 400 402 402 401 402 401 402 402 401 401 401
0 0 0 0 1 0 0 0 0 0
0 1 0 0 1 1 1 0 0 0
0 1 1 1 1 1 1 1 1 0
0 1 0 1 1 0 0 0 0 0
0 1 1 1 1 1 1 2 0 0
0 1 0 1 1 1 0 0 0 0
1 1 1 1 1 1 1 0 0 0
1 1 1 1 1 0 0 0 0 0
1 0 0 0 0 0 0 0 0 0
1 0 0 0 0 0 0 0 0 0
Maze 167
131 30 3.8867924528 1.8865029134 169 0.388719534628436
50 45 58 25 83 50 33 30 48 91 4 75 4 69 1 50
400 55 55 23 43 43 23 28 41 1 74 74 64 61 41
400 401 401 402 402 401 402 402 402 402 401 401 401 401 401
1 1 1 1 0 0 0 0 0 0
1 0 0 1 0 0 0 0 0 0
1 0 1 1 1 1 1 1 1 1
1 0 1 1 1 0 0 1 0 0
1 1 1 1 1 1 1 1 1 2
1 0 1 1 1 1 1 1 0 0
1 1 1 1 1 1 1 1 1 0
1 0 1 1 1 0 0 0 0 0
1 0 1 0 0 0 0 0 0 0
1 0 0 0 0 0 0 0 0 0
Maze 168
95 61 3.5918367347 2.0735425042 64 0.368973785783374
66 58 63 47 85 30 18 29 23 69 33 21 72 90 71 66
56 53 43 45 25 28 28 400 63 63 31 71 82 81 61
402 402 402 402 402 401 401 400 401 401 401 401 401 401 402
0 0 0 0 0 0 0 0 0 0
0 0 0 0 0 0 0 1 0 0
1 0 1 1 1 1 1 1 1 1
1 1 1 0 1 0 0 0 0 0
1 0 1 1 1 1 1 0 0 0
1 0 1 1 1 1 1 1 0 0
1 1 1 1 1 2 1 1 1 0
1 1 0 0 1 0 0 0 0 0
1 1 1 1 1 1 1 1 1 1
0 0 0 0 0 0 0 0 0 0
Maze 169
103 60 3.2280701754 2.1535709140 54 0.366519304175576
27 86 97 30 8 43 23 84 91 3 50 21 90 76 47 27
26 96 27 28 3 400 83 81 1 43 41 81 86 46 400
402 401 402 401 402 400 401 402 402 401 401 401 401 402 400
1 1 1 1 1 1 1 1 0 0
1 0 1 0 0 0 0 1 0 0
1 0 1 0 0 1 2 1 1 1
1 0 1 0 0 1 1 0 0 0
1 1 1 1 1 1 1 1 1 1
1 0 1 0 0 1 1 0 0 0
1 0 1 0 0 1 1 0 0 0
1 0 1 0 0 1 1 0 0 0
1 1 1 1 1 1 1 1 1 1
1 0 0 0 0 1 1 0 0 0
Maze 170
131 2326 3.1538461538 2.2503010991 152 0.392298155864860
80 6 99 31 26 9 38 42 70 4 20 87 90 31 14 80
76 96 91 21 6 8 32 62 64 14 17 400 81 11 74
401 401 401 402 402 402 402 401 401 401 402 400 401 402 401
0 0 0 1 0 1 1 1 1 0
1 1 1 1 1 1 1 1 1 1
1 1 1 1 1 1 1 1 0 0
1 1 1 1 1 1 1 1 0 0
1 1 0 1 0 1 1 0 0 0
1 1 0 1 0 1 1 0 0 0
1 1 1 1 1 1 1 1 1 1
1 0 0 1 1 1 1 1 1 2
1 1 1 1 1 1 1 1 1 1
1 1 1 1 1 1 1 1 1 0
Maze 171
71 96 2.8936170213 2.2278562518 20 0.367267114860545
72 44 64 63 22 65 6 81 43 14 48 59 59 38 73 72
42 400 400 62 62 5 1 41 13 44 58 400 58 33 400
402 400 400 401 401 402 402 402 402 401 401 400 401 402 400
1 1 1 1 1 1 0 0 0 0
1 0 1 1 1 0 0 0 0 0
1 1 1 1 1 0 0 0 0 0
1 1 1 1 1 1 1 1 0 0
1 1 1 1 1 1 1 1 0 0
1 1 1 1 1 0 0 1 1 0
1 1 1 1 1 0 0 0 0 0
1 2 1 0 0 0 0 0 0 0
1 0 0 0 0 0 0 0 0 0
0 0 0 0 0 0 0 0 0 0
Maze 172
103 16 3.3454545455 2.1178867188 71 0.404252862155087
72 19 74 84 11 63 65 12 60 42 36 49 30 39 4 72
12 14 400 81 61 400 62 52 52 32 46 29 29 34 2
402 402 400 401 401 400 401 401 401 402 401 402 402 401 402
0 1 1 1 0 0 0 0 0 0
1 1 1 1 1 1 1 1 1 0
1 1 0 1 0 0 0 0 1 1
1 1 1 1 1 1 1 1 1 0
1 1 0 1 0 1 1 1 1 0
1 1 1 1 1 1 1 1 1 1
1 1 1 1 1 0 0 0 0 0
1 2 0 1 0 0 0 0 0 0
1 1 1 1 0 0 0 0 0 0
0 0 0 0 0 0 0 0 0 0
Maze 173
121 2267 2.9333333333 2.3048265290 112 0.381846088331347
30 3 100 49 63 78 28 81 26 90 86 67 9 41 40 30
23 93 99 43 73 400 21 21 86 400 66 7 1 31 400
401 401 401 402 401 400 402 402 401 400 402 402 402 402 400
1 1 1 1 1 1 1 1 1 0
1 0 1 0 0 0 1 0 0 0
1 1 1 1 1 1 1 1 1 2
1 1 1 1 1 1 1 1 1 1
1 0 1 1 1 1 1 1 1 0
1 0 1 0 0 1 1 1 1 0
1 0 1 0 0 1 1 1 1 0
1 0 1 1 1 1 1 1 1 0
1 0 1 0 0 1 1 1 1 1
0 0 1 1 1 1 1 1 1 1
Maze 174
83 27 3.1428571429 2.1418479094 30 0.400550346356542
8 3 33 53 2 33 80 47 74 54 84 26 1 10 58 8
400 400 400 52 32 73 77 44 400 400 24 21 400 8 400
400 400 400 401 401 401 401 402 400 400 402 401 400 402 400
1 1 1 1 1 1 1 2 1 1
1 1 1 0 0 0 0 1 0 0
1 1 1 1 1 1 0 1 0 0
0 1 1 1 0 0 0 1 0 0
0 1 1 1 1 1 1 1 0 0
0 1 1 1 0 0 1 1 0 0
0 0 1 1 0 0 1 0 0 0
0 0 1 1 1 1 1 1 1 1
0 0 0 1 0 0 0 0 0 0
0 0 0 0 0 0 0 0 0 0
Maze 175
73 47 2.7547169811 2.3523687525 16 0.378165164183265
16 97 39 25 25 85 82 44 33 33 74 67 98 19 69 16
96 37 35 400 400 400 42 43 400 73 64 97 18 400 66
401 402 401 400 400 400 402 401 400 401 402 401 402 400 401
0 0 0 0 0 0 0 0 0 0
0 0 0 0 0 2 0 1 1 0
0 0 0 0 1 1 0 1 1 0
0 0 1 0 1 1 1 1 1 0
0 1 1 1 1 1 1 1 1 0
0 1 1 0 1 1 1 1 1 0
0 1 1 1 1 1 1 1 1 0
0 1 1 1 1 1 1 1 0 0
0 1 1 1 1 1 1 1 0 0
0 0 0 0 0 1 1 1 0 0
Maze 176
107 12 3.5272727273 2.1510178837 80 0.384544248155596
27 54 32 79 63 100 83 92 44 72 13 91 51 50 85 27
24 52 72 73 93 93 82 42 42 12 11 400 41 45 25
402 401 401 401 401 401 402 402 402 402 402 400 402 402 402
0 0 0 0 0 0 0 0 0 0
1 1 1 0 0 0 0 0 0 0
1 1 0 1 1 1 2 0 0 0
1 1 0 1 1 0 0 0 0 0
1 1 1 1 1 1 1 1 1 1
1 1 1 1 1 0 0 0 0 0
1 1 1 0 1 0 0 0 0 0
1 1 1 1 1 1 1 1 1 0
1 1 1 0 1 0 0 0 0 0
1 1 1 1 1 1 1 1 1 1
Maze 177
129 554 3.4545454545 1.9375029648 141 0.377287540126596
70 1 46 92 19 2 20 61 54 11 75 43 31 95 50 70
61 41 42 12 12 12 11 51 51 71 73 41 91 45 400
401 401 402 402 401 401 402 402 401 401 401 401 401 402 400
1 1 0 0 0 0 0 0 0 0
1 1 1 1 1 1 1 1 1 1
1 1 0 0 0 0 0 0 0 0
1 1 0 0 0 0 0 0 0 0
1 1 1 1 1 1 1 1 1 1
1 1 1 1 1 0 0 0 0 1
1 1 1 1 1 1 1 1 1 2
1 1 1 1 1 0 0 0 0 0
1 1 0 0 1 0 0 0 0 0
1 1 1 1 1 0 0 0 0 0
Maze 178
143 178 3.2647058824 1.9143787789 181 0.379854681042714
70 72 8 72 99 8 60 10 94 9 65 14 81 84 10 70
62 2 2 92 98 58 400 4 4 5 64 11 400 4 400
402 402 402 401 401 401 400 402 402 402 401 402 400 402 400
0 1 1 1 1 1 1 1 1 1
1 1 1 1 1 0 0 1 0 1
1 1 0 1 1 0 0 1 0 1
1 1 0 1 1 0 0 1 0 1
1 1 0 1 1 0 0 1 0 1
1 1 0 1 1 0 0 1 1 1
1 1 1 1 1 1 1 1 1 2
1 1 0 1 0 0 0 1 0 0
1 1 1 1 0 0 0 1 0 0
0 1 1 1 1 1 1 1 1 0
Maze 179
95 105 2.9454545455 2.1027473282 77 0.380346267452132
33 9 46 87 54 46 7 9 39 6 54 91 40 96 72 33
3 6 86 84 44 6 400 400 36 4 51 31 36 92 32
402 402 401 401 402 402 400 400 401 402 402 402 402 401 402
0 0 1 1 1 1 1 1 1 0
0 0 1 1 0 1 0 0 1 0
0 0 1 1 0 1 0 0 1 0
1 1 2 1 1 1 1 1 1 1
1 1 0 1 1 1 0 0 0 0
1 1 1 1 0 1 0 0 0 0
1 1 0 1 0 1 0 0 0 0
1 1 0 1 0 1 0 0 0 0
1 1 0 1 1 1 1 0 0 0
1 1 1 1 1 1 0 0 0 0
Maze 180
95 100 3.2452830189 2.0842658187 64 0.376463829106438
36 95 16 57 1 14 13 55 7 43 20 15 74 98 99 36
35 15 56 51 11 400 53 5 3 13 400 14 94 400 96
402 402 401 401 401 400 401 402 402 402 400 402 401 400 401
1 0 1 1 1 1 1 0 0 0
1 1 1 1 1 1 1 1 1 1
1 0 1 1 1 1 0 0 0 0
1 0 1 1 1 2 0 0 0 0
1 0 1 1 1 1 0 0 0 0
1 1 1 1 1 1 1 0 0 0
0 0 0 1 1 1 0 0 0 0
0 0 0 1 1 1 0 0 0 0
0 0 0 1 1 1 0 0 0 0
0 0 0 1 1 1 1 1 1 0
Maze 181
103 179 3.1785714286 2.1780943860 77 0.386371708901179
20 40 91 3 6 84 44 56 54 27 49 54 29 11 75 20
400 31 1 400 4 400 54 400 24 47 44 24 21 71 15
400 402 402 400 402 400 401 400 402 401 402 402 401 401 402
1 1 1 1 1 1 0 0 0 0
1 0 0 1 1 1 1 1 1 2
1 1 1 1 1 1 1 1 1 1
1 1 1 1 1 1 1 1 1 1
1 0 0 1 1 1 1 1 1 0
1 0 0 1 1 1 0 0 0 0
1 0 0 1 1 0 0 0 0 0
1 1 1 1 1 0 0 0 0 0
1 0 0 1 0 0 0 0 0 0
1 0 0 0 0 0 0 0 0 0
Maze 182
87 193 3.1904761905 1.7927363273 50 0.377770380308912
27 97 39 87 36 29 97 78 11 50 68 67 98 58 56 27
400 37 37 86 26 27 77 71 41 48 400 97 400 400 26
400 402 402 401 402 402 402 401 401 402 400 401 400 400 402
0 0 0 0 0 0 0 0 0 0
1 0 0 0 0 0 0 0 0 0
1 0 0 0 0 1 2 1 1 0
1 0 0 0 0 1 1 1 1 0
1 1 1 1 1 1 1 1 1 1
1 0 0 0 0 1 1 1 0 0
1 0 0 0 0 1 1 1 0 0
1 1 1 1 1 1 1 1 0 0
0 0 0 0 0 1 1 1 0 0
0 0 0 0 0 0 1 1 0 0
Maze 183
95 13 3.1698113208 2.1174634020 71 0.378331466539814
3 65 44 28 28 44 11 17 43 80 46 1 87 95 94 3
63 64 24 400 24 41 400 13 73 76 41 81 85 400 93
401 401 402 400 402 401 400 402 401 401 401 401 402 400 401
1 0 2 0 0 0 0 0 0 0
1 1 1 1 1 1 1 0 0 0
1 0 1 1 1 1 1 1 0 0
1 0 1 1 0 0 0 0 0 0
1 1 1 1 1 1 0 0 0 0
1 0 1 1 0 1 0 0 0 0
1 0 1 1 1 1 0 0 0 0
1 0 1 1 1 1 1 1 1 1
1 1 1 1 1 1 1 0 0 0
0 0 1 1 1 0 0 0 0 0
Maze 184
63 21 3.1000000000 2.1389593924 7 0.348706642081623
46 79 79 90 69 70 78 48 13 77 54 16 42 21 43 46
76 400 89 89 400 68 400 43 73 74 14 12 41 41 400
401 400 401 401 400 402 400 401 401 401 402 402 401 401 400
0 0 0 0 0 0 0 0 0 0
0 1 1 1 1 1 0 0 0 0
1 1 1 1 0 0 0 0 0 0
1 1 1 1 0 0 0 0 0 0
1 1 1 1 1 2 1 1 0 0
0 0 1 1 0 1 0 1 0 0
0 0 1 1 0 1 0 1 1 1
0 0 1 1 1 1 1 1 1 0
0 0 0 0 0 0 0 0 1 1
0 0 0 0 0 0 0 0 0 0
Maze 185
87 17 3.4054054054 1.6759154415 19 0.372384483809046
10 6 24 77 54 9 60 38 20 10 23 40 64 75 54 10
400 4 74 74 4 59 58 18 400 3 33 34 74 74 4
400 402 401 401 402 401 401 402 400 402 401 402 401 401 402
0 0 1 1 1 1 1 1 1 2
0 0 1 1 0 0 0 1 1 1
0 0 1 1 0 0 0 1 1 0
0 0 1 1 1 1 1 1 1 1
0 0 0 1 0 0 0 1 1 0
0 0 0 1 0 0 0 1 1 1
0 0 0 1 0 0 0 0 0 0
0 0 0 1 1 1 1 0 0 0
0 0 0 0 0 0 0 0 0 0
0 0 0 0 0 0 0 0 0 0
Maze 186
95 212 3.1372549020 2.1407989874 60 0.383471383947090
75 28 72 62 70 35 91 27 32 31 60 39 84 63 74 75
25 22 400 400 65 31 21 22 400 51 59 34 83 73 400
402 402 400 400 401 402 402 402 400 401 401 402 401 401 400
0 0 0 0 0 0 0 0 0 0
0 0 0 0 0 0 0 0 0 0
1 1 1 1 1 1 1 1 0 0
1 1 1 1 1 1 1 1 1 0
1 1 0 1 1 0 0 0 1 0
1 1 1 1 1 1 1 1 1 1
1 1 1 1 1 1 1 1 1 1
1 1 1 1 2 0 0 0 0 0
1 0 1 1 0 0 0 0 0 0
1 0 0 0 0 0 0 0 0 0
Maze 187
117 39 3.4117647059 1.8253793922 118 0.375593884865868
80 62 76 23 20 32 83 4 41 77 65 5 93 71 1 80
72 72 73 13 12 82 3 1 71 75 400 3 91 400 71
401 401 401 402 402 401 402 402 401 401 400 402 401 400 401
1 1 1 1 1 0 0 0 0 0
1 1 1 1 1 1 1 1 1 1
1 1 1 0 1 0 0 0 0 0
1 1 1 0 1 0 0 0 0 0
1 1 1 0 1 0 0 0 0 0
1 1 1 0 1 0 0 0 0 0
1 1 1 0 1 0 0 0 0 0
1 1 1 1 1 1 1 1 1 2
1 1 1 0 0 0 0 0 0 0
1 1 1 0 0 0 0 0 0 0
Maze 188
87 37 3.1836734694 2.0738461594 50 0.371879173819006
46 45 55 98 17 48 22 78 45 81 89 89 15 66 43 46
400 400 95 97 47 42 72 75 41 400 400 85 65 63 400
400 400 401 401 401 401 401 401 402 400 400 401 401 401 400
0 0 0 0 0 0 0 0 0 0
0 0 0 0 1 0 1 0 0 0
0 1 0 0 1 0 1 0 0 0
0 1 0 0 1 0 1 0 0 0
1 1 1 1 1 2 1 1 0 0
1 1 1 0 1 0 1 0 0 0
1 1 1 1 1 1 1 0 0 0
1 1 1 1 1 1 1 1 0 0
1 1 1 1 1 1 1 1 1 0
0 0 0 0 1 1 1 1 0 0
Maze 189
95 64 2.9491525424 2.1584783329 71 0.374531924809525
20 27 68 15 40 38 22 16 11 41 53 77 10 13 97 20
17 67 65 35 400 32 12 400 400 51 73 7 3 93 17
402 401 401 401 400 401 402 400 400 401 401 402 402 401 402
0 0 1 1 1 1 1 1 1 1
1 1 1 1 1 1 1 1 1 2
1 1 1 0 1 0 1 0 0 0
1 1 1 1 1 1 1 1 1 1
1 0 1 0 1 0 1 0 0 0
1 1 1 0 1 0 1 0 0 0
0 0 1 0 1 1 1 1 0 0
0 0 1 1 1 1 1 0 0 0
0 0 1 0 0 0 1 0 0 0
0 0 1 1 1 1 1 0 0 0
Maze 190
83 54 2.7636363636 2.2251351245 35 0.377175373608224
29 8 38 97 93 40 59 39 61 41 89 79 33 14 44 29
28 400 37 400 33 39 400 31 400 81 400 73 13 400 24
401 400 402 400 402 402 400 402 400 401 400 401 402 400 402
0 0 0 0 0 0 0 1 0 0
0 0 1 1 0 0 0 1 0 0
0 0 1 1 1 1 1 1 2 0
1 1 1 1 1 1 1 1 1 1
1 0 1 1 0 0 1 0 1 0
1 0 1 0 0 0 1 0 1 0
1 0 1 0 0 0 1 0 0 0
1 0 1 1 1 1 1 1 1 0
1 1 1 1 1 1 1 1 1 0
0 0 1 1 1 1 1 0 0 0
Maze 191
93 158 3.0943396226 2.1805210830 29 0.375034540657444
89 83 61 85 72 60 29 11 14 89 86 80 83 42 28 89
400 81 81 82 52 59 21 400 84 400 76 73 82 22 88
400 401 401 401 402 401 401 400 401 400 402 402 401 402 401
0 0 0 0 0 0 0 0 0 0
1 1 1 1 0 0 0 0 0 0
1 1 1 1 1 1 1 1 1 0
0 1 0 1 0 0 0 1 1 0
0 1 0 1 0 0 0 1 1 0
0 1 1 1 1 1 1 1 1 1
1 1 0 1 0 0 0 1 0 0
1 1 1 1 1 1 1 1 1 1
1 1 1 1 1 1 1 1 2 0
0 0 0 0 0 0 0 0 0 0
Maze 192
99 43 3.1707317073 1.6412530917 84 0.386620985843133
95 44 84 96 72 84 96 14 100 48 46 92 58 70 14 95
94 400 94 92 82 94 94 94 98 400 42 52 68 64 94
401 400 401 401 401 401 401 401 401 400 402 402 401 401 401
0 0 0 0 0 0 0 0 0 0
0 0 0 1 0 0 0 0 0 0
0 0 0 1 0 0 0 0 0 0
0 0 0 1 0 0 0 0 0 0
0 1 1 1 1 1 1 1 0 0
0 1 1 1 1 1 1 1 0 0
0 1 0 1 1 1 1 1 1 1
0 1 0 1 0 0 0 1 0 0
0 1 1 1 0 0 0 1 0 0
0 1 1 1 2 1 1 1 1 1
Maze 193
97 332 3.3877551020 1.9913614510 65 0.411445223797958
19 63 36 31 26 66 72 67 88 93 30 86 52 46 24 19
13 33 400 21 400 62 62 87 83 23 26 82 42 44 14
402 402 400 402 400 402 402 401 402 402 402 401 402 401 402
0 0 0 0 0 0 0 0 0 0
0 0 1 1 1 1 1 1 2 0
1 1 1 1 1 1 1 1 1 1
1 1 1 1 1 1 0 0 0 0
0 1 1 1 1 1 0 0 0 0
0 1 1 0 0 1 0 0 0 0
0 1 1 1 1 1 1 0 0 0
0 1 1 0 0 1 1 0 0 0
0 1 1 1 1 1 1 1 0 0
0 0 1 0 0 0 0 0 0 0
Maze 194
83 32 3.1000000000 1.7670190695 22 0.398577245997591
39 24 28 74 62 62 38 94 76 1 28 22 13 33 45 39
34 400 24 72 400 32 34 74 71 21 400 12 400 43 35
401 400 402 401 400 402 402 402 401 401 400 402 400 401 402
1 0 0 0 0 0 0 0 0 0
1 1 1 0 0 0 0 0 0 0
1 1 1 1 1 1 1 1 0 0
1 1 1 1 1 1 1 1 2 0
1 1 1 1 1 0 0 0 0 0
1 1 0 1 0 0 0 0 0 0
1 1 0 1 0 0 0 0 0 0
1 1 1 1 1 1 0 0 0 0
0 0 0 1 0 0 0 0 0 0
0 0 0 1 0 0 0 0 0 0
Maze 195
99 118 3.2727272727 2.1120634639 54 0.380997921419424
29 43 2 96 58 6 18 54 97 4 63 69 66 53 67 29
23 42 92 56 56 16 14 94 94 3 400 400 63 63 27
402 401 401 402 401 401 402 401 401 402 400 400 401 401 402
0 1 1 1 0 1 0 0 0 0
0 1 1 1 1 1 1 1 0 0
0 1 1 1 1 1 1 1 2 0
0 1 1 1 0 1 1 0 0 0
0 1 1 1 0 1 1 0 0 0
0 1 1 1 0 1 1 1 0 0
0 1 1 1 1 1 1 1 1 0
0 1 0 1 0 1 0 0 0 0
0 1 0 1 0 1 0 0 0 0
0 1 1 1 1 1 1 0 0 0
Maze 196
89 805 3.3207547170 2.3333022836 50 0.382105198737840
44 38 47 29 88 32 49 9 80 76 8 46 24 75 69 44
34 37 27 28 82 42 400 79 400 6 6 44 74 65 64
402 402 402 402 401 401 400 401 400 402 402 401 401 402 401
0 0 0 0 0 1 1 1 1 0
0 0 0 0 0 1 0 0 1 0
0 0 0 1 0 1 1 1 1 0
0 1 0 1 1 1 1 1 1 0
0 1 1 2 1 1 1 1 1 0
0 1 0 1 0 1 0 1 1 0
0 1 0 1 1 1 1 1 1 0
0 1 0 1 1 1 1 1 1 1
0 1 1 1 1 1 1 1 0 0
0 0 0 0 0 0 0 0 0 0
Maze 197
119 213 3.2653061224 1.7690176245 104 0.389625861774663
11 85 74 27 98 74 48 81 52 98 84 30 62 85 98 11
81 84 24 97 94 44 41 51 92 94 24 22 82 95 91
401 401 402 401 401 402 402 402 401 401 402 402 401 401 401
0 0 0 0 0 0 0 0 0 0
2 0 0 0 0 0 0 0 0 0
1 1 1 1 1 1 1 1 1 1
1 1 0 1 0 0 1 0 0 0
1 1 1 1 1 1 1 1 0 0
1 1 0 1 0 0 1 0 0 0
1 1 0 1 0 0 1 0 0 0
1 1 0 1 0 0 1 0 0 0
1 1 1 1 1 0 1 0 0 0
1 1 1 1 1 1 1 1 0 0
Maze 198
81 36 3.0416666667 2.1743949138 35 0.359674327898254
6 17 48 41 69 95 60 39 47 20 4 43 64 51 66 6
16 47 400 61 65 55 59 37 17 14 3 63 61 61 400
401 401 400 401 402 402 401 402 402 401 402 401 401 401 400
0 0 1 1 0 2 0 0 0 0
0 0 1 1 1 1 1 1 1 1
0 0 1 0 0 1 1 0 0 0
0 0 1 0 0 1 1 1 1 0
1 1 1 1 1 1 1 1 1 0
1 0 1 0 1 1 1 1 1 1
1 1 1 1 1 1 1 1 1 0
0 0 0 0 1 0 0 0 0 0
0 0 0 0 1 0 0 0 0 0
0 0 0 0 1 0 0 0 0 0
Maze 199
113 149 2.8125000000 2.0481250853 80 0.376580782878919
14 29 60 31 9 52 34 39 99 8 6 42 55 2 96 14
24 59 51 1 2 32 400 400 98 400 2 52 52 92 94
401 401 401 402 402 402 400 400 401 400 402 401 401 401 401
1 1 1 1 1 1 1 1 1 0
1 1 0 2 0 0 0 1 0 0
1 1 0 1 1 1 1 1 1 0
1 1 1 1 1 1 1 1 1 0
1 1 0 1 0 0 0 1 1 0
1 1 1 1 1 1 1 1 1 1
0 1 0 1 0 0 0 1 1 0
0 1 0 1 0 0 0 1 1 0
0 1 0 1 0 0 0 1 1 0
0 1 1 1 1 1 0 1 1 0
Maze 200
55 13 2.5238095238 2.1534298550 10 0.318487051780399
17 35 64 75 89 98 69 39 24 25 21 52 85 86 45 17
15 34 74 85 88 68 400 34 400 400 51 82 400 85 15
402 402 401 401 402 402 400 401 400 400 401 401 400 401 402
0 0 0 0 0 0 0 0 0 0
0 0 0 0 1 1 2 0 0 0
1 1 1 1 1 0 0 0 0 0
1 0 0 1 1 1 1 1 1 0
1 0 0 1 1 0 0 0 1 0
1 1 0 1 1 0 0 0 1 0
0 1 0 1 1 0 0 1 1 0
0 1 0 1 1 0 0 1 0 0
0 1 1 1 1 1 1 1 1 0
0 0 0 0 0 0 0 1 0 0
