numMazes: 200
mazeSize: 10
Maze 1
105 54 3.2631578947 2.0823796891 104 0.371062509724840
27 55 76 50 97 75 18 94 99 84 19 41 94 68 79 27
25 75 46 47 95 15 14 400 94 14 11 91 64 78 77
402 401 402 402 401 402 402 400 401 402 402 401 402 401 401
0 0 0 0 0 0 0 0 0 0
1 1 1 1 1 1 1 1 1 0
1 0 0 1 1 1 2 0 0 0
1 0 0 1 1 0 1 0 0 0
1 0 0 1 1 1 1 1 1 1
1 0 0 1 1 1 1 0 0 0
1 0 0 1 1 1 1 1 0 0
1 0 0 1 1 1 1 1 1 0
1 0 0 1 1 0 1 0 0 0
1 1 1 1 1 1 1 1 1 0
Maze 2
97 290 3.3061224490 1.9072194178 77 0.385276027900641
68 8 59 51 48 53 14 95 6 84 43 75 26 95 76 68
400 58 400 41 43 13 94 5 4 83 73 25 25 75 66
400 401 400 402 402 402 401 402 402 401 401 402 402 402 402
0 0 0 1 1 1 0 1 0 0
0 0 1 1 1 0 0 1 0 0
0 0 1 1 1 1 0 1 0 0
0 0 1 1 1 0 0 1 0 0
1 1 1 1 1 1 1 1 0 0
1 1 1 1 1 1 1 1 1 0
0 0 1 1 1 1 1 2 0 0
0 0 1 1 1 1 0 0 0 0
0 0 1 1 1 0 0 0 0 0
0 0 0 1 1 0 0 0 0 0
Maze 3
137 97 3.5925925926 1.8613551559 183 0.394544689132146
11 51 9 92 16 31 71 23 59 68 11 19 83 21 86 11
400 1 2 12 11 400 21 53 58 61 400 13 81 81 81
400 402 402 402 402 400 402 401 402 401 400 402 401 401 401
1 1 1 1 1 1 1 1 1 0
2 1 1 1 1 1 1 1 1 0
1 1 1 0 0 0 0 0 0 0
1 1 1 0 0 0 0 0 0 0
1 1 1 0 0 0 0 0 0 0
1 1 1 1 1 1 1 1 1 0
1 1 1 1 1 1 1 1 0 0
1 1 1 0 0 0 0 0 0 0
1 1 1 1 1 1 0 0 0 0
0 1 0 0 0 0 0 0 0 0
Maze 4
115 375 3.1746031746 2.0871005980 140 0.383766343536877
31 57 46 99 7 50 98 12 46 2 66 26 96 24 18 31
51 56 96 97 47 48 92 42 42 62 400 400 94 14 11
401 401 401 401 401 402 401 401 401 401 400 400 401 402 402
0 1 0 0 0 0 1 0 0 0
1 1 1 1 1 1 1 1 0 0
1 1 0 1 0 1 1 0 0 0
2 1 0 1 0 1 1 0 0 0
1 1 1 1 1 1 1 1 1 1
1 1 1 1 1 1 1 1 0 0
0 1 1 1 1 1 1 1 0 0
0 1 0 1 0 1 1 1 0 0
0 1 0 1 0 1 1 1 0 0
0 1 1 1 1 1 1 1 1 0
Maze 5
115 22047 3.2727272727 2.2703420145 139 0.387640098336189
41 79 42 87 4 52 15 45 55 96 50 61 71 39 98 41
71 72 82 84 2 12 400 400 95 46 41 400 31 38 91
401 401 401 401 402 402 400 400 401 402 402 400 402 402 401
0 1 1 1 0 0 0 0 0 0
0 1 1 1 1 0 0 0 0 0
0 1 0 1 1 0 0 0 0 0
1 1 1 1 1 1 1 1 1 0
2 1 1 1 1 1 1 1 1 1
1 1 0 1 1 1 0 1 0 0
1 1 0 1 1 1 0 1 0 0
1 1 1 1 1 1 1 1 1 0
1 1 1 1 1 1 1 1 0 0
1 1 1 1 1 1 1 1 0 0
Maze 6
75 526 2.8979591837 2.2330607497 35 0.392275566892139
96 84 35 67 72 57 64 62 32 85 77 67 27 32 7 96
94 34 65 62 52 54 400 400 82 75 400 400 22 2 6
401 402 401 402 402 402 400 400 401 402 400 400 402 402 402
0 1 1 1 1 1 1 0 0 0
0 1 0 0 0 1 0 0 0 0
0 1 1 1 1 1 1 0 0 0
0 1 0 1 1 1 1 0 0 0
0 1 0 1 1 1 1 0 0 0
0 1 1 1 1 1 1 0 0 0
0 1 1 1 1 1 1 0 0 0
0 1 0 1 1 1 1 0 0 0
0 1 1 1 1 1 0 0 0 0
0 0 0 1 1 2 0 0 0 0
Maze 7
93 18 3.2156862745 2.1256661497 56 0.376584128152467
83 73 48 70 22 74 23 74 61 46 5 9 44 43 100 83
400 43 68 62 72 73 73 71 41 45 400 4 400 93 93
400 402 401 401 401 401 401 401 402 401 400 402 400 401 401
0 0 0 1 1 1 1 1 1 0
0 0 0 1 1 0 0 0 0 0
0 1 1 1 1 0 0 0 0 0
0 1 1 1 1 0 0 0 0 0
1 1 1 1 1 1 1 1 0 0
1 1 1 0 0 0 0 1 0 0
1 1 1 1 1 1 1 1 1 1
1 1 1 1 0 0 0 0 0 0
0 0 2 0 0 0 0 0 0 0
0 0 1 1 1 1 1 1 1 1
Maze 8
113 1813 3.0000000000 2.2365181755 104 0.391106519394942
16 71 39 44 98 40 79 41 46 51 60 67 86 91 59 16
11 31 34 94 38 39 71 400 41 400 57 66 81 51 56
402 402 402 401 402 402 401 400 402 400 402 402 402 402 401
0 0 0 0 0 0 0 0 0 0
1 1 1 1 1 2 0 0 0 0
1 0 0 0 0 1 0 0 0 0
1 1 1 1 1 1 1 1 1 1
1 1 1 1 1 1 0 1 1 0
1 1 1 1 1 1 1 1 1 1
1 0 0 1 0 1 1 1 1 0
1 1 1 1 1 1 1 1 1 0
1 1 1 1 1 1 0 1 0 0
1 0 0 1 1 1 1 1 0 0
Maze 9
77 27 2.8301886792 2.3785878219 30 0.373676084932760
58 48 89 39 93 31 1 50 49 100 100 79 86 55 61 58
400 88 400 33 91 400 41 400 99 400 99 76 85 51 51
400 401 400 402 401 400 401 400 401 400 401 402 401 402 402
1 0 0 0 0 0 0 0 0 0
1 0 0 0 0 0 0 0 0 0
1 0 0 0 0 0 0 0 0 0
1 0 1 1 1 1 1 1 1 0
1 1 1 1 1 1 1 1 1 1
1 1 1 1 1 1 1 2 1 0
1 0 1 0 1 0 0 1 1 0
1 0 1 0 1 1 1 1 1 0
1 0 1 0 1 1 0 1 1 0
1 1 1 0 0 0 0 0 1 1
Maze 10
107 62 2.7076923077 2.1077353697 77 0.376321890193404
94 61 10 6 10 58 26 99 9 93 87 28 26 6 99 94
91 1 400 400 8 56 96 400 3 83 27 400 400 96 400
401 402 400 400 402 401 401 400 402 402 402 400 400 401 400
1 1 1 1 1 1 1 1 1 1
1 0 1 0 0 1 0 1 1 0
1 0 1 0 0 1 1 1 1 0
1 0 1 0 0 1 1 1 1 0
1 0 1 0 0 1 1 1 1 0
1 0 1 0 0 1 1 1 1 0
1 0 1 0 0 1 1 0 1 0
1 0 1 0 0 1 1 0 1 0
1 0 1 1 1 1 1 0 1 0
1 1 1 2 1 1 1 1 1 0
Maze 11
81 37 2.7407407407 2.1998489026 26 0.412028476850559
79 23 31 5 18 78 55 94 84 32 80 16 27 17 47 79
73 21 1 15 400 75 54 400 82 72 76 26 400 400 77
401 402 402 401 400 401 402 400 401 401 401 401 400 400 401
1 1 1 1 1 0 0 0 0 0
1 0 0 0 1 1 1 1 0 0
1 1 1 0 0 1 1 1 0 0
1 1 1 0 0 1 1 1 0 0
0 1 1 0 0 1 1 1 0 0
0 1 1 1 1 1 1 1 0 0
0 1 1 1 1 1 1 1 0 0
0 1 1 1 1 1 1 1 2 1
0 1 1 1 0 0 0 0 0 0
0 0 0 1 0 0 0 0 0 0
Maze 12
101 108 3.2363636364 2.0466653702 77 0.383283070324776
80 6 48 92 86 30 86 69 64 31 26 16 31 50 29 80
76 46 42 82 26 26 66 400 61 21 400 11 41 49 79
401 401 402 402 402 402 402 400 401 402 400 402 401 401 401
0 0 0 0 0 1 0 0 0 0
1 1 1 1 1 1 0 0 0 0
1 1 1 1 1 1 1 1 1 1
1 0 0 0 0 1 0 0 1 0
1 1 1 1 1 1 1 1 1 1
1 1 0 0 0 1 0 0 1 0
1 1 1 1 1 1 1 1 1 0
0 1 0 0 0 1 1 1 1 2
0 1 1 1 1 1 0 0 0 0
0 1 0 0 0 0 0 0 0 0
Maze 13
75 18 3.0212765957 2.1643511881 22 0.399352207750024
67 74 93 96 44 2 70 64 58 58 88 26 24 4 29 67
64 73 400 94 42 62 400 54 400 400 86 400 400 24 27
402 402 400 401 401 401 400 402 400 400 401 400 400 401 402
0 1 0 1 0 0 0 0 0 0
0 1 0 1 0 0 0 0 0 0
0 1 0 1 1 1 1 1 1 0
0 1 0 0 0 1 1 0 0 0
0 1 1 1 0 1 1 0 0 0
0 1 0 1 1 1 1 1 0 0
0 1 1 1 1 1 2 1 1 1
0 0 1 1 0 1 0 1 0 0
0 0 1 1 0 1 1 1 0 0
0 0 1 1 1 1 0 0 0 0
Maze 14
113 297 3.2307692308 2.3128780651 99 0.389706709328194
22 73 56 91 5 13 76 29 20 80 10 95 50 52 57 22
72 53 51 1 3 73 26 19 400 400 5 45 42 400 52
401 402 402 402 402 401 402 402 400 400 402 402 402 400 401
1 1 1 1 1 1 1 1 1 1
1 0 1 0 1 0 0 0 1 1
1 2 1 0 1 1 1 1 1 1
1 1 1 0 1 1 0 0 0 1
1 1 1 1 1 1 1 1 1 1
1 1 1 1 1 1 1 0 0 1
1 1 1 0 1 1 0 0 0 1
1 1 1 1 1 1 0 0 0 1
1 0 0 0 1 0 0 0 0 0
1 0 0 0 1 0 0 0 0 0
Maze 15
119 5286 2.9411764706 2.0710117517 131 0.384343542094381
29 94 29 9 25 49 100 18 77 35 92 90 8 94 96 29
24 24 400 5 45 99 98 17 75 32 82 88 4 400 26
402 402 400 402 401 401 401 402 401 402 402 401 402 400 402
0 0 0 1 1 1 1 1 1 0
0 0 0 1 1 0 1 1 1 0
0 0 0 1 1 1 1 1 2 0
0 1 1 1 1 1 1 1 0 0
0 1 0 1 1 1 1 1 1 0
0 1 0 1 1 1 1 1 1 0
0 1 0 1 1 1 1 1 1 0
0 1 0 1 1 1 1 1 1 0
0 1 1 1 1 1 1 1 1 1
0 1 0 1 1 1 0 1 1 1
Maze 16
111 555 2.9705882353 2.2651444452 112 0.371976940402158
36 88 75 67 26 42 88 7 91 68 33 96 50 30 75 36
86 85 65 66 22 82 87 1 61 63 93 46 400 25 35
401 401 402 401 402 401 401 402 402 401 401 402 400 402 402
1 1 1 1 1 1 1 0 0 0
1 0 0 0 0 0 1 0 0 0
1 1 1 1 1 1 1 1 1 1
1 1 1 0 1 2 1 0 0 1
1 1 1 0 1 1 1 1 1 1
1 1 1 0 1 1 1 0 0 0
1 1 1 1 1 1 1 1 0 0
1 1 1 0 1 1 1 0 0 0
1 1 1 1 1 1 1 1 0 0
1 0 1 1 1 1 0 0 0 0
Maze 17
81 37 3.2444444444 2.0801934000 26 0.399120450867090
59 25 6 75 81 96 14 4 44 86 66 87 33 5 76 59
55 5 5 71 91 94 400 400 84 400 86 83 3 75 56
401 402 402 402 401 401 400 400 401 400 401 401 402 401 402
0 0 1 1 1 1 0 0 0 0
0 0 1 1 1 0 0 0 0 0
0 0 1 1 1 0 0 0 0 0
0 0 1 1 1 0 0 0 0 0
0 0 1 1 1 0 0 0 0 0
0 0 1 1 1 1 1 1 2 0
0 0 1 1 1 1 0 0 0 0
1 1 1 1 1 1 0 0 0 0
1 0 1 1 1 1 1 0 0 0
1 1 1 1 1 1 0 0 0 0
Maze 18
109 774 3.2698412698 2.2709422638 91 0.394657872667423
69 78 85 17 9 88 12 52 76 9 96 91 30 15 75 69
68 75 15 7 8 82 400 72 6 6 400 21 25 400 65
402 402 402 402 402 401 400 401 402 402 400 402 401 400 402
0 0 0 0 0 1 1 1 1 0
0 1 0 0 1 1 1 1 0 0
1 1 1 1 1 1 1 1 1 1
1 1 0 0 1 1 0 1 0 0
1 1 0 0 1 1 0 1 0 0
1 1 0 0 1 1 0 1 0 0
1 1 0 0 1 1 1 1 2 0
1 1 1 1 1 1 1 1 0 0
1 1 1 1 1 1 1 1 0 0
1 1 1 1 1 1 0 0 0 0
Maze 19
63 4 2.9047619048 2.1793171168 10 0.350178204300595
44 64 64 83 78 80 6 97 32 71 74 84 85 76 53 44
400 400 63 73 400 76 96 92 31 400 400 400 75 73 43
400 400 402 402 400 401 401 401 402 400 400 400 402 401 402
0 0 0 0 0 1 0 0 0 0
0 0 0 0 0 1 0 0 0 0
0 0 0 0 0 1 0 0 0 0
1 1 0 0 0 1 0 0 0 0
1 1 1 2 0 1 0 0 0 0
1 1 1 1 0 1 0 0 0 0
1 1 1 1 0 1 0 0 0 0
1 1 1 1 1 1 1 1 1 1
0 1 1 1 1 1 0 0 0 0
0 1 1 1 1 1 1 0 0 0
Maze 20
85 58 3.6500000000 2.0054250798 40 0.384895392047041
52 83 57 55 12 21 67 11 1 31 91 33 56 65 40 52
82 53 400 52 11 61 61 400 400 400 31 53 55 35 32
401 402 400 401 402 401 401 400 400 400 402 401 402 402 402
1 0 0 0 0 0 0 0 0 0
1 1 0 0 0 0 0 0 0 0
1 1 0 0 0 0 0 0 0 0
1 1 1 1 1 1 1 1 1 1
1 1 1 0 1 0 0 0 0 0
1 2 1 1 1 1 1 0 0 0
1 1 1 1 1 1 1 0 0 0
1 1 1 0 0 0 0 0 0 0
1 1 1 0 0 0 0 0 0 0
1 0 0 0 0 0 0 0 0 0
Maze 21
101 63 2.9333333333 2.1019806504 58 0.360329485810046
99 17 80 60 88 25 99 47 66 24 21 15 14 30 41 99
97 77 400 58 85 95 97 46 64 400 11 400 24 21 91
401 401 400 402 401 401 401 402 401 400 402 400 401 402 401
0 0 0 0 0 0 0 0 0 0
1 1 1 1 1 0 1 0 0 0
1 1 1 1 1 1 1 1 1 1
1 0 0 1 1 0 1 0 0 0
1 0 0 1 1 1 1 0 0 0
1 0 0 1 1 1 1 1 1 1
1 0 0 1 1 1 1 1 0 1
1 0 0 0 1 0 1 1 1 1
1 0 0 0 1 1 1 1 0 0
1 1 1 1 1 1 1 1 2 0
Maze 22
105 12 3.5200000000 1.9474870901 64 0.390892373603514
8 92 35 6 8 68 63 91 97 100 96 51 8 51 62 8
2 32 5 400 400 400 61 400 400 400 91 1 1 61 2
402 402 402 400 400 400 402 400 400 400 401 402 402 401 402
1 1 1 1 1 1 1 2 0 0
1 1 0 0 1 0 0 1 0 0
1 1 0 0 1 0 0 1 0 0
1 1 1 1 1 0 0 1 0 0
1 1 0 0 0 0 0 1 0 0
1 1 0 0 0 0 0 1 0 0
1 1 1 1 1 1 1 1 0 0
1 1 0 0 0 0 0 0 0 0
1 1 0 0 0 0 0 0 0 0
1 1 1 1 1 1 1 1 1 1
Maze 23
93 178 3.4117647059 2.1510545819 45 0.380499932293465
94 51 89 33 27 48 3 55 14 63 62 64 65 10 26 94
91 81 83 23 47 43 53 54 13 400 400 400 5 6 24
401 401 401 402 401 401 401 401 402 400 400 400 402 402 402
0 0 1 0 1 1 1 1 1 1
0 0 1 1 1 1 0 0 0 0
0 0 1 1 1 1 1 0 0 0
0 0 1 1 1 0 1 0 0 0
0 0 1 1 1 1 1 1 0 0
1 0 1 1 1 0 0 0 0 0
1 1 1 1 1 0 0 0 0 0
1 0 1 1 0 0 0 0 0 0
1 1 1 1 1 1 1 1 1 0
1 1 1 2 0 0 0 0 0 0
Maze 24
95 1167 2.9062500000 2.3668198968 84 0.404859987571925
63 5 66 2 14 40 88 98 7 37 80 21 22 27 49 63
3 65 62 12 34 38 400 97 400 77 71 400 400 47 43
402 401 401 401 401 402 400 401 400 401 401 400 400 401 402
0 1 1 1 1 0 1 0 0 0
0 1 1 1 1 0 1 0 0 0
1 1 1 1 1 1 1 0 0 0
1 1 1 1 1 1 1 1 1 1
1 1 1 1 1 1 1 1 1 0
1 1 1 0 1 0 1 1 0 0
1 1 2 1 1 1 1 1 0 0
1 1 1 1 1 1 1 1 1 1
0 0 0 0 0 0 1 1 0 0
0 0 0 0 0 0 1 1 0 0
Maze 25
87 21 3.6279069767 2.0415697197 41 0.371230681724552
78 97 65 85 72 32 64 62 20 92 73 50 83 54 66 78
77 95 400 82 400 62 400 12 12 72 43 43 53 64 76
402 401 400 401 400 401 400 402 402 402 402 402 402 401 401
0 0 0 0 0 0 0 0 0 0
0 1 1 1 1 1 1 1 1 1
0 1 0 0 0 0 0 0 0 0
0 1 0 0 0 0 0 0 0 0
0 1 1 1 1 1 1 1 1 1
0 1 1 1 0 0 0 0 0 0
0 1 1 1 1 1 0 0 0 0
0 1 1 0 1 1 1 2 0 0
0 1 1 1 1 0 1 0 0 0
0 1 0 0 1 1 1 0 0 0
Maze 26
93 55 3.0000000000 1.9338650376 44 0.380565000272942
4 24 7 16 22 33 66 8 53 8 52 39 90 77 83 4
400 4 6 12 32 63 6 3 3 2 32 89 87 73 3
400 402 402 402 401 401 402 402 402 402 402 401 401 402 402
0 1 1 2 1 1 1 1 0 0
0 1 1 1 1 1 0 0 0 0
0 1 1 1 0 1 0 0 0 0
0 1 1 1 1 1 1 1 1 0
0 1 1 0 0 1 0 0 1 0
0 1 1 0 0 1 0 0 1 0
0 0 1 1 1 1 0 0 1 0
0 0 1 1 1 1 1 0 1 0
0 0 1 0 0 0 1 1 1 1
0 0 0 0 0 0 0 0 0 0
Maze 27
99 113 3.1481481481 2.0590805640 71 0.397086587503355
20 78 29 61 36 80 32 97 69 77 71 62 25 22 25 20
18 28 21 31 76 72 92 67 67 400 61 22 400 400 15
402 402 402 402 401 401 401 402 402 400 402 402 400 400 402
0 0 0 0 0 0 0 0 0 0
0 0 0 0 1 1 1 1 1 2
1 1 1 1 1 1 1 1 1 0
1 1 1 1 1 1 0 1 0 0
1 1 0 0 0 1 0 1 0 0
1 1 0 0 0 1 0 1 0 0
1 1 0 0 0 1 1 1 1 0
1 1 1 1 1 1 1 1 1 1
0 1 0 0 0 0 1 0 0 0
0 1 1 1 1 1 1 0 0 0
Maze 28
87 70 3.1555555556 1.8993523627 36 0.377460672160710
79 73 64 8 56 83 41 21 35 53 6 21 36 3 75 79
400 63 4 6 53 81 400 31 33 3 1 31 33 73 400
400 402 402 402 402 401 400 401 402 402 402 401 401 401 400
1 1 1 1 1 1 1 1 0 0
1 0 1 1 0 1 0 0 0 0
1 0 1 1 0 1 0 0 0 0
1 1 1 1 1 1 0 0 0 0
1 0 1 1 0 1 0 0 0 0
1 0 1 1 1 1 0 0 0 0
1 0 1 1 0 0 0 0 0 0
1 0 1 1 1 1 1 1 2 0
1 1 1 0 0 0 0 0 0 0
0 0 0 0 0 0 0 0 0 0
Maze 29
113 45 3.4375000000 2.3013068097 97 0.405144791261981
16 60 13 88 81 42 46 35 100 83 70 5 31 9 36 16
56 53 83 400 41 400 45 95 93 63 65 1 1 6 400
401 401 401 400 402 400 401 401 401 402 401 402 402 402 400
1 1 1 1 1 1 1 1 1 0
1 0 1 0 1 2 0 0 0 0
1 0 1 0 1 1 0 0 0 0
1 0 1 0 1 1 0 0 0 0
1 1 1 1 1 1 0 0 0 0
1 0 1 1 1 1 1 1 1 1
1 0 1 1 1 1 1 1 1 1
1 0 1 0 1 0 0 0 0 0
1 1 1 1 1 1 1 1 0 0
0 0 1 1 1 1 1 1 1 1
Maze 30
117 215 3.2459016393 2.1659971383 119 0.392517082074828
19 31 49 4 48 100 24 79 35 39 11 74 47 10 27 19
11 41 44 44 98 94 74 75 400 31 71 44 7 7 17
402 401 401 401 401 401 401 401 400 401 401 402 402 402 402
0 0 0 1 0 0 1 1 1 1
1 1 1 1 1 1 1 1 2 0
1 0 0 1 0 0 1 0 0 0
1 1 1 1 1 1 1 1 1 0
1 1 1 1 1 1 1 1 1 0
1 0 0 1 1 0 0 1 0 0
1 0 0 1 1 0 0 1 0 0
1 1 1 1 1 1 1 1 1 0
0 0 0 1 0 0 0 1 0 0
0 0 0 1 1 1 1 1 1 1
Maze 31
109 237 3.1612903226 2.2425627421 84 0.379834669132487
60 21 47 49 100 58 54 17 26 45 96 11 94 38 72 60
51 41 400 99 98 400 14 16 25 95 91 91 34 32 52
401 401 400 401 401 400 402 402 402 401 401 401 402 402 402
0 0 0 0 0 0 0 0 0 0
1 0 0 1 1 1 1 0 0 0
1 0 0 1 1 1 0 0 0 0
1 1 1 1 1 1 1 1 0 0
1 1 1 1 1 1 1 1 1 0
1 1 1 1 1 1 1 1 1 2
1 1 0 1 1 0 0 1 1 0
1 1 0 1 1 0 0 1 1 0
1 0 0 1 1 0 0 1 1 0
1 1 1 1 1 1 0 1 1 1
Maze 32
87 2950 2.9642857143 2.2595637259 56 0.380527900062345
41 53 87 16 62 72 45 66 23 62 64 95 54 20 79 41
51 83 86 12 400 42 65 63 22 400 94 94 14 19 71
401 401 401 402 400 402 401 401 402 400 401 401 402 402 401
0 0 0 0 0 0 0 0 0 0
0 1 1 1 1 1 1 1 1 1
0 1 1 1 0 1 0 0 1 0
0 1 1 1 0 1 0 0 1 0
2 1 1 1 1 1 0 0 1 0
1 1 1 1 1 1 0 0 1 0
1 1 1 1 1 1 0 0 1 0
1 1 1 1 1 1 1 1 1 0
0 0 1 1 1 1 1 0 0 0
0 0 0 1 1 0 0 0 0 0
Maze 33
129 580 2.9066666667 2.1793325954 152 0.386853662243138
99 17 2 80 19 72 91 75 99 31 62 10 70 5 90 99
97 12 72 79 12 71 71 95 91 61 2 400 65 85 89
401 401 401 401 402 402 402 401 401 401 402 400 401 401 402
0 1 1 1 1 1 1 1 1 1
0 1 1 1 1 1 1 1 1 1
0 1 0 0 1 0 1 0 1 1
1 1 0 0 1 0 1 0 1 1
1 1 0 0 1 0 1 0 1 1
1 1 0 0 1 0 1 0 1 1
1 1 0 0 1 1 1 1 1 1
1 1 1 1 1 1 1 1 1 1
1 0 0 0 1 1 1 1 1 1
1 1 1 1 1 1 1 1 2 0
Maze 34
93 33 3.2173913043 1.9256726096 56 0.396719656032435
57 31 21 88 91 63 92 38 60 85 61 85 89 46 50 57
51 400 81 81 61 62 32 58 55 81 81 400 86 400 47
401 400 401 402 402 402 402 401 402 401 401 400 401 400 402
0 0 0 0 0 0 0 0 0 0
0 0 0 0 0 0 0 0 0 0
1 0 0 0 0 0 0 0 0 0
1 1 1 1 1 1 1 1 0 0
1 1 0 0 0 1 1 1 1 1
1 1 1 1 1 1 2 1 1 1
1 1 1 0 1 1 0 0 0 0
1 1 0 0 1 1 0 0 0 0
1 1 1 1 1 1 1 1 1 0
1 1 0 0 0 0 0 0 0 0
Maze 35
97 23 3.3777777778 1.8686328133 58 0.374885668622410
92 93 27 27 52 97 17 38 36 3 98 83 5 12 86 92
400 23 400 22 92 400 37 400 33 93 93 3 2 82 82
400 402 400 402 401 400 401 400 401 401 401 402 402 401 402
0 1 1 1 1 0 0 0 0 0
0 1 1 0 0 0 1 0 0 0
0 1 1 1 1 1 1 0 0 0
0 1 1 1 1 1 1 1 0 0
0 1 1 0 0 0 1 0 0 0
0 1 1 0 0 0 1 0 0 0
0 1 1 0 0 0 1 0 0 0
0 1 1 0 0 0 1 0 0 0
0 1 1 1 1 1 1 0 0 0
0 2 1 1 1 1 1 1 0 0
Maze 36
95 68 3.1525423729 2.3209182322 64 0.378535401627607
13 59 64 24 3 20 70 95 68 99 28 30 81 37 14 13
53 54 400 23 13 400 65 65 98 98 400 21 31 34 400
401 402 400 401 401 400 402 402 401 401 400 402 402 401 400
0 0 1 0 0 0 0 0 0 0
0 0 2 1 1 1 1 1 1 1
1 1 1 1 1 1 1 1 1 1
1 1 1 1 1 1 1 1 0 1
1 0 1 1 0 0 0 1 0 1
1 0 1 1 1 1 1 1 1 1
1 0 0 1 1 1 1 1 1 1
1 0 0 0 1 0 0 1 0 0
1 0 0 0 1 0 0 1 0 0
0 0 0 0 1 0 0 1 1 0
Maze 37
99 115 3.1489361702 1.9180476487 54 0.372182247304816
98 25 2 73 42 3 28 49 31 17 27 62 14 31 2 98
95 22 72 72 2 23 48 41 11 400 22 12 11 1 92
401 401 401 401 402 401 401 401 402 400 402 402 402 402 401
1 1 1 0 0 0 0 0 0 0
1 1 1 1 1 1 1 0 0 0
1 1 1 1 1 1 1 1 0 0
1 1 0 0 1 0 0 1 0 0
1 1 1 1 1 1 1 1 1 0
0 1 0 0 1 0 0 0 0 0
0 1 0 0 1 0 0 0 0 0
0 1 1 0 1 0 0 0 0 0
0 1 0 0 1 0 0 0 0 0
0 1 1 1 1 1 1 2 0 0
Maze 38
83 370 3.0588235294 2.2983495997 30 0.380053634812965
52 87 58 21 15 48 35 46 66 85 20 19 26 79 91 52
82 57 51 11 45 45 45 400 65 15 400 16 76 71 51
401 402 401 402 401 401 401 400 402 402 400 402 401 402 402
0 0 0 0 0 0 0 0 0 0
1 1 1 1 1 1 1 1 1 1
1 0 0 0 1 1 0 0 0 0
1 0 0 0 1 1 0 0 0 0
1 0 0 0 1 1 1 1 0 0
1 2 1 1 1 1 1 1 0 0
1 1 0 0 1 1 1 0 0 0
1 1 1 1 1 1 1 1 1 0
1 1 1 1 1 1 1 0 0 0
1 0 0 0 0 0 0 0 0 0
Maze 39
91 204 3.2340425532 2.0289621172 45 0.388531576890156
77 48 41 12 45 3 66 29 4 45 43 13 57 1 6 77
47 400 11 42 43 63 26 24 44 400 400 53 51 400 76
402 400 402 401 401 401 402 401 401 400 400 401 401 400 401
1 1 1 1 1 1 0 0 0 0
1 1 1 1 0 1 0 0 0 0
1 1 1 1 1 1 1 1 1 0
1 1 1 1 0 1 0 0 0 0
1 1 1 1 1 1 1 1 0 0
1 1 1 1 1 1 1 0 0 0
0 0 1 1 1 1 1 0 0 0
0 0 0 0 0 1 2 0 0 0
0 0 0 0 0 0 0 0 0 0
0 0 0 0 0 0 0 0 0 0
Maze 40
79 9 2.7142857143 2.2326824683 26 0.367976177081122
2 35 52 47 69 19 100 50 19 47 5 5 35 97 6 2
32 32 42 67 400 99 400 49 17 45 400 400 95 96 400
401 402 402 401 400 401 400 401 402 401 400 400 401 401 400
0 2 1 1 1 1 0 0 0 0
0 1 0 0 1 1 1 1 1 0
0 1 0 0 1 1 1 0 1 0
0 1 1 1 1 1 1 0 1 0
0 1 1 1 1 1 1 0 1 1
0 1 0 0 1 1 1 0 1 1
0 0 0 0 1 1 1 1 1 1
0 0 0 0 1 1 0 0 1 1
0 0 0 0 1 1 0 0 1 1
0 0 0 0 1 1 1 0 1 1
Maze 41
103 530 3.2758620690 2.2068136069 70 0.378554844517508
38 96 50 48 11 28 77 39 83 64 66 10 74 90 37 38
36 46 400 41 21 27 37 33 63 400 6 4 84 87 400
402 402 400 401 401 402 402 402 402 400 402 402 401 401 400
0 0 0 1 1 1 1 1 1 1
1 0 0 1 0 1 0 0 0 0
1 1 1 1 1 1 1 1 0 0
1 0 1 1 1 1 1 2 1 0
1 1 1 1 1 1 1 1 1 1
0 0 1 1 0 1 1 0 0 0
0 0 1 1 1 1 1 0 0 0
0 0 1 1 0 1 1 0 0 0
0 0 1 1 1 1 1 1 1 1
0 0 0 0 0 1 0 0 0 0
Maze 42
83 67 3.2340425532 2.1632051702 30 0.384619613816280
39 81 92 52 59 42 37 37 14 25 69 42 25 12 48 39
31 91 400 400 52 32 400 34 24 65 62 22 22 42 38
402 401 400 400 401 402 400 401 401 401 401 402 401 401 402
0 0 0 0 0 0 0 0 0 0
0 1 0 1 0 0 0 0 0 0
0 1 1 1 1 0 0 0 0 0
1 1 1 1 1 1 1 1 2 0
1 1 1 1 1 1 1 1 0 0
1 1 1 1 1 1 1 1 1 0
1 1 1 1 1 1 1 1 1 0
1 1 0 0 0 0 0 0 0 0
1 1 0 0 0 0 0 0 0 0
1 1 0 0 0 0 0 0 0 0
Maze 43
89 34 2.8852459016 2.3512804226 45 0.379569189358051
36 10 5 30 59 37 43 3 59 69 85 52 14 91 24 36
6 400 25 29 57 33 400 53 400 65 82 12 11 21 34
402 400 401 402 401 402 400 401 400 402 401 402 402 402 401
0 0 1 0 1 1 1 1 1 1
1 1 1 1 1 1 0 0 0 0
1 1 1 1 1 1 1 1 1 1
1 1 1 1 1 2 1 0 1 0
1 1 1 0 0 0 1 0 1 0
1 1 1 1 1 1 1 1 1 0
1 1 0 0 1 1 1 1 1 0
1 1 0 0 1 0 0 0 0 0
1 1 1 1 1 0 0 0 0 0
1 0 0 0 0 0 0 0 0 0
Maze 44
107 2382 3.6226415094 2.0651501681 91 0.394890965074452
72 38 14 57 85 33 80 25 61 77 28 66 86 38 30 72
32 34 54 55 83 73 75 21 71 27 26 400 36 28 22
402 401 401 402 401 401 401 402 401 402 402 400 402 402 402
0 0 0 0 0 0 0 0 0 0
0 0 0 1 0 0 0 0 0 0
1 1 1 1 1 1 1 1 1 1
1 1 1 1 1 1 1 1 0 0
1 1 1 1 1 1 1 0 0 0
1 1 1 1 1 1 1 0 0 0
1 1 1 0 1 1 1 0 0 0
1 2 1 1 1 1 1 1 1 1
0 0 1 1 1 1 0 0 0 0
0 0 0 0 0 0 0 0 0 0
Maze 45
87 13 2.9818181818 2.2175054495 45 0.390655410901331
29 68 13 26 7 83 67 58 88 90 52 97 74 100 59 29
28 63 23 6 3 63 57 400 400 82 92 94 94 99 400
402 401 401 402 402 402 402 400 400 401 401 401 401 401 400
0 0 1 1 1 1 1 0 0 0
0 0 1 0 0 1 0 0 0 0
0 0 1 1 1 1 0 1 2 0
0 0 1 0 0 0 0 1 1 0
0 0 1 0 0 0 0 1 1 0
0 1 1 0 0 0 1 1 1 0
0 1 1 1 1 1 1 1 1 0
0 1 1 1 0 0 0 1 1 0
0 1 1 1 1 1 1 1 1 1
0 1 1 1 1 1 1 1 1 1
Maze 46
85 50 3.0000000000 2.3491125826 56 0.394399180578412
7 26 81 43 7 65 32 62 83 78 34 63 82 69 17 7
6 21 41 3 5 62 400 82 73 74 33 62 62 67 400
402 402 402 402 402 401 400 401 402 401 402 402 402 401 400
0 0 1 1 1 1 2 0 0 0
0 0 1 0 1 1 1 0 0 0
1 1 1 1 1 1 1 0 0 0
1 1 1 1 1 0 1 0 0 0
1 1 1 1 1 0 1 0 0 0
1 1 1 1 1 0 1 0 0 0
1 1 1 1 1 1 1 1 1 0
1 1 1 1 1 1 1 1 0 0
1 1 1 0 0 0 0 0 0 0
0 0 0 0 0 0 0 0 0 0
Maze 47
115 148 3.4137931034 2.0380831768 118 0.379837950286424
8 39 12 92 3 70 63 54 19 4 20 65 36 91 57 8
38 32 400 2 63 400 53 14 14 14 15 35 31 51 7
401 401 400 402 401 400 402 402 401 401 402 402 402 402 402
0 1 1 1 0 0 1 2 0 0
0 1 1 1 1 1 1 1 1 1
0 1 1 1 1 0 1 1 0 0
1 1 1 1 1 1 1 1 1 0
1 1 1 1 1 0 1 0 0 0
1 1 1 1 1 1 1 0 0 0
1 1 1 1 1 1 1 1 1 1
1 1 0 0 0 0 0 0 0 0
1 1 0 0 0 0 0 0 0 0
1 1 0 0 0 0 0 0 0 0
Maze 48
101 7 3.2307692308 2.0134204765 70 0.388088725875597
31 62 3 86 40 50 74 14 96 54 88 89 73 2 74 31
61 2 83 36 400 44 400 94 94 84 400 83 72 72 71
401 402 401 402 400 402 400 401 401 401 400 401 401 401 401
0 1 1 0 0 0 0 0 0 0
0 1 1 1 0 0 0 0 0 0
0 1 1 1 0 0 0 0 0 0
2 1 1 1 0 1 1 1 1 1
1 1 1 1 1 1 1 1 1 1
1 1 1 1 0 1 0 0 0 0
1 1 1 1 0 1 0 0 0 0
1 1 1 1 0 1 0 0 0 0
0 0 1 1 1 1 1 1 1 0
0 0 0 1 1 1 0 0 0 0
Maze 49
83 14 2.7777777778 2.2792228353 30 0.381398141729546
87 98 99 74 84 93 19 19 63 7 50 88 15 24 16 87
97 400 94 400 83 13 400 13 3 47 48 85 14 14 86
401 400 401 400 402 402 400 402 402 401 402 401 402 402 401
0 0 1 1 1 1 1 0 0 0
0 0 1 1 1 1 1 1 1 0
0 0 1 1 1 1 1 0 0 0
0 0 1 0 1 1 1 0 0 0
0 0 1 0 1 1 1 1 1 1
0 0 1 0 1 1 0 1 0 0
0 0 1 0 1 1 0 1 0 0
0 0 1 1 1 1 0 1 0 0
0 0 1 1 1 1 2 1 0 0
0 0 1 1 1 1 1 1 1 0
Maze 50
95 54 3.4761904762 1.8675593402 77 0.381883879410028
90 56 11 87 85 14 54 88 59 70 84 58 92 83 71 90
86 51 81 400 84 400 84 58 69 64 54 52 82 81 81
401 401 401 400 401 400 401 402 401 402 402 402 402 401 401
0 0 0 0 0 0 0 0 0 0
1 0 0 1 0 0 0 0 0 0
1 0 0 1 0 0 0 0 0 0
1 0 0 1 0 0 0 0 0 0
1 0 0 1 0 0 0 0 0 0
1 1 1 1 1 1 1 1 1 0
1 1 0 1 1 1 1 1 1 1
1 1 0 1 0 1 0 1 0 0
1 1 1 1 1 1 1 1 1 2
0 1 0 0 0 0 0 0 0 0
Maze 51
93 1029 3.0877192982 2.2964039712 31 0.386661876660367
45 55 63 46 71 9 90 24 5 19 23 12 56 6 42 45
400 53 43 41 1 89 84 4 15 13 22 52 400 2 400
400 402 402 402 402 401 401 402 401 402 401 401 400 402 400
1 1 1 1 1 1 1 1 1 0
1 1 1 1 1 1 1 1 1 0
1 1 1 1 0 1 0 0 1 0
1 1 0 1 0 1 0 0 1 0
1 1 1 1 2 1 0 0 1 0
1 1 1 1 1 1 0 0 1 0
1 0 1 1 0 0 0 0 1 0
1 0 0 1 0 0 0 0 1 0
0 0 0 1 1 1 1 1 1 1
0 0 0 0 0 0 0 0 0 0
Maze 52
97 87 3.0000000000 2.1196431912 71 0.386095283957815
94 13 20 60 8 44 88 86 92 79 94 58 45 8 8 94
93 400 400 58 4 84 400 82 72 74 54 55 5 400 4
401 400 400 401 402 401 400 402 402 402 402 401 402 400 402
0 0 0 1 1 1 1 1 0 0
0 0 1 1 1 1 1 1 1 1
0 0 1 1 1 0 0 1 0 1
0 0 1 1 1 0 0 1 0 1
0 0 1 1 1 0 0 1 0 1
0 0 1 1 1 1 1 1 1 1
0 0 1 1 0 0 0 0 0 0
0 1 1 1 1 1 1 1 1 0
0 1 1 1 1 1 1 1 0 0
0 1 1 2 0 0 0 0 0 0
Maze 53
81 7 3.3333333333 1.9694853042 22 0.374774216027283
22 62 72 72 93 36 68 15 82 19 25 63 33 75 53 22
400 400 400 92 33 66 65 12 12 15 23 400 73 73 52
400 400 400 401 402 401 401 402 402 402 402 400 401 401 401
0 0 0 0 0 0 0 0 0 0
0 1 1 1 1 1 1 1 1 0
0 2 1 1 1 0 0 0 0 0
0 1 1 1 1 1 0 0 0 0
0 1 1 0 1 1 0 0 0 0
0 1 1 0 1 1 0 0 0 0
0 1 1 0 1 1 1 1 0 0
0 1 1 1 1 0 0 0 0 0
0 1 1 0 0 0 0 0 0 0
0 1 1 0 0 0 0 0 0 0
Maze 54
83 7 3.2888888889 2.0219686223 30 0.388107242873602
56 15 43 89 83 84 41 93 58 26 6 76 3 13 65 56
55 13 83 400 400 81 91 53 56 400 400 73 400 63 55
401 402 401 400 400 401 401 402 401 400 400 401 400 401 402
0 0 1 0 0 1 0 0 0 0
0 0 1 1 1 1 0 0 0 0
0 0 1 0 1 1 0 0 0 0
0 0 1 0 1 1 0 0 0 0
1 0 1 0 1 1 0 0 0 0
1 0 1 1 1 2 1 1 0 0
1 0 1 1 1 1 0 0 0 0
1 0 1 1 1 1 0 0 0 0
1 1 1 1 1 1 1 1 1 0
1 1 1 0 0 0 0 0 0 0
Maze 55
105 573 3.5384615385 2.0891132189 98 0.383436389566349
16 76 57 2 44 4 55 19 82 11 18 48 61 32 69 16
400 56 52 42 400 54 15 12 81 400 400 41 31 62 66
400 402 401 401 400 401 402 402 401 400 400 402 402 401 401
0 1 0 1 0 0 0 0 0 0
1 1 1 1 1 2 1 1 1 0
1 1 0 1 1 1 0 1 0 0
1 1 0 1 1 1 0 1 0 0
1 1 1 1 1 1 1 1 0 0
1 1 1 1 1 1 1 0 0 0
1 1 1 1 1 1 1 1 1 0
1 1 0 0 0 1 0 0 0 0
1 1 0 0 0 0 0 0 0 0
0 0 0 0 0 0 0 0 0 0
Maze 56
99 3278 3.1864406780 2.2283200625 64 0.385429429139742
18 79 1 26 12 39 18 6 45 34 5 48 13 69 97 18
78 71 21 22 32 38 16 5 44 4 45 43 63 67 17
401 401 401 401 401 401 401 402 401 402 401 401 401 402 402
1 0 0 1 1 1 0 0 0 0
1 1 1 1 1 1 1 2 0 0
1 1 1 1 1 1 1 1 0 0
1 1 1 1 1 1 1 1 1 0
1 0 1 1 1 1 1 1 0 0
1 0 1 0 0 0 1 1 0 0
1 0 1 1 1 1 1 1 1 0
1 1 1 1 1 1 1 1 1 0
0 0 0 0 0 0 1 0 0 0
0 0 0 0 0 0 1 0 0 0
Maze 57
131 21 4.0476190476 1.5689739309 150 0.388902645298995
48 63 62 28 84 10 94 30 73 53 28 30 93 35 2 48
43 400 22 24 4 4 24 23 400 23 400 23 33 32 42
402 400 402 402 402 402 402 402 400 402 400 402 402 401 401
0 1 0 1 1 1 1 1 1 1
0 1 0 1 0 0 0 0 0 0
0 1 1 1 1 1 1 1 1 1
0 1 1 1 1 0 0 0 0 0
0 1 1 1 1 1 1 2 0 0
0 1 1 1 0 0 0 0 0 0
0 1 1 1 0 0 0 0 0 0
0 0 1 1 0 0 0 0 0 0
0 0 1 1 0 0 0 0 0 0
0 0 1 1 0 0 0 0 0 0
Maze 58
89 304 3.2608695652 1.9137375797 40 0.396064651659829
30 53 22 15 55 36 84 29 46 71 70 46 86 64 24 30
23 52 12 400 35 34 24 26 41 61 66 400 84 400 400
402 401 402 400 402 402 402 402 402 402 401 400 401 400 400
0 0 0 0 0 0 0 0 0 0
0 1 1 1 1 0 0 0 0 0
0 1 1 1 1 1 1 1 1 2
0 1 1 1 1 1 0 0 0 0
1 1 1 1 1 1 0 0 0 0
1 1 1 1 1 1 0 0 0 0
1 1 1 1 1 1 1 1 1 1
1 0 0 1 0 1 0 0 0 0
0 0 0 1 1 1 0 0 0 0
0 0 0 0 0 0 0 0 0 0
Maze 59
129 48 3.5333333333 2.0386291486 129 0.393083561195949
85 30 41 64 1 10 83 7 5 98 45 27 52 20 40 85
25 21 61 61 400 3 3 400 95 95 25 22 12 400 35
402 402 401 401 400 402 402 400 401 401 402 402 402 400 402
1 1 1 1 1 1 1 1 1 1
1 1 1 1 1 1 1 1 1 1
1 1 1 1 1 1 1 1 1 1
1 1 1 0 1 1 1 1 1 1
1 1 1 0 1 0 0 0 0 0
1 1 1 0 1 0 0 0 0 0
1 1 1 1 1 0 0 0 0 0
0 0 1 0 1 0 0 0 0 0
0 0 1 0 2 0 0 0 0 0
0 0 0 0 1 1 1 1 0 0
Maze 60
79 12 2.4074074074 2.1743949138 25 0.390433778325365
44 43 83 92 40 99 52 5 15 49 98 97 93 98 75 44
400 400 82 32 39 92 2 400 45 48 400 400 400 95 74
400 400 402 402 402 401 402 400 401 402 400 400 400 401 401
0 1 1 1 1 0 0 0 0 0
0 1 0 0 1 0 0 0 0 0
0 1 0 0 1 0 0 0 0 0
0 1 1 1 1 1 1 1 1 1
0 1 1 2 1 1 1 1 1 0
0 1 1 1 0 0 0 1 1 0
0 1 1 1 0 0 0 1 1 0
0 1 1 1 1 0 0 1 1 0
0 1 1 0 1 0 0 1 1 0
0 1 1 1 1 1 1 1 1 0
Maze 61
97 67 2.7741935484 2.2590934011 55 0.407332730588307
77 22 13 46 47 74 18 78 40 89 64 98 20 90 63 77
72 12 43 400 44 14 400 38 39 84 94 18 400 83 73
401 402 401 400 402 402 400 402 402 401 401 402 400 401 401
0 0 0 0 0 0 0 0 0 0
0 1 1 1 1 1 1 1 1 1
0 1 1 1 0 0 0 1 0 1
0 1 1 1 0 0 0 1 1 1
0 1 1 1 1 1 1 1 1 1
0 1 0 1 0 0 0 1 1 1
0 1 1 1 0 0 0 1 1 1
0 1 1 1 1 1 2 1 1 1
0 0 1 1 1 1 1 1 1 1
0 0 0 1 1 1 1 1 0 0
Maze 62
85 815 2.8363636364 2.2885796113 50 0.387253304945060
58 76 86 42 31 29 80 50 35 45 50 12 17 79 15 58
56 400 82 41 21 79 400 45 400 400 42 400 77 75 55
402 400 401 401 402 401 400 401 400 400 401 400 401 401 401
0 0 0 0 0 0 0 0 0 0
0 1 1 1 1 1 1 0 0 0
1 1 1 1 1 1 1 1 1 0
1 1 0 0 1 0 1 0 1 0
1 1 1 1 1 1 1 1 1 1
0 1 0 0 1 1 1 2 1 1
0 1 0 0 1 1 1 0 1 1
0 1 0 0 1 1 1 1 1 1
0 1 1 1 1 1 0 0 0 0
0 0 0 0 0 0 0 0 0 0
Maze 63
99 72 3.1481481481 2.0661330726 66 0.382211519392641
1 91 85 30 95 17 28 86 74 30 60 42 72 93 62 1
400 81 25 25 15 27 26 84 24 400 52 400 92 92 61
400 402 402 402 402 401 402 401 402 400 401 400 401 401 401
2 0 0 0 0 0 0 0 0 0
1 0 0 0 1 1 1 0 0 0
1 0 0 1 1 1 1 1 1 1
1 0 0 1 1 1 0 0 0 1
1 1 0 1 1 1 0 0 0 1
1 1 1 1 1 1 1 1 1 1
1 1 0 1 1 1 0 0 0 0
1 1 0 1 1 1 0 0 0 0
1 1 1 1 1 1 0 0 0 0
1 1 1 0 1 0 0 0 0 0
Maze 64
101 55 3.3600000000 2.0601645749 56 0.373265491587932
43 78 81 20 54 65 15 41 16 65 32 24 27 93 71 43
73 71 11 14 64 400 11 11 15 62 22 400 23 91 41
401 402 402 402 401 400 402 402 402 401 402 400 402 401 402
0 0 0 0 0 0 0 0 0 0
1 1 1 1 1 1 1 1 1 1
1 1 1 1 1 1 1 0 0 0
1 1 1 1 1 0 0 0 0 0
1 1 2 1 1 0 0 0 0 0
1 1 1 1 1 0 0 0 0 0
1 1 1 1 1 0 0 0 0 0
1 1 1 1 1 1 1 1 0 0
1 0 1 0 0 0 0 0 0 0
1 1 1 0 0 0 0 0 0 0
Maze 65
95 32 3.3090909091 2.3278535886 77 0.381755861101912
32 54 1 3 17 36 73 37 6 61 62 50 72 69 89 32
52 51 400 13 16 33 33 36 1 400 42 42 62 400 82
401 401 400 401 402 402 402 401 402 400 402 402 402 400 401
1 1 1 1 1 1 0 0 0 0
1 0 1 1 1 1 1 0 0 0
1 0 0 0 0 1 0 0 0 0
1 2 1 1 1 1 1 0 0 0
1 1 1 1 1 1 1 1 1 1
1 1 1 1 0 0 0 0 0 0
1 1 1 1 1 1 1 1 1 0
0 1 1 0 0 0 0 0 1 0
0 1 1 1 1 1 1 1 1 0
0 0 0 0 0 0 0 0 0 0
Maze 66
93 564 3.9500000000 1.9627286949 38 0.395708991218699
26 38 17 3 59 43 30 64 25 46 66 15 70 18 43 26
36 37 13 53 53 23 24 24 45 400 65 65 68 13 23
401 401 401 401 401 402 402 402 401 400 401 401 401 402 402
0 0 1 0 0 0 0 0 0 0
0 0 1 1 1 1 1 1 0 0
0 0 1 1 1 2 1 1 1 1
0 0 1 1 1 1 1 1 0 0
0 0 1 1 1 1 0 1 0 0
0 0 1 1 1 1 1 1 1 0
0 0 0 1 1 1 1 1 1 1
0 0 0 0 0 0 0 0 0 0
0 0 0 0 0 0 0 0 0 0
0 0 0 0 0 0 0 0 0 0
Maze 67
93 55 3.3750000000 2.0204560095 50 0.390515881072845
63 8 38 84 89 58 24 25 3 64 49 77 50 4 68 63
3 400 34 400 88 54 400 23 63 44 47 47 44 64 400
402 400 402 400 401 401 400 401 401 402 402 402 401 401 400
0 0 1 1 1 1 1 1 0 0
0 0 1 1 0 0 0 1 0 0
0 0 1 1 1 0 0 1 0 0
0 0 1 1 1 1 1 1 0 0
0 0 1 1 1 1 1 1 1 1
0 0 1 1 1 1 1 1 0 0
0 0 2 1 1 1 1 1 0 0
0 0 0 1 0 0 1 1 0 0
0 0 0 1 1 1 1 1 1 0
0 0 0 0 0 0 0 0 0 0
Maze 68
75 144 3.0909090909 2.0514493790 26 0.374990050838826
31 17 36 34 59 46 60 7 34 85 47 68 66 4 41 31
11 16 400 54 56 56 57 4 84 45 67 400 64 1 400
402 402 400 401 401 401 401 402 401 402 401 400 401 402 400
1 1 1 1 1 1 1 0 0 0
1 1 1 1 1 1 1 0 0 0
1 0 0 1 0 1 1 0 0 0
2 0 0 1 1 1 1 0 0 0
1 0 0 1 1 1 1 0 0 0
0 0 0 1 1 1 1 1 1 1
0 0 0 1 1 1 1 1 0 0
0 0 0 1 1 0 0 0 0 0
0 0 0 1 1 0 0 0 0 0
0 0 0 0 0 0 0 0 0 0
Maze 69
85 29 2.9411764706 2.2732310462 28 0.376975055979761
5 9 41 76 80 74 16 24 11 43 71 62 27 78 75 5
400 1 71 400 400 14 14 21 41 41 61 22 77 400 400
400 402 401 400 400 402 402 401 401 402 402 402 401 400 400
1 1 1 1 2 1 1 1 1 0
1 0 0 1 1 1 0 0 0 0
1 1 1 1 1 1 1 0 0 0
1 1 0 1 1 0 1 0 0 0
1 1 1 1 1 0 1 0 0 0
1 1 0 1 1 0 1 0 0 0
1 1 0 1 1 0 1 0 0 0
1 1 1 1 1 1 1 1 1 1
0 0 0 0 0 0 0 0 0 0
0 0 0 0 0 0 0 0 0 0
Maze 70
99 58 3.2280701754 2.1968884368 56 0.364571753645249
96 14 50 41 8 54 45 40 47 65 13 16 71 75 91 96
94 44 400 1 4 44 35 37 45 63 400 11 400 71 400
401 401 400 402 402 402 402 402 402 401 400 402 400 402 400
1 1 1 1 1 1 1 1 0 0
1 1 1 1 1 1 0 0 0 0
1 0 1 1 0 0 0 0 0 0
1 0 1 1 1 1 1 1 1 1
1 1 1 1 1 1 1 1 1 1
1 0 1 1 1 0 0 0 0 0
1 0 1 1 1 0 0 0 0 0
1 1 1 1 1 0 0 0 0 0
1 0 0 1 0 0 0 0 0 0
1 1 1 1 1 2 0 0 0 0
Maze 71
105 88 2.9491525424 2.0564018782 80 0.368099319508912
48 34 23 99 71 21 20 63 36 8 49 11 22 22 99 48
44 33 93 91 400 11 13 33 6 48 41 21 400 92 98
401 401 401 401 400 402 402 402 402 401 401 401 400 401 401
0 0 0 0 0 1 1 1 0 0
1 1 1 1 1 1 1 1 1 1
1 1 1 0 0 1 0 1 0 0
1 1 1 1 1 1 0 1 0 0
1 1 1 1 1 1 1 2 1 0
1 1 1 0 0 0 0 1 0 0
1 1 1 0 0 0 0 1 0 0
1 1 1 0 0 0 0 1 0 0
1 1 1 0 0 0 0 1 0 0
1 1 1 1 1 1 1 1 1 0
Maze 72
83 68 3.2000000000 2.0273163384 23 0.397572415513814
12 16 17 35 18 44 74 27 5 76 54 100 6 23 41 12
400 400 15 15 14 400 24 25 75 74 94 96 3 21 11
400 400 402 402 402 400 402 401 401 401 401 401 402 402 402
0 0 1 1 1 1 0 0 0 0
1 2 1 1 1 1 1 1 0 0
1 1 1 1 1 1 1 0 0 0
1 0 0 1 1 1 0 0 0 0
1 0 0 1 1 1 0 0 0 0
0 0 0 1 1 1 0 0 0 0
0 0 0 1 1 1 0 0 0 0
0 0 0 1 1 1 0 0 0 0
0 0 0 1 0 1 0 0 0 0
0 0 0 1 1 1 1 1 1 1
Maze 73
93 304 2.9600000000 2.0529113234 56 0.400416234465810
31 39 58 67 1 37 88 54 27 53 28 46 5 11 26 31
400 38 57 61 31 87 84 24 23 23 26 45 1 21 21
400 402 402 401 401 401 401 402 402 402 402 401 402 401 402
1 1 1 1 1 0 0 0 0 0
1 0 0 0 1 0 0 0 0 0
1 1 1 1 1 1 1 1 0 0
2 1 1 1 1 1 1 1 1 0
1 0 1 1 1 1 1 1 0 0
1 0 1 1 0 0 1 1 0 0
1 1 1 1 1 1 1 0 0 0
0 0 0 1 0 0 1 0 0 0
0 0 0 1 1 1 1 1 0 0
0 0 0 0 0 0 0 0 0 0
Maze 74
93 127 3.0740740741 2.1256661497 50 0.393146907470594
31 27 69 17 3 55 70 80 92 85 46 86 20 63 45 31
21 67 67 13 53 65 400 72 82 45 400 16 13 43 41
402 401 401 401 401 401 400 402 402 402 400 402 402 402 401
0 0 1 0 0 0 0 0 0 0
0 0 1 1 1 1 1 1 1 1
1 1 1 1 1 1 1 0 0 0
2 0 1 0 0 1 1 0 0 0
1 1 1 1 1 1 1 0 0 0
0 0 1 1 1 1 1 0 0 0
0 0 1 0 1 1 1 1 1 1
0 1 1 1 1 1 1 1 1 1
0 1 1 1 1 1 0 0 0 0
0 1 0 0 0 0 0 0 0 0
Maze 75
97 359 3.4901960784 2.1754232752 60 0.382199111078997
42 33 8 70 27 92 45 42 8 73 24 34 77 59 38 42
32 3 68 67 22 42 400 2 3 23 400 74 57 58 32
402 402 401 401 402 402 400 402 402 402 400 401 402 401 402
0 1 1 1 1 1 1 1 0 0
0 1 1 0 0 0 0 1 0 0
0 1 1 1 1 1 1 1 0 0
0 1 1 1 1 1 1 1 0 0
0 2 1 1 1 0 1 1 0 0
0 1 1 1 0 0 1 1 1 0
0 1 1 1 0 0 1 1 1 1
0 1 1 1 1 1 1 0 0 0
0 1 0 0 0 0 0 0 0 0
0 1 0 0 0 0 0 0 0 0
Maze 76
93 22 3.1739130435 1.8434657947 45 0.373869592485754
39 4 8 37 58 93 57 12 39 9 27 39 26 7 61 39
34 400 7 57 53 53 52 32 400 7 37 36 6 1 31
401 400 402 401 402 402 401 401 400 402 401 401 402 402 402
1 1 1 1 1 1 1 1 1 0
1 1 0 1 0 1 1 0 1 0
1 1 0 1 0 1 1 0 1 0
1 1 1 1 1 1 1 1 2 0
1 1 0 0 0 0 1 0 0 0
1 1 1 1 1 1 1 1 0 0
1 0 1 0 0 0 0 0 0 0
0 0 1 0 0 0 0 0 0 0
0 0 1 0 0 0 0 0 0 0
0 0 1 0 0 0 0 0 0 0
Maze 77
113 550 3.4915254237 2.2826348750 105 0.383205524352512
1 83 76 6 95 41 20 62 24 86 53 33 85 16 43 1
81 73 400 5 91 11 12 22 84 83 400 83 15 13 41
401 402 400 402 401 402 402 402 401 401 400 401 402 402 401
2 0 0 0 1 1 0 0 0 0
1 1 1 1 1 1 1 1 1 1
1 1 1 1 1 1 0 0 0 0
1 1 1 1 1 1 0 0 0 0
1 1 1 1 1 1 0 0 0 0
1 1 1 1 1 1 0 0 0 0
1 1 1 1 1 1 0 0 0 0
1 0 1 1 1 1 0 0 0 0
1 1 1 1 1 1 0 0 0 0
1 1 1 1 1 0 0 0 0 0
Maze 78
97 621 2.9836065574 2.2565266455 64 0.364537598012854
100 32 63 65 86 62 57 68 8 33 68 76 34 50 61 100
92 62 400 85 82 52 67 400 3 63 66 74 44 41 91
401 401 400 401 401 402 401 400 402 401 402 401 401 402 401
0 0 1 1 1 1 1 1 0 0
0 0 1 0 0 0 0 1 0 0
0 0 1 0 0 0 0 1 0 0
0 1 1 1 0 0 0 1 0 0
1 1 1 1 1 1 1 1 1 1
1 1 1 1 1 1 1 1 0 0
1 1 1 1 1 1 1 1 0 0
1 1 0 1 1 1 0 0 0 0
1 1 1 1 1 1 0 0 0 0
1 1 1 1 1 1 1 1 1 2
Maze 79
105 1714 3.1578947368 2.1336290192 79 0.378785691759944
36 75 94 10 85 23 62 44 61 74 90 47 92 51 91 36
35 74 4 5 83 22 42 41 71 84 87 42 91 400 31
402 402 402 402 401 402 402 402 401 401 401 402 401 400 402
0 0 0 1 1 1 1 1 1 1
0 0 0 1 1 0 0 0 0 0
0 1 1 1 1 0 0 0 0 0
1 1 1 1 1 2 0 0 0 0
1 1 1 1 1 1 1 0 0 0
1 1 1 1 1 0 1 0 0 0
1 1 1 1 1 0 1 0 0 0
1 1 1 1 1 0 1 0 0 0
1 1 1 1 1 1 1 1 1 1
1 1 0 1 0 0 0 0 0 0
Maze 80
93 336 2.6000000000 2.1903968493 50 0.372967642907356
93 93 90 57 51 27 47 15 43 86 42 24 95 21 4 93
400 83 87 400 21 400 45 13 83 82 22 94 91 1 3
400 402 401 400 402 400 401 402 401 401 402 401 401 402 402
1 1 1 1 0 0 0 0 0 0
1 0 1 1 1 0 0 0 0 0
1 1 1 1 1 1 1 0 0 0
1 1 1 1 1 0 1 0 0 0
1 1 1 1 1 1 1 0 0 0
1 1 1 1 1 1 1 0 0 0
1 1 1 1 0 0 1 0 0 0
1 1 1 1 0 0 1 0 0 0
1 1 1 1 1 1 1 1 1 1
1 1 2 1 1 0 0 0 0 0
Maze 81
115 271 3.4666666667 2.1748613806 131 0.398025574331878
20 2 75 6 11 66 84 70 32 61 6 97 56 89 7 20
12 72 5 1 61 64 64 62 31 1 96 96 86 87 17
401 401 402 402 401 402 402 401 402 402 401 401 401 401 401
1 1 1 1 1 1 1 0 0 0
1 1 1 1 1 1 1 1 1 2
1 1 0 0 1 1 1 0 0 0
1 1 0 0 1 1 1 0 0 0
1 1 0 0 1 1 1 0 0 0
1 1 0 0 1 1 1 0 0 0
1 1 1 1 1 1 1 1 1 1
0 1 1 1 1 1 1 0 0 0
0 0 0 1 0 1 1 1 1 0
0 0 0 0 0 1 1 0 0 0
Maze 82
91 136 3.0909090909 2.2340505578 36 0.385140349796303
92 16 30 14 41 91 83 98 25 4 13 47 15 47 39 92
12 26 24 11 400 81 93 95 24 3 43 45 45 37 32
402 401 401 402 400 402 401 401 401 402 401 401 401 402 402
0 0 1 1 0 0 0 0 0 0
1 1 1 1 1 1 0 0 0 0
1 1 1 1 1 1 1 1 1 1
1 1 1 1 1 1 1 1 1 0
1 1 1 1 1 1 1 0 0 0
1 1 0 0 1 0 0 0 0 0
1 1 0 0 1 0 0 0 0 0
1 1 0 0 1 0 0 0 0 0
1 1 1 0 1 0 0 0 0 0
1 2 1 1 1 1 1 1 0 0
Maze 83
105 40 3.4615384615 2.0453394405 112 0.392936709205731
77 18 4 73 59 68 95 33 55 7 88 58 13 61 20 77
17 14 3 53 58 65 93 53 5 87 400 53 11 11 17
402 401 402 402 402 402 401 401 402 401 400 401 402 402 402
0 0 1 1 1 1 1 0 0 0
1 1 1 1 1 1 1 1 1 1
1 0 1 0 1 0 1 0 0 0
1 0 1 0 1 0 1 0 0 0
1 0 1 0 1 0 1 0 0 0
1 0 1 1 1 1 1 1 1 0
1 0 1 0 1 1 1 1 0 0
0 0 1 0 1 0 2 1 0 0
0 0 1 0 1 0 1 1 0 0
0 0 1 1 1 0 0 0 0 0
Maze 84
87 244 3.0370370370 2.2832893006 56 0.374423546160940
54 47 11 19 78 75 67 9 38 14 4 82 50 18 26 54
44 41 400 18 400 65 7 8 34 400 2 42 48 16 24
402 401 400 402 400 402 402 402 401 400 402 402 401 402 402
0 1 1 1 0 0 1 1 1 0
1 1 1 1 1 1 1 1 1 0
1 1 0 1 1 1 1 1 0 0
1 1 0 1 1 1 1 1 0 0
1 1 1 1 1 1 1 1 1 1
0 1 0 2 0 0 1 1 0 0
0 1 0 0 1 1 1 1 0 0
0 1 0 0 1 1 1 1 0 0
0 1 0 0 0 0 0 0 0 0
0 0 0 0 0 0 0 0 0 0
Maze 85
97 35 3.2542372881 2.3071810962 66 0.381578445385677
35 15 54 5 68 93 2 63 77 50 40 79 1 93 73 35
400 14 4 65 63 92 62 73 47 400 39 71 91 400 33
400 402 402 401 402 401 401 401 402 400 402 401 401 400 402
1 1 0 1 1 0 0 0 0 0
1 1 0 1 1 0 0 0 0 0
1 1 0 1 1 0 0 0 0 0
1 1 1 1 2 0 0 0 1 1
1 1 1 1 1 0 1 1 1 1
1 1 1 1 1 0 1 0 1 0
1 1 1 1 1 1 1 1 1 0
1 1 1 1 1 1 1 1 1 0
1 1 1 0 0 0 0 0 0 0
1 1 1 0 0 0 0 0 0 0
Maze 86
103 588 3.2727272727 2.1105177172 59 0.372876743046501
30 82 81 80 97 6 24 6 43 71 92 25 79 12 18 30
22 400 71 77 96 4 4 3 41 91 22 75 72 400 28
402 400 402 402 401 402 402 402 402 401 402 401 401 400 401
0 0 1 1 1 1 0 0 0 0
0 1 1 1 1 1 1 1 0 0
0 1 1 1 1 1 1 1 1 2
0 1 1 0 1 1 0 0 0 0
1 1 1 0 1 1 0 0 0 0
1 1 0 0 1 1 0 0 0 0
1 1 0 0 1 1 0 0 0 0
1 1 1 1 1 1 1 1 1 1
1 1 0 0 0 1 1 0 0 0
1 1 0 0 0 1 1 0 0 0
Maze 87
89 54 3.1272727273 2.2718400687 40 0.371675212520824
100 36 6 18 1 15 25 43 70 64 57 92 1 61 64 100
96 400 16 11 11 400 23 63 400 54 52 91 400 400 94
401 400 401 401 401 400 402 401 400 402 402 401 400 400 401
1 0 0 0 0 1 0 0 0 0
1 1 1 1 1 1 1 1 0 0
1 0 1 1 1 1 0 0 0 0
1 0 1 0 0 1 0 0 0 0
1 0 1 0 0 1 0 0 0 0
1 1 1 1 1 1 1 0 0 0
1 1 1 1 1 1 1 1 1 1
1 1 0 1 0 1 0 0 0 0
1 1 0 1 0 1 0 0 0 0
1 1 0 1 1 1 1 1 1 2
Maze 88
103 22 3.0344827586 2.1513259886 55 0.383296516441616
85 90 29 95 64 1 100 56 18 35 17 30 22 28 25 85
400 89 25 94 61 91 96 16 15 15 27 400 400 400 400
400 401 402 401 401 401 401 402 402 402 401 400 400 400 400
1 0 0 0 0 0 0 0 0 0
1 0 0 0 1 1 1 1 0 0
1 1 1 1 1 1 1 1 1 1
1 0 0 0 1 1 0 0 1 0
1 0 0 0 1 1 0 0 1 0
1 0 0 0 1 1 0 0 1 0
1 1 1 1 1 1 0 0 1 0
1 0 0 1 1 1 0 0 1 0
1 0 0 1 2 1 1 1 1 1
1 1 1 1 1 1 1 1 1 1
Maze 89
93 140 2.8620689655 2.1279500364 34 0.362993362345763
47 50 54 95 55 49 85 13 54 23 26 78 19 51 96 47
400 44 94 400 45 45 83 53 53 400 76 18 11 91 46
400 402 401 400 402 402 401 401 401 400 401 402 402 401 402
0 0 0 0 0 0 0 0 0 0
1 1 1 1 1 1 1 1 1 0
1 0 1 1 1 1 0 1 0 0
1 0 1 0 0 1 0 1 0 0
1 0 1 1 1 1 2 1 1 1
1 0 1 1 1 1 0 1 0 0
1 0 1 1 1 1 0 1 0 0
1 0 1 1 1 1 1 1 0 0
1 0 1 1 1 1 0 0 0 0
1 1 1 1 1 1 0 0 0 0
Maze 90
77 21 3.5625000000 1.8019053139 30 0.374301256904762
32 25 11 26 38 2 17 51 25 52 81 81 45 38 34 32
22 21 21 36 32 12 11 21 22 51 400 41 35 400 400
402 401 401 401 401 401 402 402 402 402 400 402 402 400 400
0 1 0 0 0 0 0 0 0 0
1 1 1 1 1 1 1 0 0 0
1 1 1 1 1 1 0 0 0 0
1 2 1 1 1 1 1 1 0 0
1 1 1 1 1 0 0 0 0 0
1 1 0 0 0 0 0 0 0 0
1 0 0 0 0 0 0 0 0 0
1 0 0 0 0 0 0 0 0 0
1 0 0 0 0 0 0 0 0 0
0 0 0 0 0 0 0 0 0 0
Maze 91
111 27 3.4482758621 2.0587156403 65 0.401736361674357
5 27 94 24 20 98 81 100 96 71 74 12 92 48 21 5
25 24 400 14 18 91 91 400 91 400 72 400 42 41 1
401 402 400 402 402 401 401 400 401 400 401 400 402 401 402
1 1 1 1 2 0 0 0 0 0
1 1 0 1 1 1 1 1 1 1
1 1 0 1 1 1 1 1 0 0
1 1 0 1 0 0 0 1 0 0
1 1 1 1 1 1 1 1 0 0
0 1 0 1 0 0 0 1 0 0
0 1 0 1 0 0 0 1 0 0
1 1 1 1 0 0 0 1 0 0
1 1 0 1 0 0 0 1 0 0
1 1 1 1 1 1 1 1 1 1
Maze 92
97 348 2.8709677419 2.2513652677 71 0.379181049718742
65 86 98 61 63 47 58 17 71 60 77 40 82 27 17 65
85 96 91 400 43 57 57 11 51 57 37 32 22 400 15
401 401 401 400 402 401 401 402 402 402 402 402 402 400 402
0 0 0 0 0 0 0 0 0 0
1 1 1 1 1 1 1 0 0 0
1 1 1 1 1 1 1 0 0 0
1 1 1 1 1 1 1 1 1 1
1 1 1 1 1 1 1 0 0 0
1 1 1 1 1 1 1 1 1 1
1 1 1 0 2 0 1 0 0 0
1 1 0 0 1 0 1 0 0 0
1 1 0 0 1 1 0 0 0 0
1 1 1 1 1 1 1 1 0 0
Maze 93
95 598 3.2000000000 1.9006422746 55 0.379863402284907
64 27 23 48 19 93 67 49 66 18 72 49 27 35 73 64
24 400 43 18 13 63 47 46 16 12 42 47 25 33 63
402 400 401 402 402 402 402 402 402 402 402 401 402 402 402
0 0 0 0 0 0 0 0 0 0
0 1 1 1 1 1 1 1 1 0
0 1 1 1 1 1 1 1 0 0
0 1 1 1 1 1 1 1 0 0
0 1 1 1 1 1 1 1 1 0
0 1 1 1 0 1 1 0 0 0
0 1 1 2 1 1 1 0 0 0
0 1 1 0 0 0 0 0 0 0
0 0 1 0 0 0 0 0 0 0
0 0 1 0 0 0 0 0 0 0
Maze 94
95 63 3.1764705882 2.0141134552 84 0.382475912786351
12 77 54 16 44 13 78 28 15 60 67 52 95 54 67 12
72 74 14 14 43 73 400 25 55 57 62 92 94 64 62
401 401 402 402 401 401 400 401 401 402 401 401 401 401 401
0 0 0 0 0 0 0 0 0 0
0 2 1 1 1 1 0 0 0 0
0 1 1 1 1 1 1 1 0 0
0 1 1 1 1 0 0 1 0 0
0 1 1 1 1 0 0 1 0 0
0 1 1 1 1 1 1 1 1 1
0 1 1 1 1 1 1 1 0 0
0 1 1 1 1 1 1 1 0 0
0 1 0 1 0 0 0 0 0 0
0 1 1 1 1 0 0 0 0 0
Maze 95
81 155 2.7500000000 2.1189443476 35 0.389168882794545
76 62 69 78 31 59 98 75 84 22 36 27 35 51 36 76
72 400 68 71 51 58 95 74 82 32 26 25 31 31 400
401 400 402 401 401 402 401 402 401 401 402 402 402 402 400
0 0 0 0 0 0 0 0 0 0
0 0 0 0 0 0 0 0 0 0
0 1 0 0 1 1 1 0 0 0
1 1 1 1 1 1 0 0 0 0
1 1 0 0 0 1 0 0 0 0
1 1 1 1 1 1 1 1 1 0
1 1 1 1 1 1 1 1 1 0
1 1 1 1 1 2 1 1 0 0
0 1 1 1 1 0 0 1 0 0
0 0 0 0 1 1 1 1 0 0
Maze 96
85 107 2.7272727273 2.2326824683 56 0.357012691973118
71 52 96 50 88 96 6 21 51 61 3 40 98 67 71 71
51 92 46 48 86 400 1 400 400 1 33 38 97 61 400
402 401 402 402 402 400 402 400 400 402 401 402 401 402 400
1 1 1 1 1 1 0 0 0 0
1 0 1 0 0 1 0 0 0 0
1 0 1 0 0 1 0 0 0 0
1 0 1 1 1 1 1 1 1 1
1 0 0 0 0 1 1 1 1 1
1 1 0 0 0 1 0 1 0 0
1 1 1 1 1 1 1 1 0 0
2 1 0 0 0 1 1 1 0 0
0 1 0 0 0 1 1 1 0 0
0 1 1 1 1 1 1 1 0 0
Maze 97
91 22 3.1200000000 2.0479375372 50 0.383666789787256
4 27 36 86 18 45 20 77 66 86 82 95 18 29 71 4
24 26 400 16 15 15 17 76 400 400 92 15 28 21 1
401 402 400 402 402 402 402 401 400 400 401 402 401 402 402
1 1 1 2 0 0 0 0 0 0
1 0 0 1 1 1 1 1 1 1
1 1 1 1 1 1 1 1 1 0
1 0 0 0 1 1 1 0 0 0
1 0 0 0 1 1 1 0 0 0
1 0 0 0 1 1 1 0 0 0
1 0 0 0 1 1 1 0 0 0
1 0 0 0 1 1 1 0 0 0
0 1 1 1 1 1 0 0 0 0
0 1 1 1 1 0 0 0 0 0
Maze 98
101 347 3.2459016393 2.2127640624 77 0.392724665138734
68 49 29 74 12 28 67 35 22 94 13 90 36 95 80 68
48 400 24 72 22 27 65 32 92 93 83 86 35 75 78
402 400 402 401 401 402 401 401 401 401 401 401 402 402 401
0 0 0 0 0 0 0 0 0 0
0 1 1 0 0 0 0 0 0 0
0 1 1 1 1 1 1 1 1 0
0 1 1 1 1 1 1 0 1 0
0 1 1 1 1 1 1 1 1 0
0 1 1 1 1 1 1 1 0 0
0 1 1 1 1 1 1 2 0 0
0 1 1 1 1 1 1 1 1 1
0 1 1 1 1 1 1 1 1 1
0 1 1 1 1 0 0 0 0 0
Maze 99
87 68 3.0909090909 2.2959605596 44 0.370598176743631
7 67 60 84 90 35 43 44 49 74 31 95 74 79 66 7
400 57 54 400 85 33 400 400 44 71 91 94 400 76 6
400 402 402 400 401 402 400 400 402 401 401 401 400 401 402
0 0 0 0 0 1 2 0 0 0
0 0 0 0 0 1 1 0 0 0
0 0 0 0 0 1 1 0 0 0
1 0 1 1 1 1 1 0 0 0
1 0 1 1 1 1 1 1 1 0
1 0 0 1 1 1 1 1 1 1
1 0 0 1 1 1 1 0 0 0
1 1 1 1 1 1 1 1 1 0
1 0 0 1 1 1 1 1 1 1
1 1 1 1 1 0 0 0 0 0
Maze 100
121 13 3.9555555556 1.7838348877 118 0.385891818500241
95 12 65 66 69 69 32 81 90 26 86 99 11 89 22 95
92 62 400 400 400 62 31 400 86 400 96 91 81 82 92
401 401 400 400 400 401 402 400 401 400 401 401 401 401 401
0 0 0 0 0 0 0 0 0 0
1 1 0 0 0 0 0 0 0 0
1 1 0 0 0 1 0 0 0 0
1 1 0 0 0 1 0 0 0 0
1 1 0 0 0 1 0 0 0 0
1 1 0 0 0 1 0 0 0 0
1 1 1 1 1 1 1 1 1 0
1 1 0 0 0 1 0 0 0 0
1 1 1 1 1 1 1 1 1 1
1 1 1 1 2 1 1 1 1 0
Maze 101
97 116 2.9062500000 2.4026953188 64 0.382183560555908
27 83 17 30 100 12 21 16 18 23 51 81 47 78 6 27
23 13 27 400 92 11 11 400 13 21 400 41 77 76 26
402 402 401 400 401 402 402 400 402 402 400 402 401 401 401
0 0 0 0 0 1 0 0 0 0
1 1 1 1 1 1 1 1 0 0
1 1 1 1 1 1 2 1 1 1
1 1 1 0 0 1 0 0 0 1
1 1 1 1 1 1 1 0 0 1
1 1 1 0 0 1 1 0 0 1
1 1 1 0 0 1 1 0 0 1
1 1 1 0 0 1 1 1 0 1
1 1 1 0 0 0 0 0 0 1
0 1 1 1 1 1 1 1 1 1
Maze 102
101 169 3.0566037736 1.9803616072 60 0.397111108800950
58 43 69 61 2 39 43 59 99 43 43 64 27 97 33 58
53 63 400 1 32 33 53 400 93 400 63 24 400 93 53
401 401 400 402 401 402 401 400 401 400 401 402 400 401 401
1 1 0 0 0 0 0 0 0 0
1 1 0 0 0 0 0 0 0 0
1 1 0 1 1 1 1 0 0 0
1 1 1 1 1 1 1 1 1 0
1 0 1 1 0 0 1 0 0 0
1 0 1 1 1 1 1 2 1 0
1 1 1 1 1 1 1 1 1 0
0 0 1 0 0 0 1 0 1 0
0 0 1 0 0 0 1 0 1 0
0 0 1 1 1 1 1 1 1 0
Maze 103
101 38 2.9122807018 2.1173913687 66 0.370068207068240
4 15 31 46 24 77 89 19 33 21 87 48 21 84 10 4
14 11 41 44 74 87 400 13 31 81 47 41 81 4 400
401 402 401 401 401 401 400 402 401 401 402 401 401 402 400
0 0 0 2 1 1 1 1 1 1
1 1 1 1 1 1 1 1 1 0
1 0 1 1 0 0 0 0 1 0
1 1 1 1 0 0 0 0 1 0
1 1 1 1 1 1 1 1 1 0
1 0 0 1 0 0 1 0 1 0
1 0 0 1 0 0 1 0 1 0
1 0 0 1 1 1 1 0 1 0
1 1 1 1 1 1 1 1 1 0
0 0 0 0 0 0 0 0 0 0
Maze 104
93 132 2.8727272727 2.1396362329 56 0.356380306284277
95 73 88 60 49 37 51 27 53 82 23 64 11 88 47 95
93 83 58 59 47 31 21 23 52 22 63 61 81 87 45
401 401 402 401 401 402 402 402 402 402 401 401 401 401 402
0 0 0 0 0 0 0 0 0 0
1 0 0 0 0 0 0 0 0 0
1 1 1 1 1 1 1 0 0 0
1 1 1 1 1 1 1 0 0 0
1 1 1 0 1 1 1 1 1 0
1 1 1 0 1 0 1 1 1 1
1 1 1 1 1 0 1 1 0 0
1 1 1 0 1 0 1 1 0 0
1 1 1 1 1 1 1 1 0 0
0 0 1 1 2 0 0 0 0 0
Maze 105
97 102 3.2244897959 1.9977524024 71 0.373393396027854
23 50 9 55 1 77 72 25 82 71 49 57 66 77 42 23
43 49 5 51 71 400 22 22 81 41 47 56 76 72 22
401 401 402 401 401 400 402 402 401 402 402 402 401 401 402
1 0 0 0 1 1 1 1 1 0
1 0 0 0 1 0 0 0 1 0
1 1 2 1 1 0 0 0 1 0
1 1 1 0 1 0 0 0 1 0
1 1 1 1 1 1 1 1 1 1
1 1 1 1 1 1 1 0 0 0
1 1 0 0 0 1 0 0 0 0
1 1 1 1 1 1 1 0 0 0
1 1 0 0 0 0 0 0 0 0
0 0 0 0 0 0 0 0 0 0
Maze 106
107 64 3.0333333333 2.1375756366 98 0.378631251033765
35 25 30 23 60 24 56 4 71 52 100 26 91 65 48 35
400 400 400 53 54 54 54 1 51 92 96 21 61 45 45
400 400 400 401 401 401 401 402 402 401 401 402 402 402 401
1 1 1 1 0 0 0 0 0 0
1 0 0 1 0 0 0 0 0 0
1 1 1 1 1 1 1 1 1 1
1 0 1 1 2 1 0 0 0 0
1 0 1 1 1 1 1 1 0 0
1 1 1 1 1 1 1 1 1 1
1 1 1 1 1 1 0 0 0 0
1 1 0 0 0 1 0 0 0 0
1 1 0 0 0 1 0 0 0 0
1 1 1 1 1 1 1 1 1 1
Maze 107
93 81 3.6744186047 1.8472740658 44 0.384578174445508
87 42 54 29 24 76 26 22 60 65 33 77 26 78 73 87
82 52 24 400 74 400 400 52 55 63 73 76 76 400 83
401 401 402 400 401 400 400 401 402 401 401 401 401 400 401
0 0 0 0 0 0 0 0 0 0
0 0 0 0 0 0 0 0 0 0
0 1 1 1 1 1 1 1 1 0
0 1 1 1 0 1 0 0 0 0
0 1 1 1 0 1 0 0 0 0
0 1 1 1 1 1 1 1 1 1
0 1 1 1 1 1 0 0 0 0
0 1 1 1 1 1 1 1 0 0
0 1 1 1 1 1 2 0 0 0
0 0 0 0 0 0 0 0 0 0
Maze 108
91 77 2.9508196721 2.3767528080 56 0.364639919506894
86 48 79 50 14 36 39 96 2 28 36 17 71 31 44 86
46 78 49 44 34 400 36 92 22 26 16 11 400 41 84
402 401 402 401 401 400 402 401 401 402 402 402 400 401 401
0 1 0 0 0 0 0 0 0 0
1 1 1 1 1 1 1 0 0 0
1 1 1 1 1 1 1 1 0 0
1 1 0 1 1 1 1 1 1 0
1 1 1 1 1 1 1 1 1 1
1 1 0 1 0 1 0 1 1 0
1 1 0 1 0 1 0 1 1 0
1 1 0 1 0 1 0 1 1 0
0 1 0 1 1 2 0 0 0 0
0 1 1 1 1 1 0 0 0 0
Maze 109
93 60 3.0169491525 2.3535998562 39 0.392492187010176
89 96 35 4 98 56 21 41 91 64 51 12 40 90 28 89
86 95 34 94 96 51 400 400 61 61 11 32 400 88 88
402 401 401 401 401 401 400 400 402 401 402 401 400 401 401
0 0 0 1 0 0 0 0 0 0
1 1 0 1 0 0 0 0 0 0
1 1 0 1 0 0 0 1 0 0
1 1 1 1 1 1 1 1 1 1
1 0 0 1 1 0 0 1 0 1
1 1 1 1 1 1 0 1 0 1
1 1 1 1 1 1 0 1 0 1
1 0 0 1 1 1 0 1 0 1
1 0 0 1 1 1 1 1 2 1
1 0 0 1 1 1 1 1 0 0
Maze 110
95 58 2.7812500000 2.3003784360 84 0.388684285914225
22 7 39 73 47 69 15 28 27 61 29 40 70 48 97 22
2 37 33 43 67 65 25 400 21 21 39 400 68 47 92
402 401 402 402 401 401 401 400 402 402 401 400 401 402 401
0 1 1 1 1 1 1 0 0 0
0 1 0 0 1 0 1 0 0 0
1 2 1 1 1 1 1 1 1 0
1 1 1 1 1 1 1 1 1 1
1 1 1 1 1 1 1 1 0 1
1 1 1 0 1 0 1 1 0 1
1 1 1 0 1 1 1 1 1 1
0 1 1 0 0 0 1 0 0 0
0 1 0 0 0 0 1 0 0 0
0 1 1 1 1 1 1 0 0 0
Maze 111
97 104 3.0800000000 2.0218657103 66 0.369251576649983
87 51 85 95 20 71 65 15 20 5 74 61 13 57 86 87
81 81 400 15 11 61 400 400 15 4 71 11 53 56 400
401 401 400 402 402 402 400 400 401 402 401 402 401 402 400
0 0 0 1 1 0 0 0 0 0
1 1 1 1 1 1 1 1 1 1
1 0 1 1 1 0 0 0 0 0
1 0 1 1 1 0 0 0 0 0
1 0 1 1 1 0 0 0 0 0
1 0 1 1 1 1 1 0 0 0
1 1 1 1 1 1 0 0 0 0
1 1 1 1 1 1 0 0 0 0
1 1 1 1 1 1 2 0 0 0
0 0 0 0 1 0 0 0 0 0
Maze 112
107 533 3.0461538462 2.2073341229 120 0.384873004143521
89 34 9 85 85 61 20 58 86 48 75 29 49 9 63 89
84 4 5 400 81 11 18 56 46 45 25 400 400 3 83
401 402 402 400 401 402 402 402 402 402 402 400 400 402 401
0 0 1 1 1 1 1 1 1 0
1 1 1 1 1 1 1 1 1 1
1 0 1 1 1 1 1 1 1 0
1 0 1 1 1 0 0 1 1 0
1 0 1 1 1 1 1 1 1 0
1 0 1 1 1 1 1 1 0 0
1 0 1 1 1 1 0 0 0 0
1 0 1 1 1 1 0 0 0 0
1 1 1 1 1 1 1 1 2 0
0 0 0 0 0 0 0 0 0 0
Maze 113
85 6449 3.5217391304 2.1945283944 40 0.381578356458216
55 97 40 74 81 74 33 68 56 88 60 23 49 78 77 55
95 37 34 71 71 73 63 66 86 58 53 43 48 400 75
401 402 402 402 402 401 401 401 401 402 401 401 402 400 401
0 0 0 0 0 0 0 0 0 0
0 0 0 0 0 0 0 0 0 0
0 0 1 0 0 0 0 0 0 0
0 0 1 1 1 1 1 1 1 1
0 0 1 1 1 1 1 1 1 0
0 0 1 1 2 1 1 1 1 1
0 0 1 1 1 1 1 1 0 0
1 1 1 1 1 1 1 1 0 0
1 0 0 0 1 1 1 1 0 0
0 0 0 0 1 1 1 0 0 0
Maze 114
95 26 2.6984126984 2.1647742959 58 0.394985127723788
40 53 23 53 69 13 29 56 21 49 99 3 2 15 20 40
33 400 400 63 63 23 26 51 41 400 93 400 12 400 400
402 400 400 401 401 401 402 401 401 400 401 400 401 400 400
0 1 1 0 0 0 0 0 0 0
0 1 1 1 1 1 1 1 1 1
1 0 1 1 1 1 1 1 1 1
1 0 1 1 1 1 1 1 1 2
1 1 1 1 1 1 1 1 1 0
1 1 1 1 1 1 0 0 1 0
0 0 1 1 1 1 1 1 1 0
0 0 1 0 0 0 0 0 1 0
0 0 1 0 0 0 0 0 1 0
0 0 1 1 1 1 1 1 1 0
Maze 115
107 59 3.3898305085 2.2425627421 81 0.391367648806124
10 70 80 76 29 12 21 24 70 1 53 84 28 7 83 10
400 400 400 26 22 11 400 64 61 51 83 24 27 3 3
400 400 400 402 401 402 400 401 401 401 401 402 401 402 402
1 0 1 1 1 1 1 1 1 2
1 1 1 0 0 0 1 0 0 1
1 1 1 1 1 1 1 1 1 1
1 0 1 1 0 1 0 0 0 1
1 0 1 1 0 1 0 0 0 1
1 1 1 1 0 1 0 0 0 1
1 1 1 1 1 1 1 1 1 1
0 0 1 1 0 1 1 1 1 1
0 0 1 1 0 0 0 0 0 0
0 0 0 0 0 0 0 0 0 0
Maze 116
77 25 2.9787234043 2.2225866499 26 0.387984727780825
84 66 81 71 23 55 35 96 6 84 74 15 16 30 34 84
64 61 400 21 53 400 95 400 4 400 14 400 26 24 400
402 402 400 402 401 400 401 400 402 400 402 400 401 402 400
0 0 0 1 1 1 0 0 0 0
0 0 0 1 1 1 0 0 0 0
1 1 1 1 1 1 1 1 1 1
1 0 1 1 1 1 0 0 0 0
1 0 1 1 1 1 0 0 0 0
1 0 1 1 1 1 0 0 0 0
1 1 1 1 1 1 0 0 0 0
1 0 0 1 1 1 0 0 0 0
1 0 0 2 1 1 0 0 0 0
0 0 0 0 1 1 0 0 0 0
Maze 117
77 28 2.7777777778 2.3267703992 30 0.372432661715406
31 32 51 12 47 46 18 16 12 26 94 77 63 100 59 31
400 31 11 42 400 16 400 400 22 24 74 73 93 99 51
400 402 402 401 400 402 400 400 401 402 402 401 401 401 401
0 0 0 0 0 0 0 0 0 0
1 1 1 1 1 1 1 1 0 0
1 1 1 1 1 1 0 0 0 0
2 1 0 1 0 1 0 0 0 0
1 1 1 1 1 1 1 0 0 0
1 1 1 1 1 1 1 1 1 0
0 0 1 1 0 0 0 0 1 0
0 0 1 1 1 1 1 0 1 0
0 0 1 1 0 0 0 0 1 0
0 0 1 1 1 1 1 1 1 1
Maze 118
97 103 3.2363636364 2.2645859833 44 0.393034604828806
87 64 81 80 46 72 74 51 58 72 66 61 8 40 16 87
84 61 71 76 42 400 71 400 52 62 400 1 38 36 86
401 402 402 401 402 400 401 400 402 402 400 402 401 401 401
1 1 1 1 1 1 1 1 0 0
1 0 0 0 0 1 0 1 0 0
1 0 0 0 0 1 0 1 0 0
1 0 0 0 0 1 1 1 1 1
1 1 1 1 1 1 0 0 0 0
1 1 1 1 1 1 1 1 0 0
1 1 1 1 1 1 0 0 0 0
1 1 1 1 1 1 1 1 1 1
1 0 0 1 1 1 2 0 0 0
0 0 0 0 0 0 0 0 0 0
Maze 119
103 114 3.3584905660 2.0628766741 77 0.374879916640402
18 75 38 30 21 24 82 60 17 20 22 91 45 38 87 18
15 35 28 400 400 22 52 57 400 12 21 41 35 37 17
402 402 402 400 400 402 402 401 400 402 402 402 402 402 402
0 0 0 0 0 0 0 0 0 0
0 1 1 1 1 1 1 2 1 1
1 1 1 1 1 1 1 1 1 1
1 1 0 0 1 1 1 1 0 0
1 1 1 1 1 0 1 0 0 0
1 1 1 1 1 1 1 1 1 1
1 1 0 0 1 0 1 0 0 0
1 1 0 0 1 0 1 0 0 0
1 1 0 0 0 0 1 0 0 0
1 0 0 0 0 0 0 0 0 0
Maze 120
85 78 3.0000000000 2.3425345807 40 0.378500777636127
43 62 61 14 29 43 84 82 96 5 9 2 39 12 63 43
42 400 11 24 23 83 400 92 95 400 400 32 32 62 400
402 400 402 401 402 401 400 401 401 400 400 401 401 401 400
0 1 1 1 1 1 1 1 1 0
1 1 1 1 1 0 0 0 0 0
1 1 1 1 1 1 1 1 1 0
1 1 1 1 1 1 1 1 1 0
1 1 2 0 1 0 0 0 0 0
1 1 1 0 1 0 0 0 0 0
1 1 1 0 1 0 0 0 0 0
0 0 1 0 1 0 0 0 0 0
0 1 1 1 1 0 0 0 0 0
0 1 1 1 1 1 0 0 0 0
Maze 121
115 1385 2.9166666667 2.2267382717 102 0.372364128792353
59 6 99 90 79 30 88 62 100 19 35 22 9 94 23 59
56 96 89 89 29 28 82 92 99 15 32 2 4 93 53
401 401 402 401 402 402 401 401 401 402 401 402 402 401 401
0 1 1 1 1 1 1 1 1 0
0 1 0 1 1 1 1 1 1 0
0 1 1 1 1 1 0 1 1 1
0 1 1 1 1 1 0 1 1 0
0 0 1 1 0 1 0 1 1 0
0 0 1 1 1 1 1 1 2 0
0 1 1 1 0 1 0 1 1 0
0 1 1 1 0 1 0 1 1 0
0 1 1 1 1 1 1 1 1 1
0 1 1 1 1 1 1 1 1 1
Maze 122
93 117 3.2941176471 2.1838364972 50 0.382945522448812
46 80 55 46 87 97 1 61 33 5 73 58 25 67 51 46
76 75 45 86 400 91 400 31 3 3 53 55 65 61 41
401 401 402 401 400 401 400 402 402 402 402 401 401 401 402
1 0 1 1 1 0 0 0 0 0
1 0 1 0 0 0 0 0 0 0
1 0 1 0 1 0 0 0 0 0
1 1 1 0 1 0 0 0 0 0
1 1 1 1 1 2 0 0 0 0
1 0 1 1 1 1 1 1 0 0
1 1 1 1 1 1 1 0 0 0
1 0 1 0 1 1 1 1 1 1
1 0 0 0 0 1 1 0 0 0
1 1 1 1 1 1 1 0 0 0
Maze 123
115 13 3.6595744681 1.7313451927 148 0.394233575085831
77 7 59 15 59 41 69 61 67 86 61 70 93 23 90 77
400 57 55 55 51 61 400 400 66 81 400 63 400 83 87
400 401 401 401 401 401 400 400 402 401 400 402 400 401 401
0 0 0 0 0 0 1 0 0 0
0 0 0 0 1 0 1 0 0 0
0 0 1 0 1 0 1 0 0 0
0 0 1 0 1 0 1 0 0 0
1 0 1 0 1 0 1 0 0 0
1 1 1 1 1 1 1 1 1 0
1 1 1 1 1 1 1 1 1 1
1 0 1 0 0 1 2 0 0 0
1 1 1 1 1 1 1 1 1 1
0 0 1 0 0 0 0 0 0 0
Maze 124
125 151 3.5789473684 1.8677976676 161 0.395654759308580
28 80 92 11 73 61 40 72 80 49 13 59 54 79 92 28
78 72 91 71 71 31 32 400 79 43 53 400 74 72 22
401 402 401 401 401 402 402 400 401 401 401 400 401 402 402
0 0 0 0 0 0 0 0 0 0
1 0 1 0 0 0 0 0 0 0
1 1 1 1 1 1 1 2 0 0
1 1 1 1 1 1 1 1 1 1
1 1 1 1 1 1 1 1 1 0
1 1 1 1 1 1 1 1 1 0
1 1 0 1 0 0 0 1 1 0
1 1 1 1 1 1 1 1 1 1
1 1 0 0 0 0 0 0 0 0
1 1 0 0 0 0 0 0 0 0
Maze 125
117 3613 3.2835820896 2.2427335172 133 0.398368532223841
20 32 14 67 80 36 89 59 21 80 8 100 40 97 8 20
12 12 64 77 76 86 400 51 71 78 98 400 37 7 18
402 402 401 401 401 401 400 401 401 401 401 400 402 402 401
0 0 0 0 0 0 1 1 0 0
0 1 1 1 1 1 1 1 1 2
1 1 0 1 0 0 1 1 0 0
1 1 0 1 0 1 1 1 1 1
1 0 0 1 0 1 1 1 0 1
1 1 1 1 1 1 1 1 1 1
1 0 0 1 1 1 1 1 1 1
1 1 1 1 1 1 1 1 1 1
0 0 0 0 0 1 1 1 1 1
0 0 0 0 0 0 1 1 1 1
Maze 126
89 33 3.0588235294 2.0341609652 45 0.381367794164723
33 37 96 47 36 9 88 53 12 60 98 65 99 89 84 33
400 36 46 46 6 8 83 52 52 58 95 95 400 400 83
400 402 402 401 402 402 401 401 401 402 401 401 400 400 401
0 0 0 0 0 1 1 1 1 0
0 1 0 0 0 1 0 1 0 0
0 1 0 0 0 1 0 1 0 0
0 1 2 1 1 1 1 1 0 0
0 1 1 0 0 1 1 1 0 0
0 1 1 1 1 1 1 1 1 1
0 0 1 0 1 1 0 1 0 0
0 0 1 0 1 1 0 1 0 0
0 0 1 1 1 1 1 1 1 0
0 0 0 0 1 1 1 1 1 0
Maze 127
113 128 3.5849056604 2.0129469767 73 0.372775365706966
88 97 60 15 35 61 20 72 22 19 83 66 13 45 41 88
87 57 55 400 31 11 12 400 12 13 63 63 43 400 81
402 402 401 400 402 402 402 400 402 402 402 401 401 400 401
0 0 0 0 0 0 0 0 0 0
1 1 1 1 1 1 1 1 1 1
1 1 1 0 1 0 0 0 0 0
1 1 1 1 1 0 0 0 0 0
1 1 1 1 1 0 0 0 0 0
1 1 1 0 1 1 1 1 1 1
1 1 1 1 1 1 1 0 0 0
1 1 1 0 0 0 1 0 0 0
1 1 1 1 1 1 1 2 0 0
0 0 0 0 0 0 1 0 0 0
Maze 128
105 1582 3.4000000000 1.9605856027 112 0.381616128750022
70 24 88 25 93 15 69 27 26 72 77 66 33 87 39 70
64 84 85 23 13 65 67 400 22 400 76 63 83 37 69
401 401 401 402 402 401 401 400 402 400 401 401 401 402 401
0 0 0 0 0 0 0 0 0 0
0 0 1 1 1 0 0 0 0 0
0 1 1 1 1 1 1 0 0 0
0 1 1 1 1 0 1 1 1 0
0 1 1 1 1 0 1 0 1 0
0 1 1 1 1 0 1 0 1 0
0 1 1 1 1 1 1 1 1 2
0 1 1 1 1 1 1 0 0 0
0 0 1 1 1 1 1 1 0 0
0 0 1 0 0 0 0 0 0 0
Maze 129
85 63 2.6666666667 2.2622827368 40 0.369740112374065
26 43 87 29 6 19 75 100 81 71 3 73 67 56 37 26
23 83 27 26 16 15 95 91 400 1 400 63 66 36 36
402 401 402 401 401 402 401 401 400 402 400 402 401 402 401
1 1 1 0 0 1 0 0 0 0
1 0 1 0 1 1 1 1 1 0
1 0 1 1 1 2 1 1 1 0
1 0 1 0 1 1 1 0 0 0
1 0 1 0 1 1 1 0 0 0
1 0 1 0 1 1 1 0 0 0
1 0 1 1 1 1 1 0 0 0
1 0 1 0 1 0 1 0 0 0
1 0 1 1 1 1 1 0 0 0
1 1 1 1 1 1 1 1 1 1
Maze 130
109 120 3.0158730159 2.1474102512 86 0.376224509970652
75 49 3 44 69 82 49 10 28 93 51 12 88 36 48 75
45 43 43 64 62 42 9 8 23 91 11 82 86 46 45
402 401 401 401 402 402 402 402 402 401 402 401 401 401 402
0 0 1 0 0 0 0 1 1 1
1 1 1 0 0 0 0 1 1 0
1 1 1 1 1 1 1 1 1 0
1 1 1 0 0 1 0 0 1 0
1 1 1 1 1 1 1 1 1 0
1 1 1 1 1 1 0 0 0 0
1 1 1 1 1 1 1 1 1 0
1 1 1 0 2 1 0 0 0 0
1 1 1 1 1 1 1 1 0 0
1 1 1 0 0 0 0 0 0 0
Maze 131
109 2 2.7931034483 1.8512109579 87 0.387420711943309
57 68 80 91 3 8 92 10 62 42 5 6 66 44 18 57
67 78 71 1 400 2 2 2 400 2 400 400 64 14 17
401 401 402 402 400 402 402 402 400 402 400 400 401 402 402
1 1 1 1 1 1 1 1 1 1
1 1 0 1 1 1 1 1 0 0
1 1 0 1 0 1 1 0 0 0
1 1 0 1 0 1 1 0 0 0
1 1 0 1 0 1 1 0 0 0
1 1 0 1 0 1 2 0 0 0
1 1 0 1 1 1 1 1 0 0
1 1 1 1 1 1 1 1 1 1
1 1 0 0 0 0 0 0 0 0
1 1 0 0 0 0 0 0 0 0
Maze 132
89 515 3.0588235294 2.1329832892 56 0.394316965244800
43 73 38 79 61 29 96 79 17 65 64 79 24 44 54 43
400 33 78 71 21 26 76 77 15 400 74 74 400 400 53
400 402 401 401 402 402 402 401 402 400 401 401 400 400 401
0 0 0 0 0 0 0 0 0 0
0 0 0 0 1 1 1 0 0 0
1 1 1 1 1 1 1 1 1 0
1 0 1 1 1 1 1 1 0 0
1 0 2 1 1 1 1 1 0 0
1 0 1 1 1 1 1 1 0 0
1 0 1 1 1 1 1 1 0 0
1 1 1 1 1 1 1 1 1 0
0 0 0 0 0 1 0 0 0 0
0 0 0 0 0 1 0 0 0 0
Maze 133
75 22 3.0697674419 2.0612868458 30 0.383449895374934
52 53 34 46 77 12 10 87 27 7 60 48 37 72 53 52
400 33 44 76 72 2 7 400 400 57 58 47 32 52 400
400 402 401 401 401 402 402 400 400 401 401 401 402 402 400
0 1 1 1 1 1 1 1 1 1
0 1 0 0 0 0 1 0 0 0
0 1 0 0 0 0 1 0 0 0
0 1 1 1 1 1 1 0 0 0
0 1 1 1 1 1 1 1 0 0
0 2 1 0 0 1 1 1 1 1
0 1 0 0 0 1 1 0 0 0
0 1 1 1 1 1 1 0 0 0
0 0 0 0 0 0 1 0 0 0
0 0 0 0 0 0 0 0 0 0
Maze 134
115 68 3.2258064516 2.0921563268 109 0.373742426875761
100 51 88 73 75 17 23 83 4 72 40 49 5 93 54 100
91 81 83 400 15 13 400 3 2 32 39 45 3 53 94
401 401 401 400 402 402 400 402 402 402 402 401 402 402 401
0 1 1 1 1 0 0 0 0 0
0 1 1 1 1 1 1 0 0 0
0 1 1 0 1 0 0 0 0 0
0 1 1 1 1 1 1 1 1 1
0 1 1 0 1 1 1 1 1 0
1 1 1 1 1 0 0 0 0 0
1 1 1 1 1 0 0 0 0 0
1 1 1 1 1 0 0 0 0 0
1 1 1 1 1 1 1 1 0 0
1 1 1 1 1 1 1 1 1 2
Maze 135
115 1893 3.4827586207 2.1335774397 148 0.396530318919238
43 1 55 16 79 5 79 94 29 2 37 21 9 59 59 43
41 51 15 76 75 75 74 24 22 32 31 1 400 400 53
401 401 402 401 401 401 402 402 401 401 401 402 400 400 401
1 1 1 1 1 1 1 1 1 0
1 1 0 0 1 1 0 0 1 0
1 1 1 1 1 1 1 1 1 0
1 1 1 1 1 1 1 0 1 0
1 1 2 1 1 1 0 0 1 0
1 1 1 1 1 1 1 1 1 0
0 0 0 1 1 1 0 0 0 0
0 0 0 1 1 1 1 1 1 0
0 0 0 1 0 0 0 0 0 0
0 0 0 1 0 0 0 0 0 0
Maze 136
93 59 2.5079365079 2.1215880807 45 0.380284383045193
97 13 25 66 98 82 12 13 31 72 78 8 73 17 46 97
93 23 65 96 92 400 400 11 71 400 400 3 13 16 96
401 401 401 401 401 400 400 402 401 400 400 402 402 402 401
0 0 1 1 1 1 1 1 0 0
1 1 1 1 1 1 1 1 0 0
1 1 1 1 1 1 0 1 0 0
1 1 1 0 1 1 0 1 0 0
1 1 1 0 1 1 0 1 0 0
1 1 1 0 1 1 0 1 0 0
1 1 1 0 1 1 0 1 0 0
1 1 1 1 1 1 1 1 0 0
0 1 1 0 0 1 0 0 0 0
0 1 1 1 1 1 2 1 0 0
Maze 137
83 42 3.5111111111 2.1670153369 35 0.373009751807364
34 12 44 62 47 40 87 49 6 21 19 25 41 5 5 34
32 42 42 42 37 37 47 46 1 11 15 21 1 400 4
401 401 402 402 402 402 402 401 402 402 402 402 402 400 402
1 1 1 1 1 1 0 0 0 0
1 1 1 1 1 1 1 1 1 0
1 1 1 1 1 1 0 0 0 0
1 1 1 2 0 1 1 1 1 1
1 1 1 1 1 1 1 1 1 0
0 1 0 0 0 0 1 0 0 0
0 1 0 0 0 0 1 0 0 0
0 0 0 0 0 0 1 0 0 0
0 0 0 0 0 0 1 0 0 0
0 0 0 0 0 0 0 0 0 0
Maze 138
83 102 3.6666666667 2.0576317263 35 0.384337390758250
16 4 29 84 57 68 57 77 84 62 77 83 6 73 85 16
14 24 24 54 67 67 400 74 82 72 73 3 3 83 15
401 401 402 402 401 401 400 402 401 401 402 402 402 401 402
0 0 1 1 1 1 0 0 0 0
0 0 1 1 1 2 0 0 0 0
0 0 1 1 1 1 1 1 1 0
0 0 1 1 1 0 0 0 0 0
0 0 1 1 1 0 0 0 0 0
0 0 1 1 1 1 1 0 0 0
0 1 1 1 1 0 1 1 0 0
0 1 1 1 1 1 1 0 0 0
0 1 1 1 1 0 0 0 0 0
0 0 0 0 0 0 0 0 0 0
Maze 139
111 107 3.3666666667 2.1512060275 105 0.386342841199085
79 9 50 85 27 71 34 58 20 93 57 78 82 83 19 79
400 49 45 25 21 31 54 18 13 53 77 72 400 13 400
400 401 402 402 402 402 401 402 402 402 401 402 400 402 400
0 0 0 0 0 0 0 0 1 0
0 0 1 1 1 1 1 1 1 1
1 1 1 1 1 1 1 1 1 0
1 1 1 1 1 0 0 1 1 0
1 0 1 1 1 1 1 1 1 1
1 0 1 1 1 1 1 1 1 0
1 0 1 0 1 0 1 0 1 0
1 1 1 1 1 1 1 1 2 0
0 1 1 0 1 0 0 0 0 0
0 0 1 0 0 0 0 0 0 0
Maze 140
123 2473 3.5517241379 2.1107358740 124 0.398538743975349
15 81 84 5 81 48 61 70 52 83 53 2 82 8 76 15
11 400 4 1 41 41 400 62 82 400 52 400 2 6 75
402 400 402 402 402 402 400 401 401 400 401 400 402 402 401
1 1 1 1 1 1 1 1 0 0
1 1 1 1 2 1 0 0 0 0
1 1 0 1 1 1 0 0 0 0
1 1 0 1 1 1 0 0 0 0
1 1 1 1 1 1 1 1 0 0
1 1 1 1 1 1 0 0 0 0
1 1 1 1 1 1 1 1 1 1
1 1 1 1 1 1 0 0 0 0
1 1 1 1 0 0 0 0 0 0
0 0 0 0 0 0 0 0 0 0
Maze 141
89 72 3.4634146341 1.8226072187 50 0.393720954447671
2 19 64 55 23 46 74 68 82 18 63 62 73 41 35 2
12 14 54 53 43 44 64 62 12 13 400 72 71 31 32
401 402 402 401 401 402 402 402 402 402 400 401 401 402 401
0 2 0 0 0 0 0 0 0 0
0 1 1 1 1 1 1 1 1 0
0 1 1 1 0 0 0 0 0 0
1 1 1 1 1 0 0 0 0 0
1 1 1 1 1 1 0 0 0 0
1 1 1 1 1 0 0 0 0 0
1 1 1 1 1 1 1 1 0 0
1 1 1 1 0 0 0 0 0 0
0 1 0 0 0 0 0 0 0 0
0 0 0 0 0 0 0 0 0 0
Maze 142
99 113 3.3584905660 2.0976340071 66 0.374054978245690
34 92 45 30 41 4 55 10 24 44 4 13 79 85 42 34
32 42 25 21 1 54 5 4 400 400 3 73 75 82 32
402 402 402 402 402 401 402 402 400 400 402 401 402 401 402
1 1 1 1 1 1 1 1 1 1
1 0 1 1 1 0 0 0 0 0
1 1 1 1 1 1 1 1 1 1
1 1 1 2 1 0 0 0 0 0
1 1 1 1 1 0 0 0 0 0
0 1 1 1 1 0 0 0 0 0
0 1 1 0 0 0 0 0 0 0
0 1 1 1 1 1 1 1 1 0
0 1 1 1 1 0 0 0 0 0
0 1 0 0 0 0 0 0 0 0
Maze 143
111 1057 3.1746031746 2.2250274892 99 0.387648142386970
21 55 2 36 69 26 73 95 20 24 98 56 17 82 1 21
51 52 32 66 66 23 93 15 14 94 96 16 12 81 400
401 401 401 401 401 402 401 402 402 401 401 402 402 401 400
1 1 0 0 0 0 0 0 0 0
1 1 1 1 1 1 1 1 1 1
2 1 1 1 1 1 0 0 0 0
1 1 1 1 1 1 0 0 0 0
1 1 1 1 1 1 0 0 0 0
1 1 1 1 1 1 0 0 0 0
1 1 1 1 1 1 1 1 1 0
1 1 1 1 1 1 0 0 0 0
1 1 1 1 1 1 0 0 0 0
0 0 1 1 1 1 1 1 0 0
Maze 144
93 138 3.1481481481 2.0735425042 50 0.391866117603795
11 50 54 4 53 39 66 94 90 40 76 64 54 93 16 11
41 44 400 3 33 36 64 84 400 36 74 400 53 13 400
401 402 400 402 402 402 402 402 400 402 401 400 402 402 400
0 0 1 1 0 0 0 0 0 0
2 1 1 1 1 1 0 0 0 0
1 0 1 1 0 0 0 0 0 0
1 0 1 1 1 1 1 1 1 1
1 1 1 1 1 1 1 1 1 1
0 0 1 1 0 1 0 0 0 1
0 0 1 1 1 1 0 0 0 1
0 0 1 1 1 1 0 0 0 1
0 0 1 1 1 1 1 1 1 1
0 0 1 1 0 0 0 0 0 0
Maze 145
83 647 2.8679245283 2.3092827998 35 0.383528860265714
75 75 16 54 28 87 76 68 41 37 70 77 2 33 95 75
400 15 14 24 27 86 66 61 31 67 67 72 32 93 400
400 402 402 402 402 401 402 401 402 401 402 401 401 401 400
0 1 0 0 0 0 0 0 0 0
0 1 0 1 1 1 0 0 0 0
0 1 0 1 1 1 1 1 0 0
1 1 1 1 1 1 1 0 0 0
1 1 1 1 1 0 1 0 0 0
1 1 1 1 1 0 1 0 0 0
1 1 1 1 1 1 1 1 1 1
0 1 1 1 2 1 1 0 0 0
0 0 1 0 1 1 1 0 0 0
0 0 1 1 1 0 0 0 0 0
Maze 146
91 1355 2.9285714286 2.1500941839 50 0.394431779369160
8 15 66 4 92 68 65 69 1 18 28 31 38 37 58 8
5 65 64 2 62 400 400 61 11 400 21 400 400 57 400
402 401 401 402 402 400 400 401 401 400 402 400 400 401 400
1 1 1 1 1 1 1 2 0 0
1 1 1 1 1 1 1 1 0 0
1 1 1 1 1 1 1 1 0 0
1 1 1 1 1 1 1 1 0 0
1 1 0 1 1 0 1 1 0 0
1 1 0 1 1 0 1 1 0 0
1 1 1 1 1 1 1 1 1 0
0 1 0 0 0 0 0 0 0 0
0 1 0 0 0 0 0 0 0 0
0 1 0 0 0 0 0 0 0 0
Maze 147
107 227 3.3928571429 2.1077353697 75 0.396824542968906
11 2 85 69 96 2 1 30 88 52 87 17 97 59 54 11
1 82 65 66 92 400 21 28 82 82 400 400 57 400 51
402 401 402 402 401 400 401 402 401 401 400 400 402 400 401
1 1 0 0 0 0 0 0 0 0
2 1 0 0 0 0 1 0 0 0
1 1 1 1 1 1 1 1 1 1
1 1 0 0 0 0 1 1 0 0
1 1 0 0 0 0 1 1 0 0
1 1 1 1 1 1 1 1 1 0
0 1 0 0 1 1 1 1 1 0
0 1 0 0 1 1 1 1 0 0
0 1 1 1 1 1 1 1 0 0
0 1 1 1 1 1 1 0 0 0
Maze 148
115 1793 3.4426229508 2.2424167071 120 0.379103307282139
36 62 45 54 97 14 57 31 46 90 18 51 28 55 100 36
32 42 44 94 94 54 51 41 86 88 11 21 25 95 96
402 402 402 401 401 401 401 401 401 401 402 402 402 401 401
0 0 0 0 0 0 0 0 0 0
1 1 1 1 1 1 1 1 0 0
1 1 1 1 1 1 1 1 0 0
1 1 1 1 1 2 0 1 0 0
1 1 1 1 1 1 0 1 0 0
1 1 1 1 1 1 1 1 0 0
0 1 0 1 1 1 0 1 0 0
0 0 0 1 1 1 0 1 0 0
0 0 0 1 1 1 1 1 1 1
0 0 0 1 1 1 1 1 1 1
Maze 149
115 264 3.2121212121 2.2088801729 100 0.380270747437306
6 80 87 75 15 18 10 82 32 19 22 30 88 17 71 6
76 77 85 400 400 8 2 400 12 12 400 28 87 11 1
401 402 401 400 400 402 402 400 402 402 400 402 401 402 402
1 1 1 1 1 2 1 1 1 1
1 1 1 1 1 1 1 1 1 0
1 1 1 1 1 1 1 1 1 1
1 1 0 0 1 1 1 1 0 0
1 1 0 0 1 1 1 1 0 0
1 1 0 0 1 1 1 1 0 0
1 1 0 0 1 1 1 1 0 0
1 1 0 0 1 1 1 1 1 1
0 1 0 0 1 1 1 1 0 0
0 0 0 0 0 0 0 0 0 0
Maze 150
107 22 3.4074074074 2.0130162031 56 0.377888167007850
43 9 72 42 83 36 5 75 20 3 41 86 89 42 71 43
3 2 400 82 33 35 400 15 13 1 81 400 82 41 41
402 402 400 401 402 401 400 402 401 402 401 400 401 402 402
1 1 1 1 1 1 1 1 1 0
1 1 1 1 1 1 1 1 1 1
1 1 1 0 1 0 0 0 0 0
1 1 1 1 1 1 0 0 0 0
1 1 2 0 1 0 0 0 0 0
1 1 1 0 1 0 0 0 0 0
1 1 1 0 1 0 0 0 0 0
1 1 1 0 1 0 0 0 0 0
1 1 1 1 1 1 1 1 1 0
0 0 0 0 0 0 0 0 0 0
Maze 151
83 20 2.5964912281 2.1850306080 14 0.398379584523680
35 79 90 21 42 13 14 80 84 95 95 12 7 20 24 35
75 89 81 41 12 400 74 74 94 400 92 2 17 14 34
401 401 401 401 402 400 401 402 401 400 401 402 401 402 401
0 1 1 1 1 1 1 0 0 0
0 1 1 1 1 1 1 1 1 1
1 1 0 1 0 0 0 0 0 0
1 1 0 1 2 0 0 0 0 0
1 1 0 1 1 0 0 0 0 0
1 1 0 1 1 0 0 0 0 0
1 1 0 1 1 0 0 0 0 0
1 1 0 1 1 1 1 1 1 1
1 1 1 1 1 1 1 1 1 1
0 1 1 1 1 0 0 0 0 0
Maze 152
97 138 3.6279069767 1.9564907374 53 0.407315991113371
40 41 41 58 51 74 55 21 54 69 83 56 38 88 21 40
31 400 51 400 71 54 51 51 64 63 53 36 400 81 31
402 400 401 400 401 402 401 401 401 402 402 402 400 401 401
0 0 0 0 0 0 0 0 0 0
0 0 0 0 0 0 0 0 0 0
1 0 0 0 0 0 0 0 0 0
1 1 1 1 1 1 1 1 1 2
1 0 0 0 0 1 0 1 0 0
1 1 1 1 1 1 1 1 0 0
1 0 1 1 1 1 1 1 1 0
1 1 1 1 0 0 0 1 0 0
1 1 1 1 1 1 1 1 0 0
0 0 0 0 0 0 0 0 0 0
Maze 153
99 292 2.8888888889 2.2283200625 66 0.392423000561963
17 14 90 91 2 43 3 14 57 25 9 86 82 29 47 17
400 84 81 1 42 400 13 54 55 5 6 400 22 27 400
400 401 402 402 401 400 401 401 401 402 402 400 402 402 400
1 1 1 0 1 1 1 1 1 0
1 1 1 1 1 1 2 0 0 0
1 1 1 1 1 1 1 1 1 0
1 1 1 1 1 1 1 0 0 0
1 1 1 1 1 1 1 0 0 0
1 1 0 1 1 1 1 0 0 0
1 1 0 1 0 1 0 0 0 0
1 1 0 1 0 1 0 0 0 0
1 1 1 1 1 1 1 1 1 1
1 0 0 0 0 0 0 0 0 0
Maze 154
97 598 3.3750000000 1.9462542318 46 0.397465437511660
90 94 94 61 79 97 2 87 83 79 49 98 46 60 28 90
84 400 91 71 77 92 82 400 73 400 48 96 56 58 88
402 400 401 401 402 401 401 400 402 400 402 401 401 401 401
0 1 0 0 0 0 0 0 0 0
0 1 0 0 0 0 0 0 0 0
0 1 0 0 0 0 0 1 0 0
0 1 0 0 0 0 0 1 0 0
0 1 0 0 0 1 0 1 1 0
0 1 0 0 0 1 1 1 1 1
1 1 0 0 0 1 0 1 1 0
1 1 1 1 1 1 1 1 1 0
1 1 1 1 1 1 1 1 1 2
1 1 1 1 1 1 1 1 0 0
Maze 155
97 88 3.3818181818 2.2033133171 55 0.392216112841334
37 17 32 63 2 6 70 17 90 28 99 6 65 63 77 37
400 12 62 62 400 66 67 87 88 98 96 5 400 73 400
400 402 401 401 400 401 401 401 401 401 401 402 400 401 400
0 1 1 1 1 1 0 0 0 0
0 1 1 1 1 1 1 0 0 0
0 1 0 0 1 1 1 1 0 0
0 1 0 0 1 1 2 1 0 0
0 1 0 0 1 1 1 1 0 0
0 1 0 0 1 1 1 1 0 0
0 1 1 1 1 1 1 1 1 1
0 0 1 1 1 1 1 1 0 0
0 0 0 0 0 1 1 1 1 1
0 0 0 0 0 1 1 1 1 0
Maze 156
83 33 2.8421052632 2.2847533338 30 0.364629625343100
41 43 30 5 45 90 39 17 26 42 86 45 44 14 95 41
400 23 25 400 85 89 37 16 22 82 85 400 400 94 91
400 402 401 400 401 401 401 402 402 401 401 400 400 401 401
0 0 0 0 1 0 0 0 0 0
0 0 0 1 1 1 1 0 0 0
0 1 1 1 1 1 1 1 1 1
0 1 1 1 1 0 1 1 1 0
2 1 1 1 1 0 0 0 1 0
1 1 0 1 1 0 0 0 1 0
1 1 0 1 1 0 0 0 1 0
1 1 0 1 1 0 0 0 1 0
1 1 1 1 1 1 1 1 1 1
1 1 1 1 1 0 0 0 0 0
Maze 157
131 90 3.3571428571 1.8677976676 139 0.389909246353969
11 65 81 9 36 32 89 84 76 5 61 9 39 14 90 11
61 61 1 6 400 82 400 74 75 1 1 400 34 84 81
401 402 402 402 400 401 400 402 401 402 402 400 401 401 401
1 1 1 1 1 1 1 1 1 0
2 0 0 1 1 1 0 0 1 0
1 0 0 1 1 1 0 0 1 0
1 1 1 1 1 1 1 1 1 0
1 1 0 1 1 0 0 0 0 0
1 1 0 1 1 0 0 0 0 0
1 1 1 1 1 0 0 0 0 0
1 1 0 1 1 1 0 0 0 0
1 1 1 1 1 1 1 1 1 1
0 0 0 0 0 0 0 0 0 0
Maze 158
93 10 3.0909090909 2.1705323067 50 0.372919474238594
72 4 73 59 38 30 10 50 28 69 86 12 38 92 31 72
2 3 53 58 28 400 400 48 68 66 82 32 32 91 71
402 402 402 401 402 400 400 401 401 402 401 401 402 401 401
0 1 1 1 0 0 0 0 0 1
0 1 1 0 0 0 0 0 0 1
0 1 1 0 0 0 0 1 1 1
1 1 1 1 1 1 1 1 0 1
1 1 1 0 0 0 0 1 1 1
1 1 1 1 1 1 1 1 1 0
1 1 1 0 0 1 1 1 1 0
1 2 1 0 0 1 0 0 0 0
1 1 1 1 1 1 0 0 0 0
1 1 0 0 0 0 0 0 0 0
Maze 159
91 104 3.2452830189 2.2573010794 45 0.385726044004160
60 91 53 24 63 87 50 89 65 80 77 9 75 36 37 60
51 51 23 23 83 47 49 85 75 400 7 5 35 400 57
402 402 402 402 401 402 402 401 401 400 402 402 402 400 401
0 0 0 0 1 1 1 1 1 0
0 0 0 0 1 0 1 0 0 0
0 0 1 1 1 0 1 0 0 0
0 0 1 0 1 1 1 0 0 0
0 0 1 0 1 0 1 1 1 1
1 1 1 1 1 1 1 1 1 2
1 0 1 0 1 0 1 0 1 0
1 0 1 0 1 1 1 1 1 1
1 0 1 1 1 1 1 1 1 0
1 0 0 0 0 0 0 0 0 0
Maze 160
85 6 3.3333333333 2.0443484435 27 0.399891005442333
2 9 12 35 64 34 2 2 12 89 34 5 55 40 1 2
400 2 32 34 400 32 400 400 82 84 4 400 35 31 400
400 402 401 402 400 401 400 400 401 401 402 400 402 401 400
1 2 1 1 1 1 1 1 1 0
1 1 0 1 1 0 0 0 0 0
1 1 0 1 1 0 0 0 0 0
1 1 1 1 1 1 1 1 1 1
0 1 0 1 1 0 0 0 0 0
0 1 0 1 1 0 0 0 0 0
0 1 0 1 0 0 0 0 0 0
0 1 0 1 0 0 0 0 0 0
0 1 1 1 1 1 1 1 1 0
0 0 0 0 0 0 0 0 0 0
Maze 161
87 33 3.0588235294 2.1072514725 45 0.371314854459758
20 99 97 19 49 49 11 73 83 18 4 53 78 97 49 20
19 400 17 400 400 41 71 400 13 14 3 73 77 47 19
402 400 402 400 400 401 401 400 402 401 402 401 402 402 402
0 0 1 1 0 0 0 0 0 0
1 0 1 1 1 1 1 1 1 2
1 0 1 0 0 0 1 0 1 0
1 0 1 0 0 0 1 0 1 0
1 1 1 1 1 1 1 1 1 0
1 0 1 0 0 0 1 0 1 0
1 0 1 0 0 0 1 0 1 0
1 1 1 1 1 1 1 1 1 0
0 0 1 0 0 0 1 0 1 0
0 0 0 0 0 0 1 1 1 0
Maze 162
107 545 2.8285714286 2.2277880680 105 0.390328707466706
9 67 17 69 88 44 60 14 61 77 45 18 70 95 52 9
7 400 67 68 84 54 54 11 71 75 15 68 65 92 2
402 400 401 402 401 401 401 402 401 401 402 401 402 401 402
0 1 1 1 1 1 1 1 2 0
1 1 1 1 1 1 1 1 0 0
1 1 0 1 1 0 1 1 0 0
1 1 0 1 1 0 1 1 0 0
1 1 0 1 1 0 1 1 0 0
1 1 0 1 1 1 1 1 1 1
1 1 0 1 1 1 1 1 1 1
1 1 1 1 1 1 1 1 0 0
0 1 0 1 1 1 1 1 0 0
0 1 1 1 1 0 0 0 0 0
Maze 163
107 1015 2.9285714286 1.9047805562 112 0.385895248112161
63 74 23 87 37 5 62 20 58 62 20 96 94 4 52 63
73 73 83 400 35 2 12 18 52 12 16 400 400 2 62
401 401 401 400 401 402 402 402 402 402 402 400 400 402 401
0 1 1 1 1 0 0 0 0 0
0 1 1 1 1 1 1 1 1 1
0 1 1 1 1 1 0 1 0 0
0 1 1 1 1 1 1 1 0 0
0 1 1 1 0 1 1 1 0 0
0 1 1 1 1 1 1 1 0 0
0 1 2 1 0 1 1 0 0 0
0 0 1 1 0 1 1 0 0 0
0 0 1 1 1 1 1 0 0 0
0 0 0 1 1 1 0 0 0 0
Maze 164
101 13 3.2941176471 2.0194087953 50 0.366330667835059
52 83 48 3 6 83 97 48 14 45 9 91 41 45 82 52
82 43 43 400 3 93 47 44 44 5 1 400 400 42 400
401 402 401 400 402 401 402 401 401 402 402 400 400 402 400
1 1 1 1 1 1 1 1 1 0
1 0 1 1 1 0 0 0 0 0
1 0 1 1 1 0 0 0 0 0
1 0 1 1 1 0 0 0 0 0
1 1 1 1 1 1 1 1 0 0
1 2 1 0 0 0 1 0 0 0
1 1 1 0 0 0 1 0 0 0
1 1 1 0 0 0 1 0 0 0
1 1 1 0 0 0 1 0 0 0
1 0 1 1 1 1 1 0 0 0
Maze 165
107 58 3.6862745098 2.0778394245 99 0.403371551175634
75 72 51 34 13 58 72 53 1 99 7 100 82 14 73 75
400 71 31 33 53 52 52 51 91 97 97 92 12 13 400
400 401 402 401 401 402 402 401 401 401 401 401 402 402 400
1 0 0 0 0 0 1 0 0 0
1 1 1 1 0 0 1 0 0 0
1 1 1 0 0 0 1 0 0 0
1 1 1 1 0 0 1 0 0 0
1 1 1 0 0 0 1 0 0 0
1 1 1 1 1 1 1 1 0 0
1 1 1 0 0 0 1 0 0 0
1 1 1 1 2 0 1 0 0 0
1 1 0 0 0 0 1 0 0 0
1 1 1 1 1 1 1 1 1 1
Maze 166
103 339 2.9565217391 2.3524627648 51 0.373013388811253
64 2 98 69 8 71 88 17 24 7 7 60 9 58 61 64
62 92 68 68 1 81 87 14 4 400 57 59 8 51 400
401 401 402 401 402 401 401 402 402 400 401 401 402 402 400
1 1 1 1 1 1 1 1 1 0
1 1 0 1 1 1 1 1 1 0
1 1 0 1 0 0 1 1 1 0
1 1 0 0 0 0 1 1 1 0
1 1 0 0 0 0 1 1 1 0
1 1 1 1 1 1 1 1 1 1
1 1 1 2 0 0 1 1 1 0
1 1 0 0 0 0 1 1 0 0
1 1 1 1 1 1 1 1 0 0
0 1 1 1 1 1 1 1 0 0
Maze 167
121 446 3.6896551724 2.1555561000 96 0.391976746091574
71 4 58 22 56 42 95 23 73 51 70 87 14 91 90 71
1 54 52 52 52 92 93 400 71 61 67 84 11 81 81
402 401 401 401 401 401 401 400 401 401 402 401 402 402 401
1 1 1 1 0 0 0 0 0 0
1 1 1 1 0 0 0 0 0 0
1 1 1 1 0 0 0 0 0 0
1 1 1 1 0 0 0 0 0 0
1 1 1 1 0 0 0 0 0 0
1 1 1 1 1 1 1 1 0 0
1 1 1 1 1 1 1 1 1 1
2 1 1 1 0 0 1 0 0 0
1 1 1 1 1 1 1 1 1 1
1 1 1 1 1 0 0 0 0 0
Maze 168
93 76 3.4893617021 2.0493196667 45 0.397560110301558
76 57 5 53 49 13 63 90 44 14 77 90 49 26 97 76
56 55 3 43 43 400 83 84 400 74 87 89 46 96 96
402 401 402 402 401 400 401 401 400 401 401 401 401 401 401
0 0 1 1 1 0 0 0 0 0
0 0 1 1 1 0 0 0 0 0
0 0 1 1 1 1 0 0 0 0
0 0 1 1 1 1 0 0 0 0
0 0 1 1 1 1 1 1 1 0
0 0 1 1 1 1 1 0 1 0
0 0 1 1 0 1 0 0 1 0
0 0 1 1 1 2 1 0 1 0
0 0 1 1 1 1 1 1 1 1
0 0 0 0 0 1 1 0 0 0
Maze 169
93 87 3.1372549020 2.0876399738 44 0.378101366904009
79 65 26 41 5 84 97 55 97 58 25 11 32 47 92 79
75 25 21 1 4 94 95 95 57 55 21 31 42 42 72
401 402 402 402 402 401 401 401 402 401 401 401 401 402 402
1 1 1 1 1 0 0 0 0 0
1 0 0 1 0 0 0 0 0 0
1 1 1 1 1 1 0 0 0 0
1 1 0 1 1 0 0 0 0 0
1 1 1 1 1 1 1 0 0 0
0 1 0 1 1 1 1 1 0 0
0 1 0 1 1 0 1 0 0 0
0 1 1 1 1 1 1 1 2 0
0 1 0 1 1 0 1 0 0 0
0 1 0 1 1 1 1 0 0 0
Maze 170
129 589 3.0410958904 2.1923673924 190 0.395433710563176
78 8 83 9 90 89 97 42 87 38 91 50 90 13 3 78
400 3 3 89 400 87 92 82 37 31 41 400 83 400 73
400 402 402 401 400 402 401 401 402 402 402 400 401 400 401
0 0 1 1 1 1 1 1 1 0
0 0 1 0 0 0 0 1 1 0
0 0 1 0 0 0 0 1 1 0
1 1 1 1 1 1 1 1 1 0
1 1 1 1 1 1 1 1 1 1
1 1 1 0 0 0 1 1 1 1
1 1 1 0 0 0 1 1 1 1
1 1 1 1 1 1 1 2 1 1
1 1 1 1 1 1 1 1 1 1
1 1 1 1 1 1 1 0 0 0
Maze 171
93 173 3.0384615385 1.9743327015 50 0.388685884440877
28 18 86 6 22 16 46 23 27 68 91 5 66 58 96 28
400 16 400 2 12 400 43 400 67 61 1 65 56 56 26
400 402 400 402 402 400 401 400 401 402 402 401 402 402 402
1 1 1 1 1 1 0 0 0 0
1 1 1 1 1 1 1 1 0 0
1 1 1 1 1 1 1 2 0 0
1 0 1 0 1 1 1 0 0 0
1 0 1 1 1 1 1 0 0 0
1 0 0 0 1 1 1 1 0 0
1 1 1 1 1 1 1 1 0 0
1 0 0 0 0 1 0 0 0 0
1 0 0 0 0 1 0 0 0 0
1 0 0 0 0 1 0 0 0 0
Maze 172
91 287 2.8474576271 2.2619011605 36 0.372848335182152
44 24 55 38 57 80 19 100 50 49 71 16 69 100 81 44
400 54 35 37 77 79 99 400 400 41 11 66 99 91 41
400 401 402 402 401 401 401 400 400 402 402 401 401 401 402
0 0 0 0 0 0 0 0 0 0
1 1 1 1 1 1 0 0 1 0
1 0 0 1 0 1 0 0 1 0
1 0 0 1 1 1 1 1 1 0
1 1 1 2 1 1 1 1 1 1
1 0 0 1 1 1 1 0 1 1
1 0 0 0 0 1 1 1 1 1
1 0 0 0 0 0 1 1 1 1
1 0 0 0 0 0 0 0 1 1
1 1 1 1 1 1 1 1 1 1
Maze 173
139 131 3.2580645161 1.8355145046 115 0.390329908502207
98 82 10 52 10 100 33 22 60 84 97 91 34 7 31 98
92 2 2 2 400 93 32 52 54 94 400 31 4 1 91
401 402 402 402 400 401 401 401 402 401 400 402 402 402 401
1 1 1 1 1 1 1 1 1 1
1 1 0 1 0 0 0 0 0 1
1 1 0 1 0 0 0 0 0 1
1 1 1 1 0 0 0 0 0 1
1 1 1 0 0 0 0 0 0 1
1 1 1 1 1 1 1 1 1 1
1 1 1 1 0 0 0 0 0 1
1 1 1 1 0 0 0 0 0 1
1 1 1 1 0 0 0 0 0 1
1 1 1 1 1 1 1 2 1 1
Maze 174
83 18 3.0196078431 2.2159110899 30 0.386405980321776
34 34 15 79 2 22 36 97 37 49 68 98 96 8 52 34
400 14 75 72 400 32 96 400 47 48 400 400 6 2 32
400 402 401 401 400 401 401 400 401 402 400 400 402 402 402
0 1 1 1 1 1 1 1 0 0
0 1 0 1 1 1 0 0 0 0
0 1 0 1 1 1 0 0 0 0
0 1 1 2 1 1 1 0 0 0
0 1 0 0 1 1 1 1 1 0
0 1 0 0 1 1 1 1 0 0
0 1 0 0 1 1 1 1 0 0
0 1 1 1 1 1 1 1 1 0
0 0 0 0 0 1 1 1 0 0
0 0 0 0 0 1 1 1 0 0
Maze 175
99 125 2.9508196721 2.2465058196 60 0.366961196998462
83 59 18 64 51 59 10 85 25 30 79 49 74 71 98 83
53 58 14 61 400 9 5 400 400 29 400 44 400 91 93
402 401 402 401 400 402 402 400 400 402 400 402 400 401 401
0 0 0 0 1 1 1 1 1 1
0 0 0 1 1 1 1 1 1 0
0 0 0 1 1 1 1 1 1 1
0 0 0 1 1 0 0 1 1 0
0 0 0 1 1 1 1 1 1 0
1 1 1 1 1 1 1 1 1 0
1 1 1 1 1 0 0 0 1 0
1 1 1 1 1 0 0 0 1 0
1 0 2 0 1 0 0 0 0 0
1 1 1 1 1 1 1 1 0 0
Maze 176
97 172 3.2083333333 1.9567232082 66 0.376285778514527
40 73 91 50 48 13 46 26 11 95 46 33 2 13 75 40
33 71 41 400 43 43 400 21 91 45 43 32 12 73 35
402 402 402 400 401 401 400 401 401 402 401 401 401 401 402
0 1 0 0 0 0 0 0 0 0
1 1 1 0 0 0 0 0 0 0
1 1 1 1 1 1 0 0 0 0
1 1 1 1 1 1 1 1 1 2
1 1 1 1 1 1 1 1 1 1
1 0 1 0 1 0 0 0 0 0
1 0 1 0 1 0 0 0 0 0
1 1 1 1 1 0 0 0 0 0
1 0 0 0 1 0 0 0 0 0
1 1 1 1 1 0 0 0 0 0
Maze 177
59 12 3.0555555556 2.0394488984 10 0.383010047846992
96 86 76 78 45 75 23 68 75 36 26 14 49 48 89 96
400 400 400 75 400 73 63 65 35 400 24 44 400 88 86
400 400 400 401 400 401 401 402 402 400 401 401 400 401 402
0 0 0 0 0 0 0 0 0 0
0 0 0 1 0 0 0 0 0 0
0 0 1 1 1 1 0 0 0 0
0 0 1 1 1 1 0 0 0 0
0 0 1 1 1 1 1 1 1 0
0 0 1 0 1 0 0 1 0 0
0 0 1 1 1 1 1 1 0 0
0 0 1 1 1 1 1 1 0 0
0 0 0 0 0 1 1 1 1 0
0 0 0 0 0 2 0 0 0 0
Maze 178
111 73 3.4333333333 2.2229650316 78 0.405634675206398
73 65 43 30 98 12 97 76 34 48 83 8 27 55 17 73
63 63 23 28 92 92 96 74 44 43 3 7 25 15 13
402 401 402 402 401 401 401 401 401 402 402 402 402 402 402
0 0 1 1 1 1 1 1 0 0
0 1 1 1 1 1 1 0 0 0
0 1 1 1 1 1 1 1 1 1
0 1 1 1 1 0 0 1 0 0
0 1 1 1 1 1 1 1 0 0
0 1 1 1 1 0 0 1 0 0
0 1 1 1 1 0 0 1 0 0
0 1 2 1 1 1 0 1 0 0
0 1 1 0 0 1 0 1 0 0
0 1 1 1 1 1 1 1 0 0
Maze 179
109 2559 3.2333333333 2.1585000996 105 0.391702060199498
77 27 29 97 13 77 61 50 88 93 6 84 41 35 87 77
400 400 27 93 73 71 41 48 83 3 4 81 31 85 400
400 400 402 401 401 401 402 402 402 402 402 401 402 401 400
0 0 1 1 1 1 0 0 0 0
0 0 1 1 0 0 0 0 0 0
0 0 1 1 0 0 1 1 1 0
1 1 1 1 1 0 1 0 0 0
1 1 1 1 1 1 1 1 1 1
1 0 1 1 1 0 1 1 0 0
1 0 1 1 1 0 1 1 0 0
1 1 1 1 1 1 2 1 0 0
1 1 1 1 1 1 1 1 0 0
0 0 1 1 1 1 1 0 0 0
Maze 180
109 32 3.2631578947 2.0439206005 84 0.403523841191994
8 33 33 40 37 3 99 92 55 98 89 11 12 57 93 8
3 400 400 400 33 93 400 52 95 88 81 400 52 53 3
402 400 400 400 401 401 400 402 401 402 401 400 401 402 402
0 0 1 1 1 1 1 2 0 0
1 1 1 0 0 0 0 0 0 0
1 1 1 0 0 0 0 0 0 0
1 1 1 1 1 1 1 1 1 1
1 1 1 0 0 0 0 0 0 0
1 1 1 1 1 1 1 0 0 0
1 1 1 0 1 0 0 0 0 0
1 1 1 0 1 0 0 0 0 0
1 1 1 1 1 1 1 1 1 0
0 1 1 1 1 1 1 1 1 0
Maze 181
85 391 3.0000000000 2.1735887902 50 0.387512025595782
69 92 55 98 19 90 86 34 33 58 88 45 28 68 47 69
62 52 95 18 89 400 84 400 53 400 85 25 400 67 67
402 402 401 402 401 400 401 400 401 400 401 402 400 401 401
0 0 0 0 0 0 0 0 0 0
0 0 0 0 0 0 0 1 1 0
0 0 0 0 1 1 1 1 1 0
0 0 1 1 1 0 0 1 1 0
0 0 1 1 1 0 1 1 1 0
0 1 1 1 1 1 1 1 1 0
0 1 1 1 1 1 1 1 2 0
0 1 0 1 1 0 0 1 1 0
0 1 0 1 1 1 1 1 1 1
0 1 0 0 1 1 1 1 0 0
Maze 182
95 64 3.3469387755 2.0289621172 39 0.381742815126880
35 16 78 30 27 37 25 90 63 77 51 12 81 15 68 35
15 76 28 400 400 35 85 83 73 71 11 11 11 65 65
402 401 402 400 400 401 401 401 401 401 402 402 402 401 401
0 0 0 0 0 0 0 0 0 0
1 1 1 1 1 1 0 0 0 0
1 0 0 0 1 1 1 1 1 1
1 0 0 0 2 1 1 1 0 0
1 0 0 0 1 1 0 1 0 0
1 0 0 0 1 1 0 1 0 0
1 0 1 0 1 1 1 1 0 0
1 1 1 1 1 1 1 1 0 0
1 0 1 1 1 1 1 1 1 1
0 0 0 0 0 0 0 0 0 0
Maze 183
107 107 3.2068965517 2.1285007614 99 0.391672750323236
58 28 42 48 83 84 24 69 4 99 41 78 68 84 82 58
400 22 400 43 400 400 64 64 94 91 71 400 64 400 52
400 402 400 402 400 400 401 401 401 401 401 400 402 400 402
0 0 0 1 0 0 0 0 0 0
0 0 0 1 0 0 0 0 0 0
0 1 1 1 1 1 1 1 0 0
0 1 0 1 0 0 0 1 0 0
1 1 1 1 1 1 1 1 0 0
1 1 1 1 1 1 1 2 0 0
1 1 1 1 1 1 1 1 1 0
1 1 1 1 1 1 1 1 0 0
1 1 1 1 0 0 0 0 0 0
1 1 1 1 1 1 1 1 1 0
Maze 184
97 203 3.3584905660 2.1315981729 65 0.383882541984518
14 48 57 28 95 6 1 18 86 64 30 28 24 88 43 14
44 47 27 25 5 400 11 16 84 24 400 400 84 83 13
401 402 402 402 402 400 401 402 401 402 400 400 401 401 402
1 1 1 1 1 1 0 0 0 0
1 1 1 2 1 1 1 1 0 0
0 0 1 1 1 1 1 1 1 1
0 0 1 1 1 1 1 0 0 0
0 0 1 1 1 1 1 1 0 0
0 0 1 1 1 1 1 0 0 0
0 0 1 1 1 1 0 0 0 0
0 0 1 1 1 1 0 0 0 0
0 0 1 1 1 1 1 1 0 0
0 0 0 0 1 0 0 0 0 0
Maze 185
91 59 2.9285714286 2.2136457562 56 0.371634246999302
88 69 16 8 40 72 35 5 65 29 59 60 41 92 32 88
68 66 6 38 32 32 400 400 25 400 400 51 91 400 82
402 401 402 401 402 402 400 400 402 400 400 401 401 400 401
0 0 0 0 1 1 1 1 0 0
0 0 0 0 1 1 0 1 0 0
0 0 0 0 1 1 1 1 1 0
0 1 1 1 1 1 1 1 1 1
1 1 0 0 1 1 0 0 1 0
1 1 1 1 1 1 1 1 1 1
1 1 0 0 1 1 1 1 1 0
1 1 0 0 0 0 0 1 0 0
1 1 1 1 1 1 1 2 0 0
1 1 0 0 0 0 0 0 0 0
Maze 186
103 78 3.2203389831 2.2465058196 46 0.382845289028268
24 68 62 99 63 88 55 21 17 16 75 66 33 8 61 24
64 400 92 93 83 85 51 11 400 15 65 63 3 1 21
401 400 401 401 401 401 401 402 400 402 402 401 402 402 402
1 1 1 1 1 1 1 1 0 0
1 1 1 1 1 1 1 0 0 0
1 1 1 2 1 0 0 0 0 0
1 0 1 1 1 0 0 0 0 0
1 0 1 1 1 0 0 0 0 0
1 1 1 1 1 0 0 0 0 0
1 1 1 1 1 1 1 1 0 0
0 1 1 0 1 0 0 0 0 0
0 1 1 1 1 1 1 1 0 0
0 1 1 1 1 1 1 1 1 0
Maze 187
77 44 3.0204081633 2.3267703992 35 0.367400946789069
87 87 67 88 41 6 46 5 16 64 42 33 29 72 52 87
400 400 87 81 1 400 45 15 14 62 32 23 22 400 82
400 400 401 401 402 400 401 401 402 401 402 402 402 400 401
1 1 1 1 1 1 0 0 0 0
1 0 0 1 1 1 0 0 0 0
1 1 1 1 1 1 1 1 1 0
1 1 1 1 1 1 0 0 0 0
1 1 0 1 1 1 0 0 0 0
1 1 0 1 0 0 0 0 0 0
1 1 1 1 0 0 1 0 0 0
1 1 0 0 0 0 1 0 0 0
1 1 1 1 1 1 2 1 0 0
0 0 0 0 0 0 0 0 0 0
Maze 188
89 833 3.2916666667 2.0939892289 41 0.386305678672333
23 45 5 43 48 76 89 28 3 83 58 14 10 12 35 23
43 400 3 400 46 86 88 23 400 53 54 4 2 32 33
401 400 402 400 402 401 401 401 400 402 401 402 402 401 401
0 1 1 1 1 1 1 1 1 1
0 1 1 1 1 0 0 0 0 0
0 1 2 1 1 1 1 1 0 0
0 1 1 1 1 0 0 1 0 0
0 0 1 1 1 1 1 1 0 0
0 0 1 1 1 1 1 1 0 0
0 0 1 0 0 1 0 1 0 0
0 0 1 0 0 1 0 1 0 0
0 0 1 0 0 1 1 1 1 0
0 0 0 0 0 0 0 0 0 0
Maze 189
101 293 2.8985507246 2.4212623252 71 0.369820501377903
79 100 61 55 38 69 69 62 88 80 94 8 72 3 73 79
99 91 51 35 68 400 400 82 78 74 4 2 2 400 400
401 401 402 402 401 400 400 401 402 402 402 402 402 400 400
0 1 1 1 1 1 1 1 0 0
0 1 1 1 0 0 0 0 0 0
0 1 1 1 0 0 0 0 0 0
0 1 1 1 1 1 1 1 0 0
0 1 1 1 1 0 0 1 0 0
1 1 1 1 1 0 0 1 0 0
1 1 1 1 1 1 1 1 1 0
1 1 1 1 1 1 1 1 2 1
1 1 1 1 1 1 1 1 1 0
1 1 1 1 1 1 1 1 1 1
Maze 190
73 21 2.8837209302 2.0823309034 20 0.370391407730128
33 31 94 92 67 56 46 59 34 23 22 97 76 43 59 33
400 91 400 62 66 400 56 54 33 400 92 96 73 53 53
400 401 400 402 401 400 401 401 401 400 401 401 401 401 401
0 0 0 0 0 0 0 0 0 0
0 0 0 0 0 0 0 0 0 0
0 1 1 0 0 0 0 0 0 0
1 1 2 1 0 0 0 0 0 0
1 1 1 1 0 1 0 0 0 0
1 1 1 1 1 1 1 1 1 0
1 1 1 1 1 1 1 0 0 0
1 1 1 1 1 1 0 0 0 0
1 1 0 0 0 1 0 0 0 0
1 1 1 1 1 1 1 0 0 0
Maze 191
103 21 3.2631578947 2.1815393674 51 0.354725582653172
73 99 43 65 34 79 9 94 81 23 81 81 64 71 90 73
93 93 63 64 74 400 4 91 21 21 400 61 61 81 83
401 401 401 401 401 400 402 401 402 402 400 402 402 401 401
0 0 0 1 1 1 1 1 1 0
0 0 0 1 0 0 0 0 1 0
1 1 1 1 0 0 0 0 1 0
1 0 0 1 0 0 0 0 1 0
1 0 1 1 0 0 0 0 1 0
1 0 1 1 0 0 0 0 1 0
1 1 1 1 1 0 0 0 1 0
1 0 2 1 1 1 1 1 1 0
1 1 1 1 1 1 1 1 1 1
1 1 1 1 1 1 1 1 1 0
Maze 192
99 112 2.7868852459 2.1843202261 64 0.376793786469917
20 58 38 15 30 10 38 20 49 14 20 79 21 97 53 20
18 400 35 25 400 8 18 19 44 400 19 71 91 93 13
402 400 401 401 400 402 402 402 401 400 402 401 401 401 402
0 0 0 0 0 0 0 1 1 1
0 0 1 1 1 1 1 1 1 2
1 0 1 1 1 1 1 1 1 1
1 0 1 1 1 1 1 1 1 0
1 0 1 1 1 1 1 1 1 0
1 0 1 0 0 0 0 1 1 0
1 0 1 0 0 0 0 0 1 0
1 1 1 1 1 1 1 1 1 0
1 0 1 0 0 0 0 0 0 0
1 1 1 1 1 1 1 0 0 0
Maze 193
99 173 3.1333333333 2.2934131811 50 0.406858168145700
59 63 31 6 59 48 85 86 32 88 10 89 95 47 97 59
53 61 1 56 58 45 400 82 82 8 9 85 45 400 57
402 401 402 401 401 402 400 401 401 402 402 402 402 400 402
1 1 1 1 1 1 0 1 1 1
1 0 0 0 0 1 0 1 1 0
1 0 0 0 0 1 0 1 1 0
1 1 0 0 0 1 0 1 1 0
1 1 0 0 1 1 1 1 1 0
1 1 1 1 1 1 1 1 2 0
1 1 1 0 1 0 1 1 1 0
0 1 0 0 1 0 1 1 1 0
0 1 1 1 1 1 1 1 1 0
0 0 0 0 1 0 1 0 0 0
Maze 194
89 98 3.0638297872 2.1596899738 34 0.379795667929554
65 86 41 46 58 1 5 41 23 12 1 16 73 51 18 65
85 81 400 56 51 400 1 21 22 11 11 13 71 11 15
401 401 400 401 401 400 402 402 401 401 401 402 401 402 402
1 1 1 1 1 0 0 0 0 0
1 1 1 1 1 1 1 1 0 0
1 1 1 0 1 0 0 0 0 0
1 0 1 0 1 0 0 0 0 0
1 1 1 1 1 1 0 0 0 0
1 1 1 1 1 1 1 1 0 0
1 0 1 0 2 0 0 0 0 0
1 1 1 0 1 0 0 0 0 0
1 1 1 1 1 1 0 0 0 0
0 0 0 0 0 0 0 0 0 0
Maze 195
89 37 2.9230769231 2.1472868302 36 0.372006701336936
100 60 44 42 3 3 30 15 34 75 98 2 65 23 24 100
400 54 400 2 400 23 25 14 74 95 92 62 63 400 94
400 401 400 402 400 401 401 402 401 401 401 401 401 400 401
0 1 1 0 0 0 0 0 0 0
0 1 1 1 1 0 0 0 0 0
0 1 1 1 1 1 1 1 1 1
0 1 1 1 0 0 0 0 0 0
0 1 1 1 0 0 0 0 0 0
0 1 1 1 1 1 1 1 1 1
0 1 1 1 1 0 0 0 0 1
0 1 0 1 1 0 0 0 0 1
0 1 0 1 1 0 0 0 0 1
0 1 1 1 1 1 1 1 1 2
Maze 196
99 64 2.9333333333 2.1693442348 65 0.374348195694462
87 42 96 82 37 78 77 84 19 36 2 8 78 42 71 87
82 92 92 32 77 400 74 14 16 32 400 400 72 41 81
401 401 401 402 401 400 402 402 402 401 400 400 401 402 401
0 1 1 1 1 1 1 1 0 0
0 1 0 1 1 1 1 1 1 0
0 1 0 1 0 1 0 1 0 0
0 1 1 1 1 1 1 1 0 0
1 1 0 1 0 0 1 1 0 0
1 1 0 1 0 0 1 1 0 0
1 1 0 1 0 0 1 1 0 0
1 1 1 1 1 1 1 1 0 0
1 1 1 1 1 1 2 0 0 0
0 1 1 1 1 1 0 0 0 0
Maze 197
113 265 3.8076923077 2.0281993247 112 0.376080534573597
44 16 77 80 17 52 49 1 16 94 17 41 65 52 60 44
14 76 400 77 12 42 41 11 14 14 11 61 62 400 54
402 401 400 401 402 402 401 401 402 402 402 401 401 400 401
1 0 0 0 0 0 0 0 0 0
1 1 1 1 1 1 1 0 0 0
1 1 0 1 0 1 1 0 0 0
1 1 0 1 0 1 1 0 0 0
1 1 1 2 1 1 1 1 1 0
1 1 1 1 1 1 1 1 1 1
1 1 1 1 1 1 1 0 0 0
0 0 0 1 0 1 1 1 1 1
0 0 0 1 0 0 0 0 0 0
0 0 0 1 0 0 0 0 0 0
Maze 198
107 476 3.4237288136 2.1891683911 120 0.396909654009829
88 63 73 49 12 91 69 37 64 61 61 95 4 60 6 88
83 400 43 42 11 61 67 34 400 400 91 94 54 56 86
401 400 402 401 402 402 401 402 400 400 401 401 401 401 401
0 0 0 1 0 1 0 0 0 0
1 1 0 1 0 1 0 0 0 0
1 1 0 1 0 1 0 0 0 0
1 1 0 1 1 1 1 0 0 0
1 1 1 1 1 1 1 1 1 0
1 0 1 1 1 1 1 1 1 1
1 1 1 1 1 1 1 1 1 0
1 0 1 1 0 1 0 0 0 0
1 0 1 1 1 1 1 2 0 0
1 1 1 1 1 0 0 0 0 0
Maze 199
103 147 2.9000000000 2.2254194555 70 0.387288328512116
38 1 94 72 15 65 67 28 51 81 20 56 37 65 89 38
31 91 92 12 400 400 27 21 400 11 16 36 35 85 88
401 401 401 402 400 400 402 402 400 402 402 402 402 401 401
1 0 0 0 0 0 0 0 0 0
1 1 1 1 1 1 1 1 1 1
1 1 1 1 1 1 1 1 0 0
1 1 1 1 1 1 1 2 0 0
1 1 0 0 1 1 1 1 0 0
1 1 0 0 1 1 1 1 0 0
1 1 0 0 1 1 1 1 0 0
1 1 0 0 1 0 0 1 0 0
1 1 0 0 1 1 1 1 1 0
1 1 1 1 0 0 0 0 0 0
Maze 200
113 118 3.1929824561 1.9690883076 65 0.382475104516294
62 89 99 52 12 80 86 8 24 74 80 13 83 4 37 62
82 400 92 400 72 76 6 4 400 400 73 400 3 34 32
401 400 401 400 401 402 402 402 400 400 401 400 402 401 402
0 0 1 1 1 1 1 1 0 0
0 1 1 1 0 1 0 0 0 0
0 1 1 1 0 1 0 0 0 0
0 1 1 1 1 1 1 0 0 0
0 1 1 1 0 1 0 0 0 0
0 1 1 1 0 1 0 0 0 0
0 2 1 1 0 1 0 0 0 0
0 1 1 1 1 1 1 1 1 1
0 1 1 1 1 1 1 1 1 0
0 1 1 1 1 1 1 1 1 0
