numMazes: 200
mazeSize: 10
Maze 1
101 119 3.7916666667 2.0755034841 49 0.373564209205371
97 81 83 71 68 72 100 13 31 37 21 97 67 17 39 97
91 400 81 61 62 92 93 11 400 31 91 400 400 37 37
401 400 401 402 402 401 401 402 400 401 401 400 400 401 402
0 0 0 0 0 0 0 0 0 0
1 1 1 0 0 0 1 0 0 0
1 0 1 0 0 0 1 0 0 0
1 1 1 1 1 1 1 1 1 0
1 0 1 0 0 0 1 0 0 0
1 0 1 0 0 0 1 0 0 0
1 1 1 1 1 1 1 1 0 0
1 1 1 0 0 0 1 0 0 0
1 1 1 0 0 0 1 0 0 0
1 1 1 1 1 1 2 1 1 1
Maze 2
113 132 3.3114754098 2.1442119026 89 0.393336099588107
93 23 7 69 12 62 99 45 14 49 92 94 1 13 6 93
400 3 67 62 400 92 95 44 44 42 400 91 11 3 3
400 402 401 401 400 401 401 401 401 402 400 401 401 402 402
1 0 1 1 1 1 1 0 0 0
1 1 1 1 0 0 1 0 0 0
1 1 1 1 0 0 1 0 0 0
1 1 1 1 0 0 1 0 0 0
1 1 1 1 1 1 1 1 1 0
1 1 1 0 1 0 1 0 0 0
1 1 1 1 1 1 1 1 1 0
1 1 1 0 1 0 0 0 0 0
1 1 1 0 1 0 0 0 0 0
1 1 2 1 1 1 1 1 1 0
Maze 3
95 670 3.1538461538 2.1070469813 59 0.381117067192560
59 31 69 52 5 39 89 77 68 28 62 82 15 67 54 59
51 61 62 2 35 400 87 67 400 22 400 12 65 64 400
401 401 401 402 401 400 401 402 400 402 400 402 401 401 400
0 1 1 1 1 0 0 0 0 0
0 1 1 1 1 0 0 0 0 0
0 1 1 1 1 1 1 1 0 0
1 1 0 0 1 1 1 1 1 0
1 1 0 0 1 0 0 1 1 0
1 1 1 1 1 1 1 1 2 0
1 1 1 1 1 1 1 1 1 0
0 1 0 0 0 0 1 0 1 0
0 1 0 0 0 0 1 1 1 0
0 0 0 0 0 0 0 0 0 0
Maze 4
99 215 3.1379310345 2.2629552062 66 0.409547457270700
84 52 21 7 86 44 45 61 97 52 44 89 70 96 3 84
82 51 1 6 84 400 41 91 92 42 84 69 66 93 83
401 401 402 402 401 400 402 401 401 402 401 402 402 401 401
1 1 1 1 1 1 1 0 0 0
1 0 1 0 0 1 0 0 0 0
1 0 1 0 0 1 0 0 0 0
1 0 1 0 0 1 0 0 0 0
1 1 1 1 1 1 0 0 0 0
1 1 1 1 0 1 0 0 0 0
1 1 1 1 0 1 1 1 1 1
1 1 1 1 0 1 0 0 1 0
1 1 1 2 1 1 1 1 1 0
1 1 1 1 1 1 1 0 0 0
Maze 5
89 118 2.9019607843 2.1702024648 45 0.400112647438099
74 41 15 36 14 80 49 86 99 15 80 59 66 68 60 74
71 11 35 34 74 79 46 96 95 75 79 56 400 58 54
401 402 401 401 401 401 402 401 401 401 401 402 400 402 402
0 0 0 0 0 0 0 0 0 0
1 1 1 1 1 0 0 0 0 0
1 0 0 1 1 0 0 0 0 0
1 0 0 1 1 1 0 0 0 0
1 0 0 1 1 1 1 1 1 0
1 0 0 1 1 1 1 1 1 1
1 0 0 1 1 1 1 1 1 0
1 1 1 2 1 1 1 1 1 1
0 0 0 0 1 1 0 0 0 0
0 0 0 0 1 1 1 1 1 0
Maze 6
121 4461 3.0136986301 2.3228735724 139 0.393018706006819
20 74 11 6 6 29 11 89 39 91 23 83 57 95 82 20
14 71 1 400 26 21 81 400 31 21 400 53 55 92 12
402 401 402 400 401 401 401 400 402 402 400 402 402 401 402
1 1 1 1 1 1 0 0 0 0
1 1 1 1 1 1 1 1 1 2
1 1 1 1 1 1 1 1 1 0
1 1 1 1 1 1 1 1 1 0
1 1 1 1 0 0 0 0 1 0
1 1 1 1 1 1 1 0 1 0
1 1 1 1 1 0 0 0 1 0
1 1 1 1 1 0 0 0 1 0
1 1 1 1 1 1 1 1 1 0
1 1 1 1 1 0 0 0 0 0
Maze 7
93 51 2.7500000000 2.1068143408 45 0.385881906837832
94 35 91 15 15 48 34 22 86 19 7 47 87 46 22 94
34 31 11 400 45 44 32 82 16 17 400 400 86 42 92
402 402 402 400 401 401 401 401 402 401 400 400 401 401 401
0 0 0 0 0 0 1 0 0 0
1 1 1 1 1 1 1 1 1 0
1 1 0 0 1 1 1 0 0 0
1 1 1 1 1 1 1 0 0 0
1 1 1 1 1 1 1 1 0 0
1 1 0 1 0 1 1 0 0 0
1 1 0 1 0 1 1 0 0 0
1 1 0 1 0 1 1 0 0 0
1 1 1 1 1 1 1 0 0 0
1 1 1 2 0 0 0 0 0 0
Maze 8
103 59 2.9019607843 1.8669380451 46 0.382685296540253
10 71 53 6 69 74 94 73 8 91 56 6 24 13 19 10
1 51 3 66 64 400 93 3 1 51 400 4 23 400 9
402 402 402 401 402 400 401 402 402 402 400 402 401 400 402
1 1 1 1 1 1 1 1 1 2
1 0 1 1 1 1 1 1 1 0
1 0 1 1 0 1 0 0 0 0
1 0 1 0 0 1 0 0 0 0
1 0 1 0 0 1 0 0 0 0
1 1 1 1 1 1 0 0 0 0
1 0 1 1 1 1 1 1 1 0
1 0 1 1 0 0 0 0 0 0
1 0 1 1 0 0 0 0 0 0
1 0 1 1 0 0 0 0 0 0
Maze 9
69 6 2.4528301887 2.1988924059 16 0.357110327742103
68 10 35 16 25 25 62 1 17 57 55 86 62 82 92 68
8 5 15 15 400 22 61 11 400 400 85 82 400 400 62
402 402 402 402 400 402 401 401 400 400 401 401 400 400 402
1 0 0 0 1 1 1 1 1 1
1 1 1 1 1 1 1 1 0 0
1 1 1 1 1 0 1 1 0 0
1 1 0 0 1 0 1 1 0 0
1 1 0 0 0 0 1 1 0 0
1 1 0 0 1 1 1 1 0 0
1 1 1 1 1 1 1 2 0 0
0 1 0 0 1 0 0 0 0 0
0 1 1 1 1 1 0 0 0 0
0 1 0 0 0 0 0 0 0 0
Maze 10
111 371 3.0357142857 2.0393976077 77 0.397741229674345
39 71 15 40 5 9 89 31 53 13 15 90 13 31 47 39
31 11 35 35 400 400 81 51 400 400 85 83 11 41 37
402 402 401 401 400 400 401 401 400 400 401 401 402 401 402
0 0 0 0 1 1 1 1 1 0
1 1 1 1 1 0 0 0 1 0
1 0 1 0 1 0 0 0 1 0
1 1 1 1 1 1 1 1 2 1
1 1 1 1 1 1 1 0 1 0
1 1 1 0 1 0 0 0 1 0
1 0 1 0 1 0 0 0 1 0
1 0 1 0 1 0 0 0 1 0
1 1 1 1 1 1 1 1 1 1
0 0 0 0 0 0 0 0 0 0
Maze 11
103 81 3.5813953488 1.9918211816 77 0.389088502372058
1 50 67 91 36 26 71 52 49 41 72 71 57 13 64 1
41 47 61 31 400 21 51 42 400 71 400 51 53 63 61
401 402 402 402 400 402 402 402 400 401 400 402 401 401 401
2 0 0 0 0 0 0 0 0 0
1 0 1 0 0 0 0 0 0 0
1 1 1 1 1 1 0 0 0 0
1 1 1 1 1 1 0 0 0 0
1 1 1 1 1 1 1 1 1 1
1 1 1 1 1 1 1 0 0 0
1 1 1 1 1 1 1 0 0 0
1 1 0 0 0 0 0 0 0 0
1 0 0 0 0 0 0 0 0 0
1 0 0 0 0 0 0 0 0 0
Maze 12
107 3706 3.1186440678 2.0813886776 92 0.399089425732042
4 34 47 96 61 6 70 75 28 37 73 60 77 34 70 4
400 44 46 91 1 66 65 25 27 33 53 57 74 64 64
400 401 402 401 402 401 402 402 402 402 402 402 401 401 401
1 1 1 2 1 1 0 0 0 0
1 0 0 1 0 1 0 0 0 0
1 0 0 1 1 1 1 1 0 0
1 0 1 1 1 1 1 0 0 0
1 0 1 1 1 1 1 0 0 0
1 0 1 1 1 1 1 1 1 1
1 0 1 1 1 1 1 1 1 1
1 0 1 1 1 1 1 0 0 0
1 0 0 0 0 1 0 0 0 0
1 1 1 1 1 1 0 0 0 0
Maze 13
99 265 3.4400000000 2.0023458814 77 0.399566315387650
30 39 48 4 85 88 3 95 29 44 78 68 86 38 65 30
29 38 44 84 400 83 93 25 24 74 400 66 36 35 25
402 402 401 401 400 401 401 402 402 401 400 402 402 402 402
0 0 1 1 0 0 0 0 0 0
0 0 1 1 0 0 0 0 0 0
0 0 1 1 1 1 1 1 1 2
0 0 1 1 1 1 1 1 1 0
0 0 1 1 1 1 1 1 0 0
0 0 1 1 1 1 0 0 0 0
0 0 1 1 1 1 1 1 0 0
0 0 1 1 1 1 1 1 0 0
0 0 1 1 1 1 1 1 0 0
0 0 1 1 1 0 0 0 0 0
Maze 14
91 247 2.9454545455 2.1174634020 40 0.380131401915475
77 83 47 95 76 64 28 28 52 99 29 85 62 31 23 77
73 43 45 75 74 24 400 22 92 400 25 82 61 21 73
402 402 402 402 401 402 400 402 401 400 402 401 401 402 401
0 0 0 0 0 0 0 0 0 0
0 0 0 0 0 0 0 0 0 0
1 1 1 1 1 1 1 1 1 0
1 1 1 1 1 0 0 0 1 0
1 1 1 1 1 1 1 0 1 0
1 1 1 1 1 0 0 0 1 0
1 1 1 1 1 0 0 0 1 0
0 1 1 1 1 1 2 0 1 0
0 1 1 1 1 0 0 0 1 0
0 1 1 1 1 1 1 1 1 0
Maze 15
89 175 2.9433962264 2.0592451339 40 0.399215020918958
64 71 60 67 97 52 92 7 37 94 84 57 15 9 16 64
61 51 57 400 92 400 2 400 34 400 54 55 5 6 14
402 402 402 400 401 400 402 400 402 400 402 401 402 402 402
0 1 1 1 1 1 1 1 1 0
0 1 0 1 1 1 1 0 0 0
0 1 0 1 1 0 1 0 0 0
0 1 0 1 1 1 1 0 0 0
0 1 0 1 1 0 0 0 0 0
1 1 1 1 1 1 1 1 1 1
1 1 1 2 0 0 1 0 0 0
1 1 0 1 0 0 1 0 0 0
0 1 0 1 0 0 1 0 0 0
0 1 1 1 1 1 1 0 0 0
Maze 16
85 14 2.8979591837 2.0443484435 36 0.388218283491418
32 79 84 61 53 8 39 53 49 57 57 66 75 3 48 32
72 74 81 51 3 38 33 43 47 400 56 65 73 43 42
401 402 401 402 402 401 402 402 402 400 402 402 401 401 401
0 0 1 1 1 1 1 1 0 0
0 0 1 0 0 0 0 1 0 0
0 0 1 0 0 0 0 1 0 0
0 2 1 1 1 1 1 1 1 0
0 1 1 1 1 1 1 1 1 0
1 1 1 0 0 1 1 0 0 0
1 1 1 0 1 1 0 0 0 0
1 1 1 1 1 1 1 1 1 0
1 1 1 1 0 0 0 0 0 0
0 0 0 0 0 0 0 0 0 0
Maze 17
111 107 3.4098360656 2.1296092909 112 0.391161342524481
57 17 31 8 93 38 86 49 34 28 43 82 23 80 65 57
400 11 1 3 33 36 46 44 24 23 42 22 73 75 55
400 402 402 402 402 402 402 401 402 402 402 402 401 401 402
1 1 1 1 1 1 1 1 0 0
1 1 1 1 1 1 1 0 0 0
1 1 1 1 1 1 1 1 0 0
1 1 1 1 1 1 1 1 0 0
0 1 1 1 1 1 1 1 1 0
0 1 1 0 1 1 2 0 0 0
0 1 1 0 1 1 0 0 0 0
0 1 1 1 1 1 1 1 1 1
0 1 1 0 0 1 0 0 0 0
0 0 1 0 0 0 0 0 0 0
Maze 18
109 483 3.0877192982 2.0685826813 112 0.374772220239129
41 38 59 64 7 51 86 13 1 72 95 37 15 31 96 41
31 58 54 4 1 81 83 11 71 92 35 35 11 91 91
402 401 402 402 402 401 401 401 401 401 402 401 402 401 401
1 1 1 1 1 1 1 0 0 0
1 1 1 1 1 0 0 0 0 0
1 0 1 1 1 0 0 0 0 0
1 1 1 1 1 1 1 1 0 0
2 0 1 1 1 0 0 1 0 0
1 0 1 1 1 1 1 1 1 0
1 0 1 1 1 0 0 0 0 0
1 1 1 0 1 0 0 0 0 0
1 1 1 1 1 1 0 0 0 0
1 1 1 1 1 1 0 0 0 0
Maze 19
95 62 2.9454545455 2.0424812504 64 0.390483655206551
19 70 16 86 76 93 24 28 82 32 64 43 6 96 64 19
69 66 400 400 73 23 400 22 400 62 63 3 400 94 14
401 401 400 400 402 402 400 402 400 401 401 402 400 401 402
0 0 1 1 1 1 0 0 0 0
0 0 1 1 1 1 1 1 2 0
0 1 1 1 1 1 1 1 1 0
0 1 1 1 0 1 0 0 1 0
0 1 1 1 0 1 0 0 1 0
0 1 1 1 0 1 0 0 1 0
0 1 1 1 0 1 1 1 1 1
0 1 1 1 1 1 0 0 0 0
0 1 1 1 0 1 0 0 0 0
0 0 1 1 1 1 0 0 0 0
Maze 20
97 36 3.1071428571 2.2130222928 64 0.390576689643052
98 11 31 23 80 54 77 6 67 84 33 41 30 17 88 98
91 400 21 73 74 74 76 66 64 83 31 21 27 87 400
401 400 402 401 401 401 401 401 402 401 402 402 401 401 400
0 0 0 0 0 1 0 0 0 0
1 0 0 0 0 1 1 0 0 0
1 1 1 1 1 1 1 1 1 1
1 1 1 0 0 1 1 0 0 0
1 0 1 0 0 1 1 0 0 0
1 0 1 1 0 1 1 0 0 0
1 0 1 1 1 1 1 0 0 0
1 0 1 1 1 1 1 1 1 1
1 0 1 1 0 0 1 1 0 0
1 1 1 1 1 1 1 2 0 0
Maze 21
83 21 2.9795918367 2.0732441963 22 0.374187906110500
25 12 8 73 73 98 14 63 33 26 21 86 83 84 76 25
22 2 3 400 93 94 13 400 23 400 81 400 400 74 75
401 402 402 400 401 401 402 400 402 400 401 400 400 402 401
0 1 1 1 1 1 1 1 0 0
0 1 1 1 0 0 0 0 0 0
1 1 1 1 2 1 0 0 0 0
1 0 1 1 1 0 0 0 0 0
1 0 1 1 1 0 0 0 0 0
1 0 1 1 1 0 0 0 0 0
1 0 1 1 1 0 0 0 0 0
1 0 1 1 1 1 0 0 0 0
1 1 1 1 1 1 0 0 0 0
0 0 1 1 1 1 1 1 0 0
Maze 22
81 110 2.7719298246 2.2556622181 23 0.401661601674576
46 62 15 35 99 97 21 33 19 9 77 14 26 27 24 46
42 12 400 95 400 91 31 13 400 7 74 24 400 400 44
402 402 400 401 400 401 401 402 400 402 401 401 400 400 401
0 0 0 0 0 0 1 1 1 0
0 1 1 1 1 1 1 1 1 0
1 1 1 1 1 1 1 0 0 0
1 1 1 1 1 0 1 0 0 0
1 1 1 1 1 2 1 0 0 0
1 1 0 1 1 0 1 0 0 0
1 1 0 1 1 0 1 0 0 0
1 0 0 1 1 1 1 0 0 0
1 0 0 0 1 0 0 0 0 0
1 1 1 1 1 1 1 1 1 0
Maze 23
111 649 3.0704225352 2.4096874613 112 0.397727763934235
6 89 24 82 83 7 8 99 2 1 16 25 78 5 40 6
86 84 22 400 3 400 98 92 400 11 15 75 75 35 36
401 401 402 400 402 400 401 401 400 401 402 401 401 401 401
1 1 1 1 1 2 1 1 0 0
1 1 1 1 1 1 0 1 0 0
0 1 1 1 1 1 0 1 0 0
0 1 1 1 1 1 1 1 1 1
0 1 1 1 1 1 0 1 0 0
0 1 1 1 1 1 0 1 0 0
0 1 1 1 1 1 0 1 0 0
0 1 1 1 1 1 1 1 0 0
0 1 1 1 1 1 1 1 1 0
0 1 1 1 1 1 1 1 1 0
Maze 24
103 110 3.3333333333 1.9159298589 48 0.389569513828002
57 11 23 4 97 68 78 22 79 57 72 19 23 56 62 57
51 21 3 94 67 400 72 72 77 52 12 13 53 52 52
401 401 402 401 402 400 401 401 401 402 402 402 401 402 402
0 0 1 1 0 0 0 0 0 0
1 1 1 1 1 1 1 1 1 0
1 1 1 1 0 0 0 0 0 0
1 1 1 1 0 0 0 0 0 0
1 1 1 1 0 0 0 0 0 0
1 1 1 1 1 1 2 0 0 0
0 1 0 1 0 0 1 1 0 0
0 1 1 1 1 1 1 1 1 0
0 0 0 1 0 0 1 0 0 0
0 0 0 1 1 1 1 0 0 0
Maze 25
75 69 2.8695652174 2.1261100457 26 0.363162039993269
35 14 76 44 31 55 64 54 89 57 39 30 22 88 65 35
34 74 74 41 51 54 400 84 87 37 29 400 82 85 400
401 401 401 401 401 402 400 401 401 402 402 400 401 401 400
0 0 0 0 0 0 0 0 0 0
0 0 0 1 0 0 0 0 0 0
0 1 1 1 1 1 1 1 1 1
1 1 0 1 2 0 1 1 1 0
1 1 1 1 1 0 1 0 0 0
1 1 1 1 1 0 1 0 0 0
0 1 0 1 1 0 1 0 0 0
0 1 0 1 1 1 1 0 0 0
0 1 1 1 1 1 1 1 1 0
0 0 0 0 0 0 0 0 0 0
Maze 26
95 135 2.8813559322 2.2002656259 71 0.390669155555550
71 30 23 8 14 26 100 100 60 12 41 8 37 49 61 71
21 400 3 4 24 96 400 400 52 11 1 7 47 41 400
402 400 402 402 401 401 400 400 401 402 402 402 401 402 400
1 1 1 1 1 1 1 1 0 0
1 1 1 1 0 0 1 0 0 0
1 1 1 1 1 1 1 1 1 1
1 1 0 0 0 1 1 0 0 0
1 1 1 1 1 1 1 1 1 0
1 1 1 1 1 1 1 1 1 1
1 0 0 0 0 1 0 0 0 1
2 0 0 0 0 1 0 0 0 1
0 0 0 0 0 1 0 0 0 1
0 0 0 0 0 1 1 1 1 1
Maze 27
107 1252 2.9090909091 2.2394688304 97 0.384601797278818
89 23 18 6 11 99 7 5 23 95 8 30 69 47 53 89
83 13 16 1 91 97 400 3 93 5 28 29 67 43 83
401 402 401 402 401 401 400 402 401 402 401 402 401 402 401
1 1 1 1 1 1 1 1 0 0
1 0 1 1 1 1 1 1 0 0
1 0 1 0 1 0 1 1 1 1
1 0 1 0 1 0 1 0 1 0
1 0 1 1 1 1 1 0 1 0
1 0 1 0 1 0 1 0 1 0
1 0 1 0 1 0 1 1 1 0
1 0 1 0 1 0 1 0 0 0
1 0 1 1 1 1 1 1 2 0
1 1 1 1 1 1 1 1 1 0
Maze 28
93 33 3.2000000000 2.1070469813 44 0.383691611451305
18 22 32 3 16 45 22 18 96 70 28 29 92 23 75 18
12 400 2 13 15 42 12 16 66 68 400 22 22 73 15
402 400 402 401 402 401 402 402 402 401 400 402 402 401 402
0 1 1 0 0 0 0 0 0 0
0 1 1 1 1 1 1 2 0 0
0 1 1 1 1 1 1 1 1 0
0 1 1 0 1 1 0 1 0 0
0 1 1 1 1 1 0 1 0 0
0 1 1 0 1 1 0 1 0 0
0 1 1 0 1 1 1 1 1 1
0 1 1 1 1 1 0 0 0 0
0 1 0 0 0 1 0 0 0 0
0 1 0 0 0 1 0 0 0 0
Maze 29
111 21 3.2000000000 1.9978377799 96 0.385165725008585
7 97 25 96 54 80 92 3 2 93 32 41 76 36 72 7
400 95 95 94 74 72 2 400 92 92 31 71 400 32 2
400 401 401 401 401 402 402 400 401 401 402 401 400 402 402
0 1 1 1 1 1 2 0 0 0
0 1 0 0 0 0 1 0 0 0
0 1 0 0 1 0 1 0 0 0
1 1 1 1 1 1 1 0 0 0
1 1 0 0 1 1 1 0 0 0
1 1 0 1 1 1 1 0 0 0
1 1 0 1 1 1 1 0 0 0
1 1 1 1 1 1 1 1 1 1
0 1 0 1 1 0 1 0 0 0
0 1 1 1 1 1 1 0 0 0
Maze 30
87 21 2.6122448980 1.8892137705 56 0.389462908894544
7 64 52 33 87 73 87 27 64 93 92 36 90 57 40 7
4 62 32 83 83 83 400 24 63 400 32 86 87 37 37
402 401 402 401 401 401 400 402 402 400 402 401 401 402 401
0 0 0 1 1 1 2 0 0 0
0 0 0 1 0 0 1 0 0 0
0 0 0 1 1 1 1 0 0 0
0 1 1 1 1 1 1 1 1 1
0 1 1 1 0 1 1 0 0 0
0 1 1 1 0 1 1 0 0 0
0 1 1 1 0 1 1 0 0 0
0 1 1 0 0 1 1 0 0 0
0 1 1 1 1 1 1 1 1 1
0 1 1 0 0 0 0 0 0 0
Maze 31
97 179 3.2000000000 1.9244128973 71 0.377754048091459
33 50 76 9 73 82 54 92 29 5 58 49 56 86 52 33
43 46 6 3 72 52 52 22 25 55 48 46 400 82 32
401 402 402 402 402 402 402 402 401 401 402 402 400 401 402
0 0 1 1 1 1 1 1 1 0
0 0 1 0 1 1 0 0 0 0
0 1 1 1 1 1 1 1 1 0
0 1 2 0 1 1 0 0 0 0
0 1 1 1 1 1 1 1 1 1
0 1 1 1 1 1 1 1 0 0
0 1 1 0 0 1 0 0 0 0
0 1 1 0 0 1 0 0 0 0
0 1 1 1 1 1 0 0 0 0
0 1 0 0 0 0 0 0 0 0
Maze 32
105 106 3.0689655172 2.0348505379 80 0.383327928982156
70 69 62 39 67 13 75 9 69 65 88 53 1 82 33 70
400 400 32 37 63 73 5 400 400 85 83 51 81 32 63
400 400 402 402 401 401 402 400 400 401 401 401 401 402 401
1 0 0 0 1 1 1 1 1 0
1 0 1 0 1 0 0 0 1 0
1 0 1 0 1 0 0 0 1 0
1 1 1 1 1 1 1 1 1 0
1 1 1 0 1 0 1 0 1 0
1 1 1 0 1 0 1 0 1 0
1 1 1 1 1 1 1 1 1 2
1 1 1 1 1 0 0 0 0 0
1 1 1 1 1 1 1 1 0 0
0 0 0 0 0 0 0 0 0 0
Maze 33
81 888 2.9615384615 2.2600651031 25 0.381870273076864
59 85 83 73 48 48 90 84 8 59 17 30 77 42 52 59
55 400 400 43 400 88 400 4 58 57 27 27 72 400 400
402 400 400 402 400 401 400 402 401 401 401 402 401 400 400
0 0 0 1 1 1 1 1 0 0
0 0 0 1 0 0 1 1 0 0
0 0 0 1 0 0 1 1 1 1
0 0 0 1 0 0 1 1 0 0
0 1 1 1 1 1 1 1 0 0
0 1 1 1 1 1 1 1 2 0
0 1 1 1 1 0 1 1 0 0
0 1 1 1 1 1 1 1 0 0
0 0 1 1 1 1 1 1 1 1
0 0 0 0 0 0 0 0 0 0
Maze 34
101 60 3.2452830189 2.0508544969 71 0.371026186995889
89 94 25 6 39 8 72 34 67 36 92 6 13 84 92 89
84 24 5 36 38 2 32 64 66 32 2 3 83 82 82
402 402 402 401 401 402 402 401 401 402 402 402 401 402 402
0 1 1 1 1 1 1 1 0 0
0 1 1 0 1 1 0 1 0 0
0 1 1 1 1 1 0 1 0 0
0 1 1 1 1 1 1 1 1 0
0 1 1 1 0 1 0 0 0 0
0 1 1 1 0 1 0 0 0 0
0 1 1 1 1 1 1 0 0 0
0 1 1 1 0 0 0 0 0 0
0 1 1 1 1 1 1 1 2 0
0 1 0 1 0 0 0 0 0 0
Maze 35
83 23 2.7826086957 1.9310082355 35 0.379892220901306
5 18 14 66 70 33 42 67 56 68 69 6 74 98 20 5
15 400 64 400 63 32 62 66 66 400 66 4 94 18 15
401 400 401 400 401 402 401 401 401 400 401 402 401 402 401
0 0 0 1 2 1 0 0 0 0
0 0 0 1 1 1 1 1 1 1
0 0 0 1 0 1 0 1 0 0
0 1 1 1 0 1 0 1 0 0
0 1 1 1 0 1 0 1 0 0
0 1 1 1 0 1 0 1 0 0
0 1 1 1 1 1 1 1 1 1
0 0 0 1 0 0 0 1 0 0
0 0 0 1 0 0 0 1 0 0
0 0 0 1 1 1 1 1 0 0
Maze 36
99 94 3.1372549020 2.0026673979 53 0.394362080322236
95 38 24 11 90 100 42 34 92 72 38 41 44 64 27 95
35 34 21 81 400 92 32 32 400 32 31 400 400 24 25
402 401 401 401 400 401 402 402 400 402 402 400 400 402 402
0 0 0 0 0 0 0 0 0 0
1 0 0 0 0 0 0 0 0 0
1 1 1 1 1 1 1 0 0 0
1 1 1 1 1 1 1 1 0 0
1 1 1 1 1 0 0 0 0 0
1 1 0 1 1 0 0 0 0 0
1 1 0 1 1 0 0 0 0 0
1 1 0 0 1 0 0 0 0 0
1 1 1 1 1 1 1 1 1 1
0 1 1 1 2 1 1 1 1 1
Maze 37
93 33 3.2444444444 2.0103642316 41 0.388049029014953
32 76 92 5 36 71 52 89 51 72 42 83 45 94 83 32
72 72 2 35 31 51 82 81 71 400 82 43 44 93 82
401 402 402 401 402 402 401 401 401 400 401 402 402 401 401
0 1 1 1 1 0 0 0 0 0
0 1 0 0 1 0 0 0 0 0
0 1 0 0 1 0 0 0 0 0
1 2 1 1 1 1 0 0 0 0
1 1 1 1 1 0 0 0 0 0
1 1 1 1 0 0 0 0 0 0
1 1 1 1 0 0 0 0 0 0
1 1 1 1 1 1 0 0 0 0
1 1 1 1 1 1 1 1 1 0
0 1 1 1 0 0 0 0 0 0
Maze 38
81 226 3.3636363636 2.1309185258 30 0.370068963918222
53 54 75 53 56 35 89 18 60 82 47 28 42 65 32 53
400 74 73 400 55 85 88 58 52 42 27 22 62 62 52
400 401 401 400 401 401 401 401 402 402 402 402 401 401 401
0 0 0 0 0 0 0 0 0 0
0 0 0 0 0 0 0 1 0 0
0 1 1 1 1 1 1 1 0 0
0 1 0 0 1 0 1 1 0 0
0 1 1 1 1 1 1 1 0 0
0 1 2 1 1 1 1 1 1 1
0 1 1 1 1 0 0 1 0 0
0 1 1 1 1 0 0 1 0 0
0 1 0 0 1 1 1 1 1 0
0 0 0 0 0 0 0 0 0 0
Maze 39
77 120 2.8000000000 2.2066039788 30 0.394607370699371
12 85 77 23 65 73 51 16 66 43 73 74 54 58 40 12
82 75 73 63 63 71 11 400 63 400 400 400 400 38 32
401 402 401 401 402 401 402 400 401 400 400 400 400 402 401
0 0 0 0 0 0 0 0 0 0
1 2 1 1 1 1 0 0 0 0
1 1 1 0 0 1 0 0 0 0
1 1 1 1 1 1 1 1 1 1
1 1 1 0 0 1 0 1 0 0
1 1 1 1 1 1 1 1 0 0
1 1 1 1 1 1 0 0 0 0
1 1 1 1 1 1 1 0 0 0
0 1 1 1 1 0 0 0 0 0
0 0 0 0 0 0 0 0 0 0
Maze 40
95 6 3.2916666667 1.9986791005 71 0.361747496640068
92 97 92 57 18 4 51 22 72 82 75 12 38 91 22 92
400 400 52 17 14 1 21 400 400 72 72 32 31 21 400
400 400 402 402 401 402 402 400 400 402 401 401 402 402 400
1 1 1 1 0 0 0 0 0 0
1 1 0 1 1 1 1 1 0 0
1 1 0 0 0 0 1 0 0 0
1 1 1 1 1 1 1 1 0 0
1 1 0 0 0 0 1 0 0 0
1 1 1 1 1 1 1 0 0 0
1 1 0 0 0 0 0 0 0 0
1 1 1 1 1 0 0 0 0 0
1 1 0 0 0 0 0 0 0 0
1 2 1 1 1 1 1 0 0 0
Maze 41
117 95 3.7454545455 2.0820712330 156 0.391623542716510
69 6 46 89 15 84 16 58 81 22 84 40 15 69 27 69
66 400 86 85 14 14 56 51 21 82 34 35 65 67 67
401 400 401 401 402 402 401 402 402 401 402 401 401 401 401
0 0 0 0 0 1 0 0 0 0
0 0 0 1 1 1 0 0 0 0
1 1 0 1 1 1 1 0 0 0
1 1 0 1 1 1 1 1 1 1
1 1 0 1 1 1 1 0 0 0
1 1 1 1 1 1 1 1 0 0
1 1 0 1 1 1 1 1 2 0
1 1 0 1 1 1 0 0 0 0
1 1 1 1 1 1 1 1 1 0
0 0 0 0 0 0 0 0 0 0
Maze 42
91 216 3.1153846154 2.1446459614 44 0.374864053653726
55 92 34 25 63 56 9 52 63 63 66 94 29 97 42 55
52 32 24 23 53 6 2 62 400 400 64 24 27 92 52
402 402 402 402 402 402 402 401 400 400 402 402 402 401 401
0 1 1 1 1 1 1 1 1 0
0 1 0 0 0 1 0 0 0 0
0 1 1 1 1 1 1 1 1 0
0 1 1 1 0 1 1 0 0 0
0 1 1 1 0 1 1 0 0 0
0 1 1 1 2 1 1 0 0 0
0 1 1 1 1 1 1 0 0 0
0 1 0 1 0 0 1 0 0 0
0 1 0 1 0 0 1 0 0 0
0 1 1 1 1 1 1 0 0 0
Maze 43
99 65 3.2156862745 2.1343535317 54 0.384734246386553
58 28 45 18 71 9 38 31 54 44 67 4 36 91 61 58
400 25 15 11 1 8 400 51 400 64 64 34 31 400 51
400 402 402 402 402 402 400 401 400 401 401 401 402 400 402
1 1 1 1 1 1 1 1 1 0
1 1 1 1 1 1 1 1 0 0
1 0 0 1 1 1 1 1 0 0
1 1 1 1 1 1 1 1 0 0
1 0 0 1 1 0 0 1 0 0
1 1 1 1 1 1 1 2 0 0
1 0 0 1 1 1 1 0 0 0
1 0 0 0 0 0 0 0 0 0
1 0 0 0 0 0 0 0 0 0
1 0 0 0 0 0 0 0 0 0
Maze 44
93 12 3.4634146341 1.7895467512 45 0.380387151280379
16 94 8 87 29 87 9 5 4 47 87 95 26 39 27 16
14 4 7 27 27 7 400 400 44 400 85 25 36 37 26
402 402 402 402 402 402 400 400 401 400 402 402 401 401 401
0 0 0 1 1 1 1 1 1 0
0 0 0 1 1 2 1 0 0 0
0 0 0 1 1 1 1 1 1 0
0 0 0 1 1 1 1 1 1 0
0 0 0 1 1 1 1 0 0 0
0 0 0 1 1 0 1 0 0 0
0 0 0 1 1 0 1 0 0 0
0 0 0 1 1 0 1 0 0 0
0 0 0 1 1 1 1 0 0 0
0 0 0 1 1 0 0 0 0 0
Maze 45
91 48 3.0909090909 2.2258788001 50 0.366948540155736
49 96 38 10 88 37 24 61 81 86 75 14 71 21 4 49
46 36 8 8 87 34 21 400 400 85 74 11 400 1 44
402 402 402 402 401 401 402 400 400 401 401 402 400 402 401
1 1 1 1 0 0 0 1 1 1
1 1 1 1 0 0 0 1 0 0
1 1 1 1 0 0 0 1 0 0
1 0 0 1 1 1 1 1 0 0
1 0 0 1 1 1 1 1 2 0
1 0 0 1 0 1 1 1 0 0
1 0 0 1 0 1 1 1 0 0
1 0 0 1 1 1 1 1 0 0
1 1 1 1 1 1 1 1 0 0
0 0 0 0 0 1 0 0 0 0
Maze 46
87 3 3.6000000000 1.7670190695 33 0.396358482078674
53 61 41 86 21 84 77 26 100 54 84 91 86 44 55 53
51 400 81 81 81 74 76 96 94 400 81 81 84 54 400
402 400 401 401 401 402 401 401 401 400 402 402 401 401 400
0 0 0 0 0 0 0 0 0 0
0 0 0 0 0 0 0 0 0 0
1 0 0 0 0 1 0 0 0 0
1 0 0 0 0 1 0 0 0 0
1 0 0 1 0 1 0 0 0 0
1 1 2 1 1 1 0 0 0 0
1 0 0 1 0 1 0 0 0 0
1 0 0 1 1 1 1 0 0 0
1 1 1 1 1 1 0 0 0 0
1 0 0 1 1 1 1 1 1 1
Maze 47
103 18 3.5600000000 2.0834597977 84 0.395199803570590
42 85 66 66 72 54 96 62 47 11 50 97 17 94 16 42
82 65 400 62 52 94 92 42 41 41 47 400 14 14 12
401 402 400 402 402 401 401 402 401 401 402 400 402 402 402
0 0 0 0 0 0 0 0 0 0
1 1 1 1 1 1 1 0 0 0
1 1 0 1 0 0 1 0 0 0
1 1 0 1 0 0 1 0 0 0
1 2 1 1 1 1 1 1 1 1
0 1 1 1 0 0 1 0 0 0
0 1 1 1 1 1 1 0 0 0
0 1 0 1 1 0 1 0 0 0
0 1 1 1 1 0 1 0 0 0
0 1 1 1 1 1 1 0 0 0
Maze 48
95 12 3.7254901961 2.2232849288 38 0.382251448327617
71 20 65 29 29 28 62 88 90 72 37 2 11 75 74 71
11 15 25 400 400 22 82 400 82 32 32 1 71 400 400
402 402 402 400 400 402 401 400 401 402 401 402 401 400 400
1 1 0 0 0 0 0 0 0 0
1 1 1 1 1 1 1 1 1 1
1 1 1 1 1 1 1 1 1 0
1 1 1 1 1 1 1 0 0 0
1 1 0 0 1 0 0 0 0 0
1 1 0 0 1 0 0 0 0 0
1 1 0 0 1 0 0 0 0 0
2 1 1 1 1 0 0 0 0 0
0 1 1 1 1 1 1 1 1 1
0 0 0 0 0 0 0 0 0 0
Maze 49
115 43 3.6078431373 1.9874666352 119 0.394867571306477
63 57 63 69 3 71 68 1 49 30 10 59 82 43 30 63
53 53 400 63 1 61 61 41 29 400 9 52 42 23 23
402 402 400 401 402 402 401 401 402 400 402 402 402 402 402
1 1 1 0 0 0 0 0 1 1
1 0 1 0 0 0 0 0 1 1
1 0 1 1 1 1 1 1 1 1
1 0 1 0 0 0 0 0 1 0
1 1 1 1 1 1 1 1 1 0
1 1 1 1 1 1 1 1 1 0
1 1 2 1 1 1 1 1 1 0
1 1 0 0 0 0 0 0 0 0
0 1 0 0 0 0 0 0 0 0
0 0 0 0 0 0 0 0 0 0
Maze 50
89 344 3.1851851852 2.3125000000 50 0.373635645116705
54 45 51 64 36 96 18 65 21 71 88 40 33 72 77 54
44 41 61 34 400 16 15 61 400 81 38 400 32 400 74
402 402 401 402 400 402 402 401 400 401 402 400 402 400 401
0 0 0 0 0 0 0 0 0 0
0 0 0 0 1 1 1 1 0 0
1 0 0 0 1 1 0 0 0 0
1 1 1 1 1 1 1 1 1 1
1 1 1 1 1 1 0 1 0 0
1 1 0 2 1 1 0 1 0 0
1 1 1 1 1 1 0 1 0 0
1 1 1 1 1 1 1 1 0 0
1 1 1 1 1 1 1 1 0 0
0 0 0 0 0 1 0 0 0 0
Maze 51
77 32 3.3777777778 2.2871145339 35 0.399766351421691
58 52 44 29 37 16 19 97 70 95 5 25 59 28 40 58
400 42 24 27 36 400 17 67 65 400 400 55 58 38 38
400 402 402 402 401 400 402 402 402 400 400 401 401 401 402
0 0 0 0 1 0 0 0 0 0
0 0 0 0 1 1 1 1 1 0
0 0 0 1 1 1 1 1 1 0
0 0 0 1 1 1 1 1 1 1
0 1 1 1 1 0 1 1 0 0
0 1 1 1 1 1 1 2 1 0
0 0 0 0 1 1 1 1 1 1
0 0 0 0 1 0 1 0 0 0
0 0 0 0 1 0 1 0 0 0
0 0 0 0 1 0 1 0 0 0
Maze 52
101 73 3.1785714286 2.2225016104 54 0.390507709877303
38 85 65 39 21 31 11 45 41 9 100 33 54 24 81 38
35 400 35 31 400 400 41 400 1 99 93 53 400 21 31
402 400 402 401 400 400 401 400 402 401 401 401 400 402 402
1 1 1 1 1 1 1 1 1 0
1 0 0 0 0 0 0 0 1 0
1 1 1 1 0 0 0 0 1 0
1 1 1 1 1 1 1 2 1 0
1 1 1 1 1 0 0 0 1 0
1 0 1 1 1 0 0 0 1 0
1 0 1 0 1 0 0 0 1 0
1 0 1 0 1 0 0 0 1 0
1 0 1 0 1 0 0 0 1 0
0 0 1 1 1 1 1 1 1 1
Maze 53
105 78 3.2280701754 2.0713505547 120 0.395430506911117
31 13 68 32 85 15 60 5 46 47 64 16 80 48 70 31
11 63 62 82 400 55 55 45 400 44 14 76 78 68 61
402 401 401 401 400 401 401 401 400 402 402 401 401 401 401
0 0 0 0 1 0 0 0 0 0
1 1 1 1 1 1 0 0 0 0
1 0 1 1 1 1 0 0 0 0
2 1 1 1 1 1 0 0 0 0
1 1 1 1 1 1 1 1 0 0
1 1 1 1 1 1 1 1 1 1
1 1 1 1 1 1 1 1 1 1
0 1 0 0 1 1 1 1 1 1
0 1 1 1 1 0 0 0 0 0
0 0 0 0 0 0 0 0 0 0
Maze 54
107 1739 3.4035087719 2.1107027785 104 0.392137466169873
2 94 40 85 46 69 83 99 86 43 62 57 9 27 82 2
92 34 35 45 66 63 93 96 83 42 52 7 7 22 400
401 402 402 402 401 402 401 401 401 402 402 402 402 402 400
0 2 0 0 0 0 1 1 1 0
0 1 0 0 0 0 1 0 0 0
0 1 1 1 1 1 1 0 0 0
0 1 0 1 1 1 1 1 1 1
0 1 1 1 1 1 1 0 0 0
0 1 1 1 1 1 1 0 0 0
0 1 1 1 1 1 1 1 1 0
0 1 1 1 1 0 0 0 0 0
0 1 1 1 1 1 0 0 0 0
0 1 1 1 1 1 1 1 1 0
Maze 55
109 121 3.3571428571 2.0879421235 105 0.383733108661076
7 55 93 33 85 23 8 21 72 20 77 1 41 54 58 7
5 53 400 83 83 3 1 71 12 17 71 400 51 400 57
402 402 400 401 401 402 402 401 402 402 401 400 401 400 401
1 1 1 1 1 1 2 1 0 0
1 1 1 1 1 1 1 1 1 1
1 1 1 0 1 0 1 0 0 0
1 1 1 0 1 0 1 0 0 0
1 1 1 0 1 0 1 0 0 0
1 1 1 1 1 1 1 1 0 0
1 1 1 0 0 0 1 0 0 0
1 1 1 1 1 1 1 0 0 0
0 0 1 1 1 0 0 0 0 0
0 0 1 0 0 0 0 0 0 0
Maze 56
95 189 3.2962962963 2.2621608086 64 0.375839663852872
71 36 54 9 3 47 71 56 40 82 83 53 55 74 98 71
31 34 4 400 43 41 51 36 32 400 400 400 54 94 91
402 402 402 400 401 402 402 402 402 400 400 400 402 401 401
0 0 1 1 1 1 1 1 1 0
0 0 1 1 0 0 0 0 0 0
0 0 1 1 0 0 0 0 0 0
1 1 1 1 1 1 1 1 1 1
1 1 1 1 1 1 1 0 0 0
1 1 1 1 1 1 0 0 0 0
1 1 1 1 0 0 0 0 0 0
2 1 1 1 0 0 0 0 0 0
1 1 1 1 0 0 0 0 0 0
1 1 1 1 1 1 1 1 0 0
Maze 57
105 43 3.0606060606 2.2914768149 112 0.369433460686167
13 97 50 64 47 46 79 79 86 85 18 98 8 81 18 13
93 47 44 44 400 76 400 76 400 15 400 400 1 11 400
401 402 402 402 400 401 400 402 400 402 400 400 402 402 400
1 1 1 1 1 1 1 1 0 0
1 1 2 1 1 1 1 1 0 0
1 0 1 0 1 0 0 1 0 0
1 0 1 0 1 0 0 1 0 0
1 0 1 1 1 1 1 1 1 1
1 0 1 1 1 1 1 1 0 0
1 0 1 1 1 1 1 1 0 0
1 0 1 0 1 1 1 1 1 0
1 0 1 0 1 1 1 1 0 0
0 0 1 1 1 1 1 1 0 0
Maze 58
91 7 3.8604651163 1.9806273400 50 0.372119362602608
63 82 78 57 7 78 1 46 44 92 42 43 12 60 33 63
62 72 77 400 77 71 41 400 42 400 400 42 52 53 400
402 402 401 400 401 401 401 400 402 400 400 401 401 401 400
1 0 0 0 0 0 1 0 0 0
1 1 0 0 0 0 1 0 0 0
1 1 0 0 0 0 1 0 0 0
1 1 1 0 0 0 1 0 0 0
1 1 1 1 1 1 1 0 0 0
1 1 1 1 1 1 1 1 1 1
1 1 2 0 0 0 1 0 0 0
1 1 1 1 1 1 1 1 0 0
0 1 0 0 0 0 0 0 0 0
0 1 0 0 0 0 0 0 0 0
Maze 59
103 71 3.0689655172 2.0991641627 65 0.379546278561382
5 72 41 32 96 87 76 7 63 20 75 33 58 96 88 5
2 71 31 92 86 86 6 3 13 15 73 53 56 86 85
402 401 402 401 402 401 402 402 402 402 401 401 402 402 401
0 1 1 1 2 1 1 0 0 0
0 1 1 1 1 1 1 1 1 1
0 1 1 0 1 1 0 0 0 0
1 1 1 0 1 1 0 0 0 0
1 1 1 0 1 1 0 0 0 0
1 1 1 1 1 1 1 1 0 0
1 1 1 0 1 1 0 0 0 0
1 1 1 1 1 1 0 0 0 0
0 1 0 0 1 1 1 1 0 0
0 1 1 1 1 1 0 0 0 0
Maze 60
113 367 3.1343283582 2.1640436624 90 0.387489231628739
25 30 66 89 58 91 92 40 4 75 90 61 96 23 20 25
400 26 86 88 51 400 32 34 74 85 81 91 93 13 15
400 402 401 401 402 400 402 401 401 401 401 401 401 402 402
0 0 0 1 0 0 0 0 0 0
0 0 1 1 1 1 1 1 1 1
0 0 1 1 2 1 1 1 1 1
0 1 1 1 1 1 1 1 1 1
0 1 1 1 0 1 0 0 0 0
1 1 1 1 1 1 1 1 0 0
1 1 1 1 0 1 0 1 0 0
1 1 1 1 1 1 0 1 0 0
1 1 1 1 1 1 1 1 1 1
1 1 1 1 1 1 0 0 0 0
Maze 61
87 1004 2.8148148148 2.1976578704 50 0.396595577453712
78 6 65 51 88 68 62 13 47 25 48 85 63 24 39 78
76 5 61 81 400 400 12 43 45 45 45 83 23 34 38
401 402 401 401 400 400 402 401 401 401 402 401 402 401 402
0 0 0 0 1 1 0 0 0 0
0 1 1 0 1 1 0 0 0 0
0 1 1 1 1 1 0 0 0 0
0 1 1 1 1 1 1 1 1 0
0 1 1 1 1 1 1 1 0 0
1 1 1 0 1 1 0 1 0 0
1 1 1 1 1 1 1 1 0 0
1 0 1 0 1 1 1 2 0 0
1 1 1 1 1 1 1 1 0 0
0 0 0 0 0 0 0 0 0 0
Maze 62
79 145 2.8846153846 2.2276235431 30 0.374509838734314
99 77 70 15 23 71 85 90 48 67 60 56 62 86 36 99
97 67 65 13 21 81 400 88 47 57 400 52 82 400 96
401 402 401 402 402 401 400 401 402 402 400 402 401 400 401
0 0 0 0 0 0 0 0 0 0
0 0 1 1 1 0 0 0 0 0
1 1 1 0 1 0 0 0 0 0
1 0 0 0 1 1 0 0 0 0
1 0 0 0 1 1 1 1 0 0
1 1 1 1 1 1 1 1 1 1
1 1 0 0 1 1 1 1 1 1
1 1 0 0 0 1 1 1 0 0
1 1 1 1 1 1 1 1 1 1
0 0 0 0 0 1 1 1 2 0
Maze 63
89 10 2.6451612903 2.3598964008 50 0.361046713358722
86 42 41 98 37 21 29 35 1 20 16 73 53 78 77 86
82 400 91 97 31 400 25 31 11 400 13 400 73 400 76
401 400 401 401 401 400 402 401 401 400 402 400 401 400 402
1 0 0 0 0 0 0 0 0 0
1 1 1 1 1 1 1 1 1 1
1 1 1 1 1 1 1 1 1 0
1 1 1 1 1 1 1 0 0 0
1 1 1 0 0 0 1 0 0 0
1 1 1 0 0 0 1 0 0 0
1 1 1 0 0 0 1 0 0 0
1 1 1 1 1 1 1 1 0 0
1 1 1 1 1 2 1 0 0 0
1 1 1 1 1 1 1 1 0 0
Maze 64
115 1437 3.3770491803 2.1107358740 126 0.379852564321957
80 59 96 82 29 97 99 30 63 23 90 63 39 12 54 80
79 56 92 22 27 400 29 23 400 83 83 33 32 52 74
401 402 401 402 402 400 402 402 400 401 401 402 401 401 401
0 0 0 0 0 0 0 0 0 0
0 1 0 0 0 0 0 0 0 0
0 1 1 1 1 1 1 1 1 1
0 1 1 1 1 1 1 1 1 0
0 1 1 0 0 0 1 0 1 0
0 1 1 1 0 1 1 1 1 0
0 1 1 1 0 1 1 0 1 0
0 1 1 1 1 1 1 1 1 2
0 1 1 1 1 1 1 1 1 1
0 1 1 1 1 1 1 1 1 0
Maze 65
125 113 3.5384615385 1.9271401072 191 0.398492582999311
71 56 35 73 28 3 69 91 68 81 39 65 71 6 85 71
51 55 33 23 23 63 61 61 61 31 35 61 1 5 81
402 401 402 402 401 401 402 402 402 402 402 402 402 402 401
1 1 1 1 1 1 0 0 0 0
1 0 1 0 1 0 0 0 0 0
1 0 1 1 1 1 1 1 0 0
1 1 1 1 1 1 1 1 1 0
1 0 1 0 1 0 0 0 0 0
1 1 1 1 1 1 0 0 0 0
1 1 1 1 1 1 1 1 1 0
2 0 1 0 1 0 0 0 0 0
1 1 1 1 1 0 0 0 0 0
1 0 0 0 0 0 0 0 0 0
Maze 66
117 462 3.2903225806 2.1959322161 148 0.384472034079718
59 24 5 70 44 18 71 99 81 48 13 17 3 32 96 59
54 4 65 64 14 11 91 91 41 43 400 13 2 92 56
401 402 401 401 402 402 401 401 402 401 400 401 402 401 402
0 1 1 1 1 0 0 0 0 0
1 1 1 1 1 1 1 1 0 0
1 1 1 1 1 0 0 0 0 0
1 1 1 1 1 0 0 0 0 0
1 1 1 1 1 1 1 1 0 0
1 1 0 1 1 1 1 1 2 0
1 1 0 1 1 1 1 1 1 1
1 1 0 0 0 1 0 0 0 0
1 1 0 0 0 1 0 0 0 0
1 1 1 1 1 1 1 1 1 0
Maze 67
117 3034 3.1014492754 2.2507487506 139 0.384661877560287
33 87 29 65 87 46 42 40 97 28 79 12 81 27 10 33
83 27 25 85 86 400 32 37 27 78 72 11 21 7 3
401 402 402 401 401 400 402 402 402 401 401 402 402 402 402
0 0 1 1 1 1 1 1 1 1
1 1 1 0 0 0 1 0 0 0
1 1 1 1 1 1 1 1 1 0
1 1 2 1 1 1 1 1 1 1
1 1 1 1 1 1 1 1 0 0
1 1 1 0 1 1 1 1 0 0
1 1 1 0 1 1 1 1 0 0
1 1 1 1 1 1 1 1 1 0
1 0 1 1 1 1 1 0 0 0
0 0 0 0 0 0 1 0 0 0
Maze 68
111 2960 3.1428571429 2.1380182894 92 0.388983156379386
54 8 68 32 25 51 50 94 42 1 78 93 46 89 69 54
4 400 62 22 21 41 44 92 41 71 73 43 86 400 64
402 400 401 402 402 402 402 401 401 401 402 402 401 400 401
1 0 0 1 1 1 1 1 0 0
1 0 0 1 0 0 0 1 0 0
1 1 1 1 1 0 0 1 0 0
1 1 0 1 0 0 0 1 0 0
1 1 1 1 1 1 1 1 1 1
1 1 1 2 0 1 0 1 0 0
1 1 1 1 1 1 1 1 1 0
1 1 1 1 1 1 1 1 1 0
0 1 1 1 0 1 1 1 1 0
0 1 1 1 0 0 0 0 0 0
Maze 69
101 98 3.5000000000 2.0194087953 49 0.355760461214572
61 88 70 8 84 10 68 37 31 83 76 97 77 91 86 61
81 68 68 4 4 8 67 400 81 73 96 400 71 81 81
401 402 401 402 402 402 401 400 401 402 401 400 402 402 401
0 0 0 1 1 1 1 1 1 1
0 0 0 1 0 0 0 1 0 0
0 0 0 1 0 0 0 1 0 0
1 1 1 1 1 1 1 1 0 0
1 0 0 1 0 0 1 1 0 0
1 0 0 1 0 0 1 1 0 0
2 0 0 1 0 0 1 1 1 1
1 1 1 1 1 1 1 1 0 0
1 1 1 1 1 1 1 1 0 0
1 0 0 0 0 1 1 0 0 0
Maze 70
93 12 2.7857142857 2.0578165456 44 0.379241480674294
82 85 33 58 22 20 78 37 45 45 63 18 98 31 92 82
400 83 53 52 12 18 77 35 400 43 13 400 91 91 400
400 401 401 401 402 402 401 402 400 402 402 400 401 401 400
0 0 0 0 0 0 0 0 0 0
0 1 1 1 1 1 1 1 1 1
0 1 1 0 0 0 0 1 0 0
1 1 1 0 1 1 1 1 0 0
1 1 1 1 1 0 1 1 0 0
1 1 1 1 1 1 1 1 0 0
1 0 1 0 0 0 1 1 0 0
1 0 1 0 0 0 1 1 0 0
1 2 1 1 1 0 0 1 0 0
1 1 1 1 1 1 1 1 0 0
Maze 71
101 1152 3.0491803279 2.2187711799 63 0.391691184111077
44 67 18 2 76 61 11 49 29 56 23 30 46 6 98 44
64 17 12 72 71 400 41 400 26 53 400 26 400 96 94
401 402 401 401 401 400 401 400 402 401 400 402 400 401 401
0 1 0 0 0 1 0 0 0 0
1 1 1 1 1 1 1 1 0 0
1 1 1 1 1 1 1 1 1 1
1 1 1 0 0 1 1 0 1 0
1 1 1 2 1 1 1 1 1 0
1 1 1 1 1 1 1 0 0 0
1 1 0 1 1 1 1 0 0 0
1 1 1 1 1 1 0 0 0 0
0 0 0 1 0 1 0 0 0 0
0 0 0 1 1 1 1 1 0 0
Maze 72
91 43 3.0833333333 2.0183324481 44 0.375950543321728
2 41 98 91 94 75 45 73 68 22 17 71 55 18 13 2
1 91 400 400 74 400 43 63 62 12 11 51 15 400 12
402 401 400 400 402 400 402 402 401 402 402 402 402 400 401
1 2 0 0 0 0 0 0 0 0
1 1 1 1 1 1 1 1 0 0
1 1 0 0 1 0 0 0 0 0
1 1 0 0 1 0 0 0 0 0
1 1 1 1 1 0 0 0 0 0
1 1 1 1 1 0 0 0 0 0
1 1 1 1 1 1 1 1 0 0
1 0 1 1 1 0 0 0 0 0
1 0 0 1 0 0 0 0 0 0
1 1 1 1 1 1 1 1 0 0
Maze 73
115 130919 3.3538461538 2.3306291963 156 0.390188473507378
37 29 72 47 20 21 4 95 8 85 63 3 8 77 31 37
27 22 42 17 11 1 94 5 5 83 400 400 7 71 400
402 402 402 402 402 402 401 402 402 401 400 400 402 401 400
1 1 1 1 1 1 1 1 0 0
1 1 1 1 1 1 1 1 1 1
1 1 1 1 1 1 1 1 1 0
1 1 1 1 1 1 2 0 0 0
1 1 1 1 1 1 1 0 0 0
1 1 1 1 1 0 1 0 0 0
1 1 1 1 1 0 1 0 0 0
1 1 1 1 1 1 1 0 0 0
0 0 1 1 1 0 0 0 0 0
0 0 0 1 1 0 0 0 0 0
Maze 74
113 566 3.1612903226 2.1137170656 62 0.396148943106598
53 71 18 43 66 54 39 92 12 6 98 62 69 87 12 53
51 11 13 63 64 34 32 400 2 96 92 400 67 82 52
402 402 402 401 401 402 402 400 402 401 401 400 402 401 401
0 1 1 1 1 1 0 0 0 0
1 1 1 1 1 1 1 1 0 0
1 1 1 0 0 1 0 0 0 0
1 1 1 1 1 1 1 1 1 0
1 1 1 1 0 1 0 0 0 0
1 1 2 1 0 1 0 0 0 0
1 1 1 1 1 1 1 1 1 0
1 1 0 0 0 1 1 0 0 0
0 1 1 1 1 1 1 0 0 0
0 1 1 1 1 1 1 1 0 0
Maze 75
109 63 3.5555555556 2.0344051460 97 0.385132346553423
2 57 82 14 17 73 40 17 41 61 16 68 97 79 81 2
52 52 12 400 13 33 37 11 400 11 66 67 77 71 1
401 402 402 400 402 402 401 402 400 402 401 402 402 402 402
1 2 0 0 0 0 0 0 0 0
1 1 1 1 1 1 1 0 0 0
1 1 1 0 0 1 1 0 0 0
1 1 1 1 1 1 1 1 1 1
1 1 1 0 0 1 0 0 0 0
1 1 1 1 1 1 1 0 0 0
1 1 1 0 0 1 1 1 0 0
1 1 1 1 1 1 1 1 1 0
1 1 0 0 0 0 1 0 0 0
0 0 0 0 0 0 1 0 0 0
Maze 76
93 186 3.1228070175 2.2166146212 44 0.387247053095085
87 8 28 2 41 12 19 70 89 56 82 47 2 58 70 87
7 400 22 1 11 400 69 69 86 52 42 42 52 68 67
402 400 401 402 402 400 401 402 401 402 402 401 401 401 402
1 1 0 0 0 0 1 1 0 0
1 1 1 1 1 1 1 1 1 0
1 1 1 1 1 1 1 1 1 0
1 1 0 0 0 0 1 0 1 0
1 1 1 1 1 1 1 0 1 0
0 1 1 1 1 1 1 1 1 0
0 1 0 0 0 1 1 1 1 1
0 1 0 0 0 1 1 0 1 0
0 1 0 0 0 1 2 1 1 0
0 0 0 0 0 0 0 0 0 0
Maze 77
91 155 3.3333333333 2.1110656681 36 0.370986423608457
48 67 45 35 87 26 34 42 20 82 54 46 89 33 51 48
47 65 400 85 86 24 32 12 12 52 44 86 83 31 41
402 401 400 401 401 402 402 402 402 402 402 401 401 402 402
0 0 0 0 0 0 0 0 0 0
0 1 1 1 1 1 1 1 1 1
0 1 0 1 1 1 0 0 0 0
1 1 1 1 1 1 0 0 0 0
1 1 1 1 1 1 1 2 0 0
1 1 1 1 1 1 1 0 0 0
0 1 1 0 1 1 1 0 0 0
0 1 1 0 1 1 0 0 0 0
0 1 1 1 1 1 1 1 1 0
0 0 0 0 0 0 0 0 0 0
Maze 78
83 39 3.0638297872 2.0881721881 30 0.377417244129836
13 81 3 50 29 44 49 46 56 46 81 69 75 75 5 13
11 1 43 49 24 400 400 400 400 41 61 65 400 400 3
402 402 401 401 402 400 400 400 400 402 402 402 400 400 402
1 1 1 1 1 0 0 0 0 0
1 1 2 0 1 0 0 0 0 0
1 0 1 1 1 1 1 1 1 0
1 0 1 1 1 0 0 0 1 0
1 1 1 1 1 1 1 1 1 1
1 0 0 0 1 1 0 0 0 0
1 1 1 1 1 1 1 1 1 0
1 0 0 0 1 0 0 0 0 0
1 0 0 0 0 0 0 0 0 0
0 0 0 0 0 0 0 0 0 0
Maze 79
87 1262 3.7333333333 2.1348301883 45 0.373503617921674
32 31 70 35 57 1 44 75 3 93 86 56 47 64 12 32
400 61 65 55 51 41 74 73 400 83 400 46 44 62 400
400 401 401 401 401 401 401 401 400 402 400 402 402 401 400
1 0 1 0 0 0 0 0 0 0
1 1 1 0 0 0 0 0 0 0
1 1 1 0 0 0 0 0 0 0
1 2 1 0 1 0 0 0 0 0
1 1 1 1 1 1 1 0 0 0
1 1 1 1 1 1 1 0 0 0
1 1 1 1 1 1 1 1 1 1
0 0 1 1 1 1 0 0 0 0
0 0 1 1 1 1 0 0 0 0
0 0 1 0 0 0 0 0 0 0
Maze 80
95 491 2.8437500000 2.4151897923 65 0.366410955661484
14 88 41 32 54 66 59 18 33 1 8 40 50 11 92 14
84 81 31 52 64 56 58 13 31 400 38 400 41 91 12
401 401 402 401 401 402 401 402 401 400 401 400 401 401 402
1 1 1 1 1 1 1 1 0 0
1 1 1 2 1 1 1 1 0 0
1 1 1 1 0 0 0 1 0 0
1 1 1 1 0 0 0 1 1 1
1 1 1 1 1 1 1 1 1 1
1 1 1 1 0 1 1 1 1 0
1 1 0 1 1 1 0 0 0 0
1 1 0 1 0 0 0 0 0 0
1 1 1 1 1 1 1 1 0 0
1 1 0 0 0 0 0 0 0 0
Maze 81
93 188 3.1111111111 2.1871286625 36 0.374287350890707
85 58 40 45 1 59 36 88 68 33 62 38 14 25 31 85
55 38 35 41 51 56 86 400 63 32 32 34 24 21 81
402 402 402 401 401 401 401 400 401 402 402 401 401 402 401
1 0 0 0 0 0 0 0 0 0
1 0 0 1 0 0 0 0 0 0
1 1 1 1 1 0 0 0 0 0
1 1 1 1 1 1 1 1 1 1
1 1 1 1 1 1 0 1 0 0
1 1 1 1 1 1 1 1 1 0
1 1 1 1 1 1 1 1 0 0
1 0 0 0 1 1 0 1 0 0
1 1 1 1 2 1 1 1 0 0
0 0 0 0 0 0 0 0 0 0
Maze 82
95 28 3.2363636364 2.1771102584 56 0.371070287077629
28 88 60 86 54 4 49 2 91 15 36 86 88 67 99 28
400 58 56 84 400 44 42 1 11 35 400 400 87 97 98
400 402 402 401 400 401 401 402 402 401 400 400 401 401 401
1 1 0 1 0 0 0 0 0 0
1 1 1 1 1 0 0 0 0 0
1 1 0 1 1 0 0 2 0 0
1 1 0 1 1 1 0 1 0 0
1 1 1 1 1 1 1 1 1 0
1 0 0 1 0 1 1 1 1 1
1 0 0 1 0 1 1 1 0 0
1 0 0 1 0 1 1 1 0 0
1 0 0 1 1 1 1 1 0 0
1 0 0 0 0 0 1 1 1 0
Maze 83
87 85 3.7435897436 2.0234616956 33 0.393189045547214
51 91 66 1 53 52 57 75 32 61 84 88 23 56 68 51
400 61 61 51 400 400 55 72 31 81 400 83 53 66 61
400 402 401 401 400 400 402 401 402 401 400 401 401 401 401
1 0 0 0 0 0 0 0 0 0
1 0 0 0 0 0 0 0 0 0
1 0 1 0 0 0 0 0 0 0
1 1 1 0 0 0 0 0 0 0
1 1 1 0 0 0 0 0 0 0
2 1 1 1 1 1 1 0 0 0
1 1 1 1 1 1 1 1 0 0
1 1 1 1 1 0 0 0 0 0
1 1 1 1 1 1 1 1 0 0
1 0 0 0 0 0 0 0 0 0
Maze 84
137 1526 3.2647058824 2.0529158451 210 0.387904797672918
80 6 7 90 6 71 84 14 80 22 30 21 70 42 25 80
76 400 87 86 1 81 400 74 72 400 400 61 62 22 75
401 400 401 401 402 401 400 401 401 400 400 401 401 402 401
1 1 1 1 1 1 1 0 0 0
1 0 0 1 0 1 1 0 0 0
1 1 1 1 1 1 1 1 1 1
1 1 0 1 1 1 1 0 0 0
1 1 0 1 1 1 1 0 0 0
1 1 0 1 1 1 1 0 0 0
1 1 1 1 1 1 1 1 1 1
1 1 1 1 1 1 1 1 1 2
1 1 1 1 0 1 1 1 1 1
0 0 0 0 0 0 0 0 0 0
Maze 85
113 259 2.9696969697 2.1310048011 84 0.403570564276291
61 38 21 7 95 24 11 6 47 38 73 18 40 90 9 61
31 31 1 5 94 21 1 46 37 33 13 38 400 89 1
402 401 402 402 401 401 402 401 402 402 402 401 400 401 402
1 1 1 1 1 1 1 1 1 0
1 0 1 1 1 1 1 1 1 0
1 1 1 1 1 1 0 1 1 0
1 1 1 1 1 1 1 1 1 1
1 0 1 1 1 1 1 0 1 1
1 0 1 1 1 0 0 0 1 1
2 0 1 1 1 0 0 0 1 1
0 0 1 1 1 0 0 0 1 1
0 0 0 1 1 0 0 0 1 1
0 0 0 1 1 0 0 0 0 0
Maze 86
95 58 2.9019607843 1.9573778649 31 0.372505883525346
36 16 66 6 62 99 17 15 72 94 86 68 92 69 90 36
400 400 400 2 92 97 400 12 92 84 66 62 62 89 86
400 400 400 402 401 401 400 402 401 402 402 402 402 401 401
0 1 1 1 1 1 0 0 0 0
0 1 1 1 1 1 1 0 0 0
0 1 0 0 0 1 1 0 0 0
0 1 0 0 0 2 1 0 0 0
0 1 0 0 0 1 1 0 0 0
0 1 0 0 0 1 1 0 0 0
0 1 1 1 1 1 1 1 1 0
0 1 0 0 0 1 1 0 1 0
0 1 0 1 1 1 1 1 1 1
0 1 1 1 1 1 1 1 1 0
Maze 87
103 74 3.3703703704 2.0979063311 55 0.363382250823074
78 74 98 20 58 10 75 93 9 43 39 64 48 90 78 78
400 94 18 18 8 5 73 3 3 33 34 44 88 88 400
400 401 402 402 402 402 402 402 402 402 402 402 401 401 400
0 0 1 1 1 1 1 1 1 1
0 0 1 0 1 0 0 1 1 1
0 0 1 0 1 0 0 1 0 0
0 0 1 1 1 1 1 1 1 0
0 0 1 1 1 1 1 1 0 0
0 0 1 1 1 0 0 1 0 0
0 0 1 1 1 0 0 1 0 0
0 0 1 1 1 1 1 2 0 0
0 0 1 1 0 0 0 1 1 1
0 0 1 1 1 1 1 1 0 0
Maze 88
99 6 3.0344827586 2.1872580440 71 0.422402768580866
10 21 61 15 62 31 15 100 46 39 38 36 88 18 23 10
1 400 11 12 61 11 95 96 36 400 400 86 400 13 3
402 400 402 402 401 402 401 401 402 400 400 401 400 402 402
1 1 1 1 1 1 1 1 1 2
1 1 1 1 1 1 1 1 0 0
1 1 1 0 1 0 0 1 0 0
1 1 0 0 1 1 1 1 1 0
1 1 0 0 1 1 0 1 0 0
1 1 0 0 1 1 0 1 0 0
1 1 0 0 1 1 0 1 0 0
0 0 0 0 1 1 0 1 0 0
0 0 0 0 1 1 1 1 0 0
0 0 0 0 1 1 1 1 1 1
Maze 89
101 67 3.5348837209 1.9468473902 84 0.381370003896936
55 11 79 74 92 79 50 58 35 70 83 23 77 33 84 55
51 71 400 72 72 49 48 55 65 63 400 73 73 83 54
401 401 400 402 402 402 402 401 401 402 400 401 401 401 402
0 0 0 0 0 0 0 0 0 0
1 0 0 0 0 0 0 0 0 0
1 0 1 0 0 0 0 0 0 0
1 0 1 0 1 0 0 0 0 0
1 0 1 0 1 0 0 1 1 1
1 1 1 1 2 1 1 1 1 0
1 0 1 1 1 1 1 1 1 1
1 1 1 1 1 1 1 1 1 0
0 1 1 1 0 0 0 0 0 0
0 1 0 0 0 0 0 0 0 0
Maze 90
79 229 2.9583333333 2.1677188952 23 0.366875796528086
95 54 12 62 75 71 64 76 52 33 75 10 39 61 83 95
94 52 400 72 400 61 74 72 32 73 5 9 31 81 93
401 401 400 401 400 402 401 401 402 401 402 402 402 401 401
0 0 0 0 1 1 1 1 1 1
0 1 0 0 1 0 0 0 1 0
0 1 0 0 1 0 0 0 1 0
1 1 1 1 1 1 1 1 1 0
1 1 1 0 1 0 0 0 0 0
1 1 1 1 1 0 0 0 0 0
1 1 1 1 1 0 0 0 0 0
1 1 1 1 1 1 0 0 0 0
1 1 1 1 0 0 0 0 0 0
0 0 1 1 2 0 0 0 0 0
Maze 91
91 311 3.4693877551 2.0858885378 45 0.392746637393632
59 48 30 85 47 5 34 70 49 6 88 40 70 94 49 59
58 28 25 45 45 4 64 69 46 86 38 400 64 44 400
401 402 402 402 401 402 401 401 401 401 402 400 402 402 400
0 0 0 1 1 1 0 0 0 0
0 0 0 1 1 1 0 0 0 0
0 0 0 1 1 1 1 1 1 1
0 0 0 1 1 1 0 1 1 1
0 0 0 1 1 1 1 1 1 1
0 0 0 1 1 1 0 1 2 1
0 0 0 1 1 1 1 1 1 1
0 0 0 1 1 1 0 1 0 0
0 0 0 1 1 1 1 1 0 0
0 0 0 1 0 0 0 0 0 0
Maze 92
97 96 2.9491525424 2.2220108319 66 0.364823115623230
88 36 2 23 83 100 60 5 11 40 39 24 95 54 4 88
86 32 22 400 93 400 55 1 31 400 34 94 94 400 84
401 401 401 400 401 400 401 402 401 400 401 401 401 400 401
1 1 1 1 1 0 0 0 0 0
1 1 0 1 1 0 0 0 0 0
1 1 1 1 1 0 0 0 0 0
1 1 1 1 1 1 1 1 1 1
0 0 1 1 1 1 0 0 0 0
0 0 1 1 1 1 1 1 1 1
0 0 1 1 0 1 0 0 0 1
0 0 1 1 0 1 0 0 0 1
0 0 1 1 1 1 1 2 0 1
0 0 1 1 1 1 1 1 1 1
Maze 93
85 538 2.8421052632 2.2231396366 44 0.384964312422924
72 54 43 53 24 29 4 95 9 77 63 39 27 16 21 72
52 53 400 23 400 24 94 5 7 73 33 37 26 11 71
402 401 400 402 400 401 401 402 402 401 402 401 401 402 401
0 0 0 1 1 1 1 1 1 0
1 1 1 1 1 1 1 0 0 0
1 0 1 1 1 1 1 1 1 0
1 0 1 1 1 1 1 1 1 0
1 0 1 1 1 0 1 0 0 0
1 1 1 1 1 0 1 0 0 0
1 1 1 1 1 0 1 0 0 0
1 2 1 1 1 1 1 0 0 0
0 0 0 1 1 0 0 0 0 0
0 0 0 1 1 0 0 0 0 0
Maze 94
133 6 3.7735849057 1.9325151796 110 0.395617772843581
11 72 68 81 94 1 100 55 40 4 37 42 29 85 70 11
71 62 61 91 91 91 95 35 34 34 32 22 25 65 61
401 402 402 401 401 401 401 402 401 401 402 402 402 402 401
1 0 0 1 0 0 0 0 0 0
2 0 0 1 0 0 0 0 0 0
1 1 1 1 1 1 1 1 1 0
1 1 1 1 1 1 1 1 1 1
1 1 0 0 1 0 0 0 0 0
1 0 0 0 1 0 0 0 0 0
1 1 1 1 1 1 1 1 1 1
1 1 0 0 1 0 0 0 0 0
1 0 0 0 1 0 0 0 0 0
1 1 1 1 1 1 1 1 1 1
Maze 95
91 23 2.9259259259 2.1771102584 45 0.399898322412716
26 8 8 69 100 34 72 91 57 63 80 34 78 38 54 26
6 400 68 99 94 32 71 51 53 73 74 74 400 34 24
402 400 401 401 401 402 402 402 402 401 401 401 400 402 402
0 0 0 0 0 1 1 1 0 0
0 0 0 0 0 1 0 1 0 0
0 0 0 1 1 2 0 1 0 0
0 1 1 1 1 1 1 1 0 0
0 1 0 1 0 0 0 1 0 0
1 1 1 1 1 1 1 1 0 0
1 1 1 1 0 0 0 1 1 0
1 1 1 1 1 1 1 1 1 1
1 0 0 1 0 0 0 0 1 0
1 0 0 1 1 1 1 1 1 1
Maze 96
65 5 2.8444444444 2.2698542657 9 0.363626293387526
6 28 18 48 38 19 37 1 81 83 4 25 26 88 86 6
26 400 400 400 18 17 31 400 400 3 24 400 86 400 400
401 400 400 400 402 402 401 400 400 402 401 400 401 400 400
1 0 1 1 0 2 0 0 0 0
1 0 1 1 0 1 1 1 1 0
1 0 1 1 1 1 1 1 0 0
1 1 1 1 1 1 1 1 0 0
1 0 1 0 0 1 0 1 0 0
1 0 1 0 0 1 0 0 0 0
1 0 1 0 0 1 0 0 0 0
1 0 1 0 0 1 0 0 0 0
1 1 1 0 0 1 1 1 0 0
0 0 0 0 0 0 0 0 0 0
Maze 97
95 13 3.4117647059 2.1407989874 64 0.372902045829704
98 66 5 65 98 62 52 12 63 93 91 55 30 58 11 98
96 65 400 95 92 400 400 62 400 400 51 25 28 51 91
401 401 400 401 401 400 400 401 400 400 402 402 402 401 401
0 0 0 0 1 0 0 0 0 0
1 1 0 0 1 0 0 0 0 0
1 1 0 0 1 1 1 1 1 1
1 1 0 0 1 0 0 1 0 0
1 1 0 0 1 0 0 1 0 0
1 1 1 1 1 1 1 1 0 0
1 1 1 0 1 1 0 0 0 0
1 1 1 0 1 1 0 0 0 0
1 1 1 0 1 1 0 0 0 0
1 1 1 1 1 1 1 2 0 0
Maze 98
89 215 2.9200000000 2.0804349849 41 0.376655364653976
36 100 45 31 42 86 44 31 2 95 88 99 79 35 11 36
96 95 41 41 82 84 41 1 92 85 98 400 75 31 31
401 401 401 401 401 401 401 402 401 402 401 400 401 401 401
1 1 0 0 0 0 0 0 0 0
1 1 0 0 0 0 0 0 0 0
1 1 0 0 0 0 0 0 0 0
1 1 1 1 1 2 0 0 0 0
1 1 1 1 1 1 0 0 0 0
0 1 0 1 1 1 0 0 0 0
0 1 0 1 1 1 0 0 0 0
0 1 0 1 1 1 1 1 1 0
0 1 1 1 1 1 1 1 1 0
0 1 1 1 1 1 1 1 1 1
Maze 99
137 4324 3.2777777778 2.1089628501 204 0.407381323556896
8 66 17 81 40 68 72 28 100 33 88 42 17 54 72 8
6 16 11 31 38 62 22 98 93 83 82 12 14 52 2
402 402 402 402 402 402 402 401 401 401 401 402 402 402 402
0 1 1 1 1 1 1 2 0 0
1 1 1 1 1 1 1 0 0 0
1 1 1 1 1 1 1 1 0 0
1 1 1 1 1 1 1 1 1 1
1 1 1 1 0 1 0 1 0 0
1 1 1 1 0 1 0 1 0 0
1 1 1 1 1 1 1 1 0 0
1 1 1 0 0 0 0 1 0 0
1 1 1 1 1 1 1 1 0 0
0 0 1 1 1 1 1 1 1 1
Maze 100
93 6 2.7457627119 2.1639973307 45 0.378784965351610
11 98 90 39 33 69 46 76 80 19 13 33 39 53 6 11
91 88 89 400 63 66 400 400 79 400 400 400 33 3 1
401 402 401 400 401 401 400 400 401 400 400 400 402 402 402
1 1 1 1 1 1 0 0 0 0
2 0 1 1 1 1 1 1 1 0
1 0 1 0 0 0 0 0 1 0
1 0 1 1 1 1 1 1 1 0
1 0 1 0 0 1 0 0 1 0
1 0 1 0 0 1 0 0 1 0
1 0 1 1 1 1 1 1 1 0
1 0 0 0 0 1 1 1 1 1
1 0 0 0 0 0 0 1 1 1
1 1 1 1 1 1 1 1 0 0
Maze 101
95 1213 2.9666666667 2.2554445732 71 0.387880634488881
17 10 15 86 48 73 27 19 48 91 34 17 26 38 90 17
7 5 85 46 43 23 17 18 41 31 14 16 36 88 87
402 402 401 402 402 402 402 402 402 402 402 402 401 401 401
0 0 0 0 1 1 1 1 1 1
0 0 0 1 1 1 2 1 1 0
0 0 1 1 1 1 1 1 0 0
1 1 1 1 1 1 1 1 0 0
1 1 1 1 1 1 1 1 0 0
1 0 1 0 1 1 1 1 0 0
1 0 1 0 1 1 1 1 0 0
1 0 1 0 1 1 1 1 0 0
1 0 0 0 1 1 1 1 1 1
1 0 0 0 0 0 0 0 0 0
Maze 102
109 4 3.5000000000 1.7158429029 83 0.383962831724499
74 34 49 93 48 53 18 41 44 86 48 92 19 16 63 74
400 44 43 43 43 13 11 400 84 46 42 12 400 13 73
400 401 402 402 402 402 402 400 401 402 402 402 400 402 401
0 0 0 0 0 0 0 0 0 0
1 1 1 1 1 1 1 1 1 0
1 1 1 0 0 0 0 0 0 0
1 1 1 1 0 0 0 0 0 0
1 1 1 1 1 1 1 1 1 0
0 1 1 1 0 1 0 0 0 0
0 1 1 1 0 1 0 0 0 0
0 1 1 2 0 1 0 0 0 0
0 1 1 1 1 1 0 0 0 0
0 1 1 0 0 0 0 0 0 0
Maze 103
87 181 2.9259259259 2.1976578704 50 0.369455441040870
52 32 66 75 13 20 28 97 35 56 58 19 31 57 80 52
400 62 65 73 400 18 27 95 55 400 18 11 51 77 72
400 401 402 401 400 402 402 401 401 400 402 402 401 401 401
0 0 0 0 0 0 0 0 0 0
1 1 1 1 1 1 1 1 1 1
1 0 1 0 0 0 1 1 0 0
1 1 1 0 1 0 1 1 0 0
1 1 1 0 1 0 1 1 0 0
1 2 1 1 1 1 1 1 0 0
0 1 1 1 1 1 1 0 0 0
0 1 1 1 1 1 1 1 1 1
0 0 0 0 1 0 1 0 0 0
0 0 0 0 1 1 1 0 0 0
Maze 104
117 2607 3.2058823529 2.2563038653 139 0.397086421654714
45 1 18 87 32 9 86 23 95 49 20 22 73 40 36 45
41 11 17 82 2 6 83 93 45 19 12 72 33 400 35
401 401 402 401 402 402 401 401 402 402 402 401 402 400 402
1 1 1 1 1 1 1 1 1 0
1 1 1 1 1 1 1 1 1 1
1 1 1 0 0 1 1 0 1 0
1 1 1 1 1 1 1 1 1 1
1 1 1 1 2 1 1 1 1 0
0 1 1 0 1 1 1 0 0 0
0 1 1 0 1 1 1 0 0 0
0 1 1 0 1 1 1 0 0 0
0 1 1 1 1 1 1 0 0 0
0 0 1 1 1 0 0 0 0 0
Maze 105
109 24 3.5909090909 1.7887107586 94 0.388911554532133
24 3 11 83 32 57 84 4 80 2 76 75 2 71 45 24
23 1 81 82 52 54 400 74 72 72 400 72 1 41 44
401 402 401 401 401 402 400 401 401 401 400 401 402 402 401
1 1 1 1 0 0 0 0 0 0
1 1 1 1 0 0 0 0 0 0
1 1 1 2 0 0 0 0 0 0
1 1 0 1 0 0 0 0 0 0
1 1 1 1 1 0 0 0 0 0
1 1 1 1 1 1 1 0 0 0
1 1 0 1 0 0 0 0 0 0
1 1 1 1 1 1 1 1 1 1
1 1 1 1 0 0 0 0 0 0
0 0 0 0 0 0 0 0 0 0
Maze 106
105 341 3.2187500000 2.2837967655 62 0.401023985363597
7 72 59 41 98 7 9 90 28 67 96 88 99 88 52 7
2 52 51 91 97 400 89 88 27 66 86 98 98 82 2
402 402 401 401 401 400 401 401 402 402 402 401 401 401 402
0 1 1 1 1 1 2 1 1 0
0 1 0 0 0 0 1 0 1 0
0 1 0 0 0 0 1 1 1 0
0 1 0 0 0 0 1 1 1 0
1 1 0 0 0 0 1 1 1 0
1 1 1 1 1 1 1 1 1 0
1 1 0 0 0 1 1 1 1 0
1 1 0 0 0 1 1 1 1 0
1 1 1 1 1 1 1 1 1 1
1 1 1 1 1 1 1 1 1 0
Maze 107
81 35 2.9545454545 1.9241314309 26 0.381354125977288
87 77 15 10 97 66 62 69 70 61 96 63 70 77 89 87
400 75 5 7 96 400 400 400 400 91 93 400 67 87 400
400 401 402 402 401 400 400 400 400 401 401 400 402 401 400
0 0 0 0 1 1 1 1 1 1
0 0 0 0 1 0 1 0 0 0
0 0 0 0 1 0 1 0 0 0
0 0 0 0 1 0 1 0 0 0
0 0 0 0 1 0 1 0 0 0
0 0 0 0 1 0 1 0 0 0
1 1 1 1 1 1 1 1 1 1
1 0 1 0 1 1 1 0 0 0
1 0 1 0 0 1 2 1 1 0
1 1 1 1 1 1 1 0 0 0
Maze 108
97 222 3.0169491525 2.1780943860 64 0.374532115961132
86 94 9 41 42 85 39 47 8 2 55 32 29 76 90 86
84 4 1 400 82 35 37 7 400 52 52 22 26 86 400
402 402 402 400 401 402 402 402 400 401 401 402 402 401 400
1 1 1 1 1 1 1 1 1 0
1 1 0 1 0 0 1 0 0 0
1 1 1 1 1 1 1 1 1 0
1 1 0 1 1 1 1 1 1 0
1 1 0 1 1 1 1 0 0 0
0 1 1 1 1 1 0 0 0 0
0 1 0 1 1 1 0 0 0 0
0 1 0 1 1 1 0 0 0 0
0 1 1 1 1 2 1 1 1 1
0 0 0 1 0 0 0 0 0 0
Maze 109
97 58 2.8333333333 2.2033133171 71 0.387952941737031
89 40 10 53 55 79 42 93 37 33 25 6 77 10 56 89
39 400 3 400 75 72 92 33 400 23 5 76 7 6 86
402 400 402 400 401 401 401 402 400 402 402 401 402 402 401
0 0 1 1 1 1 1 1 1 1
0 0 1 0 1 1 1 0 0 1
0 0 1 1 1 1 1 0 0 1
0 0 1 1 1 1 1 0 1 1
0 1 1 0 0 1 1 0 1 0
0 1 1 1 1 1 1 0 1 0
0 1 1 0 1 1 1 0 1 0
0 1 1 1 1 1 1 1 1 0
0 1 1 0 0 1 1 1 2 0
0 1 1 0 0 0 0 0 0 0
Maze 110
87 303 3.5652173913 2.1209434717 50 0.379995448602239
54 75 63 36 24 47 38 2 69 11 1 55 95 66 28 54
74 73 33 34 44 37 32 62 61 400 51 400 65 26 24
401 401 402 401 401 402 401 401 401 400 401 400 402 402 402
1 1 0 0 0 0 0 0 0 0
1 1 0 0 0 0 0 0 0 0
1 1 0 1 1 1 1 1 0 0
1 1 1 1 1 1 1 1 0 0
1 1 1 1 1 1 1 0 0 0
1 1 1 2 1 1 0 0 0 0
1 1 1 1 1 1 1 1 1 0
0 0 1 1 1 0 0 0 0 0
0 0 0 0 1 0 0 0 0 0
0 0 0 0 1 0 0 0 0 0
Maze 111
105 71 3.6595744681 1.9636924498 92 0.391062888570036
91 61 25 34 92 18 2 48 26 32 48 78 11 36 48 91
400 21 24 32 12 12 42 46 22 42 400 71 31 46 41
400 402 402 402 402 401 401 401 402 401 400 401 401 401 402
0 1 0 0 0 0 0 0 0 0
1 1 1 1 1 1 1 1 0 0
1 1 1 1 1 1 0 0 0 0
1 1 1 1 1 1 0 0 0 0
1 1 1 1 1 1 1 1 0 0
1 1 0 0 0 0 0 1 0 0
1 1 0 0 0 0 0 1 0 0
1 1 1 1 1 1 1 1 0 0
1 1 0 0 0 0 0 0 0 0
2 1 0 0 0 0 0 0 0 0
Maze 112
95 209 2.9122807018 2.1968615973 77 0.380483525002139
59 76 72 27 16 89 77 89 28 26 80 88 4 51 7 59
56 400 22 26 86 87 87 88 400 76 78 84 1 1 57
402 400 402 401 401 401 401 401 400 401 402 401 402 402 401
1 1 1 1 1 1 1 0 0 0
1 0 0 1 0 1 1 0 0 0
1 1 1 1 1 1 1 1 0 0
1 1 0 1 0 1 1 1 0 0
1 1 0 1 0 1 1 1 0 0
1 1 0 1 0 1 1 1 2 0
0 1 0 1 0 1 0 1 0 0
0 1 1 1 1 1 1 1 1 1
0 0 0 1 1 1 1 1 1 0
0 0 0 0 0 0 0 0 0 0
Maze 113
117 1005 3.5094339623 1.9271401072 133 0.387802650424990
97 48 12 95 5 12 44 68 13 85 81 70 92 3 77 97
47 42 92 400 2 42 64 63 83 400 61 62 2 73 400
402 401 401 400 402 401 401 401 401 400 402 402 402 401 400
0 1 1 1 1 0 0 0 0 0
0 1 1 0 1 0 0 0 0 0
0 1 1 0 1 0 0 0 0 0
0 1 1 0 1 0 0 0 0 0
0 1 1 1 1 1 1 1 0 0
0 1 1 1 1 0 1 0 0 0
1 1 1 1 1 1 1 1 1 1
1 1 1 1 1 1 1 0 0 0
1 1 1 1 1 0 1 0 0 0
0 1 1 1 1 0 2 0 0 0
Maze 114
95 204 3.1538461538 2.0708490455 77 0.372259399928912
18 46 15 48 6 37 17 36 89 7 10 95 26 14 98 18
16 45 45 46 36 400 16 86 87 400 5 25 24 94 400
402 401 401 401 401 400 402 401 401 400 402 402 401 401 400
0 0 0 0 1 1 1 1 1 1
0 0 0 1 1 1 1 2 0 0
0 0 0 1 1 1 1 1 0 0
0 0 0 1 1 1 1 1 0 0
0 0 0 1 1 1 1 1 0 0
0 0 0 1 1 1 1 1 0 0
0 0 0 1 1 1 1 1 0 0
0 0 0 1 1 1 1 1 0 0
0 0 0 1 1 1 1 1 1 0
0 0 0 1 1 1 1 1 0 0
Maze 115
99 149 3.3584905660 2.2032315593 34 0.374097922447192
47 18 87 55 71 90 62 20 28 11 25 82 92 51 15 47
17 17 85 51 81 82 12 18 21 21 22 400 91 11 45
402 402 401 402 401 401 402 402 401 401 402 400 401 402 401
0 0 0 0 0 0 0 0 0 0
1 1 1 1 1 1 1 1 1 1
1 1 1 1 1 1 1 1 0 0
1 1 0 0 1 0 1 0 0 0
1 1 0 0 1 1 2 0 0 0
1 1 1 1 1 0 1 0 0 0
1 1 0 0 1 0 1 0 0 0
1 1 0 0 1 0 1 0 0 0
1 1 1 1 1 1 1 1 1 1
1 1 0 0 0 0 0 0 0 0
Maze 116
95 503 2.8437500000 2.2065196760 70 0.367745735349338
7 94 54 30 29 48 33 98 79 57 15 81 84 52 88 7
4 400 24 400 28 43 93 78 77 55 11 400 82 82 87
402 400 402 400 402 401 401 402 401 401 402 400 401 401 401
0 0 0 1 1 1 2 0 0 0
1 1 1 1 1 0 1 0 0 0
1 0 0 1 1 1 1 1 1 1
1 0 1 1 1 0 1 1 0 0
1 0 1 1 1 1 1 1 0 0
1 1 1 1 1 1 1 0 0 0
1 1 1 1 0 0 1 0 0 0
1 1 1 1 0 0 1 1 1 0
1 1 1 1 1 1 1 1 0 0
0 0 1 1 1 1 1 1 0 0
Maze 117
95 7 3.3191489362 2.0141134552 39 0.365353183481911
14 4 37 54 80 10 3 89 33 83 57 43 74 8 14 14
400 34 34 74 400 400 83 83 400 53 53 73 4 4 400
400 401 402 401 400 400 401 401 400 402 401 401 402 402 400
0 0 1 1 1 1 1 1 1 1
0 0 1 2 0 0 0 0 0 1
0 0 1 1 0 0 0 0 0 1
0 0 1 1 1 1 1 0 0 1
0 0 1 1 0 0 0 0 0 1
0 0 1 1 1 1 1 0 0 1
0 0 1 1 0 0 0 0 0 1
0 0 1 1 1 1 1 1 1 1
0 0 1 1 1 1 1 1 1 0
0 0 0 0 0 0 0 0 0 0
Maze 118
105 58 3.6226415094 2.2095078208 92 0.389805822886447
11 68 1 59 55 65 99 15 6 1 7 56 18 34 73 11
61 61 51 400 400 95 95 5 400 400 6 16 14 33 71
401 401 401 400 400 401 401 402 400 400 402 402 402 402 401
1 1 1 1 1 1 1 0 0 0
2 0 0 1 1 1 1 1 0 0
1 0 0 1 1 1 0 0 0 0
1 0 1 1 1 1 0 0 0 0
1 0 1 0 1 1 0 0 0 0
1 1 1 1 1 1 1 1 1 0
1 1 1 1 1 1 1 1 0 0
1 1 1 0 1 0 0 0 0 0
0 0 0 0 1 0 0 0 0 0
0 0 0 0 1 1 1 1 1 0
Maze 119
81 14 3.0232558140 1.9971501896 30 0.387408387629813
22 54 63 52 41 17 86 70 25 55 71 84 42 55 69 22
52 53 62 51 11 16 66 65 400 51 81 82 52 65 62
401 402 401 401 402 402 402 401 400 402 401 401 401 401 401
0 0 0 0 0 0 0 0 0 0
1 1 1 1 1 1 1 0 0 0
1 2 0 0 1 1 0 0 0 0
1 1 0 0 1 1 0 0 0 0
1 1 0 0 1 1 0 0 0 0
1 1 1 1 1 1 0 0 0 0
1 1 1 1 1 1 1 1 1 1
1 1 0 0 0 1 0 0 0 0
1 1 1 1 0 1 0 0 0 0
0 0 0 0 0 0 0 0 0 0
Maze 120
85 72 3.1372549020 2.2046400587 39 0.401207412207875
94 15 52 67 62 74 36 13 80 87 28 50 60 30 47 94
14 12 62 400 72 34 33 73 77 27 48 400 400 27 44
402 402 401 400 401 402 401 401 402 402 401 400 400 402 402
0 0 0 0 0 0 0 0 0 0
0 1 1 1 1 0 0 0 0 0
0 1 1 1 0 0 1 1 1 1
0 1 1 1 1 1 1 1 0 1
0 1 1 1 1 1 1 1 1 1
0 1 1 1 0 0 1 0 0 1
0 1 1 1 1 1 1 0 0 0
0 1 1 1 1 1 1 1 1 1
0 0 0 1 0 0 1 0 0 0
0 0 0 2 0 0 0 0 0 0
Maze 121
121 207 3.1818181818 2.2617752328 141 0.395004991531587
60 31 41 20 91 74 30 24 50 40 31 27 84 81 7 60
51 400 11 11 71 24 400 44 400 400 21 24 400 1 57
401 400 402 402 402 402 400 401 400 400 402 402 400 402 401
1 1 1 1 1 1 1 0 0 0
1 1 1 1 1 1 1 1 1 1
1 1 1 1 1 1 1 1 1 1
1 1 1 1 1 1 1 1 1 1
1 0 0 1 1 1 1 1 1 1
1 1 1 1 1 1 1 1 1 2
1 0 0 1 0 0 0 0 0 0
1 1 1 1 0 0 0 0 0 0
1 1 1 1 0 0 0 0 0 0
1 0 0 0 0 0 0 0 0 0
Maze 122
81 30 2.8181818182 1.8080520825 26 0.385684960855238
35 26 45 86 78 43 5 68 79 12 6 16 54 26 95 35
25 25 85 76 73 3 65 78 72 2 400 14 24 25 400
402 402 401 402 401 402 401 401 401 402 400 402 402 402 400
0 1 1 1 1 1 0 0 0 0
0 1 1 1 1 1 0 0 0 0
0 1 1 1 1 1 0 0 0 0
0 1 1 1 2 0 0 0 0 0
0 1 1 1 1 0 0 0 0 0
0 1 1 1 1 0 0 0 0 0
0 1 1 0 1 1 1 1 0 0
0 1 1 1 1 1 1 1 1 0
0 0 0 0 1 1 0 0 0 0
0 0 0 0 1 0 0 0 0 0
Maze 123
73 13 3.1162790698 2.1541354173 10 0.378173407433362
65 65 93 61 51 32 65 7 80 37 25 67 45 93 56 65
400 63 91 400 31 62 5 77 77 35 65 65 43 53 55
400 402 401 400 402 401 402 401 401 401 401 401 402 402 402
0 0 0 0 1 1 1 0 0 0
0 0 0 0 1 0 1 0 0 0
0 0 0 0 1 0 1 0 0 0
1 1 0 0 1 1 1 0 0 0
1 1 1 1 1 0 1 0 0 0
1 1 1 1 1 1 1 0 0 0
1 1 1 1 2 1 1 0 0 0
1 0 1 0 0 0 1 1 1 1
1 0 1 0 0 0 0 0 0 0
1 1 1 0 0 0 0 0 0 0
Maze 124
95 182 3.2653061224 2.0165222976 60 0.384298803394692
26 81 29 27 10 38 23 11 67 33 22 10 17 46 52 26
21 21 400 7 8 33 21 61 63 32 2 7 16 42 22
402 402 400 402 402 401 401 401 401 401 402 402 402 402 402
0 1 1 1 1 1 1 1 1 1
1 1 0 0 0 1 1 1 0 0
1 1 1 1 1 2 1 1 1 0
1 1 1 1 1 1 1 1 0 0
1 1 1 1 1 1 0 0 0 0
1 1 1 0 0 0 0 0 0 0
1 1 1 1 1 1 1 0 0 0
1 0 0 0 0 0 0 0 0 0
1 0 0 0 0 0 0 0 0 0
0 0 0 0 0 0 0 0 0 0
Maze 125
79 88 3.4871794872 2.0096680264 23 0.381263439408988
83 35 17 45 99 34 22 16 14 13 43 76 53 25 48 83
33 15 15 95 94 32 12 400 400 400 73 73 23 45 43
402 402 402 401 401 401 402 400 400 400 401 401 402 401 402
0 0 0 0 0 0 0 0 0 0
0 1 1 1 1 1 1 0 0 0
0 1 1 1 1 0 0 0 0 0
0 1 1 1 1 0 0 0 0 0
0 0 1 1 1 1 1 1 0 0
0 0 1 1 1 0 0 0 0 0
0 0 1 1 1 0 0 0 0 0
0 0 1 1 1 1 0 0 0 0
0 0 2 1 1 0 0 0 0 0
0 0 0 1 1 1 1 1 1 0
Maze 126
95 132 3.0000000000 2.2000583642 71 0.374928414547793
88 75 34 67 99 66 99 63 30 8 88 59 61 14 24 88
85 74 64 97 96 96 93 23 28 400 58 51 11 400 84
401 401 401 401 401 401 401 402 401 400 402 402 402 400 401
0 0 0 0 0 0 0 1 0 0
1 1 1 1 0 0 0 1 0 0
1 0 1 1 1 1 1 1 1 1
1 0 1 1 0 0 0 1 0 0
1 0 1 1 0 0 0 1 0 0
1 1 1 1 1 1 1 1 1 0
1 0 1 1 1 1 1 1 0 0
0 0 1 1 1 1 1 1 0 0
0 0 1 1 1 1 1 2 0 0
0 0 1 1 1 1 1 1 1 0
Maze 127
97 90 3.1272727273 2.2195666242 71 0.385392656750687
36 11 36 44 50 8 49 11 88 69 5 42 15 30 49 36
31 31 34 400 48 48 41 81 68 65 2 12 25 29 46
401 401 402 400 401 401 401 401 402 401 402 402 401 402 401
0 1 1 1 1 0 0 1 0 0
1 1 1 1 1 0 0 1 0 0
1 1 0 0 1 1 1 1 1 1
1 1 1 1 1 2 0 1 1 0
1 1 1 1 1 1 1 1 1 1
1 0 0 0 1 0 0 0 0 0
1 0 0 0 1 1 1 1 1 0
1 0 0 0 0 0 0 1 0 0
1 1 1 1 1 1 1 1 0 0
0 0 0 0 0 0 0 0 0 0
Maze 128
85 43 3.2272727273 1.9562299112 45 0.392799361220657
57 6 63 70 56 45 76 76 12 6 85 46 36 79 6 57
56 3 400 66 55 75 400 72 2 5 45 400 76 76 56
401 402 400 401 401 401 400 401 402 402 402 400 401 401 401
0 1 1 1 1 1 0 0 0 0
0 1 1 0 1 1 0 0 0 0
0 1 1 0 1 1 0 0 0 0
0 1 1 0 1 1 0 0 0 0
0 1 1 0 1 1 0 0 0 0
0 1 1 0 1 1 2 0 0 0
0 1 1 1 1 1 1 1 1 1
0 1 1 1 1 1 1 1 1 0
0 0 0 0 1 0 0 0 0 0
0 0 0 0 0 0 0 0 0 0
Maze 129
105 1046 3.3928571429 2.1697147336 105 0.390437518250600
6 85 66 7 48 80 12 64 38 65 67 23 90 34 47 6
5 65 6 47 78 72 62 34 35 400 63 83 84 44 46
402 402 402 401 401 401 401 402 402 400 401 401 401 401 401
0 0 0 0 1 2 1 0 0 0
0 1 0 0 1 1 1 0 0 0
0 1 1 0 1 1 1 0 0 0
0 1 1 1 1 1 1 1 0 0
0 1 1 1 1 1 1 1 0 0
0 1 1 1 1 1 0 1 0 0
0 1 1 1 1 1 1 1 0 0
0 1 1 1 1 1 1 1 1 1
0 0 1 1 1 1 1 1 1 1
0 0 0 0 0 0 0 0 0 0
Maze 130
91 42 3.3333333333 2.2034033850 32 0.386558616641818
32 13 56 15 9 24 24 83 99 72 5 90 90 93 45 32
12 53 55 5 4 400 23 93 92 2 85 400 83 43 42
402 401 401 402 402 400 402 401 401 402 401 400 402 402 401
0 1 1 1 1 1 1 1 1 0
0 1 1 1 1 0 0 0 0 0
0 1 1 1 1 0 0 0 0 0
0 2 1 0 1 0 0 0 0 0
0 1 1 1 1 0 0 0 0 0
0 1 1 1 1 1 0 0 0 0
0 1 1 0 1 0 0 0 0 0
0 1 1 0 1 0 0 0 0 0
0 1 1 1 1 1 1 1 1 1
0 1 1 1 1 1 1 1 1 0
Maze 131
105 10 3.1836734694 1.9360348096 98 0.375424912559270
17 98 98 27 22 52 61 28 31 87 30 62 3 11 74 17
97 400 97 400 400 51 21 21 81 27 22 2 1 71 14
401 400 401 400 400 402 402 402 401 402 402 402 402 401 402
1 1 1 0 0 0 0 0 0 0
1 1 0 1 1 1 2 0 0 0
1 1 1 1 1 1 1 1 1 1
1 1 0 1 0 0 1 0 0 0
1 1 0 1 0 0 1 0 0 0
1 1 0 1 0 0 1 0 0 0
1 1 0 1 0 0 1 0 0 0
1 1 1 1 0 0 1 0 0 0
1 1 1 1 1 1 1 0 0 0
0 0 0 0 0 0 1 1 0 0
Maze 132
119 193 3.1111111111 2.0427604761 125 0.381166528576610
64 70 17 94 66 87 86 11 20 94 5 78 26 32 89 64
400 67 14 64 86 400 81 400 14 4 75 76 22 82 84
400 401 402 402 401 400 401 400 402 402 401 401 402 401 401
0 0 0 1 1 0 0 0 0 0
1 1 1 1 1 1 1 1 1 1
1 1 1 1 1 1 1 0 0 0
1 1 0 1 1 1 1 0 0 0
1 1 0 1 1 1 1 0 0 0
1 1 0 1 1 1 1 0 0 0
1 1 0 2 1 1 1 1 1 1
1 1 0 1 1 1 1 1 0 0
1 1 1 1 1 1 1 1 1 0
0 0 0 1 0 0 0 0 0 0
Maze 133
105 1039 3.2786885246 2.2481381577 91 0.392171696254908
23 12 93 50 15 79 77 77 40 76 29 89 15 54 70 23
22 92 43 45 75 400 400 37 36 26 400 85 14 64 63
401 401 402 401 401 400 400 402 402 402 400 401 402 401 401
0 0 0 0 0 0 0 0 0 0
0 1 0 1 1 0 0 0 0 0
0 1 2 1 1 1 1 1 1 0
0 1 1 1 1 1 1 1 1 1
0 1 1 1 1 1 1 1 1 1
0 1 1 1 1 1 1 0 1 0
0 1 1 1 1 1 1 1 1 1
0 1 1 0 1 1 1 1 1 0
0 1 1 0 1 1 1 1 1 0
0 1 1 0 0 0 0 0 0 0
Maze 134
93 48 2.9130434783 1.8691087362 50 0.384872544705857
92 53 58 32 58 73 13 7 9 39 31 63 17 58 40 92
52 400 52 52 53 400 3 400 400 400 61 13 57 38 32
402 400 401 401 402 400 402 400 400 400 401 402 401 402 402
0 0 1 1 1 1 1 1 1 0
0 0 1 1 1 1 1 0 1 0
0 0 1 0 0 0 1 0 1 0
1 1 1 1 1 1 1 1 1 1
1 1 1 0 0 0 1 1 0 0
1 1 1 1 1 1 1 1 0 0
1 1 1 0 0 0 0 0 0 0
0 1 1 0 0 0 0 0 0 0
0 1 0 0 0 0 0 0 0 0
0 2 0 0 0 0 0 0 0 0
Maze 135
103 112 3.1578947368 2.0961637837 50 0.375773453107292
65 77 71 37 84 48 12 42 10 31 39 36 96 81 42 65
75 400 31 34 44 42 400 2 1 400 400 400 91 41 62
401 400 402 402 402 401 400 402 402 400 400 400 401 402 401
1 1 1 1 1 1 1 1 1 1
1 1 0 0 0 0 0 0 0 0
1 1 0 0 0 0 0 0 0 0
1 1 1 1 1 1 1 1 1 0
1 1 1 1 1 1 1 1 0 0
1 1 0 1 0 1 0 0 0 0
1 1 1 1 2 1 0 0 0 0
1 1 1 1 1 1 1 0 0 0
1 0 0 1 0 1 0 0 0 0
1 1 1 1 1 1 0 0 0 0
Maze 136
103 69 3.5555555556 1.8589043440 64 0.383606550848554
39 43 60 37 38 67 29 84 86 52 13 94 60 12 72 39
33 53 57 400 37 27 24 400 82 12 93 54 52 400 32
402 401 401 400 402 402 402 400 401 402 401 402 401 400 402
0 0 0 0 0 0 0 0 0 0
0 1 1 0 0 0 0 0 0 0
0 1 1 1 1 1 1 1 1 0
0 1 1 1 1 1 1 1 2 0
0 1 1 1 0 0 1 0 0 0
0 1 1 1 1 1 1 1 1 1
0 1 1 1 0 0 1 0 0 0
0 1 1 1 0 0 0 0 0 0
0 1 1 1 1 1 0 0 0 0
0 0 1 1 0 0 0 0 0 0
Maze 137
101 82 3.0000000000 2.3508994117 84 0.399731613107502
77 66 47 22 40 62 88 11 5 97 32 33 18 48 29 77
76 46 42 32 32 82 81 1 95 92 400 13 400 28 27
401 402 401 401 402 401 401 402 401 401 400 402 400 402 402
1 1 1 1 1 0 0 0 0 0
1 0 1 1 1 1 1 1 0 0
1 1 1 0 1 0 1 1 1 0
1 1 1 1 1 1 1 1 1 1
1 1 1 1 1 1 1 1 0 0
1 1 0 0 1 1 1 0 0 0
1 1 0 0 1 1 1 0 0 0
1 1 0 0 1 1 2 0 0 0
1 1 1 1 1 1 1 1 0 0
0 1 1 1 1 1 1 0 0 0
Maze 138
87 35 3.0800000000 2.1387029870 44 0.391138164917169
75 87 1 12 7 48 22 76 4 74 44 85 87 75 37 75
85 81 11 2 47 42 72 74 400 400 84 400 85 35 35
401 401 401 402 401 401 401 401 400 400 401 400 401 402 402
1 1 1 1 1 1 1 0 0 0
1 1 0 1 0 0 1 0 0 0
1 1 0 1 0 0 1 0 0 0
1 1 0 1 1 1 1 0 0 0
1 1 1 1 1 1 1 1 0 0
1 1 0 1 1 0 0 0 0 0
1 1 0 1 1 0 0 0 0 0
1 1 1 1 2 1 0 0 0 0
1 1 1 1 1 1 1 0 0 0
0 0 0 0 0 0 0 0 0 0
Maze 139
105 115 3.1428571429 2.0453394405 68 0.373412610498069
56 70 4 89 75 10 69 95 45 1 1 68 98 74 88 56
66 64 84 85 5 9 65 400 41 400 61 400 94 84 86
401 401 401 401 402 402 402 400 401 400 401 400 401 401 401
1 0 0 1 1 1 1 1 1 1
1 0 0 1 1 0 0 0 1 0
1 0 0 1 1 0 0 0 1 0
1 0 0 1 1 0 0 0 1 0
1 1 1 1 1 0 0 0 1 0
1 0 0 1 1 2 0 0 1 0
1 1 1 1 1 1 1 1 1 1
0 0 0 1 1 1 0 1 0 0
0 0 0 1 1 1 1 1 1 0
0 0 0 1 1 1 1 1 0 0
Maze 140
115 366 3.3846153846 2.2760177239 148 0.386271718662978
70 41 24 39 89 93 3 8 93 21 76 45 15 50 32 70
61 21 34 400 83 400 400 3 91 71 75 400 45 42 62
401 402 401 400 402 400 400 402 401 401 401 400 401 401 401
0 0 1 1 1 1 1 1 0 0
0 0 1 0 1 0 0 0 0 0
1 1 1 1 1 0 0 0 0 0
1 1 1 1 1 1 1 1 1 0
1 1 1 1 1 1 1 1 1 1
1 1 1 0 1 0 0 0 1 0
1 1 1 1 1 1 1 1 1 2
1 1 1 1 1 1 0 0 1 0
1 0 1 1 1 1 1 1 1 0
1 1 1 0 0 0 0 0 0 0
Maze 141
83 33 3.0000000000 1.8676964900 35 0.370640175268733
47 94 75 59 75 57 67 37 60 22 39 29 94 90 97 47
44 74 55 55 55 400 400 57 52 32 400 24 84 87 400
402 402 402 402 402 400 400 401 401 401 400 402 402 402 400
0 0 0 0 0 0 0 0 0 0
0 0 0 0 0 0 0 0 0 0
0 1 0 1 1 1 1 1 1 0
0 1 1 1 1 1 1 1 1 0
0 1 0 1 1 1 2 0 0 0
0 1 1 1 1 1 1 1 1 1
0 0 0 1 1 0 1 0 0 0
0 0 0 1 1 0 1 0 0 0
0 0 0 1 1 1 1 1 1 1
0 0 0 1 0 0 1 0 0 0
Maze 142
77 177 2.8936170213 2.1929286465 35 0.373480651037475
72 93 43 53 31 88 59 48 26 93 77 50 85 64 41 72
92 400 400 51 81 58 58 46 23 73 47 45 84 61 71
401 400 400 401 401 402 401 401 402 402 402 402 401 401 401
0 0 0 0 0 0 0 0 0 0
0 0 0 0 0 0 0 0 0 0
0 0 1 1 1 1 0 0 0 0
1 0 1 0 0 1 0 0 0 0
1 0 1 0 1 1 1 1 1 1
1 1 1 0 1 0 1 1 1 0
1 1 1 1 1 0 1 1 0 0
1 2 1 1 1 1 1 1 0 0
1 1 1 1 1 1 1 1 0 0
0 1 1 0 0 0 0 0 0 0
Maze 143
105 484 3.1000000000 2.2004017857 90 0.384355330737149
39 87 79 74 9 89 2 11 62 52 75 1 42 39 85 39
37 77 400 4 400 82 1 61 400 72 71 41 32 35 35
402 402 400 402 400 401 402 401 400 401 401 401 402 402 402
1 1 0 1 1 1 1 1 1 0
1 1 0 1 0 0 0 0 1 0
1 1 0 1 0 0 0 0 1 0
1 1 1 1 1 1 1 1 2 0
1 1 0 1 1 0 1 0 1 0
1 1 0 1 1 0 1 0 1 0
1 1 0 1 1 0 1 0 1 0
1 1 1 1 1 1 1 1 1 0
0 1 1 1 1 1 1 1 1 0
0 0 0 0 0 0 0 0 0 0
Maze 144
85 58 3.1304347826 2.1561477085 50 0.363904735215154
62 75 47 20 28 38 41 22 39 1 3 94 92 55 1 62
72 45 17 18 400 31 21 32 31 400 93 400 52 51 61
401 402 402 402 400 402 402 401 401 400 401 400 402 401 401
1 1 1 0 0 0 0 0 0 0
1 0 1 0 0 0 1 1 1 1
1 1 1 0 0 0 1 1 0 0
1 1 1 1 1 1 1 1 1 0
1 0 1 0 1 1 1 0 0 0
1 1 1 1 1 0 0 0 0 0
1 2 1 0 1 0 0 0 0 0
0 1 1 1 1 0 0 0 0 0
0 1 1 0 0 0 0 0 0 0
0 1 1 1 0 0 0 0 0 0
Maze 145
109 32 3.1785714286 2.0496673999 105 0.399709533150656
9 30 94 91 40 40 89 54 27 88 93 90 74 41 94 9
29 24 400 31 400 39 84 24 87 83 83 84 71 91 4
401 402 400 402 400 402 401 402 401 402 402 401 401 401 402
0 0 0 1 1 1 1 1 2 0
0 0 0 1 0 0 0 0 1 0
0 0 0 1 1 1 1 1 1 1
1 1 1 1 1 1 1 1 1 1
1 0 0 1 0 0 1 0 1 0
1 0 0 1 0 0 1 0 1 0
1 0 0 1 0 0 1 0 1 0
1 1 1 1 0 0 1 0 1 0
1 0 1 1 1 1 1 1 1 1
1 1 1 1 0 0 0 0 0 0
Maze 146
95 335 2.9473684211 2.2000583642 60 0.380817621944116
5 65 32 53 37 72 6 70 27 41 98 69 66 5 25 5
400 62 52 33 32 2 66 67 21 91 68 400 65 400 400
400 401 401 402 402 402 401 401 402 401 402 400 401 400 400
0 1 1 1 2 1 0 0 0 0
0 1 0 0 1 1 0 0 0 0
1 1 1 1 1 1 1 0 0 0
1 1 1 1 1 1 1 0 0 0
1 1 1 0 1 1 1 0 0 0
1 1 1 0 1 1 1 0 0 0
1 1 1 1 1 1 1 1 1 1
1 1 0 0 0 0 0 1 0 0
1 0 0 0 0 0 0 1 0 0
1 1 1 1 1 1 1 1 0 0
Maze 147
95 149 3.3953488372 1.8761377231 84 0.394091616150235
11 52 67 58 73 28 7 37 74 59 76 27 74 3 30 11
51 62 57 53 23 27 400 34 54 56 26 24 73 23 21
401 401 402 402 402 401 400 402 402 402 402 402 401 401 401
0 0 1 0 0 0 1 0 0 0
2 0 1 0 0 0 1 0 0 0
1 1 1 1 1 1 1 1 1 1
1 0 1 1 1 1 1 0 0 0
1 0 1 1 0 1 0 0 0 0
1 1 1 1 1 1 1 1 1 0
0 1 1 1 1 1 1 0 0 0
0 0 1 1 0 1 0 0 0 0
0 0 0 0 0 0 0 0 0 0
0 0 0 0 0 0 0 0 0 0
Maze 148
119 72 3.2500000000 1.8789616045 165 0.385759571996333
3 59 96 60 87 22 18 73 75 16 73 39 61 16 37 3
53 56 56 57 82 12 13 400 15 13 33 31 11 36 33
401 402 402 402 401 402 402 400 402 402 402 402 402 401 401
0 0 2 0 0 0 0 0 0 0
1 1 1 1 1 1 1 1 0 0
1 1 1 0 1 1 0 0 0 0
1 1 1 1 1 1 1 1 1 0
1 1 1 0 1 0 0 0 0 0
1 1 1 1 1 1 1 1 1 1
1 1 1 0 1 1 1 0 0 0
0 1 1 1 1 1 1 0 0 0
0 1 1 1 1 1 1 0 0 0
0 0 0 0 0 1 0 0 0 0
Maze 149
123 126 4.0363636364 2.0859111062 63 0.395985620956792
62 10 6 21 90 83 100 41 53 21 16 94 6 8 92 62
2 400 1 81 400 93 91 51 51 11 14 4 400 2 400
402 400 402 401 400 401 401 401 401 402 402 402 400 402 400
1 1 1 1 1 1 1 1 1 1
1 1 1 1 1 1 0 0 0 0
1 1 0 1 0 0 0 0 0 0
1 1 0 1 0 0 0 0 0 0
1 1 0 1 0 0 0 0 0 0
1 1 1 1 0 0 0 0 0 0
1 2 0 1 0 0 0 0 0 0
1 1 0 1 0 0 0 0 0 0
1 1 1 1 1 1 1 1 1 1
1 1 1 1 1 1 1 1 1 1
Maze 150
113 3 3.2653061224 1.7068619518 46 0.380686651055509
63 9 43 30 42 9 6 41 92 100 86 98 32 6 63 63
3 3 23 22 2 400 1 91 400 96 96 92 2 3 400
402 402 402 402 402 400 402 401 400 401 401 401 402 402 400
1 1 1 1 1 1 1 1 1 0
1 1 1 0 0 0 0 0 0 0
1 1 1 1 1 1 1 1 1 1
1 1 1 0 0 0 0 0 0 0
1 1 1 0 0 0 0 0 0 0
1 1 1 0 0 0 0 0 0 0
1 1 2 0 0 0 0 0 0 0
1 1 0 0 0 0 0 0 0 0
1 1 0 0 0 1 0 0 0 0
1 1 1 1 1 1 1 1 1 1
Maze 151
81 3 3.1891891892 1.8181911064 35 0.411375991854498
67 2 31 4 33 93 3 53 33 70 63 33 63 44 26 67
62 1 1 3 400 400 400 400 63 400 400 400 43 24 66
401 402 402 402 400 400 400 400 401 400 400 400 402 402 401
1 1 1 1 0 0 0 0 0 0
1 1 1 0 0 0 0 0 0 0
1 1 1 1 1 1 0 0 0 0
1 1 1 1 0 1 0 0 0 0
0 1 1 1 0 1 0 0 0 0
0 1 1 0 0 1 0 0 0 0
0 1 1 1 1 1 2 1 1 1
0 0 1 0 0 0 0 0 0 0
0 0 1 0 0 0 0 0 0 0
0 0 1 0 0 0 0 0 0 0
Maze 152
105 536 3.2631578947 2.0651501681 105 0.403447976074213
67 79 93 29 23 44 69 55 43 70 54 9 58 52 20 67
77 73 23 400 43 64 65 53 63 64 4 8 400 12 17
401 402 402 400 401 401 401 401 401 401 402 402 400 402 402
0 0 0 1 1 1 1 1 1 0
0 1 1 1 1 1 1 1 1 1
0 1 1 1 1 1 1 1 1 0
0 1 1 1 0 0 1 1 0 0
0 1 1 1 0 0 1 1 0 0
0 1 1 1 1 1 1 1 0 0
0 0 1 1 1 1 2 1 1 1
0 0 1 1 1 1 1 1 1 0
0 0 1 0 0 0 0 0 0 0
0 0 1 0 0 0 0 0 0 0
Maze 153
89 51 3.2093023256 1.8247620423 56 0.402050227884040
12 66 64 12 85 86 76 23 2 60 26 77 40 48 66 12
62 400 62 82 400 400 73 22 52 56 76 37 38 46 62
401 400 401 401 400 400 401 401 401 401 401 402 402 402 401
0 1 0 0 0 0 0 0 0 0
0 2 0 0 0 0 0 0 0 0
0 1 1 0 0 1 0 0 0 0
0 1 1 0 0 1 1 1 1 1
0 1 1 0 0 1 1 1 0 0
0 1 1 1 1 1 1 1 1 1
0 1 1 1 1 1 1 0 0 0
0 1 1 1 1 1 1 0 0 0
0 1 1 1 1 1 0 0 0 0
0 0 0 0 0 0 0 0 0 0
Maze 154
95 677 2.8888888889 2.3715039241 39 0.380064590408392
70 10 44 45 95 24 74 90 2 31 71 46 77 75 81 70
400 4 400 400 94 400 84 82 1 400 41 76 400 71 61
400 402 400 400 401 400 401 401 402 400 402 401 400 402 402
1 1 0 1 1 1 1 1 1 1
1 1 0 1 0 0 0 0 0 1
1 1 0 1 0 0 0 0 0 1
1 1 0 1 0 0 0 0 0 1
1 1 1 1 1 1 0 0 0 1
1 1 0 1 1 1 0 0 0 1
1 1 1 1 1 1 1 1 1 2
1 1 1 1 1 1 1 0 0 0
1 1 1 1 1 1 1 1 1 1
0 0 0 1 1 0 0 0 0 0
Maze 155
87 167 2.7547169811 2.0720409095 39 0.361969893062064
46 58 65 80 30 72 52 63 89 77 32 63 4 74 90 46
56 55 75 400 22 400 62 83 87 72 62 3 400 84 86
401 402 401 400 402 400 401 401 401 401 401 402 400 401 401
0 0 1 1 0 0 0 0 0 0
0 0 1 1 0 0 0 0 0 0
0 1 1 1 1 1 1 1 1 1
0 1 1 1 0 0 0 0 0 1
0 1 1 1 0 2 0 0 0 1
0 1 1 1 1 1 1 1 0 1
0 1 1 1 1 1 0 0 0 1
0 1 1 1 1 1 1 1 1 1
0 0 1 1 1 1 1 1 1 1
0 0 0 0 0 0 0 0 0 0
Maze 156
137 1092 3.3750000000 1.9998433567 265 0.390173330271387
3 94 8 33 81 84 28 89 13 76 1 96 16 80 44 3
93 4 3 31 400 24 88 83 73 71 91 400 76 74 43
401 402 402 402 400 402 401 401 401 401 401 400 401 401 401
1 0 2 1 1 1 1 1 0 0
1 0 1 1 0 1 0 0 0 0
1 0 1 1 1 1 1 1 0 0
1 1 1 1 0 1 0 1 0 0
1 0 1 1 0 1 0 1 0 0
1 0 1 1 0 1 0 1 0 0
1 0 1 1 0 1 0 1 0 0
1 1 1 1 1 1 1 1 1 1
1 1 1 1 1 1 1 1 1 0
1 1 1 1 1 1 0 0 0 0
Maze 157
119 330 3.3962264151 2.0743772408 135 0.375259237236367
31 71 100 26 62 91 14 62 31 22 96 84 39 11 78 31
400 91 96 22 61 11 12 61 21 92 94 34 31 71 71
400 401 401 402 402 402 402 401 402 401 401 402 401 401 401
0 0 0 0 0 0 0 0 0 0
1 1 1 1 0 0 0 0 0 0
1 1 1 1 1 1 0 0 0 0
2 1 1 1 1 1 1 1 1 0
1 1 0 1 0 1 0 0 0 0
1 1 0 1 0 1 0 0 0 0
1 1 0 1 0 1 0 0 0 0
1 1 1 1 1 1 1 1 0 0
1 1 0 1 0 1 0 0 0 0
1 1 1 1 1 1 1 1 1 1
Maze 158
109 446 3.6428571429 2.2001504664 112 0.380191271615780
42 88 98 26 50 80 5 100 67 93 29 13 3 73 87 42
82 400 96 46 400 75 95 97 63 23 23 400 400 83 82
401 400 401 401 400 401 401 401 402 402 401 400 400 401 401
0 0 1 0 1 0 0 0 0 0
0 0 1 0 1 0 0 0 0 0
0 0 1 1 1 1 1 1 1 0
0 0 1 0 1 1 0 0 0 0
0 2 1 0 1 1 1 1 1 1
0 1 1 0 1 1 0 0 0 1
0 1 1 1 1 1 1 0 0 1
0 1 1 0 1 1 1 1 1 1
0 1 1 1 1 1 1 1 0 0
0 0 1 0 1 1 1 1 1 1
Maze 159
89 582 3.2916666667 2.0415697197 50 0.408614561597661
4 10 53 47 55 14 84 5 57 47 34 22 30 58 41 4
400 3 43 45 54 400 4 55 400 44 32 400 28 51 1
400 402 402 402 401 400 402 401 400 401 401 400 402 401 402
1 1 1 2 1 1 1 1 1 1
1 0 1 1 1 0 0 0 0 0
1 1 1 1 1 1 1 1 1 1
1 1 1 1 1 0 0 1 0 0
1 0 1 1 1 1 1 1 0 0
1 1 1 1 1 1 1 1 0 0
0 0 0 1 0 0 0 0 0 0
0 0 0 1 0 0 0 0 0 0
0 0 0 1 0 0 0 0 0 0
0 0 0 0 0 0 0 0 0 0
Maze 160
95 104 3.4509803922 2.1434809406 66 0.382387507348701
46 59 21 36 15 28 76 85 65 13 95 91 17 31 83 46
56 51 31 35 25 26 75 400 63 93 400 11 11 81 43
401 401 401 401 401 402 402 400 401 401 400 402 402 401 402
0 0 0 0 0 0 0 0 0 0
1 1 1 1 1 1 1 0 0 0
1 0 1 0 1 1 1 1 0 0
1 1 1 1 1 1 0 0 0 0
1 0 1 1 1 2 0 0 0 0
1 1 1 1 1 1 1 1 1 0
1 0 1 1 1 1 0 0 0 0
1 0 1 0 1 1 0 0 0 0
1 1 1 0 1 0 0 0 0 0
1 1 1 1 1 0 0 0 0 0
Maze 161
113 813 3.2238805970 2.3245760279 92 0.383875891771178
5 54 28 9 90 44 18 73 4 51 66 73 11 7 79 5
4 24 8 89 84 14 13 3 1 61 63 71 1 77 75
402 402 402 401 401 402 402 402 402 401 402 401 402 401 401
1 1 1 1 2 1 1 1 1 0
1 0 1 1 1 1 1 1 1 0
1 0 1 1 1 1 1 1 1 0
1 0 1 1 1 0 1 0 1 0
1 0 1 1 1 0 1 0 1 0
1 0 1 1 1 0 1 0 1 0
1 1 1 1 1 1 1 0 1 0
1 1 1 1 1 1 1 1 1 0
0 0 0 1 1 1 1 1 1 1
0 0 0 0 0 0 0 0 0 0
Maze 162
117 73 3.3877551020 1.8110688865 113 0.391184581935393
87 85 13 46 98 11 95 31 65 34 39 21 85 13 68 87
400 83 43 96 91 91 91 61 64 400 31 81 83 63 67
400 401 401 401 401 401 401 401 401 400 401 401 401 401 402
0 0 0 0 0 0 0 0 0 0
1 0 1 0 0 0 0 0 0 0
1 0 1 0 0 0 0 0 0 0
1 1 1 1 1 1 1 1 1 0
1 0 1 1 1 1 0 0 0 0
1 0 1 1 0 1 0 0 0 0
1 1 1 1 1 1 1 1 0 0
1 0 1 0 0 1 1 0 0 0
1 1 1 1 1 1 2 0 0 0
1 1 1 1 1 1 1 1 0 0
Maze 163
101 155 3.4117647059 2.0732409278 71 0.393570904120141
70 4 22 69 12 11 45 99 37 64 75 52 79 75 94 70
64 2 62 62 400 41 95 97 34 74 72 72 400 74 64
401 402 401 401 400 401 401 401 402 401 401 401 400 402 402
0 1 1 1 0 0 0 0 0 0
1 1 0 1 0 0 0 0 0 0
1 1 0 1 0 0 0 0 0 0
1 1 0 1 1 1 1 0 0 0
1 1 1 1 1 0 1 0 0 0
0 1 0 1 1 0 1 0 0 0
0 1 1 1 1 1 1 1 1 2
0 1 1 1 1 1 1 1 1 0
0 0 0 1 1 0 1 0 0 0
0 0 0 1 1 1 1 1 1 0
Maze 164
81 10 3.0833333333 2.1487713076 30 0.402589596914989
63 45 53 3 24 35 92 51 61 95 32 90 27 6 54 63
43 43 400 23 34 32 91 400 91 92 82 87 26 4 53
402 402 400 401 401 402 401 400 401 401 401 401 401 402 402
0 0 1 1 1 1 0 0 0 0
0 0 1 1 0 1 0 0 0 0
0 0 1 1 0 1 1 0 0 0
0 1 1 1 1 0 1 0 0 0
0 1 1 1 1 0 1 0 0 0
1 1 1 1 0 0 1 0 0 0
1 1 2 0 0 0 1 0 0 0
1 1 0 0 0 0 1 0 0 0
1 1 1 1 1 1 1 1 1 1
1 1 1 1 1 0 0 0 0 0
Maze 165
103 672 2.8484848485 2.1971563403 66 0.381399060525817
79 19 50 41 70 96 84 3 82 41 19 58 14 61 68 79
400 49 400 61 66 94 83 2 81 11 18 54 11 400 78
400 401 400 401 402 401 401 402 401 402 402 401 402 400 401
0 1 1 0 0 0 0 0 0 0
1 1 1 1 1 1 1 1 1 0
1 1 1 1 0 0 0 1 1 0
1 1 1 1 0 0 0 1 1 0
1 1 1 1 1 1 1 1 1 1
1 1 1 1 1 1 1 1 1 0
1 1 1 1 1 1 1 1 1 1
1 1 1 0 0 1 0 1 2 0
1 1 1 1 0 1 0 0 0 0
0 0 0 1 1 1 0 0 0 0
Maze 166
97 141 2.8333333333 2.1460047655 71 0.380655588727593
66 63 5 41 53 34 80 64 91 99 17 42 6 16 94 66
400 3 1 51 33 74 74 61 400 97 12 2 400 14 64
400 402 402 401 402 401 401 402 400 401 402 402 400 402 402
1 1 1 1 1 1 0 0 0 0
1 1 1 1 1 1 1 0 0 0
1 1 1 1 0 0 1 0 0 0
1 1 1 1 0 0 1 0 0 0
1 1 1 1 0 0 1 0 0 0
1 1 1 1 0 0 1 0 0 0
1 1 1 1 1 2 1 0 0 0
1 0 0 1 1 1 1 1 1 1
1 0 0 1 0 0 1 0 0 0
1 1 1 1 1 1 1 1 1 0
Maze 167
97 25 3.0800000000 1.9567232082 39 0.397593034499350
37 79 41 94 74 41 89 47 20 76 26 17 36 9 80 37
77 71 91 400 71 81 87 17 16 400 16 16 6 79 77
401 401 401 400 401 401 401 402 402 400 402 402 402 401 401
0 0 0 0 0 1 1 1 1 0
0 0 0 0 0 1 1 1 1 1
0 0 0 0 0 1 1 0 1 0
0 0 0 0 0 1 2 0 1 0
1 0 0 0 0 1 1 0 1 0
1 0 0 0 0 1 1 0 1 0
1 0 0 0 0 1 1 0 1 0
1 1 1 1 1 1 1 1 1 1
1 1 1 1 1 1 1 1 1 0
1 1 1 1 0 0 0 0 0 0
Maze 168
105 204 3.4545454545 2.1105177172 97 0.387448217695185
50 11 56 80 12 21 60 70 57 26 15 28 73 17 32 50
41 51 76 72 11 51 400 67 56 25 25 23 13 12 42
401 401 401 401 402 401 400 401 401 401 401 402 402 402 401
0 0 0 0 0 0 0 0 0 0
1 1 1 1 1 1 1 0 0 0
1 1 1 1 1 1 1 1 0 0
1 1 1 0 0 1 0 0 0 0
1 1 1 1 1 1 1 1 1 2
1 1 1 1 1 1 1 1 1 1
0 1 1 0 0 1 1 1 1 1
0 1 1 1 1 1 1 1 1 1
0 0 0 0 0 0 0 0 0 0
0 0 0 0 0 0 0 0 0 0
Maze 169
105 716 3.0769230769 2.3760486196 120 0.370191201056601
96 28 69 52 69 87 40 86 31 51 60 9 43 75 52 96
26 68 62 62 67 37 36 81 400 400 59 3 73 72 92
402 401 401 401 402 402 402 401 400 400 401 402 401 401 401
0 0 1 1 1 1 1 1 1 0
0 0 1 0 0 0 0 0 1 0
0 0 1 0 0 1 1 1 1 0
1 0 1 0 0 1 1 1 1 1
1 0 1 0 0 1 1 1 1 0
1 1 1 1 1 1 1 1 1 1
1 1 1 1 1 1 1 1 1 0
1 1 1 1 1 1 1 0 0 0
1 1 1 1 1 1 1 0 0 0
0 1 1 1 1 2 0 0 0 0
Maze 170
123 111 4.0000000000 2.1347897028 101 0.382882632171244
40 54 72 73 64 16 35 85 29 83 10 82 82 20 94 40
34 52 400 63 14 15 400 25 23 3 2 400 12 14 34
402 402 400 402 402 402 400 402 402 402 402 400 402 402 402
0 1 1 1 1 1 1 1 1 1
0 1 1 1 1 1 1 1 1 1
0 1 1 1 1 1 1 1 1 0
0 1 1 1 1 1 1 1 1 2
0 1 1 1 1 0 0 0 0 0
0 1 1 1 1 0 0 0 0 0
0 1 1 1 1 0 0 0 0 0
0 1 1 1 1 0 0 0 0 0
0 1 1 1 1 0 0 0 0 0
0 0 0 1 0 0 0 0 0 0
Maze 171
105 155 3.5294117647 2.0912913095 90 0.392574352703863
22 63 27 75 48 50 45 90 65 4 43 19 75 7 68 22
62 23 25 45 400 400 85 85 64 3 13 15 5 67 62
401 402 402 402 400 400 401 401 401 402 402 402 402 401 401
0 0 1 1 1 1 1 0 0 0
0 0 1 1 1 1 1 1 1 0
0 2 1 1 1 1 1 0 0 0
0 1 1 1 1 0 1 0 0 0
0 1 1 1 1 1 1 1 1 1
0 1 1 1 1 0 1 0 0 0
0 1 1 1 1 1 1 1 0 0
0 0 0 0 1 0 0 0 0 0
0 0 0 0 1 1 1 1 1 1
0 0 0 0 0 0 0 0 0 0
Maze 172
103 10 3.3333333333 2.0483390199 65 0.412914846503014
21 81 21 69 91 75 2 8 79 48 58 46 60 17 60 21
400 400 61 61 71 72 400 78 78 400 56 56 57 57 51
400 400 401 402 402 401 400 401 401 400 401 401 401 401 401
0 1 1 1 1 1 1 1 0 0
0 1 0 0 0 0 1 1 0 0
2 1 0 0 0 0 1 1 0 0
1 1 0 0 0 0 1 1 0 0
1 1 0 0 0 1 1 1 0 0
1 1 1 1 1 1 1 1 1 1
1 1 1 1 1 1 1 1 1 0
1 1 1 1 1 0 0 1 1 0
1 0 0 0 0 0 0 0 0 0
1 0 0 0 0 0 0 0 0 0
Maze 173
93 65 3.0175438596 2.2367571148 36 0.386275498710974
44 6 36 54 36 21 64 50 8 98 5 94 55 82 41 44
4 400 34 34 31 61 44 48 400 95 4 54 52 81 400
402 400 402 402 401 401 402 401 400 401 402 402 402 401 400
0 0 0 1 1 1 0 1 0 0
0 0 0 1 1 1 0 1 0 0
1 0 0 1 1 1 0 1 0 0
1 1 1 1 1 1 0 1 0 0
1 1 1 2 1 1 1 1 1 1
1 1 1 1 1 0 0 1 0 0
1 1 1 1 1 0 0 1 0 0
1 1 0 1 1 0 0 1 0 0
1 1 0 1 1 0 0 1 0 0
0 0 0 1 1 1 1 1 0 0
Maze 174
103 80 3.2698412698 2.2397489900 71 0.359510378709238
49 79 8 88 90 19 33 35 83 8 51 52 70 92 95 49
400 78 400 400 89 13 400 33 3 1 400 62 62 400 45
400 401 400 400 401 402 400 402 402 402 400 401 402 400 402
1 1 1 1 1 1 1 1 0 0
1 0 1 1 1 1 1 1 1 0
1 0 1 0 0 0 0 1 1 0
1 0 1 1 1 0 0 1 1 0
1 0 1 0 1 1 1 1 2 0
1 1 1 0 1 0 0 1 1 0
0 1 1 1 1 1 1 1 1 1
0 1 1 0 1 0 0 1 1 0
0 1 1 0 1 0 0 1 1 1
0 1 1 1 1 0 0 0 0 0
Maze 175
101 180 3.0645161290 2.2847332286 58 0.383630697296438
51 80 80 67 60 88 51 20 67 47 2 46 7 49 5 51
71 400 77 57 58 81 11 17 400 42 42 6 47 45 1
401 400 401 402 402 401 402 402 400 401 401 402 401 401 402
1 1 1 1 1 1 1 0 0 0
1 1 1 1 1 1 1 1 1 1
1 1 0 0 1 1 1 0 0 0
1 1 0 0 1 1 1 0 0 0
1 1 1 1 1 1 1 1 1 0
2 0 0 0 0 0 1 1 1 1
1 0 0 0 0 0 1 1 0 0
1 1 1 1 1 1 1 1 1 1
1 1 1 1 1 1 1 1 0 0
0 0 0 0 0 0 0 0 0 0
Maze 176
125 3255 3.1081081081 2.2909318890 152 0.391814870538256
90 36 95 10 100 92 1 85 68 71 28 77 84 13 74 90
86 35 5 400 400 91 81 65 61 21 27 74 83 73 84
401 402 402 400 400 401 401 402 402 402 402 402 401 401 401
1 0 0 0 1 1 1 1 1 1
1 0 1 0 1 0 0 0 0 1
1 1 1 1 1 1 1 1 0 1
1 0 1 0 1 1 1 0 0 1
1 0 1 0 1 1 1 0 0 1
1 0 1 0 1 1 1 0 0 1
1 1 1 1 1 1 1 1 0 1
1 0 1 1 1 1 1 0 0 1
1 1 1 1 1 1 1 1 1 2
1 1 1 1 1 1 1 1 1 1
Maze 177
95 117 2.9473684211 2.2002656259 60 0.357861244163093
72 66 41 78 37 16 96 75 79 10 34 7 53 85 31 72
62 61 71 77 36 400 95 400 9 4 4 3 83 81 71
402 401 401 401 401 400 401 400 402 402 402 402 401 401 401
0 0 1 1 1 1 1 1 1 1
0 0 1 1 0 1 0 0 1 0
0 0 1 1 0 1 0 0 1 0
1 0 1 1 0 1 1 0 1 0
1 0 1 0 0 1 1 0 1 0
1 0 1 0 0 1 1 0 1 0
1 1 1 1 1 1 1 0 1 0
1 2 1 1 1 1 1 1 1 0
1 1 1 1 1 1 0 0 0 0
0 0 0 0 1 1 0 0 0 0
Maze 178
113 440 3.5272727273 2.0921563268 75 0.390614977774564
10 94 33 50 65 62 57 56 74 70 56 92 18 93 48 10
4 93 43 45 400 52 400 54 64 66 52 12 13 43 8
402 401 401 402 400 402 400 402 402 401 402 402 402 402 402
0 0 0 1 1 1 1 1 1 2
0 1 1 1 1 1 1 1 0 0
0 1 1 1 0 0 0 1 0 0
0 1 1 1 0 0 0 1 0 0
0 1 1 1 1 1 1 1 1 1
0 1 1 1 1 1 1 0 0 0
0 1 1 1 1 1 1 1 1 1
0 1 1 1 0 0 0 0 0 0
0 1 1 1 0 0 0 0 0 0
0 1 1 1 0 0 0 0 0 0
Maze 179
81 15 3.0384615385 2.2791623505 26 0.377715336933140
83 84 54 42 50 28 38 78 89 21 74 59 34 77 100 83
400 400 52 400 48 400 400 88 81 71 54 54 74 97 93
400 400 401 400 401 400 400 401 401 401 402 401 401 401 401
0 0 0 0 0 0 0 0 0 0
0 0 0 0 0 0 0 0 0 0
1 0 0 0 0 0 0 1 0 0
1 0 0 1 0 0 0 1 0 0
1 1 1 1 1 1 1 1 1 1
1 1 1 1 1 1 1 1 1 0
1 0 0 1 0 0 0 1 0 0
1 1 1 1 1 1 1 1 0 0
1 1 2 1 1 1 1 1 1 0
0 0 1 1 1 1 1 1 1 1
Maze 180
105 466 3.3061224490 1.8638390801 87 0.386813453320519
26 37 74 17 76 39 49 5 72 53 49 92 84 50 1 26
36 34 14 16 36 400 45 2 52 43 42 82 44 41 21
401 402 402 402 402 400 401 402 402 402 402 402 402 401 401
1 1 1 1 1 0 0 0 0 0
1 1 0 1 1 1 1 0 0 0
1 1 1 1 1 2 0 0 0 0
1 1 0 1 1 1 1 1 1 0
1 1 1 1 1 1 1 1 1 1
0 1 1 1 0 1 0 0 0 0
0 1 0 1 0 1 0 0 0 0
0 1 0 1 0 1 0 0 0 0
0 1 1 1 0 0 0 0 0 0
0 1 0 0 0 0 0 0 0 0
Maze 181
87 6 3.2888888889 2.0656215146 40 0.386288957037916
6 33 29 64 28 43 4 26 78 43 74 100 79 69 76 6
3 23 24 24 23 3 24 76 73 73 94 99 400 66 400
402 402 402 402 402 402 401 401 401 401 401 401 400 402 400
0 0 1 1 1 2 0 0 0 0
0 0 1 1 0 1 0 0 0 0
0 0 1 1 1 1 1 1 1 0
0 0 1 1 0 1 0 0 0 0
0 0 1 1 0 1 0 0 0 0
0 0 1 1 0 1 0 0 0 0
0 0 1 1 0 1 1 1 1 0
0 0 1 1 1 1 1 1 1 0
0 0 0 1 0 0 0 0 1 0
0 0 0 1 1 1 1 1 1 1
Maze 182
101 177 2.7037037037 1.8377695075 77 0.393951888514576
78 52 30 86 38 57 31 6 47 57 42 30 68 52 36 78
72 22 26 36 37 51 1 46 400 52 22 28 62 32 76
401 402 402 402 402 401 402 401 400 401 402 402 401 402 401
1 1 1 1 1 1 0 0 0 0
1 0 0 0 0 1 0 0 0 0
1 1 1 1 1 1 1 1 1 1
1 1 1 1 1 1 1 1 0 0
1 1 0 0 0 1 1 1 0 0
1 1 1 1 1 1 1 1 0 0
0 1 1 1 1 1 1 1 0 0
0 1 1 1 1 1 1 2 0 0
0 0 0 0 0 1 0 0 0 0
0 0 0 0 0 0 0 0 0 0
Maze 183
95 63 3.1320754717 2.1871286625 59 0.413421431639158
81 21 62 46 54 21 63 5 98 57 57 15 9 98 49 81
400 61 42 44 51 61 3 95 97 400 55 5 8 48 41
400 401 402 402 401 401 402 401 401 400 401 402 402 402 402
0 0 1 1 1 1 1 1 1 0
0 0 1 0 1 0 0 1 0 0
1 0 1 0 1 0 0 1 0 0
1 0 1 0 1 0 0 1 0 0
1 1 1 1 1 1 1 1 1 0
1 1 1 1 1 1 1 1 0 0
1 1 1 0 1 0 1 1 0 0
1 0 0 0 1 0 1 1 0 0
2 0 0 0 1 0 1 1 0 0
0 0 0 0 1 1 1 1 0 0
Maze 184
113 497 3.2500000000 2.3085739076 83 0.395217942489281
1 84 25 8 90 53 51 97 84 2 42 70 25 96 86 1
81 24 5 88 83 400 91 94 82 400 62 65 95 400 81
401 402 402 401 401 400 401 401 401 400 401 401 401 400 401
2 1 0 0 1 1 1 1 0 0
1 1 0 0 1 0 0 1 0 0
1 1 0 1 1 0 0 1 0 0
1 1 0 1 1 0 0 1 0 0
1 1 0 1 1 0 0 1 0 0
1 1 1 1 1 0 0 1 0 0
1 1 1 1 1 1 1 1 1 1
1 1 1 1 1 0 0 1 0 0
1 1 1 1 1 1 1 1 1 1
1 1 1 1 1 1 1 0 0 0
Maze 185
101 196 3.1428571429 2.1559524309 54 0.381798221679440
25 64 11 22 43 97 7 41 51 4 37 80 52 9 22 25
24 61 21 42 93 400 1 400 1 34 77 72 2 2 400
402 401 401 401 401 400 402 400 402 401 401 401 402 402 400
1 1 1 1 1 1 1 1 1 0
1 1 0 1 0 0 1 0 0 0
1 1 1 1 2 0 1 0 0 0
1 1 0 1 1 1 1 0 0 0
1 1 1 1 0 0 1 0 0 0
1 1 1 1 0 0 1 0 0 0
1 1 1 1 0 0 1 0 0 0
0 1 1 1 1 1 1 1 1 1
0 0 1 0 0 0 1 0 0 0
0 0 1 1 1 1 1 0 0 0
Maze 186
87 214 3.5000000000 2.1976578704 56 0.394433617536970
68 65 85 22 27 62 73 94 48 39 57 71 58 80 24 68
400 400 82 400 22 72 93 44 38 37 51 51 78 74 64
400 400 401 400 402 401 401 402 402 402 402 402 401 401 401
0 0 0 0 0 0 0 0 0 0
0 0 0 0 0 0 0 0 0 0
0 1 1 1 1 1 1 0 0 0
0 1 0 1 0 0 1 1 1 0
0 1 0 1 1 1 1 1 0 0
1 1 1 1 1 1 1 1 0 0
1 1 0 1 1 1 1 2 0 0
1 1 1 1 1 1 1 1 1 1
0 1 1 1 1 0 0 0 0 0
0 0 1 1 0 0 0 0 0 0
Maze 187
85 24 3.0588235294 2.1667049426 50 0.375149495465687
44 27 9 19 38 23 9 94 100 9 53 58 56 73 34 44
24 7 400 18 33 3 4 400 99 3 400 400 53 33 400
402 402 400 402 401 402 402 400 401 402 400 400 402 402 400
0 0 1 1 1 1 1 1 1 0
0 0 1 1 0 0 1 1 1 0
0 0 1 1 1 1 1 1 1 0
0 0 1 1 1 1 1 1 1 0
0 0 1 2 0 0 0 0 1 0
0 0 1 1 1 1 1 1 1 0
0 0 1 1 0 0 0 0 1 0
0 0 1 1 0 0 0 0 1 0
0 0 0 1 0 0 0 0 1 0
0 0 0 1 1 1 1 1 1 1
Maze 188
109 24 3.3877551020 1.8512109579 83 0.369560221646838
82 73 62 100 26 45 100 26 39 91 23 92 13 44 13 82
72 72 92 96 25 95 96 36 31 21 22 12 43 43 12
402 401 401 401 402 401 401 401 402 402 402 402 401 401 402
0 0 0 0 0 0 0 0 0 0
0 1 1 0 0 0 0 0 0 0
1 1 1 0 1 1 0 0 0 0
1 1 1 1 1 1 1 1 1 0
1 1 1 1 1 1 0 0 0 0
1 1 0 0 1 1 0 0 0 0
1 1 0 0 1 1 0 0 0 0
1 1 1 0 1 1 0 0 0 0
1 2 0 0 1 1 0 0 0 0
1 1 1 1 1 1 1 1 1 1
Maze 189
119 813 3.1594202899 2.2535359228 139 0.382398224689812
13 74 98 4 86 27 95 71 16 41 83 97 22 8 48 13
73 94 94 84 26 25 91 11 11 81 93 92 2 400 43
401 401 401 401 402 402 401 402 402 401 401 401 402 400 401
0 1 1 1 1 1 1 1 0 0
1 1 2 1 1 1 0 1 0 0
1 1 1 1 1 1 1 1 0 0
1 1 1 1 1 1 0 1 0 0
1 1 1 1 1 1 1 1 0 0
1 1 1 1 1 1 0 0 0 0
1 1 1 1 1 1 0 0 0 0
1 1 1 1 1 1 0 0 0 0
1 1 1 1 1 1 0 0 0 0
1 1 1 1 1 1 1 1 0 0
Maze 190
73 24 2.6122448980 2.1417088642 16 0.351872703617818
43 4 78 48 87 6 37 6 6 4 82 86 36 28 14 43
3 74 400 47 86 36 36 400 400 2 400 400 26 24 13
402 401 400 402 401 401 401 400 400 402 400 400 402 401 402
0 1 1 1 1 1 0 0 0 0
0 1 1 1 0 1 0 0 0 0
0 1 1 1 1 1 1 1 0 0
0 1 1 1 0 1 1 0 0 0
0 1 2 1 0 1 1 1 0 0
0 1 0 1 0 1 1 1 0 0
0 1 0 1 0 1 1 1 0 0
0 1 0 1 1 1 1 1 0 0
0 1 1 1 1 1 1 0 0 0
0 0 0 0 0 0 0 0 0 0
Maze 191
85 29 3.4761904762 1.9872811796 41 0.388132938053832
59 74 66 62 42 14 17 72 70 48 73 72 6 12 5 59
54 64 400 400 12 400 12 62 68 43 400 2 2 2 55
402 402 400 400 402 400 402 402 401 402 400 402 402 402 401
0 1 1 1 1 1 0 0 0 0
0 1 1 1 1 1 1 0 0 0
0 1 0 0 1 0 0 0 0 0
0 1 0 0 1 0 0 0 0 0
0 1 1 1 1 1 1 1 0 0
0 1 1 1 1 1 1 1 2 0
0 1 1 1 1 1 1 1 1 1
0 1 1 1 0 0 0 0 0 0
0 0 0 0 0 0 0 0 0 0
0 0 0 0 0 0 0 0 0 0
Maze 192
85 30 2.9629629630 2.2847533338 40 0.394940300312641
39 33 72 83 78 91 6 95 89 62 62 84 63 45 17 39
400 32 82 73 71 1 5 85 82 400 82 83 43 15 37
400 402 401 402 402 402 402 402 401 400 401 401 402 402 401
1 1 1 1 1 1 0 0 0 0
1 0 0 0 1 1 1 0 0 0
1 0 0 0 1 0 1 0 0 0
1 1 1 1 1 1 1 1 2 0
1 1 1 1 1 0 0 0 0 0
1 1 1 0 1 0 0 0 0 0
1 1 1 0 1 0 0 0 0 0
1 1 1 1 1 1 1 1 0 0
1 1 1 1 1 1 1 1 1 0
1 0 0 0 1 0 0 0 0 0
Maze 193
85 7 2.9302325581 1.7843356798 50 0.400411995231956
12 53 12 22 58 83 37 58 88 13 73 58 76 64 1 12
52 52 400 52 53 33 57 400 83 400 53 56 74 61 11
401 401 400 401 402 402 401 400 401 400 402 402 401 401 401
1 0 0 0 0 0 0 0 0 0
1 2 1 0 0 0 0 0 0 0
1 1 1 0 0 0 0 0 0 0
1 1 1 1 1 1 1 0 0 0
1 1 1 0 0 0 1 0 0 0
1 1 1 1 1 1 1 1 0 0
1 1 1 1 0 1 0 1 0 0
0 0 1 1 1 1 0 1 0 0
0 0 1 1 1 1 1 1 0 0
0 0 0 0 0 0 0 0 0 0
Maze 194
81 8 2.8461538462 2.2172037100 23 0.378038688931367
81 2 62 45 62 78 65 35 16 80 17 37 37 8 14 81
1 400 42 42 72 75 400 15 76 77 400 400 7 4 11
402 400 402 402 401 401 400 402 401 401 400 400 402 402 402
1 1 0 1 1 1 1 1 0 0
1 1 1 1 1 1 1 0 0 0
1 1 0 0 1 1 1 0 0 0
1 1 0 0 1 1 1 0 0 0
1 1 1 1 1 1 1 0 0 0
1 1 0 0 1 1 1 0 0 0
1 1 0 0 1 1 1 0 0 0
1 1 1 1 1 1 1 1 1 1
2 0 0 0 0 0 0 0 0 0
0 0 0 0 0 0 0 0 0 0
Maze 195
99 88 3.2830188679 2.1421620914 60 0.368683808728426
36 22 58 77 70 31 8 31 63 4 86 51 66 70 69 36
32 52 57 67 61 1 1 61 3 84 81 61 400 400 66
401 401 402 402 401 402 402 401 402 401 401 401 400 400 401
1 1 1 1 1 1 1 1 0 0
1 0 1 1 0 0 0 0 0 0
1 1 1 1 0 0 0 0 0 0
1 1 1 1 1 2 0 0 0 0
1 1 1 1 0 1 0 0 0 0
1 1 1 1 1 1 1 1 0 0
1 1 1 1 1 1 1 1 1 1
1 0 0 1 0 0 1 0 0 0
1 1 1 1 1 1 0 0 0 0
0 0 0 0 0 0 0 0 0 0
Maze 196
81 226 2.9200000000 2.1229762053 35 0.386234955470715
32 46 23 70 79 61 43 29 58 59 29 54 41 26 66 32
42 43 63 69 71 41 23 28 400 400 24 51 21 400 62
401 401 401 402 401 402 402 402 400 400 402 401 402 400 401
0 0 0 0 0 0 0 0 0 0
0 0 0 0 0 0 0 0 0 0
1 1 1 1 1 1 1 1 1 0
1 2 1 1 0 1 0 1 1 0
1 1 1 1 1 1 0 1 1 0
1 1 1 1 0 1 0 1 1 0
1 1 1 1 1 1 1 1 1 1
1 1 1 1 1 1 1 1 1 0
0 0 0 0 0 0 0 0 0 0
0 0 0 0 0 0 0 0 0 0
Maze 197
93 39 2.5806451613 2.1675701093 50 0.384550775384559
35 52 17 26 77 10 20 89 65 51 28 2 26 78 96 35
32 12 16 76 7 400 19 85 61 21 22 22 76 76 95
402 402 402 401 402 400 402 401 401 402 401 401 401 402 401
0 1 0 0 0 0 1 1 1 1
0 1 1 1 1 1 1 0 1 1
1 1 1 1 1 1 1 1 1 0
1 1 1 1 2 1 1 0 1 0
1 1 0 0 1 1 1 0 1 0
1 1 0 0 1 1 1 0 1 0
1 1 1 1 1 1 1 0 1 0
0 0 0 0 1 1 1 1 1 0
0 0 0 0 1 1 1 1 1 0
0 0 0 0 1 1 0 0 0 0
Maze 198
85 38 3.2400000000 2.1913804989 44 0.391748646961458
76 77 4 72 26 64 41 11 7 24 27 9 45 86 37 76
400 74 2 22 24 61 400 1 4 400 7 5 85 36 36
400 401 402 402 402 401 400 402 402 400 402 402 401 402 402
1 1 1 1 1 1 1 1 1 0
1 1 0 1 1 0 1 0 0 0
1 1 1 1 1 1 1 0 0 0
1 1 0 1 1 1 1 0 0 0
1 1 0 1 1 1 0 0 0 0
1 1 0 1 1 1 0 0 0 0
1 1 1 1 1 1 0 0 0 0
0 1 0 1 1 2 1 0 0 0
0 0 0 0 1 1 0 0 0 0
0 0 0 0 0 0 0 0 0 0
Maze 199
103 13 3.3703703704 2.1394928595 42 0.381522767485231
67 77 88 11 60 33 70 74 89 76 64 36 9 14 90 67
400 87 81 51 53 63 64 84 86 74 34 6 4 84 87
400 401 401 401 401 401 402 401 401 401 402 402 402 401 401
0 0 0 1 1 1 1 1 1 0
1 0 0 1 0 1 0 0 0 0
1 0 0 1 0 1 0 0 0 0
1 0 1 1 1 1 0 0 0 0
1 0 1 1 0 0 0 0 0 0
1 1 1 1 1 1 1 1 1 1
1 0 1 1 1 1 2 1 1 1
1 0 0 1 1 1 1 0 0 0
1 1 1 1 1 1 1 1 1 1
0 0 0 0 0 0 0 0 0 0
Maze 200
99 506 3.5686274510 2.1719068963 77 0.379122221975354
23 87 86 86 25 30 61 50 94 94 13 58 41 56 17 23
83 400 400 85 400 21 41 44 400 93 53 51 51 16 13
401 400 400 401 400 402 402 402 400 401 401 401 401 402 402
0 0 0 0 0 0 0 0 0 0
0 0 1 1 1 1 1 0 0 0
1 1 2 1 1 1 1 1 1 1
1 0 1 0 1 1 0 0 0 0
1 1 1 1 1 1 1 1 1 1
1 1 1 1 1 1 1 1 0 0
1 0 1 1 1 0 0 0 0 0
0 0 1 1 1 0 0 0 0 0
0 0 1 1 1 1 1 0 0 0
0 0 1 1 0 0 0 0 0 0
