numMazes: 200
mazeSize: 10
Maze 1
93 361 3.2400000000 2.0145797774 45 0.381499754300828
100 53 65 72 14 86 3 26 16 55 5 55 12 74 59 100
93 63 62 12 84 83 23 400 15 400 400 52 72 54 99
401 401 402 402 401 401 401 400 402 400 400 401 401 402 401
0 0 1 0 1 0 0 0 0 0
0 1 1 1 1 1 0 0 0 0
0 1 1 1 1 1 0 0 0 0
0 1 1 1 1 0 0 0 0 0
0 1 1 1 1 0 0 0 0 0
0 1 1 1 1 1 1 1 1 0
0 1 1 1 1 0 0 0 1 0
0 1 1 1 0 0 0 0 1 0
0 0 1 1 1 1 0 0 1 0
0 0 1 1 1 1 1 1 1 2
Maze 2
101 97 3.0000000000 2.1754232752 54 0.385248644808251
100 38 27 19 68 41 57 85 61 3 60 13 44 5 34 100
98 37 17 18 61 51 55 81 1 53 53 43 4 4 94
401 401 402 402 401 401 402 401 402 401 401 401 402 402 401
1 1 1 1 1 0 0 0 0 0
1 0 1 1 0 0 1 1 1 0
1 0 1 1 0 0 1 1 0 0
1 0 1 1 0 0 1 1 0 0
1 0 1 1 0 0 0 1 0 0
1 1 1 1 1 1 1 1 1 1
1 1 1 1 1 1 1 1 0 0
1 0 0 1 1 0 0 1 0 0
1 1 1 1 1 0 0 1 0 0
0 0 0 1 1 1 1 1 1 2
Maze 3
93 619 2.9830508475 2.2554445732 56 0.386748117726790
24 29 49 97 33 48 11 23 6 15 76 33 37 52 70 24
400 400 47 93 43 41 21 3 5 75 73 400 32 62 64
400 400 402 401 401 401 401 402 402 401 401 400 402 401 401
0 0 1 1 1 1 0 0 0 0
1 0 1 0 1 0 0 0 0 0
1 1 1 2 1 1 1 1 1 0
1 1 1 1 1 1 1 0 1 0
1 1 1 1 1 1 1 1 1 0
0 1 1 1 1 0 1 0 0 0
0 1 1 1 1 1 1 1 1 1
0 0 1 1 1 1 1 0 0 0
0 0 1 0 0 0 1 0 0 0
0 0 1 1 1 1 1 0 0 0
Maze 4
113 2973 3.3333333333 2.0675427230 86 0.387284915602528
94 16 70 60 84 10 70 35 13 67 8 85 70 39 18 94
14 66 400 54 4 400 65 33 63 7 5 65 69 38 14
402 401 400 402 402 400 401 401 401 402 402 402 401 401 402
0 0 0 1 1 1 1 1 1 1
0 0 1 1 1 1 1 1 0 1
0 0 1 1 1 1 1 1 0 1
0 0 1 1 1 1 1 1 1 1
0 0 1 1 1 1 1 0 1 1
0 0 1 1 1 1 1 1 1 1
0 0 1 1 1 1 1 1 1 1
0 0 0 1 1 0 0 0 0 0
0 0 0 1 1 0 0 0 0 0
0 0 0 2 0 0 0 0 0 0
Maze 5
107 326 3.4098360656 2.2753215449 91 0.384936245077627
51 85 42 7 11 18 64 95 84 26 51 37 88 17 93 51
81 82 2 1 400 14 94 94 24 21 31 87 87 13 91
401 401 402 402 400 402 401 401 402 402 402 401 401 402 401
1 1 1 1 1 1 1 0 0 0
1 1 1 1 1 1 1 1 0 0
1 1 1 1 1 1 1 0 0 0
1 1 1 1 1 1 1 0 0 0
1 1 1 1 0 0 1 0 0 0
2 1 1 1 0 0 1 0 0 0
1 1 1 1 0 0 1 0 0 0
1 1 1 1 0 0 1 0 0 0
1 1 1 1 1 0 1 1 0 0
1 1 1 1 1 0 0 0 0 0
Maze 6
85 3 3.0638297872 1.8985978407 45 0.370637527769891
75 74 24 84 19 7 41 81 62 48 42 12 48 7 68 75
400 400 400 14 17 1 400 61 42 400 400 42 47 67 65
400 400 400 402 401 402 400 402 402 400 400 401 401 401 402
1 1 1 1 1 1 1 0 0 0
1 1 0 1 1 1 1 1 1 0
1 1 0 1 0 0 1 0 0 0
1 1 0 1 0 0 1 0 0 0
1 1 1 1 1 1 1 1 0 0
1 1 0 1 0 0 1 0 0 0
1 1 0 1 1 1 1 1 0 0
1 0 0 1 2 0 0 0 0 0
1 0 0 1 0 0 0 0 0 0
0 0 0 0 0 0 0 0 0 0
Maze 7
123 60 3.8636363636 1.7319628628 133 0.393112213432879
54 1 76 12 34 83 35 92 41 39 73 81 40 19 91 54
51 71 72 32 33 33 32 91 31 33 71 31 39 11 51
401 401 401 401 402 402 402 401 402 402 402 402 401 402 402
1 0 0 0 0 0 0 0 0 0
1 1 1 1 1 1 1 1 1 0
1 1 0 0 0 0 0 0 1 0
1 1 1 1 1 1 1 1 1 1
1 1 1 0 0 0 0 0 0 0
1 1 1 2 0 0 0 0 0 0
1 1 1 0 0 0 0 0 0 0
1 1 1 1 1 1 0 0 0 0
1 1 1 0 0 0 0 0 0 0
1 1 0 0 0 0 0 0 0 0
Maze 8
87 1596 3.2400000000 2.2087334001 40 0.381442672868918
39 64 91 56 18 73 71 42 86 26 16 98 97 83 47 39
34 61 51 16 13 400 41 82 400 400 96 400 93 43 37
402 402 402 402 402 400 402 401 400 400 401 400 401 402 402
0 0 0 0 0 0 0 0 0 0
0 0 1 1 1 1 1 1 0 0
0 0 1 0 0 1 0 0 0 0
0 0 1 1 1 1 1 1 2 0
1 1 1 1 1 1 1 0 0 0
1 1 1 1 1 1 0 0 0 0
1 1 1 1 0 1 0 0 0 0
1 1 1 0 0 1 0 0 0 0
1 1 1 1 1 1 0 0 0 0
1 0 1 1 1 1 1 1 0 0
Maze 9
87 65 2.9259259259 2.2116705953 33 0.380901232546359
21 21 93 7 85 92 80 29 83 67 53 54 54 66 25 21
400 91 3 5 82 72 79 23 63 63 400 400 64 65 400
400 401 402 402 402 402 401 402 402 401 400 400 401 401 400
0 0 1 1 1 1 1 0 0 0
0 0 1 0 1 0 0 0 0 0
2 1 1 1 1 1 1 1 1 0
1 0 1 0 1 0 0 0 1 0
1 0 1 0 1 0 0 0 1 0
1 0 1 1 1 0 0 0 1 0
1 0 1 1 1 1 1 0 1 0
1 1 1 1 1 1 1 1 1 1
1 1 1 1 1 0 0 0 0 0
1 1 1 0 0 0 0 0 0 0
Maze 10
109 259 3.4285714286 2.2247699214 92 0.400105885494157
20 21 91 44 2 85 3 1 59 12 51 37 50 45 5 20
11 400 41 42 82 83 400 51 52 11 31 47 400 400 15
402 400 402 401 401 401 400 401 401 402 402 401 400 400 401
1 1 1 0 1 0 0 0 0 0
1 1 1 1 1 1 1 1 1 2
1 1 1 0 1 0 0 0 0 0
1 1 1 1 1 1 1 0 0 0
1 1 1 1 1 1 1 1 1 1
1 1 1 1 1 1 1 1 1 0
1 1 1 0 0 0 0 0 0 0
1 1 1 0 0 0 0 0 0 0
1 1 1 1 1 0 0 0 0 0
1 0 0 0 0 0 0 0 0 0
Maze 11
89 285 2.8928571429 2.1500941839 45 0.366862473674784
28 88 82 85 56 19 77 88 36 2 95 56 81 82 69 28
400 400 400 55 16 17 87 86 32 92 55 51 400 62 68
400 400 400 402 402 402 401 401 401 401 402 402 400 402 401
0 1 0 0 0 0 0 0 0 0
0 1 0 0 0 1 1 1 1 0
0 1 0 0 0 1 1 2 0 0
0 1 1 1 1 1 1 1 0 0
0 1 0 0 0 1 1 1 0 0
1 1 1 1 1 1 1 1 0 0
1 1 1 1 1 1 1 1 1 0
1 1 0 0 1 1 1 1 0 0
1 1 1 1 1 1 1 1 0 0
0 1 1 1 1 0 0 0 0 0
Maze 12
99 1560 2.9032258065 2.1754232752 64 0.401783915403070
75 92 54 70 93 44 29 28 90 71 37 77 44 30 18 75
72 52 64 63 43 24 400 88 81 31 400 74 24 28 15
402 402 401 402 402 402 400 401 401 402 400 401 402 401 402
0 0 0 0 0 0 0 0 0 0
0 0 0 0 1 1 1 1 0 0
0 0 0 1 1 1 1 1 1 1
1 1 1 1 1 1 1 1 0 0
1 0 1 1 1 0 1 1 0 0
1 1 1 1 1 0 1 1 0 0
1 1 1 1 1 1 1 1 1 1
1 1 1 1 2 1 1 1 0 0
1 1 1 1 1 1 1 1 1 1
0 1 1 0 0 0 0 0 0 0
Maze 13
121 285 3.3333333333 2.1242832090 118 0.379898377344115
13 61 47 33 31 3 85 78 30 91 38 11 98 12 42 13
11 41 43 400 1 83 75 28 21 31 31 91 92 400 12
402 402 401 400 402 401 402 402 402 402 401 401 401 400 402
1 1 1 0 0 0 0 0 0 0
1 1 2 0 0 0 0 0 0 0
1 1 1 1 1 1 1 1 1 1
1 1 1 1 1 1 1 1 0 0
1 1 1 1 1 1 1 1 0 0
1 1 1 0 0 0 0 1 0 0
1 1 1 0 0 0 0 1 0 0
1 1 1 0 1 1 1 1 0 0
1 1 1 1 1 0 0 0 0 0
1 1 1 1 1 1 1 1 0 0
Maze 14
91 54 3.3333333333 2.2286107981 44 0.372607327383991
41 80 81 13 16 49 34 65 37 23 84 23 72 85 51 41
71 71 11 400 46 44 64 35 33 83 83 22 82 81 400
401 402 402 400 401 401 401 402 401 401 401 402 401 401 400
0 0 0 0 0 0 0 0 0 0
1 1 1 1 1 1 0 0 0 0
1 1 1 0 0 1 0 0 0 0
1 1 1 1 1 1 1 0 0 0
2 1 1 1 1 1 1 1 1 0
1 1 1 1 1 0 0 0 0 0
1 1 1 1 1 0 0 0 0 0
1 1 1 1 1 1 1 1 1 1
1 1 1 1 1 0 0 0 0 0
0 0 0 0 0 0 0 0 0 0
Maze 15
109 56 2.7540983607 2.0281993247 87 0.373651169983638
83 92 15 86 64 76 9 65 80 17 9 63 92 89 14 83
82 12 85 84 74 6 5 75 77 7 3 62 82 84 13
402 402 401 401 401 402 402 401 401 402 402 402 402 401 402
0 0 1 1 1 1 1 1 1 0
0 1 1 1 1 1 1 0 0 0
0 1 1 1 1 1 1 0 0 0
0 1 1 1 1 1 1 0 0 0
0 1 1 1 1 1 1 0 0 0
0 1 1 1 1 1 1 0 0 0
0 1 1 1 1 1 1 0 0 0
0 1 1 1 1 1 1 1 1 1
0 1 2 1 1 1 1 1 1 0
0 1 0 0 0 0 0 0 0 0
Maze 16
95 17 3.1836734694 2.0145797774 70 0.387286676909245
42 70 52 68 43 7 5 79 76 97 36 86 60 82 71 42
62 62 62 63 3 400 75 400 96 96 400 56 52 81 41
401 401 401 401 402 400 401 400 401 401 400 402 402 401 402
0 0 1 1 1 1 1 0 0 0
0 0 1 0 1 0 0 0 0 0
0 0 1 0 1 0 0 0 0 0
0 0 1 0 1 1 0 0 0 0
1 2 1 0 1 1 0 0 0 0
1 1 1 1 1 1 1 1 1 1
1 1 1 1 1 1 1 1 1 1
1 1 0 0 1 1 1 1 1 0
1 1 0 0 0 1 0 0 0 0
0 0 0 0 0 1 1 0 0 0
Maze 17
105 23 3.3061224490 1.9627286949 105 0.379481461862109
14 29 36 86 7 55 11 29 11 45 78 73 21 2 91 14
24 26 400 6 5 51 21 21 41 75 400 71 1 1 11
401 402 400 402 402 401 401 401 401 401 400 401 402 402 402
1 1 0 0 1 1 1 0 0 0
1 1 1 2 1 1 0 0 0 0
1 1 1 1 1 1 1 1 1 0
1 0 0 0 1 1 0 0 0 0
1 1 1 1 1 1 0 0 0 0
1 1 1 1 1 1 0 0 0 0
1 0 0 0 1 1 0 0 0 0
1 1 1 1 1 1 1 1 0 0
1 0 0 0 0 1 0 0 0 0
1 0 0 0 0 0 0 0 0 0
Maze 18
111 149 3.3571428571 2.0332993979 112 0.388391786020681
21 49 30 54 89 24 97 59 75 53 12 74 68 33 68 21
41 29 24 84 84 94 57 55 73 52 72 64 63 63 61
401 402 402 401 401 401 402 402 401 401 401 402 401 401 401
0 0 0 0 0 0 0 0 0 0
0 1 0 0 0 0 0 0 0 0
2 1 0 1 1 1 1 1 1 1
1 1 1 1 0 0 0 0 1 0
1 1 1 1 1 1 1 1 1 0
1 1 1 1 1 1 1 1 1 0
1 1 1 1 1 1 1 1 0 0
0 1 1 1 1 0 1 0 0 0
0 0 0 1 1 1 1 1 1 0
0 0 0 1 1 1 1 0 0 0
Maze 19
97 200 3.3333333333 2.1705323067 71 0.394651590716928
62 1 3 87 61 50 63 72 27 55 70 72 54 41 11 62
61 400 83 81 41 43 62 22 25 65 62 52 51 400 61
401 400 401 401 402 402 402 402 402 401 402 402 401 400 401
1 1 1 0 0 0 0 0 0 0
1 0 1 0 0 0 0 0 0 0
1 1 1 1 1 1 1 0 0 0
1 1 1 0 1 0 0 0 0 0
1 1 1 1 1 1 1 1 1 1
1 1 1 1 1 0 0 0 0 0
1 2 1 1 1 1 1 1 1 1
1 1 1 0 0 0 0 0 0 0
1 1 1 1 1 1 1 0 0 0
0 0 0 0 0 0 0 0 0 0
Maze 20
81 19 2.7169811321 2.1524182109 35 0.409861418910227
63 8 45 41 41 25 90 6 10 39 37 58 60 89 45 63
3 5 400 400 21 85 86 400 9 400 57 400 59 85 43
402 402 400 400 402 401 401 400 402 400 401 400 402 401 402
0 0 1 1 1 1 1 1 1 1
0 0 1 0 1 1 0 0 1 0
1 1 1 1 1 1 0 0 1 0
1 0 1 0 1 1 1 1 1 0
1 1 1 1 1 1 1 0 0 0
0 0 1 0 1 1 1 1 1 1
0 0 2 0 1 1 0 0 1 0
0 0 0 0 1 1 0 0 1 0
0 0 0 0 1 1 1 1 1 1
0 0 0 0 0 0 0 0 0 0
Maze 21
101 27 3.7073170732 1.7750169439 51 0.376933582391920
66 14 77 44 20 72 35 3 51 19 14 65 26 23 34 66
64 74 74 14 12 32 33 1 11 400 64 25 400 33 64
401 401 401 402 402 402 401 402 402 400 401 402 400 401 401
1 1 1 0 0 0 0 0 0 0
1 1 1 1 1 1 1 1 1 1
1 1 1 1 1 1 0 0 0 0
1 1 1 1 1 0 0 0 0 0
1 1 0 1 1 0 0 0 0 0
1 1 0 1 1 0 0 0 0 0
0 1 0 1 1 2 0 0 0 0
0 1 0 1 1 1 1 0 0 0
0 0 0 0 0 0 0 0 0 0
0 0 0 0 0 0 0 0 0 0
Maze 22
79 112 2.9795918367 2.1908691810 23 0.357921603794946
41 33 43 80 49 88 37 54 94 63 13 11 68 53 76 41
31 400 73 79 48 87 34 400 93 400 400 61 63 73 71
402 400 401 401 402 401 402 400 401 400 400 401 401 401 401
0 0 0 0 0 0 0 0 0 0
1 1 1 0 0 0 0 0 0 0
1 0 1 0 0 0 0 0 0 0
1 1 1 1 1 1 1 0 0 0
2 0 1 1 0 0 1 1 1 0
1 0 1 1 0 0 1 1 1 0
1 1 1 1 1 1 1 1 1 0
1 1 1 1 1 1 1 1 1 1
0 0 1 1 0 0 1 1 0 0
0 0 1 1 0 0 0 0 0 0
Maze 23
95 7 3.0769230769 2.0466196453 39 0.351101048014628
46 37 39 52 62 98 97 56 41 39 10 11 2 10 91 46
36 400 32 400 92 400 96 51 31 9 1 1 400 1 41
402 400 402 400 401 400 401 401 402 402 402 402 400 402 402
1 1 1 1 1 1 1 1 1 1
1 0 0 0 0 0 0 0 1 0
1 0 0 0 0 0 0 0 1 0
1 1 1 1 1 1 1 1 1 0
1 1 1 1 1 2 0 0 0 0
1 1 1 1 1 1 0 0 0 0
1 1 0 0 0 1 0 0 0 0
1 1 0 0 0 1 0 0 0 0
1 1 0 0 0 1 0 0 0 0
1 1 1 1 1 1 1 1 0 0
Maze 24
87 83 2.9000000000 2.3588635886 50 0.378681549015165
12 88 48 57 53 94 40 49 78 90 70 12 2 8 51 12
82 400 47 400 93 34 39 48 88 400 62 400 400 1 11
401 400 402 400 401 402 402 402 401 400 401 400 400 402 402
1 1 1 1 1 1 1 1 0 0
1 2 0 0 0 0 0 0 0 0
1 1 0 0 0 0 0 0 0 0
1 1 0 1 1 1 1 1 1 1
1 1 0 1 0 0 1 1 1 0
1 1 1 1 1 1 1 1 0 0
0 1 1 1 1 1 1 1 1 1
0 1 1 1 0 0 0 1 0 1
0 1 1 1 1 1 1 1 1 1
0 0 1 1 0 0 0 0 0 0
Maze 25
83 20 3.1836734694 2.1525993444 30 0.375738542336182
33 58 86 36 18 37 5 14 45 33 92 22 3 64 10 33
53 56 400 16 17 35 4 44 43 32 400 2 63 4 3
401 402 400 402 402 401 402 401 401 402 400 402 401 402 402
0 1 1 1 1 1 1 1 1 1
0 1 1 1 1 1 1 1 0 0
0 1 1 1 1 1 1 0 0 0
0 1 2 1 1 1 1 0 0 0
0 1 1 1 1 1 0 0 0 0
0 1 1 1 1 1 1 1 0 0
0 1 1 1 0 1 0 0 0 0
0 1 0 0 0 1 0 0 0 0
0 1 0 0 0 1 0 0 0 0
0 1 0 0 0 0 0 0 0 0
Maze 26
93 15 3.5348837209 1.9447890740 36 0.375429083809916
80 89 61 51 82 50 13 83 75 92 53 35 12 92 32 80
79 81 400 81 42 43 400 73 72 52 33 32 400 400 72
402 401 400 401 402 401 400 402 402 402 402 401 400 400 401
0 0 0 0 0 0 0 0 0 0
0 1 1 0 0 0 0 0 0 0
0 1 1 0 0 0 0 0 0 0
0 1 1 1 1 0 0 0 0 0
0 1 1 1 1 1 1 1 1 1
1 1 1 0 0 0 0 0 0 0
1 1 1 0 0 0 0 0 0 0
1 1 1 1 1 1 1 1 1 2
1 1 1 1 1 1 1 1 1 0
0 1 0 0 0 0 0 0 0 0
Maze 27
97 554 3.5294117647 2.1035508285 71 0.394151297521466
75 83 27 92 55 61 69 38 17 42 40 25 3 20 37 75
73 23 22 52 51 400 68 37 12 32 35 23 13 17 35
402 402 402 402 402 400 401 401 402 402 401 401 401 402 402
0 0 1 0 0 0 0 0 0 0
0 1 1 1 1 1 1 1 1 1
0 1 1 1 1 1 1 0 0 0
0 1 1 1 1 1 1 1 1 1
0 1 1 0 1 0 0 1 0 0
1 1 1 1 1 0 0 1 0 0
1 1 1 1 1 1 1 1 1 0
0 1 1 1 2 0 0 0 0 0
0 1 1 0 0 0 0 0 0 0
0 1 0 0 0 0 0 0 0 0
Maze 28
97 25 2.8000000000 2.1132139551 48 0.400071828187694
81 5 35 100 61 89 54 58 40 85 73 45 55 58 95 81
1 400 95 91 81 84 400 38 35 83 43 400 400 55 91
402 400 401 401 401 401 400 402 402 401 402 400 400 402 401
1 1 1 1 1 0 0 0 0 0
1 0 0 0 1 0 0 0 0 0
1 0 0 0 1 0 0 0 0 0
1 0 0 0 1 1 1 1 1 1
1 0 1 1 1 0 0 1 0 0
1 0 1 1 1 1 1 1 0 0
1 0 1 1 1 0 0 0 0 0
1 0 1 1 1 0 0 0 0 0
2 1 1 1 1 1 1 1 1 0
1 1 1 1 1 1 1 1 1 1
Maze 29
81 273 2.8070175439 2.4050125562 30 0.389818259013998
67 64 51 18 28 10 56 83 72 40 55 34 29 87 58 67
400 61 11 400 8 6 53 82 32 35 54 24 27 57 57
400 401 402 400 402 402 402 401 402 402 401 402 402 402 402
0 0 0 0 0 1 1 1 1 1
1 1 1 1 1 1 1 1 0 0
1 0 0 1 1 1 1 1 1 0
1 1 1 1 1 1 1 1 1 1
1 1 0 1 1 1 1 0 0 0
1 1 1 1 1 1 1 1 0 0
1 1 1 1 1 1 2 0 0 0
0 1 1 0 0 0 1 0 0 0
0 1 1 0 0 0 1 0 0 0
0 0 0 0 0 0 0 0 0 0
Maze 30
117 45 3.5932203390 2.1892069608 126 0.389597931586422
73 50 35 6 27 3 80 81 55 22 65 20 46 93 1 73
43 45 5 26 23 73 71 51 52 62 15 16 43 91 71
402 401 402 401 401 401 402 402 401 401 402 402 402 401 401
1 0 1 0 1 1 0 0 0 0
1 0 1 0 1 1 1 1 1 1
1 1 1 1 1 1 1 0 0 0
1 1 1 0 1 1 0 0 0 0
1 1 1 1 1 1 1 1 1 1
1 1 1 1 1 0 0 0 0 0
1 1 1 1 1 0 0 0 0 0
1 1 2 1 1 1 1 1 1 1
1 0 1 0 0 0 0 0 0 0
1 1 1 0 0 0 0 0 0 0
Maze 31
105 207 3.3846153846 2.0651501681 87 0.375179253918085
39 63 59 87 36 39 97 72 23 22 10 55 12 45 92 39
33 53 57 86 400 37 92 22 400 2 5 52 42 42 32
402 402 402 401 400 402 401 402 400 402 402 401 401 402 402
0 1 1 1 1 1 1 1 1 1
0 1 0 0 1 0 0 0 0 0
0 1 1 0 1 0 0 0 0 0
0 1 1 1 1 1 1 1 2 0
0 1 1 1 1 1 1 0 0 0
0 1 1 1 1 1 1 1 1 0
0 1 1 0 0 1 1 0 0 0
0 1 0 0 0 1 1 0 0 0
0 1 0 0 0 1 1 0 0 0
0 1 1 1 1 1 1 0 0 0
Maze 32
89 67 3.0869565217 1.9078300505 50 0.366334326619717
43 88 40 35 72 15 66 35 38 72 32 61 68 14 35 43
83 38 400 32 12 65 65 400 32 400 31 400 64 34 33
401 402 400 402 402 401 401 400 402 400 402 400 401 401 402
0 0 0 0 0 0 0 0 0 0
0 1 1 1 1 0 0 0 0 0
0 1 0 1 1 0 0 0 0 0
1 1 1 1 1 1 1 1 1 1
1 1 2 1 1 0 0 1 0 0
1 1 1 1 1 0 0 1 0 0
1 1 1 1 1 1 1 1 0 0
0 1 1 0 0 0 0 1 0 0
0 0 1 1 1 1 1 1 0 0
0 0 0 0 0 0 0 0 0 0
Maze 33
77 35 2.9583333333 2.2010812680 26 0.366807017571953
31 74 82 69 96 98 29 21 46 30 29 50 32 61 42 31
71 72 62 66 400 28 400 41 26 400 49 42 31 41 41
401 402 402 402 400 402 400 401 402 400 401 401 402 402 401
0 0 0 0 0 0 0 0 0 0
0 0 0 0 0 0 0 0 0 0
1 1 1 1 1 1 1 1 1 1
2 1 0 0 0 1 0 1 1 0
1 1 1 1 1 1 1 1 1 1
1 0 0 0 0 0 0 1 0 0
1 1 1 1 1 1 1 1 1 0
1 1 1 1 0 1 0 1 0 0
0 1 0 0 0 1 0 1 0 0
0 0 0 0 0 1 1 1 0 0
Maze 34
91 100 3.0196078431 2.1004771775 50 0.388119284825851
45 72 21 49 24 66 26 95 11 67 67 60 40 88 49 45
42 71 41 44 64 400 25 91 61 400 57 400 38 48 400
402 401 401 401 401 400 402 401 401 400 402 400 402 402 400
0 0 0 0 0 0 0 0 0 0
1 0 0 0 0 0 0 0 0 0
1 0 0 1 1 1 0 0 0 0
1 0 0 1 1 1 0 1 1 1
1 1 1 1 2 1 1 1 1 1
1 1 0 1 1 1 1 1 1 1
1 1 1 1 1 1 1 1 0 0
1 1 0 0 1 0 0 1 0 0
1 0 0 0 1 0 0 1 0 0
1 1 1 1 1 0 0 0 0 0
Maze 35
83 34 3.3478260870 2.1309185258 30 0.375658603227723
62 89 33 1 23 34 35 65 60 78 34 82 47 93 53 62
82 83 31 21 33 400 400 55 58 74 32 42 43 400 52
401 401 401 401 401 400 400 402 402 401 402 402 402 400 402
1 0 0 0 0 0 0 0 0 0
1 0 0 0 0 0 0 0 0 0
1 1 1 0 0 0 0 0 0 0
1 1 1 1 1 0 0 0 0 0
0 1 1 1 1 1 1 0 0 0
0 1 1 1 1 1 1 1 1 1
0 2 1 1 1 0 0 1 0 0
0 1 1 1 1 1 1 1 0 0
0 1 1 1 1 1 1 1 1 0
0 0 1 0 0 0 0 0 0 0
Maze 36
105 71 3.2631578947 2.1789070910 105 0.372298539461070
27 99 35 98 31 80 85 67 44 14 3 23 15 1 93 27
97 95 95 91 71 75 65 64 400 13 400 13 11 91 23
401 401 401 401 401 402 402 401 400 401 400 402 401 401 402
1 0 1 0 0 0 0 0 0 0
1 1 1 1 1 0 0 0 0 0
1 0 1 1 1 1 2 0 0 0
1 0 1 1 1 0 1 0 0 0
1 0 1 1 1 0 1 0 0 0
1 0 1 1 1 0 1 0 0 0
1 0 1 1 1 1 1 0 0 0
1 1 1 1 1 1 1 1 1 1
1 0 1 0 1 0 1 0 0 0
1 1 1 1 1 1 1 1 1 0
Maze 37
101 116 3.8604651163 1.9368434983 77 0.391603073596059
78 91 65 48 93 88 42 83 33 49 82 67 100 97 37 78
71 61 45 43 83 82 82 400 43 42 62 97 400 400 77
402 402 402 402 402 401 401 400 401 402 402 401 400 400 401
0 0 0 0 0 0 0 0 0 0
0 0 0 0 0 0 0 0 0 0
0 0 0 0 0 0 0 0 0 0
0 0 1 0 0 0 1 0 0 0
0 1 1 1 1 1 1 1 1 0
0 1 1 0 1 0 1 0 0 0
1 1 1 1 1 1 1 0 0 0
1 1 1 1 1 1 1 2 0 0
1 1 1 1 1 1 1 1 0 0
1 0 1 0 0 0 1 1 1 1
Maze 38
131 902 3.2666666667 1.8980266846 210 0.387152262365257
38 24 80 51 25 47 70 2 37 2 92 14 89 50 82 38
34 74 71 21 45 67 62 32 32 400 12 84 49 42 32
401 401 401 402 401 401 401 401 401 400 402 401 402 402 402
0 1 0 0 0 0 0 0 0 0
0 1 1 1 0 0 0 0 0 0
1 1 1 1 1 0 0 0 0 0
1 1 1 1 1 1 1 2 0 0
1 1 1 1 1 1 1 1 1 1
1 1 0 1 0 0 1 0 1 0
1 1 1 1 1 1 1 1 1 1
1 1 1 1 1 1 1 1 1 1
0 1 0 1 1 1 1 1 1 0
0 1 0 0 0 0 0 0 0 0
Maze 39
91 66 3.8000000000 1.9747366924 45 0.403843004236249
11 88 43 94 43 73 45 88 68 100 98 78 76 81 69 11
81 83 93 93 400 43 85 400 98 400 400 400 71 61 61
401 401 401 401 400 402 401 400 401 400 400 400 402 402 401
0 0 0 0 0 0 0 0 0 0
2 0 0 0 0 0 0 0 0 0
1 0 0 0 0 0 0 0 0 0
1 0 0 0 0 0 0 0 0 0
1 0 1 1 1 0 0 0 0 0
1 0 1 0 1 0 0 0 0 0
1 1 1 1 1 1 1 1 1 0
1 1 1 1 1 1 1 1 0 0
1 1 1 1 1 1 1 1 0 0
0 0 1 1 0 0 0 1 1 1
Maze 40
97 411 3.4901960784 2.1611569762 60 0.382018724368914
21 92 30 43 77 86 75 91 32 67 47 23 89 34 21 21
91 22 23 73 76 85 71 31 62 400 43 83 84 31 400
401 402 402 401 402 401 402 402 401 400 401 401 401 401 400
0 0 0 0 0 0 0 0 0 0
0 0 0 0 0 0 0 0 0 0
2 1 1 1 1 1 1 1 1 1
1 1 1 1 0 0 0 0 0 0
1 1 1 1 1 1 1 0 0 0
1 1 1 1 0 0 1 0 0 0
1 1 1 1 1 1 1 0 0 0
1 1 1 1 1 1 1 0 0 0
1 1 1 1 1 1 1 1 1 0
1 1 0 0 0 0 0 0 0 0
Maze 41
87 172 2.9629629630 2.1945283944 50 0.376099233595625
22 29 20 78 3 55 19 30 47 21 83 57 85 35 23 22
400 19 18 73 53 15 29 27 41 81 53 55 400 33 400
400 402 402 401 401 402 401 402 401 401 402 402 400 401 400
0 0 1 0 0 0 0 0 0 0
0 0 1 0 1 1 1 1 1 1
1 2 1 1 1 1 1 1 1 1
1 0 1 1 1 0 1 1 0 0
1 1 1 1 1 1 1 1 0 0
1 0 1 1 1 1 1 1 0 0
1 0 1 0 1 0 0 1 0 0
1 0 1 1 1 1 1 1 0 0
1 1 1 0 1 0 0 0 0 0
0 0 0 0 0 0 0 0 0 0
Maze 42
109 429 3.1384615385 2.2742792991 120 0.389564778880910
17 37 71 6 44 78 19 82 32 29 86 93 46 28 54 17
400 31 1 4 74 18 12 400 22 26 83 43 26 24 14
400 402 402 402 401 402 402 400 402 402 402 402 402 402 402
1 1 1 1 1 1 0 0 0 0
1 1 1 1 1 1 2 1 1 0
1 1 1 1 1 1 1 1 1 0
1 1 1 1 1 1 1 1 0 0
1 1 1 1 1 1 0 1 0 0
1 1 1 1 0 1 0 1 0 0
1 1 1 1 0 1 0 1 0 0
1 1 1 1 1 1 1 1 0 0
0 1 1 1 1 1 0 0 0 0
0 0 1 0 0 0 0 0 0 0
Maze 43
85 31 2.8085106383 1.9562299112 56 0.377113947385757
5 2 28 79 94 45 60 44 18 16 93 84 60 60 4 5
400 22 78 74 44 55 54 14 400 13 83 54 400 54 400
400 401 401 402 402 401 401 402 400 402 402 402 400 401 400
0 1 1 1 2 0 0 0 0 0
0 1 1 1 1 1 1 1 0 0
0 1 1 1 1 1 1 1 0 0
0 0 1 1 0 0 0 1 0 0
0 0 1 1 1 0 0 1 0 0
0 0 1 1 1 1 1 1 1 1
0 0 1 1 0 0 0 1 0 0
0 0 1 1 1 1 1 1 1 0
0 0 1 1 0 0 0 0 0 0
0 0 1 1 0 0 0 0 0 0
Maze 44
93 65 3.5609756098 1.9050013803 40 0.372374366119165
67 65 13 34 55 28 95 10 9 27 54 7 75 15 72 67
400 63 33 54 25 25 5 400 7 24 4 5 400 12 62
400 401 401 401 402 402 402 400 402 402 402 402 400 402 402
0 0 0 1 1 1 1 1 1 1
0 1 1 1 1 0 1 0 0 0
0 1 1 1 1 1 1 1 0 0
0 1 1 1 1 0 0 0 0 0
0 1 1 1 1 0 0 0 0 0
0 1 1 1 1 0 0 0 0 0
0 1 1 1 1 1 2 0 0 0
0 1 0 0 1 0 0 0 0 0
0 0 0 0 1 0 0 0 0 0
0 0 0 0 1 0 0 0 0 0
Maze 45
89 19 3.6216216216 1.7649337786 36 0.388635187173155
47 62 57 78 96 45 85 95 2 62 33 63 60 12 72 47
42 52 77 76 95 400 400 92 400 32 400 53 52 400 42
402 402 401 402 401 400 400 401 400 402 400 402 401 400 402
0 1 0 0 0 0 0 0 0 0
0 1 0 0 0 0 0 0 0 0
0 1 0 0 0 0 0 0 0 0
0 1 1 0 0 0 0 0 0 0
0 1 1 1 1 1 2 0 0 0
0 1 1 1 1 1 1 1 1 1
0 1 1 0 1 0 1 0 0 0
0 1 0 0 1 1 1 1 0 0
0 1 0 0 1 1 0 0 0 0
0 1 1 1 1 1 0 0 0 0
Maze 46
97 6 3.3877551020 2.0887779718 71 0.379865322227254
73 2 61 81 90 24 55 70 24 2 24 29 12 46 22 73
72 1 400 400 84 54 65 64 22 22 400 22 42 42 72
401 402 400 400 401 401 401 401 401 401 400 401 401 401 401
1 1 0 0 0 0 0 0 0 0
1 1 0 0 0 0 0 0 0 0
1 1 1 1 1 1 1 1 1 0
1 1 0 1 0 0 0 0 0 0
1 1 1 1 1 1 0 0 0 0
1 1 0 1 1 0 0 0 0 0
1 1 0 1 1 1 1 1 1 1
1 1 2 1 0 0 0 0 0 0
1 1 1 1 1 1 1 1 1 1
0 0 0 0 0 0 0 0 0 0
Maze 47
115 292 3.1562500000 2.1032640357 115 0.370627008073193
80 62 89 42 87 17 74 81 6 93 67 61 98 77 97 80
72 82 82 82 400 14 71 1 3 63 400 91 97 400 77
401 401 401 401 400 402 402 402 402 402 400 401 401 400 402
1 1 1 1 1 1 0 0 0 0
1 0 1 1 1 1 1 0 0 0
1 0 1 1 0 0 1 0 0 0
1 0 1 1 0 0 1 0 0 0
1 1 1 1 0 0 1 0 0 0
1 1 1 1 0 0 1 0 0 0
1 1 1 1 1 1 1 0 0 0
1 1 1 1 1 1 1 1 1 2
1 1 1 1 1 1 1 1 1 0
1 1 1 1 1 1 1 1 0 0
Maze 48
89 108 3.1250000000 2.0831011958 50 0.397802870897854
74 2 11 28 26 80 84 23 69 50 32 44 63 50 50 74
72 1 21 400 76 74 83 63 49 42 42 43 43 400 44
401 402 401 400 401 402 401 401 402 401 401 402 402 400 402
1 1 0 0 0 0 0 0 0 0
1 1 0 0 0 0 0 0 0 0
1 1 1 1 1 1 1 1 0 0
0 1 1 0 0 1 0 0 0 0
0 1 1 1 1 1 1 1 1 1
0 1 1 1 0 1 0 0 1 0
0 1 1 1 1 1 1 1 1 0
0 1 1 2 1 1 1 1 1 1
0 0 1 1 0 0 0 0 0 0
0 0 0 0 0 0 0 0 0 0
Maze 49
79 6 2.8800000000 2.1453588304 26 0.380849657908427
80 56 76 6 41 67 57 67 51 4 54 68 75 19 70 80
76 400 400 1 61 400 400 61 1 400 64 65 15 69 400
401 400 400 402 401 400 400 401 402 400 401 402 402 401 400
1 1 1 1 1 1 0 0 0 0
1 0 0 1 1 1 1 1 1 0
1 0 0 1 1 1 0 0 1 0
1 0 0 1 1 1 0 0 1 0
1 0 0 1 1 1 0 0 1 0
1 0 0 1 1 1 1 0 1 0
1 1 1 1 1 1 1 1 1 1
0 0 0 0 1 1 1 1 1 2
0 0 0 0 0 0 0 0 0 0
0 0 0 0 0 0 0 0 0 0
Maze 50
97 182 2.7540983607 2.2166146212 77 0.381164436433459
24 96 30 59 83 84 21 11 63 57 75 77 10 83 61 24
94 26 29 53 400 81 400 61 53 55 400 7 3 81 21
401 402 402 402 400 401 400 401 402 402 400 402 402 401 402
0 0 1 1 1 1 1 1 1 1
1 0 1 0 0 0 1 0 0 0
1 1 1 2 0 1 1 1 1 1
1 0 1 1 0 1 1 0 1 0
1 0 1 1 0 1 1 0 1 0
1 0 1 1 1 1 1 1 1 0
1 1 1 1 1 1 1 0 0 0
1 0 1 1 1 1 1 0 0 0
1 1 1 1 0 1 0 0 0 0
0 0 0 1 1 1 0 0 0 0
Maze 51
101 76 3.1666666667 2.2616503982 60 0.369047770849050
49 22 19 59 62 53 68 90 9 33 36 32 70 65 91 49
42 12 400 52 52 63 88 89 3 400 400 62 400 61 41
401 402 400 402 402 401 401 401 402 400 400 401 400 402 402
0 0 1 1 1 1 1 1 1 0
0 1 1 1 1 1 1 1 1 0
0 1 1 0 0 0 0 0 1 0
0 1 1 1 1 1 0 0 1 0
1 1 1 1 1 1 1 1 2 0
1 1 1 1 1 1 1 1 1 0
1 1 1 1 1 1 1 1 1 1
1 0 0 0 0 0 0 1 1 0
1 0 0 0 0 0 0 1 1 1
1 0 0 0 0 0 0 0 0 0
Maze 52
75 12 2.7692307692 2.3240442051 26 0.382080205920489
67 87 79 65 91 32 24 49 49 57 42 51 19 95 88 67
400 77 75 61 31 22 44 400 47 52 41 11 15 85 87
400 402 401 402 402 402 401 400 402 401 402 402 402 402 401
0 0 0 0 0 0 0 0 0 0
1 1 1 1 1 1 1 1 1 0
1 1 1 1 1 0 0 0 0 0
1 1 0 1 1 0 0 0 0 0
1 1 0 1 1 1 1 1 1 0
1 1 1 1 1 1 1 0 0 0
1 1 1 1 1 0 2 0 0 0
1 0 0 0 1 1 1 1 1 0
1 0 0 0 1 1 1 1 0 0
1 0 0 0 1 0 0 0 0 0
Maze 53
97 204 2.9655172414 2.1196431912 71 0.382882871742258
62 35 59 66 7 19 65 75 64 96 10 64 8 80 89 62
32 55 56 6 17 15 400 74 94 6 4 4 78 79 82
402 401 402 402 401 402 400 401 401 402 402 402 401 402 401
0 0 0 1 1 1 1 1 1 1
0 0 0 1 1 1 1 1 1 0
0 0 0 1 1 1 0 1 0 0
0 1 1 1 1 1 0 1 0 0
0 1 0 1 1 1 0 1 0 0
0 1 0 1 1 1 1 1 1 0
0 2 0 1 1 1 0 1 0 0
0 1 0 1 1 1 0 1 1 1
0 1 1 1 1 1 1 1 1 0
0 0 0 1 1 1 0 0 0 0
Maze 54
133 1096 3.5882352941 2.1990252865 159 0.388204914927359
74 27 6 60 8 83 40 32 63 98 11 94 9 60 17 74
24 26 56 58 3 33 400 62 93 91 91 4 59 57 14
402 401 401 401 402 402 400 401 401 401 401 402 401 401 402
0 0 1 1 1 1 1 1 1 0
1 0 1 1 1 1 1 1 1 0
1 0 1 1 1 1 1 1 1 0
1 1 1 1 1 1 1 1 1 1
1 1 1 1 0 1 1 1 1 0
1 1 1 1 0 1 1 1 1 1
1 1 1 1 0 0 0 0 0 0
1 0 1 2 0 0 0 0 0 0
1 0 1 1 0 0 0 0 0 0
1 1 1 1 1 1 1 1 0 0
Maze 55
101 50 2.7384615385 2.3110125115 50 0.383231449565188
100 51 4 19 23 88 80 46 77 26 34 82 1 35 37 100
91 1 14 13 83 78 76 76 76 24 32 81 31 400 97
401 402 401 402 401 402 401 401 401 402 402 401 401 400 401
1 1 1 1 0 0 0 0 0 0
1 0 1 1 1 1 1 1 1 0
1 0 1 1 1 1 0 0 0 0
1 1 1 1 1 1 1 0 0 0
1 1 1 0 0 1 1 0 0 0
1 1 1 0 0 1 1 0 0 0
1 1 1 0 0 1 1 0 0 0
1 1 1 0 0 1 1 1 1 1
1 1 1 1 1 1 1 1 0 0
1 1 1 1 1 1 1 1 1 2
Maze 56
101 33 3.4339622642 2.1137200236 77 0.400351372642019
54 6 66 51 28 51 88 24 95 85 90 47 100 77 59 54
4 400 61 21 21 81 84 94 400 400 87 97 97 57 400
402 400 401 402 402 401 401 401 400 400 401 401 401 402 400
0 0 0 1 1 1 0 0 0 0
0 0 0 1 0 1 0 0 0 0
1 1 1 1 1 1 1 1 0 0
1 0 0 1 0 1 0 0 0 0
1 0 0 1 0 1 1 0 0 0
1 0 0 2 1 1 1 1 1 0
1 1 1 1 1 1 1 0 0 0
1 0 0 1 0 0 1 0 0 0
1 1 1 1 1 1 1 1 1 1
0 0 0 1 1 0 1 1 1 1
Maze 57
115 1775 3.5862068966 2.1968520703 148 0.383244483203008
84 51 65 40 63 19 81 5 34 58 62 25 57 9 37 84
81 61 35 33 13 11 1 4 54 52 22 55 7 7 34
401 401 402 402 402 402 402 402 401 402 402 401 402 402 402
1 1 1 1 1 0 1 1 1 0
1 1 1 1 1 1 1 1 1 0
1 1 1 1 1 0 1 0 0 0
1 1 1 1 1 1 1 1 1 1
1 1 1 1 1 0 1 0 0 0
1 1 1 1 1 1 1 1 0 0
1 1 1 1 1 0 0 0 0 0
1 0 0 1 0 0 0 0 0 0
1 1 1 2 0 0 0 0 0 0
0 0 0 0 0 0 0 0 0 0
Maze 58
91 20 3.3777777778 1.9563276022 36 0.379384471321000
94 19 15 79 85 68 37 71 44 74 75 75 35 89 24 94
14 400 75 75 65 67 31 41 400 400 400 400 85 84 400
402 400 401 402 402 401 402 402 400 400 400 400 401 401 400
0 0 0 0 0 0 0 0 0 0
0 0 0 1 1 1 1 1 1 0
0 0 0 1 1 0 0 0 0 0
1 1 1 1 1 1 1 0 0 0
1 1 1 1 1 0 1 0 0 0
1 0 0 1 1 0 1 0 0 0
1 0 0 1 1 1 1 1 0 0
1 0 0 1 1 1 1 1 1 0
0 0 0 1 1 1 1 1 1 0
0 0 0 2 0 0 0 0 0 0
Maze 59
101 217 3.1379310345 2.1296382906 64 0.393235568532455
5 60 60 14 93 11 33 13 79 95 92 96 84 48 100 5
55 400 54 13 91 31 400 73 75 400 400 94 44 98 95
401 400 401 402 401 401 400 401 402 400 400 401 402 401 401
0 0 0 0 2 0 0 0 0 0
1 0 1 1 1 0 0 0 0 0
1 0 1 1 1 0 0 0 0 0
1 1 1 1 1 0 0 0 0 0
1 0 1 1 1 1 1 1 0 0
1 0 1 1 1 1 1 1 1 1
1 0 1 1 1 0 0 1 0 0
1 0 1 1 1 1 1 1 1 0
1 0 1 1 1 0 0 1 0 0
1 1 1 1 1 1 1 1 1 1
Maze 60
99 1847 3.2413793103 2.2735971773 54 0.398691423662218
62 9 54 57 71 46 66 73 1 36 30 96 98 74 23 62
2 4 400 51 41 400 63 71 31 26 26 400 94 73 22
402 402 400 402 402 400 402 401 401 402 402 400 401 401 402
1 1 1 1 1 1 1 1 1 0
1 1 0 1 0 0 0 0 0 0
1 1 1 1 0 1 1 1 1 1
1 1 1 1 1 1 0 0 0 0
1 1 1 1 1 1 0 0 0 0
1 1 1 1 1 1 1 0 0 0
1 2 1 1 1 1 0 0 0 0
1 1 1 1 0 1 0 0 0 0
0 0 0 1 0 1 0 0 0 0
0 0 0 1 1 1 1 1 0 0
Maze 61
95 43 3.3333333333 2.0479375372 77 0.373920718067914
81 89 17 64 21 22 47 50 17 7 89 51 91 43 14 81
400 87 14 61 400 42 400 47 400 87 81 400 41 13 11
400 401 402 401 400 401 400 401 400 401 401 400 402 402 402
0 0 0 0 0 0 1 0 0 0
1 1 1 1 1 1 1 0 0 0
1 1 1 1 0 0 1 0 0 0
1 1 1 1 0 0 1 0 0 0
1 1 1 1 1 1 1 1 1 1
1 0 0 1 0 0 1 0 0 0
1 1 1 1 0 0 1 0 0 0
1 0 0 0 0 0 1 0 0 0
2 1 1 1 1 1 1 1 1 0
1 0 0 0 0 0 0 0 0 0
Maze 62
83 66 3.0612244898 2.1098800302 30 0.385921032287297
34 32 39 52 2 89 77 24 11 25 33 84 68 29 26 34
400 400 32 400 82 87 74 21 21 23 83 64 28 400 24
400 400 402 400 401 401 401 401 401 402 401 402 402 400 402
0 1 0 0 0 0 0 0 0 0
1 1 0 0 0 0 0 0 0 0
1 1 1 1 1 1 1 1 1 0
0 1 1 2 1 1 1 1 1 0
0 1 1 1 0 0 0 1 0 0
0 1 1 1 0 0 0 1 0 0
0 1 1 1 1 1 1 1 0 0
0 1 1 1 1 1 1 0 0 0
0 1 1 1 1 1 1 1 1 0
0 0 0 0 0 0 0 0 0 0
Maze 63
109 36 3.2307692308 1.9354621567 86 0.377324592440396
88 97 94 23 80 27 5 64 26 80 41 100 83 24 77 88
87 400 93 73 77 25 4 24 76 71 91 93 23 74 87
402 400 401 401 401 401 402 402 401 401 401 401 402 401 401
0 0 0 1 1 0 0 0 0 0
0 0 0 1 1 0 0 0 0 0
0 0 1 1 1 1 1 0 0 0
0 0 1 1 0 1 1 0 0 0
1 0 1 1 0 1 1 0 0 0
1 0 1 1 0 1 1 0 0 0
1 0 1 1 0 1 1 0 0 0
1 1 1 1 1 1 1 1 1 1
1 0 1 0 0 0 1 2 0 0
1 1 1 1 1 1 1 1 1 1
Maze 64
99 290 2.9062500000 2.2805926570 71 0.372396511449337
31 2 16 29 70 86 39 54 75 8 53 24 3 90 27 31
1 12 26 69 66 36 34 74 5 3 23 23 83 87 21
402 401 401 401 402 402 402 401 402 402 402 401 401 401 402
1 1 1 1 1 1 1 1 0 0
1 1 1 1 1 1 0 0 0 0
1 1 1 1 1 1 1 1 1 0
2 0 1 1 1 1 1 1 1 0
0 0 1 1 1 1 1 0 1 0
0 0 1 1 1 1 1 0 1 0
0 0 1 1 1 1 1 1 1 1
0 0 1 1 1 1 1 0 0 0
0 0 1 1 1 1 1 1 1 1
0 0 0 0 0 0 0 0 0 0
Maze 65
103 323 3.3454545455 2.1529888848 70 0.384664263935650
34 1 17 87 73 14 8 66 50 36 42 75 2 67 92 34
31 11 400 83 13 4 6 46 46 32 72 72 62 62 32
401 401 400 401 402 402 402 402 401 402 401 401 401 402 402
1 1 0 1 1 1 1 1 0 0
1 1 1 1 1 1 1 0 0 0
1 1 1 0 0 1 1 0 0 0
1 1 1 2 1 1 1 0 0 0
0 1 1 0 0 1 1 1 1 1
0 1 1 0 0 1 1 0 0 0
0 1 1 1 1 1 1 0 0 0
0 1 1 1 1 0 1 0 0 0
0 1 1 1 1 1 1 0 0 0
0 1 0 0 0 0 0 0 0 0
Maze 66
71 46 3.1904761905 2.0813298049 20 0.363145961725005
79 66 90 59 68 38 58 76 51 56 21 46 59 26 75 79
76 86 89 58 400 400 56 71 400 51 41 56 56 25 400
401 401 401 402 400 400 402 401 400 401 401 401 401 402 400
0 0 0 0 0 0 0 0 0 0
0 0 0 0 0 0 0 0 0 0
1 0 0 0 1 1 0 0 0 0
1 0 0 0 1 1 0 1 0 0
1 1 1 1 1 1 0 1 0 0
1 1 1 1 1 1 1 1 1 0
1 0 0 0 1 1 0 1 1 0
1 1 1 1 1 1 1 1 2 0
0 0 0 0 0 1 1 1 1 1
0 0 0 0 0 0 0 0 0 0
Maze 67
113 224 3.2881355932 2.0281474630 97 0.393097258396734
29 43 56 72 38 95 100 21 37 76 2 96 78 58 43 29
23 53 52 32 35 400 91 31 36 72 92 76 400 53 23
402 401 402 402 402 400 401 401 402 401 401 402 400 401 402
0 1 0 0 0 0 0 0 0 0
0 1 0 0 0 0 0 0 0 0
1 1 1 1 1 1 1 1 2 0
1 1 1 1 1 1 1 1 0 0
1 1 1 0 1 1 0 0 0 0
1 1 1 1 1 1 1 1 0 0
1 1 0 0 1 1 0 1 0 0
1 1 1 1 1 1 1 1 0 0
1 1 0 0 1 1 0 0 0 0
1 1 1 1 1 1 1 1 1 1
Maze 68
115 384 3.6521739130 1.8681225551 131 0.391632449452847
32 97 22 82 76 40 95 63 62 25 99 17 99 74 86 32
92 92 400 72 36 35 93 400 22 95 97 97 94 84 82
401 401 400 402 402 402 401 400 402 401 401 401 401 401 401
0 0 0 0 0 0 0 0 0 0
0 0 0 0 0 0 1 0 0 0
0 1 1 1 1 0 1 0 0 0
0 2 0 0 1 1 1 1 1 1
0 1 0 0 1 1 1 0 0 0
0 1 0 0 1 1 1 0 0 0
0 1 1 0 1 1 1 0 0 0
0 1 1 1 1 1 1 0 0 0
0 1 1 1 1 1 1 0 0 0
0 1 1 1 1 1 1 1 1 0
Maze 69
117 141 3.2000000000 2.1503763030 148 0.392518656224842
65 48 16 19 53 42 90 12 8 59 21 79 56 3 49 65
45 46 400 13 52 82 82 2 58 51 71 76 53 43 45
402 401 400 402 401 401 401 402 401 401 401 401 401 401 402
0 1 1 1 1 1 1 1 0 0
0 1 1 1 1 1 1 1 1 0
1 1 1 0 0 1 0 1 0 0
1 1 1 0 0 1 0 1 0 0
1 1 1 1 1 1 1 1 1 0
1 1 1 1 1 1 1 1 1 0
1 1 0 0 2 1 0 0 0 0
1 1 1 1 1 1 1 1 1 0
0 1 1 1 1 1 1 1 1 1
0 0 0 0 0 0 0 0 0 0
Maze 70
79 18 3.1818181818 2.0426134039 23 0.374360481937245
62 76 85 57 90 24 3 24 65 63 6 64 36 45 2 62
72 75 55 87 84 23 23 64 400 3 4 34 35 42 400
401 402 402 401 401 401 401 401 400 402 402 402 402 401 400
0 1 1 1 1 1 0 0 0 0
0 1 1 1 0 0 0 0 0 0
0 1 1 1 0 0 0 0 0 0
0 1 1 1 1 1 0 0 0 0
0 1 1 1 1 0 0 0 0 0
0 1 1 1 1 1 1 0 0 0
0 2 1 1 1 0 1 0 0 0
0 1 1 1 1 1 1 0 0 0
0 0 0 1 1 1 1 1 1 1
0 0 0 0 0 0 0 0 0 0
Maze 71
119 562 3.7090909091 1.9900071473 156 0.384963716782727
14 70 58 26 36 28 11 68 42 98 32 56 85 13 99 14
64 68 56 400 26 21 61 62 92 92 52 55 83 93 94
401 401 401 400 402 401 401 401 401 401 401 402 401 401 401
0 0 0 0 0 0 0 0 0 0
1 0 1 2 0 0 0 0 0 0
1 1 1 1 1 1 1 1 0 0
1 1 1 1 0 1 0 0 0 0
1 1 1 1 0 1 0 0 0 0
1 1 1 1 1 1 1 1 0 0
1 1 1 1 1 1 1 1 1 1
0 1 1 1 1 0 0 0 0 0
0 1 1 1 1 0 0 0 0 0
0 1 1 1 1 1 1 1 1 0
Maze 72
89 72 2.8965517241 2.3033881518 45 0.390105762661810
99 82 5 2 12 83 90 25 27 9 80 45 35 7 56 99
92 2 400 400 82 400 85 400 7 79 75 400 5 6 96
401 402 400 400 401 400 401 400 402 401 401 400 402 402 401
0 1 1 1 1 1 1 1 1 0
0 1 0 0 1 1 1 0 1 0
0 1 0 0 1 1 1 0 1 0
0 1 0 0 1 1 0 0 1 0
0 1 0 0 1 1 0 0 1 0
0 1 0 0 1 1 0 0 1 0
0 1 0 0 1 1 0 0 1 0
0 1 0 0 1 1 1 1 1 1
0 1 1 1 1 1 1 1 1 1
0 1 1 1 1 1 1 1 2 0
Maze 73
89 1858 3.3200000000 2.1735887902 45 0.382620747447309
71 38 53 49 6 75 21 18 15 54 8 32 42 53 73 71
31 33 43 46 5 71 11 400 14 4 2 400 52 400 400
402 402 402 401 402 401 402 400 402 402 402 400 401 400 400
0 1 1 1 1 1 1 1 0 0
1 1 1 1 1 1 1 1 0 0
1 1 0 1 1 1 0 0 0 0
1 1 1 1 1 1 1 1 0 0
1 1 1 1 1 1 1 1 1 0
1 1 1 1 1 0 0 0 0 0
1 0 1 0 1 0 0 0 0 0
2 1 1 1 1 0 0 0 0 0
0 0 0 0 0 0 0 0 0 0
0 0 0 0 0 0 0 0 0 0
Maze 74
103 630 3.1666666667 2.2312033591 71 0.392695111684042
81 61 54 12 87 38 16 77 66 96 41 29 68 2 18 81
400 51 52 82 37 36 76 76 400 91 21 28 62 12 11
400 402 401 401 402 401 401 401 400 401 402 402 401 401 402
0 1 0 0 0 0 0 0 0 0
1 1 1 1 1 1 1 1 0 0
1 1 1 1 1 1 1 1 1 0
1 1 0 0 0 1 1 1 0 0
1 1 0 0 0 1 1 1 0 0
1 1 1 1 0 1 1 1 0 0
1 1 1 1 1 1 1 1 0 0
1 1 0 0 0 1 1 0 0 0
2 1 1 1 1 1 1 0 0 0
1 1 1 1 1 1 0 0 0 0
Maze 75
99 41 3.4035087719 2.2156916738 65 0.381905329206631
20 4 39 25 79 75 33 9 23 75 100 60 98 66 98 20
14 34 35 75 400 73 3 3 73 95 400 58 96 96 18
401 401 401 401 400 401 402 402 401 401 400 402 401 401 402
0 0 1 1 1 1 1 1 1 0
0 0 1 1 1 1 1 1 1 2
0 0 1 1 1 0 0 1 0 0
0 0 1 1 1 1 1 1 1 0
0 0 1 0 1 0 0 1 0 0
0 0 1 0 1 0 0 1 1 1
0 0 1 0 1 1 0 1 0 1
0 0 1 1 1 1 1 1 1 1
0 0 0 0 1 1 0 1 0 1
0 0 0 0 1 1 1 1 1 1
Maze 76
77 18 2.8260869565 1.9997348558 30 0.351841009828287
69 66 47 46 97 50 66 54 30 34 22 24 21 84 29 69
400 46 400 96 47 46 64 24 24 32 400 400 81 24 400
400 402 400 401 402 402 401 402 402 401 400 400 401 402 400
0 0 0 0 0 0 0 0 0 0
0 0 0 0 0 0 0 0 0 0
1 1 1 1 1 1 1 1 1 1
1 1 1 1 0 0 0 0 1 0
1 0 0 1 0 1 1 1 1 1
1 0 0 1 0 1 1 0 1 0
1 0 0 1 1 1 1 1 2 0
1 0 0 1 0 1 1 0 0 0
1 1 1 1 0 1 1 0 0 0
0 0 0 0 0 1 1 0 0 0
Maze 77
93 231 3.0196078431 2.0781833240 45 0.372524558933978
33 99 49 77 86 4 75 69 79 54 48 22 3 78 49 33
93 400 47 76 84 74 65 400 74 44 42 2 73 48 43
401 400 402 402 401 401 402 400 401 402 401 402 401 402 401
0 1 1 1 0 0 0 0 0 0
0 1 1 1 0 0 0 0 0 0
0 1 1 1 0 0 0 0 0 0
0 1 2 1 0 0 0 0 0 0
0 1 1 1 1 1 1 1 1 0
0 0 1 1 0 0 1 1 1 0
0 0 1 1 1 1 1 1 1 0
0 0 1 1 1 1 1 1 1 0
0 0 1 1 1 1 0 0 1 0
0 0 1 1 1 1 1 1 1 0
Maze 78
107 39 3.6734693878 2.0917531492 83 0.394891440416450
91 51 54 1 76 93 45 2 83 62 10 77 71 25 24 91
400 400 51 71 73 43 42 82 82 2 7 400 21 400 21
400 400 401 401 402 402 401 401 401 402 402 400 402 400 402
1 1 1 1 1 1 1 1 1 1
1 1 0 0 0 0 1 0 0 0
1 1 1 1 1 0 1 0 0 0
1 1 0 0 0 0 1 0 0 0
1 1 1 1 1 0 1 0 0 0
1 1 1 1 0 0 1 0 0 0
1 1 1 0 0 0 1 0 0 0
1 1 1 1 1 1 1 0 0 0
1 1 1 0 0 0 0 0 0 0
2 0 1 0 0 0 0 0 0 0
Maze 79
127 118 3.4035087719 1.8404906472 135 0.394251193704143
16 86 20 44 24 98 41 30 53 30 53 50 96 66 11 16
400 16 14 400 94 91 21 23 23 23 43 46 400 61 400
400 402 402 400 401 401 402 402 402 402 402 402 400 401 400
0 0 0 0 0 0 0 0 0 0
1 1 1 1 1 2 1 1 1 1
1 1 1 1 1 1 1 1 1 1
1 0 1 1 0 1 0 0 0 0
1 0 1 1 1 1 1 1 1 1
1 0 1 1 0 1 0 0 0 0
1 1 1 1 1 1 0 0 0 0
1 0 0 1 0 1 0 0 0 0
1 0 0 1 0 1 0 0 0 0
1 1 1 1 1 1 1 1 0 0
Maze 80
75 27 2.9411764706 2.2720838896 26 0.340816865349505
40 38 38 90 79 10 53 52 50 21 61 42 82 64 64 40
400 400 88 89 9 3 400 42 41 400 41 400 62 400 34
400 400 401 401 402 402 400 402 401 400 402 400 402 400 402
0 0 1 1 1 1 1 1 1 1
0 0 1 0 0 0 0 0 1 0
1 0 1 0 0 0 0 0 1 0
1 0 1 1 1 1 1 1 1 2
1 1 1 1 1 1 1 1 1 1
1 1 1 1 0 0 0 1 1 0
1 1 1 1 0 0 0 1 1 0
0 1 0 0 0 0 0 1 1 0
0 1 0 0 0 0 0 1 1 1
0 0 0 0 0 0 0 0 0 0
Maze 81
83 233 3.1250000000 2.1489159387 35 0.373083813658529
50 62 23 44 75 61 84 85 67 60 15 32 78 33 59 50
42 22 43 74 71 81 400 65 57 55 12 72 73 53 49
402 402 401 401 401 401 400 402 402 401 402 401 401 401 402
0 0 0 0 0 0 0 0 0 0
0 1 1 1 1 0 0 0 0 0
0 1 1 0 1 0 0 0 0 0
0 1 1 0 1 0 0 0 0 0
0 1 1 1 1 1 1 1 1 2
0 1 1 1 1 1 1 1 1 1
1 1 1 1 1 1 1 0 0 0
1 1 1 1 1 1 1 1 0 0
1 1 1 1 1 0 0 0 0 0
0 0 0 0 0 0 0 0 0 0
Maze 82
85 11 3.3043478261 2.0545810195 50 0.370156016752949
95 75 29 5 70 65 33 72 86 66 66 81 21 89 93 95
400 25 25 65 400 63 32 82 400 400 61 400 81 83 400
400 402 401 401 400 401 402 401 400 400 402 400 401 402 400
0 0 0 0 1 0 0 0 0 0
0 0 0 0 1 0 0 0 0 0
1 0 0 0 1 1 1 1 1 0
1 1 1 0 1 0 0 0 0 0
1 1 1 0 1 0 0 0 0 0
1 1 1 0 1 0 0 0 0 0
1 1 1 1 1 1 1 1 1 1
1 1 0 0 1 1 0 0 0 0
1 1 1 1 1 1 1 1 1 0
0 0 1 1 2 0 0 0 0 0
Maze 83
95 88 3.3076923077 2.1215205058 49 0.377468094151131
88 36 30 16 60 28 8 86 92 100 37 56 66 50 22 88
86 26 26 56 58 400 6 82 400 97 36 400 46 42 82
401 402 401 401 401 400 402 402 400 401 402 400 402 401 401
0 0 0 0 0 1 1 1 0 0
0 0 0 0 0 1 0 1 0 0
0 1 0 0 0 1 1 1 1 1
0 1 0 0 0 1 1 1 0 0
0 1 1 1 1 1 1 1 1 1
0 1 0 0 0 1 1 1 1 1
0 1 0 0 0 1 1 0 0 0
0 1 0 0 0 1 1 0 0 0
0 1 1 1 1 1 1 2 0 0
0 1 1 1 1 1 1 1 1 1
Maze 84
99 213 3.6078431373 2.1609832374 56 0.379627935794261
76 15 78 67 90 46 40 83 3 59 76 76 8 100 67 76
75 75 77 87 86 36 33 400 53 56 400 6 98 97 66
401 401 401 401 401 402 402 400 401 402 400 402 401 401 402
0 0 1 0 0 1 1 1 0 0
0 0 1 0 1 1 0 1 0 0
0 0 1 0 1 1 0 1 0 0
0 0 1 1 1 1 1 1 1 1
0 0 1 0 1 1 0 1 0 0
0 0 1 1 1 1 1 1 1 0
0 0 1 0 1 1 1 1 0 0
0 0 1 0 1 2 1 1 0 0
0 0 1 0 0 1 1 1 1 1
0 0 0 0 0 0 1 1 1 1
Maze 85
111 259 3.2000000000 2.0443231683 104 0.371505663504251
64 97 4 76 17 24 97 28 93 11 82 97 36 56 41 64
94 94 74 16 14 94 27 23 91 81 92 96 400 51 61
401 401 401 402 402 401 402 402 401 401 401 401 400 401 401
0 0 0 1 0 0 0 0 0 0
1 0 0 1 1 1 1 0 0 0
1 0 1 1 1 1 1 1 0 0
1 0 1 1 0 1 1 0 0 0
1 0 1 1 0 1 1 0 0 0
1 1 1 1 1 1 1 0 0 0
1 1 1 2 0 1 1 0 0 0
1 0 1 1 1 1 1 0 0 0
1 1 1 1 0 1 1 0 0 0
1 1 1 1 1 1 1 0 0 0
Maze 86
83 21 3.2272727273 2.0661070720 14 0.383465605002532
51 43 79 65 54 33 99 72 51 81 19 33 54 64 81 51
41 73 75 64 53 93 92 71 400 11 13 53 400 61 400
402 401 401 401 401 401 401 401 400 402 402 401 400 402 400
0 0 0 0 0 0 0 0 0 0
1 1 1 1 1 1 1 1 1 0
1 0 1 0 0 0 0 0 0 0
1 0 1 0 0 0 0 0 0 0
1 1 1 0 0 0 0 0 0 0
2 0 1 1 0 0 0 0 0 0
1 1 1 1 1 0 0 0 0 0
1 1 1 1 1 1 1 1 1 0
1 1 1 0 0 0 0 0 0 0
0 1 1 1 1 1 1 1 1 0
Maze 87
113 100 3.6363636364 2.0430907776 92 0.388565389061265
16 58 62 7 11 50 74 27 6 36 69 54 2 80 96 16
56 52 2 1 41 44 24 26 400 66 64 52 72 76 400
401 402 402 402 401 402 402 401 400 401 401 401 401 402 400
1 1 1 1 1 1 1 0 0 0
1 1 0 0 0 2 0 0 0 0
1 1 0 1 1 1 1 0 0 0
1 1 0 1 0 1 0 0 0 0
1 1 1 1 1 1 1 1 1 1
0 1 1 1 1 1 1 1 0 0
0 1 0 1 1 1 1 1 1 0
0 1 1 1 1 1 1 1 1 1
0 0 0 0 0 1 0 0 0 0
0 0 0 0 0 1 0 0 0 0
Maze 88
81 3 3.5500000000 2.0322364643 30 0.365448460845283
86 16 58 6 80 55 63 55 95 63 43 33 73 11 95 86
400 56 56 76 75 53 53 400 93 400 400 400 71 91 85
400 401 401 401 401 402 402 400 401 400 400 400 401 401 402
0 0 0 0 0 1 0 0 0 0
1 0 0 0 0 1 0 0 0 0
1 0 0 0 0 1 0 0 0 0
1 0 1 0 0 1 0 0 0 0
1 0 1 0 0 1 0 0 0 0
1 0 1 1 1 1 1 1 0 0
1 0 1 0 1 1 0 0 0 0
1 1 1 0 1 1 1 1 1 1
1 0 1 0 1 2 0 0 0 0
1 1 1 1 1 0 0 0 0 0
Maze 89
91 36 3.3191489362 2.0271311142 45 0.401905038713381
75 39 18 86 87 43 86 96 70 46 97 84 63 99 20 75
35 38 16 400 83 83 400 66 66 96 94 83 93 19 15
402 401 402 400 401 401 400 402 401 401 401 401 401 402 402
0 0 0 0 0 0 0 0 0 0
0 0 0 0 1 1 1 1 1 1
0 0 0 0 1 1 0 1 1 0
0 0 0 0 1 1 1 1 1 0
0 0 1 0 1 1 0 0 1 0
0 0 1 0 1 1 0 0 1 0
0 0 1 0 1 1 1 1 1 1
0 0 1 0 2 1 0 0 1 0
0 0 1 1 1 1 1 0 1 0
0 0 1 1 1 1 1 1 1 0
Maze 90
107 65 3.4909090909 2.1718260238 94 0.382725055405400
73 14 73 91 9 44 20 3 38 47 85 22 82 42 47 73
13 13 71 1 4 14 13 33 37 45 82 400 400 400 43
402 402 402 402 402 402 401 401 402 402 401 400 400 400 402
1 1 1 1 1 1 1 1 1 0
1 0 1 1 1 1 1 1 1 1
1 1 1 1 0 0 0 0 0 0
1 1 1 1 1 1 1 1 0 0
1 1 1 1 1 1 1 0 0 0
1 1 1 0 1 0 0 0 0 0
1 1 1 0 1 0 0 0 0 0
1 1 2 0 1 0 0 0 0 0
1 1 1 1 1 0 0 0 0 0
1 0 0 0 0 0 0 0 0 0
Maze 91
75 35 3.1904761905 2.2175860664 26 0.365519181814279
65 51 67 66 14 76 95 66 47 63 7 37 45 34 81 65
61 61 400 64 74 75 65 46 43 3 400 35 44 31 61
401 401 400 401 401 402 402 402 402 402 400 402 401 402 402
0 0 1 1 1 1 1 0 0 0
0 0 1 1 0 0 1 0 0 0
0 0 1 1 0 0 1 0 0 0
1 1 1 1 1 1 1 0 0 0
1 0 1 1 1 1 1 0 0 0
1 0 1 1 0 1 0 0 0 0
1 1 1 1 2 1 1 0 0 0
1 0 0 1 1 1 0 0 0 0
1 0 0 0 1 0 0 0 0 0
0 0 0 0 1 0 0 0 0 0
Maze 92
91 73 3.2941176471 2.0831011958 44 0.392249408937187
35 18 24 22 84 73 24 11 82 47 16 68 33 3 88 35
15 14 400 82 83 23 21 81 42 46 66 63 400 83 85
402 402 400 401 401 402 401 401 402 401 401 401 400 401 401
0 0 1 0 0 0 0 0 0 0
1 0 1 1 1 1 1 1 0 0
1 1 1 1 1 1 0 0 0 0
1 1 1 0 2 1 0 0 0 0
1 1 1 1 1 1 1 0 0 0
1 1 1 0 1 1 0 0 0 0
1 1 1 1 1 1 1 1 0 0
1 1 1 0 1 0 0 0 0 0
1 1 1 1 1 1 1 1 0 0
0 0 0 0 0 0 0 0 0 0
Maze 93
113 359 3.1111111111 2.2193299396 98 0.388391575909147
82 39 97 93 29 41 100 98 28 55 95 44 31 81 25 82
32 37 400 23 21 91 400 400 25 400 94 41 400 21 22
402 402 400 402 402 401 400 400 402 400 401 401 400 402 402
0 0 0 0 0 0 0 0 0 0
0 0 0 0 0 0 0 0 0 0
1 1 1 1 1 1 1 1 1 0
1 1 1 1 1 1 1 1 1 0
1 1 1 1 1 0 1 1 0 0
1 1 1 1 1 0 1 1 0 0
1 1 1 1 1 0 1 1 0 0
1 1 1 1 1 0 1 1 0 0
1 2 1 1 1 0 1 1 0 0
1 1 1 1 1 1 1 1 1 1
Maze 94
81 32 2.9433962264 2.2198464594 35 0.398636707672235
5 49 11 23 91 96 74 4 37 48 30 77 86 97 25 5
45 41 21 21 400 94 400 34 47 28 27 76 96 95 400
401 401 401 402 400 401 400 401 401 402 402 402 401 401 400
0 0 0 1 2 0 0 0 0 0
1 0 0 1 1 0 0 0 0 0
1 1 1 1 1 0 1 1 1 1
1 0 0 1 1 1 1 1 0 0
1 1 1 1 1 1 1 1 1 0
1 0 0 1 1 0 1 0 0 0
1 0 0 1 1 0 1 0 0 0
1 0 0 1 1 1 1 0 0 0
1 0 0 1 1 1 0 0 0 0
1 1 1 1 1 1 1 0 0 0
Maze 95
123 279 3.2380952381 2.0569417352 133 0.386284831789295
4 59 21 60 47 74 25 89 19 68 21 7 34 100 45 4
54 51 51 57 44 24 85 400 18 61 1 4 94 95 44
401 401 401 401 402 402 401 400 402 401 402 402 401 401 401
1 1 1 2 1 1 1 0 0 0
1 0 0 1 0 0 0 1 1 0
1 0 0 1 1 0 0 1 1 0
1 0 0 1 1 0 0 1 1 0
1 0 0 1 1 1 1 1 1 0
1 1 1 1 1 1 1 1 1 1
1 1 1 1 1 1 1 1 1 0
0 0 0 1 1 0 0 0 1 0
0 0 0 1 1 1 1 1 1 0
0 0 0 1 1 1 1 1 1 1
Maze 96
105 182 3.3703703704 2.1621356322 112 0.383571037235177
81 29 24 3 61 66 57 24 39 1 87 48 62 2 34 81
21 400 23 1 400 56 54 34 31 81 47 42 400 32 31
402 400 401 402 400 402 401 401 401 401 402 402 400 401 402
1 1 1 0 0 0 0 0 0 0
1 1 1 0 0 0 0 0 0 0
1 1 1 1 1 1 1 1 1 0
1 1 1 1 1 1 1 1 1 0
1 1 1 1 1 1 1 1 0 0
1 1 0 1 1 1 1 0 0 0
1 1 1 1 1 1 1 0 0 0
1 0 0 0 0 0 1 0 0 0
2 1 1 1 1 1 1 0 0 0
0 0 0 0 0 0 0 0 0 0
Maze 97
117 40 3.3538461538 2.2589794708 132 0.402827498230461
25 94 18 8 13 12 88 61 80 71 20 44 3 9 67 25
24 14 400 3 400 82 81 71 400 11 14 43 400 7 65
402 402 400 402 400 401 401 401 400 402 402 401 400 402 401
0 0 1 1 1 1 1 1 1 0
1 1 1 1 1 1 1 1 1 1
1 1 1 1 2 0 1 0 0 0
1 1 1 1 1 0 1 0 0 0
1 1 1 1 1 0 1 0 0 0
1 1 0 1 1 0 1 0 0 0
1 1 0 1 1 1 1 0 0 0
1 1 1 1 1 1 1 1 1 1
1 1 1 1 1 1 1 1 0 0
0 0 0 1 0 0 0 0 0 0
Maze 98
107 543 3.1803278689 2.2641973290 98 0.392045237912835
67 20 30 81 3 42 68 91 54 53 17 82 47 96 99 67
17 400 21 1 2 62 61 51 400 13 12 42 46 400 97
402 400 402 402 402 401 402 402 400 402 402 402 402 400 401
1 1 1 0 0 0 0 0 0 0
1 1 1 1 1 1 1 1 1 1
1 1 1 1 1 1 1 1 1 1
1 1 1 0 0 0 1 0 0 0
1 1 1 1 1 1 1 0 0 0
1 1 1 1 0 1 1 0 0 0
1 1 1 1 1 1 2 1 0 0
1 1 0 0 0 1 1 0 0 0
1 1 0 0 0 1 1 0 0 0
1 0 0 0 0 1 1 1 1 0
Maze 99
115 302 3.6226415094 1.9539467175 126 0.388751843040738
26 69 43 71 36 40 3 29 36 83 22 69 92 19 58 26
66 63 41 31 400 33 23 26 33 82 62 62 12 18 56
401 401 402 402 400 401 401 402 402 401 401 402 402 402 401
0 0 1 0 0 0 0 0 0 0
0 1 1 1 1 1 1 1 1 0
0 1 1 1 1 2 1 1 1 0
1 1 1 1 1 1 1 1 1 1
1 1 1 0 0 1 0 1 0 0
1 1 1 0 0 1 1 1 0 0
1 1 1 1 1 1 1 1 1 0
1 1 1 0 0 0 0 0 0 0
0 1 1 0 0 0 0 0 0 0
0 1 0 0 0 0 0 0 0 0
Maze 100
117 1552 3.0000000000 2.3515157455 141 0.381406501852870
88 26 70 71 77 8 79 30 8 54 98 21 19 45 29 88
86 66 61 400 7 78 29 28 4 94 91 11 15 25 28
401 401 402 400 402 401 402 401 402 401 401 402 402 402 402
0 0 0 1 1 1 1 1 0 0
1 1 1 1 1 1 1 1 1 0
1 0 0 1 1 1 1 1 1 1
1 0 0 1 1 1 1 1 1 0
1 0 0 1 1 1 1 1 1 0
1 0 0 1 0 1 1 1 1 0
1 1 1 1 1 1 1 1 1 1
1 1 1 1 1 1 1 1 1 0
1 0 0 1 0 1 1 2 0 0
1 1 1 1 1 1 1 1 0 0
Maze 101
127 305 3.4385964912 1.9375029648 200 0.385868303642143
1 68 78 91 16 88 58 63 20 55 91 73 4 83 80 1
61 400 71 11 86 400 53 13 15 51 71 3 3 73 71
401 400 402 402 401 400 402 402 402 402 402 402 402 402 401
2 0 1 1 0 0 0 0 0 0
1 1 1 1 1 1 1 1 1 1
1 0 1 0 1 1 0 0 0 0
1 0 1 0 1 1 0 0 0 0
1 0 1 0 1 1 0 0 0 0
1 1 1 1 1 1 1 1 0 0
1 1 1 1 1 1 1 1 0 0
1 1 1 1 1 1 1 1 1 1
1 0 1 0 0 1 1 1 0 0
1 0 0 0 0 0 0 0 0 0
Maze 102
99 263 2.9310344828 2.2001134794 71 0.402268870421635
70 61 96 58 81 61 96 24 19 100 57 35 76 39 46 70
400 91 56 51 400 91 94 14 99 97 55 75 36 36 66
400 401 402 402 400 401 401 402 401 401 401 401 402 402 401
0 0 0 0 0 0 0 0 0 0
0 0 0 1 1 1 1 1 1 0
0 0 0 1 0 0 0 0 1 0
0 0 0 1 1 1 1 1 1 0
0 0 0 1 1 1 0 0 1 0
1 1 1 1 1 1 1 1 1 0
1 1 1 1 1 1 1 1 1 2
1 0 0 1 1 1 1 0 1 0
1 0 0 1 0 1 1 0 1 0
1 1 1 1 1 1 1 1 1 1
Maze 103
133 315 3.2000000000 2.0745873064 166 0.387680442955289
76 2 68 1 56 8 33 3 80 42 99 79 9 14 99 76
72 62 61 51 6 3 400 73 72 92 400 400 4 94 96
401 401 401 401 402 402 400 401 401 401 400 400 402 401 401
1 1 1 1 1 1 1 1 1 0
1 1 1 1 0 1 0 0 1 0
1 1 1 1 0 1 0 0 1 0
1 1 1 1 0 1 0 0 1 0
1 1 1 1 0 1 0 0 1 0
1 1 1 1 1 1 0 0 1 0
1 1 1 1 1 1 1 1 1 0
0 1 1 1 1 2 1 1 1 1
0 1 0 1 0 1 0 0 1 0
0 1 1 1 1 1 1 1 1 0
Maze 104
75 143 2.9565217391 2.1023985099 18 0.389261730234865
42 32 17 65 46 12 61 23 36 87 25 34 74 97 65 42
400 12 15 45 42 11 21 33 86 85 24 400 94 95 62
400 402 402 402 401 402 402 401 401 401 402 400 401 401 401
0 0 0 0 0 0 0 0 0 0
1 1 1 1 1 1 1 0 0 0
1 1 1 1 1 0 0 0 0 0
1 1 1 1 1 1 0 0 0 0
1 2 1 1 1 1 0 0 0 0
1 1 0 1 1 1 0 0 0 0
1 1 1 1 1 1 0 0 0 0
0 0 0 1 1 1 0 0 0 0
0 0 0 1 1 1 1 0 0 0
0 0 0 1 1 1 1 0 0 0
Maze 105
115 94 3.4482758621 2.1202176958 96 0.395350570093511
85 19 33 50 66 78 21 77 99 1 28 25 26 100 56 85
15 13 43 46 76 71 71 97 91 21 400 400 96 96 55
402 402 401 402 401 401 401 401 401 401 400 400 401 401 402
1 0 0 0 0 0 0 0 0 0
1 0 1 1 1 1 1 1 1 0
1 1 1 1 1 1 1 1 0 0
1 0 1 0 1 1 0 0 0 0
1 0 1 1 1 1 1 1 1 1
1 0 0 0 1 1 0 0 0 0
1 0 0 0 1 1 0 0 0 0
1 1 1 1 1 1 1 1 0 0
1 0 0 0 2 1 1 0 0 0
1 1 1 1 1 1 1 1 1 1
Maze 106
115 13 3.2400000000 1.7646817751 87 0.401216765167557
13 18 72 62 52 17 24 96 1 16 42 10 73 74 10 13
400 12 400 400 12 14 94 91 11 12 2 3 400 4 3
400 402 400 400 402 402 401 401 401 402 402 402 400 402 402
1 1 1 1 1 1 1 1 1 1
1 1 2 1 1 1 1 1 0 0
1 1 1 1 0 0 0 0 0 0
1 1 1 1 0 0 0 0 0 0
1 1 1 1 0 0 0 0 0 0
1 1 1 1 0 0 0 0 0 0
1 1 1 1 0 0 0 0 0 0
1 1 1 1 0 0 0 0 0 0
1 0 0 1 0 0 0 0 0 0
1 1 1 1 1 1 0 0 0 0
Maze 107
93 280 3.3703703704 2.2802289250 45 0.390681147112003
58 5 28 20 77 38 39 89 94 37 82 67 50 26 95 58
55 25 18 17 37 400 400 84 34 32 62 47 46 25 55
401 401 402 402 402 400 400 402 402 402 402 402 401 402 402
0 0 0 0 1 0 0 0 0 0
0 0 0 0 1 0 1 1 1 1
0 0 0 0 1 1 1 1 0 0
0 1 1 1 1 1 1 1 1 0
0 1 0 1 1 1 1 1 1 1
0 1 0 1 1 1 1 2 1 0
0 1 1 1 1 1 1 0 1 0
0 1 0 1 1 0 1 0 1 0
0 1 0 1 1 1 1 1 1 0
0 0 0 1 1 0 0 0 0 0
Maze 108
87 267 3.0181818182 2.3647941614 36 0.375586261763593
11 41 90 80 34 14 41 56 65 63 36 29 87 12 72 11
400 81 400 74 400 11 51 55 400 33 26 27 82 400 71
400 401 400 401 400 402 401 402 400 402 402 402 401 400 401
0 0 0 0 0 0 0 0 0 0
2 1 1 1 0 0 0 0 0 0
1 1 0 1 0 1 1 1 1 0
1 1 1 1 1 1 1 0 0 0
1 1 1 1 0 0 1 0 0 0
1 1 1 1 1 1 1 0 0 0
1 1 1 1 1 0 1 0 0 0
1 1 0 1 1 1 1 1 1 1
1 1 1 1 1 1 1 1 1 1
0 0 0 0 0 0 0 0 0 0
Maze 109
99 119 3.1250000000 1.9800725778 56 0.395347778555423
35 19 12 43 61 41 74 37 80 51 77 69 71 12 78 35
15 400 42 41 400 71 34 77 71 71 67 61 11 72 75
402 400 401 402 400 401 402 401 401 401 402 402 402 401 401
0 0 0 0 0 0 0 0 0 0
1 1 1 1 1 1 1 1 1 0
1 1 0 0 1 0 0 0 0 0
1 1 0 1 2 1 1 0 0 0
1 1 1 1 1 0 1 0 0 0
1 1 0 1 1 0 1 0 0 0
1 1 1 1 1 1 1 1 1 0
1 1 1 1 1 1 1 1 1 1
0 0 0 0 0 0 0 0 0 0
0 0 0 0 0 0 0 0 0 0
Maze 110
81 159 2.6415094340 2.2073402913 22 0.406271498311290
63 55 84 96 89 61 98 55 19 100 40 89 76 61 61 63
53 54 94 86 81 91 95 15 99 400 39 86 71 400 400
402 402 401 402 401 401 401 402 401 400 402 401 401 400 400
0 0 0 0 0 0 0 0 0 0
0 0 0 0 1 1 1 1 1 0
0 0 0 0 1 0 0 0 1 0
0 0 0 0 1 0 0 0 1 1
0 0 0 0 1 0 0 0 1 1
0 0 1 1 1 0 0 0 1 1
1 1 2 1 1 0 0 0 1 1
1 1 1 1 1 1 0 0 1 1
1 1 1 1 1 1 1 1 1 1
1 1 1 1 1 1 1 1 1 1
Maze 111
111 3073 3.4716981132 2.0393976077 90 0.390525827890839
8 67 21 54 6 38 39 42 72 8 25 91 19 54 9 8
7 61 51 4 36 400 32 400 2 5 21 11 14 4 400
402 401 401 402 401 400 402 400 402 402 402 402 402 402 400
0 1 1 1 1 1 1 2 1 0
1 1 1 1 1 1 1 1 1 0
1 1 1 1 1 1 1 0 0 0
1 1 1 1 1 1 1 1 1 0
1 1 0 1 0 0 1 0 0 0
1 1 1 1 0 0 1 0 0 0
1 1 1 1 1 1 1 0 0 0
1 1 0 0 0 0 0 0 0 0
1 0 0 0 0 0 0 0 0 0
1 0 0 0 0 0 0 0 0 0
Maze 112
127 340 3.1692307692 2.1029821343 175 0.383562450256880
19 18 1 97 25 55 79 32 80 20 21 60 88 14 62 19
400 11 91 95 400 75 72 72 400 11 51 58 84 12 12
400 401 401 401 400 401 401 401 400 402 401 402 401 402 402
1 0 0 0 0 0 0 0 0 0
1 1 1 1 1 1 1 1 2 1
1 1 0 1 1 0 0 0 0 1
1 1 0 1 1 0 0 0 0 1
1 1 0 1 1 0 0 0 0 1
1 1 1 1 1 1 1 1 1 1
1 1 0 1 1 0 0 1 0 1
1 1 1 1 1 1 1 1 1 1
1 0 0 1 1 1 1 1 0 0
1 1 1 1 1 1 1 0 0 0
Maze 113
105 194 3.1290322581 2.2937188452 98 0.382114632200707
85 79 100 77 99 24 81 28 50 92 76 25 86 68 17 85
75 99 97 97 94 21 21 48 42 72 75 85 66 67 15
402 401 401 401 401 402 402 401 402 402 401 401 402 401 402
0 0 0 0 0 0 0 0 0 0
0 0 0 0 1 1 1 0 0 0
1 1 1 1 1 1 1 1 0 0
1 0 0 1 1 0 1 1 0 0
1 1 1 1 1 1 1 1 1 1
1 1 0 1 1 0 1 0 0 0
1 1 0 1 1 1 1 1 0 0
1 1 1 1 1 1 1 1 1 0
1 1 0 1 2 1 1 0 1 0
0 1 0 1 1 1 1 1 1 1
Maze 114
89 6 2.8510638298 1.8750000000 7 0.387686419655670
81 81 99 62 100 91 72 31 32 43 83 98 95 89 19 81
400 91 92 92 400 71 71 400 42 400 93 400 85 400 11
400 401 401 401 400 402 401 400 401 400 401 400 402 400 402
0 0 0 0 0 0 0 0 0 0
1 1 1 1 1 1 1 1 1 0
1 0 0 0 0 0 0 0 1 0
1 1 0 0 0 0 0 0 1 0
1 1 1 0 0 0 0 0 1 0
1 0 1 0 0 0 0 0 1 0
1 1 1 0 0 0 0 0 1 0
1 1 1 0 0 0 0 0 1 0
2 1 1 0 1 1 1 1 1 0
1 1 1 1 1 1 1 1 1 1
Maze 115
89 24 3.4285714286 1.9444185697 44 0.376491193959538
92 77 98 39 72 38 43 46 56 39 96 26 70 54 74 92
72 97 38 32 32 33 400 400 36 36 400 66 64 400 72
402 401 402 402 402 402 400 400 402 402 400 401 401 400 402
0 0 0 0 0 0 0 0 0 0
0 0 0 0 0 0 0 0 0 0
0 0 0 0 0 1 0 0 0 0
0 1 1 1 1 1 1 1 1 0
0 1 1 1 1 1 0 1 0 0
0 1 0 1 0 1 0 1 0 0
0 1 0 1 1 1 1 1 1 1
0 1 1 1 1 1 1 1 0 0
0 1 0 0 0 1 1 1 0 0
0 2 0 0 0 1 1 1 0 0
Maze 116
93 46 3.3333333333 2.0073776397 50 0.399064898924945
81 83 37 84 1 56 77 76 86 99 77 77 86 1 50 81
400 33 34 81 51 76 400 400 96 97 400 76 81 41 41
400 402 402 401 401 401 400 400 401 401 400 402 401 401 402
1 0 0 0 0 0 0 0 0 0
1 0 0 0 0 0 0 0 0 0
1 0 0 0 0 0 0 0 0 0
1 0 1 1 1 1 1 0 0 0
1 1 1 1 1 1 1 1 1 1
1 1 1 1 1 1 0 0 0 0
1 0 1 1 0 1 0 0 0 0
1 0 1 1 0 1 1 0 0 0
2 1 1 1 1 1 1 0 0 0
0 0 0 0 0 1 1 1 1 0
Maze 117
107 552 3.3442622951 2.2959570931 92 0.378626219410520
13 44 20 32 12 79 88 38 6 1 11 39 61 6 95 13
43 14 12 400 72 78 400 36 400 400 31 31 1 5 93
401 402 402 400 401 402 400 401 400 400 401 402 402 402 401
1 1 1 1 1 1 0 0 0 0
1 1 2 1 1 1 1 1 1 1
1 1 1 1 1 1 0 0 0 0
1 1 1 1 1 1 1 1 1 0
1 1 1 1 1 0 0 1 0 0
1 1 1 0 1 0 0 1 0 0
1 1 1 0 1 0 0 1 0 0
0 1 1 1 1 1 1 1 1 0
0 0 1 0 1 0 0 1 0 0
0 0 1 1 1 0 0 0 0 0
Maze 118
99 600 3.3454545455 2.2346682662 77 0.372897806429026
53 46 21 45 97 40 83 94 18 73 24 66 77 91 54 53
43 41 41 95 37 33 93 14 13 23 64 76 71 51 400
402 401 401 401 402 402 401 402 402 402 401 401 402 402 400
0 0 0 0 0 0 0 0 0 0
0 0 1 1 1 1 1 1 0 0
1 0 1 1 0 0 0 0 0 0
1 0 1 1 1 1 1 1 1 1
1 1 1 1 1 1 1 0 0 0
1 1 2 1 1 0 1 0 0 0
1 0 1 1 1 1 1 0 0 0
1 1 1 1 1 1 1 0 0 0
1 0 1 1 1 0 1 0 0 0
1 0 1 1 1 1 1 0 0 0
Maze 119
97 186 3.4339622642 2.1376306737 51 0.397251147855301
45 4 11 27 93 42 2 68 42 6 10 35 87 63 57 45
44 1 21 23 92 400 62 62 2 400 5 85 83 53 55
401 402 401 402 401 400 401 401 402 400 402 401 401 402 401
1 1 1 1 1 1 1 1 1 1
1 1 0 1 1 0 0 0 0 0
1 1 1 1 1 1 1 0 0 0
0 1 1 1 1 0 0 0 0 0
0 1 1 1 2 0 0 0 0 0
0 1 1 1 1 1 1 0 0 0
0 1 1 1 1 1 1 1 0 0
0 1 1 0 1 0 0 0 0 0
0 1 1 1 1 1 1 0 0 0
0 1 1 0 0 0 0 0 0 0
Maze 120
75 22 3.2093023256 2.1460510320 35 0.356071896536464
56 46 19 18 35 69 37 9 85 27 63 11 11 66 66 56
400 16 400 15 65 67 7 5 25 23 61 400 61 400 400
400 402 400 402 401 401 402 402 402 402 401 400 401 400 400
0 0 0 0 1 1 1 1 1 0
1 0 0 0 1 1 1 1 1 0
1 0 1 1 1 1 1 0 0 0
1 0 1 0 1 1 1 0 0 0
1 0 1 0 1 1 1 0 0 0
1 0 1 0 1 2 1 0 0 0
1 1 1 1 1 1 1 1 1 0
0 0 0 0 1 0 0 0 0 0
0 0 0 0 1 0 0 0 0 0
0 0 0 0 0 0 0 0 0 0
Maze 121
85 65 2.8260869565 1.9562299112 31 0.395020944637608
45 20 24 18 35 4 43 48 90 83 12 15 57 20 24 45
15 14 14 15 34 3 400 88 400 82 400 55 17 14 44
402 402 402 402 401 402 400 401 400 401 400 401 402 402 401
0 0 1 1 0 0 0 0 0 0
0 1 1 1 1 1 1 1 1 1
0 1 1 1 1 0 1 0 0 0
0 1 1 1 1 0 1 0 0 0
0 1 1 1 2 1 1 1 0 0
0 1 0 0 1 1 1 1 0 0
0 1 0 0 0 0 0 1 0 0
0 1 0 0 0 0 0 1 0 0
0 1 1 1 1 1 1 1 1 1
0 0 0 0 0 0 0 0 0 0
Maze 122
81 38 2.8518518519 2.2073402913 19 0.350244056375256
59 22 33 94 90 46 27 29 4 32 61 82 79 83 75 59
52 32 93 84 86 26 400 24 2 31 81 72 73 73 55
401 401 401 402 401 402 400 401 402 402 401 402 402 402 402
0 1 1 1 0 0 0 0 0 0
0 1 0 1 0 0 0 0 0 0
0 1 0 1 1 1 1 1 1 0
1 1 1 0 0 1 0 0 0 0
1 1 1 0 0 1 0 0 0 0
1 1 1 1 1 1 1 1 2 0
1 0 1 0 1 1 0 0 0 0
1 1 1 1 1 1 1 1 1 0
1 1 1 1 1 1 1 1 1 1
0 0 1 1 0 0 0 0 0 0
Maze 123
111 47 3.2400000000 1.7638542216 81 0.370276393324787
75 46 81 87 83 88 93 23 9 91 86 28 3 76 23 75
45 41 400 400 400 83 400 3 1 81 26 23 73 73 73
402 402 400 400 400 402 400 402 402 402 402 401 401 401 401
1 1 1 1 1 1 1 1 1 0
1 0 1 0 0 0 0 0 0 0
1 0 1 1 1 1 1 1 0 0
1 0 1 0 0 1 0 0 0 0
1 1 1 1 1 1 0 0 0 0
1 0 1 0 1 1 0 0 0 0
1 0 1 0 1 1 0 0 0 0
1 0 1 1 2 1 0 0 0 0
1 1 1 1 1 1 1 1 0 0
1 0 1 0 0 0 0 0 0 0
Maze 124
91 77 3.0588235294 2.0048679406 41 0.389357150999963
60 76 14 25 23 81 51 49 2 87 57 49 44 3 22 60
56 74 24 400 21 400 41 42 82 400 47 400 43 2 52
402 401 401 400 402 400 402 401 401 400 402 400 401 402 401
0 1 1 0 0 0 0 0 0 0
0 1 1 1 0 0 0 0 0 0
1 1 1 1 1 0 0 0 0 0
1 1 1 1 0 0 0 0 0 0
1 1 1 1 1 1 1 1 1 0
1 1 1 1 1 1 1 1 1 2
1 1 0 1 0 1 1 0 0 0
1 1 0 1 1 1 1 0 0 0
1 1 1 1 1 1 1 0 0 0
0 0 0 0 0 0 0 0 0 0
Maze 125
93 21 2.8965517241 2.2175054495 50 0.389880628649559
10 50 42 44 61 74 11 78 83 55 16 19 42 68 26 10
400 400 400 41 71 71 71 73 53 15 400 12 62 66 6
400 400 400 402 401 401 401 402 402 402 400 402 401 401 402
0 0 0 0 0 1 1 1 1 2
1 1 1 1 1 1 1 1 1 1
1 1 0 0 1 1 0 0 0 1
1 1 0 0 1 1 0 0 0 1
1 1 1 1 1 1 1 1 1 1
1 1 1 1 1 1 0 0 0 0
1 1 1 1 1 1 1 1 0 0
1 1 1 1 1 1 1 1 0 0
0 0 1 0 0 0 0 0 0 0
0 0 0 0 0 0 0 0 0 0
Maze 126
91 341 2.6666666667 2.2873984271 41 0.386608424433980
87 80 48 44 30 26 99 74 39 99 81 16 55 85 78 87
77 78 400 24 400 96 94 34 400 91 11 15 400 75 77
402 401 400 402 400 401 401 402 400 401 402 402 400 402 402
0 0 0 0 0 0 0 0 0 0
1 1 1 1 1 1 0 0 0 0
1 0 0 1 1 1 1 1 1 1
1 0 0 1 1 1 1 1 1 0
1 0 0 1 1 1 1 1 1 0
1 0 0 1 1 1 0 1 1 0
1 0 0 1 1 1 0 1 1 0
1 0 0 1 1 1 1 1 1 1
1 0 0 1 1 1 2 0 1 0
1 1 1 1 1 1 1 1 1 0
Maze 127
99 358 3.1186440678 2.1938841125 77 0.361532773029159
53 98 38 74 90 94 20 4 1 59 65 24 45 76 71 53
93 400 34 84 84 14 14 400 51 55 64 44 75 400 51
401 400 402 401 402 402 401 400 401 402 401 401 401 400 402
1 1 1 1 0 0 0 0 0 0
1 0 0 1 1 1 1 1 1 1
1 0 0 1 0 0 0 0 0 0
1 0 0 1 1 1 1 1 0 0
1 0 0 1 1 0 0 1 0 0
1 1 2 1 1 1 1 1 1 0
1 0 1 1 1 0 0 1 0 0
1 1 1 1 1 1 0 1 0 0
0 0 1 1 1 1 1 1 1 1
0 0 1 1 1 1 1 1 0 0
Maze 128
101 290 2.8771929825 2.0251237962 39 0.405216995478545
22 9 14 33 96 51 66 85 92 30 96 71 66 84 41 22
2 4 13 93 91 61 65 82 22 26 91 61 64 81 21
402 402 402 401 401 401 402 402 402 402 401 402 402 401 402
0 1 1 1 1 1 1 1 1 0
0 1 1 1 0 0 0 0 0 0
1 2 1 1 1 1 1 1 1 1
1 1 1 0 0 1 0 0 0 0
1 1 1 0 0 1 0 0 0 0
1 1 1 0 0 1 0 0 0 0
1 1 1 1 1 1 0 0 0 0
1 1 1 1 1 1 0 0 0 0
1 1 1 1 1 1 0 0 0 0
1 1 1 1 1 1 0 0 0 0
Maze 129
83 43 3.6216216216 1.9104743232 26 0.381786029422526
36 78 38 71 77 46 31 56 78 54 75 77 72 21 49 36
76 400 31 400 76 41 51 76 74 74 400 400 71 41 46
401 400 402 400 401 401 401 401 401 401 400 400 401 401 401
0 0 0 0 0 0 0 0 0 0
0 0 0 0 0 0 0 0 0 0
1 0 0 0 0 0 0 0 0 0
1 1 1 1 1 2 1 1 0 0
1 1 1 1 1 1 1 1 1 0
1 1 1 1 1 1 0 1 0 0
1 0 0 1 0 1 0 1 0 0
1 1 1 1 1 1 1 1 0 0
0 0 0 0 0 0 0 0 0 0
0 0 0 0 0 0 0 0 0 0
Maze 130
93 100 3.2222222222 2.1647742959 39 0.383685613324787
20 86 53 98 57 35 56 37 90 48 45 72 86 3 49 20
16 83 93 97 55 55 36 87 88 400 42 82 83 43 19
402 401 401 401 401 401 402 401 401 400 402 401 401 401 402
0 0 1 0 0 0 0 0 0 0
0 0 1 0 0 1 1 1 1 2
0 0 1 0 0 1 0 0 1 0
0 0 1 0 1 1 1 0 1 0
0 1 1 1 1 1 1 1 1 0
0 1 1 0 1 1 1 1 0 0
0 1 1 0 0 1 1 1 0 0
0 1 1 0 0 1 1 1 0 0
0 1 1 1 1 1 1 1 1 1
0 0 1 1 1 1 1 1 0 0
Maze 131
99 29 3.0000000000 2.1394928595 64 0.363022149590724
55 89 30 96 78 48 3 49 65 17 2 84 35 76 25 55
85 29 26 76 400 43 43 45 15 12 82 34 75 75 400
401 402 402 402 400 401 401 402 402 401 401 402 401 401 400
0 1 1 0 0 0 0 0 0 0
0 1 1 1 1 1 1 0 0 0
0 1 1 0 1 1 1 1 1 1
0 1 1 1 1 1 0 0 1 0
0 1 1 1 1 1 1 1 1 0
0 1 0 1 2 1 0 1 1 0
0 1 0 1 1 1 0 1 1 0
0 1 0 1 1 1 1 1 1 0
0 1 1 1 1 1 1 1 1 0
0 0 0 0 0 1 0 0 0 0
Maze 132
99 44 3.2452830189 2.0083727455 77 0.384264533264334
27 8 95 35 56 68 12 86 50 60 49 11 85 9 6 27
7 5 400 55 66 62 82 46 400 59 41 81 5 400 26
402 402 400 401 401 401 401 402 400 401 401 401 402 400 401
0 0 0 0 1 1 1 1 1 0
1 1 0 0 1 1 1 0 0 0
1 1 0 0 1 1 2 0 0 0
1 1 0 0 1 0 0 0 0 0
1 1 1 1 1 1 1 1 1 1
1 1 0 0 1 1 0 0 1 1
1 1 1 1 1 1 1 1 0 0
1 1 0 0 1 1 0 0 0 0
1 1 1 1 1 1 0 0 0 0
0 0 0 0 1 0 0 0 0 0
Maze 133
107 237 3.2068965517 2.2616503982 84 0.366310100930268
77 43 71 44 100 28 43 4 11 72 95 34 29 67 11 77
73 41 41 94 98 23 3 1 71 92 94 24 27 61 71
401 402 402 401 401 402 402 402 401 401 401 402 402 401 401
1 1 1 1 0 0 0 0 0 0
1 0 1 0 0 0 0 0 0 0
1 0 1 1 1 1 1 1 1 0
1 0 1 1 0 0 1 1 0 0
1 1 1 1 0 0 1 1 0 0
1 0 1 1 0 0 1 1 0 0
1 1 1 1 1 1 1 1 0 0
1 1 1 1 1 1 2 1 0 0
0 1 0 1 0 0 0 1 0 0
0 1 1 1 1 1 1 1 1 1
Maze 134
119 41 3.6610169492 2.1570717029 92 0.396826491231030
96 10 13 61 100 54 6 96 21 38 1 30 20 29 29 96
6 3 11 91 94 4 400 91 31 31 21 400 19 400 26
402 402 402 401 401 402 400 401 401 401 401 400 402 400 402
1 0 1 1 1 1 1 1 1 1
1 1 1 1 0 1 0 0 1 1
1 1 1 1 1 1 1 1 1 1
1 1 1 1 1 1 1 1 0 0
1 0 0 1 0 1 0 0 0 0
1 0 0 1 0 1 0 0 0 0
1 0 0 1 0 1 0 0 0 0
1 0 0 1 0 1 0 0 0 0
1 0 0 1 0 1 0 0 0 0
1 1 1 1 1 2 1 1 1 1
Maze 135
101 100 3.4181818182 2.1719068963 71 0.400795369834622
24 59 81 15 32 87 14 1 1 32 49 6 18 22 8 24
54 51 11 12 82 84 11 400 31 42 46 16 12 2 4
401 402 402 402 401 401 401 400 401 401 401 401 402 402 402
1 1 1 1 1 1 1 1 0 0
1 1 1 1 1 1 1 1 0 0
1 1 0 2 0 1 0 0 0 0
1 1 0 1 0 1 0 0 0 0
1 1 1 1 1 1 1 1 1 0
1 1 1 1 1 1 1 1 1 0
1 1 0 1 0 0 0 0 0 0
1 1 0 1 0 0 0 0 0 0
1 1 1 1 1 1 1 0 0 0
0 0 0 0 0 0 0 0 0 0
Maze 136
95 64 3.4000000000 1.7871710941 55 0.380912128279237
72 47 93 24 49 30 33 12 62 38 58 73 48 64 47 72
42 43 23 44 29 23 32 400 32 400 53 43 44 44 42
402 402 402 401 402 402 401 400 402 400 402 402 402 402 402
0 0 0 0 0 0 0 0 0 0
0 1 0 0 0 0 0 0 0 0
0 1 1 1 1 1 1 1 1 1
0 1 1 1 1 1 1 1 1 0
0 1 1 1 1 1 1 1 1 0
0 1 1 1 1 1 1 1 0 0
0 1 1 1 0 0 0 0 0 0
0 2 1 0 0 0 0 0 0 0
0 0 1 0 0 0 0 0 0 0
0 0 1 0 0 0 0 0 0 0
Maze 137
107 829 3.5357142857 2.1550793855 97 0.388562289284316
68 92 15 1 85 91 55 51 78 28 42 95 83 35 51 68
62 12 11 81 81 51 400 71 400 22 92 93 33 31 61
402 402 401 401 402 402 400 401 400 402 401 401 402 402 401
1 0 0 0 0 0 0 0 0 0
1 1 1 1 1 0 0 0 0 0
1 1 1 1 1 1 1 1 0 0
1 1 1 1 1 0 0 1 0 0
1 1 1 0 0 0 0 1 0 0
1 1 1 1 1 0 0 1 0 0
1 1 1 1 1 1 1 2 0 0
1 1 1 1 1 1 1 1 0 0
1 1 1 1 1 0 0 0 0 0
1 1 1 1 1 0 0 0 0 0
Maze 138
99 36 3.2800000000 2.1510545819 77 0.392986908337403
79 97 97 42 65 21 84 31 50 81 68 18 64 44 66 79
77 400 92 62 61 81 81 41 41 61 400 14 400 64 76
402 400 401 401 401 401 401 401 402 402 400 402 400 401 401
0 0 0 0 0 0 0 0 0 0
0 0 0 1 1 1 1 1 0 0
1 0 0 1 0 0 0 1 0 0
1 0 0 1 0 0 0 1 0 0
1 1 1 1 1 1 1 1 1 1
1 1 0 1 0 0 0 1 0 0
1 1 1 1 1 1 1 1 0 0
1 1 0 0 0 1 1 1 2 0
1 1 1 1 0 0 1 0 0 0
0 1 1 1 1 1 1 0 0 0
Maze 139
91 28 2.8524590164 2.2299989452 34 0.383680127829804
81 84 10 70 40 56 68 70 19 100 84 32 63 39 42 81
400 4 400 400 36 66 400 69 99 94 82 62 33 32 41
400 402 400 400 402 401 400 401 401 401 401 401 402 402 402
0 0 0 1 1 1 1 1 1 1
0 0 0 1 0 0 0 0 1 1
0 0 0 1 0 0 0 0 1 1
0 1 1 1 1 1 1 1 1 1
1 1 1 1 0 1 0 0 1 1
1 1 1 1 0 1 0 0 1 1
1 1 1 1 0 1 1 1 1 1
1 1 0 1 0 0 0 0 1 0
2 1 1 1 0 0 0 0 1 0
0 0 0 1 1 1 1 1 1 1
Maze 140
99 36 3.2549019608 2.0023458814 71 0.370900495170937
98 83 26 12 70 40 95 27 15 95 16 7 33 45 63 98
93 23 22 62 400 35 25 25 400 15 6 3 43 43 93
401 402 401 401 400 402 402 401 400 402 402 402 401 402 401
0 0 1 1 1 1 1 0 0 0
0 1 1 0 1 1 0 0 0 0
0 1 1 1 1 1 1 0 0 0
0 1 1 0 1 1 1 1 1 1
0 1 1 1 1 0 0 0 0 1
0 1 1 0 1 0 0 0 0 1
0 1 1 1 1 1 1 1 1 1
0 0 1 0 1 0 0 0 0 0
0 0 1 0 1 0 0 0 0 0
0 0 1 1 1 1 1 2 0 0
Maze 141
71 68 2.6808510638 2.2259399312 20 0.421683332207375
18 49 96 96 54 94 62 64 76 43 40 98 44 14 28 18
48 46 400 94 400 92 400 74 73 33 38 94 400 24 400
401 402 400 401 400 401 400 401 401 402 402 401 400 401 400
0 0 0 0 0 0 0 0 0 0
0 0 0 1 0 0 0 2 0 0
0 0 0 1 1 1 1 1 0 0
0 0 1 1 1 1 1 1 1 1
0 0 1 1 0 1 1 1 1 0
0 0 1 1 0 1 0 1 0 0
0 1 1 1 0 1 0 1 0 0
0 1 1 1 1 1 0 1 0 0
0 1 0 1 0 1 0 1 0 0
0 1 1 1 1 1 1 1 0 0
Maze 142
103 104 3.7000000000 1.7399517696 48 0.397849854110021
43 45 27 22 93 27 59 24 93 40 42 27 31 21 29 43
400 25 400 92 23 57 54 23 33 32 22 21 400 400 23
400 402 400 401 402 401 401 402 402 402 402 402 400 400 402
0 0 0 0 0 0 0 0 0 0
0 0 0 0 0 0 0 0 0 0
1 1 1 1 1 1 1 1 1 0
1 1 1 1 1 1 1 1 1 1
0 1 2 1 1 0 1 0 0 0
0 1 1 1 1 1 1 1 1 0
0 1 1 0 0 0 0 0 0 0
0 1 1 0 0 0 0 0 0 0
0 1 1 0 0 0 0 0 0 0
0 1 1 0 0 0 0 0 0 0
Maze 143
93 21 2.9545454545 1.7230846162 36 0.381961482504262
49 93 25 48 68 68 87 96 33 17 82 96 43 16 21 49
43 23 45 400 400 67 86 93 13 12 92 93 13 11 41
402 402 401 400 400 402 402 401 402 402 401 401 402 402 401
0 0 0 0 0 0 0 0 0 0
1 1 1 1 1 1 1 0 0 0
1 1 1 1 1 0 0 0 0 0
1 1 1 0 1 0 0 0 0 0
1 1 1 1 1 1 1 1 2 0
0 1 1 0 0 0 0 1 0 0
0 1 1 0 0 0 1 1 0 0
0 1 1 0 0 0 1 0 0 0
0 1 1 0 0 1 1 0 0 0
0 1 1 1 1 1 0 0 0 0
Maze 144
83 4 3.0952380952 1.8676964900 21 0.385577675052747
83 25 16 73 5 18 3 64 70 58 58 68 95 12 45 83
23 15 13 3 15 13 63 400 68 400 400 65 92 42 43
402 402 402 402 401 401 401 400 401 400 400 402 401 401 402
0 0 1 1 1 0 0 0 0 0
0 1 1 1 1 1 1 1 0 0
0 1 1 1 1 0 0 0 0 0
0 1 1 0 0 0 0 0 0 0
0 1 1 1 1 0 0 0 0 0
0 1 1 0 0 0 0 1 0 0
0 1 1 1 1 1 1 1 1 1
0 1 1 0 1 0 0 0 0 0
0 1 2 0 1 0 0 0 0 0
0 1 1 1 1 0 0 0 0 0
Maze 145
123 594 3.5789473684 2.0427481869 148 0.402532792855097
92 81 7 69 22 85 2 58 31 63 83 48 75 9 47 92
91 1 67 62 82 82 52 51 61 400 43 45 5 7 42
401 402 401 401 401 401 401 401 401 400 402 402 402 402 402
1 1 1 1 1 1 1 1 1 0
1 1 0 0 1 0 1 0 0 0
1 1 0 0 1 0 1 0 0 0
1 1 0 0 1 0 1 0 0 0
1 1 1 1 1 1 1 1 0 0
1 1 1 1 1 1 1 1 0 0
1 1 1 1 1 1 1 1 1 0
1 1 1 0 1 0 0 0 0 0
1 1 1 1 1 0 0 0 0 0
1 2 0 0 0 0 0 0 0 0
Maze 146
113 15 3.5909090909 1.8346489972 79 0.384411713649560
34 71 24 88 89 75 47 21 47 91 48 92 76 72 80 34
31 21 84 400 85 45 41 41 41 41 42 72 400 400 74
402 402 401 400 401 402 401 401 402 402 402 402 400 400 401
0 0 0 0 0 0 0 0 0 0
0 0 0 0 0 0 0 0 0 0
1 1 1 1 0 0 0 0 0 0
1 1 1 2 0 0 0 0 0 0
1 1 1 1 1 1 1 1 0 0
1 1 0 1 1 0 0 0 0 0
1 1 0 1 1 0 0 0 0 0
1 1 1 1 1 1 1 1 1 1
1 1 0 1 1 1 1 1 1 0
1 1 0 0 0 0 0 0 0 0
Maze 147
89 53 3.0000000000 2.0915617156 45 0.390526566784440
86 47 84 31 51 63 43 4 20 67 46 59 12 53 19 86
46 44 81 400 61 400 3 14 17 66 56 52 52 13 16
402 402 401 400 401 400 402 401 402 401 401 401 401 402 402
0 0 1 1 0 0 0 0 0 0
0 1 1 1 1 1 1 1 1 1
0 1 1 0 0 1 1 0 0 0
1 1 1 0 0 1 1 0 0 0
1 1 1 1 1 1 1 0 0 0
1 1 1 1 1 1 1 1 1 0
1 1 1 1 0 1 1 0 0 0
1 0 0 1 0 1 0 0 0 0
1 1 1 1 0 2 0 0 0 0
0 0 0 0 0 0 0 0 0 0
Maze 148
95 387 2.9836065574 2.3379562395 71 0.368777306583500
26 60 49 86 75 55 70 9 4 45 89 91 43 39 82 26
56 59 46 85 400 65 69 400 44 85 81 41 33 32 22
401 401 402 401 400 401 401 400 401 401 402 402 402 402 402
0 0 0 1 1 1 1 1 1 0
0 0 0 1 0 0 0 0 1 0
0 1 1 1 1 2 0 0 1 0
0 1 1 1 1 1 1 1 1 0
1 1 1 1 1 1 1 1 1 0
1 1 0 0 1 1 1 1 1 1
1 1 0 0 1 1 1 1 1 1
1 1 0 0 1 1 0 0 0 0
1 1 1 1 1 1 1 1 1 0
1 0 0 0 0 0 0 0 0 0
Maze 149
125 384 3.3684210526 1.9760839179 132 0.382146714339611
48 11 98 23 48 18 20 52 34 96 24 99 25 41 1 48
41 91 93 43 400 400 12 32 94 94 94 95 21 400 41
401 401 401 401 400 400 402 402 401 401 401 401 402 400 401
1 0 0 0 0 0 0 0 0 0
1 1 1 1 1 1 1 1 1 1
1 1 1 1 1 0 0 1 0 0
1 1 1 1 1 0 0 1 0 0
1 1 1 1 1 1 1 2 0 0
1 1 1 1 1 0 0 0 0 0
1 0 1 1 1 0 0 0 0 0
1 0 1 1 1 0 0 0 0 0
1 0 1 1 1 0 0 0 0 0
1 1 1 1 1 1 1 1 1 0
Maze 150
89 2 3.2156862745 2.2130626831 35 0.395546680514708
22 11 21 8 6 1 24 81 38 51 54 58 79 48 100 22
21 400 1 400 400 21 21 31 31 400 400 78 78 98 92
401 400 402 400 400 401 402 402 402 400 400 401 401 401 401
1 1 1 1 1 1 1 1 0 0
1 0 0 0 0 0 0 0 0 0
1 2 1 1 0 0 0 0 0 0
1 1 1 1 1 1 1 1 0 0
1 1 0 0 0 0 0 1 0 0
1 1 1 1 1 1 1 1 0 0
1 1 0 0 0 0 0 1 0 0
1 1 0 0 0 0 0 1 1 0
1 1 0 0 0 0 0 1 0 0
0 1 1 1 1 1 1 1 1 1
Maze 151
85 40 3.2340425532 2.0643439482 36 0.364770567605903
85 40 67 29 18 23 16 43 54 30 38 85 31 46 83 85
35 37 27 28 13 13 13 53 24 28 35 81 41 43 400
402 402 402 401 402 402 402 401 402 402 402 401 401 402 400
0 0 0 0 0 0 0 0 0 0
0 0 1 1 1 1 1 1 0 0
0 0 1 1 1 1 1 1 1 1
1 0 1 1 1 1 1 1 1 1
1 1 1 1 1 1 1 0 0 0
1 0 1 1 1 0 1 0 0 0
1 0 1 0 1 0 1 0 0 0
1 0 1 0 1 0 0 0 0 0
1 1 1 1 2 0 0 0 0 0
0 0 0 0 0 0 0 0 0 0
Maze 152
107 6 3.3953488372 1.6947705953 98 0.377119642535682
51 73 89 84 100 74 38 94 54 25 14 90 46 93 90 51
71 83 400 94 94 34 34 400 24 24 84 86 43 83 81
401 401 400 401 401 402 402 400 402 401 401 401 402 402 401
0 0 0 0 0 0 0 0 0 0
0 0 0 1 0 0 0 0 0 0
0 0 0 1 1 0 0 0 0 0
0 0 0 1 1 1 1 1 0 0
0 0 1 1 1 1 0 0 0 0
2 0 1 1 0 1 0 0 0 0
1 0 1 1 0 1 0 0 0 0
1 1 1 1 0 1 0 0 0 0
1 1 1 1 1 1 1 1 1 1
0 0 1 1 1 1 1 1 1 1
Maze 153
89 96 3.0188679245 2.1329832892 50 0.381628846444735
84 66 15 2 39 74 79 41 64 74 64 80 49 22 96 84
64 65 12 32 34 400 71 61 400 400 74 79 42 92 94
402 401 401 401 402 400 401 401 400 400 401 401 401 401 401
0 1 0 0 0 0 0 0 0 0
0 1 1 1 1 0 0 0 0 0
0 1 0 0 1 0 0 0 0 0
0 1 1 1 1 1 1 1 1 0
1 1 1 1 1 1 1 1 1 0
1 1 0 1 1 0 0 0 1 0
1 1 1 1 1 1 0 0 1 0
1 1 1 1 1 1 1 1 1 1
0 1 0 2 0 0 0 0 0 0
0 1 1 1 1 1 0 0 0 0
Maze 154
97 94 3.0416666667 1.8776441016 55 0.389243073809660
57 54 10 67 66 15 20 8 95 7 68 45 85 31 28 57
400 4 7 400 65 400 18 5 5 67 65 400 81 21 27
400 402 402 400 401 400 401 402 402 401 401 400 401 402 402
0 0 0 1 1 1 1 1 1 1
0 0 0 1 1 1 1 1 1 1
1 1 1 1 1 1 1 1 0 0
1 0 0 1 1 0 1 0 0 0
1 0 0 1 1 0 1 0 0 0
1 0 0 1 1 1 2 0 0 0
1 0 0 0 1 1 1 1 0 0
1 0 0 0 1 0 0 0 0 0
1 1 1 1 1 0 0 0 0 0
0 0 0 0 1 0 0 0 0 0
Maze 155
89 54 3.0188679245 2.1771102584 34 0.372450564330375
56 18 19 29 68 84 7 23 83 26 30 18 20 93 100 56
16 400 400 28 64 4 3 400 23 400 28 400 13 400 96
402 400 400 402 402 402 402 400 402 400 401 400 402 400 401
0 0 1 1 1 1 1 0 0 0
0 0 1 1 1 1 1 1 1 1
0 0 1 1 1 1 1 1 1 1
0 0 1 1 0 1 0 1 0 0
0 0 1 1 0 1 0 1 0 0
0 0 1 1 0 2 0 1 0 0
0 0 1 1 1 1 1 1 0 0
0 0 1 1 0 1 0 0 0 0
0 0 1 1 0 1 0 0 0 0
0 0 1 1 1 1 1 1 1 1
Maze 156
99 191 2.6153846154 2.1355672607 77 0.368984438922001
91 97 8 48 59 3 36 14 82 93 77 9 14 70 58 91
400 7 400 58 53 33 34 12 92 73 7 4 64 68 51
400 402 400 401 401 401 401 402 401 402 402 402 401 401 402
0 0 1 1 1 1 1 1 1 0
0 1 1 1 0 0 1 1 0 0
0 1 1 1 0 0 1 1 0 0
0 1 1 1 1 1 1 1 0 0
0 1 1 1 0 0 1 1 0 0
1 1 1 1 1 1 1 1 1 0
1 1 0 1 1 1 1 1 1 1
1 1 1 1 1 1 1 0 0 0
1 1 1 0 0 0 1 0 0 0
2 1 1 1 1 1 1 0 0 0
Maze 157
99 101 3.1666666667 1.8738863797 65 0.377116675235156
16 14 59 30 75 30 81 82 76 76 26 85 58 17 94 16
400 54 29 25 25 21 400 72 400 400 25 55 57 14 14
400 401 402 402 402 402 400 402 400 400 402 402 401 402 402
0 0 0 0 0 0 0 0 0 0
0 0 0 1 1 2 1 0 0 0
1 1 1 1 1 1 1 1 1 1
1 0 0 1 1 1 1 0 1 0
1 0 0 1 1 1 1 0 1 0
1 0 0 1 1 1 1 1 1 0
1 0 0 1 1 1 0 0 0 0
1 1 1 1 1 1 0 0 0 0
1 1 0 1 1 0 0 0 0 0
0 0 0 1 0 0 0 0 0 0
Maze 158
105 301 2.8484848485 2.3251085466 87 0.397251024327082
45 61 4 16 63 81 40 50 82 7 87 29 43 54 86 45
41 1 14 13 61 31 400 42 2 400 27 23 53 84 85
402 402 401 402 402 402 400 402 402 400 402 402 401 401 401
1 1 1 1 1 1 1 0 0 0
1 1 1 1 1 1 1 0 0 0
1 1 1 1 1 1 1 1 1 0
1 1 1 1 1 1 1 1 1 1
1 1 1 1 2 1 1 1 1 1
1 1 1 1 1 0 1 0 0 0
1 1 1 1 1 0 1 0 0 0
1 1 0 1 1 0 1 0 0 0
1 1 0 1 1 1 1 0 0 0
0 0 0 0 0 0 0 0 0 0
Maze 159
97 12 3.1071428571 2.1522219506 55 0.384745048656522
62 30 78 45 39 60 68 56 66 21 71 100 22 69 69 62
22 28 75 35 59 58 66 400 61 400 91 92 62 400 400
402 402 401 402 401 402 401 400 401 400 401 401 401 400 400
0 0 0 0 0 0 0 0 0 0
0 0 0 0 0 0 0 0 0 0
1 1 1 1 1 1 1 1 1 1
1 1 0 0 1 1 1 1 1 0
1 1 0 0 1 0 0 1 1 0
1 1 0 0 1 1 0 1 1 1
1 2 1 1 1 1 1 1 1 0
1 1 0 0 1 1 1 1 0 0
1 1 0 0 0 0 0 0 0 0
1 1 1 1 1 1 1 1 1 1
Maze 160
81 47 3.2093023256 2.1929286465 26 0.355099326533714
34 56 51 75 84 66 9 21 71 1 52 12 21 16 74 34
54 400 71 74 64 6 1 400 400 51 400 11 11 14 400
401 400 401 402 402 402 402 400 400 401 400 402 402 402 400
1 1 1 1 1 1 1 1 1 0
1 1 1 1 1 1 0 0 0 0
1 1 0 1 0 1 0 0 0 0
1 1 0 2 0 1 0 0 0 0
1 1 0 1 0 1 0 0 0 0
1 1 1 1 1 1 0 0 0 0
1 0 0 1 1 1 0 0 0 0
1 1 1 1 1 0 0 0 0 0
0 0 0 1 0 0 0 0 0 0
0 0 0 0 0 0 0 0 0 0
Maze 161
103 200 2.7575757576 2.2519012619 77 0.371238023594519
19 87 90 51 15 9 95 98 99 10 82 34 52 22 39 19
17 400 81 11 5 5 400 400 9 2 32 32 400 32 400
402 400 401 402 402 402 400 400 402 402 402 402 400 401 400
0 1 1 1 1 1 1 1 1 1
1 1 1 1 1 0 1 1 2 0
1 1 0 0 1 0 1 0 1 0
1 1 1 1 1 1 1 1 1 0
1 1 0 0 1 0 1 0 1 0
1 1 0 0 1 0 1 0 1 0
1 1 0 0 1 0 1 0 1 0
1 1 0 0 1 0 1 0 1 0
1 1 1 1 1 1 1 1 1 1
0 0 0 0 1 1 1 1 1 0
Maze 162
91 21 3.3469387755 2.1110656681 45 0.364766721872303
67 62 95 46 40 15 59 25 20 65 76 61 93 92 50 67
400 92 45 36 35 55 55 15 15 75 71 91 400 42 47
400 401 402 402 401 401 401 402 402 401 401 401 400 402 402
0 0 0 0 0 0 0 0 0 0
0 0 0 0 1 1 1 1 1 1
0 0 0 0 1 0 0 0 0 0
0 0 0 0 1 1 1 1 1 1
0 1 1 1 1 1 1 1 1 1
0 1 0 0 1 1 1 1 1 0
1 1 1 1 1 1 2 0 0 0
1 1 1 1 1 1 0 0 0 0
1 1 0 0 1 0 0 0 0 0
1 1 1 1 1 0 0 0 0 0
Maze 163
71 114 2.7906976744 2.0464286464 20 0.393935646556455
57 28 34 56 95 63 82 83 63 48 19 48 98 23 59 57
27 24 54 55 93 62 400 400 43 18 18 400 93 53 400
402 402 401 402 401 402 400 400 402 402 402 400 401 401 400
0 0 0 0 0 0 0 0 0 0
0 0 0 0 0 0 0 1 1 0
0 0 1 1 1 1 1 1 0 0
0 0 1 1 0 0 1 1 0 0
0 0 1 1 1 1 1 1 0 0
0 0 1 1 1 1 2 1 1 0
0 1 1 0 1 0 0 1 0 0
0 1 1 0 1 0 0 1 0 0
0 1 1 0 1 0 0 1 0 0
0 0 1 1 1 1 1 1 0 0
Maze 164
89 64 3.2653061224 2.0493837165 36 0.373109734957355
11 32 96 37 52 82 58 42 10 33 73 31 41 52 34 11
31 92 36 32 400 52 52 2 3 400 71 400 51 32 31
401 401 402 402 400 402 401 402 402 400 401 400 401 402 401
0 1 1 1 1 1 1 1 1 1
2 1 1 0 0 0 0 0 0 0
1 1 1 0 0 0 0 0 0 0
1 1 1 1 1 1 1 0 0 0
1 1 1 0 0 1 0 0 0 0
1 1 1 1 1 1 1 1 0 0
1 1 1 0 0 1 0 0 0 0
1 1 1 0 0 1 0 0 0 0
0 1 0 0 0 1 0 0 0 0
0 1 1 1 1 1 0 0 0 0
Maze 165
105 253 3.6078431373 2.0789205828 120 0.404313315287587
82 58 21 43 75 87 46 91 34 70 6 46 75 8 56 82
52 51 41 73 85 86 41 31 64 66 400 45 5 6 52
402 401 401 401 401 401 402 402 401 401 400 402 402 402 402
0 0 0 0 1 1 1 1 0 0
0 0 0 0 1 1 0 0 0 0
1 0 0 0 1 1 0 0 0 0
1 1 1 1 1 1 0 0 0 0
1 1 1 1 1 1 0 0 0 0
1 1 1 1 1 1 1 1 0 0
1 1 1 1 1 1 1 1 1 1
1 1 1 1 1 1 0 0 0 0
1 2 0 0 1 1 1 0 0 0
1 0 0 0 0 0 0 0 0 0
Maze 166
119 6 3.9200000000 1.8998514678 141 0.386670106727844
14 40 74 20 11 61 59 72 84 13 60 32 72 54 91 14
34 34 14 400 400 51 52 82 83 53 52 400 52 51 11
401 402 402 400 400 402 402 401 401 401 401 400 402 402 402
0 0 0 0 0 0 0 0 0 0
1 1 1 2 1 1 1 1 1 1
1 0 1 1 0 0 0 0 0 0
1 1 1 1 1 1 1 1 1 1
1 1 1 1 0 0 0 0 0 0
1 1 1 1 1 1 1 1 1 1
1 1 1 1 0 0 0 0 0 0
1 1 1 1 0 0 0 0 0 0
1 1 1 1 0 0 0 0 0 0
1 0 0 0 0 0 0 0 0 0
Maze 167
109 69 3.0384615385 1.7493219175 68 0.398556612195901
8 35 27 52 19 69 66 72 5 93 57 28 82 3 42 8
5 25 22 12 400 400 62 2 3 53 27 22 2 2 2
402 402 402 402 400 400 402 402 402 402 402 402 402 402 402
0 1 1 1 1 1 1 2 0 0
0 1 1 1 1 1 1 1 1 0
0 1 1 1 1 1 1 1 1 0
0 1 1 0 1 0 1 0 1 0
0 1 1 0 0 0 1 0 1 0
0 1 1 1 1 1 1 0 1 0
0 1 1 1 1 1 1 1 1 0
0 1 1 0 0 0 0 0 0 0
0 1 1 0 0 0 0 0 0 0
0 0 1 0 0 0 0 0 0 0
Maze 168
71 124 2.6000000000 2.2495163017 12 0.379229712581751
44 23 21 6 60 25 37 50 70 83 34 6 25 31 53 44
43 400 1 56 55 35 47 400 63 33 4 5 21 51 43
401 400 402 401 401 401 401 400 402 402 402 402 402 401 402
1 1 1 1 1 1 0 0 0 0
1 0 0 1 1 1 0 0 0 0
1 1 1 1 1 1 0 0 0 0
1 0 1 1 1 1 1 0 0 0
1 0 1 2 1 1 1 1 1 1
1 1 1 0 1 1 1 1 1 1
0 0 1 1 1 1 1 1 1 1
0 0 1 0 0 0 0 0 0 0
0 0 1 0 0 0 0 0 0 0
0 0 0 0 0 0 0 0 0 0
Maze 169
79 25 3.0204081633 2.2810033881 35 0.370963569426947
88 52 86 45 49 26 22 21 32 15 88 100 29 39 94 88
82 82 85 400 46 400 400 31 12 85 98 99 400 34 84
401 401 401 400 401 400 400 401 402 401 401 401 400 402 402
0 0 0 0 0 0 0 0 0 0
0 1 1 1 1 0 0 0 0 0
1 1 1 1 1 1 0 0 1 0
1 1 0 1 1 1 1 1 1 0
0 0 0 1 1 1 1 1 1 0
0 1 0 1 1 0 0 0 1 0
0 1 0 1 1 0 0 0 1 0
0 1 0 1 1 0 0 0 1 0
0 1 1 1 1 1 1 2 1 0
0 0 0 1 0 0 0 1 1 1
Maze 170
111 60 3.3200000000 1.9434278129 92 0.378976661127922
13 100 14 23 4 77 99 49 24 75 86 30 94 73 97 13
93 94 13 3 74 97 400 44 74 85 26 24 93 93 93
401 401 402 402 401 401 400 401 401 401 402 402 401 401 401
0 0 1 1 0 0 0 0 0 0
0 0 2 1 0 0 0 0 0 0
0 0 1 1 1 1 1 1 1 1
0 0 1 1 0 1 0 0 0 0
0 0 1 1 1 1 1 1 1 0
0 0 1 1 0 1 0 0 1 0
0 0 1 1 0 1 0 0 1 0
0 0 1 1 1 1 1 0 1 0
0 0 1 1 1 1 1 0 1 0
0 0 1 1 1 1 1 1 1 1
Maze 171
105 302 2.9508196721 2.1764155732 105 0.367758574909399
26 51 59 42 79 4 2 13 27 23 77 17 26 1 97 26
21 400 52 72 74 400 12 23 400 73 400 16 21 91 96
402 400 401 401 401 400 401 401 400 401 400 402 401 401 401
1 1 1 1 0 0 0 0 0 0
1 1 1 1 0 1 1 0 0 0
1 1 1 1 1 2 1 0 0 0
1 0 1 1 0 1 1 0 0 0
1 1 1 1 0 1 1 0 0 0
1 1 1 1 1 1 1 1 1 0
1 1 1 1 0 1 1 0 0 0
1 1 1 1 1 1 1 1 1 0
1 0 0 0 0 1 0 0 0 0
1 1 1 1 1 1 1 0 0 0
Maze 172
81 96 2.8301886792 2.2634368815 35 0.380564867464572
74 1 15 62 50 6 52 52 66 65 85 19 9 35 34 74
71 11 12 42 46 2 400 62 400 400 15 400 5 400 400
401 401 402 402 401 402 400 401 400 400 402 400 402 400 400
1 1 1 1 1 1 1 1 1 0
1 1 1 1 1 1 1 1 1 0
1 1 0 0 1 1 0 0 0 0
1 1 0 1 1 1 0 0 0 0
1 1 1 1 1 1 1 1 1 1
1 1 0 1 1 0 0 0 0 0
1 1 1 1 1 1 0 0 0 0
1 1 1 2 1 0 0 0 0 0
0 0 0 0 1 0 0 0 0 0
0 0 0 0 0 0 0 0 0 0
Maze 173
91 921 3.2400000000 2.0640750970 50 0.394342501181632
60 16 34 61 45 55 46 24 53 7 95 23 76 48 52 60
56 14 31 41 400 45 44 23 3 5 93 73 46 42 400
401 402 402 402 400 402 401 402 402 402 401 401 402 402 400
0 0 1 1 1 1 1 0 0 0
0 0 1 1 1 1 0 0 0 0
0 0 1 1 1 1 0 0 0 0
1 1 1 1 1 1 0 0 0 0
1 1 1 1 1 1 1 1 0 0
1 1 1 1 1 1 1 1 1 2
1 0 1 0 1 1 0 0 0 0
0 0 1 1 1 1 0 0 0 0
0 0 1 0 1 0 0 0 0 0
0 0 1 1 1 0 0 0 0 0
Maze 174
127 497 3.3538461538 2.2909318890 126 0.379208225281921
81 12 66 20 13 55 10 54 89 31 79 13 81 62 76 81
11 62 16 400 53 5 4 84 81 71 73 11 61 72 71
402 401 402 400 401 402 402 401 401 401 401 402 402 401 402
0 0 0 1 1 1 1 1 1 1
1 1 1 1 1 1 1 1 1 1
1 1 1 1 1 1 0 0 0 0
1 1 1 1 1 1 0 0 0 0
1 1 1 1 1 1 0 0 0 0
1 1 1 1 1 1 0 0 0 0
1 1 1 1 1 1 0 0 0 0
1 1 1 1 1 1 1 1 1 0
2 1 1 1 1 1 1 1 1 0
0 0 0 0 0 0 0 0 0 0
Maze 175
119 347 2.9850746269 2.0980793557 125 0.394508616323534
70 8 71 81 6 58 18 51 99 62 60 100 33 47 65 70
68 1 400 1 56 400 11 91 92 52 400 93 43 45 400
401 402 400 402 401 400 402 401 401 402 400 401 401 402 400
1 1 1 1 1 1 1 1 0 0
1 1 1 1 1 1 1 1 0 0
1 0 0 0 0 1 0 1 0 0
1 0 1 0 0 1 0 1 0 0
1 0 1 1 1 1 1 1 0 0
1 1 1 1 1 1 1 1 1 1
1 1 1 0 1 1 1 1 1 2
1 1 1 0 0 0 0 0 0 1
1 1 1 0 0 0 0 0 0 1
1 1 1 1 1 1 1 1 1 1
Maze 176
77 67 3.1111111111 2.0853103103 35 0.400113549446252
62 7 47 53 48 57 65 94 95 25 30 35 44 58 30 62
2 400 43 43 47 55 64 400 400 400 25 34 54 28 22
402 400 402 402 402 402 402 400 400 400 402 402 401 402 402
0 1 1 1 1 1 1 0 0 0
0 1 0 0 0 0 1 0 0 0
0 1 1 1 1 1 1 1 1 1
0 1 0 1 1 0 1 1 0 0
0 1 1 1 1 1 1 1 0 0
0 1 1 1 1 1 1 1 0 0
0 2 0 1 1 0 0 0 0 0
0 0 0 1 1 0 0 0 0 0
0 0 0 1 1 0 0 0 0 0
0 0 0 1 1 0 0 0 0 0
Maze 177
95 522 2.9473684211 2.1872580440 77 0.395524431056974
19 58 26 89 60 32 20 88 39 80 41 33 29 36 25 19
18 56 86 59 52 12 18 38 79 71 31 23 26 35 15
402 401 401 402 401 402 402 402 401 401 402 402 402 401 402
0 0 0 0 0 0 0 0 0 0
0 1 1 1 1 1 1 1 2 1
0 1 1 1 1 1 1 1 1 0
1 1 1 0 1 1 0 1 1 0
1 1 0 0 0 1 0 1 1 0
1 1 1 1 1 1 1 1 1 1
1 0 0 0 0 1 0 1 1 0
1 1 1 1 1 1 1 1 1 1
0 0 0 0 0 1 1 1 1 0
0 0 0 0 0 0 0 0 0 0
Maze 178
115 67 3.0746268657 2.2088801729 85 0.371526691408223
11 52 79 48 43 10 7 81 100 42 87 72 70 77 5 11
51 72 78 400 3 400 1 91 92 82 82 62 67 75 1
401 401 401 400 402 400 402 401 401 401 401 402 402 401 402
1 1 1 1 1 1 1 1 1 1
2 0 1 0 1 0 0 0 0 0
1 0 1 0 1 0 0 0 0 0
1 0 1 0 1 0 0 0 0 0
1 1 1 1 1 1 1 1 0 0
1 1 0 0 1 0 0 1 0 0
1 1 1 1 1 1 1 1 1 1
1 1 1 1 1 1 1 1 1 0
1 1 1 1 1 1 1 0 0 0
1 1 1 1 1 1 1 1 1 1
Maze 179
111 102 2.9393939394 2.1958558750 91 0.390516951890079
21 2 43 60 27 94 21 5 36 36 50 36 89 13 99 21
1 42 53 57 24 91 1 35 400 46 46 86 83 93 91
402 401 401 401 402 401 402 401 400 401 401 401 401 401 401
1 1 1 1 1 0 0 0 0 0
1 1 1 0 1 0 0 0 0 0
2 1 1 1 1 1 1 0 0 0
1 1 1 1 1 1 1 0 0 0
1 1 1 1 0 1 1 1 1 1
1 0 1 1 1 1 1 1 1 1
1 0 1 1 0 1 0 0 0 0
1 0 1 1 0 1 0 0 0 0
1 0 1 1 1 1 1 1 1 0
1 1 1 1 1 1 1 1 1 0
Maze 180
95 35 2.9473684211 2.1702024648 51 0.391691370167551
8 86 43 91 76 49 71 41 99 78 34 25 31 1 27 8
6 83 41 71 46 41 400 91 98 74 24 21 400 21 7
402 401 402 402 402 402 400 401 401 401 402 402 400 401 402
1 0 0 0 0 1 1 2 0 0
1 0 0 0 0 1 1 0 0 0
1 1 1 1 1 1 1 0 0 0
1 0 0 1 0 1 0 0 0 0
1 1 1 1 1 1 1 1 1 0
1 0 1 1 0 1 0 0 0 0
1 0 1 1 0 1 0 0 0 0
1 1 1 1 1 1 1 1 0 0
1 0 1 1 1 1 0 1 0 0
1 1 1 1 1 1 1 1 1 0
Maze 181
103 165 3.0000000000 1.8854601203 48 0.375419060236299
89 3 66 59 77 23 68 9 48 3 52 73 68 39 25 89
83 63 56 57 73 63 8 8 43 2 72 63 38 35 85
401 401 402 402 401 401 402 402 401 402 401 402 402 401 401
0 1 1 0 0 0 0 1 1 0
0 1 1 0 0 0 0 1 0 0
0 1 1 0 1 0 0 1 0 0
0 1 1 0 1 1 1 1 1 0
0 1 1 1 1 1 1 1 0 0
0 1 1 0 1 1 1 1 1 0
0 1 1 1 1 1 1 1 0 0
0 1 1 1 1 1 1 0 0 0
0 0 1 1 1 1 1 1 2 0
0 0 0 0 0 0 0 0 0 0
Maze 182
99 1418 3.6538461538 2.1754232752 71 0.380413222540104
42 83 51 75 4 16 74 70 27 85 17 93 45 50 58 42
82 81 71 74 14 14 64 67 25 15 13 43 400 48 52
401 401 401 401 401 402 402 401 402 402 402 402 400 402 401
0 0 0 1 0 0 0 0 0 0
0 0 1 1 1 1 1 0 0 0
0 0 1 1 1 1 1 0 0 0
0 0 1 1 1 0 1 0 0 0
0 2 1 1 1 1 1 1 1 1
1 1 1 1 1 1 1 1 0 0
1 1 1 1 1 1 1 1 1 1
1 1 1 1 1 0 0 0 0 0
1 1 1 0 1 0 0 0 0 0
0 0 1 0 0 0 0 0 0 0
Maze 183
105 471 2.6984126984 2.1740574993 99 0.389120671079059
97 85 2 7 37 4 63 61 100 76 34 21 98 58 3 97
95 82 400 400 34 3 400 91 96 74 31 91 400 53 93
401 401 400 400 401 402 400 401 401 401 401 401 400 401 401
0 1 1 1 1 1 1 0 0 0
0 1 1 1 0 0 1 0 0 0
1 1 1 1 0 0 1 0 0 0
1 1 1 1 1 1 1 0 0 0
1 1 1 1 0 0 0 0 0 0
1 1 1 1 1 1 1 1 0 0
1 1 1 1 0 0 0 1 0 0
1 1 1 1 1 1 0 1 0 0
1 1 1 1 1 1 0 1 0 0
1 1 1 1 1 1 2 1 1 1
Maze 184
89 38 2.8000000000 2.3535998562 34 0.366156121083575
99 40 52 18 41 95 45 77 33 13 62 57 97 77 100 99
39 32 12 11 91 400 75 73 400 12 52 400 400 97 400
402 402 402 402 401 400 401 401 400 402 402 400 400 401 400
0 0 0 0 0 0 0 0 0 0
1 1 1 1 1 1 1 1 0 0
1 1 1 0 0 0 0 0 0 0
1 1 1 1 1 1 1 1 1 1
1 1 1 0 1 0 0 0 1 0
1 1 1 1 1 1 1 0 1 0
1 1 1 0 1 0 1 0 1 0
1 0 1 1 1 1 1 0 1 0
1 0 0 0 1 0 1 0 1 0
1 1 1 1 1 0 1 1 2 1
Maze 185
93 467 3.2692307692 2.1396362329 45 0.394062152581844
90 94 44 75 42 31 87 81 2 70 78 46 53 51 35 90
84 400 74 72 41 81 400 1 62 68 76 43 400 31 85
402 400 401 401 401 401 400 402 401 402 401 402 400 402 401
1 1 0 0 0 0 0 0 0 0
1 1 0 0 0 0 0 0 0 0
1 1 0 0 0 0 0 0 0 0
1 1 1 1 1 0 0 0 0 0
1 1 1 1 1 1 0 0 0 0
1 1 1 1 1 1 0 0 0 0
1 1 1 1 1 1 1 1 1 1
1 1 1 1 1 1 1 1 0 0
1 1 1 1 1 1 1 1 1 2
0 0 0 1 0 0 0 0 0 0
Maze 186
93 36 3.2800000000 2.0392854515 45 0.365475355833556
46 71 81 55 78 49 7 50 23 97 52 24 52 97 98 46
41 400 51 75 48 47 47 43 93 92 22 22 92 400 96
402 400 402 401 402 401 401 401 401 401 402 402 401 400 401
0 0 0 0 0 0 1 0 0 0
0 0 0 0 0 0 1 0 0 0
0 1 1 1 0 0 1 0 0 0
0 1 1 0 0 0 1 0 0 0
1 1 1 1 1 2 1 1 1 1
1 1 1 1 1 1 0 1 0 0
1 1 1 0 1 1 0 1 0 0
1 1 1 0 1 1 1 1 0 0
1 1 1 0 0 1 0 0 0 0
0 1 1 1 1 1 1 1 0 0
Maze 187
97 530 3.1428571429 2.1498074459 58 0.395084627514528
13 40 16 72 64 21 25 48 28 58 45 19 80 22 76 13
33 36 12 62 61 400 45 400 400 55 15 79 72 72 73
401 401 402 402 401 400 401 400 400 401 402 401 401 401 401
0 0 0 0 0 0 0 0 0 0
0 1 2 1 1 1 1 1 1 0
1 1 1 1 1 1 0 1 1 0
1 1 1 1 1 1 1 1 1 1
1 1 1 0 1 1 1 1 1 0
1 1 1 0 1 1 1 1 1 0
1 1 1 1 0 0 0 0 1 0
0 1 1 1 1 1 1 1 1 1
0 0 0 0 0 0 0 0 0 0
0 0 0 0 0 0 0 0 0 0
Maze 188
113 455 3.2727272727 2.2229650316 112 0.372524672962553
30 86 100 28 65 60 5 72 15 20 98 37 81 73 55 30
26 96 98 25 55 55 2 12 400 18 97 31 71 53 25
402 401 401 402 402 401 402 402 400 402 401 402 402 402 402
0 1 1 1 1 0 0 0 0 0
0 1 1 1 1 1 1 1 1 1
0 1 0 0 1 1 1 1 1 2
1 1 1 1 1 1 1 1 0 0
1 1 0 0 1 1 1 1 0 0
1 1 1 1 1 1 1 1 1 1
1 1 1 0 1 1 1 1 0 0
1 1 1 0 0 1 1 1 0 0
1 0 0 0 0 1 1 1 0 0
0 0 0 0 0 1 1 1 1 1
Maze 189
91 64 3.0188679245 2.0959983016 31 0.364607848231475
61 76 29 9 37 21 84 17 37 10 34 35 63 52 80 61
71 26 400 7 31 81 14 400 7 4 400 33 62 72 71
401 402 400 402 401 401 402 400 402 402 400 402 401 401 401
0 0 0 1 1 1 1 1 1 1
0 0 0 1 1 1 1 0 1 0
1 0 0 1 0 1 1 1 1 0
1 1 1 1 1 1 1 0 0 0
1 0 1 1 0 1 0 0 0 0
1 1 1 1 0 1 0 0 0 0
2 1 1 1 0 1 0 0 0 0
1 1 1 1 1 1 1 1 1 1
1 1 1 1 0 0 0 0 0 0
0 0 0 0 0 0 0 0 0 0
Maze 190
105 51 3.0476190476 2.1883374556 97 0.379642117416837
24 84 60 48 11 34 6 61 98 8 40 21 25 34 69 24
400 54 58 41 31 4 1 91 400 38 31 400 24 64 64
400 402 401 401 401 402 402 401 400 401 401 400 402 401 401
1 1 1 1 1 1 0 1 0 0
1 0 0 1 0 0 0 1 0 0
1 1 1 2 1 0 0 1 0 0
1 1 1 1 1 1 1 1 1 1
1 1 1 1 1 1 1 1 0 0
1 0 0 1 1 1 1 1 1 1
1 0 0 1 1 1 1 1 1 0
1 0 0 1 0 0 0 1 0 0
1 0 0 1 0 0 0 1 0 0
1 1 1 1 1 1 1 1 0 0
Maze 191
89 248 3.1071428571 2.2712262506 56 0.392844712547405
86 65 30 78 61 46 2 8 27 54 76 59 98 40 26 86
85 25 28 71 41 42 400 7 24 74 56 58 38 36 400
401 402 402 401 402 401 400 402 402 401 402 402 402 401 400
0 1 1 1 1 1 1 1 0 0
0 1 0 0 0 0 1 0 0 0
0 1 0 1 1 1 1 1 1 1
0 1 0 1 1 1 1 1 1 1
1 1 1 1 1 1 0 1 0 0
1 0 0 1 1 1 1 1 1 0
1 0 0 1 1 1 0 1 0 0
1 1 1 1 1 1 1 1 0 0
0 0 0 0 1 2 0 1 0 0
0 0 0 0 0 0 0 1 0 0
Maze 192
71 331 2.8571428571 2.3877426602 16 0.397196066209623
100 95 83 54 56 77 21 12 54 83 89 47 85 46 59 100
400 93 53 400 76 71 11 52 53 400 87 45 45 56 99
400 401 402 400 401 401 402 401 402 400 401 402 402 401 401
0 0 0 0 0 0 0 0 0 0
1 1 0 0 0 0 0 0 0 0
1 1 0 0 0 0 0 0 0 0
1 1 0 0 0 0 0 0 0 0
1 1 0 0 1 1 1 0 0 0
1 1 1 1 1 1 1 1 1 0
1 0 1 0 1 1 1 0 1 0
1 1 1 1 1 1 1 0 1 0
0 0 1 1 1 1 1 1 1 0
0 0 1 1 1 1 1 1 1 2
Maze 193
111 660 3.3333333333 2.1549617825 112 0.390776712554833
62 83 9 59 21 48 25 96 4 37 22 14 73 4 77 62
82 3 400 51 41 45 95 94 34 32 12 13 3 74 72
401 402 400 401 401 401 401 401 401 401 402 402 402 401 401
0 0 1 1 1 1 1 1 1 0
0 1 1 1 0 0 0 0 1 0
1 1 1 1 1 0 0 0 1 0
1 1 1 1 1 1 1 0 1 0
1 1 1 1 1 1 1 1 1 0
1 1 1 1 1 1 1 1 1 0
0 2 1 1 1 0 0 0 0 0
0 1 1 1 1 1 1 0 0 0
0 1 1 1 1 0 0 0 0 0
0 0 0 1 1 1 0 0 0 0
Maze 194
115 120 3.5849056604 2.0332993979 133 0.398556919511766
41 10 94 72 6 22 57 68 92 27 51 21 23 39 1 41
1 4 92 2 2 52 67 62 22 21 400 400 33 31 400
402 402 401 402 402 401 401 402 402 402 400 400 401 401 400
1 1 1 1 1 1 1 1 1 1
1 1 0 1 0 0 0 0 0 0
1 1 1 1 1 1 1 0 0 0
1 1 1 1 1 1 1 1 1 0
2 1 0 1 0 0 0 0 0 0
1 1 1 1 1 1 1 0 0 0
0 1 1 1 1 1 1 1 0 0
0 1 0 1 0 0 0 0 0 0
0 1 0 1 0 0 0 0 0 0
0 1 1 1 0 0 0 0 0 0
Maze 195
75 153 2.9019607843 2.3352356240 26 0.357878646193912
55 81 86 9 38 26 35 14 3 18 74 82 37 47 50 55
51 400 6 8 36 25 34 13 13 14 72 32 400 400 45
402 400 402 402 401 402 401 401 401 402 402 402 400 400 402
0 0 1 0 0 1 1 1 1 0
0 0 1 1 1 1 1 1 0 0
0 0 0 1 1 1 0 1 0 0
0 1 1 1 1 1 1 1 0 0
0 1 0 1 1 1 1 1 1 1
1 1 1 1 2 1 0 0 0 0
1 1 0 1 0 1 0 0 0 0
1 1 1 1 0 1 0 0 0 0
1 1 1 1 1 1 0 0 0 0
0 0 0 0 0 0 0 0 0 0
Maze 196
97 424 2.7000000000 2.2478822365 70 0.385208834738408
33 85 74 1 62 48 88 5 41 29 86 94 51 13 44 33
83 84 71 61 42 400 85 1 21 26 84 91 11 43 43
401 401 401 401 402 400 401 402 402 402 402 401 402 401 401
1 1 1 1 1 0 0 0 0 0
1 1 1 0 1 0 0 0 0 0
1 1 1 1 1 1 1 1 1 0
1 0 2 0 1 1 0 0 0 0
1 1 1 1 1 1 1 1 0 0
1 1 1 0 1 1 0 1 0 0
1 1 1 0 1 1 0 1 0 0
1 1 1 1 1 1 0 1 0 0
1 0 1 1 1 1 1 1 0 0
1 1 1 1 0 0 0 0 0 0
Maze 197
91 93 3.0416666667 2.0415697197 36 0.385175526942103
26 37 35 100 97 72 3 3 99 92 63 75 51 66 81 26
36 400 95 400 92 2 400 93 400 62 73 71 61 61 21
401 400 401 400 401 402 400 401 400 402 401 401 401 402 402
0 1 1 0 0 0 0 0 0 0
0 1 1 0 0 0 0 0 0 0
1 1 1 1 1 2 0 0 0 0
1 1 1 0 1 1 1 0 0 0
1 1 1 0 1 0 0 0 0 0
1 1 1 0 1 0 0 0 0 0
1 1 1 1 1 1 0 0 0 0
1 1 1 1 1 0 0 0 0 0
1 1 1 0 1 0 0 0 0 0
0 1 1 1 1 1 1 1 1 1
Maze 198
93 22 2.7878787879 2.4755695371 29 0.370352282418439
87 89 97 83 91 10 35 19 15 41 67 100 68 29 34 87
400 87 93 81 1 5 15 400 11 61 97 98 28 24 84
400 402 401 402 402 402 402 400 402 401 401 401 402 402 401
1 1 1 1 1 1 1 1 1 1
1 1 1 1 1 1 1 1 1 0
1 0 0 1 1 1 1 1 1 0
1 0 0 1 1 0 0 1 0 0
1 0 0 1 0 0 0 1 0 0
1 0 0 1 0 0 0 1 0 0
1 1 1 1 1 1 1 1 0 0
1 0 0 1 0 0 1 1 0 0
1 1 1 1 1 1 2 1 1 0
1 0 1 1 1 1 1 1 1 1
Maze 199
77 14 3.3157894737 1.9507741613 30 0.398388556501512
64 66 4 7 60 94 94 48 57 64 43 70 44 45 27 64
400 64 400 57 54 400 44 47 54 63 63 64 400 25 24
400 401 400 401 402 400 402 402 402 401 401 401 400 402 402
0 0 0 1 1 1 1 0 0 0
0 0 0 1 0 0 1 0 0 0
0 0 0 1 1 1 1 0 0 0
0 0 0 1 1 0 1 0 0 0
0 0 1 1 1 1 1 1 0 0
0 0 1 1 1 1 1 1 1 1
0 0 1 2 1 1 1 1 1 1
0 0 0 1 0 0 0 0 0 0
0 0 0 1 0 0 0 0 0 0
0 0 0 1 0 0 0 0 0 0
Maze 200
87 60 2.9473684211 2.2812500000 44 0.367216899445209
55 76 59 9 90 50 19 68 70 88 85 27 74 91 40 55
75 56 400 89 400 49 18 400 68 400 25 24 71 31 35
401 402 400 401 400 401 402 400 402 400 402 402 402 402 402
0 0 0 0 0 0 0 0 1 0
0 0 0 0 0 0 0 1 1 0
0 0 0 1 1 1 1 1 1 0
1 1 1 1 1 1 1 1 1 1
1 0 0 1 1 0 0 1 1 1
1 0 0 1 2 1 1 1 1 1
1 0 0 1 1 1 0 1 1 1
1 1 1 1 1 1 0 1 1 1
1 0 0 0 1 1 1 1 1 1
1 0 0 0 0 0 0 0 0 0
