numMazes: 200
mazeSize: 10
Maze 1
119 78 3.1428571429 1.9870744808 108 0.391026488631382
81 7 87 11 76 64 6 77 10 17 32 43 52 51 9 81
1 400 81 71 74 4 76 7 7 12 42 42 400 1 1
402 400 401 401 401 402 401 402 402 402 401 402 400 402 402
1 1 1 1 1 1 1 1 1 1
1 1 1 1 1 1 1 0 0 0
1 1 0 1 0 1 1 0 0 0
1 1 0 1 0 1 1 0 0 0
1 1 1 1 0 1 1 0 0 0
1 1 0 1 0 1 1 0 0 0
1 0 0 1 0 1 1 0 0 0
1 1 1 1 1 1 1 0 0 0
2 1 1 1 1 1 1 0 0 0
0 0 0 0 0 0 0 0 0 0
Maze 2
125 2363 3.2307692308 2.1736947844 168 0.388395522214127
100 65 17 69 13 71 53 9 86 98 50 31 74 50 5 100
95 15 67 63 11 51 3 6 96 48 41 71 44 45 95
401 402 401 401 402 402 402 402 401 402 401 401 402 401 401
0 0 1 1 1 1 1 1 1 0
1 1 1 0 1 1 1 0 0 0
1 0 1 0 1 1 1 0 0 0
1 0 1 0 1 1 1 0 0 0
1 1 1 1 1 1 1 1 1 1
1 1 1 1 1 1 1 1 0 0
1 0 1 1 1 1 1 1 1 0
1 1 1 1 1 1 0 1 0 0
0 0 0 0 1 1 0 1 0 0
0 0 0 0 1 1 1 1 1 2
Maze 3
93 67 3.1428571429 1.8472740658 41 0.375045359073675
25 93 16 14 38 6 33 83 74 52 43 26 83 14 97 25
23 13 400 34 36 3 400 73 72 42 23 23 13 94 95
402 402 400 401 401 402 400 402 401 402 402 402 402 401 401
0 0 1 1 1 1 0 0 0 0
0 0 1 1 1 1 0 0 0 0
0 0 1 1 2 1 0 0 0 0
0 0 1 1 1 1 1 1 0 0
0 1 1 1 1 0 0 0 0 0
0 1 1 1 1 0 0 0 0 0
0 1 1 1 1 0 0 0 0 0
0 1 1 1 1 0 0 0 0 0
0 0 1 1 1 0 0 0 0 0
0 0 1 1 1 1 1 0 0 0
Maze 4
111 24 3.1803278689 2.1585000996 105 0.389708846544289
31 67 41 94 75 83 20 30 88 16 6 67 96 10 94 31
61 61 91 74 73 13 400 28 86 400 66 66 6 4 91
401 401 401 402 402 402 400 402 401 400 401 402 402 402 401
0 0 0 1 1 1 1 1 1 1
0 0 1 1 1 1 1 1 1 1
0 0 1 1 0 1 0 1 1 1
2 0 1 1 0 1 0 1 0 0
1 0 1 1 0 1 0 1 0 0
1 0 1 1 0 1 0 1 0 0
1 1 1 1 1 1 1 1 0 0
1 0 1 1 1 1 0 1 0 0
1 0 1 1 0 1 1 1 0 0
1 1 1 1 0 1 0 0 0 0
Maze 5
93 466 2.7540983607 2.1936379531 56 0.376577191230495
78 53 27 8 90 87 42 50 9 54 58 86 60 90 83 78
73 23 7 88 400 82 400 49 4 400 56 56 400 400 73
401 402 402 401 400 401 400 401 402 400 402 402 400 400 402
0 0 0 1 1 1 1 1 1 0
0 0 0 1 0 0 1 1 1 0
0 0 1 1 1 1 1 1 1 0
0 0 1 1 0 0 0 1 1 0
0 1 1 1 1 1 1 1 1 1
0 1 1 1 1 1 1 1 1 1
0 1 1 0 0 1 0 1 0 1
0 1 1 1 1 1 1 2 0 1
0 1 1 1 1 1 1 1 1 1
0 0 0 0 0 0 0 0 0 0
Maze 6
81 12 2.8627450980 2.1635793721 30 0.368379213246781
5 15 46 24 63 87 78 10 16 76 29 25 30 3 41 5
400 45 44 23 83 77 8 6 400 26 400 400 23 1 1
400 401 401 402 401 402 402 402 400 402 400 400 401 402 402
1 1 1 1 2 1 1 1 1 1
1 0 1 0 1 1 0 1 0 0
1 0 1 1 1 1 1 1 1 1
1 0 1 1 1 1 0 1 0 0
1 0 1 1 1 1 0 1 0 0
0 0 1 0 0 1 0 1 0 0
0 0 1 0 0 1 0 1 0 0
0 0 1 0 0 1 1 1 0 0
0 0 1 1 1 1 1 0 0 0
0 0 0 0 0 0 0 0 0 0
Maze 7
89 33 3.1020408163 2.0042468333 50 0.386844250604930
80 53 32 13 78 67 6 40 87 12 14 32 26 20 17 80
73 52 12 73 77 66 36 37 82 400 12 22 16 400 77
401 401 402 401 401 401 401 402 401 400 402 402 402 400 401
0 0 0 0 0 1 0 0 0 0
0 1 1 1 0 1 1 1 1 1
0 1 1 1 1 1 1 0 0 0
0 1 1 0 0 1 1 1 1 1
0 1 1 0 0 1 1 0 0 0
0 1 1 0 0 1 1 0 0 0
0 1 1 0 0 1 1 0 0 0
0 1 1 1 1 1 1 1 1 2
0 1 1 1 1 1 1 0 0 0
0 0 0 0 0 0 0 0 0 0
Maze 8
73 10 2.6956521739 2.0363789200 16 0.366280620360178
36 83 50 8 74 69 88 82 43 34 46 47 56 48 50 36
33 43 48 4 64 68 400 42 33 44 400 46 46 400 46
402 402 401 402 402 402 400 402 402 401 400 402 402 400 401
0 0 0 1 1 1 1 1 0 0
0 0 0 1 0 0 0 1 0 0
0 0 0 1 0 0 0 1 0 0
0 0 1 1 1 2 0 1 0 0
0 1 1 1 1 1 1 1 1 1
0 1 1 1 0 1 0 0 0 0
0 1 1 1 1 1 1 1 1 0
0 1 1 1 0 0 0 1 0 0
0 1 1 1 1 1 1 1 0 0
0 0 0 0 0 0 0 0 0 0
Maze 9
95 117 3.1914893617 1.9800725778 64 0.394990338350264
73 55 48 94 80 45 91 60 50 89 99 35 44 73 49 73
53 45 44 74 75 41 51 400 49 400 95 34 43 43 43
402 402 402 402 401 402 402 400 402 400 401 402 402 402 402
0 0 0 0 0 0 0 0 0 0
0 0 0 0 0 0 0 0 0 0
0 0 0 0 0 0 0 0 0 0
0 0 0 1 1 0 0 0 0 0
1 1 1 1 1 1 1 1 1 1
1 1 1 1 1 1 1 1 1 1
1 0 1 1 1 0 0 0 1 0
1 0 2 1 1 1 1 1 1 1
1 0 0 1 1 0 0 0 1 0
1 0 0 1 1 1 1 1 1 0
Maze 10
85 20 2.9615384615 2.2057836679 45 0.417725517697239
77 37 11 24 41 24 40 90 62 87 13 19 7 26 58 77
400 31 21 21 21 34 400 82 82 83 400 17 6 56 57
400 401 401 402 402 401 400 401 401 401 400 401 402 401 402
0 0 0 0 0 1 1 0 0 0
1 0 1 1 1 1 1 1 1 0
1 1 1 1 0 1 0 0 0 0
1 1 1 1 1 1 1 1 1 1
1 0 1 0 0 1 1 0 0 1
0 0 1 0 0 1 1 1 0 1
0 1 1 0 0 0 1 0 0 1
0 1 1 0 0 0 2 0 0 1
0 1 1 1 1 1 1 1 1 1
0 0 0 0 0 0 0 0 0 0
Maze 11
107 149 3.1147540984 2.2519012619 105 0.387494199721097
4 50 59 41 92 51 38 32 42 34 61 23 79 9 92 4
44 49 51 91 91 31 400 400 32 31 21 73 400 2 2
401 402 401 401 401 402 400 400 402 402 402 401 400 402 402
0 1 1 2 1 1 1 1 1 0
0 1 0 1 0 0 0 0 1 0
1 1 1 1 0 0 0 0 1 0
1 1 1 1 1 1 1 1 1 0
1 1 1 1 1 1 1 1 1 1
1 1 1 1 1 1 1 1 1 0
1 1 1 0 0 0 0 0 1 0
1 1 1 1 1 1 1 1 1 0
1 1 0 0 0 0 0 0 0 0
1 1 0 0 0 0 0 0 0 0
Maze 12
95 104 2.8196721311 2.1903618002 71 0.370770515871214
57 95 55 8 39 58 33 72 70 94 69 48 13 1 88 57
55 400 5 38 38 53 32 62 64 64 68 43 11 81 87
402 400 402 401 402 401 402 402 402 402 401 401 401 401 401
1 0 0 0 1 1 1 1 0 0
1 1 1 0 1 0 0 1 0 0
1 0 1 0 1 0 0 1 0 0
1 1 1 0 1 0 0 1 1 0
1 1 1 1 1 1 1 1 0 0
1 1 1 1 1 1 2 1 0 0
1 1 1 1 1 1 1 1 1 1
1 1 0 1 1 0 1 0 0 0
1 1 1 1 1 1 1 1 0 0
0 0 0 1 1 0 0 0 0 0
Maze 13
91 209 3.6097560976 1.9145044378 50 0.398570618338072
59 64 41 73 48 74 3 48 80 83 33 67 58 68 15 59
54 61 71 43 44 73 43 78 73 400 63 57 400 65 55
402 401 401 402 402 401 401 401 402 400 401 402 400 401 401
0 0 1 0 0 0 0 0 0 0
0 0 1 0 1 0 0 0 0 0
0 0 1 0 1 0 0 0 0 0
0 0 1 0 1 0 0 0 0 0
1 0 1 1 1 1 1 1 0 0
1 0 1 1 1 1 1 1 2 0
1 1 1 1 1 1 1 1 0 0
1 1 1 1 1 1 1 1 1 1
0 0 1 0 0 0 0 0 0 0
0 0 0 0 0 0 0 0 0 0
Maze 14
101 120 3.0769230769 2.0137286468 55 0.381043289256862
30 24 1 58 28 44 41 9 35 16 18 32 29 84 72 30
400 21 51 400 24 400 1 5 15 400 12 22 24 82 22
400 401 401 400 402 400 402 402 402 400 402 402 402 401 402
1 1 1 1 1 1 1 1 1 0
1 1 1 1 1 1 1 1 0 0
1 1 1 1 1 1 1 1 1 2
1 1 0 1 1 0 0 1 0 0
1 1 1 1 0 0 0 1 0 0
1 1 1 1 1 1 1 1 0 0
0 1 0 1 0 0 0 0 0 0
0 1 0 1 0 0 0 0 0 0
0 1 1 1 0 0 0 0 0 0
0 0 0 0 0 0 0 0 0 0
Maze 15
95 120 3.6000000000 2.1047097326 65 0.363545421844410
46 34 41 45 77 29 5 12 7 42 20 20 81 39 25 46
44 31 400 75 27 25 2 2 2 12 400 11 31 35 45
401 402 400 401 402 401 402 402 402 402 400 402 402 401 401
0 1 1 1 1 1 1 0 0 0
1 1 1 1 1 1 1 1 1 1
1 1 0 0 1 1 1 1 1 0
1 1 1 1 1 1 1 1 1 0
1 1 1 1 1 2 1 0 0 0
1 0 0 0 1 0 1 0 0 0
1 0 0 0 1 0 1 0 0 0
1 0 0 0 1 1 1 0 0 0
1 0 0 0 0 0 0 0 0 0
0 0 0 0 0 0 0 0 0 0
Maze 16
99 36 3.3818181818 2.2805926570 60 0.375127554551501
19 63 65 28 65 64 74 3 8 53 12 48 95 61 97 19
13 400 25 25 400 400 73 400 3 52 42 45 91 91 17
402 400 402 402 400 400 401 400 402 401 401 402 401 401 402
0 0 1 1 1 1 1 1 0 0
0 1 1 1 1 1 1 1 2 0
0 1 1 0 1 1 1 1 0 0
0 1 1 0 1 0 1 0 0 0
0 1 1 1 1 1 1 1 0 0
0 1 1 0 1 0 1 0 0 0
1 0 1 1 1 0 1 0 0 0
1 0 1 1 1 0 1 0 0 0
1 0 0 0 1 0 1 0 0 0
1 1 1 1 1 1 1 0 0 0
Maze 17
121 21 3.1538461538 1.7983537335 101 0.375143372406413
2 90 68 79 26 13 18 2 62 73 90 1 88 29 71 2
82 88 78 76 23 400 12 400 72 83 81 81 28 21 1
401 401 401 401 401 400 401 400 401 401 401 401 402 402 402
1 2 0 0 0 0 0 0 0 0
1 1 1 1 1 1 1 1 0 0
1 1 1 1 1 1 1 1 1 0
1 1 0 0 0 1 0 1 0 0
1 1 0 0 0 1 0 1 0 0
1 1 0 0 0 1 0 1 0 0
1 1 0 0 0 1 0 1 0 0
1 1 1 0 0 1 1 1 1 0
1 1 1 1 1 1 1 1 1 1
0 0 0 0 0 0 0 0 0 0
Maze 18
113 1138 3.5409836066 2.2105121502 90 0.391425755108309
1 6 80 67 19 57 87 91 32 68 1 50 85 17 35 1
400 76 77 17 17 400 81 31 62 61 41 45 15 15 31
400 401 401 402 402 400 402 402 401 401 401 402 402 402 401
2 1 1 1 1 1 0 0 0 0
1 0 0 0 1 1 1 1 1 0
1 0 0 0 1 1 1 0 0 0
1 1 1 1 1 1 1 0 0 0
1 1 1 1 1 1 1 1 1 1
1 1 0 0 1 1 1 0 0 0
1 1 1 1 1 1 1 1 0 0
1 0 0 0 1 1 1 1 1 1
1 1 1 1 1 1 1 0 0 0
1 0 0 0 0 0 0 0 0 0
Maze 19
97 124 3.5319148936 1.9914407138 77 0.403915204719956
20 41 13 66 12 5 19 64 38 86 48 39 57 34 53 20
11 11 63 62 2 15 14 34 36 46 38 37 54 33 13
402 402 401 401 402 401 402 402 402 402 402 402 401 402 402
0 1 1 1 1 0 0 0 0 0
1 1 1 1 1 1 1 1 1 2
1 1 1 1 0 0 0 0 0 0
1 1 1 1 1 1 1 1 1 0
1 1 1 1 0 1 1 1 0 0
0 1 1 1 1 1 1 0 0 0
0 1 1 1 1 1 0 0 0 0
0 0 0 0 0 1 0 0 0 0
0 0 0 0 0 1 0 0 0 0
0 0 0 0 0 0 0 0 0 0
Maze 20
93 25 3.5294117647 2.1705323067 45 0.378878422974603
70 14 32 16 54 93 50 12 3 1 51 41 73 79 25 70
64 12 12 14 53 43 42 2 400 400 400 71 400 75 65
401 402 402 402 402 402 401 402 400 400 400 401 400 401 401
1 1 1 0 0 0 0 0 0 0
1 1 1 1 1 1 0 0 0 0
1 1 0 1 1 0 0 0 0 0
1 1 0 1 1 0 0 0 0 0
1 1 1 1 1 1 1 1 1 1
1 0 1 1 1 0 0 0 0 0
1 0 1 1 1 1 1 1 1 2
1 1 1 1 1 1 1 1 1 0
0 0 1 0 0 0 0 0 0 0
0 0 1 0 0 0 0 0 0 0
Maze 21
95 117 3.3584905660 2.1343535317 60 0.369987491818682
82 70 76 30 97 14 55 83 34 56 86 1 11 62 85 82
62 66 26 27 94 54 53 33 54 400 81 400 61 82 400
402 402 402 402 401 401 402 402 401 400 401 400 401 401 400
1 0 0 0 0 0 0 0 0 0
1 0 0 1 0 0 0 0 0 0
1 0 0 1 0 1 1 1 1 1
1 0 1 1 0 1 1 0 0 0
1 0 1 1 0 1 1 0 0 0
1 0 1 1 1 1 1 0 0 0
1 1 1 1 1 1 1 1 1 1
1 1 1 1 0 1 1 0 0 0
1 2 1 1 1 1 1 0 0 0
0 0 0 1 1 1 1 0 0 0
Maze 22
87 54 3.3877551020 2.2159110899 40 0.387573979028813
62 91 72 74 54 41 49 12 29 96 19 78 41 53 74 62
61 71 400 400 51 400 42 22 26 16 18 71 51 73 72
402 402 400 400 401 400 401 401 402 402 402 401 401 401 401
0 0 0 0 0 0 0 0 0 0
0 1 0 0 0 1 1 1 1 0
0 1 1 1 1 1 1 1 1 0
0 1 0 0 0 1 0 1 0 0
1 1 1 1 1 1 1 1 1 0
1 1 1 1 0 1 0 1 0 0
1 2 1 1 0 1 0 1 0 0
1 1 1 1 1 1 1 1 0 0
1 0 0 0 0 1 0 0 0 0
1 0 0 0 0 1 0 0 0 0
Maze 23
59 8 2.6666666667 2.0486423077 10 0.404419435795111
20 34 26 14 24 3 22 43 41 42 66 28 75 66 8 20
14 24 24 400 23 2 42 400 400 62 26 25 65 6 18
402 402 401 400 401 402 401 400 400 401 402 402 402 402 401
0 1 1 0 0 1 1 1 0 0
0 1 1 1 1 1 1 1 1 2
0 1 1 1 1 1 1 1 0 0
0 1 0 1 1 1 0 0 0 0
1 1 1 0 1 1 0 0 0 0
0 1 0 0 1 1 0 0 0 0
0 1 1 1 1 1 0 0 0 0
0 0 0 0 1 0 0 0 0 0
0 0 0 0 0 0 0 0 0 0
0 0 0 0 0 0 0 0 0 0
Maze 24
79 31 3.1904761905 1.9108318939 35 0.376024636521152
33 73 84 32 60 87 87 29 96 95 74 43 86 90 32 33
400 83 82 52 57 400 27 26 400 94 73 83 400 82 400
400 401 401 401 402 400 402 402 400 401 401 401 400 401 400
0 0 0 0 0 0 0 0 0 0
0 0 0 0 0 0 0 0 0 0
0 0 0 0 0 1 1 1 1 0
0 1 2 0 0 1 1 0 0 0
0 1 1 0 0 1 1 0 0 0
0 1 1 1 1 1 1 1 1 1
0 1 1 0 0 1 1 0 0 0
0 1 1 1 0 1 1 0 0 0
0 1 1 1 1 1 1 1 1 1
0 0 0 1 1 1 0 0 0 0
Maze 25
81 22 3.2558139535 2.0197075262 30 0.361887382239636
73 87 73 44 38 56 47 16 71 82 41 86 50 12 33 73
83 83 43 34 36 46 46 11 81 81 81 46 42 32 400
401 401 402 402 402 402 401 402 401 401 401 402 401 401 400
0 0 0 0 0 0 0 0 0 0
1 1 1 1 1 1 0 0 0 0
1 1 0 0 0 1 0 0 0 0
1 1 1 1 1 1 1 1 0 0
1 1 1 1 1 1 1 1 1 1
1 0 1 0 0 1 0 0 0 0
1 0 1 0 0 1 0 0 0 0
1 0 2 0 0 1 0 0 0 0
1 1 1 1 1 1 1 0 0 0
0 0 0 0 0 0 0 0 0 0
Maze 26
109 919 3.5200000000 2.0182390020 104 0.389908764232193
58 71 19 58 17 74 45 19 85 21 49 83 55 26 18 58
51 11 18 57 14 44 15 15 81 41 43 53 25 16 400
402 402 402 401 402 402 402 402 401 401 402 402 402 402 400
0 0 0 0 0 0 0 0 0 0
1 1 1 1 1 1 1 1 1 0
1 0 0 1 1 1 1 1 0 0
1 0 0 1 1 0 1 1 0 0
1 1 1 1 1 1 1 1 1 0
1 1 1 1 1 1 1 2 0 0
1 0 1 1 1 0 0 0 0 0
1 0 1 1 1 0 0 0 0 0
1 1 1 1 1 0 0 0 0 0
0 0 0 0 0 0 0 0 0 0
Maze 27
93 23 3.3023255814 1.8972031393 45 0.380227075380673
71 25 88 73 35 90 2 23 84 83 53 92 97 97 42 71
21 85 83 33 85 82 22 83 400 400 52 400 400 92 41
402 401 401 402 401 401 401 401 400 400 402 400 400 401 402
0 1 0 0 0 0 0 0 0 0
0 1 0 0 0 0 0 0 0 0
1 1 1 1 1 0 0 0 0 0
1 1 1 1 1 0 0 0 0 0
1 1 1 0 1 0 0 0 0 0
1 1 1 0 1 0 0 0 0 0
1 1 1 0 1 0 0 0 0 0
2 1 1 0 1 0 0 0 0 0
0 1 1 1 1 1 1 1 1 1
0 1 1 1 1 1 1 0 0 0
Maze 28
97 106 3.7500000000 1.8052213164 84 0.380750731495052
55 92 26 69 43 50 56 83 71 56 27 92 25 68 65 55
52 22 66 63 400 46 53 81 51 26 22 22 65 400 400
402 402 401 401 400 402 402 401 402 402 402 402 401 400 400
0 0 0 0 0 0 0 0 0 0
0 0 0 0 0 0 0 0 0 0
0 1 1 1 1 1 1 0 0 0
0 1 0 0 1 1 0 0 0 0
0 1 1 1 1 1 1 1 1 1
1 1 1 1 2 1 0 0 0 0
1 1 1 1 1 1 1 1 1 0
1 1 1 0 0 0 0 0 0 0
1 1 1 0 0 0 0 0 0 0
0 1 0 0 0 0 0 0 0 0
Maze 29
81 13 2.6785714286 2.2634368815 35 0.390837400304559
71 41 3 13 83 52 65 78 56 85 23 48 30 55 99 71
400 1 400 400 82 62 75 76 55 83 43 28 25 95 91
400 402 400 400 401 401 401 401 402 401 401 402 402 401 401
1 1 1 0 0 0 0 0 0 0
1 0 1 0 0 0 0 0 0 0
1 0 1 0 1 1 1 1 1 1
1 0 1 0 1 0 0 1 0 0
1 0 1 1 1 1 1 1 0 0
1 1 1 0 1 1 0 0 0 0
1 1 1 1 1 1 0 0 0 0
2 1 1 0 1 1 1 1 0 0
1 1 1 1 1 0 0 0 0 0
1 1 1 1 1 1 1 1 1 0
Maze 30
91 64 3.0714285714 2.2002656259 56 0.403540231074921
24 50 61 73 5 29 58 97 24 24 30 96 78 36 7 24
44 41 71 3 25 28 57 94 400 400 26 76 76 6 4
401 402 401 402 401 402 402 401 400 400 402 402 401 402 402
0 0 1 1 1 1 1 0 0 0
0 0 1 1 1 1 0 0 0 0
0 0 1 2 1 1 1 1 1 1
0 0 1 1 0 1 0 1 0 0
1 1 1 1 1 1 1 1 1 1
1 0 1 1 0 1 1 1 0 0
1 0 1 1 0 1 1 0 0 0
1 1 1 1 0 1 1 1 0 0
0 0 0 1 0 1 1 0 0 0
0 0 0 1 1 1 1 0 0 0
Maze 31
87 70 3.3333333333 2.1290129965 50 0.377909770638861
14 30 36 40 13 54 31 28 7 94 22 67 64 24 5 14
24 26 400 33 53 51 21 27 4 92 62 400 400 4 4
401 402 400 401 401 401 402 401 402 401 401 400 400 402 402
0 0 0 1 1 1 1 0 0 0
0 0 1 2 0 0 1 0 0 0
1 1 1 1 1 1 1 1 1 1
1 1 1 1 1 1 1 1 1 1
1 1 1 1 0 0 0 0 0 0
1 1 1 1 0 0 0 0 0 0
0 1 1 1 1 1 1 0 0 0
0 1 0 1 0 0 0 0 0 0
0 1 0 1 0 0 0 0 0 0
0 1 1 1 0 0 0 0 0 0
Maze 32
67 47 3.0454545455 2.2565956888 16 0.371000277408928
84 28 57 73 77 46 67 5 4 24 88 79 70 90 73 84
24 27 53 400 76 66 65 400 400 84 78 69 400 83 83
402 402 402 400 401 401 401 400 400 401 402 402 400 401 401
0 0 0 1 1 0 0 0 0 0
0 0 0 1 1 0 0 0 0 0
0 0 0 1 1 1 1 1 0 0
0 0 0 1 1 0 1 0 0 0
0 0 0 1 1 1 1 0 0 0
0 0 1 1 1 1 1 0 0 0
0 0 1 1 1 1 1 0 1 1
0 0 1 1 1 1 1 1 1 1
0 0 1 2 1 1 1 1 1 1
0 0 0 0 0 0 0 0 0 0
Maze 33
85 58 3.4090909091 2.0526958220 36 0.369383178208626
87 55 66 51 21 75 95 5 36 8 66 96 6 47 92 87
85 65 61 400 71 400 400 35 6 6 400 400 46 42 82
401 401 401 400 401 400 400 401 402 402 400 400 401 402 402
0 0 0 0 1 1 1 1 0 0
0 0 0 0 1 1 0 0 0 0
1 0 0 0 1 1 0 0 0 0
1 0 0 0 1 1 0 0 0 0
1 1 1 1 1 1 1 0 0 0
1 1 0 0 1 1 0 0 0 0
1 1 1 1 1 1 0 0 0 0
1 1 1 1 1 1 0 0 0 0
0 1 1 1 1 1 2 0 0 0
0 1 0 0 1 1 0 0 0 0
Maze 34
107 14 3.0545454545 1.9159298589 78 0.396807301138760
72 72 61 55 60 1 9 99 25 15 45 15 98 91 8 72
400 71 51 400 51 400 400 95 400 400 400 95 400 1 2
400 401 402 400 401 400 400 401 400 400 400 401 400 402 402
1 1 1 1 1 1 1 1 1 0
1 1 0 0 1 0 0 0 1 0
1 1 0 0 1 0 0 0 1 0
1 1 0 0 1 0 0 0 1 0
1 1 0 0 1 0 0 0 1 0
1 1 1 1 1 1 1 1 1 1
1 1 0 0 1 0 0 0 1 0
1 2 0 0 1 0 0 0 1 0
1 0 0 0 1 0 0 0 1 0
1 1 1 1 1 1 1 1 1 0
Maze 35
121 309 3.1212121212 2.0710117517 139 0.375816469992120
14 97 51 47 80 30 73 49 82 84 8 62 57 35 94 14
94 91 41 77 400 23 43 42 400 4 2 52 55 34 400
401 401 402 401 400 402 402 402 400 402 402 402 401 402 400
0 1 1 1 1 1 1 1 0 0
0 1 0 2 0 0 0 0 0 0
0 1 1 1 1 1 1 1 1 1
0 1 1 1 1 0 0 0 0 1
1 1 1 1 1 1 1 1 1 1
1 1 1 1 1 1 1 0 0 1
1 1 1 1 0 0 1 0 0 1
1 1 1 1 0 0 1 1 1 1
1 1 1 1 0 0 0 0 0 0
1 1 1 1 1 1 1 0 0 0
Maze 36
91 13 3.2500000000 2.0937500000 41 0.368358455971692
72 65 61 17 58 26 19 31 10 16 22 64 73 4 61 72
62 400 11 57 56 16 11 1 6 12 62 63 3 1 71
402 400 402 401 401 402 402 402 402 402 401 402 402 402 401
1 1 1 1 1 1 1 1 1 1
1 1 1 1 1 1 1 1 1 0
1 1 1 0 0 1 1 0 0 0
1 1 1 0 0 1 1 0 0 0
1 1 1 0 0 1 1 0 0 0
1 1 1 0 0 1 1 1 0 0
1 1 1 1 1 0 0 0 0 0
1 2 1 0 0 0 0 0 0 0
0 0 0 0 0 0 0 0 0 0
0 0 0 0 0 0 0 0 0 0
Maze 37
113 91 2.9538461538 2.1270812368 70 0.381966873314917
84 3 1 19 59 10 85 39 34 99 39 22 90 43 34 84
83 400 11 400 9 5 35 400 94 400 32 82 83 33 400
401 400 401 400 402 402 402 400 401 400 401 401 401 402 400
1 1 1 0 1 1 1 1 1 1
1 1 1 1 1 1 1 1 1 0
0 1 1 0 1 0 0 0 1 0
0 1 1 1 1 1 1 1 1 0
0 1 1 1 1 0 0 0 1 0
0 1 1 1 1 0 0 0 1 0
0 1 1 1 1 0 0 0 1 0
0 1 1 1 1 0 0 0 1 0
0 1 1 2 1 1 1 1 1 1
0 0 0 1 1 1 1 1 1 0
Maze 38
81 21 2.7692307692 2.1643511881 30 0.357119384383316
67 67 58 76 68 3 17 1 51 75 29 2 91 96 56 67
400 57 56 66 63 13 11 400 71 25 22 1 400 400 66
400 402 402 402 401 401 401 400 401 402 401 402 400 400 401
1 1 1 0 0 0 0 0 0 0
1 1 1 1 1 1 1 0 0 0
1 1 1 1 1 1 1 1 1 0
1 0 1 0 1 0 0 0 0 0
1 0 1 0 1 0 0 0 0 0
1 0 1 0 1 1 1 1 0 0
1 0 1 1 1 1 2 1 0 0
1 1 1 1 1 1 0 0 0 0
1 0 0 0 0 1 0 0 0 0
1 1 1 1 1 1 0 0 0 0
Maze 39
103 801 3.2758620690 2.2465058196 70 0.391469236605341
55 52 60 88 24 73 91 29 22 48 79 39 33 1 40 55
400 400 58 84 23 71 21 400 42 78 400 400 31 31 35
400 400 402 401 402 402 402 400 401 401 400 400 401 401 402
1 0 0 0 0 0 0 0 0 0
1 0 0 0 0 0 0 0 0 0
1 1 1 1 1 1 1 1 1 0
1 1 1 1 1 1 1 1 1 1
1 1 1 1 1 1 1 1 1 0
1 1 1 1 2 1 1 1 1 1
1 0 1 1 0 0 0 1 1 0
1 1 1 1 0 0 0 1 1 0
1 0 0 1 1 1 1 1 0 0
1 0 0 0 0 0 0 0 0 0
Maze 40
87 24 3.0212765957 1.9437251494 29 0.372046579268393
90 100 95 36 52 99 33 64 81 82 21 23 28 82 98 90
400 400 35 32 92 93 63 61 400 81 400 400 22 92 88
400 400 402 402 401 401 401 402 400 401 400 400 402 401 402
0 0 0 0 0 0 0 0 0 0
0 0 0 0 0 0 0 0 0 0
1 1 1 1 1 1 1 1 0 0
1 1 1 1 1 1 0 0 0 0
1 1 1 0 1 0 0 0 0 0
1 1 1 0 1 0 0 0 0 0
1 1 1 1 1 0 0 0 0 0
1 1 1 0 1 0 0 0 0 0
1 1 1 0 1 0 0 1 1 2
0 1 1 1 1 1 1 1 1 1
Maze 41
111 138 3.7959183673 1.9232394094 99 0.399985036633548
70 85 6 62 53 2 69 52 33 96 3 56 4 66 38 70
65 5 2 52 52 62 62 32 93 93 53 54 64 36 68
402 402 402 402 401 401 401 402 401 401 401 401 401 402 401
0 1 1 1 1 1 0 0 0 0
0 1 1 1 1 0 0 0 0 0
0 1 1 1 1 0 0 0 0 0
0 1 1 1 1 1 1 1 0 0
0 1 1 1 1 1 0 1 0 0
0 1 1 1 1 1 0 1 0 0
0 1 1 1 1 1 1 1 1 2
0 0 1 0 1 0 0 0 0 0
0 0 1 0 1 0 0 0 0 0
0 0 1 1 1 1 0 0 0 0
Maze 42
95 33 2.5517241379 2.0315511780 51 0.368407052946353
28 28 9 42 51 78 28 99 30 58 100 6 42 77 25 28
400 8 2 41 71 400 98 29 28 98 96 2 72 75 400
400 402 402 402 401 400 401 402 402 401 401 402 401 401 400
0 1 1 1 1 1 1 1 1 0
0 1 0 0 0 1 0 1 0 0
0 1 0 0 1 1 1 2 1 1
0 1 0 0 1 1 0 1 1 0
1 1 0 0 1 1 0 1 1 0
1 1 0 0 1 1 0 1 1 0
1 1 0 0 1 1 0 1 1 0
1 1 1 1 1 1 1 1 1 0
0 0 0 0 0 1 0 1 1 0
0 0 0 0 0 1 1 1 1 1
Maze 43
91 12 3.1739130435 1.9375000000 39 0.375472332932351
76 27 89 84 78 27 100 41 11 43 1 51 57 76 26 76
26 87 400 74 77 97 91 400 41 41 400 400 56 400 400
402 401 400 402 401 401 401 400 401 401 400 400 402 400 400
1 0 0 0 0 0 0 0 0 0
1 0 0 0 0 0 0 0 0 0
1 0 0 0 0 1 1 0 0 0
1 0 0 0 0 1 1 0 0 0
1 1 1 0 0 1 1 0 0 0
1 1 1 1 1 1 1 0 0 0
1 0 0 0 0 1 1 0 0 0
1 0 0 1 1 2 1 1 0 0
1 0 0 1 1 1 1 1 1 0
1 1 1 1 1 1 1 1 1 1
Maze 44
85 43 2.7692307692 2.1635793721 44 0.364284194875000
80 78 82 23 58 19 27 32 61 12 82 11 57 79 40 80
400 72 22 53 18 17 22 31 11 400 81 51 77 39 400
400 402 402 401 402 402 402 402 402 400 401 401 401 402 400
0 0 0 0 0 0 0 0 0 0
1 1 0 0 0 0 1 1 1 0
1 1 1 1 1 1 1 1 0 0
1 1 1 0 0 0 0 1 1 1
1 1 1 0 0 0 0 1 1 1
1 1 1 1 1 1 1 1 1 1
1 1 0 0 0 0 1 0 1 1
1 1 1 1 1 1 1 1 1 2
1 1 0 0 0 0 0 0 0 0
0 0 0 0 0 0 0 0 0 0
Maze 45
75 7 2.4912280702 2.3785878219 30 0.345552393944980
44 33 5 56 100 10 79 56 64 21 75 72 63 74 62 44
43 3 55 96 400 9 76 54 61 71 400 62 73 72 42
401 402 401 401 400 402 401 402 401 401 400 402 401 401 402
0 0 1 1 1 0 0 0 1 1
0 0 1 0 1 0 0 0 1 1
1 0 1 0 1 0 0 0 1 1
1 0 1 0 1 0 0 0 1 1
1 1 1 2 1 0 0 0 1 1
1 1 0 1 1 1 0 0 1 1
1 1 1 1 0 1 0 0 1 1
1 1 1 1 1 1 1 1 1 1
0 0 0 0 0 1 0 0 0 1
0 0 0 0 0 1 1 1 1 1
Maze 46
71 72 3.2000000000 2.1142423885 16 0.367895735301082
77 61 94 68 35 42 47 55 25 55 57 97 38 33 72 77
71 91 64 65 32 400 45 400 400 400 400 37 400 32 400
401 401 402 401 402 400 402 400 400 400 400 402 400 402 400
0 0 0 0 0 0 0 0 0 0
0 0 0 0 0 0 0 0 0 0
0 0 0 0 1 0 0 0 0 0
0 1 1 1 1 1 1 1 0 0
0 1 1 1 1 1 1 0 0 0
0 1 0 0 1 1 1 0 0 0
1 1 0 1 1 1 1 1 0 0
1 1 1 1 1 1 2 0 0 0
1 0 0 1 0 0 1 0 0 0
1 1 1 1 0 0 1 0 0 0
Maze 47
97 23 3.1250000000 1.9444185697 49 0.383962296036126
21 89 55 97 94 95 74 89 31 33 98 19 4 61 33 21
81 85 95 400 400 94 84 81 400 93 18 14 1 31 31
401 401 401 400 400 401 401 401 400 401 402 401 402 402 401
1 1 1 1 0 0 0 0 0 0
1 0 0 1 1 1 1 1 1 0
2 0 0 0 0 0 0 1 0 0
1 1 1 0 0 0 0 1 0 0
1 0 1 0 0 0 0 1 0 0
1 0 1 0 1 0 0 1 0 0
1 0 1 0 1 0 0 1 0 0
1 0 1 1 1 0 0 1 0 0
1 1 1 1 1 1 1 1 1 0
0 0 1 1 1 1 1 1 0 0
Maze 48
91 29 2.9122807018 2.1603914130 44 0.398607583482848
59 6 1 63 36 87 48 46 49 84 99 52 38 32 48 59
56 400 61 33 86 47 400 400 44 94 92 32 400 42 58
401 400 401 402 401 402 400 400 402 401 401 402 400 401 401
1 1 1 1 1 1 0 0 0 0
1 0 0 0 0 1 0 0 0 0
1 0 0 0 0 1 0 0 0 0
1 1 1 1 1 1 1 1 0 0
1 1 1 1 1 1 1 1 1 0
1 1 1 1 0 1 1 1 2 0
1 1 1 1 0 1 1 0 0 0
0 1 0 1 0 1 1 0 0 0
0 1 0 1 0 1 1 0 0 0
0 1 1 1 1 1 1 1 1 0
Maze 49
93 100 3.3200000000 2.1279500364 50 0.393646832142428
18 35 80 62 21 55 69 62 94 82 33 78 99 37 87 18
15 75 72 61 51 65 400 92 92 32 73 98 97 400 17
402 401 401 401 401 401 400 401 401 402 401 401 401 400 402
0 0 0 0 0 0 0 0 0 0
0 0 0 0 1 1 1 2 0 0
1 0 0 0 1 0 1 0 0 0
1 1 1 0 1 0 1 0 0 0
1 1 1 0 1 0 1 0 0 0
1 1 1 1 1 0 1 0 0 0
1 1 1 1 1 1 1 1 1 0
0 1 1 1 1 1 1 1 1 1
0 1 0 0 0 0 1 1 0 0
0 1 1 1 0 0 1 1 1 0
Maze 50
107 96 3.3571428571 2.1174324509 112 0.368652306465328
11 59 48 89 48 86 9 26 90 8 62 34 96 4 24 11
51 58 88 88 46 6 6 86 88 2 32 94 94 400 21
401 401 401 401 402 402 402 401 401 402 402 401 401 400 401
0 1 1 1 1 1 1 1 1 0
2 1 0 1 0 1 0 1 0 0
1 1 1 1 0 1 0 1 0 0
1 1 1 1 0 1 0 1 0 0
1 1 0 1 0 1 1 1 0 0
1 1 1 1 1 1 1 1 1 0
0 1 0 1 0 1 0 1 0 0
0 0 0 1 0 1 0 1 0 0
0 0 0 1 0 1 1 1 1 1
0 0 0 1 1 1 0 0 0 0
Maze 51
77 33 3.2444444444 2.1862124221 26 0.395435079945160
83 73 90 32 94 77 64 56 53 46 70 15 6 6 86 83
400 83 82 92 74 74 54 400 43 66 65 5 400 400 400
400 401 401 401 402 401 402 400 402 401 401 402 400 400 400
0 0 0 0 1 1 0 0 0 0
0 0 0 0 1 1 0 0 0 0
0 0 0 0 1 1 0 0 0 0
0 1 0 0 1 1 0 0 0 0
0 1 1 1 1 1 0 0 0 0
0 1 1 1 1 1 0 0 0 0
0 1 0 1 1 1 1 1 1 1
0 1 1 1 1 1 1 0 0 0
0 1 2 1 1 1 1 1 1 1
0 1 1 1 0 0 0 0 0 0
Maze 52
97 203 3.1034482759 2.2312033591 77 0.407049540783184
20 33 75 2 26 99 94 49 16 38 13 30 8 57 28 20
13 73 72 22 96 400 44 46 36 33 23 28 7 27 18
402 401 401 401 401 400 402 401 401 401 401 401 402 402 402
0 1 0 0 0 0 1 1 0 0
0 1 1 1 1 1 1 1 1 2
0 1 1 1 1 1 1 1 1 1
0 1 1 1 1 1 1 1 0 0
0 1 1 1 1 1 1 1 1 0
0 1 1 1 0 1 1 0 0 0
0 1 1 1 0 1 0 0 0 0
0 1 1 1 1 1 0 0 0 0
0 0 0 1 0 1 0 0 0 0
0 0 0 1 1 1 1 1 1 0
Maze 53
105 43 3.2549019608 1.9547832338 104 0.389125702334199
25 98 13 48 29 85 98 54 70 31 33 93 60 55 23 25
95 93 43 28 25 95 94 64 61 400 400 53 400 53 400
401 401 401 402 402 401 401 401 401 400 400 402 400 401 400
0 0 0 0 0 0 0 0 0 0
0 0 1 0 0 0 0 0 0 0
0 0 1 1 2 1 1 1 1 0
1 1 1 0 1 0 0 1 0 0
1 0 1 1 1 1 1 1 0 0
1 0 1 1 1 1 1 1 1 1
1 1 1 1 1 1 1 1 1 1
0 0 1 1 1 0 0 0 0 0
0 0 1 1 1 0 0 0 0 0
0 0 1 1 1 1 1 1 0 0
Maze 54
115 749 3.4642857143 2.0435833212 125 0.380576378904203
92 31 54 26 3 30 52 49 23 41 86 19 40 61 90 92
91 51 24 23 23 22 42 43 21 81 16 39 31 81 82
401 401 402 401 401 402 402 401 402 401 402 401 402 401 402
0 0 1 0 0 0 0 0 0 0
0 0 1 0 0 1 1 1 1 0
1 1 1 1 1 1 1 1 1 1
1 1 1 1 1 1 1 1 1 1
1 1 1 1 1 1 1 1 1 0
1 1 1 1 0 1 0 0 0 0
1 0 0 0 0 1 0 0 0 0
1 0 0 0 0 1 0 0 0 0
1 1 1 1 1 1 1 1 1 1
1 2 0 0 0 0 0 0 0 0
Maze 55
91 6 3.3023255814 1.7627227080 26 0.384703609033294
37 66 20 27 16 73 99 13 44 72 3 85 84 13 34 37
36 16 17 26 13 93 93 43 42 2 83 400 83 33 400
402 402 402 401 402 401 401 401 402 402 401 400 401 401 400
0 1 1 0 0 0 0 0 0 0
0 1 1 1 1 1 1 1 1 1
0 1 1 0 0 1 1 0 0 0
0 1 1 1 1 1 2 0 0 0
0 1 1 1 0 1 0 0 0 0
0 1 1 0 0 1 0 0 0 0
0 1 1 0 0 1 0 0 0 0
0 1 1 0 0 0 0 0 0 0
0 0 1 1 1 0 0 0 0 0
0 0 1 1 1 1 1 1 1 0
Maze 56
97 18 3.9090909091 2.0626550785 65 0.401669394049919
31 91 55 1 7 84 93 3 65 68 23 24 29 34 7 31
400 51 51 400 4 83 400 63 400 63 400 400 24 4 1
400 402 401 400 402 402 400 401 400 401 400 400 402 402 402
1 1 1 1 1 1 1 0 0 0
1 0 1 1 0 0 0 0 0 0
1 0 1 1 1 1 1 1 1 0
2 0 1 1 0 0 0 0 0 0
1 0 1 1 0 0 0 0 0 0
1 1 1 1 1 0 0 0 0 0
1 0 1 1 1 1 1 1 0 0
1 0 1 1 0 0 0 0 0 0
1 0 1 1 0 0 0 0 0 0
1 0 1 0 0 0 0 0 0 0
Maze 57
77 6 2.8947368421 1.7489699377 22 0.378855095810133
89 77 89 76 47 74 72 29 64 75 32 45 22 30 78 89
87 87 86 46 44 400 22 24 74 72 42 42 400 28 88
401 401 401 402 402 400 402 402 401 401 401 401 400 402 401
0 0 0 0 0 0 0 0 0 0
0 0 0 0 0 0 0 0 0 0
0 1 1 1 1 1 1 1 1 1
0 1 0 1 0 0 0 1 0 0
0 1 1 1 1 1 1 1 0 0
0 1 0 1 0 1 0 1 0 0
0 1 0 1 0 1 0 1 0 0
0 1 1 1 1 1 1 1 0 0
0 0 0 0 0 1 1 1 2 0
0 0 0 0 0 0 0 0 0 0
Maze 58
79 5 2.8936170213 2.1042648818 35 0.369824591750787
92 80 92 91 55 46 40 9 68 25 45 35 68 35 25 92
72 72 400 51 45 36 39 8 65 400 400 65 65 400 22
402 402 400 402 402 402 401 402 401 400 400 401 401 400 402
0 0 0 0 0 0 0 1 1 0
0 0 0 0 0 0 0 1 1 0
0 1 1 1 1 0 0 1 1 0
0 1 0 0 1 1 1 1 1 1
0 1 0 0 1 1 0 1 0 0
1 1 1 1 1 0 0 1 0 0
1 1 0 0 1 1 1 1 0 0
1 1 1 1 1 1 1 1 1 1
1 1 0 0 0 0 0 0 0 0
1 2 0 0 0 0 0 0 0 0
Maze 59
139 77 3.5000000000 2.0745493222 177 0.393448078650680
73 59 2 80 51 100 81 86 6 1 82 72 8 44 9 73
53 52 72 71 91 91 400 400 400 81 400 2 4 4 3
402 401 401 401 401 401 400 400 400 401 400 402 402 402 402
1 1 1 1 1 1 1 1 1 0
1 1 1 1 0 1 0 0 0 0
1 1 1 1 0 1 0 0 0 0
1 1 1 1 0 1 0 0 0 0
1 1 1 1 0 1 0 0 0 0
1 1 1 1 1 1 1 1 1 0
1 1 1 0 0 1 0 0 0 0
1 1 2 1 1 1 1 1 1 1
1 1 1 1 1 1 0 0 0 0
1 1 1 1 1 1 1 1 1 1
Maze 60
71 403 3.1363636364 2.1556630122 13 0.377227019334476
31 33 38 36 84 36 56 3 28 50 11 2 64 62 41 31
400 400 400 34 34 400 53 23 48 41 1 62 400 61 400
400 400 400 402 402 400 401 401 401 401 402 401 400 401 400
1 1 1 0 0 0 0 0 0 0
1 1 1 0 0 0 0 0 0 0
1 1 1 1 1 1 1 1 0 0
2 1 1 1 1 1 1 1 0 0
1 1 1 1 1 1 1 1 1 1
1 1 1 1 1 1 0 0 0 0
1 1 1 1 0 0 0 0 0 0
0 0 0 1 0 0 0 0 0 0
0 0 0 1 0 0 0 0 0 0
0 0 0 0 0 0 0 0 0 0
Maze 61
101 1171 3.0149253731 2.4212623252 55 0.383455990130532
47 38 95 14 30 10 18 46 83 80 71 52 90 92 7 47
37 35 94 24 400 8 16 43 73 400 51 82 82 2 400
402 402 401 401 400 402 402 402 402 400 402 401 402 402 400
0 1 1 1 1 1 1 1 1 1
0 1 0 1 0 1 1 1 0 1
0 1 0 1 1 1 1 1 1 1
0 1 0 1 1 1 1 1 0 0
0 1 1 1 1 1 2 0 0 0
1 1 1 1 1 0 0 0 0 0
1 1 1 1 1 0 0 0 0 0
1 1 1 1 1 1 1 1 1 1
0 1 1 1 1 1 1 1 1 1
0 1 0 1 1 0 0 0 0 0
Maze 62
117 127 3.6363636364 2.1015041143 139 0.390806117549433
94 30 83 96 75 3 44 81 43 95 12 65 33 68 7 94
24 23 93 95 73 43 41 41 93 92 62 63 63 67 4
402 402 401 401 401 401 402 402 401 401 401 401 401 401 402
0 0 1 1 1 1 1 0 0 0
0 1 1 1 0 0 1 0 0 0
0 1 1 1 1 1 1 1 1 1
0 1 1 1 0 0 1 0 0 0
1 1 1 1 0 0 1 0 0 0
1 1 1 1 0 0 1 0 0 0
1 1 1 1 1 1 1 1 0 0
1 1 1 1 1 0 0 0 0 0
1 1 1 1 1 0 0 0 0 0
0 1 1 2 1 1 0 0 0 0
Maze 63
111 295 3.1147540984 2.0685338355 105 0.395665485523812
25 58 5 23 41 39 80 92 40 33 95 26 93 64 19 25
55 55 3 21 31 79 72 32 400 93 25 23 63 14 15
401 401 402 402 402 401 402 402 400 401 402 402 402 402 402
0 0 1 1 1 0 0 0 0 0
0 0 1 1 1 1 1 1 1 0
1 1 1 1 2 1 0 0 0 0
1 1 1 1 1 1 1 1 1 1
1 1 1 1 1 0 0 0 1 0
0 1 1 1 1 1 1 1 1 0
0 1 1 1 1 0 0 0 1 0
0 1 1 1 1 1 1 1 1 1
0 1 1 0 1 0 0 0 0 0
0 1 1 1 1 0 0 0 0 0
Maze 64
97 58 2.9473684211 2.0992168406 46 0.376551189153178
27 92 61 35 45 49 17 42 30 18 93 79 45 80 50 27
22 91 31 400 400 47 12 22 28 13 73 75 75 400 47
402 401 402 400 400 401 402 402 401 402 402 401 401 400 401
0 0 0 0 0 0 0 0 0 0
0 1 1 1 1 1 1 1 0 0
0 1 1 1 1 1 2 1 1 1
1 1 1 1 1 0 1 0 0 0
1 1 1 0 1 1 1 1 1 1
1 1 1 0 1 0 0 0 0 1
1 1 1 0 1 0 0 0 0 1
1 1 1 1 1 1 1 1 1 1
1 1 1 0 0 0 0 0 0 0
1 1 1 0 0 0 0 0 0 0
Maze 65
105 14 3.3818181818 2.1237448862 99 0.365155502406802
76 96 75 73 78 7 80 12 56 1 55 30 5 51 96 76
400 95 400 400 77 77 72 52 51 51 25 25 1 91 400
400 401 400 400 401 401 401 401 401 401 402 401 402 401 400
1 1 1 1 1 0 1 0 0 0
1 1 0 0 1 0 1 0 0 0
1 1 0 0 1 1 1 1 1 1
1 1 0 0 1 0 1 0 0 0
1 1 0 0 1 0 1 0 0 0
1 1 1 1 1 1 1 0 0 0
1 1 0 0 0 0 1 0 0 0
1 1 1 1 1 2 1 1 1 1
1 0 0 0 1 1 0 0 0 0
1 1 1 1 1 1 0 0 0 0
Maze 66
97 9182 3.5471698113 2.1968615973 70 0.378047478838318
24 24 96 18 23 92 88 75 51 55 37 21 81 26 95 24
400 94 16 13 22 82 85 71 400 35 31 400 21 25 94
400 401 402 402 402 402 401 401 400 402 401 400 402 402 401
0 0 0 0 0 0 0 0 0 0
0 0 1 1 1 1 1 1 0 0
1 1 1 2 1 1 0 0 0 0
1 1 1 1 1 1 1 0 0 0
1 1 0 1 1 1 0 0 0 0
1 1 1 1 1 1 0 0 0 0
1 1 0 1 1 1 0 0 0 0
1 1 1 1 1 1 0 0 0 0
1 1 1 1 1 1 1 1 0 0
0 1 0 1 1 1 0 0 0 0
Maze 67
79 374 2.9019607843 2.1786110703 35 0.363075665975981
65 87 40 24 15 15 83 56 14 11 54 86 18 46 42 65
85 37 34 14 400 13 53 54 400 51 84 16 16 400 62
401 402 401 402 400 402 402 401 400 401 401 402 402 400 401
0 0 0 0 0 0 0 0 0 0
1 1 1 1 1 1 1 1 0 0
1 0 1 1 0 1 0 0 0 0
1 0 1 1 1 1 1 1 1 1
1 1 1 1 1 1 1 0 0 0
1 1 1 1 1 1 1 0 0 0
0 1 1 1 2 1 1 0 0 0
0 0 1 1 1 1 1 0 0 0
0 0 1 1 1 1 1 0 0 0
0 0 0 0 0 0 0 0 0 0
Maze 68
97 100 4.0465116279 2.0359730652 71 0.398421727656119
23 20 82 77 42 39 8 86 37 16 35 32 38 44 29 23
13 12 72 72 32 38 6 36 36 15 400 400 34 24 400
402 402 402 401 402 401 402 402 401 402 400 400 402 402 400
0 0 0 0 0 1 1 1 0 0
0 1 1 1 1 1 1 1 1 1
0 1 2 1 1 1 1 1 1 0
0 1 1 1 1 1 1 1 1 0
0 1 0 1 0 1 0 0 0 0
0 1 0 0 0 1 0 0 0 0
0 1 0 0 0 1 0 0 0 0
0 1 1 1 1 1 1 0 0 0
0 1 0 0 0 1 0 0 0 0
0 0 0 0 0 0 0 0 0 0
Maze 69
105 69 3.3461538462 2.0813772350 85 0.380966607547796
42 5 49 16 17 47 100 93 82 17 91 6 13 82 11 42
2 45 46 400 400 97 400 92 12 11 1 3 12 81 41
402 401 401 400 400 401 400 401 402 402 402 402 402 401 401
1 1 1 1 1 1 0 0 0 0
1 1 1 1 1 1 1 0 0 0
1 1 0 0 1 1 1 0 0 0
1 1 0 0 1 1 1 0 0 0
1 2 0 0 1 1 1 1 1 0
1 1 0 0 0 0 1 0 0 0
1 1 0 0 0 0 1 0 0 0
1 1 0 0 0 0 1 0 0 0
1 1 0 0 0 0 1 0 0 0
1 1 1 1 1 1 1 1 1 1
Maze 70
111 116 3.6078431373 1.9981708149 112 0.394950887060281
6 28 16 74 93 40 32 76 24 94 57 82 69 35 82 6
26 26 14 73 33 400 72 74 400 54 52 62 65 32 2
401 401 402 402 402 400 401 401 400 402 402 402 401 402 402
0 1 1 1 1 2 0 0 0 0
0 1 0 1 1 1 0 0 0 0
0 1 0 1 0 1 1 1 0 0
0 1 1 1 1 1 1 1 1 1
0 1 1 1 1 0 0 0 0 0
0 1 1 1 1 1 1 0 0 0
0 1 1 1 1 1 1 1 1 0
0 1 1 1 1 1 0 0 0 0
0 1 1 1 0 0 0 0 0 0
0 0 1 1 0 0 0 0 0 0
Maze 71
73 39 3.1578947368 2.0086445515 8 0.367402033432046
82 84 84 75 100 22 23 49 64 32 55 98 54 72 71 82
400 400 74 95 92 400 43 44 62 52 95 94 52 400 81
400 400 402 401 401 400 401 402 401 401 401 401 402 400 401
0 0 0 0 0 0 0 0 0 0
0 0 0 0 0 0 0 0 0 0
0 1 1 0 0 0 0 0 0 0
0 1 1 0 0 0 0 0 0 0
0 1 1 1 1 1 1 1 1 0
0 1 1 1 1 0 0 0 0 0
0 1 1 1 1 0 0 0 0 0
1 1 0 1 1 0 0 0 0 0
1 2 1 1 1 0 0 0 0 0
0 1 1 1 1 1 1 1 1 1
Maze 72
103 269 2.9491525424 2.1437003132 59 0.391297377249935
80 9 78 52 1 43 90 71 27 1 29 39 36 25 88 80
79 8 72 51 41 83 81 21 21 21 400 400 35 85 78
401 402 401 401 401 401 401 402 401 401 400 400 401 401 402
1 0 0 0 0 0 0 1 1 0
1 0 0 0 0 0 0 1 1 0
1 1 1 1 1 1 1 1 1 0
1 0 0 0 1 1 1 1 1 0
1 1 1 0 1 0 0 1 1 0
1 1 1 0 1 0 0 1 1 0
1 1 1 0 1 0 0 1 1 0
1 1 1 1 1 1 1 1 1 2
1 1 1 1 1 1 1 1 1 1
0 0 0 0 0 0 0 0 0 0
Maze 73
65 58 2.8636363636 2.1963299361 20 0.374162444823095
50 56 76 83 38 34 95 66 37 28 37 26 15 99 69 50
46 400 73 33 400 94 65 36 27 27 36 25 95 400 49
402 400 402 402 400 401 402 402 402 402 401 401 401 400 402
0 0 0 0 0 0 0 0 0 0
0 0 0 0 1 0 0 0 0 0
0 0 0 0 1 1 1 1 0 0
0 0 1 1 1 1 1 1 0 0
0 0 1 1 1 1 1 1 1 2
0 0 1 1 1 1 0 0 1 0
0 0 1 1 1 1 0 0 1 0
0 0 1 1 1 1 0 0 1 0
0 0 1 1 1 0 0 0 1 0
0 0 0 1 1 1 1 1 1 0
Maze 74
113 7 3.4400000000 1.8018194451 94 0.384926995324349
8 42 7 11 96 61 31 10 6 12 73 6 13 94 67 8
2 2 1 91 91 400 1 400 2 72 3 3 93 64 7
402 402 402 401 401 400 402 400 402 401 402 402 401 402 402
1 1 1 1 1 1 1 2 1 1
1 1 1 0 0 0 1 0 0 0
1 1 1 0 0 0 1 0 0 0
1 1 1 0 0 0 1 0 0 0
1 1 1 0 0 0 1 0 0 0
1 1 1 0 0 0 1 0 0 0
1 1 1 1 1 1 1 0 0 0
1 1 1 1 0 0 0 0 0 0
1 0 1 1 0 0 0 0 0 0
1 1 1 1 1 1 0 0 0 0
Maze 75
85 372 3.1020408163 2.1114862534 45 0.393755758298054
10 13 38 67 82 8 16 72 33 28 70 49 26 16 28 10
3 33 37 62 2 6 12 32 23 68 69 46 400 26 8
402 401 402 402 402 402 402 402 402 401 401 401 400 401 402
0 1 1 1 1 1 1 1 1 2
0 1 1 1 1 1 0 1 0 0
0 1 1 1 1 1 1 1 0 0
0 1 1 1 1 1 1 1 0 0
0 1 0 0 0 1 1 1 1 0
0 1 0 0 0 0 1 1 1 0
0 1 1 1 1 1 1 1 1 1
0 1 0 0 0 0 0 0 0 0
0 1 0 0 0 0 0 0 0 0
0 0 0 0 0 0 0 0 0 0
Maze 76
93 385 3.0740740741 2.2409432339 41 0.380200733478522
25 96 28 21 73 92 92 13 65 88 55 99 21 31 54 25
95 26 400 71 72 400 12 63 85 85 95 91 400 51 24
401 402 400 401 402 400 402 401 401 401 401 401 400 401 402
0 0 0 0 0 0 0 0 0 0
0 1 1 0 0 0 0 0 0 0
1 1 1 1 2 1 1 1 0 0
1 1 1 1 1 1 0 0 0 0
1 1 1 1 1 1 0 0 0 0
1 1 1 1 1 1 0 0 0 0
1 1 1 1 1 1 0 0 0 0
1 1 1 0 1 1 0 0 0 0
1 1 0 0 1 1 1 1 0 0
1 1 1 1 1 1 1 1 1 0
Maze 77
95 65 3.2244897959 2.0392854515 59 0.403241063280347
18 71 8 45 22 8 67 37 75 78 46 80 7 28 26 18
11 1 5 42 2 7 400 35 400 76 76 77 27 400 16
402 402 402 401 402 402 400 402 400 401 401 401 401 400 402
1 1 1 1 1 1 1 1 0 0
1 1 1 1 1 1 1 2 0 0
1 1 0 0 1 1 1 1 0 0
1 1 0 0 1 1 1 0 0 0
1 1 1 1 1 1 1 0 0 0
1 0 0 0 1 1 1 0 0 0
1 0 0 0 1 1 1 0 0 0
1 0 0 0 1 1 1 1 1 1
0 0 0 0 0 0 0 0 0 0
0 0 0 0 0 0 0 0 0 0
Maze 78
107 4 3.6170212766 1.9211122810 105 0.380105451636144
2 34 15 63 60 12 37 39 1 93 91 87 88 41 59 2
32 14 13 53 52 32 400 31 91 400 81 400 81 51 52
401 402 402 402 401 401 400 401 401 400 402 400 401 401 401
1 2 0 0 0 0 0 0 0 0
1 1 1 1 1 0 0 0 0 0
1 1 1 1 0 0 0 0 0 0
1 1 1 1 1 1 1 1 1 0
1 1 1 0 0 0 0 0 0 0
1 1 1 1 1 1 1 1 1 1
1 0 1 0 0 0 0 0 0 0
1 0 0 0 0 0 0 0 0 0
1 1 1 1 1 1 1 1 0 0
1 1 1 0 0 0 0 0 0 0
Maze 79
97 42 3.0175438596 2.2327820968 64 0.396678706280318
31 1 67 61 27 24 49 19 57 95 68 92 19 19 8 31
400 61 400 21 400 44 400 17 55 65 62 12 400 18 1
400 401 400 402 400 401 400 402 402 402 402 402 400 401 402
1 1 1 1 1 1 1 1 0 0
1 1 1 1 1 1 1 1 1 0
1 1 1 1 1 1 1 0 1 0
2 1 0 1 0 0 1 0 1 0
1 1 0 1 1 1 1 1 1 0
1 1 0 0 1 1 1 0 0 0
1 1 1 1 1 1 1 1 0 0
0 1 0 0 1 0 0 0 0 0
0 1 0 0 1 0 0 0 0 0
0 1 0 0 1 0 0 0 0 0
Maze 80
87 11 3.3333333333 2.1666933254 19 0.388682305553956
36 9 3 23 13 22 84 99 22 81 21 17 33 84 42 36
6 400 400 400 12 82 94 92 21 400 11 13 83 82 32
402 400 400 400 402 401 401 401 402 400 402 402 401 401 402
0 0 1 1 1 1 1 1 1 0
1 1 1 1 1 1 1 0 0 0
1 1 1 0 0 1 0 0 0 0
1 1 1 1 1 2 0 0 0 0
1 1 1 0 0 0 0 0 0 0
1 1 1 0 0 0 0 0 0 0
1 1 1 0 0 0 0 0 0 0
1 1 1 0 0 0 0 0 0 0
1 1 1 1 0 0 0 0 0 0
0 1 1 1 1 1 1 1 1 0
Maze 81
75 88 3.8378378378 2.1299964074 26 0.387721888047005
36 96 96 9 50 49 62 59 49 59 54 49 55 40 44 36
400 400 6 49 400 42 52 400 400 400 44 45 35 34 34
400 400 402 401 400 402 402 400 400 400 402 402 402 402 402
0 0 0 0 0 1 1 1 1 0
0 0 0 0 0 1 0 0 1 0
0 0 0 0 0 1 0 0 1 0
0 0 0 1 1 2 1 1 1 1
0 1 1 1 1 1 1 1 1 1
0 1 1 1 1 1 1 1 1 0
0 1 0 0 0 1 0 0 0 0
0 0 0 0 0 1 0 0 0 0
0 0 0 0 0 1 0 0 0 0
0 0 0 0 0 1 0 0 0 0
Maze 82
93 123 2.7936507937 2.3122163260 44 0.389405741117116
77 40 6 75 36 89 71 3 33 70 78 85 74 12 67 77
37 36 5 35 86 81 1 400 63 68 75 84 72 62 400
402 401 402 402 401 401 402 400 401 402 402 401 401 401 400
1 1 1 0 1 1 0 0 0 0
1 1 1 0 1 1 0 0 0 0
1 1 1 0 1 1 0 0 0 0
1 1 1 0 1 1 1 1 1 1
1 1 1 0 1 1 1 0 0 0
1 1 1 0 1 1 1 0 0 0
1 1 1 1 1 1 1 1 1 1
1 1 1 1 1 1 2 1 0 0
1 1 1 1 1 1 1 1 1 0
0 0 0 0 0 0 0 0 0 0
Maze 83
95 14 2.9777777778 1.7871710941 54 0.391239236854166
13 68 79 42 3 54 17 14 19 79 97 77 67 3 70 13
63 78 72 2 53 14 400 400 400 77 400 400 63 63 63
401 401 401 402 401 402 400 400 400 402 400 400 401 401 401
0 1 1 0 0 0 0 0 0 0
0 1 2 1 1 1 1 1 1 0
0 1 1 1 0 0 0 0 1 0
0 1 1 1 0 0 0 0 1 0
0 1 1 1 0 0 0 0 1 0
0 1 1 1 0 0 0 0 1 0
0 1 1 1 1 1 1 1 1 1
0 1 1 1 1 1 1 1 1 0
0 0 0 0 0 0 1 0 0 0
0 0 0 0 0 0 1 0 0 0
Maze 84
99 58 2.9333333333 2.3140275492 53 0.389889516452338
59 20 27 81 10 16 79 67 98 60 56 58 21 66 85 59
19 17 21 1 6 76 77 97 58 400 400 51 61 65 55
402 402 402 402 402 401 401 401 402 400 400 401 401 402 402
1 1 1 1 1 1 1 1 1 1
1 0 0 0 0 1 1 1 1 1
1 1 1 1 1 1 1 0 1 0
1 0 0 0 0 1 0 0 1 0
1 0 0 0 0 1 0 0 1 0
1 1 1 1 1 1 1 1 2 1
1 1 1 1 1 1 1 1 0 0
1 0 0 0 1 1 1 1 1 0
1 0 0 0 1 0 1 1 0 0
0 0 0 0 0 0 1 1 0 0
Maze 85
105 42 3.0566037736 1.9969704430 112 0.388288810401892
16 21 78 50 28 63 65 79 53 89 79 60 73 29 83 16
11 71 48 48 23 400 75 73 83 400 59 53 23 23 13
402 401 402 401 402 400 401 401 401 400 402 402 402 402 402
0 0 0 0 0 0 0 0 0 0
1 1 1 1 1 2 0 0 0 0
1 0 1 1 1 1 1 1 1 0
1 0 1 0 0 0 0 1 0 0
1 0 1 0 0 0 0 1 1 1
1 0 1 1 1 1 1 1 1 1
1 0 1 1 1 0 0 1 1 0
1 1 1 1 1 1 1 1 1 0
0 0 1 1 1 1 1 1 1 0
0 0 0 0 0 0 0 0 0 0
Maze 86
77 336 3.2820512821 2.0235747141 21 0.371815245394186
62 21 37 43 28 20 42 21 23 17 24 75 16 17 61 62
61 31 33 23 18 12 41 400 13 14 74 15 400 11 400
401 401 402 402 402 402 401 400 402 402 401 402 400 402 400
0 0 0 0 0 0 0 0 0 0
1 1 1 1 1 1 1 1 1 1
1 1 1 1 1 1 1 1 0 0
1 1 1 1 1 1 1 0 0 0
1 1 1 1 1 0 0 0 0 0
1 0 0 1 1 0 0 0 0 0
1 2 0 1 1 0 0 0 0 0
0 0 0 1 1 0 0 0 0 0
0 0 0 0 0 0 0 0 0 0
0 0 0 0 0 0 0 0 0 0
Maze 87
121 196 3.0400000000 2.3214289635 139 0.380945301709049
78 35 50 82 90 94 19 99 93 11 62 82 13 9 1 78
75 45 42 400 84 14 400 400 91 61 400 12 3 400 71
401 401 402 400 402 402 400 400 401 401 400 402 402 400 401
1 1 1 1 1 1 1 1 1 0
1 1 1 1 1 1 1 1 1 0
1 1 0 1 0 0 0 0 1 0
1 1 0 1 1 0 0 0 1 0
1 1 1 1 1 1 1 1 1 1
1 1 0 1 1 0 0 0 1 0
1 1 0 1 1 0 0 0 1 0
1 1 1 1 1 1 1 2 1 0
1 1 1 1 1 1 1 1 1 1
1 1 1 1 1 1 1 1 1 0
Maze 88
123 383 3.6734693878 1.9635191582 141 0.391433333944218
9 91 67 37 54 11 36 65 83 9 57 81 58 21 65 9
1 61 400 34 51 31 35 63 3 7 51 51 51 61 5
402 402 400 402 401 401 402 402 402 402 402 402 401 401 402
1 1 1 1 1 1 1 1 2 0
1 0 1 0 1 0 1 0 0 0
1 0 1 0 1 0 1 0 0 0
1 1 1 1 1 1 1 0 0 0
1 0 1 1 1 0 1 0 0 0
1 1 1 1 1 1 1 1 0 0
1 1 1 1 1 1 1 0 0 0
1 0 1 0 0 0 0 0 0 0
1 0 1 0 0 0 0 0 0 0
1 0 0 0 0 0 0 0 0 0
Maze 89
103 49 3.4074074074 2.1609832374 71 0.380103356472395
67 97 69 41 62 57 7 55 1 8 72 60 4 19 7 67
400 67 61 61 52 400 5 51 400 2 52 54 14 17 400
400 402 401 401 402 400 402 401 400 402 402 401 401 401 400
1 1 1 1 1 1 1 1 0 0
1 1 0 1 1 1 1 1 1 0
1 1 0 1 1 0 1 0 0 0
1 1 0 1 1 0 1 0 0 0
1 1 0 1 1 0 1 0 0 0
1 1 1 1 1 1 1 1 1 1
1 1 1 1 1 1 2 1 1 0
0 1 0 0 0 0 1 0 0 0
0 0 0 0 0 0 1 0 0 0
0 0 0 0 0 0 1 0 0 0
Maze 90
85 63 3.4347826087 2.1631779888 45 0.387092179841463
3 3 66 61 42 24 94 28 30 79 92 32 95 72 74 3
400 63 400 41 22 400 24 400 29 72 400 92 92 400 73
400 401 400 402 402 400 402 400 402 402 400 401 401 400 401
0 0 2 0 0 0 0 0 0 0
0 0 1 0 0 0 0 0 0 0
0 1 1 1 1 1 1 1 1 1
0 1 1 1 0 0 0 0 1 0
1 1 1 1 0 0 0 0 1 0
1 1 1 1 0 0 0 0 1 0
1 1 1 1 1 1 0 0 1 0
0 1 1 1 1 1 1 1 1 0
0 1 0 1 0 0 0 0 0 0
0 1 1 1 1 0 0 0 0 0
Maze 91
105 46 3.2142857143 2.1435735922 66 0.393121497472662
82 45 73 79 63 63 45 98 2 62 57 9 40 4 10 82
42 43 400 73 400 43 95 92 400 52 7 39 34 400 2
402 402 400 401 400 402 401 401 400 402 402 401 401 400 402
0 1 1 1 1 1 1 1 1 1
0 1 0 1 0 0 1 0 1 0
0 1 0 1 0 0 1 0 1 0
0 1 0 1 1 1 1 1 1 1
0 1 1 1 1 0 1 0 0 0
0 1 1 1 1 1 1 0 0 0
0 1 1 0 1 0 0 0 0 0
0 1 1 1 1 1 1 1 1 0
0 2 0 0 1 0 0 0 0 0
0 1 1 1 1 1 1 1 0 0
Maze 92
89 6 3.7714285714 1.6452772513 45 0.374724181666235
24 83 34 20 32 38 42 3 32 8 27 18 34 83 26 24
23 33 14 12 400 32 2 2 2 7 17 14 33 23 400
402 402 402 402 400 402 402 402 402 402 402 402 402 402 400
0 1 1 1 1 1 1 1 0 0
0 1 1 1 1 1 1 1 1 1
0 1 1 2 1 1 1 0 0 0
0 1 1 1 1 1 1 1 0 0
0 1 1 0 0 0 0 0 0 0
0 0 1 0 0 0 0 0 0 0
0 0 1 0 0 0 0 0 0 0
0 0 1 0 0 0 0 0 0 0
0 0 1 0 0 0 0 0 0 0
0 0 0 0 0 0 0 0 0 0
Maze 93
103 171 3.1481481481 1.9593357710 71 0.405703912483539
9 73 12 28 16 33 85 52 37 76 2 49 50 41 15 9
3 72 22 26 13 83 82 32 36 72 42 400 400 11 5
402 401 401 401 402 401 401 402 402 401 401 400 400 402 402
0 1 1 1 1 1 1 1 2 0
1 1 1 1 1 1 0 0 0 0
1 1 1 1 1 1 1 1 0 0
1 1 1 1 1 1 1 0 0 0
1 1 1 1 1 1 1 1 1 1
0 1 1 0 0 1 0 0 0 0
0 1 1 0 0 1 0 0 0 0
0 1 1 1 1 1 0 0 0 0
0 1 1 1 1 0 0 0 0 0
0 0 0 0 0 0 0 0 0 0
Maze 94
97 275 3.6400000000 2.1621356322 77 0.400096927755246
83 82 14 34 71 52 28 82 89 94 26 75 99 98 13 83
400 12 400 31 51 22 22 400 84 24 25 95 400 93 400
400 402 400 402 402 402 402 400 402 402 402 401 400 401 400
0 0 0 0 0 0 0 0 0 0
0 1 1 1 0 0 0 0 0 0
0 1 1 1 1 1 1 1 0 0
1 1 1 1 1 0 0 0 0 0
1 1 1 1 1 0 0 0 0 0
1 1 1 1 1 0 0 0 0 0
1 1 1 1 1 0 0 0 0 0
1 1 1 1 1 0 0 0 0 0
0 1 2 1 1 1 1 1 1 0
0 0 1 1 1 1 1 1 1 0
Maze 95
119 354 3.2542372881 2.0743772408 148 0.386838828570834
12 59 95 1 93 15 41 16 17 69 66 61 21 100 16 12
52 55 91 91 13 11 11 400 67 400 400 400 91 96 400
401 402 401 401 402 402 402 400 401 400 400 400 401 401 400
1 0 0 0 0 0 0 0 0 0
1 2 1 1 1 1 1 0 0 0
1 1 1 0 0 1 1 0 0 0
1 1 1 0 0 1 1 0 0 0
1 1 1 0 0 1 1 0 0 0
1 1 1 1 1 1 1 1 1 0
1 1 1 1 1 1 1 1 1 0
1 0 1 0 1 1 0 0 0 0
1 0 1 0 1 1 0 0 0 0
1 1 1 1 1 1 1 1 1 1
Maze 96
89 78 2.6666666667 2.1290129965 50 0.402470993758511
95 13 1 15 76 11 13 47 20 18 38 88 56 33 19 95
93 11 11 75 71 400 43 17 400 400 400 86 53 13 15
401 401 401 401 401 400 401 402 400 400 400 401 401 402 402
1 0 0 0 0 0 0 0 0 0
1 1 1 1 1 1 1 1 1 1
1 0 1 0 1 0 1 1 0 0
1 0 1 0 1 0 1 1 0 0
1 0 1 1 1 1 1 1 0 0
1 0 1 1 1 1 0 1 0 0
1 0 1 0 1 1 0 1 0 0
1 1 1 1 1 1 0 1 0 0
0 0 1 0 1 1 1 1 0 0
0 0 1 1 2 0 0 0 0 0
Maze 97
107 58 3.2698412698 2.1718260238 91 0.388535325207897
24 80 34 26 5 23 70 25 75 59 95 90 99 11 47 24
74 74 24 25 3 63 65 400 55 55 85 89 91 41 44
401 401 402 401 402 401 401 400 402 402 402 402 401 401 401
0 0 1 1 1 0 0 0 0 0
1 0 1 0 1 0 0 0 0 0
1 0 1 2 1 1 0 0 0 0
1 0 1 1 1 0 0 0 0 0
1 1 1 1 1 1 1 0 0 0
1 0 1 1 1 1 1 1 1 0
1 0 1 1 1 1 1 1 1 1
1 0 0 1 1 1 1 1 1 1
1 0 0 0 1 1 1 1 1 1
1 1 1 1 1 1 1 1 1 0
Maze 98
85 282 2.8571428571 2.3033934030 50 0.369994769428010
78 19 5 37 87 43 17 35 68 15 21 36 26 82 81 78
18 15 35 400 83 13 15 65 65 11 31 400 22 400 71
402 401 401 400 401 402 402 401 401 402 401 400 402 400 402
0 0 0 0 1 0 0 0 0 0
1 1 1 1 1 1 1 1 1 0
1 1 1 1 1 1 0 1 0 0
1 1 1 1 1 1 1 1 0 0
0 1 1 0 1 0 1 1 0 0
0 1 1 0 1 0 1 1 0 0
0 1 1 0 1 1 1 1 0 0
1 1 1 1 1 1 1 2 0 0
1 1 1 1 1 1 1 0 0 0
0 0 0 0 0 0 0 0 0 0
Maze 99
109 450 3.0937500000 2.2048177770 84 0.386149284896567
33 15 14 3 69 71 29 8 54 98 71 77 6 14 89 33
13 400 13 63 61 21 28 4 94 91 400 76 4 84 83
402 400 401 401 402 402 401 402 401 401 400 401 402 401 401
0 0 1 1 1 1 1 1 0 0
0 0 1 1 1 1 0 1 0 0
1 1 1 1 1 1 1 1 1 0
1 0 2 1 0 1 0 0 0 0
1 0 1 1 0 1 0 0 0 0
1 0 1 1 0 1 0 0 0 0
1 1 1 1 1 1 1 1 1 0
1 1 1 1 1 1 1 0 0 0
1 0 1 1 1 1 1 1 1 0
1 1 1 1 1 1 1 1 0 0
Maze 100
85 124 2.9629629630 2.2286107981 44 0.386141384938519
100 27 60 28 86 72 92 76 73 84 12 20 59 74 67 100
97 57 58 26 82 400 72 400 83 82 400 19 54 64 97
401 401 401 402 401 400 402 400 401 401 400 402 402 402 401
0 0 0 0 0 0 0 0 0 0
0 1 1 1 1 1 1 1 1 1
0 1 0 0 0 1 1 1 1 0
0 1 0 0 0 1 1 1 1 0
0 1 0 0 0 1 1 1 1 0
0 1 0 1 1 1 1 1 1 1
0 1 0 1 1 1 1 0 0 0
0 1 1 1 1 1 1 0 0 0
0 1 1 1 1 1 1 0 0 0
0 1 0 0 0 0 1 1 1 2
Maze 101
77 11 3.0000000000 2.2791623505 17 0.357916646410876
2 40 89 100 45 19 6 7 26 35 63 34 42 93 65 2
32 39 99 95 15 16 400 6 25 33 33 32 92 63 62
401 402 401 401 402 401 400 402 402 402 402 402 401 402 401
0 2 0 0 0 1 1 0 0 0
0 1 0 0 1 1 1 1 1 0
0 1 0 0 1 1 0 0 0 0
0 1 1 1 1 1 1 1 1 1
0 1 1 0 1 0 0 0 1 0
0 1 1 0 1 0 0 0 1 0
0 1 1 1 1 0 0 0 1 0
0 1 1 0 1 0 0 0 1 0
0 1 1 0 1 0 0 0 1 0
0 1 1 0 1 1 1 1 1 1
Maze 102
97 1721 3.3818181818 2.2063813261 60 0.402422319826179
7 70 83 60 91 87 35 56 45 78 19 10 40 86 18 7
67 63 53 51 81 85 55 55 75 18 9 400 36 16 17
401 402 402 402 402 401 401 401 401 402 402 400 402 402 401
0 0 0 0 0 0 2 0 1 1
0 0 0 0 0 1 1 1 1 1
0 0 0 0 0 1 1 1 0 1
0 0 0 0 1 1 1 1 1 1
0 0 0 0 1 1 1 1 0 0
1 1 1 1 1 1 1 1 1 1
1 0 1 1 1 1 1 1 1 1
1 0 1 0 1 1 1 1 0 0
1 1 1 1 1 1 1 0 0 0
1 0 0 0 0 0 0 0 0 0
Maze 103
117 255 3.2459016393 2.0571019133 119 0.386291445060794
90 30 56 86 42 67 20 94 70 45 39 96 55 99 34 90
400 26 400 82 62 17 14 64 65 35 36 95 95 94 84
400 402 400 401 401 402 402 402 401 402 402 401 401 401 401
0 0 0 0 0 0 0 0 0 0
0 0 0 1 1 1 1 1 1 1
0 0 0 1 0 1 1 1 1 1
0 0 0 1 1 1 1 1 1 1
0 1 0 1 1 1 1 0 0 1
0 1 0 1 1 1 1 0 0 1
0 1 1 1 1 1 1 1 1 1
0 1 0 1 1 1 0 0 0 1
0 1 1 1 1 1 1 1 1 2
0 0 0 1 1 1 1 1 1 0
Maze 104
117 100 3.3015873016 2.1157777844 100 0.397488284761658
40 63 18 14 90 52 97 53 17 22 52 50 51 5 16 40
33 13 400 84 82 92 93 13 12 400 42 41 1 15 36
402 402 400 401 401 401 401 402 402 400 402 402 402 401 401
1 1 1 1 1 0 0 0 0 0
1 1 1 1 1 1 1 1 0 0
1 1 1 1 0 1 0 0 0 0
1 1 1 1 1 1 1 1 1 2
1 1 1 1 1 1 1 1 1 1
1 1 1 1 0 0 0 0 0 0
0 1 1 1 0 0 0 0 0 0
0 1 1 1 0 0 0 0 0 0
0 1 1 1 1 1 1 1 1 1
0 1 1 1 1 1 1 0 0 0
Maze 105
73 84 3.5000000000 2.1460510320 20 0.375618426332459
84 97 33 3 85 32 42 92 66 65 35 22 51 44 87 84
94 93 400 83 82 400 400 62 400 400 32 21 41 84 400
401 401 400 401 401 400 400 402 400 400 401 402 402 401 400
0 0 1 0 0 0 0 0 0 0
0 0 1 0 0 0 0 0 0 0
1 1 1 0 0 0 0 0 0 0
1 1 1 1 1 0 0 0 0 0
1 1 1 1 1 0 0 0 0 0
1 1 1 1 1 0 0 0 0 0
0 1 1 1 1 1 0 0 0 0
0 1 1 1 0 0 0 0 0 0
0 1 1 2 1 1 1 0 0 0
0 1 1 1 1 1 1 0 0 0
Maze 106
97 51 3.3333333333 2.1089871334 65 0.371793762180029
91 19 70 15 49 30 47 53 67 15 20 21 2 54 42 91
11 69 65 45 29 27 43 63 65 400 11 1 52 52 41
402 401 401 401 402 402 402 401 401 400 402 402 401 401 402
1 1 0 0 0 0 0 0 0 0
1 1 1 1 1 1 1 1 1 1
1 1 0 0 1 0 1 1 1 1
1 1 0 0 1 0 1 0 1 0
1 1 1 1 1 1 1 1 1 0
1 1 1 1 1 0 0 0 1 0
1 0 1 1 1 1 1 1 1 1
1 0 0 0 0 0 0 0 0 0
1 0 0 0 0 0 0 0 0 0
2 0 0 0 0 0 0 0 0 0
Maze 107
115 161 3.5384615385 1.9166452189 133 0.384494302819519
6 90 2 96 30 76 45 40 44 68 88 77 46 42 88 6
86 82 92 26 26 75 35 34 64 400 87 76 400 82 86
401 401 401 402 402 401 402 402 401 400 401 401 400 401 401
0 1 0 0 0 2 0 0 0 0
0 1 0 0 0 1 0 0 0 0
0 1 0 0 0 1 1 1 1 1
0 1 0 1 1 1 1 1 1 1
0 1 1 1 1 1 0 0 0 0
0 1 0 1 1 1 0 0 0 0
0 1 0 1 1 1 1 1 0 0
0 1 0 0 1 1 1 1 0 0
0 1 1 1 1 1 1 1 1 1
0 1 1 1 1 1 0 0 0 0
Maze 108
107 132 3.4909090909 2.1301018058 112 0.373595910562624
69 23 81 69 85 72 88 55 29 7 13 21 49 82 25 69
63 21 61 65 82 82 85 25 27 3 11 41 42 22 65
401 402 402 402 401 401 401 402 401 402 402 401 402 402 401
0 0 1 1 1 1 1 0 0 0
1 1 1 0 0 0 1 0 0 0
1 1 1 1 1 1 1 1 1 0
1 1 1 0 1 0 0 0 0 0
1 1 1 1 1 1 1 1 1 0
1 1 1 0 1 0 0 0 0 0
1 1 1 1 1 1 1 1 2 0
1 1 0 0 1 0 0 0 0 0
1 1 1 1 1 1 1 1 0 0
0 0 0 0 0 0 0 0 0 0
Maze 109
99 69 3.1186440678 2.2160377551 60 0.370130403606373
94 47 10 48 65 95 47 70 34 82 1 83 98 66 33 94
44 7 8 45 400 45 67 64 32 81 81 93 96 63 93
402 402 402 402 400 402 401 401 402 401 401 401 401 401 401
1 0 0 0 0 0 1 1 1 1
1 0 0 0 0 0 1 1 0 0
1 0 0 0 0 0 1 1 0 0
1 1 1 1 0 0 1 1 0 0
1 1 1 1 1 1 1 1 0 0
1 1 1 1 1 0 1 0 0 0
1 1 1 1 1 1 1 1 1 1
1 1 1 1 1 1 0 0 0 0
1 1 1 1 1 1 0 0 0 0
0 0 1 2 1 1 1 1 0 0
Maze 110
111 307 3.3770491803 2.2034194660 97 0.386221621830446
82 17 36 98 59 84 79 93 29 94 81 97 70 78 24 82
12 16 96 58 54 74 73 23 24 91 91 67 68 74 22
402 402 401 402 402 402 402 402 402 401 401 402 402 401 402
0 0 0 0 0 0 0 0 0 0
0 1 1 1 1 1 1 0 0 0
0 1 1 1 1 1 1 1 1 0
0 1 1 1 0 1 0 0 0 0
0 1 1 1 0 1 0 0 0 0
0 1 1 1 1 1 1 1 1 0
0 1 1 1 0 1 1 1 1 1
0 1 1 1 1 1 1 1 1 0
1 2 1 1 0 1 1 1 0 0
1 1 1 1 1 1 1 1 0 0
Maze 111
87 76 2.7796610169 2.3033934030 32 0.380656638096818
1 76 96 89 93 92 73 64 9 19 87 77 13 78 38 1
71 400 86 83 400 72 63 4 400 17 400 73 73 400 31
401 400 402 402 400 402 402 402 400 402 400 401 401 400 401
2 0 0 1 1 1 1 1 1 0
1 0 1 1 0 0 1 1 1 0
1 0 1 1 0 0 1 0 0 0
1 1 1 1 1 1 1 1 0 0
1 0 1 1 0 0 1 1 0 0
1 0 1 1 0 0 1 1 0 0
1 0 1 1 0 0 1 1 0 0
1 1 1 1 1 1 1 1 0 0
0 1 1 1 1 1 1 1 1 0
0 1 1 0 0 1 0 0 0 0
Maze 112
87 61 3.0943396226 2.2548680486 45 0.369893103312899
77 84 84 66 97 10 58 68 12 89 4 25 26 77 59 77
74 400 64 96 7 8 400 62 82 84 24 400 76 57 57
402 400 402 401 402 402 400 401 401 401 401 400 401 402 402
0 0 0 1 0 0 1 1 1 1
0 1 0 1 0 0 1 1 0 0
0 1 0 1 1 1 1 1 0 0
0 1 0 1 0 1 1 1 0 0
0 1 0 1 0 1 1 1 0 0
0 1 0 1 0 1 1 1 1 0
0 1 1 1 1 1 1 1 0 0
0 1 0 1 1 1 2 0 0 0
0 1 1 1 1 1 1 1 1 0
0 0 0 0 0 1 1 0 0 0
Maze 113
105 1014 3.3000000000 2.3476887004 104 0.385796360519348
32 16 49 41 73 70 82 21 40 76 13 82 75 87 98 32
12 46 400 71 63 62 81 31 36 73 12 72 85 97 92
402 401 400 401 402 402 401 401 402 401 402 402 401 401 401
0 0 0 0 0 0 0 0 0 0
0 1 1 1 1 1 0 0 0 0
1 1 1 0 0 1 0 0 0 0
1 2 1 1 1 1 1 1 1 1
1 1 1 1 1 1 1 1 1 0
1 1 1 0 0 1 0 0 0 0
1 1 1 1 1 1 1 1 1 1
1 1 1 1 1 1 0 0 0 0
1 1 0 0 1 1 1 0 0 0
0 1 1 1 1 1 1 1 0 0
Maze 114
91 49 3.2916666667 1.9503533590 44 0.376397522456318
30 88 29 32 73 58 52 33 29 11 51 66 77 52 18 30
28 28 22 72 53 400 32 23 21 400 61 76 72 12 28
402 402 402 401 402 400 402 402 401 400 401 401 401 402 401
0 0 0 0 0 0 0 0 0 0
1 1 1 1 1 1 1 1 0 0
1 1 1 1 1 1 1 1 1 2
1 1 1 0 0 0 0 1 0 0
1 1 0 0 0 0 0 1 0 0
1 1 1 1 1 1 1 1 0 0
1 1 1 1 1 1 0 1 0 0
0 1 1 1 1 1 1 1 0 0
0 0 0 0 0 0 0 1 0 0
0 0 0 0 0 0 0 0 0 0
Maze 115
93 37 3.0000000000 1.9509538634 45 0.373661086764243
24 48 42 45 31 20 55 64 25 20 22 74 100 60 52 24
44 400 400 41 11 15 54 24 15 12 72 94 400 400 22
401 400 400 401 402 402 402 402 402 402 401 401 400 400 402
0 0 0 0 0 0 0 0 0 0
1 1 1 1 1 1 1 1 1 1
1 1 1 2 1 0 0 0 0 0
1 1 0 1 1 0 0 0 0 0
1 1 1 1 1 1 1 1 0 0
0 1 1 1 1 1 1 1 1 1
0 1 0 1 0 0 0 0 0 1
0 1 1 1 0 0 0 0 0 1
0 0 0 1 0 0 0 0 0 1
0 0 0 1 1 1 1 1 1 1
Maze 116
97 22 3.5238095238 1.8652590238 66 0.391770382276595
36 25 15 76 32 71 28 52 49 2 49 54 67 63 48 36
35 400 75 72 31 21 22 42 42 42 44 64 400 43 46
401 400 401 401 402 402 402 402 401 401 402 401 400 402 401
0 1 0 0 0 0 0 0 0 0
0 1 0 0 1 0 0 0 0 0
1 1 1 1 1 1 1 1 0 0
1 1 0 0 1 2 0 0 0 0
1 1 1 1 1 1 1 1 1 0
1 1 1 1 1 0 0 0 0 0
1 1 1 1 1 1 1 0 0 0
1 1 1 1 1 1 0 0 0 0
0 0 0 0 0 0 0 0 0 0
0 0 0 0 0 0 0 0 0 0
Maze 117
101 561 3.0847457627 2.2936191369 60 0.384898682463705
24 21 85 1 47 84 23 27 5 41 58 99 93 75 18 24
400 81 81 41 44 83 400 25 1 51 98 400 73 15 14
400 401 401 401 402 401 400 401 402 401 401 400 402 402 402
1 1 1 1 1 0 0 0 0 0
1 0 0 1 1 1 1 1 0 0
1 1 1 2 1 1 1 0 0 0
1 0 1 0 1 0 0 0 0 0
1 1 1 1 1 1 1 0 0 0
1 1 1 1 1 1 1 1 0 0
1 0 1 1 1 0 0 1 0 0
1 0 1 1 1 0 0 1 0 0
1 1 1 1 1 0 0 1 0 0
0 0 1 1 1 1 1 1 1 0
Maze 118
103 21 3.0909090909 2.1414791011 65 0.395577646820074
48 41 12 24 29 100 53 85 63 90 12 87 56 67 72 48
400 11 22 400 99 93 83 83 83 82 82 86 66 62 42
400 402 401 400 401 401 401 401 401 401 401 401 401 402 402
0 0 0 0 0 0 0 0 0 0
1 1 0 0 0 0 0 0 0 0
1 1 1 1 1 1 1 1 1 0
1 1 0 0 0 0 0 0 1 0
1 1 1 1 1 1 1 2 1 0
0 1 1 0 0 1 0 0 1 0
0 1 1 1 1 1 1 0 1 0
0 1 1 0 0 1 0 0 1 0
0 1 1 1 1 1 1 1 1 1
0 0 1 1 1 1 1 1 1 1
Maze 119
71 100 2.6666666667 2.2259399312 20 0.385674196263944
53 37 68 50 59 33 34 82 76 4 26 25 7 38 88 53
33 67 48 49 53 400 32 72 74 24 400 5 37 400 83
402 401 402 402 401 400 402 402 401 401 400 402 401 400 401
0 0 0 1 1 1 1 0 0 0
0 0 0 1 1 0 1 0 0 0
0 0 0 1 1 1 1 0 0 0
0 1 1 1 1 1 1 1 0 0
0 1 1 1 0 0 1 1 1 1
0 1 2 1 1 1 1 1 1 0
0 1 1 1 0 0 1 1 0 0
0 1 1 1 1 1 0 1 0 0
0 1 1 1 1 1 1 1 0 0
0 0 0 0 0 0 0 0 0 0
Maze 120
117 763 3.2380952381 2.2395335576 148 0.387046188297930
38 91 28 95 18 11 99 78 33 6 82 63 27 47 27 38
31 21 25 15 400 91 98 73 3 2 62 23 400 400 37
402 402 402 402 400 401 401 401 402 402 402 402 400 400 401
0 1 1 1 1 1 0 0 0 0
1 1 1 1 1 1 1 1 0 0
1 1 1 1 1 1 1 1 0 0
1 1 1 1 1 1 1 2 0 0
1 1 1 0 1 0 1 0 0 0
1 1 1 0 1 0 0 0 0 0
1 1 1 0 1 0 0 0 0 0
1 1 1 1 1 1 1 1 0 0
1 1 0 0 1 0 0 1 0 0
1 1 1 1 1 1 1 1 1 0
Maze 121
105 21 3.5813953488 1.8177998138 120 0.379206576244926
97 52 21 57 71 37 35 62 94 74 7 43 92 98 42 97
92 51 51 51 31 400 32 92 400 4 3 42 400 92 92
401 401 401 402 402 400 402 401 400 402 402 402 400 401 401
0 0 1 1 1 1 1 0 0 0
0 0 1 1 0 0 0 0 0 0
1 0 1 1 0 0 0 0 0 0
1 1 1 1 1 1 1 0 0 0
1 1 1 1 0 0 0 0 0 0
1 1 1 1 1 1 1 0 0 0
1 1 0 1 0 0 0 0 0 0
1 1 0 1 0 0 0 0 0 0
0 1 0 1 0 0 0 0 0 0
0 1 1 1 1 1 2 1 0 0
Maze 122
111 1164 3.0937500000 2.1457624873 97 0.377989551579157
42 50 44 5 86 83 20 2 4 81 83 8 69 93 57 42
400 400 4 85 400 13 12 400 1 400 3 68 63 53 52
400 400 402 401 400 402 401 400 402 400 402 401 402 402 401
1 1 1 1 1 1 1 1 0 0
1 1 1 1 1 1 1 1 1 1
1 0 1 1 1 0 0 1 0 0
1 0 1 1 1 0 0 1 0 0
1 2 1 1 1 1 1 1 1 1
1 1 1 1 1 1 1 1 0 0
1 0 1 1 1 1 1 1 1 0
1 0 1 0 1 0 0 0 0 0
1 1 1 1 1 1 0 0 0 0
0 0 1 0 0 0 0 0 0 0
Maze 123
75 15 2.7924528302 2.3172587711 19 0.358272470964666
55 83 83 94 5 9 35 31 91 91 97 12 56 56 88 55
53 400 93 4 400 5 400 400 400 400 92 52 400 86 85
402 400 401 402 400 402 400 400 400 400 401 401 400 401 401
0 0 0 1 1 1 1 1 1 0
0 1 0 1 1 0 0 0 0 0
0 1 0 1 1 0 0 0 0 0
1 1 1 1 1 0 0 0 0 0
1 1 0 1 0 0 0 0 0 0
1 1 1 1 2 1 0 0 0 0
1 1 1 1 1 1 0 0 0 0
1 1 1 1 1 1 0 0 0 0
1 1 1 1 1 1 1 1 0 0
1 1 1 1 1 1 1 0 0 0
Maze 124
79 39 3.0666666667 2.0516762731 21 0.396868367288589
54 30 80 86 71 71 35 82 86 65 29 29 52 26 37 54
24 400 76 81 400 31 32 400 85 25 400 22 22 36 34
402 400 402 401 400 402 402 400 401 402 400 402 402 401 402
0 0 0 0 0 0 0 0 0 0
0 0 0 0 0 0 0 0 0 0
0 1 1 1 1 1 1 1 1 1
1 1 1 1 1 1 1 0 0 1
1 1 0 1 1 0 0 0 0 1
1 1 0 2 1 0 0 0 0 1
1 1 0 0 1 0 0 0 0 1
1 1 0 0 1 1 1 1 1 1
1 1 1 1 1 1 0 0 0 0
0 0 0 0 0 0 0 0 0 0
Maze 125
97 866 3.0000000000 2.2983870875 66 0.385086928830393
47 73 78 57 84 1 68 14 27 49 23 7 11 39 59 47
43 400 77 54 81 61 64 24 47 43 3 1 31 400 57
402 400 401 402 401 401 401 401 401 401 402 402 401 400 401
1 1 1 1 1 1 1 0 0 0
1 0 1 1 0 0 0 0 0 0
1 0 1 1 1 1 1 0 0 0
1 1 1 1 1 1 1 1 1 0
1 0 1 1 1 1 2 1 1 0
1 0 1 1 1 1 1 1 1 0
1 1 1 1 1 1 1 1 0 0
1 0 1 1 1 1 1 1 0 0
1 1 1 1 0 0 0 0 0 0
0 0 0 0 0 0 0 0 0 0
Maze 126
91 21 2.8070175439 2.1538174925 56 0.399780308385803
7 60 89 69 36 73 27 98 63 67 45 55 69 31 20 7
57 59 400 66 33 23 97 93 400 65 400 65 61 11 17
401 402 400 401 402 402 401 401 400 401 400 401 401 402 401
0 0 0 0 0 0 2 0 0 0
1 1 1 1 1 1 1 1 1 1
1 0 1 1 1 1 1 0 0 0
1 0 1 1 1 1 1 0 0 0
1 0 1 0 1 1 1 0 0 0
1 0 1 0 1 1 1 1 1 1
1 1 1 1 1 1 1 1 1 0
0 0 1 0 0 0 1 0 1 0
0 0 1 0 0 0 1 0 1 0
0 0 1 1 1 1 1 1 0 0
Maze 127
73 44 2.9565217391 2.1223874547 20 0.377622879030198
57 57 82 38 45 73 51 31 51 18 10 23 24 17 34 57
400 52 32 35 43 71 400 400 11 8 3 400 14 14 54
400 402 402 402 402 401 400 400 402 402 402 400 402 402 401
0 0 1 1 1 1 1 1 1 1
1 1 1 1 1 1 1 1 0 0
1 0 1 1 0 0 0 0 0 0
1 1 1 1 1 1 1 1 0 0
1 1 1 1 1 0 0 0 0 0
1 1 1 1 1 1 2 0 0 0
1 1 1 0 0 0 0 0 0 0
1 1 1 0 0 0 0 0 0 0
0 1 0 0 0 0 0 0 0 0
0 0 0 0 0 0 0 0 0 0
Maze 128
103 76 3.6000000000 1.8994609330 66 0.397016141761811
41 16 13 88 88 1 63 66 13 28 15 89 31 72 44 41
11 400 83 400 81 61 400 63 23 25 85 81 71 42 400
402 400 401 400 401 401 400 401 401 401 401 401 401 402 400
1 0 0 0 0 0 0 0 0 0
1 1 1 1 1 1 0 0 0 0
1 0 1 1 1 1 1 1 0 0
1 0 1 0 1 0 0 0 0 0
2 1 1 1 1 0 0 0 0 0
1 1 1 0 1 0 0 0 0 0
1 1 1 1 1 1 0 0 0 0
1 1 1 0 1 0 0 0 0 0
1 1 1 1 1 1 1 1 1 0
0 0 0 0 0 0 0 0 0 0
Maze 129
109 12 3.4545454545 1.8053784009 83 0.396573939001829
35 52 3 84 51 36 36 52 24 31 95 91 90 11 88 35
32 2 83 81 31 400 32 22 21 91 400 81 81 81 85
402 402 401 401 402 400 402 402 402 401 400 402 401 401 401
0 1 1 0 0 0 0 0 0 0
1 1 1 0 0 0 0 0 0 0
1 1 1 1 0 0 0 0 0 0
1 1 1 1 2 1 0 0 0 0
1 1 1 0 1 0 0 0 0 0
1 1 1 0 1 0 0 0 0 0
1 0 1 0 1 0 0 0 0 0
1 0 1 0 1 0 0 0 0 0
1 1 1 1 1 1 1 1 1 1
1 1 1 1 1 0 0 0 0 0
Maze 130
93 12 3.4583333333 2.0781833240 41 0.370762168364917
33 67 70 64 53 79 99 96 18 6 70 96 12 2 86 33
63 400 400 63 73 400 400 16 16 66 66 92 400 82 83
401 400 400 401 401 400 400 402 401 401 402 401 400 401 401
0 1 0 0 0 1 0 0 0 0
0 1 0 0 0 1 1 1 0 0
0 1 0 0 0 1 0 0 0 0
0 1 2 0 0 1 0 0 0 0
0 1 1 0 0 1 0 0 0 0
0 1 1 0 0 1 0 0 0 0
0 1 1 1 1 1 1 1 1 1
0 1 1 1 1 1 1 1 1 0
0 1 1 1 1 1 0 0 1 0
0 1 1 1 1 1 1 1 1 0
Maze 131
89 24 3.1250000000 2.1418479094 41 0.391159034804131
12 71 71 45 75 66 21 17 51 44 64 18 100 36 47 12
11 400 41 400 65 61 11 11 41 400 14 98 96 46 42
402 400 402 400 402 401 402 402 402 400 402 401 401 401 401
0 0 0 0 0 0 0 0 0 0
1 2 1 1 1 1 1 1 0 0
1 1 0 1 0 0 0 1 0 0
1 1 0 1 0 1 0 1 0 0
1 1 1 1 1 1 1 1 0 0
1 0 0 1 1 1 0 1 0 0
1 1 1 1 1 1 0 1 0 0
1 0 0 0 1 1 0 1 0 0
0 0 0 0 0 1 0 1 0 0
0 0 0 0 0 1 1 1 1 1
Maze 132
95 49 2.8333333333 2.2869027733 71 0.397798365748646
12 56 83 41 76 56 23 15 42 24 68 100 17 96 3 12
52 53 81 71 400 53 13 12 22 64 98 97 16 93 2
401 402 401 401 400 401 402 402 402 401 401 401 402 401 402
0 1 1 0 0 0 0 0 0 0
0 2 1 1 1 1 1 0 0 0
0 1 1 1 0 1 1 0 0 0
0 1 1 1 0 1 1 0 0 0
1 1 1 1 0 1 1 0 0 0
1 1 1 1 1 1 1 0 0 0
1 0 1 1 1 1 1 1 0 0
1 1 1 1 1 1 1 1 0 0
1 1 1 0 0 1 1 1 0 0
0 0 1 1 1 1 1 1 1 1
Maze 133
75 3 3.0000000000 1.9734051734 35 0.372459201204804
63 82 79 80 75 71 14 13 2 58 28 17 23 57 3 63
62 72 400 400 400 11 400 12 52 400 27 13 53 53 400
402 402 400 400 400 402 400 401 401 400 401 402 401 401 400
0 1 1 0 0 0 0 0 0 0
1 1 1 1 1 1 1 0 0 0
1 1 1 0 0 0 1 1 0 0
1 1 1 0 0 0 0 1 0 0
1 1 1 0 0 0 0 1 0 0
1 1 1 1 1 1 1 1 0 0
1 1 2 0 0 0 0 0 0 0
1 1 1 1 1 1 1 1 1 1
0 1 0 0 0 0 0 0 0 0
0 0 0 0 0 0 0 0 0 0
Maze 134
91 29 3.4347826087 2.0565098260 50 0.394814271188520
33 18 47 39 4 16 24 53 67 13 80 26 72 4 35 33
13 17 37 34 14 14 23 63 63 73 76 22 2 34 400
402 402 402 401 401 402 402 401 401 401 401 402 402 401 400
0 1 1 1 0 0 0 0 0 0
0 1 1 1 1 1 1 1 0 0
0 1 1 1 1 1 1 0 0 0
0 1 2 1 1 1 1 1 1 0
0 1 1 0 0 1 1 0 0 0
0 1 1 0 0 1 0 0 0 0
0 1 1 1 1 1 1 0 0 0
0 1 1 1 1 1 1 1 1 1
0 0 0 0 0 0 0 0 0 0
0 0 0 0 0 0 0 0 0 0
Maze 135
91 48 2.6896551724 2.1903968493 39 0.368143657996339
94 2 26 98 91 62 25 10 2 15 21 56 49 99 100 94
92 22 96 400 61 22 5 400 12 11 51 46 400 400 400
401 401 401 400 402 402 402 400 401 402 401 402 400 400 400
0 1 1 1 1 1 1 1 1 1
1 1 1 1 1 0 0 0 0 0
1 1 1 1 1 1 0 0 0 0
1 1 0 0 0 1 0 0 0 0
1 1 0 0 0 1 1 1 1 0
1 1 1 1 1 1 0 0 1 0
1 1 0 0 0 1 0 0 1 0
1 1 0 0 0 1 0 0 1 0
1 1 0 0 0 1 0 0 1 0
1 1 1 2 1 1 1 1 1 1
Maze 136
91 282 3.2307692308 2.2034033850 40 0.393609320842372
73 38 17 73 99 85 4 45 68 47 73 60 90 98 59 73
33 37 13 93 95 84 44 65 67 43 53 400 88 58 53
402 401 402 401 401 401 401 401 401 402 402 400 402 402 402
0 0 0 1 0 0 0 0 0 0
0 0 1 1 1 1 1 0 0 0
0 0 1 1 0 0 1 0 0 0
0 0 1 1 1 1 1 1 0 0
0 0 1 1 1 1 1 0 0 0
0 0 1 1 1 1 1 1 1 1
0 0 1 1 1 1 1 1 0 1
0 0 2 1 0 0 0 1 0 1
0 0 1 1 1 0 0 1 1 1
0 0 1 1 1 1 1 1 1 0
Maze 137
105 101 3.0909090909 2.0722518016 70 0.387998961890868
36 97 94 51 89 55 61 84 29 63 87 85 6 9 84 36
96 400 91 81 85 51 81 24 23 83 400 5 400 4 34
401 400 401 401 401 402 401 402 402 401 400 402 400 402 402
0 0 0 1 1 1 1 1 1 0
0 0 0 1 1 0 0 0 0 0
0 0 1 1 1 1 1 1 1 0
0 0 1 1 1 2 0 0 0 0
0 0 1 1 1 1 0 0 0 0
1 1 1 1 1 1 0 0 0 0
1 0 1 1 1 1 0 0 0 0
1 0 1 1 1 1 0 0 0 0
1 1 1 1 1 1 1 1 1 0
1 1 1 1 1 1 1 0 0 0
Maze 138
119 183 3.3548387097 2.1157777844 124 0.399206263134861
29 67 84 85 12 55 27 81 29 98 12 80 56 26 87 29
27 64 400 82 52 25 21 21 28 92 72 76 400 86 27
402 402 400 401 401 402 402 402 402 401 401 401 400 401 402
0 0 0 0 0 0 0 0 0 0
0 1 0 0 0 0 0 0 0 0
1 1 1 1 1 1 1 1 2 0
1 1 0 0 1 1 1 1 0 0
1 1 0 0 1 1 1 1 0 0
1 1 1 1 1 1 1 1 0 0
1 1 0 1 1 1 1 1 0 0
1 1 1 1 1 1 1 1 1 1
1 1 1 1 1 1 1 1 0 0
0 1 1 1 1 1 1 1 0 0
Maze 139
91 54 3.0000000000 1.9872811796 45 0.396513113166782
35 61 57 66 94 81 16 93 93 61 34 100 59 23 3 35
31 51 56 64 91 11 13 400 91 31 94 99 53 400 33
402 402 402 402 401 402 402 400 401 402 401 401 401 400 401
0 0 1 0 0 0 0 0 0 0
1 1 1 1 1 1 0 0 0 0
1 0 1 0 0 0 0 0 0 0
1 1 1 1 2 0 0 0 0 0
1 0 1 1 0 0 0 0 0 0
1 1 1 1 1 1 1 1 1 0
1 0 1 1 1 1 0 0 1 0
1 0 1 1 0 0 0 0 1 0
1 0 1 1 0 0 0 0 1 0
1 1 1 1 1 1 1 1 1 1
Maze 140
115 598 3.3000000000 2.1388803640 132 0.360832557863462
86 31 65 72 98 60 25 89 10 75 25 39 71 96 53 86
81 61 62 92 58 55 85 9 5 400 35 31 91 93 83
401 401 402 401 402 401 401 402 402 400 401 402 401 401 401
0 0 0 0 1 1 1 1 1 1
0 0 0 0 1 0 0 0 1 0
0 0 0 0 1 0 0 0 1 0
1 1 1 1 1 1 1 1 1 0
1 0 0 0 1 0 0 0 1 0
1 0 1 0 1 1 1 1 1 1
1 1 1 1 1 0 0 1 1 0
1 1 1 0 1 0 0 1 1 0
1 1 1 1 1 2 1 1 1 0
1 1 1 1 1 1 1 1 0 0
Maze 141
93 64 2.7619047619 2.3333022836 28 0.391839903463265
65 91 45 22 35 31 10 90 83 32 25 24 93 57 89 65
61 41 42 32 400 1 400 400 82 22 400 23 53 87 85
402 402 401 401 400 402 400 400 401 402 400 402 402 401 401
1 1 1 1 1 1 1 1 1 1
1 0 0 0 0 0 0 0 0 1
1 1 1 1 1 0 0 0 0 1
1 1 1 1 1 0 0 0 0 1
1 1 1 1 1 0 0 0 0 1
1 1 1 1 1 1 1 0 0 1
1 1 1 1 2 0 1 0 0 1
1 1 1 0 1 0 1 0 0 1
1 1 1 1 1 1 1 1 1 1
1 0 1 0 0 0 0 0 0 0
Maze 142
99 8 2.9333333333 2.1035508285 70 0.381051658595706
57 45 73 32 29 93 44 78 70 14 15 61 89 33 27 57
55 43 72 22 23 43 74 68 64 400 11 81 83 23 400
401 402 401 402 402 402 401 402 401 400 402 401 401 402 400
0 0 0 0 0 0 0 0 0 0
1 1 1 1 1 0 0 0 0 0
1 1 1 1 1 1 1 1 1 0
1 1 1 1 0 0 1 0 0 0
1 1 1 1 1 0 1 0 0 0
1 1 1 1 1 1 2 0 0 0
1 1 1 1 1 1 1 1 1 1
1 1 1 1 1 1 1 1 0 0
1 1 1 1 1 1 1 1 1 0
0 0 1 0 0 0 0 0 0 0
Maze 143
93 13 3.2000000000 1.9915923522 50 0.384511240298539
12 74 90 98 85 53 33 66 4 40 32 74 59 4 18 12
72 84 88 95 83 400 63 64 34 400 72 54 54 14 400
401 401 402 401 401 400 401 401 401 400 401 402 401 401 400
0 0 0 1 0 0 0 0 0 0
0 2 1 1 1 1 1 1 0 0
0 1 0 1 0 0 0 0 0 0
0 1 1 1 1 1 1 1 1 1
0 1 1 1 0 0 0 0 0 0
0 1 1 1 1 1 1 1 1 0
0 1 1 1 1 1 0 0 0 0
0 1 1 1 0 0 0 0 0 0
0 0 1 1 1 1 1 1 1 1
0 0 0 0 1 1 1 1 0 0
Maze 144
95 32 3.2452830189 2.1803772006 60 0.399625526115742
83 28 1 91 57 31 73 87 8 69 30 40 69 60 60 83
23 21 400 51 51 71 83 7 68 29 400 39 59 400 53
402 401 400 402 401 401 401 402 401 402 400 402 402 400 402
1 0 0 0 0 0 1 1 0 0
1 0 0 0 0 0 1 1 0 0
1 1 1 1 1 1 1 1 1 1
1 0 1 0 0 0 1 1 1 1
1 0 1 0 0 0 1 1 1 0
1 1 1 1 1 1 1 1 1 1
1 0 1 0 0 0 1 1 1 0
1 1 1 0 0 0 1 0 0 0
1 0 2 1 1 1 1 0 0 0
1 0 0 0 0 0 0 0 0 0
Maze 145
89 53 2.6415094340 1.9501561501 45 0.386743433916022
38 26 62 77 59 89 61 33 12 88 35 72 86 28 50 38
36 22 72 57 400 81 31 32 82 85 32 82 26 48 48
401 402 401 402 400 401 402 401 401 401 402 401 402 401 401
0 0 0 0 0 0 0 0 0 0
0 1 0 0 0 0 0 0 0 0
0 1 1 1 1 1 1 1 0 0
1 1 1 1 1 1 1 2 0 0
1 1 0 0 1 1 0 1 1 1
1 1 0 0 1 1 1 1 1 0
1 1 0 0 1 1 1 0 1 0
1 1 1 1 1 1 1 0 1 0
1 1 1 1 1 1 1 1 1 0
0 0 0 0 0 0 0 0 0 0
Maze 146
105 214 3.3962264151 2.0732409278 99 0.384871298983675
53 47 94 36 85 10 40 45 24 63 31 29 61 8 37 53
43 44 34 35 5 400 35 44 23 61 21 21 1 7 33
402 402 402 402 402 400 402 401 402 401 402 402 402 402 402
1 1 1 1 1 1 1 1 1 1
1 0 0 0 1 0 1 0 0 1
1 1 1 1 1 1 1 1 1 1
1 0 1 1 1 1 1 1 1 1
1 0 1 1 1 1 1 0 0 0
1 0 2 1 1 0 0 0 0 0
1 1 1 1 1 0 0 0 0 0
0 0 0 1 1 0 0 0 0 0
0 0 0 1 1 0 0 0 0 0
0 0 0 1 0 0 0 0 0 0
Maze 147
111 59 3.4909090909 2.0180385297 104 0.392441961403939
6 98 41 98 88 37 99 27 74 60 37 3 38 42 17 6
96 91 91 400 87 97 97 24 54 57 33 33 32 12 16
401 401 401 400 401 401 401 402 402 401 401 401 402 402 401
0 0 1 0 0 2 0 0 0 0
0 1 1 1 1 1 1 0 0 0
0 1 1 1 1 1 1 0 0 0
0 1 1 1 1 1 1 1 0 0
1 1 0 1 0 1 1 0 0 0
1 0 0 1 1 1 1 1 1 1
1 0 0 1 0 1 1 0 0 0
1 0 0 1 0 1 1 0 0 0
1 0 0 0 0 1 1 1 0 0
1 1 1 1 1 1 1 1 1 0
Maze 148
77 58 2.8163265306 2.1107562686 30 0.353585168623118
71 73 46 74 63 83 90 18 9 54 71 58 30 53 53 71
400 43 44 73 400 400 88 8 4 51 51 28 23 400 51
400 402 402 401 400 400 401 402 402 402 402 402 402 400 402
0 0 0 1 1 1 1 1 1 0
0 0 0 1 0 0 0 1 0 0
0 0 1 1 1 1 1 1 1 1
0 0 1 1 0 0 0 1 0 0
0 0 1 1 1 1 0 1 0 0
1 1 1 1 1 1 1 1 0 0
1 0 1 1 0 0 0 1 0 0
2 1 1 1 0 0 0 1 0 0
0 0 1 1 1 1 1 1 1 1
0 0 0 0 0 0 0 0 0 0
Maze 149
125 2140 3.5000000000 2.1852655022 171 0.389185924502720
81 59 26 64 27 8 92 41 95 19 73 10 24 43 2 81
51 56 24 24 7 2 91 91 15 13 3 4 23 42 1
402 401 402 402 402 402 401 401 402 402 402 402 402 401 402
1 1 1 1 1 1 1 1 1 1
1 1 1 1 1 1 1 1 1 0
1 1 1 1 1 1 1 0 0 0
1 1 1 1 1 1 0 0 0 0
1 1 1 1 1 1 0 0 0 0
1 1 1 1 1 1 1 1 1 0
1 1 1 1 1 0 0 0 0 0
1 1 1 0 1 0 0 0 0 0
2 1 0 0 1 0 0 0 0 0
1 1 1 1 1 0 0 0 0 0
Maze 150
85 4 2.9230769231 2.1818293277 50 0.336491826641151
83 99 47 18 87 58 50 26 65 7 41 92 53 21 81 83
93 97 17 17 57 48 46 25 5 1 91 52 51 400 400
401 401 402 402 402 402 401 402 402 402 401 402 401 400 400
1 1 1 1 1 1 1 0 0 0
1 0 0 0 1 0 1 1 0 0
1 0 0 0 1 1 1 0 0 0
1 0 0 0 1 1 1 0 0 0
1 0 0 0 1 1 1 1 1 1
1 1 1 0 1 0 1 1 0 0
1 1 0 0 1 0 1 0 0 0
1 1 0 0 0 0 1 0 0 0
1 1 2 0 0 0 1 0 0 0
1 1 1 1 1 1 1 1 1 0
Maze 151
105 32 3.3571428571 2.1220051839 75 0.394657359302405
59 53 20 91 86 95 66 97 75 78 60 21 2 49 13 59
400 13 11 81 85 65 96 95 400 58 51 1 42 43 53
400 402 402 402 402 402 401 401 400 402 401 402 401 401 401
1 1 0 0 0 0 0 0 0 0
1 1 1 1 1 1 1 1 1 1
1 1 1 0 0 0 0 0 0 0
1 1 1 0 0 0 0 0 0 0
1 1 1 1 1 1 1 1 1 0
1 1 1 1 1 1 1 1 2 1
1 0 0 0 1 1 0 1 0 0
1 0 0 0 1 1 1 1 0 0
1 1 1 1 1 1 0 0 0 0
1 0 0 0 1 1 1 0 0 0
Maze 152
111 13 3.2452830189 1.9769562613 99 0.377311305907032
82 95 10 49 32 94 92 24 50 2 73 63 11 69 45 82
92 5 9 42 92 400 22 44 42 72 400 61 61 65 42
401 402 402 401 401 400 402 401 401 401 400 401 401 401 402
0 1 0 0 1 1 1 1 1 1
1 1 0 0 1 0 0 0 1 0
1 1 1 1 1 0 0 0 1 0
1 1 0 1 1 0 0 0 1 0
1 1 1 1 1 1 1 1 1 1
1 1 0 0 1 0 0 0 0 0
1 1 1 1 1 1 1 1 1 0
0 1 1 0 1 0 0 0 0 0
0 2 0 0 1 0 0 0 0 0
0 1 1 1 1 0 0 0 0 0
Maze 153
113 67 3.4583333333 1.7791369731 70 0.387200392233062
20 32 80 48 83 54 76 73 80 81 74 18 83 21 52 20
12 72 78 43 53 74 400 400 71 71 14 13 81 51 12
402 401 401 402 402 401 400 400 402 402 402 402 401 401 402
0 0 0 0 0 0 0 0 0 0
0 1 1 1 1 1 1 1 1 2
1 1 1 1 0 0 0 0 0 0
1 1 1 1 0 0 0 0 0 0
1 1 1 1 1 1 1 1 0 0
1 1 1 1 0 0 0 1 0 0
1 1 1 1 0 0 0 1 0 0
1 1 1 1 1 1 1 1 1 1
1 1 1 0 0 0 0 0 0 0
0 0 0 0 0 0 0 0 0 0
Maze 154
109 62 3.9183673469 2.0281993247 64 0.383160189219194
6 47 30 76 9 72 83 72 13 64 98 3 78 2 4 6
46 27 26 6 2 82 82 12 63 94 93 73 72 400 400
401 402 402 402 402 401 401 402 401 401 401 401 401 400 400
0 1 1 1 1 2 1 1 1 0
0 1 1 0 0 1 0 0 0 0
0 1 1 0 0 1 1 1 1 1
0 1 1 0 0 1 1 0 0 0
0 1 1 0 0 1 1 0 0 0
0 1 1 0 0 1 0 0 0 0
0 1 1 1 0 1 0 0 0 0
0 1 1 1 1 1 1 1 0 0
0 1 1 1 0 0 0 0 0 0
0 0 1 1 1 1 1 1 0 0
Maze 155
73 148 3.2727272727 2.1023985099 16 0.355191687023752
78 16 60 76 85 54 38 27 34 7 25 45 61 78 47 78
76 56 56 75 84 34 37 24 4 5 400 41 71 77 77
401 401 402 402 401 402 401 402 402 402 400 402 401 401 401
0 0 0 1 1 1 1 0 0 0
0 0 0 1 1 1 0 0 0 0
0 0 0 1 1 1 1 0 0 0
0 0 0 1 1 1 1 1 0 0
1 1 1 1 1 1 1 0 0 0
1 0 0 1 0 1 1 1 1 1
1 0 0 1 0 1 1 0 0 0
1 1 1 1 1 1 1 2 0 0
0 0 0 1 1 0 0 0 0 0
0 0 0 0 0 0 0 0 0 0
Maze 156
93 54 2.4745762712 1.9918211816 56 0.390589765495336
86 3 31 47 78 49 97 93 9 85 13 23 27 39 56 86
83 1 41 77 48 47 400 3 5 83 400 400 37 36 400
401 402 401 401 402 402 400 402 402 401 400 400 401 402 400
1 1 1 1 1 1 1 1 1 0
1 0 1 0 1 0 0 0 0 0
1 0 1 1 1 1 1 0 0 0
1 0 1 0 1 1 1 1 1 0
1 1 1 1 1 1 1 1 1 0
0 0 1 0 1 1 1 1 0 0
0 0 1 0 1 1 1 1 0 0
0 0 1 0 1 1 1 1 0 0
0 0 1 1 1 2 1 0 0 0
0 0 1 1 1 1 1 0 0 0
Maze 157
125 128 3.6603773585 1.9362941493 132 0.384395007886125
71 54 21 55 11 79 14 90 15 8 92 81 74 88 12 71
51 51 51 51 71 74 84 85 5 2 91 71 84 82 11
402 401 401 401 401 401 401 401 402 402 401 402 401 401 402
0 1 1 1 1 1 1 1 0 0
1 1 0 1 1 0 0 0 0 0
1 1 0 1 1 0 0 0 0 0
1 1 0 1 1 0 0 0 0 0
1 1 0 1 1 0 0 0 0 0
1 1 1 1 1 0 0 0 0 0
1 1 0 1 1 0 0 0 0 0
2 1 1 1 1 1 1 1 1 0
1 1 1 1 1 1 1 1 1 1
1 1 0 0 0 0 0 0 0 0
Maze 158
85 208 3.3181818182 1.9563067258 40 0.384685657349010
36 63 57 88 55 63 45 27 89 4 97 76 46 61 45 36
33 53 87 85 53 43 25 87 84 94 96 400 41 41 35
402 402 401 401 402 402 402 401 401 401 401 400 402 402 402
0 0 0 1 0 0 0 0 0 0
0 0 0 1 0 0 0 0 0 0
0 0 0 1 1 1 1 0 0 0
0 0 1 1 1 2 1 0 0 0
1 1 1 1 1 1 1 0 0 0
1 0 1 1 1 1 1 0 0 0
1 0 1 1 1 1 1 0 0 0
0 0 0 1 1 1 1 0 0 0
0 0 0 1 1 1 1 1 1 0
0 0 0 1 1 1 1 0 0 0
Maze 159
91 278 3.9459459459 1.8214801316 32 0.377251189019844
53 24 69 17 19 76 14 37 29 38 73 35 29 23 69 53
23 64 67 400 16 74 34 27 28 33 33 25 400 63 63
402 401 401 400 402 401 401 402 402 402 402 402 400 401 401
0 0 0 0 0 0 0 0 0 0
0 0 0 1 0 1 1 1 1 0
0 0 1 1 1 1 1 1 1 0
0 0 1 1 1 1 1 1 0 0
0 0 1 1 0 1 1 0 0 0
0 0 2 1 0 1 1 0 0 0
0 0 1 1 1 1 1 1 1 0
0 0 1 1 1 1 0 0 0 0
0 0 0 0 0 0 0 0 0 0
0 0 0 0 0 0 0 0 0 0
Maze 160
107 246 3.0877192982 2.1178867188 81 0.381458606579199
1 82 65 33 86 28 2 49 59 35 27 81 31 63 20 1
81 62 63 83 26 22 42 400 55 25 21 400 61 13 11
401 402 401 401 402 401 401 400 401 402 402 400 401 402 401
2 1 0 0 0 0 0 0 0 0
1 1 1 1 1 1 1 1 1 1
1 1 1 1 1 1 1 1 0 0
1 1 1 0 1 1 0 0 0 0
1 1 1 1 1 1 1 1 1 0
1 0 1 0 1 1 1 1 1 0
1 1 1 1 1 1 0 0 0 0
1 1 1 0 0 1 0 0 0 0
1 1 1 1 1 1 0 0 0 0
0 0 0 0 0 0 0 0 0 0
Maze 161
87 133 2.9629629630 2.2187500000 36 0.401019275161376
11 93 56 32 34 70 17 37 67 52 49 9 89 68 13 11
91 53 52 400 64 67 400 400 62 42 400 400 88 63 400
401 402 401 400 401 401 400 400 401 402 400 400 401 401 400
0 0 0 0 0 0 0 0 1 0
2 1 1 0 0 0 1 0 1 0
1 0 1 0 0 0 1 0 1 0
1 1 1 1 0 0 1 0 1 0
1 1 1 1 1 1 1 1 1 0
1 1 1 1 1 1 1 0 1 0
1 1 1 1 1 1 1 1 1 1
1 0 1 0 0 0 0 1 1 0
1 0 1 0 0 0 0 1 1 0
1 1 1 0 0 0 0 0 0 0
Maze 162
97 1402 3.2758620690 2.3003784360 71 0.380922932267441
16 17 68 69 30 1 50 15 94 11 18 45 86 64 38 16
400 67 400 29 21 41 45 14 91 400 15 85 84 34 36
400 401 400 402 401 401 401 402 401 400 402 401 401 402 401
1 0 0 0 0 0 0 0 0 0
1 1 1 1 1 2 1 1 0 0
1 1 1 1 1 1 1 1 1 1
1 0 0 1 1 1 1 1 1 0
1 1 1 1 1 1 1 1 1 1
1 0 0 1 1 0 1 0 1 0
1 0 0 1 1 0 1 1 1 0
1 0 0 1 1 0 0 0 0 0
1 0 0 1 1 1 0 0 0 0
1 1 1 1 0 0 0 0 0 0
Maze 163
97 327 3.0188679245 2.0383100066 56 0.403832158882758
16 39 45 66 17 67 11 15 99 74 70 100 47 26 61 16
36 35 65 16 400 61 400 95 94 64 400 97 46 21 11
401 402 401 402 400 401 400 401 401 402 400 401 401 402 402
0 0 0 0 0 0 0 0 0 0
1 1 1 1 1 2 1 0 0 0
1 1 1 1 1 1 1 0 0 0
1 0 0 0 1 1 1 1 1 0
1 0 0 0 1 1 1 0 0 0
1 0 0 0 1 1 1 0 0 0
1 1 1 1 1 1 1 1 1 1
0 0 0 1 1 0 1 0 0 1
0 0 0 1 1 0 1 0 0 1
0 0 0 1 1 1 1 1 1 1
Maze 164
103 116 3.1929824561 2.0923689741 58 0.396211925121860
90 22 18 65 39 74 82 100 25 55 63 12 36 49 96 90
82 12 15 35 34 72 92 95 400 53 62 32 46 46 86
401 402 402 402 402 402 401 401 400 402 401 401 401 402 402
0 0 0 0 0 0 0 0 0 0
0 1 1 1 1 1 1 1 0 0
0 1 0 0 1 0 0 0 0 0
0 1 1 1 1 1 1 1 1 0
0 1 0 1 1 1 1 1 1 0
0 1 1 1 1 1 0 0 0 0
0 1 1 1 1 1 0 0 0 0
0 1 1 1 1 1 0 0 0 0
0 1 1 1 1 1 1 1 1 2
0 1 1 1 1 1 1 1 1 1
Maze 165
101 69 3.1636363636 2.0846340683 84 0.387807630580928
52 58 30 76 27 50 71 52 20 29 58 98 2 49 42 52
400 28 26 26 47 41 51 12 19 28 400 92 42 400 400
400 402 402 402 401 402 402 402 402 402 400 401 401 400 400
0 1 0 0 0 0 0 0 0 0
0 1 1 1 1 1 1 1 1 1
0 1 0 0 0 1 1 1 1 1
0 1 0 0 0 1 1 1 0 0
1 1 1 1 1 1 1 1 1 1
1 2 1 1 1 1 1 1 0 0
1 1 0 0 0 1 0 1 0 0
1 1 0 0 0 1 0 1 0 0
0 1 0 0 0 0 0 1 0 0
0 1 1 1 1 1 1 1 0 0
Maze 166
97 3241 3.4716981132 2.1475332332 42 0.396570763608208
9 86 93 54 92 85 97 26 45 14 98 92 80 66 52 9
6 83 53 52 82 95 96 25 44 94 400 72 76 62 2
402 402 402 402 402 401 401 402 401 401 400 402 401 401 402
0 1 1 1 1 1 1 1 2 0
0 1 0 1 0 1 0 0 0 0
0 1 0 1 1 1 0 0 0 0
0 1 0 1 1 1 0 0 0 0
0 1 0 1 1 1 0 0 0 0
0 1 1 1 0 1 0 0 0 0
0 1 1 1 1 1 0 0 0 0
0 1 1 1 1 1 1 1 1 1
0 1 1 1 1 1 0 0 0 0
0 1 1 1 1 1 1 1 0 0
Maze 167
101 3762 3.1428571429 2.3362168682 71 0.385740838401765
69 87 3 21 48 100 76 27 17 79 41 13 29 4 87 69
67 83 1 41 98 96 26 400 77 71 11 23 24 84 67
402 401 402 401 401 401 402 400 401 401 402 401 401 401 402
1 1 1 1 0 0 0 0 0 0
1 1 1 1 0 0 1 0 0 0
1 0 1 1 1 1 1 1 1 0
1 0 1 1 0 1 1 0 0 0
1 1 1 1 1 1 1 1 0 0
1 0 1 1 0 1 1 1 0 0
1 0 1 1 0 1 1 1 2 0
1 1 1 1 1 1 1 1 1 0
0 0 1 1 1 1 1 1 0 0
0 0 0 0 0 1 1 1 1 1
Maze 168
97 19 2.9824561404 2.1639973307 49 0.385939004606632
53 30 89 89 37 22 64 92 34 22 71 22 61 20 74 53
23 29 400 87 32 62 62 32 32 21 21 21 11 14 73
402 402 400 401 401 401 402 402 401 402 402 402 402 402 401
0 0 0 0 0 0 0 0 0 0
1 1 1 1 1 1 1 1 1 1
1 1 1 1 1 1 1 1 1 1
1 1 1 1 1 1 1 0 1 0
1 1 1 1 0 0 1 0 1 0
1 1 2 1 0 0 1 0 1 0
1 1 1 1 0 0 1 0 1 0
1 1 1 1 0 0 1 0 1 0
0 1 0 0 0 0 1 1 1 0
0 1 0 0 0 0 0 0 0 0
Maze 169
95 13 3.0508474576 2.2983870875 84 0.380935942003231
41 95 61 85 77 19 59 48 54 6 94 64 66 3 20 41
91 91 81 75 17 400 58 44 4 4 400 400 63 13 11
401 401 401 402 402 400 401 402 402 402 400 400 401 401 402
0 0 1 1 1 1 0 0 0 0
1 1 1 1 1 1 1 1 1 1
1 0 1 1 0 0 1 0 1 0
1 0 1 1 0 0 1 0 1 0
2 0 1 1 1 1 1 1 1 0
1 0 1 1 0 0 1 1 1 0
1 0 1 1 1 1 1 0 0 0
1 0 0 1 1 1 1 0 0 0
1 1 1 1 1 0 0 0 0 0
1 1 1 1 1 0 0 0 0 0
Maze 170
83 71 3.0434782609 1.9690665352 26 0.390896408246473
39 52 42 41 50 23 29 99 56 64 49 50 47 24 80 39
32 400 400 400 43 400 400 96 54 44 400 400 44 74 79
402 400 400 400 401 400 400 401 402 402 400 400 401 401 401
0 0 0 0 0 0 0 0 0 0
0 0 0 0 0 0 0 0 0 0
0 0 1 1 1 1 1 1 1 0
0 1 1 1 1 1 1 1 2 0
1 1 1 1 1 1 1 1 1 1
0 1 0 1 1 1 0 0 1 0
0 0 0 1 0 1 0 0 1 0
0 0 0 1 1 1 1 1 1 1
0 0 0 0 0 1 0 0 1 0
0 0 0 0 0 1 1 1 1 0
Maze 171
119 155 3.0140845070 2.2403003746 124 0.378775566456036
30 61 90 17 76 28 23 100 25 10 21 24 32 2 45 30
21 81 87 16 26 400 93 95 5 1 400 22 400 42 25
402 401 401 402 402 400 401 401 402 402 400 402 400 401 402
1 1 1 1 1 1 1 1 1 1
1 1 0 0 1 1 1 0 0 0
1 1 1 1 1 1 1 1 1 2
1 1 1 0 1 1 1 0 0 0
1 1 1 1 1 1 1 0 0 0
1 0 1 0 1 1 1 0 0 0
1 0 1 0 1 1 1 0 0 0
1 0 1 0 1 1 1 0 0 0
1 1 1 1 1 1 1 1 1 1
0 0 1 1 1 1 1 1 1 1
Maze 172
87 3 3.1250000000 2.0247688549 39 0.383466160764108
62 52 13 14 22 20 82 24 1 21 8 60 46 84 78 62
400 12 400 12 12 12 22 21 400 1 58 56 44 74 72
400 402 400 402 402 402 402 401 400 402 401 401 402 402 401
1 1 1 1 1 1 1 1 0 0
1 1 1 1 1 1 1 1 1 1
1 1 1 1 0 0 0 1 0 0
0 1 0 0 0 0 0 1 0 0
0 1 0 1 1 1 0 1 0 0
0 1 0 1 0 1 1 1 1 1
0 2 0 1 0 0 0 0 0 0
0 1 1 1 1 1 1 1 0 0
0 1 0 1 0 0 0 0 0 0
0 0 0 0 0 0 0 0 0 0
Maze 173
99 618 3.4716981132 2.1876928616 71 0.385939636744375
88 19 3 13 68 74 53 79 55 96 59 78 41 96 34 88
18 13 400 63 64 73 73 75 95 56 58 71 91 94 84
402 401 400 401 402 401 401 401 401 402 402 401 401 401 401
0 0 1 0 0 0 0 0 0 0
0 0 1 1 1 1 1 1 1 0
0 0 1 0 0 0 0 1 0 0
0 0 1 1 0 0 0 1 0 0
1 0 1 1 0 0 0 1 0 0
1 0 1 1 1 1 1 1 1 0
1 0 1 1 1 1 1 1 0 0
1 1 1 1 1 1 1 1 1 0
1 0 0 1 1 1 1 2 0 0
1 1 1 1 1 1 0 0 0 0
Maze 174
99 2621 2.8955223881 2.4412162115 64 0.374370352707070
99 92 30 70 34 19 7 88 16 42 83 94 33 15 87 99
400 22 400 64 14 17 87 86 12 82 93 93 13 85 97
400 402 400 401 402 401 401 401 402 401 401 401 402 401 401
0 0 0 0 0 0 1 0 0 0
0 1 1 1 1 1 1 1 1 0
0 1 1 1 1 1 1 1 1 1
0 1 1 1 1 1 1 0 0 1
0 1 1 1 1 1 1 0 0 1
0 1 1 1 1 1 1 0 0 1
0 1 1 1 1 1 1 1 1 1
0 1 1 0 1 1 1 0 0 0
0 1 1 0 1 1 1 1 0 0
0 1 1 1 1 1 1 1 2 0
Maze 175
121 116 3.2352941176 2.1665498377 120 0.375357902978220
94 13 75 40 79 48 92 24 30 84 20 1 84 47 54 94
93 73 35 39 78 42 22 400 24 14 11 81 44 44 400
401 401 402 402 401 402 402 400 402 402 401 401 402 402 400
1 0 0 0 0 0 0 0 0 0
1 1 1 1 1 1 1 1 1 1
1 1 1 1 1 1 1 1 1 1
1 1 1 1 1 1 1 1 1 1
1 1 1 1 1 1 1 1 1 0
1 1 1 1 1 0 0 1 1 0
1 1 1 1 1 0 0 1 1 0
1 1 1 1 1 0 0 1 1 0
1 1 1 1 0 0 0 0 0 0
0 1 1 2 0 0 0 0 0 0
Maze 176
101 285 3.7254901961 2.1196431912 84 0.411447587744008
12 38 74 1 49 42 60 97 47 56 88 6 36 77 52 12
32 34 71 41 400 52 57 400 46 86 86 400 76 72 400
401 402 401 401 400 401 402 400 402 401 401 400 401 401 400
1 0 0 0 0 1 0 0 0 0
1 2 0 0 0 1 0 0 0 0
1 1 0 0 0 1 0 0 0 0
1 1 1 1 1 1 1 1 0 0
1 1 1 1 1 1 1 1 1 0
1 1 1 1 1 1 1 1 1 1
1 1 0 1 0 1 1 0 0 0
1 1 1 1 1 1 1 0 0 0
0 0 0 0 0 1 1 1 0 0
0 0 0 0 0 0 1 0 0 0
Maze 177
119 1476 3.2923076923 2.2066595582 109 0.389262600566625
92 29 16 66 54 8 59 33 71 62 98 87 29 91 18 92
22 26 400 64 4 58 53 31 61 92 97 27 21 11 12
402 401 400 401 402 401 401 402 402 401 401 402 402 402 402
0 0 0 1 1 1 1 1 0 0
1 1 1 1 1 1 1 1 0 0
1 1 1 1 1 1 1 1 1 0
1 1 1 1 0 1 1 1 0 0
1 1 1 1 0 1 1 1 0 0
1 1 1 1 1 1 1 1 1 0
1 1 0 1 1 1 1 0 0 0
1 1 0 0 0 0 1 0 0 0
1 1 0 0 0 0 1 0 0 0
1 2 1 1 1 1 1 1 0 0
Maze 178
81 276 3.3617021277 2.1968652086 35 0.391055270263832
22 16 1 45 88 76 73 26 11 2 55 19 19 77 57 22
12 11 41 85 86 400 23 21 1 52 15 400 17 400 52
402 401 401 401 401 400 402 401 402 401 402 400 402 400 401
1 1 0 0 0 0 0 0 0 0
1 1 1 1 1 1 1 1 1 0
1 2 1 1 1 1 1 0 0 0
1 1 1 0 1 0 1 0 0 0
1 1 1 1 1 0 1 0 0 0
0 1 1 1 1 1 1 0 0 0
0 0 1 0 1 0 1 0 0 0
0 0 1 1 1 1 1 0 0 0
0 0 0 0 1 1 1 1 0 0
0 0 0 0 0 0 0 0 0 0
Maze 179
89 17 3.0000000000 2.0640750970 41 0.360602352036960
86 92 59 48 2 93 57 68 58 58 30 23 5 10 72 86
82 52 58 42 92 53 67 400 400 28 400 3 400 2 82
402 402 401 401 401 402 401 400 400 402 400 402 400 402 401
0 1 1 1 1 1 1 1 1 1
0 1 1 0 0 0 0 0 0 0
0 1 1 1 1 1 1 1 1 1
0 1 0 0 0 0 0 1 0 0
0 1 1 1 1 1 1 1 0 0
0 1 1 1 1 1 1 1 1 0
0 1 1 0 0 0 1 1 0 0
0 1 1 0 0 0 0 0 0 0
0 1 1 1 1 2 0 0 0 0
0 1 1 0 0 0 0 0 0 0
Maze 180
103 46 3.0000000000 1.9861759871 84 0.402697645217820
61 59 62 58 86 72 17 100 64 12 53 58 7 29 38 61
51 52 52 56 82 12 97 94 62 52 400 57 27 28 31
402 402 402 402 401 402 401 401 401 401 400 401 401 402 402
0 0 0 0 0 0 1 0 0 0
0 1 1 1 1 1 1 0 0 0
0 1 0 0 0 0 1 1 1 0
1 1 1 1 1 1 1 1 0 0
1 1 0 0 0 0 1 0 0 0
1 1 1 1 1 1 1 1 1 0
2 1 1 1 0 1 1 0 0 0
0 1 0 1 0 1 1 0 0 0
0 1 1 1 1 1 1 0 0 0
0 0 0 1 1 1 1 1 1 1
Maze 181
99 291 2.8275862069 1.9968940619 64 0.379791288595362
31 17 64 55 23 63 47 9 13 87 94 32 13 88 29 31
11 14 54 53 400 43 7 3 83 84 92 12 83 28 21
402 402 402 401 400 402 402 402 401 402 401 402 401 402 402
0 0 1 1 1 1 1 1 1 0
1 1 1 1 1 1 1 0 0 0
1 1 1 1 1 1 1 1 1 0
2 1 1 1 0 0 1 1 0 0
0 1 1 1 1 1 1 1 0 0
0 1 1 1 1 0 0 1 0 0
0 1 1 1 0 0 0 1 0 0
0 1 1 0 0 0 0 1 0 0
0 1 1 1 1 1 1 1 0 0
0 1 1 1 0 0 0 0 0 0
Maze 182
103 71 3.1290322581 2.2187711799 62 0.386378095641894
10 58 13 70 27 79 21 1 93 52 58 45 28 36 69 10
8 53 63 67 77 71 400 91 92 400 55 25 26 66 9
402 401 401 401 401 401 400 401 401 400 401 402 402 401 402
1 0 0 0 0 0 0 1 1 2
1 0 1 0 0 0 0 1 1 0
1 0 1 0 1 1 1 1 1 0
1 0 1 0 1 1 1 1 1 0
1 0 1 0 1 1 1 1 1 0
1 1 1 1 1 1 1 1 1 0
1 1 1 1 1 1 1 1 1 1
1 1 1 1 1 1 1 1 1 0
1 1 0 0 0 0 0 0 0 0
1 1 1 0 0 0 0 0 0 0
Maze 183
121 93 3.4285714286 2.0582747065 156 0.390649567714305
97 3 33 28 71 32 16 5 76 88 5 91 16 31 19 97
93 400 23 21 31 12 15 75 86 85 1 11 11 11 17
401 400 402 402 402 402 401 401 401 401 402 402 402 402 402
1 1 1 1 1 0 0 0 0 0
1 1 1 1 1 1 1 1 1 0
1 1 1 1 1 1 1 1 0 0
1 1 1 0 1 0 1 0 0 0
1 0 1 0 1 0 1 0 0 0
1 0 1 0 1 0 1 0 0 0
1 0 1 0 1 0 1 0 0 0
1 0 1 0 1 1 1 0 0 0
1 0 1 0 1 1 1 1 0 0
1 0 1 1 1 1 2 0 0 0
Maze 184
117 2546 3.1935483871 2.1000208982 83 0.383203957983835
13 94 69 10 73 47 87 50 60 16 100 74 85 29 97 13
93 64 9 3 43 400 47 400 56 96 94 84 25 27 93
401 402 402 402 402 400 402 400 401 401 401 401 402 402 401
0 0 1 1 1 1 1 1 1 1
0 0 2 0 0 1 0 0 1 0
0 0 1 0 1 1 1 1 1 0
0 0 1 0 1 1 1 0 1 0
0 0 1 1 1 1 1 1 1 1
0 0 1 0 1 1 1 1 1 1
0 0 1 1 1 1 1 1 1 0
0 0 1 1 1 1 1 0 0 0
0 0 1 1 1 1 1 0 0 0
0 0 1 1 1 1 1 1 1 1
Maze 185
89 275 3.2222222222 2.2782590234 44 0.393089466822444
92 12 14 77 31 35 39 7 80 47 30 35 76 70 68 92
400 400 74 71 400 400 37 77 77 27 25 75 66 400 62
400 400 401 401 400 400 401 401 401 402 402 401 402 400 402
0 0 0 0 0 0 1 0 0 0
0 1 1 1 0 0 1 0 0 0
0 1 0 1 1 1 1 1 1 1
1 1 1 1 1 1 1 1 1 0
1 1 0 1 1 0 1 0 0 0
1 1 0 1 1 0 1 0 0 0
1 1 1 1 1 1 1 1 1 1
1 1 1 1 1 1 1 1 1 1
0 1 0 0 0 0 0 0 0 0
0 2 0 0 0 0 0 0 0 0
Maze 186
97 339 3.1228070175 2.1843202261 60 0.379510357057204
76 83 91 45 50 30 27 35 24 20 59 92 49 93 40 76
73 81 41 400 400 400 25 34 14 19 52 42 43 33 36
402 402 402 400 400 400 402 401 402 402 402 402 402 402 402
0 0 0 0 0 0 0 0 0 0
0 0 0 1 1 1 1 1 1 1
0 0 0 1 1 1 1 1 1 1
0 0 1 1 1 1 1 1 1 1
1 1 1 1 1 1 1 1 1 1
1 1 1 1 1 1 1 1 1 0
1 1 1 0 0 1 0 0 0 0
1 1 1 1 1 2 0 0 0 0
1 1 1 0 0 0 0 0 0 0
1 1 1 0 0 0 0 0 0 0
Maze 187
105 94 2.7246376812 2.2099806235 87 0.407635108226641
41 19 82 12 98 99 90 100 58 23 27 89 75 50 89 41
11 12 400 92 400 89 400 98 53 400 87 85 45 49 81
402 402 400 401 400 402 400 401 401 400 401 401 402 402 401
0 0 0 0 0 0 0 0 0 0
1 1 1 1 1 1 1 1 1 0
1 1 1 1 1 1 1 0 0 0
1 1 1 0 0 0 1 0 0 0
2 1 1 0 1 1 1 1 1 1
1 1 1 1 1 1 1 1 1 0
1 1 0 0 1 0 1 1 1 0
1 1 0 0 1 0 1 1 1 0
1 1 1 1 1 1 1 1 1 1
0 1 1 1 1 1 1 1 1 1
Maze 188
103 24 3.1147540984 2.2247699214 71 0.415469361862029
10 25 88 21 34 13 85 92 64 72 66 10 70 20 87 10
5 85 81 31 33 83 82 62 62 62 6 400 400 17 7
402 401 401 401 401 401 402 402 402 402 402 400 400 402 402
0 0 0 0 1 1 1 1 1 2
0 0 1 0 1 1 1 1 1 1
1 0 1 0 1 1 1 0 0 1
1 1 1 1 1 1 1 0 0 1
1 0 1 0 1 1 1 0 0 1
1 0 1 0 1 1 1 0 0 1
1 1 1 1 1 1 1 0 0 1
1 1 1 0 1 0 1 0 0 0
1 1 1 1 1 1 1 1 0 0
0 1 0 0 0 0 0 0 0 0
Maze 189
105 557 2.9180327869 2.1357740401 86 0.391308110401280
56 92 31 26 92 81 86 4 10 89 36 82 89 30 65 56
52 91 21 22 91 400 84 400 9 86 32 400 29 25 55
402 401 402 402 401 400 401 400 402 401 402 400 402 402 402
0 0 0 1 1 1 1 1 1 1
0 0 0 1 0 0 0 0 1 0
1 1 1 1 1 1 1 1 1 1
1 1 1 1 1 1 0 0 1 0
1 1 0 1 1 1 0 0 1 0
1 1 1 1 1 2 0 0 1 0
1 1 0 1 1 1 0 0 1 0
1 1 0 1 0 1 0 0 1 0
1 1 1 1 1 1 1 1 1 0
1 1 0 0 0 0 0 0 0 0
Maze 190
85 7 3.0204081633 2.0804349849 36 0.389770141860517
86 29 27 3 36 96 72 2 69 19 14 19 16 96 94 86
26 400 23 33 400 92 400 62 400 400 400 400 400 400 84
402 400 401 401 400 401 400 401 400 400 400 400 400 400 402
0 1 1 0 0 0 0 0 0 0
0 1 1 1 1 1 1 1 1 0
0 1 1 1 1 1 1 1 1 0
0 1 1 1 1 1 0 0 1 0
0 1 0 0 0 1 0 0 1 0
0 1 0 0 0 1 0 0 1 0
0 1 1 1 1 1 1 1 1 0
0 1 0 0 0 1 0 0 0 0
0 1 0 1 1 2 0 0 0 0
0 1 1 1 1 1 0 0 0 0
Maze 191
75 12 3.6000000000 1.8753074859 30 0.378615353146014
55 25 87 84 86 34 48 21 30 84 35 66 65 58 58 55
400 85 400 400 84 44 41 400 24 34 65 400 55 400 400
400 401 400 400 401 401 401 400 402 402 401 400 402 400 400
0 0 0 0 0 0 0 0 0 0
0 0 0 0 0 0 0 0 0 0
1 1 1 1 1 1 1 1 1 1
1 0 0 1 1 0 0 0 0 0
1 1 1 1 1 1 1 1 0 0
0 0 0 1 2 1 1 1 0 0
0 0 0 1 1 1 0 0 0 0
0 0 0 1 1 0 0 0 0 0
0 0 0 1 1 1 1 0 0 0
0 0 0 0 0 0 0 0 0 0
Maze 192
103 111 3.3559322034 2.2837967655 55 0.374934191987793
17 68 92 53 57 33 39 97 93 86 24 70 10 53 97 17
67 62 52 400 53 400 37 400 83 84 64 400 3 93 400
401 402 402 400 401 400 402 400 402 401 401 400 402 401 400
0 0 1 1 1 1 1 1 1 1
0 0 1 0 0 0 2 0 0 1
0 0 1 1 0 0 1 0 0 1
0 0 1 1 1 1 1 1 1 1
0 0 1 1 0 0 1 0 0 1
0 1 1 1 1 1 1 0 0 1
0 1 1 1 1 1 1 1 1 1
0 1 1 1 0 0 1 0 0 0
0 1 1 1 1 1 1 0 0 0
0 1 1 1 1 1 1 0 0 0
Maze 193
125 639 3.6721311475 2.0951251178 129 0.387673708595814
76 18 44 67 22 38 51 20 28 96 76 35 22 100 1 76
16 14 64 62 32 31 11 18 26 400 75 32 92 91 71
402 402 401 401 401 402 402 402 402 400 401 401 401 401 401
1 0 0 0 0 0 0 0 0 0
1 1 1 1 1 1 1 1 1 1
1 1 0 1 0 1 1 1 0 0
1 1 1 1 1 1 1 1 0 0
1 1 0 1 1 1 0 0 0 0
1 1 0 1 1 1 0 0 0 0
1 1 1 1 1 1 1 0 0 0
1 1 1 1 1 2 0 0 0 0
1 1 0 0 0 1 0 0 0 0
1 1 1 1 1 1 1 1 1 1
Maze 194
103 100 3.3207547170 2.1559524309 65 0.385066767892018
38 67 21 92 87 24 49 34 1 60 77 51 68 34 33 38
37 61 91 82 84 44 44 31 51 57 71 61 64 400 400
402 401 401 402 401 401 401 401 401 402 401 401 401 400 400
1 0 0 0 0 0 0 0 0 0
1 0 0 0 0 0 0 0 0 0
1 0 0 1 0 0 0 0 0 0
1 1 1 1 1 1 1 2 0 0
1 0 0 1 1 1 1 1 1 0
1 1 1 1 1 1 1 1 1 1
1 1 1 1 1 1 1 1 0 0
1 1 1 1 1 1 1 0 0 0
1 1 1 1 1 1 1 0 0 0
1 1 0 0 0 0 0 0 0 0
Maze 195
85 525 3.4761904762 1.9690665352 50 0.397927795828606
86 6 38 79 75 47 56 81 58 98 57 63 16 68 37 86
400 36 78 400 45 46 51 51 400 97 53 13 66 67 36
400 401 401 400 402 402 402 402 400 401 402 402 401 401 402
0 0 0 0 0 1 0 0 0 0
0 0 1 1 1 1 0 0 0 0
0 0 1 0 0 1 0 0 0 0
0 0 1 0 0 1 1 1 0 0
0 0 1 0 1 1 1 1 0 0
1 1 1 1 1 1 1 1 0 0
1 0 1 0 1 1 1 1 0 0
1 0 0 0 1 1 1 1 1 0
1 0 0 0 0 2 1 1 0 0
0 0 0 0 0 0 1 1 0 0
Maze 196
113 5024 2.8955223881 2.1730107613 99 0.372782858805321
8 12 80 29 74 49 93 42 68 9 33 81 92 23 47 8
2 72 79 24 44 43 92 62 8 3 31 91 22 43 7
402 401 401 402 402 402 401 401 402 402 402 401 402 401 402
0 1 1 1 1 1 1 2 1 0
0 1 1 0 0 0 1 1 0 0
0 1 1 1 1 1 1 1 1 0
1 1 1 1 0 0 1 1 1 0
1 1 1 1 1 1 1 1 1 0
1 1 1 1 0 0 0 1 1 0
1 1 1 1 1 1 1 1 1 0
1 1 1 1 1 1 1 1 1 1
1 1 1 0 0 0 0 0 0 0
1 1 1 0 0 0 0 0 0 0
Maze 197
83 68 2.8076923077 2.1560348361 30 0.382477304136281
40 88 99 35 45 29 64 44 83 58 89 98 75 12 1 40
38 98 95 400 25 24 400 43 53 88 88 95 72 11 31
402 401 401 400 402 402 400 402 402 401 402 401 401 401 401
1 0 0 0 0 0 0 0 0 0
1 1 0 0 0 0 0 0 0 0
1 1 0 1 1 1 1 1 1 0
1 1 1 1 1 1 1 1 1 2
0 1 1 1 1 0 0 1 0 0
0 1 1 1 1 1 1 1 0 0
0 1 1 1 1 0 0 1 0 0
0 1 1 1 1 0 0 1 0 0
0 0 1 0 1 0 0 1 1 0
0 0 0 0 1 1 1 1 1 0
Maze 198
93 40 3.5416666667 2.0703751042 41 0.382580262368899
19 17 74 76 64 90 64 4 58 11 66 7 26 31 22 19
400 14 400 74 84 84 400 54 51 61 6 6 21 21 12
400 402 400 401 401 401 400 401 401 401 402 402 402 402 402
0 0 0 1 0 1 1 0 0 0
1 1 1 1 1 1 1 1 2 0
1 1 1 1 1 1 0 0 0 0
1 0 0 1 0 1 0 0 0 0
1 0 0 1 0 1 0 0 0 0
1 1 1 1 1 1 1 1 0 0
1 1 1 1 1 1 0 0 0 0
0 0 0 1 1 1 0 0 0 0
0 0 0 1 1 1 1 1 1 1
0 0 0 0 0 0 0 0 0 0
Maze 199
85 316 3.1489361702 2.0804349849 45 0.384393064576920
75 12 94 59 47 42 52 6 67 64 50 4 12 23 55 75
72 92 54 57 400 400 2 66 400 44 44 2 22 53 400
401 401 402 401 400 400 402 401 400 402 401 402 401 401 400
0 1 1 1 1 1 0 0 0 0
0 1 0 1 0 1 0 0 0 0
0 1 1 1 0 1 0 0 0 0
0 1 1 1 0 1 0 0 0 0
0 1 1 1 1 1 1 1 1 1
0 1 1 1 1 1 1 1 1 0
0 1 0 1 1 1 1 0 0 0
0 1 1 1 2 0 0 0 0 0
0 1 0 1 0 0 0 0 0 0
0 1 1 1 0 0 0 0 0 0
Maze 200
111 176 2.9295774648 2.3501208194 92 0.385214831765278
81 9 38 5 94 97 90 93 20 82 16 46 87 95 97 81
1 8 35 4 400 87 83 13 12 12 400 86 85 400 91
402 402 401 402 400 402 402 402 402 402 400 401 402 400 401
1 1 1 1 1 1 1 1 1 0
1 1 1 1 1 1 1 1 1 1
1 1 1 1 1 1 0 1 0 0
1 1 1 1 1 1 1 1 0 0
1 1 1 1 0 1 0 0 0 0
1 1 1 1 0 1 0 0 0 0
1 1 1 1 0 1 0 0 0 0
1 1 1 1 0 1 0 0 0 0
2 1 1 1 1 1 1 1 1 1
1 1 1 1 1 1 1 0 0 0
