numMazes: 200
mazeSize: 10
Maze 1
107 113 3.1864406780 2.1976385809 90 0.374376741095100
73 80 70 88 82 71 23 80 38 20 96 50 41 19 1 73
400 400 68 400 81 21 73 78 18 16 46 400 11 11 71
400 400 402 400 401 402 401 401 402 402 402 400 402 401 401
1 0 0 0 0 0 0 0 0 0
1 1 1 1 1 1 1 1 1 1
1 1 1 0 0 1 0 1 0 0
1 0 1 0 0 1 0 1 0 0
1 1 1 1 1 1 1 1 1 1
1 0 1 0 0 1 0 1 0 0
1 0 1 0 0 1 0 1 1 1
1 1 2 1 1 1 1 1 1 1
1 1 1 1 1 1 1 1 0 0
0 0 0 0 0 1 0 0 0 0
Maze 2
95 104 3.9069767442 2.0157783355 42 0.390358330189508
25 63 5 84 74 76 79 2 44 51 26 51 16 11 29 25
23 3 4 400 400 400 72 42 41 21 21 11 400 21 400
402 402 402 400 400 400 401 401 402 402 402 402 400 401 400
0 1 1 1 1 0 0 0 0 0
1 1 1 1 1 1 0 0 0 0
1 1 1 1 2 1 1 1 1 0
1 1 1 1 0 0 0 0 0 0
1 1 1 1 0 0 0 0 0 0
1 1 1 1 0 0 0 0 0 0
0 1 1 1 0 0 0 0 0 0
0 1 1 1 1 1 1 1 1 0
0 0 0 1 0 0 0 0 0 0
0 0 0 0 0 0 0 0 0 0
Maze 3
119 514 3.3114754098 2.1570717029 110 0.390460497417959
32 64 19 1 79 98 84 12 3 40 65 16 71 28 75 32
62 14 11 71 78 94 82 2 33 35 15 11 21 25 72
401 402 401 401 402 401 401 402 401 402 402 402 402 402 401
1 1 1 0 0 0 0 0 0 0
1 1 1 1 1 1 1 1 1 0
1 1 1 1 1 1 1 1 0 0
1 2 1 1 1 1 1 1 1 1
1 1 0 1 1 0 0 0 0 0
1 1 0 1 1 0 0 0 0 0
1 1 1 1 1 0 0 0 0 0
1 1 1 1 1 1 1 1 1 0
0 1 1 1 0 0 0 1 0 0
0 0 0 1 1 1 1 1 0 0
Maze 4
121 525 3.6666666667 2.1853170968 131 0.391031204203006
59 53 16 44 74 7 95 6 71 39 35 60 80 91 2 59
400 13 14 400 4 5 5 1 31 400 55 400 71 1 52
400 402 402 400 402 402 402 402 402 400 401 400 402 402 401
1 1 1 1 1 1 1 0 0 0
1 1 1 1 1 1 0 0 0 0
1 1 1 1 1 0 0 0 0 0
1 1 1 1 1 1 1 1 1 0
1 1 1 1 1 0 0 0 0 0
1 1 1 1 1 1 1 1 2 1
1 0 0 1 1 0 0 0 0 1
1 1 1 1 1 1 1 1 1 1
1 0 0 0 1 0 0 0 0 0
1 0 0 0 1 0 0 0 0 0
Maze 5
85 18 3.1351351351 1.6767684953 40 0.389096735956533
44 60 4 60 85 24 18 8 5 17 44 10 40 65 64 44
54 54 54 55 84 14 400 400 15 14 4 400 35 400 400
401 401 401 402 401 402 400 400 401 402 402 400 402 400 400
0 0 0 1 1 1 1 1 1 1
0 0 0 1 1 1 1 1 0 1
0 0 0 1 0 0 0 0 0 1
0 0 0 1 1 1 1 1 1 1
0 0 0 2 1 0 0 0 0 0
0 0 0 1 1 1 1 1 1 1
0 0 0 1 1 0 0 0 0 0
0 0 0 1 1 0 0 0 0 0
0 0 0 1 1 0 0 0 0 0
0 0 0 0 0 0 0 0 0 0
Maze 6
105 33 3.6842105263 1.6468919062 61 0.401125479995328
53 17 42 69 12 63 77 12 76 36 77 12 27 18 56 53
13 12 62 62 62 73 72 72 400 76 72 22 17 16 400
402 402 401 401 401 401 401 401 400 401 401 401 402 402 400
0 0 0 0 0 0 0 0 0 0
0 1 1 1 1 1 1 1 0 0
0 1 1 1 1 1 1 0 0 0
0 1 1 0 0 1 0 0 0 0
0 1 1 0 0 1 0 0 0 0
0 1 2 1 1 1 0 0 0 0
0 1 1 1 1 1 1 1 1 0
0 1 1 1 1 1 1 0 0 0
0 0 0 0 0 0 0 0 0 0
0 0 0 0 0 0 0 0 0 0
Maze 7
115 167 3.5862068966 2.1283028933 140 0.394024142039830
60 13 64 11 90 44 4 70 6 68 48 44 73 79 26 60
53 63 61 81 84 400 64 66 66 400 400 43 400 76 56
401 401 401 401 401 400 401 401 401 400 400 402 400 401 401
0 0 0 1 0 1 0 0 0 0
1 0 1 1 0 1 0 0 0 0
1 0 1 1 0 1 0 0 0 0
1 0 1 1 0 1 0 0 0 0
1 0 1 1 1 1 1 1 0 0
1 0 1 1 1 1 1 1 1 2
1 1 1 1 1 1 1 1 1 1
1 0 1 1 1 1 1 1 1 0
1 1 1 1 1 1 1 1 1 1
0 0 0 0 0 0 0 0 0 0
Maze 8
123 7 3.2758620690 1.9195225641 71 0.387290121872354
34 20 45 5 13 9 51 8 42 100 44 88 5 62 41 34
14 15 400 3 3 1 1 2 92 94 84 85 2 61 31
402 402 400 402 402 402 402 402 401 401 401 401 402 401 402
1 1 1 1 1 1 1 1 1 0
1 1 1 1 1 1 1 1 1 1
1 1 0 1 1 0 0 0 0 0
1 1 1 2 1 0 0 0 0 0
1 1 0 1 1 0 0 0 0 0
1 1 0 1 1 0 0 0 0 0
1 1 0 1 1 0 0 0 0 0
0 1 0 1 1 0 0 0 0 0
0 1 0 1 1 1 1 1 0 0
0 1 1 1 1 1 1 1 1 1
Maze 9
71 25 2.6923076923 2.3785376648 16 0.351778344098164
44 32 3 53 89 100 98 50 60 36 71 67 52 92 44 44
42 2 400 83 99 400 48 400 56 31 61 62 400 42 400
401 402 400 401 401 400 402 400 401 402 402 401 400 402 400
0 1 1 0 0 0 0 0 0 0
0 1 1 0 0 0 0 0 0 0
0 1 1 0 0 0 0 0 0 0
1 1 1 1 1 1 0 0 0 0
1 1 1 2 0 1 0 1 1 1
1 1 1 0 0 1 1 1 1 1
1 1 1 1 1 1 1 1 0 0
1 1 1 0 0 0 0 1 0 0
0 1 1 1 1 1 1 1 1 0
0 1 0 0 0 0 0 1 1 1
Maze 10
89 116 3.0877192982 2.2435598881 45 0.374876219431176
9 18 87 90 62 72 94 80 46 30 6 73 32 38 33 9
8 17 400 82 400 92 74 76 26 26 3 72 400 400 3
402 402 400 401 400 401 402 401 402 401 402 401 400 400 402
0 0 1 1 1 1 1 1 2 0
0 0 1 0 0 1 1 1 0 0
0 0 1 0 0 1 1 1 1 1
0 1 1 1 1 1 1 1 0 0
0 1 1 0 0 1 1 0 0 0
0 1 1 0 0 1 1 0 0 0
0 1 1 0 0 1 1 0 0 0
0 1 1 1 1 1 1 1 1 1
0 1 1 1 1 1 1 1 1 1
0 1 1 1 0 0 0 0 0 0
Maze 11
81 24 3.7647058824 1.8324642202 19 0.395033721968902
34 57 69 61 51 71 75 4 54 60 94 69 40 59 95 34
54 67 400 400 400 400 74 400 400 54 64 39 39 55 94
401 401 400 400 400 400 401 400 400 402 402 402 402 402 401
0 0 0 1 0 0 0 0 0 0
0 0 0 1 0 0 0 0 0 0
0 0 0 1 0 0 0 0 0 0
0 0 0 2 0 0 0 0 1 1
0 0 0 1 0 0 0 0 1 0
1 0 0 1 1 1 1 1 1 1
1 1 1 1 1 1 1 1 1 0
1 1 1 1 1 0 0 0 0 0
0 0 0 1 1 0 0 0 0 0
0 0 0 1 1 0 0 0 0 0
Maze 12
123 193 3.1803278689 2.0155142096 115 0.391244504750431
40 56 94 29 15 9 100 12 60 39 30 83 62 28 84 40
36 54 24 25 5 99 92 52 59 29 23 82 22 24 34
402 402 402 401 402 401 401 401 401 402 402 401 402 402 402
0 0 0 0 1 1 1 1 1 0
0 1 0 0 1 0 0 0 1 0
0 1 1 1 1 1 1 1 1 1
0 1 1 1 1 1 1 1 1 2
0 1 1 1 0 1 0 0 1 0
0 1 1 1 1 1 1 1 1 1
0 1 1 1 0 0 0 0 1 0
0 1 1 1 0 0 0 0 1 0
0 1 1 1 0 0 0 0 1 0
0 1 1 1 1 1 1 1 1 1
Maze 13
89 329 3.0909090909 2.3184170496 40 0.377061075324259
49 42 58 8 77 22 81 31 14 53 65 73 55 4 41 49
400 52 400 7 72 21 400 11 13 63 63 53 54 1 400
400 401 400 402 401 402 400 402 402 401 402 402 401 402 400
1 1 1 1 0 0 1 1 0 0
1 1 1 1 0 0 1 1 0 0
1 1 1 1 0 0 1 1 0 0
1 1 1 1 0 0 1 1 0 0
1 1 1 1 1 1 1 1 2 0
1 1 1 1 1 1 1 1 0 0
1 1 1 1 1 0 1 0 0 0
1 1 1 1 1 1 1 0 0 0
1 0 0 0 0 0 0 0 0 0
0 0 0 0 0 0 0 0 0 0
Maze 14
99 21 3.0000000000 2.2513652677 62 0.418378558527616
15 38 81 1 11 55 43 97 40 100 44 64 46 73 8 15
35 31 400 400 51 53 93 37 400 94 400 44 43 3 5
401 402 400 400 401 401 401 402 400 401 400 402 402 402 402
1 0 1 1 1 1 1 1 0 0
1 0 1 0 2 0 0 0 0 0
1 0 1 0 1 0 0 0 0 0
1 1 1 1 1 1 1 1 1 1
1 0 1 1 1 1 1 0 0 1
1 1 1 1 1 0 1 0 0 1
1 0 1 1 0 0 1 0 0 1
1 0 1 1 0 0 1 0 0 1
1 0 1 1 0 0 1 0 0 1
0 0 1 1 1 1 1 1 1 1
Maze 15
101 77 3.1724137931 2.0947999892 71 0.398338133346614
79 46 8 55 84 39 82 99 71 87 88 67 7 40 34 79
76 6 5 54 34 32 92 91 81 400 87 400 37 400 74
401 402 402 402 402 402 401 401 401 400 401 400 401 400 401
0 0 0 0 1 1 1 1 0 0
0 0 0 0 1 1 1 0 0 0
0 0 0 0 1 1 1 0 0 0
0 1 1 1 1 1 1 1 1 1
0 1 0 1 1 1 1 0 0 0
0 1 0 1 1 1 1 0 0 0
0 1 0 1 0 1 1 0 0 0
1 1 0 1 1 1 1 1 2 0
1 1 1 1 1 1 1 1 0 0
1 1 1 1 1 1 1 1 1 0
Maze 16
97 24 3.6363636364 1.9859280322 53 0.371763466967261
75 25 89 90 94 26 34 91 73 6 7 63 90 61 41 75
400 85 400 84 24 24 31 71 3 400 3 83 81 400 71
400 401 400 402 402 402 402 402 402 400 402 401 401 400 401
0 0 1 1 1 1 1 0 0 0
0 0 1 0 0 0 0 0 0 0
0 0 1 1 1 1 0 0 0 0
1 1 1 1 1 0 0 0 0 0
1 0 1 1 1 0 0 0 0 0
1 0 1 1 1 0 0 0 0 0
1 0 1 1 1 0 0 0 0 0
1 1 1 1 2 0 0 0 0 0
1 1 1 1 1 1 1 1 1 1
1 0 0 1 0 0 0 0 0 0
Maze 17
111 1527 2.9117647059 2.2229650316 92 0.386972613881319
54 60 17 34 98 33 2 89 10 85 50 96 83 34 64 54
400 57 14 94 93 32 82 9 5 45 46 93 33 400 400
400 401 402 401 401 401 401 402 402 402 402 401 402 400 400
0 1 0 0 1 1 1 1 1 1
0 1 0 1 1 1 1 0 1 0
0 1 0 1 1 0 1 0 1 0
0 1 1 1 1 0 1 0 1 0
0 1 1 1 1 1 1 1 1 1
0 1 1 2 1 1 1 1 1 1
0 1 1 1 1 1 0 0 1 0
0 1 1 1 1 1 0 0 1 0
0 1 1 1 1 1 1 1 1 0
0 0 1 1 1 1 1 1 0 0
Maze 18
95 10 3.0400000000 1.9801757283 65 0.384220818569463
34 33 91 13 82 58 90 78 57 17 62 78 17 77 30 34
400 31 11 12 52 88 88 77 400 12 72 77 400 27 24
400 402 402 402 402 401 401 401 400 402 401 401 400 402 402
0 0 0 0 0 0 0 0 0 0
1 1 1 1 1 1 1 0 0 0
1 1 0 1 1 1 1 1 1 1
1 1 1 2 0 0 1 0 0 0
1 1 0 0 0 0 1 0 0 0
1 1 1 1 1 1 1 1 0 0
1 1 0 0 0 0 1 1 0 0
1 1 1 1 1 1 1 1 0 0
1 1 0 0 0 0 0 1 1 1
1 0 0 0 0 0 0 0 0 0
Maze 19
97 92 3.1698113208 2.1837316244 60 0.369796747776211
34 95 13 35 34 23 20 61 58 87 36 1 75 94 51 34
94 93 33 400 33 13 11 51 57 86 31 71 74 91 31
401 401 401 400 401 402 402 402 402 401 401 401 402 401 402
1 0 0 0 0 0 0 0 0 0
1 1 1 1 1 1 1 1 1 1
1 0 1 0 0 0 0 0 0 0
1 1 1 2 1 1 0 0 0 0
1 0 1 1 0 1 0 0 0 0
1 1 1 1 1 1 1 1 0 0
1 0 1 1 0 1 1 0 0 0
1 1 1 1 1 1 1 0 0 0
1 0 1 1 0 1 1 0 0 0
1 1 1 1 1 0 0 0 0 0
Maze 20
91 161 2.7796610169 2.1530782366 36 0.380342862751974
2 38 68 76 78 31 35 9 94 85 25 15 49 83 91 2
32 400 66 400 71 400 5 4 84 400 400 45 43 81 1
401 400 402 400 401 400 402 402 402 400 400 401 402 402 402
1 2 0 1 1 1 1 1 1 0
1 1 0 1 1 0 0 0 0 0
1 1 0 1 1 0 0 0 0 0
1 1 1 1 1 1 1 1 0 0
1 0 1 1 1 1 1 1 1 0
1 0 1 1 1 0 0 1 0 0
1 0 1 1 1 1 1 1 0 0
1 1 1 1 1 1 1 1 0 0
1 1 1 1 1 0 0 0 0 0
1 0 0 1 0 0 0 0 0 0
Maze 21
81 39 3.0909090909 2.0340585928 26 0.361278692777770
17 55 88 9 12 10 3 27 18 19 77 35 30 8 27 17
15 85 8 2 2 400 23 17 400 17 75 25 28 7 400
402 401 402 402 402 400 401 402 400 402 401 402 401 402 400
0 1 1 1 1 1 1 1 1 1
0 1 1 0 1 1 2 1 1 0
0 0 1 1 1 1 1 1 1 1
0 0 0 0 1 0 1 1 0 0
0 0 0 0 1 0 1 1 0 0
0 0 0 0 1 0 1 1 0 0
0 0 0 0 1 0 1 1 0 0
0 0 0 0 1 1 1 1 0 0
0 0 0 0 1 1 1 1 0 0
0 0 0 0 0 0 0 0 0 0
Maze 22
87 108 3.4782608696 2.1456267315 45 0.388457113245641
51 52 60 66 45 61 3 7 86 57 26 64 38 42 49 51
400 400 56 65 41 1 400 6 56 56 24 34 32 400 41
400 400 402 401 402 402 400 402 402 401 402 402 402 400 402
1 1 1 1 1 1 1 0 0 0
1 0 0 0 0 1 0 0 0 0
1 0 0 1 1 1 0 0 0 0
1 1 1 1 1 1 1 1 0 0
1 1 1 1 1 1 1 1 1 0
2 1 1 1 1 1 1 1 1 1
1 0 0 1 1 1 0 0 0 0
0 0 0 0 0 1 0 0 0 0
0 0 0 0 0 1 0 0 0 0
0 0 0 0 0 0 0 0 0 0
Maze 23
101 51 3.9545454545 2.0508544969 38 0.376292747359785
62 89 85 52 58 4 72 65 23 8 14 48 14 83 47 62
82 400 82 400 54 2 62 63 3 4 44 44 13 43 42
401 400 401 400 401 402 402 401 402 402 401 401 402 402 402
0 1 1 1 1 1 1 1 0 0
0 1 1 1 0 0 0 0 0 0
0 1 1 1 0 0 0 0 0 0
0 1 1 1 0 0 0 0 0 0
0 1 1 1 1 1 1 1 0 0
0 1 1 1 1 1 1 1 0 0
0 2 1 1 1 0 0 0 0 0
0 1 1 0 0 0 0 0 0 0
0 1 1 1 1 1 1 1 1 0
0 0 0 0 0 0 0 0 0 0
Maze 24
97 15 3.0000000000 2.3084047626 52 0.381426350894325
53 89 30 89 100 22 87 48 17 5 54 28 66 54 60 53
83 29 29 99 92 82 47 47 15 4 24 26 64 400 400
401 402 402 401 401 401 402 401 401 402 402 402 401 400 400
0 0 0 1 1 0 0 0 0 0
0 0 0 1 1 1 1 0 0 0
0 1 0 1 1 1 1 1 1 1
0 1 0 1 0 1 1 0 1 0
0 1 0 1 0 1 1 1 1 0
0 1 2 1 1 1 1 1 1 1
0 1 1 1 1 1 1 0 1 0
0 1 1 0 0 0 1 0 1 0
0 1 1 1 1 1 1 1 1 0
0 1 1 1 1 1 1 1 1 1
Maze 25
87 521 3.4000000000 2.2853392385 45 0.380686032676925
54 28 50 58 16 66 78 39 19 77 64 60 92 14 48 54
24 48 48 56 400 76 38 400 17 74 54 52 12 44 44
402 401 402 401 400 401 402 400 402 401 402 402 402 401 402
0 0 0 0 0 0 0 0 0 0
0 1 1 1 0 1 1 1 1 0
0 1 0 1 1 1 1 1 1 0
0 1 0 1 0 1 1 1 1 0
0 1 0 1 1 1 1 1 1 1
0 1 1 2 1 1 1 1 1 1
0 1 0 1 0 1 1 1 0 0
0 1 0 1 1 1 1 1 0 0
0 1 0 0 0 0 0 0 0 0
0 1 0 0 0 0 0 0 0 0
Maze 26
89 176 3.4042553191 2.2203940849 50 0.377445860275673
37 62 21 84 14 15 39 8 18 94 61 56 48 11 53 37
32 61 81 400 400 35 38 400 14 91 51 46 41 51 33
402 401 401 400 400 401 401 400 402 401 402 402 401 401 402
0 0 0 0 0 0 0 1 0 0
1 0 0 1 1 1 1 1 0 0
1 0 0 1 1 0 0 1 0 0
1 1 1 1 1 1 2 1 1 0
1 1 1 1 1 1 1 1 0 0
1 1 1 1 1 1 0 0 0 0
1 1 0 1 0 0 0 0 0 0
1 0 0 1 0 0 0 0 0 0
1 1 1 1 0 0 0 0 0 0
1 1 1 1 0 0 0 0 0 0
Maze 27
93 103 3.0000000000 1.9915923522 50 0.401097632347908
52 76 12 45 32 3 95 68 97 84 47 16 32 48 7 52
72 72 42 42 2 93 65 67 94 44 46 12 42 47 2
401 401 401 401 402 401 402 402 401 402 401 402 401 401 402
0 1 1 1 1 1 1 0 0 0
0 1 1 1 1 1 1 0 0 0
0 1 1 0 0 1 1 0 0 0
0 1 1 0 0 1 1 0 0 0
0 1 1 1 1 1 1 1 0 0
0 2 1 1 0 0 0 0 0 0
0 1 1 1 1 1 1 1 0 0
0 1 1 1 1 1 1 0 0 0
0 0 1 1 1 0 1 0 0 0
0 0 1 1 1 1 1 0 0 0
Maze 28
115 203 3.1384615385 2.2024252186 119 0.390456092119883
35 32 5 61 27 27 87 60 82 50 12 89 98 21 64 35
400 2 1 21 400 400 57 52 42 42 82 88 91 61 34
400 402 402 402 400 400 402 402 402 401 401 402 401 401 402
1 1 1 1 1 0 0 0 0 0
1 1 0 0 0 0 0 0 0 0
1 1 1 1 1 1 1 0 0 0
1 1 1 1 2 0 1 0 0 0
1 1 1 1 1 1 1 1 1 1
1 1 1 1 1 1 1 1 1 1
1 1 1 1 0 0 1 0 0 0
1 1 0 0 0 0 1 0 0 0
1 1 1 1 1 1 1 1 1 0
1 1 1 1 1 1 1 1 0 0
Maze 29
85 11 2.7586206897 2.2525737094 50 0.379152678618178
96 93 4 51 36 7 80 78 7 59 38 48 98 66 71 96
400 3 1 31 6 77 400 77 57 58 400 400 96 61 91
400 402 402 402 402 401 400 401 401 401 400 400 401 402 401
1 1 1 1 0 1 1 0 0 0
1 0 1 0 0 1 1 0 0 0
1 0 1 0 0 1 1 0 0 0
1 1 1 1 1 1 1 1 0 0
1 0 1 0 0 0 1 1 0 0
1 0 1 0 0 0 1 1 1 0
1 1 1 1 1 1 1 1 0 0
1 0 1 0 0 1 1 1 1 1
1 0 1 0 0 1 0 1 0 0
1 1 1 1 1 2 1 1 0 0
Maze 30
125 21 3.1272727273 1.7410700789 162 0.403261690869446
62 38 42 89 24 15 90 72 97 71 90 31 13 39 83 62
32 32 82 84 14 85 82 92 91 81 81 11 33 33 82
402 402 401 401 402 401 401 401 401 401 401 402 401 402 401
0 0 0 0 0 0 0 0 0 0
1 1 1 1 1 0 0 0 0 0
1 0 1 1 1 0 0 0 0 0
1 1 1 1 1 1 1 1 1 0
1 1 1 1 1 0 0 0 0 0
1 1 1 1 1 0 0 0 0 0
1 2 1 1 1 0 0 0 0 0
1 1 1 1 1 0 0 0 0 0
1 1 1 1 1 1 1 1 1 1
1 1 1 1 1 1 1 0 0 0
Maze 31
91 37 2.7586206897 2.1263750885 40 0.394730094131022
70 54 6 13 16 86 75 24 72 91 5 62 29 39 87 70
64 4 3 400 400 85 74 22 71 1 2 22 400 37 67
401 402 402 400 400 401 401 402 402 402 402 402 400 402 402
1 1 1 1 1 1 0 0 0 0
1 1 1 1 1 1 0 0 0 0
1 1 1 1 1 1 1 1 1 0
1 1 0 1 0 1 1 1 1 0
1 1 0 1 0 1 1 0 0 0
1 1 0 1 0 1 1 0 0 0
1 1 0 1 1 1 1 1 1 2
1 1 0 1 1 1 1 0 0 0
1 0 0 0 1 1 1 0 0 0
1 0 0 0 0 0 0 0 0 0
Maze 32
85 28 3.1666666667 2.1348301883 56 0.402353616142910
12 31 3 43 15 60 51 68 79 55 36 93 17 35 4 12
11 1 400 13 55 400 61 78 75 35 33 13 15 34 2
402 402 400 402 401 400 401 401 401 402 402 402 402 401 402
1 1 1 1 0 0 0 0 0 0
1 2 1 1 1 1 1 0 0 0
1 0 1 1 1 0 0 0 0 0
1 0 1 1 1 1 0 0 0 0
0 0 1 0 1 0 0 0 0 0
1 1 1 1 1 1 1 1 1 1
1 1 1 1 1 1 1 1 0 0
0 0 1 0 1 1 1 1 1 0
0 0 1 0 0 0 0 0 0 0
0 0 1 0 0 0 0 0 0 0
Maze 33
157 631 4.2950819672 2.1116040232 317 0.394477076423249
21 49 54 91 99 1 87 2 84 18 85 18 51 14 79 21
41 44 51 400 91 81 82 82 14 15 15 11 11 74 71
401 402 402 400 401 401 401 401 402 402 402 402 402 401 401
1 1 0 0 0 0 0 0 0 0
1 1 1 1 1 1 1 1 0 0
2 1 0 1 1 0 0 0 0 0
1 1 0 1 1 0 0 0 0 0
1 1 1 1 1 1 1 1 1 0
1 1 1 1 1 0 0 0 0 0
1 1 0 1 1 0 0 0 0 0
1 1 1 1 1 1 1 1 1 0
1 1 1 1 1 1 1 0 0 0
1 1 1 1 1 1 1 1 1 0
Maze 34
123 388 3.0136986301 2.2387075473 113 0.393410549475897
24 63 1 5 20 77 93 23 57 20 72 10 90 72 70 24
23 61 400 15 17 73 400 53 17 12 2 400 82 62 64
402 401 400 401 402 402 400 401 402 402 402 400 401 402 401
1 1 1 1 1 1 1 1 1 1
1 1 1 1 1 1 1 1 1 1
1 1 1 2 0 0 1 0 0 1
1 1 1 1 0 0 1 0 0 1
1 1 1 1 0 0 1 0 0 1
1 1 1 1 1 1 1 0 0 1
1 1 1 1 1 1 1 1 1 1
0 1 1 1 1 1 1 0 0 1
0 1 1 1 1 1 1 1 1 1
0 0 1 0 0 0 0 0 0 0
Maze 35
115 43 3.8039215686 2.0337247143 73 0.384430075021299
33 1 97 14 95 65 94 90 91 16 21 61 85 23 40 33
31 91 94 94 400 64 84 81 11 11 400 81 83 33 400
401 401 401 401 400 402 402 402 402 402 400 401 401 401 400
1 0 0 0 0 0 0 0 0 0
1 1 1 1 1 1 0 0 0 0
1 0 1 1 0 0 0 0 0 0
1 1 2 1 1 1 1 1 1 1
1 0 1 1 0 0 0 0 0 0
1 0 1 1 0 0 0 0 0 0
1 0 1 1 1 0 0 0 0 0
1 0 1 1 1 0 0 0 0 0
1 1 1 1 1 1 1 1 1 1
1 1 1 1 1 1 1 0 0 0
Maze 36
81 6 3.4418604651 2.0304360261 26 0.390060746521033
54 56 15 16 61 34 40 82 13 20 35 56 86 42 44 54
400 55 400 11 31 400 32 12 400 15 55 400 82 400 400
400 401 400 402 402 400 402 402 400 402 401 400 401 400 400
0 0 0 0 0 0 0 0 0 0
1 1 1 1 1 1 1 1 1 1
1 1 0 0 1 0 0 0 0 0
1 1 1 1 1 1 1 1 1 1
1 1 1 1 1 0 0 0 0 0
1 1 0 2 1 1 0 0 0 0
1 1 0 0 0 1 0 0 0 0
0 1 0 0 0 1 0 0 0 0
0 1 1 1 1 1 0 0 0 0
0 0 0 0 0 0 0 0 0 0
Maze 37
87 208 3.2195121951 1.8556393564 50 0.393350088046142
51 47 24 37 78 71 44 29 75 61 66 5 29 26 72 51
41 44 34 77 400 41 24 25 71 400 65 25 400 22 71
402 401 401 401 400 402 402 402 401 400 401 401 400 402 401
0 0 0 0 1 0 0 0 0 0
0 0 0 0 1 0 0 0 0 0
0 1 1 1 1 1 1 1 1 0
0 1 0 1 1 1 1 0 0 0
1 1 1 1 1 1 1 0 0 0
2 1 0 0 1 0 1 0 0 0
1 1 1 1 1 1 1 0 0 0
1 1 1 1 1 1 1 1 0 0
0 0 0 0 0 0 0 0 0 0
0 0 0 0 0 0 0 0 0 0
Maze 38
139 217 3.8867924528 1.7861624139 225 0.388196410498658
2 18 71 79 71 37 54 9 1 52 39 92 8 80 92 2
12 11 400 400 31 34 4 400 51 32 32 2 78 72 400
401 402 400 400 402 402 402 400 401 402 402 402 401 402 400
1 2 1 1 1 1 1 1 1 0
1 1 1 1 1 1 1 1 0 0
1 1 0 1 0 0 0 1 0 0
1 1 1 1 1 1 1 1 1 0
1 1 0 1 0 0 0 1 0 0
1 1 0 1 0 0 0 1 0 0
1 1 0 0 0 0 0 1 0 0
1 1 1 1 1 1 1 1 1 1
0 1 0 0 0 0 0 0 0 0
0 1 0 0 0 0 0 0 0 0
Maze 39
93 4 3.6111111111 1.6740921221 50 0.390687897610623
7 44 6 50 84 15 19 46 33 84 16 50 46 96 76 7
4 4 46 44 14 400 16 43 83 14 46 400 400 400 6
402 402 401 402 402 400 402 401 401 402 401 400 400 400 402
0 0 0 1 1 1 2 0 0 0
0 0 0 1 1 1 1 1 1 0
0 0 0 1 0 1 0 0 0 0
0 0 1 1 0 1 0 0 0 0
0 0 1 1 1 1 1 1 1 1
0 0 1 1 0 1 0 0 0 0
0 0 1 1 0 1 0 0 0 0
0 0 1 1 0 1 0 0 0 0
0 0 1 1 0 1 0 0 0 0
0 0 0 0 0 1 0 0 0 0
Maze 40
87 60 3.0612244898 2.1182197251 45 0.381680543607884
4 8 52 80 56 63 46 53 82 44 45 7 57 91 63 4
400 2 72 76 53 43 43 52 42 400 5 400 51 61 3
400 402 401 401 402 402 402 402 402 400 402 400 402 402 402
0 1 1 2 1 1 1 1 0 0
0 1 1 0 1 0 1 0 0 0
0 1 1 0 1 0 1 0 0 0
0 1 1 0 1 0 1 0 0 0
0 1 1 1 1 1 1 0 0 0
1 1 1 1 1 1 1 0 0 0
1 1 1 0 0 1 0 0 0 0
1 1 1 1 1 1 1 1 1 1
1 1 0 0 0 0 0 0 0 0
1 0 0 0 0 0 0 0 0 0
Maze 41
83 115 2.6274509804 1.9436664340 35 0.397415589578084
46 62 97 63 51 4 4 34 27 96 24 28 95 34 16 46
42 92 93 61 1 400 400 24 26 94 400 25 94 14 400
402 401 401 401 402 400 400 402 402 401 400 402 401 402 400
1 1 1 1 0 0 0 0 0 0
1 0 0 1 1 1 0 0 0 0
1 0 0 1 1 1 1 1 0 0
1 0 0 1 1 1 0 0 0 0
1 1 1 1 1 2 0 0 0 0
1 1 0 1 1 1 0 0 0 0
1 1 1 1 1 1 0 0 0 0
0 1 1 1 1 1 0 0 0 0
0 1 1 1 1 1 0 0 0 0
0 1 1 1 1 1 1 0 0 0
Maze 42
75 8 2.6666666667 2.2965046634 30 0.407003793106626
34 25 71 81 74 55 98 31 52 34 27 8 50 43 2 34
24 21 400 71 54 95 91 51 32 24 7 48 400 42 32
402 402 400 402 402 401 401 401 402 402 402 401 400 401 401
0 1 0 0 0 0 1 1 0 0
0 1 0 0 0 0 1 1 0 0
1 1 1 1 1 1 1 1 0 0
1 1 1 2 0 0 0 1 0 0
1 1 1 1 1 1 1 1 1 1
1 1 0 1 1 0 0 0 0 0
1 0 0 1 1 0 0 0 0 0
1 1 1 1 1 0 0 0 0 0
1 0 0 0 1 0 0 0 0 0
1 1 1 1 1 1 1 1 0 0
Maze 43
81 130 3.2608695652 2.1710669416 26 0.373449269421593
35 68 77 36 29 47 85 59 46 66 34 32 79 59 91 35
65 67 76 26 27 45 55 56 400 64 400 72 400 51 31
401 402 401 402 402 402 402 401 400 401 400 401 400 402 402
0 0 0 0 0 0 0 0 0 0
0 0 0 0 0 0 0 0 0 0
0 0 0 0 0 1 1 1 1 0
1 1 1 1 2 1 1 0 0 0
1 1 0 1 1 1 1 0 0 0
1 1 1 1 1 1 1 1 1 0
1 1 0 1 1 1 1 1 1 0
1 1 1 1 1 1 1 1 1 0
1 0 0 0 1 0 0 0 0 0
1 0 0 0 0 0 0 0 0 0
Maze 44
77 101 3.0731707317 1.9507741613 26 0.389023130660996
36 58 3 30 26 5 37 14 16 97 59 23 12 5 46 36
56 53 23 400 25 35 34 400 96 57 53 22 2 45 400
401 401 401 400 401 401 401 400 401 402 401 401 402 401 400
0 1 1 1 1 0 0 0 0 0
0 1 1 1 1 1 0 0 0 0
0 1 1 1 1 1 1 1 1 1
0 0 1 1 1 2 1 0 0 0
0 0 1 0 1 1 0 0 0 0
0 0 1 1 1 1 1 1 1 0
0 0 0 0 0 1 1 0 0 0
0 0 0 0 0 1 1 0 0 0
0 0 0 0 0 1 1 0 0 0
0 0 0 0 0 1 1 0 0 0
Maze 45
105 162 2.8923076923 2.2999231533 80 0.396932246733689
49 1 89 5 13 70 35 77 62 65 40 69 47 26 20 49
41 81 85 3 63 65 75 72 400 35 39 67 46 16 19
401 401 401 402 401 401 401 401 400 402 402 401 401 402 402
1 0 1 1 1 0 0 0 0 0
1 0 1 0 1 1 1 1 1 1
1 0 1 0 1 1 0 0 1 0
1 0 1 0 1 1 1 1 1 1
1 1 1 1 1 1 1 1 2 0
1 0 1 0 1 0 1 0 1 0
1 1 1 1 1 1 1 1 1 1
1 1 1 1 1 1 1 0 0 0
1 1 1 1 1 1 1 1 1 0
0 0 0 0 0 0 0 0 0 0
Maze 46
81 22 2.6545454545 2.2073402913 16 0.353936665311834
92 96 9 36 41 2 56 52 82 84 83 90 18 26 82 92
400 6 6 31 1 52 400 400 400 400 400 88 16 22 400
400 402 402 402 402 401 400 400 400 400 400 401 402 402 400
1 1 0 0 0 1 1 1 1 0
1 1 0 0 0 1 1 1 0 0
1 1 1 1 1 1 0 1 0 0
1 1 1 1 1 1 0 1 0 0
1 1 0 0 0 1 0 1 0 0
0 1 1 1 1 1 0 1 0 0
0 1 0 0 0 1 0 1 0 0
0 1 0 0 0 1 0 1 0 0
0 1 1 1 1 1 1 1 1 1
0 2 1 1 1 1 0 0 0 0
Maze 47
91 7 3.2142857143 2.2915395204 50 0.384520547711685
30 78 68 26 13 47 93 90 87 92 9 2 2 44 64 30
28 400 66 23 43 43 83 400 82 2 400 400 42 400 24
402 400 401 401 401 402 402 400 402 402 400 400 401 400 402
0 1 1 1 1 1 1 1 1 0
0 1 1 0 0 0 0 0 0 0
0 1 1 1 1 1 1 1 1 2
0 1 1 1 0 1 0 1 0 0
0 1 1 1 1 1 1 1 0 0
0 1 1 1 0 1 0 1 0 0
0 1 1 1 0 1 1 1 0 0
0 1 1 0 0 0 0 1 0 0
0 1 1 1 1 1 1 1 1 1
0 1 1 0 0 0 0 0 0 0
Maze 48
119 3490 3.3731343284 2.3611939244 131 0.375286181326117
12 100 30 41 86 1 42 48 83 26 50 98 45 38 31 12
92 400 21 81 81 41 400 43 23 46 48 95 35 400 11
401 400 402 401 401 401 400 402 402 401 402 401 402 400 402
1 0 0 0 0 0 0 0 0 0
1 2 0 0 0 0 0 0 0 0
1 1 1 1 1 1 1 1 1 1
1 1 1 1 1 1 1 1 0 1
1 1 1 1 1 1 1 1 1 1
1 1 1 0 1 0 0 1 0 1
1 1 1 0 1 0 0 1 0 1
1 1 1 0 1 0 0 1 0 1
1 1 1 1 1 1 0 1 0 1
0 1 1 1 1 1 1 1 1 1
Maze 49
95 60 2.6451612903 2.2734740199 56 0.372124774929488
71 6 26 65 66 59 36 52 26 10 40 83 31 2 97 71
1 400 25 400 56 56 32 22 6 400 33 81 1 92 91
402 400 402 400 402 401 402 402 402 400 402 401 402 401 401
1 1 1 1 1 1 1 1 1 1
1 1 0 0 0 1 0 0 0 1
1 1 1 1 1 1 0 0 0 1
1 1 1 1 1 1 1 1 1 1
1 1 1 0 1 1 0 0 0 0
1 1 1 0 1 1 1 1 1 0
1 1 1 0 1 1 0 0 0 0
2 1 1 0 0 0 0 0 0 0
1 1 1 0 0 0 0 0 0 0
1 1 1 1 1 1 1 0 0 0
Maze 50
79 36 3.4418604651 2.1414495363 35 0.385251252864439
60 78 24 66 35 96 84 97 63 26 52 44 63 69 87 60
58 74 64 65 95 94 94 93 23 22 42 43 400 67 57
402 401 401 401 401 401 401 401 402 402 402 402 400 402 402
0 0 0 0 0 0 0 0 0 0
0 0 0 0 0 0 0 0 0 0
0 1 1 1 1 1 0 0 0 0
0 1 1 1 1 0 0 0 0 0
0 1 1 1 1 0 0 0 0 0
0 1 1 1 1 0 1 1 1 2
0 0 1 1 1 1 1 1 1 0
0 0 1 1 1 1 1 1 0 0
0 0 1 1 1 0 1 0 0 0
0 0 1 1 1 1 1 0 0 0
Maze 51
111 114 3.0847457627 2.0128806429 97 0.389872865309657
50 35 74 7 90 27 65 15 95 11 69 19 47 65 17 50
45 34 4 87 87 25 400 400 91 61 400 17 45 15 47
401 402 402 401 401 402 400 400 401 401 400 402 402 402 401
0 0 0 1 1 1 1 0 0 0
1 0 0 1 1 1 1 1 1 0
1 0 0 1 1 1 1 0 1 0
1 0 0 1 1 0 1 0 1 0
1 0 0 1 1 1 1 1 1 2
1 0 0 1 1 0 1 0 1 0
1 1 1 1 1 1 1 1 1 0
1 0 0 1 1 0 1 0 0 0
1 0 0 0 1 0 1 1 1 1
1 1 1 1 1 0 0 0 0 0
Maze 52
95 4663 3.0163934426 2.4168532935 77 0.389396940053751
62 45 1 5 87 7 74 51 67 48 96 64 30 17 37 62
42 41 400 85 400 4 71 61 47 46 94 24 27 400 32
402 401 400 401 400 402 401 401 402 402 401 402 401 400 402
1 1 1 1 1 1 1 0 0 0
1 0 0 1 1 0 1 0 0 0
1 0 0 1 1 1 1 1 1 1
1 1 1 1 1 1 1 0 0 0
1 1 1 1 1 1 1 1 0 0
1 1 0 1 1 1 1 0 0 0
1 2 1 1 1 1 1 0 0 0
1 1 1 1 1 1 1 0 0 0
0 0 0 1 1 1 1 0 0 0
0 0 0 1 1 1 0 0 0 0
Maze 53
89 11 3.1363636364 1.9499938999 56 0.375372022640137
71 39 32 14 49 40 64 25 34 12 42 66 88 91 34 71
31 400 12 44 39 34 24 24 32 400 62 86 81 31 31
402 400 402 401 402 402 402 402 401 400 401 401 402 402 402
0 0 0 0 0 0 0 0 0 0
0 1 1 1 0 0 0 0 0 0
0 1 0 1 1 0 0 0 0 0
1 1 1 1 1 1 1 1 1 1
1 1 0 1 1 1 1 1 1 0
1 1 0 1 0 0 0 0 0 0
1 1 1 1 1 1 0 0 0 0
2 0 0 0 0 1 0 0 0 0
1 1 1 1 1 1 1 1 0 0
1 0 0 0 0 0 0 0 0 0
Maze 54
81 25 3.3043478261 2.0986318815 30 0.394642499187063
6 70 86 78 92 47 37 87 77 10 30 8 57 15 47 6
66 66 76 72 42 400 400 400 7 400 28 7 55 45 46
401 402 402 402 402 400 400 400 402 400 401 402 401 401 401
0 0 0 0 0 2 1 1 1 1
0 0 0 0 1 1 1 1 0 1
0 0 0 0 1 1 1 1 1 1
0 0 0 0 1 1 1 0 0 0
0 1 1 1 1 1 1 0 0 0
0 1 0 0 1 1 1 0 0 0
0 1 0 0 0 1 1 1 1 1
0 1 1 1 1 1 1 1 0 0
0 1 0 0 0 1 1 0 0 0
0 1 0 0 0 0 0 0 0 0
Maze 55
127 276 3.3461538462 1.7400512768 153 0.387533071121518
100 13 75 6 60 24 29 13 77 69 97 95 17 99 23 100
93 73 5 56 54 400 23 73 67 67 400 15 97 93 93
401 401 402 401 401 400 401 401 402 402 400 402 401 401 401
0 0 0 0 1 1 0 0 0 0
0 0 1 0 1 1 1 0 0 0
0 0 1 1 1 1 1 1 1 0
0 0 1 1 1 1 1 0 0 0
0 0 1 1 1 1 1 0 0 0
0 0 1 1 1 1 1 1 1 1
0 0 1 0 1 0 1 1 1 0
0 0 1 1 1 1 1 0 0 0
0 0 1 0 1 0 1 0 0 0
0 0 1 1 1 1 1 1 1 2
Maze 56
97 33 2.5074626866 2.2249684459 51 0.372141081227592
57 65 26 98 9 55 14 32 3 84 5 10 100 59 25 57
55 25 96 8 5 54 12 2 83 4 400 400 99 55 55
402 402 401 402 402 401 402 402 401 402 400 400 401 401 401
0 1 1 1 1 1 1 1 1 1
0 1 1 1 1 0 0 1 0 1
0 1 1 1 1 1 0 1 0 1
0 1 1 1 1 1 0 1 0 1
0 0 1 1 1 1 0 1 0 1
0 0 1 1 1 1 2 1 1 1
0 0 1 1 1 1 0 1 1 1
0 0 1 1 0 1 0 1 1 1
0 0 1 1 0 1 0 1 1 1
0 0 0 0 0 1 1 1 1 1
Maze 57
97 182 3.1000000000 2.2539504741 66 0.391785953498462
73 62 78 98 35 87 78 72 71 4 50 62 10 87 66 73
72 72 400 95 85 77 400 400 1 44 42 2 7 86 63
401 401 400 401 401 402 400 400 402 401 402 402 402 401 402
1 1 1 1 1 1 1 1 1 1
1 1 0 1 0 0 1 0 0 0
1 1 0 1 0 0 1 0 0 0
1 1 0 1 1 0 1 0 0 0
1 1 1 1 1 1 1 1 1 1
1 1 0 0 1 0 1 0 0 0
1 1 1 1 1 1 1 0 0 0
1 1 2 1 1 1 1 1 0 0
0 0 0 0 1 1 1 1 0 0
0 0 0 0 1 1 1 1 0 0
Maze 58
101 449 3.1228070175 2.1587942072 77 0.396211200278398
19 53 69 34 9 67 38 78 83 90 57 23 68 36 22 19
13 63 64 4 7 37 400 73 400 87 53 63 66 32 12
402 401 401 402 402 402 400 402 400 401 401 401 401 401 402
0 0 0 1 1 1 1 1 1 0
0 1 1 1 1 1 1 1 2 0
0 1 1 1 0 0 1 0 0 0
0 1 1 1 1 1 1 1 0 0
0 0 1 1 0 1 1 1 0 0
0 0 1 1 1 1 1 1 0 0
0 0 1 1 1 1 1 1 1 0
0 0 1 1 1 1 1 1 0 0
0 0 1 1 1 1 1 1 1 1
0 0 0 0 0 0 0 0 0 0
Maze 59
89 35 3.1489361702 2.0042468333 45 0.399398221874248
67 38 93 38 38 23 13 93 99 47 84 6 79 38 38 67
37 33 33 400 33 400 400 400 97 44 4 76 78 400 37
402 402 402 400 401 400 400 400 401 402 402 401 401 400 402
0 0 0 1 1 1 0 0 0 0
0 0 1 1 0 1 0 0 0 0
0 0 1 1 0 1 0 0 0 0
0 0 1 1 1 1 1 1 0 0
0 0 1 1 1 1 1 1 0 0
0 0 1 1 0 1 1 1 0 0
0 0 1 1 0 1 2 1 0 0
0 0 1 1 0 1 1 1 1 0
0 0 1 1 0 0 1 0 0 0
0 0 1 1 1 1 1 1 1 0
Maze 60
97 21 2.9433962264 2.1068143408 70 0.391305568855861
2 5 76 58 74 58 97 21 21 22 57 85 1 71 48 2
400 75 56 54 54 57 91 400 400 52 55 81 400 41 42
400 401 402 402 402 402 401 400 400 401 402 401 400 402 401
1 2 1 1 1 0 0 0 0 0
1 1 0 0 1 0 0 0 0 0
1 1 0 0 1 0 0 0 0 0
1 1 0 0 1 0 0 0 0 0
1 1 1 1 1 1 1 1 0 0
1 1 1 1 1 1 1 1 0 0
1 0 0 1 1 1 1 0 0 0
1 0 0 1 1 1 1 0 0 0
1 1 1 1 1 0 1 0 0 0
1 1 1 1 1 1 1 0 0 0
Maze 61
97 593 3.4181818182 2.3279295835 71 0.393994559527229
3 64 59 18 39 80 61 68 70 97 99 5 49 35 87 3
63 54 58 38 79 71 400 400 67 400 95 45 45 85 83
401 402 401 401 401 401 400 400 402 400 401 401 401 401 401
0 0 2 0 1 0 0 0 0 0
0 0 1 0 1 0 0 1 0 0
0 0 1 0 1 0 0 1 0 0
0 0 1 0 1 0 0 1 1 0
0 0 1 0 1 1 1 1 1 0
0 0 1 1 1 1 1 1 1 0
1 1 1 1 1 1 1 1 1 1
1 1 1 1 1 1 1 1 1 1
0 0 1 1 1 1 1 0 0 0
0 0 0 0 1 1 1 1 1 0
Maze 62
109 37 3.2452830189 1.9774943415 69 0.385248929244827
95 62 3 60 23 19 60 43 57 90 7 47 62 65 3 95
92 2 53 53 13 59 53 53 87 87 400 42 400 63 93
401 402 401 401 402 401 401 401 401 401 400 402 400 401 401
0 1 1 0 0 0 1 0 0 0
0 1 1 1 1 1 1 1 1 0
0 1 1 0 0 0 1 0 1 0
0 1 1 0 0 0 1 0 1 0
0 1 1 1 1 1 1 0 1 0
0 1 1 1 1 1 1 1 1 1
0 1 1 1 1 0 1 0 0 0
0 1 1 0 0 0 1 0 0 0
0 1 1 0 0 0 1 1 1 1
0 1 1 1 2 0 0 0 0 0
Maze 63
123 226 3.4098360656 2.0951251178 156 0.381952732556730
71 95 87 49 85 61 28 82 66 1 3 100 13 70 65 71
91 85 47 45 81 21 22 62 61 400 93 93 63 400 61
401 402 402 402 401 402 402 402 401 400 401 401 401 400 402
1 1 1 0 0 0 0 0 0 0
1 0 1 0 0 0 0 0 0 0
1 1 1 1 1 1 1 1 0 0
1 1 1 0 0 0 0 0 0 0
1 1 1 0 1 1 1 1 1 0
1 1 1 0 1 0 1 0 0 0
1 1 1 1 1 1 1 1 1 1
2 1 1 0 1 0 1 0 0 0
1 1 1 1 1 1 1 0 0 0
1 1 1 1 1 1 1 1 1 1
Maze 64
103 139 3.6818181818 1.9651274493 56 0.394524651746004
17 47 67 2 73 42 53 23 44 6 83 37 72 59 92 17
400 400 62 72 72 52 400 43 4 3 33 32 52 52 12
400 400 401 401 401 401 400 401 402 402 402 402 402 402 402
0 1 1 1 1 1 0 0 0 0
0 1 1 1 1 1 2 0 0 0
0 1 1 1 0 0 1 0 0 0
0 1 1 1 1 1 1 0 0 0
0 1 1 1 0 0 1 0 0 0
0 1 1 1 1 1 1 1 1 0
0 1 1 1 1 1 1 0 0 0
0 1 1 0 0 0 0 0 0 0
0 1 1 0 0 0 0 0 0 0
0 1 0 0 0 0 0 0 0 0
Maze 65
87 54 3.1666666667 1.9806273400 50 0.379703944129156
19 88 80 73 60 18 97 83 59 42 22 63 75 76 24 19
18 78 400 53 58 17 93 53 52 400 62 73 400 74 14
402 402 400 402 401 402 401 402 401 400 401 401 400 401 402
0 0 0 0 0 0 0 0 0 0
0 0 0 1 1 1 1 1 2 0
0 1 0 1 0 0 1 1 0 0
0 1 0 1 0 0 1 1 0 0
0 1 0 1 0 0 1 1 0 0
0 1 1 1 1 1 1 1 1 1
0 1 1 1 0 0 1 1 0 0
0 0 1 1 1 1 1 1 1 1
0 0 1 0 0 0 1 1 0 0
0 0 1 1 1 1 1 0 0 0
Maze 66
97 15 2.9642857143 2.1256661497 60 0.362910067362089
14 30 26 40 57 39 29 23 38 4 81 22 94 46 98 14
24 400 36 37 37 400 400 33 34 1 21 92 44 96 94
401 400 401 402 402 400 400 401 401 402 402 401 402 401 401
1 1 1 1 0 0 0 0 0 0
1 0 0 2 0 0 0 0 0 0
1 1 1 1 1 1 1 1 1 1
1 1 1 1 1 1 1 1 1 1
1 1 0 1 1 1 1 0 0 0
1 1 0 1 0 1 1 0 0 0
1 1 0 1 0 1 0 0 0 0
1 1 0 1 0 1 0 0 0 0
1 1 0 1 0 1 0 0 0 0
0 1 1 1 1 1 1 1 0 0
Maze 67
115 36 3.3666666667 2.1845061249 100 0.398951890940476
42 64 1 99 54 73 21 6 75 38 41 16 59 5 8 42
62 61 91 94 53 71 1 5 35 31 11 56 55 400 2
401 401 401 401 402 401 402 402 402 402 402 401 401 400 402
1 1 1 1 1 1 1 1 0 0
1 1 1 1 1 1 0 0 0 0
1 1 0 0 1 1 0 0 0 0
1 1 1 1 1 1 1 1 0 0
1 2 0 0 1 1 0 0 0 0
1 1 1 1 1 1 1 1 1 0
1 1 1 1 1 0 0 0 0 0
1 1 1 1 1 0 0 0 0 0
1 0 0 1 0 0 0 0 0 0
1 1 1 1 1 1 1 1 1 0
Maze 68
79 66 3.0000000000 2.2732310462 30 0.362708472916483
74 56 76 62 29 50 70 58 96 19 22 79 58 67 94 74
54 400 72 22 49 400 68 56 16 12 72 78 57 64 400
402 400 401 402 401 400 401 402 402 402 401 401 402 402 400
0 0 0 0 0 0 0 0 0 0
0 1 1 1 1 1 1 1 1 0
0 1 1 1 1 1 1 1 1 0
0 1 0 0 0 1 0 0 1 0
0 1 0 0 0 1 0 0 1 1
0 1 0 1 1 1 1 1 0 1
0 1 0 1 1 1 1 1 1 1
0 1 1 2 1 1 1 1 1 0
0 0 0 1 0 1 0 0 0 0
0 0 0 1 0 1 0 0 0 0
Maze 69
117 1564 3.3939393939 2.2644515537 148 0.379886920214066
71 28 68 65 74 68 24 78 30 95 57 5 32 97 20 71
21 400 400 64 64 64 74 28 25 55 55 2 92 17 11
402 400 400 402 402 401 401 402 402 402 401 402 401 402 402
0 1 1 1 1 0 0 0 0 0
1 1 1 1 1 1 1 1 1 1
1 1 1 1 1 1 1 1 1 1
1 1 0 1 1 0 1 1 0 0
1 1 0 1 1 0 1 1 0 0
1 1 0 1 1 1 1 1 0 0
1 1 0 1 1 1 1 1 0 0
2 1 0 1 1 1 1 1 0 0
0 1 0 0 1 0 1 0 0 0
0 1 1 1 1 1 1 0 0 0
Maze 70
91 22 3.0943396226 2.1735887902 32 0.382511361699335
88 73 69 91 4 17 24 62 21 36 55 17 9 5 90 88
83 63 61 1 14 14 22 61 31 35 15 7 400 85 400
401 402 402 402 401 402 402 401 401 402 402 402 400 401 400
1 1 1 1 1 1 1 1 1 0
1 0 0 1 1 1 1 0 0 0
1 1 1 1 1 0 0 0 0 0
1 1 1 1 1 1 0 0 0 0
1 1 0 0 1 0 0 0 0 0
1 1 0 0 1 0 0 0 0 0
1 1 1 1 1 1 1 1 1 0
1 0 1 0 1 0 0 0 0 0
1 0 1 1 1 1 1 2 1 1
1 0 0 0 0 0 0 0 0 0
Maze 71
99 347 2.8333333333 2.1843202261 56 0.374096757906252
48 82 57 20 61 3 4 65 13 26 19 54 88 49 80 48
42 52 17 11 1 400 64 63 23 16 14 84 48 79 78
402 402 402 402 402 400 401 401 401 402 402 401 402 401 401
1 1 1 1 0 0 0 0 0 0
1 1 1 1 1 1 1 1 1 1
1 0 1 1 1 1 1 0 0 0
1 0 1 1 0 0 1 0 0 0
1 1 1 1 1 1 1 2 1 0
1 1 1 1 1 1 1 1 1 0
1 1 1 1 1 0 0 1 1 0
0 1 0 1 0 0 0 1 1 1
0 1 0 1 1 1 1 1 0 0
0 0 0 0 0 0 0 0 0 0
Maze 72
75 5 2.8627450980 2.2821487897 30 0.346423370255988
54 69 68 43 66 87 7 18 15 10 6 82 61 37 38 54
64 400 63 63 86 400 17 400 5 400 2 81 31 400 34
401 400 401 401 401 400 401 400 402 400 402 401 402 400 402
0 1 1 1 1 1 1 1 1 1
0 1 0 0 1 1 1 1 0 0
0 1 0 0 0 0 1 0 0 0
1 1 1 1 1 1 1 1 0 0
1 1 1 1 0 0 1 0 0 0
1 1 1 2 0 0 1 0 0 0
1 1 1 1 1 1 1 1 1 0
1 1 0 0 0 1 1 0 0 0
1 1 0 0 0 1 1 0 0 0
0 0 0 0 0 0 0 0 0 0
Maze 73
111 115 3.3962264151 1.9404309499 104 0.393746433006909
37 69 14 52 45 78 88 42 58 51 79 78 11 58 92 37
67 64 12 42 75 400 82 52 400 71 400 71 51 52 32
401 401 402 402 401 400 401 401 400 401 400 401 401 402 402
0 0 0 0 0 0 0 0 0 0
1 1 1 1 0 0 0 0 0 0
1 1 0 1 0 0 0 0 0 0
1 1 1 1 1 1 2 0 0 0
1 1 1 1 1 0 1 0 0 0
1 1 1 1 1 1 1 1 0 0
1 1 0 1 1 1 1 1 1 0
1 1 1 1 1 1 1 1 1 0
0 1 1 1 1 1 1 1 0 0
0 1 0 0 0 0 0 0 0 0
Maze 74
95 37 3.3584905660 2.1611569762 77 0.379894295010773
49 67 64 23 73 77 75 80 11 30 14 90 63 61 75 49
47 400 63 400 400 400 400 71 21 24 84 83 400 71 45
402 400 401 400 400 400 400 401 401 401 401 401 400 401 402
0 0 0 0 0 0 0 0 0 0
1 0 0 1 0 0 0 0 0 0
1 1 1 1 1 1 1 1 1 1
1 0 1 1 0 0 0 0 0 0
1 0 1 1 1 1 1 1 2 0
1 0 1 1 1 0 1 0 0 0
1 1 1 1 1 1 1 0 0 0
1 1 1 1 1 1 1 1 1 1
0 0 1 1 1 1 1 1 1 1
0 0 0 0 0 0 0 0 0 0
Maze 75
111 159 3.6603773585 2.0885537672 112 0.390534821267977
37 31 17 25 54 90 33 59 64 8 95 35 48 40 83 37
400 11 15 24 84 83 53 54 4 5 400 45 38 33 33
400 402 402 402 401 401 401 402 402 402 400 401 402 402 402
0 0 0 1 1 1 1 1 0 0
1 1 1 1 1 1 1 0 0 0
1 0 0 1 1 0 0 0 0 0
1 1 1 1 1 1 2 1 1 1
0 0 1 1 1 1 1 1 0 0
0 0 1 1 1 1 1 1 1 0
0 0 1 1 1 0 0 0 0 0
0 0 1 1 1 0 0 0 0 0
0 0 1 1 1 1 1 1 1 1
0 0 0 0 1 0 0 0 0 0
Maze 76
87 36 3.1818181818 1.9563067258 56 0.368914865366741
95 74 45 60 6 13 54 71 89 95 60 64 87 86 51 95
94 44 55 56 3 53 51 81 85 55 54 84 400 81 91
401 402 401 401 402 401 402 401 402 402 402 401 400 401 401
0 0 1 1 1 1 0 0 0 0
0 0 1 0 0 1 0 0 0 0
0 0 1 0 0 1 0 0 0 0
0 0 1 0 0 1 0 0 0 0
0 0 1 1 1 1 0 0 0 0
1 1 1 1 1 1 1 1 1 1
1 0 0 1 1 0 0 0 0 0
1 0 0 1 1 0 0 0 0 0
1 1 1 1 1 1 1 1 1 0
1 1 1 1 2 0 0 0 0 0
Maze 77
91 113 3.2916666667 2.0392854515 50 0.382557626828967
48 62 2 85 24 66 61 57 58 76 27 9 23 58 64 48
42 400 82 84 64 400 51 400 56 26 7 3 53 54 44
402 400 401 401 401 400 402 400 402 402 402 402 401 402 402
0 1 1 1 1 1 1 1 1 0
0 1 1 0 0 0 1 0 0 0
0 1 1 1 0 1 1 0 0 0
0 1 1 1 0 1 0 0 0 0
0 1 1 1 1 1 1 2 0 0
1 1 1 1 1 1 1 1 0 0
1 1 1 1 1 1 0 0 0 0
0 1 0 1 0 1 0 0 0 0
0 1 1 1 1 0 0 0 0 0
0 0 0 0 0 0 0 0 0 0
Maze 78
97 41 3.0000000000 1.9800441945 47 0.388403230436919
53 4 73 28 3 46 61 82 79 90 74 8 46 81 92 53
3 3 23 23 43 41 81 72 89 84 4 6 41 91 52
402 402 402 401 401 402 401 402 401 401 402 402 402 401 402
0 0 1 1 1 1 1 1 0 0
0 0 1 1 0 1 0 0 0 0
0 0 1 1 1 1 1 1 0 0
0 0 1 1 0 1 0 0 0 0
1 1 1 1 1 1 0 0 0 0
1 1 2 1 0 0 0 0 0 0
1 1 1 1 0 0 0 0 0 0
1 1 1 1 1 1 1 1 1 0
1 1 0 1 1 1 1 1 1 1
1 1 0 0 0 0 0 0 0 0
Maze 79
95 112 3.0344827586 2.2694236115 55 0.406357983336859
56 45 37 9 88 13 99 98 32 35 56 90 44 3 52 56
55 35 7 8 83 93 400 92 400 55 86 84 43 2 400
401 402 402 402 401 401 400 401 400 401 401 401 401 402 400
0 1 1 0 0 0 1 1 1 0
0 1 1 0 0 0 1 1 0 0
0 1 1 0 0 0 1 1 0 0
0 1 1 1 1 1 1 1 0 0
0 1 1 1 1 0 0 1 0 0
0 1 1 1 1 2 0 1 0 0
0 1 1 1 0 1 0 1 0 0
0 1 1 1 0 1 0 1 0 0
0 1 1 1 1 1 1 1 1 1
0 1 1 1 1 1 1 1 1 0
Maze 80
101 20 3.3877551020 1.8755149644 66 0.370330651865935
80 44 77 19 18 77 59 78 3 62 44 82 91 26 2 80
74 74 17 400 17 57 58 73 2 42 42 81 21 22 72
401 401 402 400 402 402 402 401 402 402 402 402 402 401 401
0 1 1 0 0 0 0 0 0 0
0 1 1 0 0 0 1 1 1 0
1 1 1 1 1 1 1 0 0 0
1 1 1 0 0 0 1 0 0 0
1 1 1 1 0 0 1 0 0 0
1 1 1 1 0 0 1 1 1 0
1 1 1 1 0 0 1 1 0 0
1 1 1 1 1 1 1 1 1 2
1 1 0 0 0 0 0 0 0 0
1 0 0 0 0 0 0 0 0 0
Maze 81
97 187 3.4545454545 1.8686328133 60 0.378562559977949
83 43 4 76 34 87 70 86 13 67 7 13 78 88 52 83
400 3 74 74 84 67 66 83 63 400 3 73 400 82 82
400 402 401 401 401 402 402 401 401 400 402 401 400 401 401
0 0 1 1 1 1 1 0 0 0
0 0 1 1 0 0 1 0 0 0
0 0 1 1 0 0 1 0 0 0
0 0 1 1 0 0 1 0 0 0
0 0 1 1 0 0 1 0 0 0
0 1 1 1 0 0 1 0 0 0
0 1 1 1 1 1 1 1 1 1
0 1 1 1 1 1 1 1 0 0
0 1 2 1 1 1 1 1 0 0
0 0 0 0 0 0 0 0 0 0
Maze 82
81 412 3.3061224490 2.3061764237 30 0.386799029835997
39 30 46 67 24 21 75 48 13 14 85 52 34 12 66 39
29 26 66 64 400 71 45 43 400 84 82 32 32 62 36
402 402 401 401 400 401 402 401 400 401 401 402 401 401 402
0 0 0 0 0 0 0 0 0 0
0 1 1 1 0 0 0 0 0 0
1 1 1 1 0 1 1 1 1 1
1 1 1 1 0 1 1 1 2 0
1 1 1 1 1 1 1 1 0 0
1 1 0 1 1 1 0 0 0 0
1 1 1 1 1 1 1 0 0 0
1 1 1 1 1 0 0 0 0 0
0 1 1 1 1 0 0 0 0 0
0 0 0 0 0 0 0 0 0 0
Maze 83
109 370 3.1785714286 2.0515663646 85 0.387614015697593
39 78 48 1 30 70 25 91 41 91 40 29 32 87 45 39
38 400 41 21 400 65 21 400 400 31 39 22 82 85 35
402 400 401 401 400 401 402 400 400 402 401 402 401 401 402
1 0 0 0 0 0 0 0 0 0
1 0 0 0 0 0 0 0 0 0
1 1 1 1 1 1 1 1 1 1
1 1 1 1 1 1 1 1 2 1
1 1 1 1 1 1 1 1 0 1
1 1 0 0 1 0 0 1 0 1
1 1 0 0 1 1 1 1 1 1
1 1 0 0 1 0 0 1 0 0
1 1 1 1 1 1 1 0 0 0
1 0 0 0 0 0 0 0 0 0
Maze 84
109 173 3.3333333333 1.9014368669 92 0.386538745461122
7 29 86 8 94 40 28 84 83 93 86 10 27 33 80 7
27 26 6 4 34 38 24 400 400 83 6 7 23 73 77
401 402 402 402 402 401 402 400 400 402 402 402 402 401 401
0 0 0 1 1 1 2 1 1 1
0 0 0 1 0 1 1 0 0 0
0 0 1 1 1 1 1 1 1 0
0 0 1 1 1 1 1 1 1 1
0 0 1 1 0 1 1 0 0 0
0 0 1 1 0 1 1 0 0 0
0 0 1 1 0 1 1 0 0 0
0 0 1 1 1 1 1 1 1 1
0 0 1 1 1 1 0 0 0 0
0 0 1 1 0 0 0 0 0 0
Maze 85
105 11 3.6279069767 1.8207457955 62 0.388750183756124
51 59 41 70 84 2 32 60 91 11 52 41 13 6 51 51
400 51 61 64 82 400 52 51 400 51 51 11 3 1 400
400 401 401 402 401 400 401 402 400 401 401 402 402 402 400
1 1 1 1 1 1 0 0 0 0
1 1 1 0 0 0 0 0 0 0
1 1 0 0 0 0 0 0 0 0
1 1 0 0 0 0 0 0 0 0
1 1 0 0 0 0 0 0 0 0
2 1 1 1 1 1 1 1 1 1
1 1 1 1 1 1 1 1 1 1
1 1 0 1 0 0 0 0 0 0
1 1 1 1 0 0 0 0 0 0
1 0 0 0 0 0 0 0 0 0
Maze 86
97 46 3.0545454545 1.9914407138 60 0.367660268590521
68 81 96 80 99 26 28 36 98 29 53 30 13 11 49 68
61 91 76 79 96 400 26 96 28 23 23 23 400 41 48
402 401 402 402 401 400 402 401 402 402 402 401 400 401 402
0 0 0 0 0 0 0 0 0 0
1 1 1 0 0 0 0 0 0 0
1 0 1 1 1 1 1 1 1 1
1 0 1 0 0 1 0 1 0 0
1 1 1 1 1 1 1 1 1 0
0 0 1 0 0 1 0 1 0 0
1 1 1 1 1 1 1 2 0 0
1 0 0 0 0 1 1 1 1 1
1 0 0 0 0 1 0 1 1 0
1 1 1 1 1 1 1 1 1 0
Maze 87
117 5321 3.2881355932 2.0281472258 132 0.387082779336860
29 22 84 60 26 53 11 68 20 49 41 78 64 60 94 29
400 82 54 56 23 51 61 18 19 400 71 74 54 54 24
400 401 402 401 402 401 401 402 402 400 401 401 402 402 402
0 0 0 0 0 0 0 0 0 0
1 0 0 0 0 0 0 1 1 1
1 1 1 1 1 1 1 1 2 0
1 1 1 1 0 1 0 1 1 0
1 1 1 1 1 1 1 1 1 0
1 1 1 1 1 1 1 1 1 1
1 1 1 1 1 1 1 1 0 0
1 1 1 1 1 1 1 1 0 0
0 1 1 1 0 0 0 0 0 0
0 0 0 1 0 0 0 0 0 0
Maze 88
91 225 3.0384615385 2.0529113234 45 0.384015521738629
24 20 71 71 56 47 60 18 13 85 28 22 56 5 46 24
14 11 400 51 46 57 58 400 83 25 400 52 55 45 44
402 402 400 402 402 401 401 400 401 402 400 401 401 401 401
0 0 0 0 1 0 0 0 0 0
1 1 1 1 1 1 1 1 1 1
1 1 1 2 1 1 1 1 0 0
1 1 1 1 1 0 0 1 0 0
1 1 1 1 1 1 1 1 0 0
1 1 1 1 1 1 1 1 1 1
1 0 1 0 1 0 0 0 0 0
1 0 1 0 1 0 0 0 0 0
0 0 1 1 1 0 0 0 0 0
0 0 0 0 0 0 0 0 0 0
Maze 89
79 5 3.2272727273 2.0374628221 26 0.399859477864390
29 39 34 14 43 39 22 43 97 61 53 69 63 45 13 29
400 400 400 13 33 32 42 93 91 51 63 400 43 43 23
400 400 400 402 402 401 401 401 401 402 401 400 402 401 401
0 0 0 0 0 0 0 0 0 0
0 0 1 1 0 0 0 0 0 0
0 1 1 1 1 1 1 1 2 0
0 1 1 1 1 1 1 1 1 0
0 1 1 1 1 0 0 0 0 0
1 1 1 0 0 0 0 0 0 0
1 0 1 1 1 1 1 1 1 0
1 0 1 0 0 0 0 0 0 0
1 0 1 0 0 0 0 0 0 0
1 1 1 1 1 1 1 0 0 0
Maze 90
103 23 3.1379310345 2.0961637837 71 0.371434357521605
71 62 89 48 99 78 97 63 7 20 38 41 6 83 17 71
61 82 88 98 98 77 93 3 17 18 31 1 3 13 11
402 401 401 401 401 402 401 402 401 402 402 402 402 402 402
1 1 1 1 1 1 1 0 0 0
1 1 1 1 1 1 1 1 1 1
1 0 1 0 0 0 0 1 0 0
1 1 1 1 1 1 1 1 0 0
1 0 1 0 0 0 0 1 0 0
1 0 1 0 0 0 0 1 0 0
1 1 1 0 0 0 0 1 0 0
2 1 1 0 0 0 1 1 0 0
0 1 1 1 1 1 1 1 1 0
0 0 1 1 1 1 1 1 1 0
Maze 91
119 1358 3.2857142857 1.9725486941 126 0.388175543571892
69 73 68 14 92 21 73 38 18 41 87 6 67 1 23 69
63 63 64 12 91 71 33 400 11 81 86 66 61 21 63
402 402 401 402 401 401 402 400 402 401 401 401 401 401 401
1 0 0 0 0 1 0 0 0 0
1 1 1 1 1 1 1 1 0 0
1 1 1 1 0 1 0 1 0 0
1 1 1 1 1 1 1 1 0 0
1 1 1 1 0 1 0 0 0 0
1 1 1 1 0 1 0 0 0 0
1 1 1 1 1 1 1 1 2 0
1 1 1 0 0 1 0 0 0 0
1 1 1 1 1 1 1 0 0 0
1 1 0 0 0 0 0 0 0 0
Maze 92
103 355 3.6521739130 2.0523633414 77 0.385580461586156
38 79 72 46 39 94 44 11 64 11 26 65 2 65 22 38
78 400 42 36 34 400 41 61 61 21 25 62 62 62 32
401 400 402 402 402 400 401 401 401 401 402 401 401 401 401
0 1 0 0 0 0 0 0 0 0
1 1 0 0 0 0 0 0 0 0
1 1 1 1 1 1 0 0 0 0
1 1 1 1 1 1 1 2 1 0
1 1 1 1 1 1 0 1 0 0
1 1 0 1 1 0 0 1 0 0
1 1 1 1 1 0 0 1 0 0
0 1 1 1 1 1 1 1 1 0
0 0 0 1 0 0 0 0 0 0
0 0 0 1 0 0 0 0 0 0
Maze 93
105 264 2.9062500000 2.2099806235 97 0.364576123141467
5 31 69 17 70 90 69 80 49 22 63 8 72 96 90 5
1 61 67 67 400 89 79 79 42 62 3 2 92 86 85
402 401 401 401 400 401 401 401 401 401 402 402 401 402 401
1 1 1 1 2 1 1 1 0 0
1 1 1 0 1 0 1 0 0 0
1 1 1 0 1 0 1 0 0 0
1 1 1 0 1 0 1 0 0 0
1 1 1 1 1 1 1 1 1 0
1 1 1 0 1 0 1 0 1 0
1 1 1 1 1 1 1 1 1 1
0 1 0 0 1 0 0 0 1 1
0 1 0 0 1 1 1 1 1 1
0 1 1 1 1 1 0 0 0 0
Maze 94
85 22 4.0000000000 1.8630761059 40 0.378976881634804
7 66 39 89 39 59 17 48 7 45 46 40 95 30 35 7
6 36 400 400 400 57 47 47 5 400 36 35 25 25 5
402 402 400 400 400 401 401 401 402 400 402 402 402 402 402
0 0 0 0 1 1 2 0 0 0
0 0 0 0 1 1 1 0 0 0
0 0 0 0 1 1 1 1 1 1
0 0 0 0 1 1 1 1 1 1
0 0 0 0 1 1 1 1 1 0
0 0 0 0 1 1 1 1 1 0
0 0 0 0 1 1 0 0 1 0
0 0 0 0 1 0 0 0 1 0
0 0 0 0 1 0 0 0 1 0
0 0 0 0 1 0 0 0 0 0
Maze 95
95 126 3.3877551020 2.0767169931 62 0.390358449701479
47 23 41 83 31 57 62 62 46 37 73 20 65 96 61 47
43 21 81 81 51 52 400 42 36 33 13 15 95 91 41
401 402 401 401 401 402 400 402 402 402 402 402 401 401 402
0 0 0 0 0 0 0 0 0 0
0 0 1 1 1 1 1 1 1 1
1 1 1 0 1 0 0 0 0 0
1 0 1 1 1 1 1 0 0 0
1 1 1 1 1 1 2 0 0 0
1 1 1 1 1 1 1 0 0 0
1 1 1 0 1 0 0 0 0 0
1 0 1 0 1 0 0 0 0 0
1 1 1 0 1 0 0 0 0 0
1 1 1 1 1 1 0 0 0 0
Maze 96
107 30 3.6603773585 2.0496673999 87 0.400468711526270
53 85 3 93 66 5 47 34 99 100 62 67 4 38 1 53
83 83 400 63 65 45 44 94 400 92 400 64 34 31 51
401 401 400 402 401 401 401 401 400 401 400 401 401 401 401
1 0 1 1 1 0 0 0 0 0
1 0 1 1 1 0 0 0 0 0
1 0 1 1 1 0 0 0 0 0
1 1 1 1 1 1 1 1 0 0
1 0 1 1 1 1 1 0 0 0
1 1 2 1 1 0 0 0 0 0
0 1 1 1 1 1 1 0 0 0
0 1 1 1 0 0 0 0 0 0
0 1 1 1 1 0 0 0 0 0
0 1 1 1 1 1 1 1 1 1
Maze 97
89 31 3.0384615385 2.0608034551 32 0.391507106237142
32 25 59 42 59 69 93 90 85 79 97 60 36 64 91 32
22 55 52 52 400 63 83 400 75 77 57 56 34 61 31
402 401 401 401 400 402 402 400 402 402 402 401 402 402 402
0 0 0 0 0 0 0 0 0 0
0 0 0 0 0 0 0 0 0 0
0 1 1 1 1 0 0 0 0 0
1 2 0 1 1 1 0 0 0 0
1 1 0 1 1 1 0 0 0 0
1 1 1 1 1 1 1 1 1 1
1 1 1 1 1 1 1 1 1 0
1 0 1 0 1 1 1 1 1 0
1 0 1 1 1 1 1 1 1 1
1 0 1 0 0 0 1 0 0 0
Maze 98
101 51 2.9333333333 2.0743230103 58 0.371315352936343
78 9 80 60 89 69 70 14 65 4 88 63 13 19 81 78
8 79 400 59 400 400 64 64 64 84 83 400 400 11 71
402 401 400 402 400 400 401 401 401 401 401 400 400 402 402
0 0 0 1 0 0 0 1 1 0
1 1 1 1 1 1 1 1 1 0
1 0 1 1 0 0 0 1 1 0
1 0 1 1 0 0 0 1 1 0
1 0 1 1 0 0 0 1 1 0
1 0 1 1 0 0 0 1 1 1
1 0 1 1 1 1 1 1 1 1
1 1 1 1 1 1 1 2 1 1
1 0 1 1 1 1 1 1 1 0
0 0 0 0 0 0 0 0 0 0
Maze 99
107 153 2.9090909091 2.2914768149 99 0.386898931617867
100 60 43 4 7 29 81 26 62 92 93 77 91 19 6 100
400 53 3 400 27 21 21 22 400 400 73 71 11 16 96
400 401 402 400 401 402 402 402 400 400 402 402 402 401 401
0 0 1 1 1 1 1 0 0 0
1 1 1 1 1 1 1 1 1 0
1 1 1 1 1 1 1 1 1 0
1 1 1 0 0 1 0 0 0 0
1 1 1 0 0 1 0 0 0 0
1 1 1 1 1 1 1 1 1 1
1 1 0 0 0 1 0 0 0 1
1 1 1 1 1 1 1 0 0 1
1 1 1 0 0 1 0 0 0 1
1 1 1 0 0 1 1 1 1 2
Maze 100
87 74 2.5757575758 2.4219989377 29 0.371747845200930
20 17 60 68 8 25 71 100 30 39 4 46 83 59 30 20
400 57 58 400 5 21 91 400 29 34 44 43 53 29 400
400 401 402 400 402 402 401 400 402 401 401 402 402 402 400
0 0 0 1 1 1 1 1 0 0
0 0 0 1 1 0 1 1 1 2
1 1 1 1 1 0 1 1 1 1
1 0 0 1 1 1 1 1 1 1
1 0 1 1 1 1 1 1 1 1
1 0 1 1 1 1 1 1 1 1
1 0 1 0 0 0 0 1 0 1
1 0 1 0 0 0 0 0 0 1
1 0 1 0 0 0 0 0 0 1
1 1 1 1 1 1 1 1 1 1
Maze 101
101 68 3.0689655172 2.1275846358 77 0.386758108673228
11 2 66 40 17 64 59 64 70 52 71 96 30 40 81 11
1 62 36 37 14 54 54 400 62 51 91 26 400 31 400
402 401 402 401 402 402 402 400 401 402 401 402 400 402 400
1 1 0 0 0 0 0 0 0 0
2 1 0 1 1 1 1 0 0 0
1 1 0 1 0 1 1 1 1 1
1 1 1 1 1 1 1 1 1 1
1 1 0 1 0 1 0 0 0 0
1 1 0 1 1 1 1 1 1 0
1 1 1 1 1 1 1 1 1 1
1 0 0 0 0 1 0 0 0 0
1 0 0 0 0 1 0 0 0 0
1 1 1 1 1 1 0 0 0 0
Maze 102
93 211 2.8474576271 2.2136457562 50 0.364837212839203
85 60 80 30 51 34 61 89 60 18 12 39 17 37 92 85
55 400 400 21 31 31 81 59 58 400 32 37 400 32 82
402 400 400 402 402 402 401 402 401 400 401 401 400 402 402
0 0 0 0 0 0 0 0 0 0
0 1 1 1 1 1 1 1 0 0
1 1 1 1 1 1 1 1 1 1
1 1 1 1 1 1 1 1 1 1
1 1 0 0 0 0 0 1 0 1
1 1 0 0 1 1 1 1 1 1
1 1 0 0 1 0 0 0 1 1
1 1 0 0 1 0 0 0 1 1
1 1 1 1 2 1 1 1 1 0
0 1 0 0 0 0 0 0 0 0
Maze 103
123 15 3.3114754098 2.0136905464 131 0.380778819865165
11 60 88 6 90 72 38 26 76 6 30 2 91 7 8 11
51 58 86 86 82 32 36 400 400 26 22 1 1 400 1
401 402 401 401 401 402 401 400 400 401 401 402 402 400 402
1 1 1 1 1 1 1 1 0 0
2 1 0 0 0 1 0 0 0 0
1 1 1 1 1 1 1 1 1 1
1 1 1 1 1 1 1 1 0 0
1 1 0 0 0 1 0 0 0 0
1 1 1 1 1 1 1 1 1 1
1 1 0 0 0 1 0 1 0 0
1 1 0 0 0 1 0 1 0 0
1 1 1 1 1 1 1 1 1 1
1 0 0 0 0 0 0 0 0 0
Maze 104
89 68 2.7142857143 2.1047990871 35 0.409509775739539
67 58 18 5 13 25 4 90 61 69 100 79 90 41 7 67
57 400 15 3 23 24 84 81 400 99 99 89 81 1 400
402 400 401 402 401 401 401 401 400 401 401 401 401 402 400
1 1 1 1 1 1 1 0 0 0
1 0 1 1 1 1 1 1 0 0
1 0 1 1 1 0 1 1 0 0
1 0 0 1 0 0 1 1 0 0
1 0 0 1 0 0 1 1 0 0
1 0 0 1 0 0 1 1 0 0
1 1 1 1 1 1 2 1 1 0
1 0 0 1 0 0 0 0 1 0
1 1 1 1 1 1 1 1 1 1
0 0 0 0 0 0 0 0 1 1
Maze 105
113 336 3.4237288136 2.2306852128 105 0.375374037154671
31 94 95 80 98 74 22 31 85 6 82 81 18 61 60 31
91 400 75 78 94 72 21 81 5 2 400 11 11 51 51
401 400 402 402 401 401 402 401 402 402 400 402 402 402 401
0 1 1 1 1 1 0 0 0 0
1 1 1 1 1 1 1 1 0 0
1 1 0 0 1 0 0 0 0 0
2 1 0 0 1 0 0 0 0 0
1 1 0 0 1 0 0 0 0 0
1 1 1 1 1 1 1 1 1 1
1 1 0 0 1 0 0 0 0 0
1 1 1 1 1 1 1 1 1 1
1 1 1 1 1 0 0 1 0 0
1 1 1 1 1 1 1 1 0 0
Maze 106
95 140 3.2340425532 1.9050013803 71 0.380408130611501
67 41 72 60 50 43 69 46 22 58 48 33 97 7 97 67
61 71 52 400 400 63 66 42 52 400 43 93 400 400 400
401 401 402 400 400 401 401 401 401 400 401 401 400 400 400
0 0 0 0 0 0 1 0 0 0
0 0 0 0 0 0 1 0 0 0
0 1 0 0 0 0 1 0 0 0
0 1 1 0 0 0 1 0 0 0
1 1 1 1 1 1 1 1 1 1
1 1 1 1 1 1 1 1 1 1
1 1 1 1 1 1 2 1 1 0
1 1 1 0 0 0 1 0 0 0
0 0 1 0 0 0 1 0 0 0
0 0 1 1 1 1 1 0 0 0
Maze 107
129 100 3.6226415094 1.9284674379 140 0.395833131538839
65 41 17 41 1 88 97 53 95 19 93 71 98 61 8 65
61 11 11 400 81 87 93 93 15 13 91 91 91 1 5
401 402 402 400 401 402 401 401 402 402 401 401 401 402 402
1 1 1 1 1 1 1 1 0 0
1 1 1 1 1 1 1 1 1 0
1 0 1 0 1 0 0 0 0 0
1 0 1 0 1 0 0 0 0 0
1 0 1 0 1 0 0 0 0 0
1 0 1 0 1 0 0 0 0 0
1 1 1 1 2 0 0 0 0 0
1 0 1 0 1 0 0 0 0 0
1 1 1 1 1 1 1 1 0 0
1 1 1 1 1 1 1 1 0 0
Maze 108
97 305 3.2413793103 2.2448174662 71 0.373284675151973
83 36 98 28 22 60 62 5 43 71 6 38 58 98 86 83
33 96 400 400 52 52 2 3 41 1 36 400 400 96 400
402 401 400 400 401 402 402 402 402 402 401 400 400 401 400
1 1 1 1 1 1 0 0 0 0
1 1 1 0 0 1 0 0 0 0
1 1 1 1 1 1 1 1 0 0
1 1 1 1 1 1 1 1 0 0
1 1 1 0 0 1 0 1 0 0
1 1 1 1 1 1 1 1 1 1
1 1 1 0 0 1 0 1 0 0
1 0 1 0 0 1 0 1 0 0
0 0 2 1 1 1 0 1 0 0
0 0 0 0 0 1 1 1 0 0
Maze 109
69 27 3.0232558140 2.1402797331 10 0.346166841806983
77 80 6 55 62 64 54 12 4 11 21 42 11 27 32 77
400 76 5 52 400 400 52 2 1 400 41 41 21 22 72
400 401 402 402 400 400 401 402 402 400 401 401 401 402 401
1 1 1 1 1 1 0 0 0 0
1 1 0 0 1 1 0 0 0 0
1 1 1 1 1 1 1 0 0 0
1 1 0 0 1 1 0 0 0 0
1 1 0 0 1 1 0 0 0 0
0 1 1 1 1 1 0 0 0 0
0 1 1 1 0 1 0 0 0 0
0 1 1 1 1 1 2 1 1 1
0 0 0 0 0 0 0 0 0 0
0 0 0 0 0 0 0 0 0 0
Maze 110
89 54 3.4230769231 2.2478822365 56 0.390630965605244
41 18 74 86 89 87 14 2 65 80 95 97 7 59 56 41
11 14 84 400 400 84 12 62 75 75 400 400 57 400 51
402 402 401 400 400 401 401 401 401 402 400 400 401 400 401
0 1 0 0 0 0 1 0 0 0
1 1 1 1 1 1 1 1 0 0
1 1 0 1 0 0 1 0 0 0
1 1 0 1 0 0 1 0 0 0
2 1 0 1 0 0 1 0 0 0
1 1 1 1 1 1 1 1 1 0
0 1 1 1 1 0 1 0 0 0
0 0 0 1 1 1 1 1 1 1
0 0 0 1 1 1 1 1 1 0
0 0 0 0 1 1 1 0 0 0
Maze 111
95 32 2.8421052632 2.1132139551 51 0.407455471973470
10 46 51 5 32 8 24 23 6 99 42 37 69 68 7 10
6 41 1 2 2 4 400 3 96 92 32 67 400 67 400
402 402 402 402 402 402 400 402 401 401 402 401 400 401 400
1 1 1 1 1 1 1 1 1 2
1 1 1 1 0 1 1 0 0 0
1 1 1 1 0 1 1 0 0 0
1 1 1 1 1 1 1 0 0 0
1 1 1 1 1 1 1 0 0 0
1 1 0 0 0 1 1 0 0 0
0 1 0 0 0 1 1 1 1 0
0 1 0 0 0 1 0 0 0 0
0 1 0 0 0 1 0 0 0 0
0 1 1 1 1 1 1 1 1 0
Maze 112
113 13 3.2727272727 1.9424037235 81 0.390728323740983
59 64 78 4 59 51 57 27 55 35 86 99 91 9 94 59
54 74 74 54 400 400 400 25 400 85 96 400 1 4 54
402 401 401 401 400 400 400 402 400 401 401 400 402 402 402
1 1 1 1 1 1 1 1 1 0
1 0 0 1 0 0 0 0 0 0
1 0 0 1 1 1 1 0 0 0
1 0 0 1 1 0 1 0 0 0
1 0 0 1 1 0 1 0 0 0
1 1 1 1 1 1 1 1 2 0
1 0 0 1 1 0 0 0 0 0
1 0 0 1 1 1 1 1 0 0
1 0 0 1 1 1 0 0 0 0
1 1 1 1 1 1 1 1 1 0
Maze 113
89 19 3.0000000000 2.0939892289 50 0.364131758309750
29 3 72 93 53 59 40 46 18 42 8 73 23 58 49 29
23 2 92 400 400 39 36 16 12 2 3 400 53 48 400
401 402 401 400 400 402 402 402 402 402 402 400 401 402 400
0 1 1 1 1 1 1 1 0 0
0 1 1 1 1 1 1 1 0 0
0 1 1 1 1 1 1 1 2 0
0 1 1 0 0 1 1 1 1 1
0 1 1 0 0 1 0 1 1 0
0 1 1 1 1 1 1 1 1 0
0 1 1 0 0 0 0 0 0 0
0 1 1 0 0 0 0 0 0 0
0 1 1 0 0 0 0 0 0 0
0 1 1 0 0 0 0 0 0 0
Maze 114
99 124 2.7619047619 2.1815393674 64 0.390062705165375
56 58 9 26 100 52 25 73 41 7 65 18 96 45 47 56
400 8 6 96 92 22 23 71 1 5 15 16 95 400 46
400 402 402 401 401 402 402 401 402 402 402 402 401 400 402
1 1 1 1 1 1 1 1 1 0
1 0 0 0 1 1 1 1 0 0
1 1 1 1 1 1 0 1 0 0
1 1 1 0 1 1 0 1 0 0
1 1 1 0 1 1 1 1 0 0
1 1 1 0 1 2 1 1 0 0
1 1 1 0 1 1 0 0 0 0
1 1 1 0 1 1 0 0 0 0
0 1 0 0 1 1 0 0 0 0
0 1 1 1 1 1 1 1 1 1
Maze 115
85 461 2.7169811321 2.1140733973 40 0.403849875821418
57 27 57 41 13 39 17 20 88 77 29 80 56 9 98 57
400 400 51 11 33 37 400 18 87 27 79 76 6 8 97
400 400 401 402 401 401 400 402 401 402 401 401 402 402 401
0 0 0 0 0 1 1 1 1 0
1 1 1 0 0 1 1 1 1 1
1 0 1 0 0 1 1 1 1 0
1 0 1 1 1 1 1 1 1 0
1 0 0 0 0 1 1 1 1 0
1 1 1 1 1 1 2 1 1 0
0 0 0 0 0 1 1 1 1 0
0 0 0 0 0 1 1 1 1 1
0 0 0 0 0 0 1 1 0 0
0 0 0 0 0 0 1 1 0 0
Maze 116
103 488 3.1578947368 2.1950160786 66 0.385935330163244
18 55 31 44 75 58 14 100 39 33 18 57 40 5 52 18
15 51 41 74 55 54 94 99 400 13 17 37 35 2 12
402 401 401 401 402 401 401 401 400 402 402 402 401 402 402
0 1 1 1 1 0 0 0 0 0
0 1 1 1 1 1 1 2 0 0
0 1 1 1 1 0 1 0 0 0
1 1 1 1 1 1 1 1 1 1
1 1 1 1 1 0 1 0 1 0
1 1 1 1 1 1 1 1 1 0
0 0 0 1 1 0 0 0 1 0
0 0 0 1 1 0 0 0 1 0
0 0 0 1 0 0 0 0 1 0
0 0 0 1 1 1 1 1 1 1
Maze 117
87 12 3.3333333333 2.1318275832 40 0.381548416698825
71 42 32 35 33 99 62 98 27 41 27 87 66 59 72 71
41 400 400 400 93 92 92 97 21 21 400 86 56 52 400
402 400 400 400 401 401 401 401 402 402 400 401 402 402 400
0 0 0 0 0 0 0 0 0 0
0 0 0 0 0 0 0 0 0 0
1 1 1 1 1 1 1 0 0 0
1 1 1 1 1 0 1 0 0 0
1 1 1 0 0 0 1 0 0 0
1 1 1 1 1 1 1 1 1 0
1 1 1 0 0 1 1 0 0 0
2 1 1 0 0 1 1 0 0 0
0 1 1 0 0 1 1 0 0 0
0 1 1 1 1 1 1 1 1 0
Maze 118
77 527 2.9090909091 2.0180422358 26 0.389446648000087
16 35 66 96 56 22 42 18 77 34 13 68 68 79 32 16
15 65 400 400 52 400 12 17 74 33 63 400 78 72 12
402 401 400 400 401 400 402 402 401 401 401 400 401 401 402
0 0 0 0 0 0 0 0 0 0
0 1 1 1 1 2 1 1 0 0
0 1 1 0 1 0 1 0 0 0
0 1 1 1 1 0 1 0 0 0
0 1 1 1 1 0 1 0 0 0
0 1 1 1 1 1 1 0 0 0
0 1 1 1 1 1 1 1 0 0
0 1 1 1 1 1 1 1 1 0
0 0 0 0 0 1 0 0 0 0
0 0 0 0 0 1 0 0 0 0
Maze 119
115 100 3.1746031746 2.2136638897 113 0.380759027142260
71 1 65 50 53 85 42 7 31 99 37 39 84 24 86 71
400 61 45 43 83 82 2 1 91 97 400 34 400 84 81
400 401 402 402 401 401 402 402 401 401 400 402 400 401 401
1 1 1 1 1 1 1 0 0 0
1 1 0 0 0 0 0 0 0 0
1 1 0 1 0 0 0 0 0 0
1 1 0 1 1 1 1 1 1 0
1 1 1 1 1 1 1 1 1 1
1 1 1 1 1 0 1 0 0 0
1 1 1 1 1 0 1 0 0 0
2 1 1 1 0 0 1 0 0 0
1 1 1 1 1 1 1 0 0 0
1 1 1 1 1 1 1 1 1 0
Maze 120
85 161 3.4285714286 2.0259758536 38 0.408935514082226
51 46 14 33 86 22 82 28 23 45 28 10 38 13 12 51
41 44 13 83 82 400 22 400 43 25 8 8 33 400 11
402 401 402 401 401 400 402 400 401 402 402 402 401 400 402
0 0 0 0 0 0 0 1 1 1
1 1 1 1 0 0 0 1 0 0
1 1 1 1 1 1 1 1 0 0
1 1 1 1 1 1 1 1 0 0
1 1 1 1 1 1 0 0 0 0
2 1 1 0 0 0 0 0 0 0
0 1 1 0 0 0 0 0 0 0
0 1 1 0 0 0 0 0 0 0
0 1 1 1 1 1 0 0 0 0
0 0 0 0 0 0 0 0 0 0
Maze 121
91 1097 3.2307692308 2.2034033850 45 0.386449919931972
92 84 55 55 92 93 44 54 40 72 75 60 16 87 30 92
82 54 400 52 400 43 400 34 32 400 55 56 86 27 22
402 402 400 402 400 402 400 402 402 400 402 401 401 402 402
0 0 0 0 0 0 0 0 0 0
0 0 0 0 0 1 0 0 0 0
0 1 1 1 1 1 1 1 1 1
0 1 1 1 1 1 1 1 1 1
0 1 1 1 0 1 1 0 0 0
0 1 1 1 1 1 1 1 1 1
0 1 1 1 1 1 1 0 0 0
0 1 1 1 1 1 1 0 0 0
0 1 1 1 0 1 1 0 0 0
0 2 1 0 0 0 0 0 0 0
Maze 122
99 173 3.2075471698 2.0251237962 71 0.402351310295614
19 17 2 19 33 2 11 87 4 68 43 14 58 97 46 19
400 12 12 13 32 1 81 84 64 63 13 54 57 96 16
400 401 401 402 401 402 401 401 401 401 402 401 402 401 402
1 1 0 1 0 0 0 0 0 0
1 1 1 1 1 1 1 1 2 0
1 1 1 1 0 1 0 0 0 0
1 1 1 1 0 1 0 0 0 0
1 0 1 1 0 1 0 0 0 0
1 0 1 1 1 1 1 1 0 0
1 0 1 1 1 1 1 1 0 0
1 0 0 1 0 1 1 0 0 0
1 1 1 1 1 1 1 0 0 0
0 0 0 0 0 1 1 0 0 0
Maze 123
103 308 2.9523809524 2.2041294364 64 0.386345528842857
39 32 99 80 24 42 58 55 64 60 46 95 27 83 9 39
400 92 79 74 22 52 400 54 54 56 45 25 23 3 400
400 401 402 401 402 401 400 402 402 401 402 402 402 402 400
0 0 1 1 1 1 1 1 1 0
0 0 1 0 0 0 0 0 1 0
0 1 1 1 1 1 1 0 1 0
0 1 1 1 1 1 1 1 2 0
0 1 1 1 1 1 0 0 0 0
0 1 1 1 1 1 1 1 1 1
0 1 1 1 1 0 0 0 0 0
0 1 1 1 1 1 1 1 1 1
0 1 1 0 1 0 0 0 1 0
0 1 1 1 1 1 1 1 1 0
Maze 124
81 12 2.8333333333 2.0916755873 30 0.356919177848296
54 100 28 79 5 5 36 60 58 29 30 60 8 74 95 54
94 98 78 75 400 35 56 400 28 400 400 58 4 94 94
401 401 401 401 400 401 401 400 402 400 400 401 402 401 401
0 0 0 1 1 1 1 1 0 0
0 0 0 1 1 0 0 1 0 0
0 0 0 1 1 0 0 1 1 1
0 0 0 1 1 1 0 1 0 1
0 0 0 1 1 1 0 1 0 1
0 0 0 2 1 1 1 1 1 1
0 0 0 1 1 0 0 1 0 0
0 0 0 1 1 1 1 1 1 0
0 0 0 1 0 0 0 1 0 0
0 0 0 1 1 1 1 1 1 1
Maze 125
113 105 2.9552238806 2.1968520703 97 0.381290289212958
80 18 84 3 11 99 43 6 46 10 31 15 42 38 49 80
78 14 83 1 91 93 3 400 6 1 11 12 32 48 79
401 402 401 402 401 401 402 400 402 402 402 402 402 401 401
1 1 1 1 1 1 1 1 1 1
1 1 1 1 1 1 1 1 0 0
1 1 1 1 0 1 0 1 0 0
1 1 1 1 1 1 1 1 0 0
1 1 1 1 0 1 0 1 1 0
1 0 1 1 0 0 0 1 1 0
1 0 1 1 0 0 0 1 1 0
1 0 1 1 0 0 0 1 1 2
1 0 1 1 0 0 0 0 0 0
1 1 1 1 1 1 1 1 1 0
Maze 126
93 12 3.5319148936 2.1567518755 22 0.399226965807282
12 4 55 30 95 100 74 41 21 76 61 13 7 12 17 12
2 54 25 25 400 94 71 400 71 71 11 3 2 400 400
402 401 402 402 400 401 401 400 401 401 402 402 402 400 400
0 1 1 1 1 1 1 0 0 0
1 2 1 1 1 1 1 0 0 0
1 0 0 1 1 1 1 1 1 1
1 0 0 1 1 0 0 0 0 0
1 0 0 1 1 0 0 0 0 0
1 0 0 1 1 0 0 0 0 0
1 0 0 0 1 0 0 0 0 0
1 1 1 1 1 1 0 0 0 0
0 0 0 1 1 0 0 0 0 0
0 0 0 1 1 1 1 1 1 1
Maze 127
93 34 3.2592592593 2.2166146212 41 0.401683877414418
21 25 31 69 23 65 14 56 30 6 68 60 80 19 10 21
400 21 61 63 63 64 54 26 26 66 58 400 79 9 1
400 402 401 401 401 401 401 402 401 401 402 400 401 402 402
1 1 1 1 1 1 1 1 1 1
1 0 0 1 0 1 0 0 1 0
2 1 1 1 1 1 1 1 1 1
1 0 1 1 0 1 0 0 1 0
1 0 1 1 0 1 0 0 1 0
1 0 1 1 1 1 0 1 1 1
1 1 1 1 1 1 1 1 1 1
0 0 0 0 0 0 0 0 1 1
0 0 0 0 0 0 0 0 0 0
0 0 0 0 0 0 0 0 0 0
Maze 128
105 470 3.1698113208 1.9147952737 112 0.390595705539863
2 58 67 11 55 15 14 96 37 66 52 95 18 1 55 2
52 57 61 51 400 400 94 36 36 62 92 15 11 51 52
401 402 401 401 400 400 401 402 402 401 401 402 401 401 401
1 2 0 0 0 0 0 0 0 0
1 1 1 1 1 1 1 1 0 0
1 1 0 1 1 0 0 0 0 0
1 1 0 1 1 1 1 0 0 0
1 1 0 1 1 1 0 0 0 0
1 1 1 1 1 1 1 1 0 0
1 1 1 1 1 1 1 0 0 0
0 1 0 1 1 1 0 0 0 0
0 1 0 1 1 1 0 0 0 0
0 1 1 1 1 1 0 0 0 0
Maze 129
91 46 3.2244897959 2.0227214510 36 0.381653055750209
79 60 49 24 63 79 51 34 1 2 89 85 13 88 97 79
59 59 44 23 73 71 31 31 400 82 400 83 83 87 77
402 401 401 402 401 401 402 401 400 401 400 401 401 402 402
1 1 0 0 0 0 0 0 0 0
1 1 1 0 0 0 0 0 0 0
1 1 1 1 0 0 0 0 0 0
1 1 1 1 0 0 0 0 0 0
1 1 1 1 1 1 1 1 1 0
1 1 1 0 0 0 0 0 1 1
1 1 1 0 0 0 0 0 1 0
1 1 1 1 1 1 1 1 2 0
0 1 1 1 1 1 1 1 1 0
0 0 0 0 0 0 1 0 0 0
Maze 130
93 93 3.4468085106 2.0674287209 33 0.380698133600629
82 22 69 97 83 57 94 15 4 8 84 57 89 71 63 82
400 62 67 93 53 54 14 14 400 4 54 87 81 61 62
400 401 402 401 402 402 402 401 400 402 402 401 401 402 402
0 0 0 1 1 1 1 1 0 0
0 0 0 1 1 0 0 0 0 0
0 1 0 1 0 0 0 0 0 0
0 1 0 1 0 0 0 0 0 0
0 1 0 1 0 0 0 0 0 0
0 1 1 1 1 1 1 0 0 0
1 1 1 1 1 1 1 1 1 0
1 1 1 1 0 0 1 0 0 0
1 2 1 1 1 1 1 1 1 0
0 0 1 1 1 1 1 0 0 0
Maze 131
85 35 2.8727272727 2.1348301883 50 0.358595221136695
24 76 73 85 43 54 19 29 9 10 61 78 36 97 8 24
74 400 83 83 53 14 400 400 400 1 71 76 96 7 4
401 400 401 401 401 402 400 400 400 402 401 401 401 402 402
1 1 1 1 1 1 1 1 1 1
1 0 0 1 1 1 1 1 1 0
1 0 0 2 0 0 1 0 1 0
1 0 0 1 0 1 1 0 0 0
1 0 1 1 0 1 1 0 0 0
1 0 1 1 0 1 1 0 0 0
1 0 1 1 0 1 1 0 0 0
1 1 1 1 1 1 1 1 0 0
0 0 1 1 1 1 1 0 0 0
0 0 0 0 0 1 1 0 0 0
Maze 132
111 119 3.3000000000 2.1480336261 105 0.381269068213749
87 34 56 76 7 33 20 45 28 84 5 98 42 22 60 87
84 54 400 6 3 13 15 25 24 4 95 92 400 52 57
401 401 400 402 402 402 402 402 402 402 401 401 400 401 402
0 0 1 1 1 1 1 0 0 0
0 0 1 1 1 1 1 1 1 1
0 1 1 1 1 1 1 1 0 0
0 1 1 1 1 1 0 0 0 0
0 1 0 1 1 1 0 0 0 0
0 1 1 1 1 1 1 1 1 1
0 1 0 1 1 1 1 0 0 0
0 1 0 1 1 1 1 0 0 0
0 1 0 1 1 1 2 0 0 0
0 1 1 1 1 1 1 1 0 0
Maze 133
83 12 3.3023255814 2.0259758536 26 0.372678918407999
79 77 48 47 63 83 48 4 39 90 77 20 37 14 94 79
400 47 400 43 400 43 44 34 89 87 17 17 34 400 74
400 402 400 402 400 402 401 401 401 401 402 402 401 400 402
0 0 0 1 0 0 0 0 0 0
0 0 0 1 0 0 1 1 1 1
0 0 0 1 0 0 1 0 0 0
0 0 0 1 1 1 1 1 1 0
0 0 1 1 1 1 1 1 1 0
0 0 1 1 0 0 1 0 1 0
0 0 1 1 0 0 1 0 1 0
0 0 1 1 1 1 1 1 2 0
0 0 1 1 0 0 1 1 1 1
0 0 0 1 0 0 0 0 0 0
Maze 134
101 186 3.3461538462 1.9641229842 84 0.390318658239849
83 36 55 50 16 97 82 54 69 95 61 72 13 97 25 83
33 35 45 46 96 92 52 64 65 91 71 12 93 95 23
402 402 402 401 401 401 402 401 402 401 401 402 401 401 402
0 0 0 0 0 0 0 0 0 0
0 1 1 0 0 1 0 0 0 0
0 1 1 1 1 1 0 0 0 0
0 1 1 1 1 1 0 0 0 0
0 1 1 0 1 1 1 1 1 1
0 1 1 1 1 1 0 0 0 0
1 1 1 1 1 1 1 1 1 0
1 1 1 0 1 1 0 0 0 0
1 1 2 0 1 1 0 0 0 0
1 1 1 1 1 1 1 0 0 0
Maze 135
95 758 3.1228070175 2.1843202261 71 0.390891867480847
50 32 73 86 59 48 95 28 19 98 64 48 40 73 29 50
42 72 83 56 58 45 25 18 18 94 44 38 33 23 49
401 401 401 402 401 402 402 402 402 401 402 402 402 402 401
0 0 0 0 0 0 0 0 0 0
0 0 0 0 0 0 0 1 1 0
0 0 1 1 1 1 1 1 1 0
0 1 1 1 1 1 1 1 1 1
0 1 1 1 1 1 1 1 1 2
0 1 1 1 1 1 1 1 1 0
0 1 1 1 1 1 0 1 0 0
0 1 1 1 1 1 0 1 0 0
0 0 1 1 1 1 0 1 0 0
0 0 0 1 1 1 1 1 0 0
Maze 136
93 147 3.3061224490 2.0640750970 45 0.403126717394294
36 81 49 24 29 38 96 81 77 89 56 40 56 25 50 36
31 41 44 400 28 36 91 71 87 86 36 36 55 45 46
402 402 401 400 402 402 401 402 401 401 402 402 401 401 401
0 0 0 0 0 0 0 0 0 0
0 0 0 0 0 0 0 0 0 0
0 0 0 1 1 1 1 1 1 0
1 1 1 1 1 2 1 1 1 1
1 1 1 1 1 1 1 1 1 1
1 0 0 0 1 1 0 0 0 0
1 0 0 0 0 1 0 0 0 0
1 1 1 1 1 1 1 0 0 0
1 0 0 0 0 1 1 1 1 0
1 1 1 1 1 1 0 0 0 0
Maze 137
105 33 3.0175438596 2.0129119245 84 0.395033483712642
62 19 89 100 71 38 40 55 30 79 98 45 98 35 92 62
12 400 99 91 31 400 35 25 29 78 95 95 95 32 400
402 400 401 401 402 400 402 402 402 402 401 401 401 402 400
0 0 0 0 0 0 0 0 0 0
0 1 1 1 1 1 1 1 1 0
0 1 0 0 1 1 1 1 1 1
1 1 1 1 1 1 1 1 1 1
1 1 0 0 1 0 0 0 1 0
1 1 0 0 1 0 0 0 1 0
1 2 0 0 1 0 0 0 1 0
1 1 0 0 1 0 0 1 1 0
1 1 0 0 1 0 0 1 1 0
1 1 1 1 1 1 1 1 1 1
Maze 138
135 540 3.3243243243 2.3301432390 195 0.389549270690260
30 61 80 25 86 61 100 83 16 90 95 77 8 8 81 30
21 71 75 85 81 91 93 13 86 85 75 7 400 1 21
402 401 401 401 401 401 401 402 401 402 402 402 400 402 402
1 1 1 1 1 1 1 1 0 0
1 0 1 1 1 1 1 0 0 0
1 1 1 1 1 1 1 1 1 2
1 0 1 0 1 1 1 0 0 0
1 0 1 0 1 1 1 0 0 0
1 0 1 0 1 1 1 0 0 0
1 0 1 0 1 1 1 0 0 0
1 1 1 1 1 1 1 1 1 1
1 1 1 1 1 1 1 1 1 1
1 1 1 1 1 1 1 1 1 1
Maze 139
75 1089 3.1555555556 2.1496020639 30 0.367514639812373
44 65 52 54 32 90 45 33 21 78 87 88 74 98 58 44
64 62 400 52 82 85 43 31 71 77 400 84 94 400 54
401 401 400 401 401 401 401 401 401 402 400 401 401 400 401
0 0 0 0 0 0 0 0 0 0
0 0 0 0 0 0 0 0 0 0
1 0 0 0 0 0 0 0 0 0
1 1 1 0 0 0 0 0 0 0
1 1 1 2 1 0 0 0 0 0
1 1 1 1 1 1 1 1 0 0
1 1 1 1 1 0 0 1 0 0
1 1 1 1 1 1 1 1 0 0
0 1 1 1 1 1 1 1 1 1
0 0 0 1 1 1 1 1 0 0
Maze 140
115 64 3.4827586207 2.0539805312 118 0.382520892452689
48 39 4 2 71 88 74 19 94 48 52 78 33 91 12 48
38 34 400 1 81 84 14 14 44 42 72 73 31 11 42
402 401 400 402 401 401 402 402 402 402 401 401 402 402 401
1 1 1 1 0 0 0 0 0 0
1 1 0 1 1 1 1 1 1 0
1 1 0 1 0 0 0 0 0 0
1 1 1 1 1 1 1 1 1 0
1 1 1 1 1 1 1 2 0 0
1 1 1 1 0 0 0 0 0 0
1 1 1 1 0 0 0 0 0 0
1 1 1 1 1 1 1 1 0 0
1 1 1 1 1 1 1 1 0 0
1 0 0 1 0 0 0 0 0 0
Maze 141
83 100 2.8888888889 2.2967227180 35 0.389335623386782
41 27 58 68 49 35 100 68 39 69 58 74 89 1 44 41
21 57 400 48 45 95 98 38 400 68 54 84 81 41 400
402 401 400 402 401 401 401 402 400 401 402 401 401 401 400
1 0 0 0 0 0 0 0 0 0
1 0 0 0 0 0 0 0 0 0
1 1 1 1 1 1 1 0 0 0
1 0 0 0 1 0 1 1 1 0
2 1 1 1 1 1 1 1 1 0
1 0 0 1 1 1 1 1 1 0
1 0 0 1 1 0 0 1 1 0
1 0 0 1 1 0 0 1 0 0
1 1 1 1 1 1 1 1 1 0
0 0 0 0 1 1 1 1 1 1
Maze 142
107 146 3.4901960784 1.9047805562 92 0.400926557693306
18 89 14 86 73 16 94 57 14 29 47 69 8 85 55 18
88 84 84 83 13 14 54 54 24 27 67 68 5 400 15
401 401 401 401 402 402 402 401 401 402 401 401 402 400 402
0 0 0 0 1 1 1 1 0 0
0 0 1 1 1 1 1 2 0 0
0 0 1 1 1 1 1 1 1 0
0 0 1 1 1 0 1 1 0 0
0 0 1 1 1 0 1 1 0 0
0 0 1 1 1 1 1 1 0 0
0 0 1 1 1 0 1 1 1 0
0 0 1 1 1 0 0 1 0 0
0 0 1 1 1 1 1 1 1 0
0 0 0 1 0 0 0 0 0 0
Maze 143
87 55 3.3478260870 2.0685146398 45 0.385073605207542
46 55 42 85 94 21 91 56 46 37 23 14 31 70 3 46
45 52 82 84 91 400 51 400 36 33 13 11 61 63 43
402 401 401 402 401 400 402 400 402 401 402 402 401 401 401
0 0 1 0 0 0 0 0 0 0
1 1 1 1 0 0 0 0 0 0
1 0 1 0 0 0 0 0 0 0
1 0 1 1 1 1 1 0 0 0
1 1 1 1 1 2 0 0 0 0
1 1 1 1 1 1 0 0 0 0
1 1 1 1 1 1 1 1 1 1
1 1 0 0 0 0 0 0 0 0
1 1 1 1 1 0 0 0 0 0
1 1 1 1 0 0 0 0 0 0
Maze 144
99 308 3.1272727273 2.1437003132 77 0.377186359221686
24 65 16 97 65 80 48 11 75 84 19 83 73 79 45 24
64 15 96 95 75 78 41 71 74 14 13 400 400 75 44
401 402 401 401 401 401 401 401 402 402 402 400 400 401 401
0 0 0 0 0 0 0 0 0 0
1 0 1 1 1 1 1 1 1 0
1 0 1 2 1 1 0 0 0 0
1 0 1 1 1 1 0 0 0 0
1 1 1 1 1 1 1 1 0 0
1 0 1 1 1 1 0 1 0 0
1 0 1 1 1 1 0 1 0 0
1 1 1 1 1 1 1 1 1 1
0 0 1 1 1 1 0 0 0 0
0 0 0 0 1 1 1 0 0 0
Maze 145
109 177 2.9552238806 2.2365181755 112 0.376381426017360
28 85 31 79 67 19 2 99 25 42 75 96 36 64 23 28
25 81 71 77 17 12 92 95 22 72 95 400 34 63 400
402 401 401 401 402 401 401 401 402 401 401 400 402 401 400
0 1 0 0 0 0 0 0 0 0
0 1 1 1 1 1 1 1 1 0
0 1 1 1 1 1 1 2 0 0
1 1 1 1 1 1 1 0 0 0
1 1 1 1 1 1 1 0 0 0
1 1 1 1 1 1 1 0 0 0
1 1 1 1 1 1 1 0 0 0
1 1 1 1 1 1 1 1 1 0
1 1 1 1 1 1 0 0 0 0
0 1 1 1 1 1 1 1 1 0
Maze 146
87 62 3.1153846154 2.2046400587 44 0.380864733743307
99 58 48 86 49 58 48 61 39 20 47 99 88 90 5 99
98 400 46 46 48 400 41 31 19 17 97 98 400 85 95
401 400 402 402 402 400 402 402 402 402 401 401 400 401 401
0 0 0 0 1 0 0 0 0 0
0 0 0 0 1 0 1 1 1 1
0 0 0 0 1 0 1 0 1 0
1 1 1 1 1 1 1 1 1 0
1 1 1 1 1 1 1 1 1 0
1 0 0 0 1 1 1 1 0 0
1 0 0 0 1 1 1 1 0 0
0 0 0 0 1 1 1 1 0 0
0 0 0 0 1 1 1 1 1 1
0 0 0 0 1 1 1 1 2 0
Maze 147
115 149 3.5714285714 2.0382271704 132 0.383750381669083
61 88 46 99 2 96 90 18 76 75 91 58 41 23 92 61
81 86 96 92 92 86 88 16 400 71 51 51 21 22 91
401 401 401 401 401 402 401 402 400 402 402 401 402 402 401
0 1 0 0 0 0 0 0 0 0
0 1 0 0 0 1 1 1 0 0
1 1 1 0 0 1 0 1 0 0
1 1 0 0 0 1 0 1 0 0
1 1 0 0 0 1 0 1 0 0
1 1 1 1 1 1 1 1 0 0
2 1 0 0 0 1 0 1 0 0
1 1 1 1 1 1 0 1 0 0
1 1 1 1 1 1 1 1 1 1
1 1 1 1 1 1 1 1 1 0
Maze 148
99 141 3.5918367347 2.0433594885 71 0.375851287721330
14 80 4 24 44 65 56 77 17 3 68 63 71 49 81 14
74 74 400 400 64 55 76 400 13 63 400 61 41 41 11
401 401 400 400 401 402 401 400 401 401 400 402 402 402 402
0 0 1 1 0 0 0 0 0 0
1 1 1 2 1 1 1 0 0 0
1 0 1 1 0 0 1 0 0 0
1 0 1 1 0 0 1 0 0 0
1 1 1 1 1 1 1 1 1 0
1 0 1 1 1 1 1 0 0 0
1 1 1 1 1 1 1 1 0 0
1 0 0 1 1 1 1 1 1 1
1 0 0 0 0 0 0 0 0 0
0 0 0 0 0 0 0 0 0 0
Maze 149
103 118 3.4615384615 2.0628766741 77 0.393380559602302
88 79 91 53 40 91 80 62 58 54 65 100 96 16 48 88
78 71 51 33 31 71 72 52 400 64 95 400 400 46 400
402 402 402 402 402 402 401 402 400 401 401 400 400 401 400
0 0 0 0 0 0 0 0 0 0
0 0 0 0 0 1 0 0 0 0
0 0 0 0 0 1 0 0 0 0
1 1 1 1 1 1 1 1 1 1
1 0 1 0 0 1 1 1 0 0
1 1 1 1 1 1 1 1 0 0
1 1 0 1 1 1 0 1 0 0
1 1 1 1 1 1 1 1 1 1
1 0 0 0 1 1 0 2 0 0
1 0 0 0 1 1 1 1 1 1
Maze 150
75 22 3.2093023256 2.0181339515 25 0.374500786031204
75 33 6 54 52 57 57 1 34 36 65 57 7 63 81 75
73 3 4 400 400 400 51 31 400 35 55 400 3 61 71
401 402 402 400 400 400 401 401 400 402 402 400 402 402 402
1 0 1 1 1 1 1 0 0 0
1 0 1 1 0 0 1 0 0 0
1 0 1 1 0 0 1 0 0 0
1 1 1 1 1 1 1 0 0 0
1 0 1 1 1 0 1 0 0 0
1 1 1 1 1 1 1 0 0 0
1 1 1 0 1 0 0 0 0 0
1 1 1 1 2 0 0 0 0 0
1 0 0 0 0 0 0 0 0 0
0 0 0 0 0 0 0 0 0 0
Maze 151
109 114 3.2580645161 2.2817242402 90 0.392213133024951
5 34 66 50 84 5 63 99 10 59 18 96 60 76 69 5
4 64 46 44 4 3 93 9 9 58 16 56 56 66 65
402 401 402 402 402 402 401 402 402 401 402 402 402 402 401
0 0 1 1 2 0 0 0 1 1
0 0 1 1 1 1 1 1 1 0
0 0 1 1 1 1 0 1 1 0
0 0 1 1 1 1 0 1 1 0
0 0 1 1 1 1 1 1 1 1
0 0 1 1 1 1 1 1 1 1
0 0 1 1 1 1 1 1 1 0
0 0 1 1 0 1 0 0 1 0
0 0 1 1 0 1 0 0 1 0
0 0 1 1 1 1 1 1 1 0
Maze 152
99 48 2.8524590164 2.1754232752 58 0.396342568391206
15 40 6 54 12 3 60 31 8 7 70 75 36 37 97 15
35 36 4 52 2 53 51 1 400 67 65 35 400 400 95
401 401 402 401 402 401 401 402 400 401 402 402 400 400 401
1 1 1 1 1 1 1 1 0 0
1 1 1 1 2 1 1 0 0 0
1 1 1 1 1 1 1 0 0 0
1 1 1 1 1 1 1 1 1 1
1 1 1 1 1 0 1 0 0 0
1 1 1 1 1 1 1 1 1 1
0 0 0 0 1 1 1 1 1 1
0 0 0 0 1 0 1 0 0 0
0 0 0 0 1 0 1 0 0 0
0 0 0 0 1 1 1 0 0 0
Maze 153
127 6904 3.2285714286 2.2235379016 174 0.383501903269943
36 42 73 49 20 83 57 20 98 25 90 1 73 34 88 36
32 72 43 19 13 53 17 18 95 85 81 71 33 84 86
402 401 402 402 402 402 402 402 401 401 401 401 402 401 401
1 0 0 0 0 0 0 0 0 0
1 0 1 1 1 1 1 1 1 1
1 0 1 0 1 0 1 1 1 0
1 1 1 1 1 2 1 1 1 0
1 1 1 1 1 1 1 1 1 0
1 1 1 1 1 1 1 1 0 0
1 1 1 1 1 1 0 1 0 0
1 1 1 1 1 1 0 1 0 0
1 1 1 1 1 1 1 1 1 1
0 0 0 0 1 1 1 1 0 0
Maze 154
79 22 2.8000000000 2.3793178913 25 0.380783372057023
18 3 21 96 77 89 62 6 34 38 54 86 84 45 15 18
13 1 91 76 87 82 2 4 400 34 84 400 44 400 400
401 402 401 402 401 401 402 402 400 402 401 400 402 400 400
1 1 1 1 1 1 0 0 0 0
1 1 1 1 1 1 1 2 0 0
1 1 0 1 1 0 0 0 0 0
1 1 0 1 1 1 1 1 0 0
1 1 0 1 1 0 0 0 0 0
1 1 0 1 0 0 0 0 0 0
1 1 0 1 0 0 0 0 0 0
1 1 0 1 0 1 1 0 0 0
1 1 1 1 1 1 1 1 1 0
1 1 1 1 1 1 0 0 0 0
Maze 155
99 12 3.1290322581 2.3261592018 70 0.363461736694028
70 91 89 55 78 74 60 34 46 46 8 40 64 13 1 70
61 81 85 75 400 54 54 44 400 6 38 34 63 11 61
402 402 401 401 400 402 401 401 400 402 401 402 401 401 401
1 0 0 0 0 1 1 1 0 0
1 1 1 0 0 1 0 1 0 0
1 0 1 0 0 1 0 1 0 0
1 0 1 1 1 1 1 1 1 1
1 0 1 1 1 1 0 0 0 0
1 0 1 1 1 1 1 1 1 1
1 1 1 1 1 1 1 1 1 2
1 0 0 1 1 1 1 1 0 0
1 1 1 1 1 1 1 1 1 0
1 0 0 0 0 0 0 0 0 0
Maze 156
81 64 3.1428571429 2.1635793721 35 0.370633079237103
39 46 84 35 30 43 54 86 2 23 1 43 51 60 37 39
36 44 34 25 23 53 84 82 22 21 41 41 400 57 400
402 402 402 402 402 401 401 401 401 401 401 402 400 401 400
1 1 0 0 0 0 0 0 0 0
1 1 0 0 0 0 0 0 0 0
1 1 1 1 1 1 1 1 1 1
1 1 1 1 1 1 1 1 2 0
1 1 1 1 1 1 1 0 0 0
1 1 1 1 1 1 1 1 1 1
0 1 0 1 0 0 0 0 0 0
0 1 0 1 0 0 0 0 0 0
0 1 1 1 1 1 0 0 0 0
0 0 0 0 0 0 0 0 0 0
Maze 157
93 110 3.1200000000 2.0042468333 56 0.376030895020932
75 79 96 64 31 47 87 7 65 11 26 72 25 34 17 75
400 76 94 61 41 400 400 5 61 21 22 22 24 14 15
400 402 401 401 401 400 400 402 401 401 402 402 402 402 402
0 0 0 0 1 1 1 0 0 0
1 0 0 1 1 1 1 0 0 0
1 1 1 1 1 1 1 0 0 0
1 1 0 1 1 0 1 0 0 0
1 1 1 1 1 1 1 0 0 0
1 1 0 0 1 0 1 0 0 0
1 1 1 1 1 0 1 0 0 0
0 1 0 1 2 1 1 1 1 0
0 0 0 1 0 1 1 0 0 0
0 0 0 1 1 1 0 0 0 0
Maze 158
97 55 2.5423728814 2.0263695460 64 0.396213364700195
50 93 72 14 11 60 49 73 31 69 77 98 52 52 20 50
43 92 12 400 51 59 43 71 61 67 97 92 400 12 400
402 401 402 400 401 401 402 401 401 402 401 401 400 402 400
0 0 0 0 0 0 0 0 0 0
1 1 1 1 1 1 1 1 1 1
1 1 0 0 0 0 0 0 0 1
1 1 0 0 0 0 0 0 0 1
1 1 1 1 1 1 1 1 1 2
1 1 1 1 1 1 1 1 1 1
1 1 1 1 1 1 1 1 1 0
1 1 1 0 0 0 1 0 0 0
0 1 1 0 0 0 1 0 0 0
0 1 1 1 1 1 1 1 0 0
Maze 159
95 12 3.3333333333 1.8833607927 35 0.409620515788432
6 31 5 13 21 85 78 71 4 60 65 76 52 59 44 6
1 1 3 11 81 75 400 1 54 55 75 72 400 54 4
402 402 402 402 401 402 400 402 401 402 401 401 400 401 402
1 1 1 1 1 2 0 0 0 0
1 1 1 1 0 0 0 0 0 0
1 0 0 1 0 0 0 0 0 0
1 0 0 1 0 0 0 0 0 0
1 0 0 1 0 0 0 0 0 0
1 1 1 1 1 1 1 1 1 1
1 1 0 0 1 0 0 0 0 0
1 1 1 1 1 1 1 1 0 0
1 1 1 1 1 0 0 0 0 0
0 0 0 0 0 0 0 0 0 0
Maze 160
113 1757 3.3333333333 2.0429291191 112 0.389723406729216
70 16 94 70 69 52 60 96 43 47 86 20 80 14 32 70
66 14 64 400 62 400 56 93 400 46 16 400 74 12 62
401 402 402 400 401 400 402 401 400 402 402 400 401 402 401
0 0 0 0 0 0 0 0 0 0
0 1 1 1 1 1 1 1 1 1
0 1 0 1 0 1 0 0 0 1
0 1 0 1 0 1 0 0 0 1
0 1 1 1 1 1 1 0 0 1
0 1 1 1 1 1 1 1 1 1
0 1 1 1 1 1 1 1 1 2
0 0 1 1 1 1 1 1 1 1
0 0 1 1 0 1 0 0 0 0
0 0 1 1 1 1 0 0 0 0
Maze 161
109 341 3.0793650794 2.1604287540 91 0.375663445765859
85 72 46 95 78 9 94 95 71 59 81 98 21 23 17 85
82 42 45 75 8 4 400 91 51 51 91 91 400 13 15
401 402 402 402 402 402 400 401 402 402 401 401 400 402 402
0 0 0 1 1 1 1 1 1 0
0 0 1 1 1 1 1 1 0 0
1 1 1 1 1 0 0 1 0 0
1 0 0 1 1 0 0 1 0 0
1 1 1 1 1 1 0 1 0 0
1 1 1 1 1 1 1 1 1 0
1 1 0 1 1 0 0 1 0 0
1 1 0 1 1 1 1 1 0 0
1 1 1 1 2 0 0 0 0 0
1 1 1 1 1 1 1 1 0 0
Maze 162
95 22 3.4042553191 1.8927164347 41 0.383656920875378
2 73 82 20 94 81 92 75 1 4 97 86 98 84 34 2
72 72 12 14 91 91 72 71 400 94 96 96 94 400 32
401 402 402 402 401 401 402 401 400 401 401 401 401 400 401
1 2 1 1 0 0 0 0 0 0
1 1 1 1 1 1 1 1 1 1
1 1 0 1 0 0 0 0 0 0
1 1 1 1 0 0 0 0 0 0
1 1 0 1 0 0 0 0 0 0
1 1 0 1 0 0 0 0 0 0
1 1 0 1 0 0 0 0 0 0
1 1 1 1 1 0 0 0 0 0
1 1 0 1 0 1 0 0 0 0
1 1 1 1 1 1 1 1 0 0
Maze 163
109 595 3.0645161290 2.1324940743 97 0.380634313155594
95 6 30 78 92 5 23 99 2 46 34 11 81 83 62 95
5 26 28 72 2 3 93 92 42 44 31 400 400 82 92
402 401 402 402 402 402 401 401 401 401 401 400 400 401 401
0 1 1 1 1 1 0 0 0 0
1 1 1 0 1 1 0 0 0 0
1 1 1 0 1 1 1 1 1 1
1 1 1 1 1 0 0 1 0 0
1 1 1 1 1 1 0 1 0 0
1 1 1 0 1 0 0 1 0 0
1 1 1 0 1 0 0 1 0 0
1 1 1 1 1 1 1 1 0 0
1 1 1 0 1 0 0 0 0 0
0 1 1 1 2 1 1 1 1 0
Maze 164
99 39 3.4222222222 1.9360348096 50 0.389886836750509
32 66 23 38 38 74 97 96 2 82 25 23 21 9 94 32
62 63 33 400 34 94 400 92 400 22 400 400 1 4 92
401 401 401 400 402 401 400 401 400 402 400 400 402 402 401
1 1 1 1 1 1 1 1 1 0
1 1 0 1 0 0 0 0 0 0
1 1 1 1 1 0 0 0 0 0
0 2 1 1 1 1 1 1 0 0
0 1 1 1 0 0 0 0 0 0
0 1 1 1 0 0 0 0 0 0
0 1 1 1 1 1 0 0 0 0
0 1 0 1 0 0 0 0 0 0
0 1 0 1 0 0 0 0 0 0
0 1 1 1 1 1 1 0 0 0
Maze 165
103 66 3.0714285714 2.0813772350 64 0.387316078660159
62 88 43 61 92 65 81 6 42 51 92 52 9 80 35 62
82 83 41 91 62 61 1 2 41 91 400 2 79 75 32
401 401 402 401 402 402 402 402 402 401 400 402 401 401 402
1 1 1 1 1 1 1 1 1 0
1 1 0 0 0 0 0 0 1 0
1 1 0 0 0 0 0 0 1 0
1 1 1 1 1 0 0 0 1 0
1 1 1 0 1 0 0 0 1 0
1 1 1 0 1 0 0 0 1 0
1 2 1 1 1 0 0 0 1 0
1 1 1 0 1 1 1 1 1 1
1 1 1 1 1 1 1 1 0 0
1 1 0 0 0 0 0 0 0 0
Maze 166
79 157 3.4871794872 1.8778865165 30 0.386894348584987
20 18 38 74 76 66 96 4 29 3 7 57 29 96 47 20
400 400 34 400 400 400 94 24 23 400 400 27 26 46 17
400 400 402 400 400 400 401 401 401 400 400 402 402 402 402
0 0 1 1 1 1 1 0 0 0
0 0 1 1 0 0 1 1 1 2
0 0 1 1 1 1 1 1 1 0
0 0 0 1 1 1 1 1 0 0
0 0 0 1 0 1 1 0 0 0
0 0 0 1 0 1 1 0 0 0
0 0 0 1 0 1 0 0 0 0
0 0 0 1 1 1 0 0 0 0
0 0 0 1 0 1 0 0 0 0
0 0 0 1 1 1 0 0 0 0
Maze 167
115 117 3.1641791045 2.2835335955 124 0.399698867245822
74 29 41 27 7 83 32 99 89 70 54 58 19 85 20 74
24 21 21 400 3 82 92 400 69 64 400 18 15 15 14
402 402 402 400 402 401 401 400 402 401 400 402 402 402 402
0 0 1 1 1 1 1 0 0 0
0 0 1 1 1 1 1 1 1 1
1 1 1 1 1 1 1 1 1 0
1 1 1 1 1 0 0 1 0 0
1 1 1 1 1 0 0 1 0 0
0 1 1 1 1 1 1 1 0 0
0 1 1 1 1 1 1 1 1 1
0 1 1 2 1 0 0 0 1 0
0 1 1 0 1 0 0 0 1 0
0 1 1 1 1 1 1 1 1 0
Maze 168
99 33 3.1698113208 2.0572046726 59 0.389944267367925
43 26 24 88 88 12 68 93 70 7 42 22 18 57 32 43
23 400 84 400 82 62 63 63 67 2 400 12 17 52 42
402 400 401 400 401 401 402 402 401 402 400 402 402 401 401
0 1 1 1 1 1 1 0 0 0
0 1 1 1 1 1 1 1 0 0
0 1 1 1 1 1 1 0 0 0
0 1 1 1 0 0 1 0 0 0
0 1 2 1 0 0 1 0 0 0
0 1 1 1 1 1 1 0 0 0
0 1 1 1 1 1 1 1 1 1
0 1 1 1 0 0 0 0 0 0
0 1 1 1 1 1 1 1 0 0
0 0 1 0 0 0 0 0 0 0
Maze 169
103 190 3.0312500000 2.3104218750 77 0.376532112763201
77 75 57 12 94 55 37 92 65 88 20 27 71 6 54 77
400 55 52 92 54 35 32 62 85 18 17 21 1 4 74
400 402 401 401 402 402 402 402 401 402 402 402 402 402 401
1 1 1 1 1 1 0 0 0 0
1 1 0 1 0 0 1 1 1 1
1 1 1 1 1 1 1 1 0 0
1 1 1 1 1 1 1 1 0 0
1 1 0 1 1 0 0 1 0 0
1 1 1 1 1 1 1 1 0 0
1 1 1 1 1 0 0 1 0 0
1 1 0 1 1 1 2 1 0 0
0 1 0 1 1 1 1 1 0 0
0 1 1 1 0 0 0 0 0 0
Maze 170
103 178 3.6666666667 2.1633019004 71 0.393981880292940
90 14 77 1 88 80 79 87 75 37 39 65 22 49 36 90
84 74 71 81 78 400 77 85 35 400 35 62 42 46 86
401 401 401 401 402 400 402 401 402 400 402 401 401 401 401
1 0 0 0 0 0 0 0 0 0
1 0 0 1 0 0 0 0 0 0
1 1 0 1 0 0 0 0 0 0
1 1 0 1 1 1 1 1 1 0
1 1 1 1 1 1 1 1 1 0
1 1 0 1 1 1 0 0 0 0
1 1 1 1 1 1 0 0 0 0
1 1 1 1 1 1 1 1 1 1
1 1 1 1 1 1 1 1 1 2
0 0 0 0 0 0 0 0 0 0
Maze 171
97 116 2.8253968254 2.2670071213 64 0.395639541758881
13 21 27 99 53 81 69 18 54 4 9 37 43 9 11 13
11 400 97 93 51 61 68 14 400 400 7 33 3 1 400
402 400 401 401 402 402 401 402 400 400 402 402 402 402 400
1 1 1 1 1 1 1 1 1 0
1 1 2 1 1 1 1 1 0 0
1 1 1 1 1 1 1 1 0 0
0 0 1 1 1 1 1 1 0 0
0 0 1 1 0 0 1 1 0 0
1 1 1 1 0 0 1 1 0 0
1 1 1 1 1 1 1 1 1 0
1 0 1 0 0 0 1 0 0 0
1 0 1 0 0 0 1 0 0 0
0 0 1 1 1 1 1 1 1 0
Maze 172
87 269 3.1272727273 2.2453530182 44 0.375570061339187
62 63 62 53 72 97 5 19 33 86 69 61 49 55 3 62
400 400 52 52 92 95 15 13 83 66 400 41 45 53 2
400 400 402 402 401 401 401 402 401 402 400 402 402 401 402
0 1 1 0 1 0 0 0 0 0
0 1 1 1 1 1 1 1 1 0
0 1 1 0 1 0 0 0 0 0
0 1 1 0 1 0 0 0 0 0
1 1 1 1 1 1 1 1 1 0
1 1 1 1 1 0 0 0 0 0
1 2 1 1 1 1 1 1 1 0
0 1 1 0 1 1 0 0 0 0
0 1 1 1 1 1 0 0 0 0
0 1 1 1 1 1 1 0 0 0
Maze 173
89 54 3.4634146341 1.9747366924 45 0.381871136270858
19 35 71 24 35 20 55 9 24 30 35 32 54 35 43 19
15 31 21 34 15 15 5 4 400 25 400 52 34 33 13
402 402 402 401 402 402 402 402 400 402 400 401 402 402 402
0 0 0 1 1 1 1 1 1 0
0 0 1 1 1 1 1 1 2 1
1 1 1 1 1 1 1 1 1 1
1 1 1 1 1 0 0 0 0 0
1 1 1 1 1 0 0 0 0 0
1 1 1 1 1 0 0 0 0 0
1 0 0 0 0 0 0 0 0 0
1 0 0 0 0 0 0 0 0 0
0 0 0 0 0 0 0 0 0 0
0 0 0 0 0 0 0 0 0 0
Maze 174
109 151 3.0434782609 2.4038550578 92 0.389637842178536
10 22 42 70 60 3 58 97 1 74 77 90 47 84 66 10
2 400 62 400 53 53 57 91 71 400 87 87 44 64 6
402 400 401 400 401 401 402 401 401 400 401 401 402 402 402
1 1 1 1 1 1 1 1 1 2
1 1 1 0 0 1 0 0 0 0
1 1 1 0 0 1 0 0 0 0
1 1 1 0 0 1 0 0 0 0
1 1 1 1 1 1 1 0 0 0
1 1 1 1 1 1 1 1 1 1
1 1 1 1 1 1 1 1 1 1
1 1 1 1 1 1 1 0 0 0
1 0 0 1 0 0 1 1 1 1
1 1 1 1 1 1 1 0 0 0
Maze 175
103 70 3.3846153846 2.0447947784 60 0.391782779429128
53 6 93 50 25 67 36 73 22 67 35 80 19 29 14 53
3 3 43 45 65 66 33 72 62 65 75 79 400 24 13
402 402 402 401 401 401 402 401 401 401 401 401 400 401 402
0 0 1 1 1 1 0 0 0 0
0 0 1 1 0 0 0 0 1 0
0 1 1 1 1 1 1 1 1 0
0 1 1 1 1 1 0 0 1 0
0 1 1 1 1 1 1 1 1 1
0 1 2 0 1 1 0 0 1 0
0 1 1 1 1 1 1 0 1 0
0 1 1 0 1 1 1 1 1 1
0 0 1 0 0 0 0 0 0 0
0 0 1 0 0 0 0 0 0 0
Maze 176
97 44 3.3725490196 2.1484533688 77 0.387944601070221
71 12 75 15 95 79 68 29 65 87 53 82 54 51 40 71
11 72 400 400 75 78 28 25 85 83 52 52 400 31 31
402 401 400 400 402 401 402 402 401 401 402 402 400 402 402
0 0 0 0 0 0 0 0 0 0
1 1 0 0 1 0 0 0 0 0
1 1 0 0 1 1 1 1 1 0
1 1 1 1 1 1 1 1 1 1
1 1 0 0 1 0 0 1 0 0
1 1 1 1 1 0 0 1 0 0
1 1 1 0 1 0 0 1 0 0
2 1 1 1 1 1 1 1 1 0
0 1 1 1 1 1 1 0 0 0
0 0 0 0 1 0 0 0 0 0
Maze 177
99 1013 3.1200000000 1.9200576944 58 0.369985061094433
48 32 90 89 49 25 90 53 30 27 62 76 26 32 68 48
42 82 400 400 45 85 83 23 400 22 72 400 22 62 400
401 401 400 400 401 401 401 402 400 402 401 400 402 401 400
0 0 0 0 0 0 0 0 0 0
0 0 0 0 0 0 0 0 0 0
0 1 1 1 1 1 1 1 1 1
0 1 1 0 1 1 0 0 0 0
0 1 1 1 1 1 1 2 1 0
0 1 1 0 1 1 0 1 1 0
0 1 1 1 1 1 1 1 1 0
0 1 1 1 1 1 0 0 1 0
0 1 1 1 1 1 1 1 1 1
0 0 0 0 0 0 0 0 0 0
Maze 178
111 860 3.2000000000 2.3150234528 112 0.376639893740915
69 31 39 62 28 70 97 18 83 45 68 26 72 100 80 69
61 400 32 22 68 67 17 13 43 65 66 22 92 400 79
401 400 402 402 401 402 402 402 402 401 401 402 401 400 401
0 0 0 0 0 0 0 0 0 0
0 0 1 1 1 1 1 1 0 0
0 1 1 1 1 1 1 1 0 0
1 1 1 1 1 1 1 1 1 0
1 1 1 1 1 1 1 1 0 0
1 1 1 0 1 1 1 1 0 0
1 1 1 1 1 1 1 1 2 1
0 1 1 0 0 0 1 0 1 1
0 1 1 0 0 0 1 0 0 1
0 1 1 1 1 1 1 1 1 1
Maze 179
85 46 2.9454545455 2.1666933254 56 0.385383823010663
14 54 78 60 88 86 75 68 16 47 98 33 80 84 61 14
400 74 58 58 400 85 65 66 46 97 93 73 74 81 11
400 401 402 402 400 401 402 401 401 401 401 401 402 401 402
0 0 0 0 0 0 0 0 0 0
1 1 1 2 0 1 0 0 0 0
1 0 0 1 0 1 0 0 0 0
1 0 1 1 0 1 0 0 0 0
1 0 1 1 0 1 1 0 0 0
1 0 1 1 0 1 1 1 1 1
1 0 1 1 1 1 1 1 0 0
1 0 1 1 1 1 1 1 1 1
1 1 1 1 1 1 1 1 0 0
0 0 1 1 1 1 1 1 0 0
Maze 180
103 1560 3.3333333333 2.1260765237 77 0.388491842208160
41 20 17 23 76 28 7 88 74 60 48 92 67 92 56 41
11 400 13 73 26 27 87 84 54 58 42 62 62 52 51
402 400 402 401 402 401 401 401 402 401 402 402 402 402 401
0 0 0 0 0 0 1 0 0 0
1 1 1 1 1 1 1 1 1 1
1 0 1 0 0 1 1 1 0 0
1 0 1 0 0 1 1 0 0 0
2 1 1 1 1 1 1 1 0 0
1 1 1 1 1 1 1 1 1 1
0 1 1 1 1 1 1 0 0 0
0 1 1 1 1 1 1 0 0 0
0 1 0 1 1 1 1 1 0 0
0 1 0 0 0 0 0 0 0 0
Maze 181
89 187 3.2075471698 2.2524340398 56 0.380573629264269
84 29 63 32 66 17 96 75 75 32 31 14 61 60 78 84
24 23 62 62 16 16 95 400 72 400 11 11 51 58 74
402 402 401 401 402 402 401 400 401 400 402 402 402 402 402
0 0 0 0 0 0 0 0 0 0
1 1 1 1 0 1 1 0 0 0
1 0 1 1 1 1 1 1 1 0
1 1 1 1 0 1 0 0 0 0
1 1 1 1 0 1 0 0 0 0
1 1 1 1 1 1 1 1 1 1
1 1 1 1 1 1 0 1 0 0
0 1 1 1 1 1 1 1 0 0
0 0 0 2 1 1 0 0 0 0
0 0 0 0 1 1 0 0 0 0
Maze 182
125 2039 4.0000000000 2.0336530529 169 0.398031450645908
23 92 50 21 100 84 54 56 13 70 95 48 100 71 76 23
22 42 41 91 94 400 400 53 63 65 45 98 91 400 73
402 402 401 401 401 400 400 401 401 402 402 401 401 400 401
0 0 0 0 0 0 0 0 0 0
0 0 1 0 0 0 0 0 0 0
1 1 2 0 0 0 0 0 0 0
1 1 1 0 0 0 0 0 0 0
1 1 1 1 1 1 1 1 1 1
1 1 1 1 1 1 0 1 0 0
1 1 1 1 1 1 1 1 1 1
1 1 1 1 1 1 0 1 0 0
1 1 0 1 1 0 0 1 0 0
1 1 1 1 1 1 1 1 1 1
Maze 183
107 46 3.2307692308 2.3952001343 97 0.379440301217995
14 38 40 49 63 85 89 97 2 2 73 20 91 3 66 14
34 400 39 43 83 400 87 92 400 72 13 11 1 63 64
401 400 402 402 401 400 402 401 400 401 402 402 402 401 401
1 1 1 0 0 0 0 0 0 0
1 1 1 2 1 1 1 1 1 1
1 1 1 1 0 0 0 0 0 0
1 1 1 1 1 1 1 1 1 1
1 1 1 1 1 1 1 1 1 0
1 1 1 1 0 0 0 0 0 0
1 1 1 1 1 1 0 0 0 0
1 1 1 0 0 0 0 0 0 0
1 1 1 1 1 1 1 1 1 0
1 1 1 1 1 1 1 0 0 0
Maze 184
85 17 3.2682926829 1.8799250912 45 0.403929597073466
42 17 82 94 81 17 4 54 13 56 43 29 16 4 24 42
12 12 92 91 11 14 400 53 53 53 23 26 14 400 22
402 402 401 401 402 401 400 401 401 401 402 401 401 400 402
0 0 0 1 0 0 0 0 0 0
1 1 1 1 1 1 1 0 0 0
1 1 1 1 1 1 1 1 1 0
1 1 1 1 0 0 0 0 0 0
1 2 1 1 0 0 0 0 0 0
1 1 1 1 1 1 0 0 0 0
1 1 0 0 0 0 0 0 0 0
1 1 0 0 0 0 0 0 0 0
1 1 0 0 0 0 0 0 0 0
1 1 1 1 0 0 0 0 0 0
Maze 185
137 391 3.7812500000 2.1056487629 198 0.395581147954029
89 64 54 38 62 17 31 88 11 36 10 97 41 100 8 89
84 400 34 32 12 11 81 81 31 6 7 91 91 98 88
401 400 402 402 402 402 401 401 401 402 402 401 401 401 401
0 0 0 0 0 1 1 1 1 1
1 1 1 1 1 1 1 1 0 0
1 1 0 0 0 1 1 1 0 0
1 1 1 1 1 1 1 1 0 0
1 1 0 1 0 0 1 1 0 0
1 1 0 1 0 0 1 1 0 0
1 1 0 1 0 0 1 1 0 0
1 0 0 1 0 0 1 1 0 0
1 1 1 1 1 1 1 1 2 0
1 1 1 1 1 1 1 1 1 1
Maze 186
85 278 2.8000000000 2.0493837165 56 0.376696994261321
73 5 29 79 16 43 88 17 43 64 43 15 35 96 77 73
3 25 400 76 13 83 87 13 63 63 13 400 95 76 400
402 401 400 401 402 401 401 402 401 401 402 400 401 402 400
0 0 1 1 1 0 0 0 0 0
0 0 1 1 1 1 1 0 0 0
0 0 1 0 1 1 1 1 1 0
0 0 1 0 1 1 1 0 1 0
0 0 1 0 1 1 1 0 1 0
0 0 1 0 1 1 1 0 1 0
0 0 1 1 1 1 1 0 1 0
0 0 2 1 1 1 1 1 1 0
0 0 1 1 1 1 1 1 0 0
0 0 0 0 1 1 0 0 0 0
Maze 187
99 354 3.1764705882 2.0685826813 84 0.371329241288704
97 78 81 96 89 28 52 72 22 69 14 94 16 78 74 97
77 71 91 86 88 22 400 400 62 64 400 14 76 400 94
402 402 401 402 401 402 400 400 401 401 400 402 401 400 401
0 0 0 0 0 0 0 0 0 0
0 0 0 1 1 1 0 0 0 0
0 1 1 1 1 1 1 1 0 0
0 1 0 1 0 1 0 1 0 0
0 1 0 1 0 1 0 1 0 0
0 1 0 1 0 1 0 1 0 0
0 1 1 1 1 1 1 1 1 0
1 1 1 1 1 1 1 1 0 0
1 0 0 1 0 1 1 1 1 0
1 1 1 1 1 1 2 0 0 0
Maze 188
99 41031 3.5769230769 2.2492104421 65 0.391324750435809
49 47 27 55 33 20 59 24 10 96 50 38 42 30 23 49
400 400 25 53 13 19 54 4 6 46 48 32 22 400 43
400 400 402 401 402 402 401 402 402 402 401 402 402 400 401
0 0 0 1 1 1 1 1 1 1
0 0 1 1 1 1 1 1 1 1
0 1 1 1 1 1 1 1 1 1
0 1 1 1 1 1 1 1 1 0
0 1 1 1 1 1 1 1 2 1
0 0 1 1 1 1 1 1 1 0
0 0 0 0 0 1 0 0 0 0
0 0 0 0 0 1 0 0 0 0
0 0 0 0 0 1 0 0 0 0
0 0 0 0 0 1 0 0 0 0
Maze 189
89 65 3.1428571429 2.1560348361 40 0.356153315087723
53 74 11 83 44 96 96 67 50 5 31 97 95 82 88 53
73 71 81 43 94 400 66 47 45 1 91 400 92 400 83
401 401 401 402 401 400 402 402 401 402 401 400 401 400 401
1 1 1 1 1 0 0 0 0 0
1 0 0 0 1 0 0 0 0 0
1 0 0 0 1 0 0 0 0 0
1 0 0 0 1 0 0 0 0 0
1 0 1 1 1 1 1 1 1 1
1 0 2 1 0 0 1 0 0 0
1 0 1 1 0 1 1 0 0 0
1 1 1 1 0 1 0 0 0 0
1 1 1 1 1 1 1 1 0 0
1 1 1 1 1 1 1 0 0 0
Maze 190
91 7 2.9122807018 2.2832893006 50 0.386477025801919
9 61 83 30 86 70 36 37 56 21 56 34 35 60 49 9
1 81 23 26 66 66 400 36 51 51 54 400 55 59 400
402 401 402 402 402 401 400 402 401 401 401 400 401 401 400
1 1 1 1 1 1 1 1 2 0
1 0 0 0 0 0 0 0 1 0
1 0 1 1 1 1 1 1 1 1
1 0 1 1 1 1 1 0 1 0
1 0 1 1 1 1 0 0 1 0
1 1 1 1 1 1 1 1 1 1
1 0 1 0 0 1 1 1 1 1
1 0 1 0 0 1 0 0 0 0
1 1 1 0 0 1 0 0 0 0
0 0 0 0 0 0 0 0 0 0
Maze 191
75 965 3.4054054054 1.9582225035 19 0.377282852264293
10 88 59 20 47 58 78 16 29 36 17 57 9 25 49 10
8 58 19 17 57 400 76 26 26 16 400 7 5 45 9
402 402 402 402 401 400 401 401 402 402 400 402 402 401 402
0 0 0 0 1 1 1 1 1 2
0 0 0 0 1 1 1 1 1 1
0 0 0 0 1 1 1 1 1 0
0 0 0 0 1 1 1 1 1 0
0 0 0 0 1 1 1 1 1 0
0 0 0 0 0 1 1 1 1 0
0 0 0 0 0 1 0 1 0 0
0 0 0 0 0 1 1 1 0 0
0 0 0 0 0 0 0 1 0 0
0 0 0 0 0 0 0 0 0 0
Maze 192
83 33 3.4146341463 1.9373073976 35 0.379179591171489
25 98 86 67 57 76 99 36 14 99 39 90 76 71 76 25
95 96 66 400 56 96 96 34 94 400 89 86 400 400 75
401 401 402 400 402 401 401 401 401 400 401 401 400 400 401
0 0 0 0 0 0 0 0 0 0
0 0 0 1 0 0 0 0 0 0
0 0 0 1 2 0 0 0 0 0
0 0 0 1 1 1 0 0 1 0
0 0 0 1 1 1 0 0 1 0
0 0 0 1 1 1 1 0 1 0
0 0 0 1 1 1 1 0 1 0
1 1 1 1 1 1 0 0 1 0
0 0 0 1 1 1 1 1 1 1
0 0 0 1 1 1 1 1 1 0
Maze 193
95 55 3.4400000000 2.1068143408 66 0.394564514933036
53 69 91 38 34 95 21 64 55 17 90 78 37 45 24 53
63 61 31 400 94 91 61 54 15 87 88 77 35 44 23
401 402 402 400 401 401 401 402 402 401 401 401 402 401 402
0 0 0 0 0 0 0 0 0 0
0 0 0 0 1 1 1 0 0 0
1 0 1 1 1 0 1 0 0 0
1 1 1 1 1 1 1 1 0 0
1 0 1 1 1 0 1 0 0 0
1 0 2 1 1 0 1 0 0 0
1 1 1 1 1 1 1 1 1 0
1 0 0 1 0 0 1 1 0 0
1 0 0 1 0 0 1 1 1 1
1 1 1 1 1 0 0 0 0 0
Maze 194
103 754 3.2068965517 2.0242121464 60 0.361501004300709
70 57 88 15 80 10 60 66 35 23 78 59 76 17 91 70
67 87 85 75 400 400 56 65 33 73 58 56 16 11 61
401 401 401 401 400 400 402 401 401 401 402 402 402 402 402
0 0 0 0 0 0 0 0 0 1
1 1 1 1 1 1 1 0 0 1
1 0 1 0 1 1 0 0 0 1
1 0 1 1 1 1 0 0 0 1
1 0 1 0 1 1 0 0 0 1
1 0 1 0 1 1 1 1 1 1
1 1 1 1 1 1 1 1 1 2
1 0 1 1 1 1 1 1 1 1
1 0 0 0 1 1 1 1 0 0
1 0 0 0 0 0 0 0 0 0
Maze 195
91 166 3.1785714286 2.1939256689 56 0.370851144064943
59 47 96 74 95 69 89 4 14 46 48 81 18 83 87 59
57 46 94 94 65 400 84 400 44 400 41 11 13 400 57
401 402 401 401 402 400 401 400 401 400 402 402 402 400 402
0 0 0 1 0 0 0 0 0 0
1 1 1 1 1 1 1 1 0 0
1 0 1 1 0 0 0 0 0 0
1 0 1 1 0 0 0 0 0 0
1 1 1 1 1 1 1 1 0 0
1 0 1 1 0 1 1 1 2 0
1 0 1 1 1 1 1 1 1 0
1 0 1 1 1 1 1 0 1 0
1 0 1 1 1 1 1 1 1 0
0 0 0 1 1 1 0 0 0 0
Maze 196
93 358 3.1228070175 2.3086358104 50 0.374082788852252
5 47 35 23 98 91 44 45 7 81 77 58 51 64 28 5
45 45 33 93 400 41 400 5 1 71 57 400 61 24 25
401 401 401 401 400 402 400 402 402 402 402 400 401 402 401
1 1 1 1 2 1 1 0 0 0
1 0 0 0 1 0 0 0 0 0
1 0 1 1 1 1 1 1 0 0
1 0 1 1 1 0 0 0 0 0
1 1 1 1 1 1 1 0 0 0
1 1 1 1 1 1 1 1 0 0
1 1 1 1 0 0 1 0 0 0
1 1 1 1 1 1 1 0 0 0
1 0 1 0 0 0 0 0 0 0
1 1 1 1 1 1 1 1 0 0
Maze 197
83 10 2.9259259259 2.2967227180 26 0.422822671812434
23 81 3 53 7 90 66 58 85 96 8 19 10 6 15 23
21 1 400 3 87 86 56 55 95 6 18 9 400 5 13
402 402 400 402 401 401 402 402 401 402 401 402 400 402 402
1 1 1 1 1 1 1 1 1 1
1 0 1 1 1 1 1 1 1 0
1 1 2 0 0 1 1 0 0 0
1 0 1 0 0 1 1 0 0 0
1 0 1 0 0 1 1 0 0 0
1 0 1 0 1 1 1 1 0 0
1 0 0 0 1 1 1 0 0 0
1 0 0 0 1 1 1 0 0 0
1 0 0 0 1 1 1 1 1 1
0 0 0 0 1 1 0 0 0 0
Maze 198
89 62 3.3043478261 2.0643439482 50 0.375269946123391
73 71 35 17 19 8 81 38 2 25 6 5 93 57 58 73
400 31 15 400 18 1 31 32 22 5 400 3 53 400 53
400 402 402 400 401 402 402 401 401 402 400 402 402 400 402
1 1 1 1 1 1 1 1 0 0
1 1 1 0 1 1 1 1 1 0
1 1 1 1 1 0 0 0 0 0
1 1 1 1 1 1 1 1 0 0
1 0 1 0 0 0 0 0 0 0
1 0 1 1 1 1 1 1 0 0
1 0 1 0 0 0 0 0 0 0
1 1 2 0 0 0 0 0 0 0
1 0 1 0 0 0 0 0 0 0
0 0 1 0 0 0 0 0 0 0
Maze 199
109 39 3.3703703704 2.0235967155 61 0.391969942356123
47 52 71 63 98 88 62 68 1 99 65 47 9 95 5 47
42 51 61 93 400 82 400 61 91 95 45 7 5 400 45
402 402 402 401 400 401 400 401 401 401 402 402 402 400 401
1 0 0 0 1 1 1 1 1 0
1 0 0 0 1 0 1 0 0 0
1 0 0 0 1 0 1 0 0 0
1 0 0 0 1 0 1 0 0 0
1 1 1 1 1 1 2 0 0 0
1 1 0 0 1 0 0 0 0 0
1 1 1 1 1 1 1 1 0 0
1 1 1 0 1 0 0 0 0 0
1 1 1 1 1 1 1 1 0 0
1 1 1 1 1 1 1 1 1 0
Maze 200
71 33 2.9361702128 2.3232709346 20 0.355996279540148
32 54 53 28 99 77 49 25 21 65 61 74 73 78 53 32
52 400 23 98 97 47 45 400 61 400 71 400 400 73 52
401 400 402 401 401 402 401 400 401 400 401 400 400 401 401
0 0 0 0 0 0 0 0 0 0
0 0 0 0 0 0 0 0 0 0
1 1 1 1 1 1 1 1 0 0
1 2 1 0 1 0 0 1 0 0
1 1 1 0 1 1 1 1 1 0
1 1 1 1 0 0 1 1 0 0
1 1 1 1 1 0 1 1 0 0
1 1 1 1 1 1 1 1 0 0
0 0 0 0 0 0 1 1 0 0
0 0 0 0 0 0 1 1 1 0
