numMazes: 200
mazeSize: 10
Maze 1
107 17 3.4400000000 2.0137286468 99 0.389115707773323
35 49 61 86 1 97 12 4 1 84 78 67 78 37 79 35
45 41 81 81 91 92 2 400 81 74 77 77 77 77 75
401 402 401 401 401 401 402 400 401 402 401 401 401 401 401
1 1 1 1 0 0 0 0 0 0
1 1 0 0 0 0 0 0 0 0
1 1 0 0 0 0 0 0 0 0
1 1 0 0 2 0 1 0 0 0
1 1 1 1 1 1 1 1 1 0
1 1 0 0 1 0 1 0 0 0
1 1 0 0 1 0 1 0 0 0
1 1 0 1 1 1 1 1 1 0
1 1 1 1 1 1 0 0 0 0
1 1 1 1 1 1 1 0 0 0
Maze 2
105 77 3.3877551020 1.9523029392 53 0.387261808949410
7 73 58 91 82 7 27 31 98 71 95 41 21 42 54 7
3 53 51 81 2 400 21 91 91 91 91 400 41 52 4
402 402 402 402 402 400 402 401 401 401 401 400 401 401 402
0 1 1 1 1 1 2 0 0 0
0 1 1 1 0 0 1 0 0 0
1 1 1 1 1 1 1 0 0 0
1 1 1 1 0 0 0 0 0 0
1 1 1 1 0 0 0 0 0 0
1 1 1 1 1 1 1 1 0 0
1 1 1 0 0 0 0 0 0 0
1 1 1 0 0 0 0 0 0 0
1 1 0 0 0 0 0 0 0 0
1 1 1 1 1 1 1 1 0 0
Maze 3
109 11 3.3333333333 1.7424036949 69 0.412448694752022
30 72 27 71 92 22 70 71 65 89 70 23 56 44 14 30
22 22 21 91 400 62 61 61 85 69 63 53 54 400 24
402 402 402 401 400 401 402 402 401 402 401 401 401 400 401
0 0 0 0 0 0 0 0 0 0
0 0 0 1 0 0 0 0 0 0
1 1 1 1 1 1 1 1 1 2
1 1 1 1 0 0 0 0 0 0
1 1 1 1 0 0 0 0 0 0
1 1 1 1 1 1 0 0 0 0
1 1 1 1 1 1 1 1 1 1
1 1 0 0 1 0 0 0 1 0
1 1 0 0 1 1 1 1 1 0
1 1 0 0 0 0 0 0 0 0
Maze 4
93 67 2.7812500000 2.3052792061 36 0.359560295627375
38 53 13 88 44 7 25 77 99 19 12 81 95 93 83 38
33 400 83 84 4 5 75 97 400 400 11 91 400 400 33
402 400 401 401 402 402 401 401 400 400 402 401 400 400 402
0 0 0 1 1 1 1 0 0 0
1 1 1 1 1 1 1 1 1 0
1 0 1 1 1 0 0 0 1 0
1 0 1 1 1 1 1 2 1 0
1 0 1 1 1 0 0 0 1 0
1 0 1 1 1 0 0 0 1 0
1 0 1 1 1 0 0 0 1 0
1 0 1 1 1 1 1 0 1 0
1 0 1 1 1 1 1 1 1 0
1 1 1 1 1 0 1 1 1 0
Maze 5
103 61 3.0322580645 2.0947999892 71 0.377484226504448
86 79 29 94 56 22 100 73 58 2 1 21 48 43 51 86
76 400 24 54 52 92 93 53 52 400 400 41 400 41 81
402 400 402 402 401 401 401 402 401 400 400 401 400 402 401
1 1 0 0 0 0 0 0 0 0
1 1 0 0 0 0 0 0 0 0
1 1 0 1 1 1 1 1 1 0
1 1 0 1 0 0 0 0 1 0
1 1 1 1 1 1 1 1 1 0
1 1 1 1 1 1 1 1 1 0
1 1 1 1 0 0 0 0 1 0
1 1 1 1 0 1 1 1 1 0
1 1 1 1 1 2 0 0 0 0
0 1 1 1 1 1 1 1 1 1
Maze 6
79 29 2.9200000000 2.1525783848 26 0.372578272557592
71 24 13 85 8 18 44 24 27 12 30 38 55 52 76 71
21 23 83 5 400 14 400 400 22 22 28 35 400 72 400
402 401 401 402 400 402 400 400 401 401 402 402 400 401 400
0 0 0 0 1 1 1 1 0 0
0 1 1 1 1 1 1 1 0 0
1 1 1 1 1 1 1 1 1 1
1 0 1 1 1 1 1 1 0 0
1 0 1 1 1 0 0 0 0 0
1 1 1 1 1 0 0 0 0 0
1 1 1 0 1 0 0 0 0 0
2 1 1 1 1 1 0 0 0 0
0 0 1 1 1 0 0 0 0 0
0 0 0 0 0 0 0 0 0 0
Maze 7
97 2624 3.5102040816 2.1154937302 84 0.382756942032070
72 45 97 14 59 3 14 52 67 51 33 18 25 67 36 72
42 95 94 54 53 13 12 62 61 31 13 15 65 66 32
402 401 401 401 401 401 402 401 401 402 402 402 401 401 402
0 0 1 0 0 0 0 0 0 0
0 1 1 1 1 1 1 1 0 0
0 1 1 1 1 0 0 0 0 0
1 1 1 1 1 1 0 0 0 0
1 1 1 1 1 1 0 0 0 0
1 1 1 1 1 1 1 1 1 0
1 1 1 1 1 1 1 0 0 0
0 2 0 1 1 0 0 0 0 0
0 0 0 1 1 0 0 0 0 0
0 0 0 1 1 1 1 0 0 0
Maze 8
101 11 3.8222222222 1.8771584319 55 0.396171227489300
79 53 12 53 69 81 78 66 73 34 38 94 100 4 74 79
73 52 52 63 61 71 76 63 33 400 34 400 94 400 400
401 401 401 401 402 402 401 402 402 400 402 400 401 400 400
0 0 0 1 0 0 0 0 0 0
0 1 0 1 0 0 0 0 0 0
0 1 0 1 0 0 0 0 0 0
0 1 1 1 1 1 1 1 0 0
0 1 1 1 0 0 0 0 0 0
0 1 1 1 0 0 0 0 0 0
1 1 1 1 1 1 1 1 1 0
1 1 1 1 1 1 1 1 2 0
1 0 0 1 0 0 0 0 0 0
0 0 0 1 1 1 1 1 1 1
Maze 9
109 37 3.3333333333 1.9919046255 105 0.366241527694870
13 53 49 23 70 49 16 63 7 92 76 81 62 31 86 13
400 43 43 63 69 46 13 3 2 72 71 61 61 81 83
400 402 401 401 401 401 402 402 402 402 402 402 401 401 401
0 1 1 1 1 1 1 0 0 0
0 1 2 1 1 1 0 0 0 0
0 1 1 0 0 1 0 0 0 0
1 1 1 0 0 1 0 0 0 0
1 1 1 1 1 1 1 1 1 0
1 1 1 0 0 0 0 0 1 0
1 1 1 1 1 1 1 1 1 1
1 1 1 1 1 1 0 0 0 0
1 1 1 1 1 1 0 0 0 0
0 1 0 0 0 0 0 0 0 0
Maze 10
75 2 2.9361702128 2.2225866499 35 0.343323239093269
74 53 60 67 20 9 19 14 21 15 2 15 35 97 22 74
73 400 57 17 19 400 400 11 11 12 12 400 95 92 72
401 400 402 402 401 400 400 402 402 401 401 400 401 401 401
0 1 0 0 0 0 0 0 1 0
1 1 1 1 1 1 1 1 1 1
1 1 0 0 1 0 1 0 0 0
0 1 0 0 1 0 1 0 0 0
0 1 0 0 1 0 1 0 0 0
0 1 1 1 1 1 1 1 1 1
0 1 1 0 1 0 1 0 0 0
0 1 1 2 1 0 0 0 0 0
0 1 0 0 1 0 0 0 0 0
0 1 1 1 1 1 1 0 0 0
Maze 11
99 673 3.1525423729 2.1968884368 56 0.390173000978140
18 59 15 25 52 6 65 79 14 24 22 68 57 39 91 18
58 55 400 22 2 5 75 74 400 400 62 67 37 31 11
401 401 400 402 402 402 401 401 400 400 401 401 402 402 402
0 1 1 1 1 1 0 0 0 0
1 1 1 1 1 1 1 2 0 0
1 1 1 1 1 0 0 1 0 0
1 1 1 1 1 1 1 1 1 0
1 1 0 1 1 0 1 1 0 0
1 1 0 1 1 1 1 1 1 0
1 1 1 1 1 1 1 1 0 0
1 0 0 1 1 1 1 1 1 0
1 0 0 0 0 0 0 0 0 0
1 0 0 0 0 0 0 0 0 0
Maze 12
95 32 3.2800000000 2.0850105500 46 0.377183323946247
14 38 71 45 31 74 90 36 43 7 3 52 83 1 33 14
34 31 41 41 71 84 86 33 3 400 2 82 81 31 13
401 402 402 401 401 401 401 402 402 400 402 401 401 401 402
1 1 1 1 1 1 1 0 0 0
1 1 1 2 0 0 0 0 0 0
1 1 1 1 0 0 0 0 0 0
1 1 1 1 1 1 1 1 0 0
1 1 1 1 1 1 0 0 0 0
1 1 0 0 0 1 0 0 0 0
1 1 0 0 0 1 0 0 0 0
1 1 1 1 0 1 0 0 0 0
1 1 1 1 1 1 1 1 1 1
0 0 0 0 0 0 0 0 0 0
Maze 13
89 14 3.2692307692 2.2136457562 56 0.397422796774695
76 13 42 9 23 94 69 60 68 24 56 46 15 44 29 76
73 12 2 3 93 64 59 58 64 54 400 45 14 24 26
401 402 402 402 401 402 402 402 401 401 400 401 402 402 402
0 1 1 1 1 1 1 1 1 0
0 1 1 1 1 0 0 0 0 0
0 1 1 1 1 1 1 1 1 0
0 1 1 1 1 1 0 0 0 0
0 1 1 1 1 1 0 0 0 0
0 0 1 1 1 1 0 1 1 1
0 0 1 1 1 1 1 1 1 0
0 0 1 1 1 2 0 0 0 0
0 0 1 1 0 0 0 0 0 0
0 0 1 1 0 0 0 0 0 0
Maze 14
105 7 2.9433962264 1.9360348096 70 0.373143923159729
56 20 70 44 68 81 67 44 24 68 69 25 51 1 100 56
16 400 64 64 61 61 64 400 64 400 65 21 400 91 96
402 400 401 401 402 402 401 400 401 400 401 402 400 401 401
1 0 0 0 0 0 0 0 0 0
1 0 0 0 0 1 1 1 1 1
1 1 1 1 1 1 0 0 0 1
1 0 0 1 1 1 0 0 0 1
1 0 0 1 1 1 0 0 0 1
1 0 0 1 1 2 0 0 0 1
1 1 1 1 1 1 1 1 1 1
1 0 0 0 0 1 0 0 0 0
1 0 0 0 0 1 0 0 0 0
1 1 1 1 1 1 1 1 1 1
Maze 15
99 576 2.7096774194 2.1275846358 51 0.368601246806030
35 11 1 98 29 94 53 3 72 74 48 29 22 79 47 35
31 400 91 28 24 93 400 2 400 44 28 400 72 77 45
401 400 401 402 402 401 400 402 400 402 402 400 401 401 401
1 1 1 0 0 0 0 0 0 0
1 1 1 0 0 0 0 0 0 0
1 1 1 1 1 1 1 1 1 0
1 1 1 1 2 0 0 1 0 0
1 1 1 1 1 1 1 1 0 0
1 1 1 1 0 0 1 1 0 0
1 1 1 1 0 0 1 1 0 0
1 1 1 1 1 1 1 1 1 0
1 0 1 1 0 0 0 1 0 0
1 1 1 1 1 1 1 1 0 0
Maze 16
87 22 2.7857142857 2.2057836679 36 0.381259596809809
91 12 35 25 49 92 89 38 27 19 90 38 7 28 81 91
11 32 400 45 42 82 88 37 17 89 88 37 27 21 400
402 401 400 401 402 402 401 401 402 401 401 401 401 402 400
0 0 0 0 0 0 1 0 0 0
1 1 0 0 0 0 1 1 1 0
1 1 1 1 1 1 1 1 1 0
1 1 1 1 1 0 1 1 1 0
1 1 1 1 1 1 1 1 1 0
1 1 0 0 0 0 0 1 1 0
1 1 0 0 0 0 0 1 1 0
1 1 0 0 0 0 0 1 1 0
1 1 1 1 1 1 1 1 1 1
2 1 0 0 0 0 0 0 0 0
Maze 17
123 4602 3.7000000000 2.1818150651 125 0.385436159063132
81 97 61 65 30 63 91 14 94 60 28 85 23 80 46 81
91 91 400 25 23 61 11 400 54 58 25 83 73 76 41
401 401 400 402 402 402 402 400 402 401 402 401 401 401 402
0 0 0 0 0 0 0 0 0 0
1 1 1 1 0 0 0 0 0 0
1 0 1 1 1 1 1 1 1 1
1 0 1 1 1 0 0 1 0 0
1 1 1 1 1 1 0 1 0 0
1 0 1 1 1 1 1 1 1 1
1 1 1 1 1 1 0 0 0 0
1 0 1 1 1 1 1 1 1 1
2 0 1 1 1 0 0 0 0 0
1 1 1 1 1 1 1 0 0 0
Maze 18
101 596 3.2222222222 2.0628766741 71 0.381634109495002
21 68 42 57 89 18 33 10 77 88 18 25 5 64 48 21
61 62 52 87 88 13 3 7 87 400 15 400 4 44 41
401 401 401 401 401 402 402 402 401 400 402 400 402 402 401
0 0 1 1 1 1 1 1 1 1
0 0 1 1 1 1 1 1 0 0
2 0 1 1 1 0 1 1 0 0
1 0 1 1 0 0 1 1 0 0
1 1 1 1 1 1 1 1 0 0
1 1 1 1 1 1 1 1 0 0
1 1 1 1 1 1 1 1 0 0
0 0 0 0 0 0 1 1 0 0
0 0 0 0 0 0 1 1 1 0
0 0 0 0 0 0 0 0 0 0
Maze 19
103 84 3.3898305085 2.3362168682 84 0.373089186545832
74 100 52 57 48 93 24 41 47 18 67 46 6 71 5 74
94 92 400 47 43 23 21 400 17 17 66 400 1 1 4
401 401 400 402 402 402 402 400 402 402 401 400 402 402 402
1 1 1 1 1 1 0 0 0 0
1 0 0 1 0 1 1 1 0 0
1 1 1 1 0 1 1 0 0 0
1 0 1 1 0 1 1 0 0 0
1 1 1 1 1 1 1 1 0 0
1 1 1 1 1 1 1 0 0 0
1 1 1 1 0 1 1 0 0 0
1 1 1 2 0 0 0 0 0 0
0 1 1 1 0 0 0 0 0 0
0 1 1 1 1 1 1 1 1 1
Maze 20
83 72 3.0638297872 2.0594959628 30 0.382383857282087
66 52 32 21 59 70 52 96 96 18 6 59 85 72 23 66
62 400 31 51 69 62 92 400 16 16 56 55 82 22 63
401 400 401 401 401 401 401 400 402 401 401 402 401 402 401
0 0 0 0 0 1 0 0 0 0
0 0 0 0 0 1 1 1 0 0
1 1 1 0 0 1 0 0 0 0
1 1 1 0 0 1 0 0 0 0
1 1 1 0 0 1 0 0 0 0
1 1 1 1 1 1 1 1 1 0
0 1 1 1 1 2 1 1 1 1
0 1 0 0 1 1 0 0 0 0
0 1 1 1 1 1 0 0 0 0
0 1 1 1 1 1 0 0 0 0
Maze 21
95 7 2.9473684211 2.2069336866 65 0.389577333423105
22 37 44 8 31 86 91 95 86 64 87 61 30 70 35 22
32 34 4 1 81 81 400 85 84 84 81 21 400 65 32
401 402 402 402 401 402 400 402 401 401 401 402 400 401 401
1 1 1 1 1 1 1 1 0 0
1 0 0 1 0 0 0 0 0 0
1 2 1 1 1 1 1 1 1 1
1 1 1 1 1 1 1 0 0 1
1 0 0 1 1 0 0 0 0 1
1 0 0 0 1 0 0 0 0 1
1 0 0 1 1 1 1 1 1 1
1 0 0 1 0 0 0 0 0 0
1 1 1 1 1 1 1 0 0 0
1 1 1 1 1 0 0 0 0 0
Maze 22
97 273 3.0312500000 2.3761029665 52 0.380774561117812
9 43 60 78 41 40 20 34 15 75 27 97 84 99 77 9
3 53 58 71 31 400 14 14 400 25 400 94 94 97 7
402 401 402 401 402 400 402 402 400 402 400 401 401 401 402
0 0 1 1 1 1 1 1 2 0
0 0 1 1 1 1 1 1 1 1
0 0 1 1 1 1 1 0 0 1
1 1 1 1 1 1 1 1 1 1
1 0 1 0 1 0 1 0 0 0
1 0 1 1 1 1 1 1 1 1
1 0 0 0 1 0 1 1 0 0
1 1 1 1 1 1 1 1 0 0
0 0 0 1 0 0 1 0 0 0
0 0 0 1 1 1 1 1 1 0
Maze 23
105 173 2.9677419355 2.2277880680 86 0.372780043000815
52 85 50 57 98 10 11 15 57 79 95 100 17 46 10 52
82 45 47 97 8 1 400 55 77 75 400 97 16 6 2
401 402 402 401 402 402 400 401 401 402 400 401 402 402 402
1 1 1 1 1 1 1 1 1 1
1 1 1 1 1 1 1 1 0 0
0 1 0 0 1 1 1 1 0 0
0 1 0 0 1 1 1 1 0 0
0 1 0 0 1 1 1 1 1 1
0 2 0 0 1 1 1 1 0 0
0 1 0 0 1 0 1 1 0 0
0 1 0 0 1 1 1 1 1 0
0 1 1 1 1 0 1 1 0 0
0 0 0 0 1 1 1 1 1 1
Maze 24
85 27 3.1489361702 2.0493837165 45 0.362657502133137
33 75 80 36 8 79 28 93 44 15 14 14 89 85 95 33
73 400 76 6 78 78 23 43 14 400 400 84 400 400 93
401 400 401 402 401 401 402 402 402 400 400 401 400 400 401
0 0 0 0 0 1 1 1 0 0
0 0 0 1 1 1 0 1 0 0
0 0 1 1 1 1 1 1 0 0
0 0 2 1 0 1 0 1 0 0
0 0 1 1 0 1 0 1 0 0
0 0 1 1 0 1 0 1 0 0
0 0 1 1 0 1 0 1 0 0
0 0 1 1 1 1 1 1 1 1
0 0 1 1 1 1 1 1 1 0
0 0 1 1 1 0 0 0 0 0
Maze 25
87 4 2.7241379310 2.2500000000 50 0.388506666612046
15 19 49 80 39 44 63 25 85 59 26 57 26 99 81 15
400 400 79 79 34 43 23 400 55 56 56 56 96 91 11
400 400 401 401 402 402 402 400 402 401 401 401 401 401 402
0 0 0 0 0 0 0 0 0 0
1 1 1 1 2 1 1 1 1 0
1 0 1 1 1 1 0 0 1 0
1 0 1 1 1 1 1 1 1 0
1 0 1 1 1 1 0 0 1 0
1 0 1 0 1 1 1 1 1 0
1 0 1 0 1 1 0 0 1 0
1 0 0 0 1 1 0 0 1 1
1 0 0 0 1 1 0 0 0 0
1 1 1 1 1 1 1 1 1 0
Maze 26
93 73 3.6170212766 2.1500941839 31 0.387764543621253
61 34 89 71 32 60 83 72 84 38 34 26 51 47 54 61
31 84 81 31 52 53 82 82 34 400 24 21 41 44 51
402 401 401 402 401 402 401 401 402 400 402 402 402 402 402
0 0 0 0 0 0 0 0 0 0
0 0 0 0 0 0 0 0 0 0
1 1 1 1 1 1 0 0 0 0
1 1 1 1 1 1 1 1 0 0
1 1 1 1 1 1 1 0 0 0
1 1 1 1 1 1 1 1 1 1
2 0 1 1 0 0 0 0 0 0
1 1 1 1 0 0 0 0 0 0
1 1 1 1 1 1 1 1 1 0
0 0 0 0 0 0 0 0 0 0
Maze 27
103 68 3.5849056604 2.1646335561 71 0.388310567997630
97 41 64 34 17 44 29 63 57 85 46 70 53 80 34 97
91 61 400 14 14 24 23 53 55 45 66 63 73 74 94
401 401 400 402 402 402 402 402 402 402 401 401 401 401 401
0 0 0 0 0 0 0 0 0 0
0 0 0 1 1 1 1 0 0 0
0 0 1 1 1 1 1 1 1 0
0 0 1 1 0 0 0 0 0 0
1 0 1 1 1 1 0 0 0 0
1 0 1 1 1 1 1 0 0 0
1 1 1 1 1 1 1 1 1 1
1 0 1 1 1 1 1 1 1 1
1 0 0 1 1 0 0 0 0 0
1 1 1 1 1 1 2 0 0 0
Maze 28
91 31 2.8387096774 2.4139812339 28 0.410100761923822
21 12 52 36 17 91 2 2 9 100 20 68 39 33 55 21
11 400 32 16 11 1 400 400 99 400 18 38 400 53 51
402 400 402 402 402 402 400 400 401 400 402 402 400 401 401
1 1 1 1 1 1 1 1 1 0
1 1 1 1 1 1 1 1 1 1
2 1 0 0 0 1 0 1 1 1
1 1 1 1 1 1 1 1 1 1
1 1 1 0 0 0 0 1 1 1
1 1 1 1 1 0 0 1 1 1
1 0 0 0 0 0 0 1 1 1
1 0 0 0 0 0 0 0 1 1
1 0 0 0 0 0 0 0 1 1
1 0 0 0 0 0 0 0 1 1
Maze 29
113 8004 3.2307692308 2.2112130952 87 0.386774557991468
42 60 12 14 23 23 89 27 91 40 19 84 44 69 30 42
52 52 400 13 400 83 87 21 31 39 14 400 64 29 22
401 401 400 402 400 401 401 402 402 401 402 400 401 402 402
0 0 0 0 0 0 0 0 0 0
0 1 1 1 1 1 1 1 1 0
1 1 1 1 1 1 1 1 1 1
1 1 1 1 1 1 1 1 1 1
1 2 1 1 0 0 1 0 1 0
1 1 1 1 1 1 1 1 1 1
1 0 1 1 1 1 1 1 1 0
1 0 1 1 0 0 1 0 0 0
1 0 1 1 1 1 1 1 1 0
1 0 0 0 0 0 0 0 0 0
Maze 30
83 28 2.8936170213 2.0259758536 26 0.358766825299192
74 33 63 84 87 38 74 44 84 94 69 10 94 92 69 74
73 400 83 400 37 34 400 400 400 64 9 4 400 62 64
401 400 401 400 402 402 400 400 400 402 402 402 400 402 402
0 0 0 1 1 1 1 1 1 1
0 0 0 1 0 0 0 0 1 0
0 0 0 1 0 0 0 0 1 0
0 0 1 1 1 1 1 1 1 0
0 0 1 1 0 0 1 0 1 0
0 0 1 1 0 0 1 0 1 0
0 1 1 1 1 1 1 1 1 0
0 1 1 2 0 0 1 0 0 0
0 1 1 1 1 1 1 0 0 0
0 1 1 1 0 0 0 0 0 0
Maze 31
87 4 2.4307692308 2.4696496609 30 0.392157265391271
43 47 100 76 1 2 92 95 51 4 15 30 15 20 40 43
400 97 96 71 400 400 400 91 1 14 25 25 400 400 33
400 401 401 401 400 400 400 401 402 401 401 401 400 400 402
1 1 1 1 0 0 0 0 0 0
1 1 0 1 1 1 1 1 1 1
1 1 0 0 1 1 1 1 1 1
1 1 1 1 1 1 1 1 1 1
1 1 2 1 1 1 1 0 0 0
1 1 0 0 0 0 1 0 0 0
1 1 0 0 0 0 1 0 0 0
1 1 1 1 1 1 1 0 0 0
1 1 0 0 0 1 1 0 0 0
1 1 1 1 1 1 1 1 1 1
Maze 32
103 37 3.1698113208 1.9968940619 66 0.388447310492206
29 79 18 61 28 23 22 71 79 66 43 86 24 87 94 29
400 78 11 21 400 400 21 400 76 63 83 84 84 84 24
400 401 402 402 400 400 402 400 401 401 401 401 401 402 402
0 0 0 0 0 0 0 0 0 0
1 1 1 1 1 1 1 1 0 0
1 1 1 1 1 1 1 1 2 0
1 0 0 1 0 0 0 1 1 0
1 0 1 1 0 0 0 1 1 0
1 0 1 1 0 0 0 1 1 0
1 0 1 1 1 1 0 1 1 0
1 1 1 1 1 1 1 1 1 0
0 0 1 1 1 1 1 0 0 0
0 0 0 1 0 0 0 0 0 0
Maze 33
95 211 2.5666666667 2.0279931174 60 0.387788033196338
48 12 93 55 74 13 62 61 9 79 31 94 83 58 49 48
42 92 53 54 73 12 400 1 400 71 91 93 53 48 400
401 401 402 402 401 402 400 402 400 401 401 401 402 402 400
1 1 1 1 1 1 1 1 1 0
1 1 1 0 0 0 0 0 1 0
1 1 1 0 0 0 0 0 1 0
1 1 1 0 0 0 0 0 1 0
1 1 1 1 1 1 1 2 1 0
1 1 1 1 1 1 1 1 1 0
1 1 1 1 0 0 0 0 1 0
1 1 1 1 1 1 1 1 1 0
1 1 1 0 0 0 0 0 0 0
1 1 1 1 0 0 0 0 0 0
Maze 34
101 195 3.4893617021 1.9742544470 62 0.388640694123906
23 3 82 15 51 24 9 75 11 20 65 33 42 81 51 23
400 2 12 11 21 4 5 71 400 15 63 32 41 400 21
400 402 402 402 402 402 402 401 400 402 401 402 402 400 402
0 1 1 1 1 1 1 1 1 0
1 1 1 1 1 1 1 1 1 1
1 1 2 1 1 0 0 0 0 0
1 1 1 0 1 0 0 0 0 0
1 1 1 0 1 0 0 0 0 0
1 1 1 0 1 0 0 0 0 0
1 1 1 1 1 0 0 0 0 0
1 1 1 1 1 0 0 0 0 0
1 1 0 0 0 0 0 0 0 0
0 0 0 0 0 0 0 0 0 0
Maze 35
101 474 3.4693877551 1.9429147865 66 0.397792609988035
17 74 75 22 83 95 26 78 52 13 73 37 54 60 83 17
14 400 72 82 93 25 76 72 12 400 33 34 400 53 13
402 400 401 401 401 402 401 401 402 400 402 402 400 402 402
0 0 0 0 0 0 0 0 0 0
0 1 1 1 1 1 2 0 0 0
0 1 1 1 1 1 0 0 0 0
0 1 1 1 1 1 1 0 0 0
0 1 1 1 1 1 0 0 0 0
0 1 1 1 1 1 1 1 1 1
0 1 1 1 1 1 0 0 0 0
0 1 1 1 1 1 1 1 0 0
0 1 1 0 1 0 0 0 0 0
0 0 1 1 1 0 0 0 0 0
Maze 36
85 407 2.9642857143 2.4215984225 56 0.405040615088877
34 83 71 17 34 82 96 58 13 45 65 29 76 34 25 34
33 81 11 14 32 92 56 53 43 400 25 26 74 24 24
402 401 402 402 402 401 402 401 401 400 402 402 401 402 402
0 0 0 0 0 0 0 0 0 0
1 1 1 1 1 1 1 0 0 0
1 0 1 1 1 1 1 1 1 0
1 1 1 2 1 1 0 0 0 0
1 1 1 1 1 1 0 0 0 0
1 1 1 1 1 1 1 1 0 0
1 1 1 1 1 1 0 0 0 0
1 1 1 1 1 1 0 0 0 0
1 1 1 0 0 1 0 0 0 0
0 1 1 1 1 1 0 0 0 0
Maze 37
115 40708 2.9014084507 2.2314534858 140 0.394260297945067
7 97 42 39 14 42 78 8 56 61 88 9 59 11 20 7
400 92 32 34 12 72 400 6 51 81 8 400 51 400 17
400 401 402 401 402 401 400 402 402 401 402 400 401 400 401
0 0 0 0 0 1 2 1 1 0
1 1 1 1 1 1 1 1 1 1
1 1 0 1 0 1 1 1 1 0
1 1 1 1 1 1 1 1 1 0
1 1 0 0 0 1 1 1 1 0
1 1 1 1 1 1 1 1 1 0
1 1 0 0 0 0 1 1 0 0
1 1 1 1 1 1 1 1 0 0
1 1 1 1 1 1 1 1 0 0
0 1 1 1 1 1 1 0 0 0
Maze 38
113 36 3.3469387755 1.7924511018 70 0.395739228926611
69 14 96 43 84 88 36 46 14 90 46 9 97 100 24 69
64 94 93 83 400 86 400 44 84 86 6 7 400 94 64
401 401 401 401 400 401 400 401 401 401 402 402 400 401 401
0 0 0 0 0 1 1 1 1 0
0 0 0 1 0 1 1 0 0 0
0 0 0 1 0 1 1 0 0 0
0 0 0 1 0 1 1 0 0 0
0 0 1 1 1 1 1 0 0 0
0 0 1 1 0 1 1 0 0 0
0 0 1 1 1 1 1 1 2 0
0 0 1 1 0 1 1 0 0 0
0 0 1 1 1 1 1 1 1 1
0 0 1 1 1 1 1 1 1 1
Maze 39
127 293 3.6734693878 1.6991071616 166 0.395012905802148
17 79 3 80 53 17 80 48 82 78 19 54 22 18 98 17
77 73 73 73 13 77 78 42 72 18 14 52 12 400 97
401 401 401 401 402 401 401 402 402 402 402 401 402 400 401
0 0 1 0 0 0 0 0 0 0
0 1 1 1 1 1 2 1 1 0
0 1 1 1 0 0 1 1 0 0
0 1 1 1 0 0 1 1 0 0
0 1 1 1 1 1 1 1 0 0
0 1 1 1 0 0 1 1 0 0
0 1 1 0 0 0 1 1 0 0
0 1 1 1 1 1 1 1 1 1
0 1 0 0 0 0 1 1 0 0
0 0 0 0 0 0 1 1 0 0
Maze 40
95 54 3.1724137931 2.3294971503 49 0.392664354925619
41 33 80 78 73 88 88 36 21 10 69 78 69 83 20 41
31 73 400 400 83 400 86 31 1 9 68 68 63 13 11
402 401 400 400 401 400 401 401 402 402 402 402 402 402 402
1 1 1 1 1 1 1 1 1 1
1 1 1 1 1 1 1 1 1 1
1 0 1 0 0 0 0 0 1 0
1 1 1 1 1 1 0 0 1 0
2 0 1 0 0 1 0 0 1 0
0 0 1 0 0 1 0 0 1 0
0 0 1 1 1 1 1 1 1 0
0 0 1 1 1 1 1 1 1 1
0 0 1 1 1 1 1 1 0 0
0 0 0 0 0 0 0 0 0 0
Maze 41
79 34 3.4090909091 2.2282984634 21 0.371045055547232
24 1 64 61 47 9 77 46 21 72 85 44 56 13 22 24
21 61 400 41 7 7 76 41 71 82 84 54 53 12 400
401 401 400 402 402 402 401 401 401 401 401 401 401 402 400
1 0 0 0 0 0 1 1 1 0
1 1 1 0 0 0 1 0 0 0
1 1 1 2 0 0 1 0 0 0
1 0 1 0 0 0 1 0 0 0
1 1 1 1 1 1 1 0 0 0
1 0 1 1 1 1 1 0 0 0
1 1 1 1 0 1 1 0 0 0
1 1 0 1 0 1 1 0 0 0
0 1 1 1 1 0 0 0 0 0
0 0 0 0 0 0 0 0 0 0
Maze 42
87 494 3.4166666667 2.1025120994 50 0.384495855820211
89 90 52 65 40 68 63 99 46 74 23 66 96 35 77 89
400 82 62 35 38 400 93 96 44 73 63 400 95 75 87
400 401 401 402 402 400 401 401 402 401 401 400 401 401 401
0 0 0 0 0 0 0 0 0 0
0 0 0 0 0 0 0 0 0 0
0 0 1 0 0 0 0 0 0 0
0 0 1 0 1 1 1 1 1 1
0 0 1 1 1 1 0 1 0 0
0 1 1 1 1 1 0 1 0 0
0 1 1 1 1 1 1 1 0 0
0 1 1 1 1 1 1 0 0 0
0 1 1 1 1 1 1 1 2 1
0 0 1 1 1 1 1 1 1 0
Maze 43
101 303 3.1666666667 2.2249684459 59 0.390510866834268
64 58 73 73 38 92 3 44 69 74 1 9 28 93 71 64
54 53 400 33 32 2 43 64 64 71 400 8 23 91 61
402 402 400 402 402 402 401 401 402 401 400 402 402 401 402
1 1 1 1 1 1 1 1 1 0
1 1 1 0 0 0 0 1 0 0
1 1 1 1 1 1 1 1 0 0
1 1 1 1 1 1 1 1 0 0
1 1 1 1 0 0 0 0 0 0
1 1 1 1 1 1 1 1 0 0
1 1 1 2 1 1 1 1 1 0
1 1 1 1 0 0 0 0 0 0
1 1 1 0 0 0 0 0 0 0
1 1 1 0 0 0 0 0 0 0
Maze 44
133 7432 3.3243243243 2.2326729085 184 0.390617060567260
9 39 6 93 49 87 11 97 20 61 80 14 45 58 76 9
400 36 3 43 47 81 91 17 11 71 74 44 55 56 6
400 401 402 402 402 401 401 402 402 401 401 401 401 402 402
0 0 1 1 1 1 1 1 2 0
1 1 1 1 1 1 1 1 1 1
1 0 1 1 0 1 1 0 1 0
1 0 1 1 0 1 1 1 1 0
1 0 1 1 1 1 1 1 1 0
1 0 1 1 1 1 1 1 0 0
1 0 1 1 0 1 1 0 0 0
1 1 1 1 1 1 1 1 1 1
1 1 1 1 1 1 1 0 0 0
1 1 1 1 1 1 1 0 0 0
Maze 45
119 138 3.4237288136 2.0776142313 114 0.386819824026209
90 64 11 62 20 72 50 34 17 31 59 21 25 69 50 90
84 61 61 12 12 42 44 14 11 51 51 400 65 49 400
401 401 401 402 402 402 401 402 402 401 401 400 401 402 400
0 0 0 0 0 0 0 0 0 0
1 1 1 1 1 1 1 1 1 1
1 1 1 1 1 0 0 0 0 0
1 1 0 1 1 0 0 0 0 0
1 1 1 1 1 1 1 1 1 1
1 1 1 1 1 1 1 1 1 1
1 1 1 1 1 1 1 1 1 1
0 1 0 1 0 0 0 0 0 1
0 0 0 1 1 1 1 1 1 2
0 0 0 0 0 0 0 0 0 0
Maze 46
89 32 3.2432432432 1.7524725426 45 0.393129424010454
21 46 75 83 21 38 34 36 51 49 43 15 49 53 75 21
41 45 73 81 31 400 400 31 41 400 13 45 43 73 71
401 402 402 401 401 400 400 402 402 400 402 401 402 401 401
0 0 0 0 0 0 0 0 0 0
0 0 1 1 1 0 0 0 0 0
2 0 1 0 1 0 0 0 0 0
1 1 1 1 1 1 1 1 0 0
1 1 1 1 1 1 1 1 1 0
1 0 1 0 1 0 0 0 0 0
1 0 1 0 1 0 0 0 0 0
1 1 1 1 1 0 0 0 0 0
1 1 1 0 0 0 0 0 0 0
0 0 0 0 0 0 0 0 0 0
Maze 47
95 1683 3.2727272727 2.2195666242 77 0.373837403498104
77 52 96 24 32 33 6 52 64 84 11 43 99 100 6 77
72 92 94 22 400 3 2 62 400 81 41 93 400 96 76
401 401 401 402 400 402 402 401 400 401 401 401 400 401 401
0 1 1 1 1 1 0 0 0 0
1 1 1 0 0 1 0 0 0 0
1 1 1 1 0 1 0 0 0 0
1 1 1 1 0 1 0 0 0 0
1 1 1 1 0 1 0 0 0 0
1 1 1 1 0 1 0 0 0 0
1 1 1 1 0 1 0 0 0 0
1 1 1 1 1 1 2 0 0 0
1 1 1 1 0 1 0 0 0 0
0 1 1 1 1 1 1 1 1 1
Maze 48
95 51 2.9795918367 1.8706812219 77 0.389488182370648
84 68 72 43 92 14 69 61 23 32 39 77 5 34 22 84
64 62 42 42 12 64 400 21 22 400 37 75 4 32 82
402 402 402 402 402 401 400 402 402 400 402 401 402 401 401
0 0 0 1 1 0 0 0 0 0
0 1 1 1 1 0 0 0 0 0
1 1 1 1 1 0 0 0 0 0
1 1 1 1 1 1 1 1 1 0
1 1 1 1 1 0 1 0 0 0
1 1 0 1 1 0 1 0 0 0
1 1 1 1 1 1 1 1 1 0
0 1 0 1 1 1 1 0 0 0
0 1 1 2 0 0 0 0 0 0
0 1 0 0 0 0 0 0 0 0
Maze 49
119 345 3.2068965517 2.0232184463 89 0.377449860139761
75 38 41 95 10 41 85 44 94 7 9 33 80 91 71 75
35 31 91 5 1 81 84 400 4 400 3 73 71 400 400
402 402 401 402 402 401 401 400 402 400 402 401 402 400 400
1 1 1 1 1 1 1 1 1 1
1 0 1 1 1 0 0 0 0 0
1 0 1 1 1 0 0 0 0 0
1 1 1 1 1 1 1 1 0 0
1 0 1 1 1 0 0 0 0 0
1 0 1 1 1 0 0 0 0 0
1 0 1 1 1 0 0 0 0 0
1 1 1 1 2 1 1 1 1 1
1 1 1 1 1 0 0 0 0 0
1 1 1 1 1 0 0 0 0 0
Maze 50
107 60 3.0163934426 2.1566795577 86 0.364764025457864
85 37 90 96 85 100 6 92 82 94 6 92 67 66 13 85
35 87 86 95 95 96 2 400 92 4 2 62 400 63 83
402 401 402 401 401 401 402 400 401 402 402 402 400 401 401
0 1 1 1 1 1 0 0 0 0
0 1 1 1 0 1 0 0 0 0
0 1 1 1 0 1 0 0 0 0
0 1 1 1 1 1 1 0 0 0
0 1 1 1 1 1 1 0 0 0
0 1 1 1 1 1 1 0 0 0
0 1 1 1 1 1 1 0 0 0
0 1 1 1 1 1 1 0 0 0
0 1 1 1 2 1 1 1 1 1
0 1 1 1 1 1 1 1 1 1
Maze 51
63 15 2.8947368421 1.9800777073 10 0.416972812337613
5 15 32 41 14 21 53 14 65 86 95 76 62 85 33 5
400 12 31 11 11 51 13 64 85 85 75 72 82 83 3
400 402 402 402 402 401 402 401 401 402 402 401 401 401 402
0 0 1 1 2 0 0 0 0 0
1 1 1 1 1 0 0 0 0 0
1 1 1 1 0 0 0 0 0 0
1 1 1 1 0 0 0 0 0 0
1 0 1 1 0 0 0 0 0 0
1 1 1 1 0 0 0 0 0 0
0 1 1 1 1 0 0 0 0 0
0 1 1 1 1 1 0 0 0 0
0 1 1 1 1 1 0 0 0 0
0 0 0 0 1 0 0 0 0 0
Maze 52
65 10 2.6976744186 2.1332707033 20 0.375025172321829
16 38 37 49 7 6 68 65 21 37 28 8 42 15 13 16
36 400 47 47 400 66 400 61 31 27 400 2 12 400 400
401 400 401 401 400 401 400 401 401 402 400 402 402 400 400
0 1 1 1 1 1 1 1 0 0
0 1 1 1 1 2 1 1 0 0
1 1 0 0 0 1 1 1 0 0
1 1 1 1 1 1 1 1 0 0
1 1 0 0 0 1 1 1 1 0
1 0 0 0 0 1 0 0 0 0
1 1 1 1 1 1 1 1 0 0
0 0 0 0 0 0 0 0 0 0
0 0 0 0 0 0 0 0 0 0
0 0 0 0 0 0 0 0 0 0
Maze 53
97 39 3.1304347826 1.9523029392 50 0.375762440274332
92 58 6 52 57 18 45 25 72 16 27 36 98 42 2 92
52 56 2 400 17 15 400 22 12 26 26 96 92 400 400
402 401 402 400 402 402 400 402 402 401 402 401 401 400 400
0 1 1 1 1 1 0 0 0 0
0 1 1 1 1 1 1 1 0 0
0 1 1 1 1 1 1 0 0 0
0 1 0 0 1 1 1 0 0 0
0 1 0 0 1 1 1 0 0 0
0 1 1 1 1 1 1 1 0 0
0 1 0 0 0 1 0 0 0 0
0 1 0 0 0 1 0 0 0 0
0 1 0 0 0 1 0 0 0 0
0 2 1 1 1 1 1 1 0 0
Maze 54
123 177 3.3333333333 2.2592855473 123 0.384930142263241
46 83 40 62 72 9 18 8 62 16 99 44 58 30 81 46
43 33 32 400 2 8 400 2 12 96 94 54 28 21 41
402 402 402 400 402 402 400 402 402 401 401 401 402 402 402
0 1 1 1 1 1 1 1 1 0
0 1 1 1 1 1 0 1 0 0
1 1 1 1 1 1 1 1 1 1
1 1 1 1 1 1 1 1 1 1
1 1 1 1 1 2 0 1 0 0
1 1 1 1 1 1 1 1 0 0
1 1 1 1 0 1 0 0 0 0
1 1 1 1 0 1 0 0 0 0
1 0 1 1 0 1 0 0 0 0
0 0 0 1 1 1 1 1 1 0
Maze 55
87 955 2.8148148148 2.1489159387 44 0.393031605878961
46 17 67 33 38 80 46 97 81 45 64 51 24 56 71 46
16 400 63 400 78 76 96 91 41 44 61 21 54 51 41
402 400 401 400 401 401 401 401 402 402 401 402 401 402 402
0 0 0 0 0 0 0 0 0 0
0 0 0 0 0 1 1 0 0 0
1 1 1 1 0 1 1 0 0 0
1 0 1 1 1 1 1 1 0 0
1 1 1 1 1 2 1 1 0 0
1 1 1 1 1 1 1 1 0 0
1 1 1 1 1 1 1 1 0 0
1 0 0 0 0 1 1 1 1 1
1 0 0 0 0 1 0 0 0 0
1 1 1 1 1 1 1 0 0 0
Maze 56
113 39 3.5185185185 1.9879005736 90 0.380026894285857
41 60 82 65 21 10 53 67 63 92 27 6 33 93 48 41
51 52 62 61 1 3 63 400 62 22 26 3 400 43 400
401 402 402 401 402 402 401 400 402 402 401 402 400 402 400
1 1 1 1 1 1 1 1 1 1
1 0 1 0 0 1 0 0 0 0
1 1 1 1 1 1 1 0 0 0
1 1 1 0 0 0 0 0 0 0
2 1 1 1 1 1 1 1 0 0
1 1 1 1 1 1 1 1 1 1
1 1 1 1 1 1 1 0 0 0
0 1 1 0 0 0 0 0 0 0
0 1 1 0 0 0 0 0 0 0
0 1 1 0 0 0 0 0 0 0
Maze 57
141 2720 3.6716417910 2.0998760767 213 0.391595623986738
93 78 87 12 19 76 1 49 5 99 2 32 95 22 40 93
73 77 82 400 16 71 41 45 95 92 400 92 92 32 33
402 402 401 400 402 401 401 401 401 401 400 401 401 401 402
1 1 0 0 1 0 0 0 0 0
1 1 1 1 1 1 1 1 1 0
1 1 0 0 1 1 0 0 0 0
1 1 1 1 1 1 1 1 1 1
1 1 1 1 1 1 1 1 1 0
1 1 1 0 1 1 0 0 0 0
1 1 1 0 1 1 0 0 0 0
1 1 1 1 1 1 1 1 0 0
0 1 1 1 1 1 1 0 0 0
0 1 2 1 1 1 1 1 1 0
Maze 58
111 62 3.3968253968 2.2566958423 112 0.376413454539499
39 24 37 70 87 96 10 19 53 98 93 3 21 80 21 39
34 34 67 67 86 6 9 13 93 400 400 1 71 71 31
401 401 401 402 402 402 402 402 401 400 400 402 401 401 401
1 1 1 0 0 1 1 1 1 1
1 0 1 1 1 1 1 1 1 0
1 0 1 1 0 1 0 0 0 0
1 1 1 1 1 1 1 1 2 0
1 0 1 0 0 1 1 0 0 0
1 0 1 0 0 1 1 0 0 0
1 0 1 0 0 1 1 1 1 1
1 1 1 1 1 1 1 1 1 1
0 0 1 0 0 1 1 0 0 0
0 0 1 1 1 1 1 1 0 0
Maze 59
95 123 3.3750000000 2.0708490455 77 0.397055168395249
65 63 47 47 26 22 49 86 2 85 29 97 96 40 86 65
400 43 400 46 400 42 46 82 82 25 27 400 36 36 85
400 402 400 401 400 401 402 401 401 402 402 400 402 402 401
0 1 0 0 0 0 0 0 0 0
0 1 0 0 0 0 0 0 0 0
0 1 1 1 1 1 1 1 1 0
0 1 0 0 1 1 1 1 1 1
0 1 1 1 1 1 1 1 1 0
0 1 1 0 1 1 1 0 0 0
0 1 1 1 2 1 1 0 0 0
0 1 0 0 1 1 1 0 0 0
0 1 1 1 1 1 1 0 0 0
0 0 0 0 0 1 1 0 0 0
Maze 60
105 39 3.1764705882 1.9344444613 112 0.385695924985407
18 32 73 65 97 15 68 20 13 59 34 7 65 19 3 18
12 72 63 95 95 65 18 400 53 54 4 5 15 13 13
402 401 402 401 401 401 402 400 401 401 402 402 402 401 401
0 0 1 1 1 1 1 0 0 0
0 1 1 1 1 1 1 2 1 1
0 1 1 1 1 0 0 1 0 0
0 1 1 1 1 0 0 1 0 0
0 1 1 1 1 0 0 1 0 0
0 1 1 1 1 1 1 1 1 0
0 1 1 1 1 1 1 1 0 0
0 1 1 0 1 0 0 0 0 0
0 0 0 0 1 0 0 0 0 0
0 0 0 0 1 1 1 0 0 0
Maze 61
107 61 3.1333333333 2.2217810464 90 0.372852110760061
93 40 15 18 100 76 75 2 71 1 66 91 85 12 13 93
33 35 400 98 96 400 72 1 400 61 61 81 82 400 400
402 401 400 401 401 400 401 402 400 401 402 402 401 400 400
1 1 0 0 0 0 0 0 0 0
1 1 1 0 1 1 1 1 0 0
1 1 1 0 1 0 0 1 0 0
1 1 1 1 1 1 1 1 1 1
1 1 1 0 0 0 0 1 0 0
1 1 1 0 0 0 0 1 0 0
1 1 1 1 1 1 0 1 0 0
1 1 1 1 1 1 0 1 0 0
1 1 1 1 1 1 0 1 0 0
1 0 2 0 0 1 1 1 1 1
Maze 62
79 218 2.8363636364 2.2693307184 22 0.361848273055258
20 89 96 17 5 45 32 39 33 27 27 13 81 84 64 20
19 86 16 15 400 42 400 400 23 400 23 11 400 400 14
402 402 402 401 400 401 400 400 402 400 401 402 400 400 402
0 0 0 0 1 0 0 0 0 0
1 1 1 1 1 1 1 1 1 2
1 0 1 1 1 1 1 0 1 0
1 1 1 1 1 1 1 1 1 0
1 1 1 1 1 1 0 0 1 0
1 0 0 1 0 1 0 0 1 0
1 0 0 1 0 1 0 0 1 0
1 0 0 1 0 1 0 0 1 0
1 1 1 1 0 1 1 1 1 0
0 0 0 0 0 1 0 0 0 0
Maze 63
121 19 3.1785714286 1.7953385595 125 0.393286809280548
2 58 84 59 96 97 4 3 11 98 94 9 41 7 40 2
52 54 54 56 400 94 400 1 91 400 4 1 1 37 32
401 402 402 402 400 401 400 402 401 400 402 402 402 401 401
1 2 1 1 1 1 1 1 1 0
1 1 0 1 0 0 1 0 0 0
1 1 0 1 0 0 1 0 0 0
1 1 1 1 1 1 1 1 1 1
1 1 0 1 0 0 0 0 0 0
1 1 1 1 1 1 1 1 1 0
1 0 0 1 0 1 0 0 0 0
1 0 0 1 0 1 0 0 0 0
1 0 0 1 0 1 0 0 0 0
1 1 1 1 1 1 1 1 0 0
Maze 64
113 56 3.4827586207 2.1053300445 105 0.386668140089899
50 85 26 65 78 96 14 29 13 25 49 60 81 70 1 50
45 25 25 75 76 94 24 23 23 45 59 51 61 61 41
402 402 402 401 402 401 401 401 401 401 401 402 402 401 401
1 0 0 0 0 0 0 0 0 0
1 0 1 1 0 0 0 0 0 0
1 0 1 1 1 1 1 1 1 0
1 0 0 1 1 0 0 0 0 0
1 1 1 1 1 1 1 1 1 2
1 1 1 1 1 1 1 1 1 1
1 1 1 1 1 1 1 1 1 1
1 0 0 1 1 1 1 1 0 0
1 0 0 1 1 1 0 0 0 0
0 0 0 1 1 1 0 0 0 0
Maze 65
109 22 3.4693877551 1.8580436704 105 0.396765940243001
5 32 60 96 60 21 31 59 43 49 88 62 82 17 53 5
2 52 56 56 51 400 51 53 400 48 82 400 12 13 3
402 401 402 402 401 400 401 401 400 402 401 400 402 402 402
0 1 1 1 2 0 0 0 0 0
0 1 1 1 1 1 1 0 0 0
1 1 1 0 0 0 0 0 0 0
1 1 1 0 0 0 0 0 0 0
1 1 1 1 1 1 1 1 1 0
1 1 1 1 1 1 1 1 1 1
0 1 0 0 0 1 0 1 0 0
0 1 0 0 0 1 0 1 0 0
0 1 1 1 1 1 1 1 0 0
0 0 0 0 0 1 0 0 0 0
Maze 66
115 1888 3.2131147541 2.0893880012 96 0.390117804076744
77 5 19 83 43 71 38 5 82 75 99 61 67 15 1 77
75 15 13 400 41 31 35 2 72 95 91 400 65 11 71
401 401 402 400 402 402 401 402 402 401 401 400 401 401 401
1 1 1 1 1 0 0 0 0 0
1 1 1 1 1 1 1 1 1 0
1 1 1 0 1 0 0 0 0 0
1 1 1 1 1 1 1 1 0 0
1 1 1 0 1 0 0 0 0 0
1 1 1 0 1 0 0 0 0 0
1 1 1 1 1 1 1 0 0 0
1 1 1 1 1 1 2 0 0 0
1 1 1 0 1 0 0 0 0 0
1 1 1 1 1 1 1 1 1 0
Maze 67
121 187 3.3461538462 1.6984865798 139 0.380319035139065
57 75 36 93 24 86 18 87 16 4 18 72 18 93 5 57
55 35 33 23 84 16 17 86 14 14 12 12 13 3 55
402 402 402 402 401 402 402 401 401 401 402 402 402 402 401
0 0 1 1 1 0 0 0 0 0
0 1 1 1 1 1 1 1 0 0
0 1 1 1 1 1 1 0 0 0
0 1 1 1 1 1 1 0 0 0
0 1 1 1 1 1 1 0 0 0
0 1 1 1 1 1 2 0 0 0
0 1 1 1 1 1 1 0 0 0
0 1 1 1 1 1 1 0 0 0
0 0 1 1 1 1 1 0 0 0
0 0 1 0 0 0 0 0 0 0
Maze 68
103 38 3.2400000000 2.0263695460 64 0.389009649555137
27 68 12 91 51 91 50 33 96 84 13 31 76 61 42 27
67 62 11 400 400 41 43 93 94 83 11 71 71 41 22
401 401 402 400 400 402 401 401 401 401 402 401 401 402 402
0 0 0 0 0 0 0 0 0 0
1 1 1 0 0 0 0 0 0 0
1 1 1 1 1 1 2 0 0 0
1 1 1 0 0 0 1 0 0 0
1 1 1 1 1 1 1 1 1 1
1 1 1 0 0 0 1 0 0 0
1 1 1 1 1 1 1 1 0 0
1 1 1 1 1 1 0 0 0 0
1 0 1 1 0 0 0 0 0 0
1 0 1 1 1 1 0 0 0 0
Maze 69
125 69 3.5471698113 1.8745331428 183 0.376333374547197
21 98 54 7 12 60 81 6 94 26 41 95 57 67 27 21
91 94 4 2 52 51 1 4 24 21 91 55 400 400 400
401 401 402 402 401 402 402 402 402 402 401 402 400 400 400
1 1 1 1 1 1 1 0 0 0
1 1 0 1 0 0 0 0 0 0
2 1 1 1 1 1 1 0 0 0
1 1 0 1 0 0 1 0 0 0
1 1 0 1 0 0 1 0 0 0
1 1 1 1 1 1 1 1 1 1
1 0 0 1 1 0 1 0 0 0
1 0 0 1 1 0 0 0 0 0
1 0 0 1 1 0 0 0 0 0
1 1 1 1 1 1 1 1 0 0
Maze 70
85 8 3.3750000000 2.2479453680 50 0.366782458011244
25 41 35 60 88 39 50 32 86 92 11 11 94 72 24 25
21 31 55 58 38 49 42 82 82 91 400 91 92 22 400
402 402 401 402 402 401 401 401 402 401 400 401 401 402 400
0 0 0 0 0 0 0 0 0 0
1 0 0 0 0 0 0 0 0 0
1 1 1 1 2 0 0 0 0 0
1 1 1 1 1 0 0 1 1 0
1 1 1 1 1 1 1 1 1 1
1 1 0 0 1 1 1 1 1 1
1 1 0 0 0 0 0 1 0 0
1 1 0 0 0 0 0 1 0 0
1 1 1 1 1 1 0 1 0 0
1 1 1 1 0 0 0 0 0 0
Maze 71
115 66 3.2631578947 1.9780697479 118 0.393655740825803
70 22 27 75 72 69 35 91 30 22 66 97 2 17 67 70
62 400 25 400 62 65 31 21 400 62 96 92 12 400 400
401 400 402 400 402 401 402 402 400 401 401 401 401 400 400
0 1 0 0 0 0 0 0 0 0
0 1 1 1 1 1 1 0 0 0
1 1 1 1 1 1 1 1 1 1
1 1 1 1 1 0 1 0 0 0
1 1 0 0 1 0 1 0 0 0
1 1 0 0 1 0 1 0 0 0
1 1 1 1 1 1 1 1 1 2
1 1 1 1 1 1 0 0 0 0
1 1 0 0 0 1 0 0 0 0
1 1 1 1 1 1 1 0 0 0
Maze 72
91 156 3.1698113208 2.1771102584 56 0.379120095320664
75 19 56 34 98 77 29 65 58 25 29 90 39 37 51 75
15 16 54 94 97 27 25 55 55 400 89 89 400 31 71
402 402 401 401 401 402 402 402 401 400 401 401 400 402 401
0 0 0 0 0 0 0 0 0 0
0 0 0 0 1 1 1 1 1 0
0 0 0 0 1 1 1 1 1 0
1 1 1 1 1 1 1 1 1 0
1 0 0 1 1 1 1 0 1 0
1 0 0 1 1 1 1 1 1 0
1 0 0 1 1 0 1 0 1 0
1 1 1 1 2 0 1 0 1 0
0 0 0 1 0 0 1 0 1 1
0 0 0 1 1 1 1 1 0 0
Maze 73
99 625 3.0588235294 2.0341609652 54 0.369395504447608
11 31 95 93 76 36 23 71 29 94 77 6 81 85 35 11
400 91 400 73 400 33 21 21 24 74 76 1 400 400 31
400 401 400 402 400 401 402 402 402 402 401 402 400 400 401
1 1 1 1 1 1 0 0 0 0
2 0 0 0 0 1 0 0 0 0
1 1 1 1 1 1 1 1 1 0
1 1 1 1 1 1 0 0 0 0
1 0 0 1 1 1 0 0 0 0
1 0 0 1 1 1 0 0 0 0
1 0 0 1 1 1 0 0 0 0
1 0 1 1 1 1 1 0 0 0
1 1 1 1 1 0 0 0 0 0
1 1 1 1 1 0 0 0 0 0
Maze 74
115 173 3.2653061224 1.8195998913 133 0.390584957920663
6 94 2 38 26 72 6 13 84 24 84 37 28 94 79 6
4 92 32 36 22 2 3 83 400 400 34 27 24 74 76
402 401 401 401 402 402 402 401 400 400 402 402 402 402 401
0 1 1 1 1 2 0 0 0 0
0 1 1 1 0 1 0 0 0 0
0 1 1 1 1 1 1 1 0 0
0 1 1 1 1 1 1 1 0 0
0 1 1 1 0 1 0 0 0 0
0 1 1 1 0 1 0 0 0 0
0 1 1 1 0 1 0 0 0 0
0 1 1 1 1 1 1 1 1 0
0 1 1 1 0 0 0 0 0 0
0 1 1 1 0 0 0 0 0 0
Maze 75
101 27 3.4666666667 1.8349750762 71 0.382338060080143
86 40 6 45 27 24 58 75 3 83 96 45 13 95 29 86
36 36 5 25 400 54 55 73 400 93 95 43 93 25 26
402 401 402 402 400 401 402 401 400 401 401 401 401 402 402
0 0 1 0 1 1 0 0 0 0
0 0 1 0 1 1 0 0 0 0
0 0 1 1 1 1 1 1 1 0
0 0 1 1 1 1 1 1 1 1
0 0 1 1 1 1 0 0 0 0
0 0 1 1 1 1 1 1 0 0
0 0 1 0 1 1 0 0 0 0
0 0 1 1 1 1 0 0 0 0
0 0 1 0 1 2 0 0 0 0
0 0 1 1 1 1 0 0 0 0
Maze 76
75 17 2.7777777778 2.3248886180 35 0.404317217522671
18 76 57 88 21 61 62 29 50 15 24 56 9 9 16 18
16 56 87 81 400 400 22 49 45 14 54 6 400 6 400
402 402 401 401 400 400 402 401 401 402 401 402 400 402 400
0 0 0 0 0 1 1 1 1 0
0 0 0 1 1 1 1 2 0 0
1 1 1 1 1 1 1 1 1 0
1 1 0 1 1 1 0 0 1 0
1 1 0 1 1 1 1 1 1 1
1 1 0 1 1 1 1 0 0 0
1 1 0 0 0 1 1 0 0 0
1 0 0 0 0 1 1 0 0 0
1 1 1 1 1 1 1 1 0 0
0 0 0 0 0 0 0 0 0 0
Maze 77
119 169 3.1594202899 2.1921218719 91 0.402027911890826
2 100 11 39 88 22 16 29 18 26 87 66 96 10 53 2
92 91 31 38 82 12 26 28 16 86 86 400 6 3 52
401 401 401 402 401 402 401 401 402 401 401 400 402 402 401
0 2 1 1 1 1 1 1 1 1
1 1 1 1 1 1 1 1 0 0
1 1 1 0 0 1 1 1 1 0
1 1 1 1 1 1 1 1 1 0
1 1 1 0 0 1 0 1 0 0
1 1 1 0 0 1 0 1 0 0
1 1 0 0 0 1 0 1 0 0
1 1 0 0 0 1 0 1 0 0
1 1 1 1 1 1 1 1 0 0
1 1 1 1 1 1 1 1 1 1
Maze 78
79 106 3.4634146341 2.0445426968 35 0.391863638402490
25 42 46 5 78 55 4 4 95 76 65 31 47 53 38 25
22 400 45 75 75 54 400 94 75 75 61 41 43 33 35
402 400 401 401 401 401 400 401 402 401 401 401 402 402 401
0 0 0 1 1 0 0 0 0 0
0 0 0 1 1 0 0 0 0 0
0 1 1 1 2 0 0 0 0 0
1 1 1 1 1 1 1 1 0 0
1 1 1 1 1 1 1 0 0 0
1 0 1 1 1 0 0 0 0 0
1 1 1 1 1 0 0 0 0 0
0 0 0 1 1 1 1 1 0 0
0 0 0 1 1 0 0 0 0 0
0 0 0 1 1 0 0 0 0 0
Maze 79
93 6 2.6666666667 1.8706812219 36 0.385562838915607
100 98 82 6 12 9 38 65 95 97 2 5 63 89 66 100
400 92 2 2 2 8 35 400 400 92 400 3 83 86 96
400 401 402 402 402 402 402 400 400 401 400 402 401 401 401
0 1 1 1 1 1 1 1 1 0
0 1 1 0 0 0 0 1 0 0
0 1 1 0 0 0 0 1 0 0
0 1 1 0 1 1 1 1 0 0
0 1 1 0 1 0 0 0 0 0
0 1 1 0 1 0 0 0 0 0
0 1 1 0 1 1 0 0 0 0
0 1 1 0 1 1 0 0 0 0
0 1 1 1 1 1 1 1 1 0
0 1 1 1 1 1 1 1 1 2
Maze 80
85 144 3.0000000000 2.2330575306 38 0.410180948887662
21 35 23 67 74 37 95 52 73 46 44 75 62 19 10 21
31 33 63 64 34 35 92 72 43 400 74 72 12 9 1
401 401 401 402 402 402 401 401 402 400 401 401 402 402 402
1 1 1 1 1 1 1 1 1 1
1 1 1 1 1 1 1 1 1 0
2 1 1 0 0 0 0 0 0 0
1 1 1 1 1 1 1 0 0 0
0 1 1 1 1 1 0 0 0 0
0 1 1 1 1 0 0 0 0 0
0 1 1 1 1 1 1 0 0 0
0 1 1 1 1 0 0 0 0 0
0 1 0 0 1 0 0 0 0 0
0 1 1 1 1 0 0 0 0 0
Maze 81
93 196 3.1929824561 2.2232849288 50 0.388749725378022
70 3 14 24 6 21 57 16 32 31 19 55 80 83 52 70
63 13 400 4 1 51 56 12 400 11 15 75 73 82 62
401 401 400 402 402 401 401 402 400 402 402 401 402 401 401
1 1 1 1 1 1 0 0 0 0
1 1 1 1 1 1 1 1 1 0
1 1 1 1 1 1 0 0 0 0
1 1 1 0 1 1 0 0 0 0
1 0 1 0 1 1 0 0 0 0
1 1 1 1 1 1 1 0 0 0
0 1 1 1 1 1 1 1 1 2
0 1 1 1 1 1 1 1 1 1
0 1 1 0 0 0 0 0 0 0
0 0 0 0 0 0 0 0 0 0
Maze 82
105 102 3.0000000000 2.0390090268 104 0.397944193569346
80 19 50 72 26 26 36 22 89 47 63 98 2 29 36 80
79 49 42 22 400 400 32 82 87 43 93 92 22 26 76
401 401 402 402 400 400 401 401 401 402 401 401 401 402 401
0 1 0 0 0 0 0 0 0 0
0 1 0 0 0 0 0 0 1 0
0 1 1 1 1 1 1 1 1 0
0 1 1 1 1 1 0 0 1 0
0 1 1 1 1 1 1 1 1 1
0 1 1 0 0 1 1 0 1 0
0 1 1 0 0 1 1 0 1 0
0 1 1 0 0 1 1 1 1 2
0 1 1 1 1 1 1 1 1 0
0 1 1 1 1 1 1 1 0 0
Maze 83
101 1054 3.3103448276 2.2397489900 60 0.400861604978835
4 33 45 89 75 28 63 70 87 10 99 26 9 55 53 4
3 43 85 85 25 23 400 67 7 9 96 6 5 400 3
402 401 401 401 402 402 400 402 402 402 401 402 402 400 402
0 0 1 2 1 1 1 1 1 1
0 0 1 0 1 1 1 0 1 0
0 0 1 1 1 1 1 1 1 0
0 0 1 0 1 1 1 0 1 0
0 0 1 1 1 1 1 0 1 0
0 0 1 1 1 1 1 0 1 0
0 0 1 1 1 1 1 1 1 1
0 0 0 0 1 1 1 0 1 0
0 0 0 0 1 1 1 1 1 0
0 0 0 0 0 1 1 1 1 0
Maze 84
101 617 2.7936507937 2.1609832374 77 0.385877120600420
100 57 28 39 19 48 92 18 75 61 24 7 79 19 25 100
97 27 38 400 18 42 12 15 71 21 4 77 400 15 95
401 402 401 400 402 402 402 402 401 402 402 401 400 402 401
0 0 0 1 1 1 1 0 0 0
0 1 1 1 1 1 1 1 1 0
1 1 1 1 1 0 1 1 1 0
1 1 0 0 1 0 1 1 1 0
1 1 1 1 1 1 1 1 1 0
1 1 0 0 1 0 1 0 1 0
1 1 0 0 1 0 1 0 1 0
1 1 1 1 1 0 1 1 1 0
0 1 0 0 1 0 1 0 0 0
0 1 0 0 1 1 1 1 1 2
Maze 85
101 8 3.0769230769 1.9688703574 46 0.383937455814692
27 57 5 31 12 99 86 81 51 6 82 52 70 42 67 27
400 55 1 11 92 96 400 400 1 2 400 62 62 62 400
400 401 402 402 401 401 400 400 402 402 400 401 401 401 400
1 1 1 1 1 1 0 0 0 0
1 1 0 0 1 0 0 0 0 0
1 1 0 0 1 0 2 0 0 0
1 1 0 0 1 0 1 0 0 0
1 1 0 0 1 0 1 0 0 0
1 1 0 0 1 1 1 0 0 0
1 1 1 1 1 1 1 1 1 1
1 1 0 0 0 0 0 0 0 0
1 1 1 1 1 1 0 0 0 0
0 1 1 1 1 1 1 1 1 0
Maze 86
101 275 2.9333333333 2.1633019004 64 0.370181337518953
13 99 26 25 95 56 85 57 61 72 29 81 95 84 6 13
93 96 400 400 55 55 55 51 71 22 21 91 94 4 3
401 401 400 400 402 402 402 402 401 402 402 401 401 402 402
0 0 1 1 1 1 0 0 0 0
0 0 2 1 0 0 0 0 0 0
1 1 1 1 1 1 1 1 1 0
1 1 1 1 1 1 0 0 0 0
1 1 1 1 1 1 0 0 0 0
1 1 1 1 1 1 1 0 0 0
1 1 1 1 1 1 0 0 0 0
1 1 1 1 1 1 0 0 0 0
1 0 1 1 1 1 0 0 0 0
1 1 1 1 1 1 1 1 1 0
Maze 87
79 25 2.9166666667 2.1743949138 30 0.384788446122375
49 46 89 73 93 88 97 3 13 45 34 97 32 16 37 49
400 86 83 400 83 87 93 400 43 44 94 92 12 36 47
400 401 401 400 402 402 401 400 401 401 401 401 402 401 401
0 0 1 0 0 0 0 0 0 0
0 1 1 1 1 1 0 0 0 0
0 1 1 0 0 1 0 0 0 0
0 1 1 1 0 1 1 0 0 0
0 1 1 1 1 1 1 1 2 0
0 1 1 1 0 1 0 0 0 0
0 1 1 1 0 1 0 0 0 0
0 1 1 1 0 1 0 0 0 0
0 1 1 1 1 1 1 1 1 0
0 1 1 1 1 1 1 0 0 0
Maze 88
89 64 3.3913043478 2.0289621172 40 0.384586318621460
18 8 62 6 37 19 55 45 79 18 21 7 57 85 35 18
400 2 2 36 17 15 400 75 78 11 1 400 55 400 15
400 402 402 401 402 402 400 401 401 402 402 400 402 400 402
1 1 1 1 1 1 1 1 0 0
1 1 1 1 1 1 1 2 1 0
1 1 0 0 1 1 1 1 0 0
0 1 0 0 1 1 1 1 0 0
0 1 0 0 1 0 1 1 0 0
0 1 0 0 1 1 1 1 0 0
0 1 0 0 1 0 0 1 0 0
0 0 0 0 1 1 1 1 1 0
0 0 0 0 1 0 0 0 0 0
0 0 0 0 0 0 0 0 0 0
Maze 89
127 4 3.6896551724 2.0290853203 91 0.393724998384692
22 19 34 7 71 10 43 87 23 100 72 67 65 42 16 22
12 14 4 1 1 3 83 83 93 92 62 400 62 12 12
402 402 402 402 402 402 401 401 401 401 402 400 401 402 402
1 1 1 1 1 1 1 1 1 1
1 1 1 1 1 1 1 1 1 0
1 2 1 1 0 0 0 0 0 0
1 1 1 1 0 0 0 0 0 0
1 1 1 0 0 0 0 0 0 0
1 1 1 0 0 0 0 0 0 0
1 1 1 1 1 1 1 0 0 0
1 1 1 0 0 0 0 0 0 0
0 1 1 1 1 1 1 0 0 0
0 1 1 1 1 1 1 1 1 1
Maze 90
129 19 3.8431372549 1.8515930253 177 0.391381986323466
12 98 2 26 13 90 51 48 72 52 76 63 37 63 98 12
92 92 22 23 83 81 41 42 400 72 73 33 33 93 92
401 401 401 401 401 401 402 402 400 401 401 402 402 401 401
0 1 0 0 0 0 0 0 0 0
0 2 1 0 0 0 0 0 0 0
0 1 1 1 1 1 0 0 0 0
0 1 1 1 1 1 1 0 0 0
1 1 1 1 1 1 1 1 0 0
1 1 1 0 0 0 0 0 0 0
1 1 1 0 0 0 0 0 0 0
1 1 1 1 1 1 0 0 0 0
1 1 1 1 1 1 1 1 1 1
0 1 1 1 1 1 1 1 0 0
Maze 91
83 17 2.8727272727 2.3801774484 22 0.391835856557769
66 57 57 66 81 71 68 4 13 63 95 11 19 90 29 66
56 400 56 61 400 61 64 3 400 93 91 400 89 89 26
402 400 402 402 400 402 401 402 400 401 401 400 401 401 402
0 0 1 1 0 0 0 0 0 0
1 1 1 1 1 1 1 1 1 0
1 0 1 1 0 1 1 1 1 0
1 0 1 1 0 1 0 0 1 0
1 0 1 1 0 1 0 0 1 0
1 0 1 1 0 1 1 0 1 0
1 1 1 1 1 2 1 1 1 0
1 0 1 0 0 0 0 0 1 0
1 0 1 0 0 0 0 0 1 1
1 1 1 1 1 0 0 0 0 0
Maze 92
83 20 3.0196078431 2.1954918145 19 0.387798237850425
64 89 72 33 51 82 18 64 54 26 15 56 37 30 13 64
84 82 32 31 81 12 14 400 24 25 55 36 27 23 63
401 401 402 402 401 402 402 400 402 401 401 402 402 401 401
0 0 0 0 0 0 0 0 0 0
0 1 1 1 1 1 1 1 0 0
0 1 1 1 1 1 1 1 1 1
1 1 1 1 1 1 1 0 0 0
1 1 1 1 1 1 0 0 0 0
1 1 1 1 1 1 0 0 0 0
1 1 1 2 0 0 0 0 0 0
1 1 0 1 0 0 0 0 0 0
1 1 1 1 1 1 1 1 1 0
0 0 0 0 0 0 0 0 0 0
Maze 93
103 6 3.2400000000 1.8227480426 66 0.389482429543541
2 5 77 38 87 48 34 85 90 51 41 90 95 32 94 2
400 75 37 37 47 44 84 400 81 400 81 85 92 92 92
400 401 402 402 402 401 401 400 401 400 401 402 401 401 401
0 2 1 1 1 0 0 0 0 0
0 1 0 0 1 0 0 0 0 0
0 1 0 0 1 0 0 0 0 0
0 1 0 1 1 0 1 1 0 0
1 1 0 1 1 1 1 1 0 0
1 1 0 1 1 0 1 0 0 0
1 1 0 1 1 0 1 0 0 0
1 1 0 1 1 1 1 0 0 0
1 1 1 1 1 1 1 1 1 1
0 1 1 1 1 0 0 0 0 0
Maze 94
117 109 3.2424242424 2.1853170968 104 0.380553824380014
43 90 7 80 47 69 91 12 30 43 97 72 34 44 18 43
83 87 77 77 67 61 11 22 23 93 92 32 400 14 13
401 401 401 401 401 402 402 401 402 401 401 402 400 402 402
0 0 0 0 0 0 1 0 0 0
1 1 1 1 1 1 1 1 0 0
1 1 1 1 1 1 1 1 1 1
1 1 1 1 0 0 1 0 0 0
1 1 2 1 0 0 1 0 0 0
1 1 1 0 0 0 1 0 0 0
1 1 1 1 1 1 1 1 1 0
1 1 1 0 0 0 1 1 1 1
1 1 1 1 1 1 1 1 1 1
1 1 1 1 1 1 1 0 0 0
Maze 95
101 33 2.8928571429 1.9253515625 51 0.379663549694637
23 69 89 76 3 16 3 70 28 81 83 90 8 50 19 23
63 400 86 73 13 13 63 68 21 400 400 88 48 49 13
401 400 401 401 401 401 401 401 402 400 400 401 401 401 402
0 0 1 0 0 0 0 1 0 0
0 0 1 1 1 1 1 1 1 0
1 1 2 1 1 1 1 1 1 0
1 0 1 0 0 0 0 1 1 0
1 0 1 0 0 0 0 1 1 1
1 0 1 0 0 0 0 1 0 0
1 0 1 1 1 1 1 1 1 1
1 0 1 1 1 1 0 1 1 0
1 1 1 1 1 1 1 1 1 1
0 0 0 0 0 0 0 0 0 0
Maze 96
83 21 3.7837837838 2.0259758536 14 0.363388325756805
73 94 77 83 20 16 24 56 88 14 93 73 90 76 72 73
93 74 73 13 400 14 54 86 84 13 400 83 86 400 400
401 402 402 402 400 402 401 401 401 402 400 401 401 400 400
0 0 0 0 0 0 0 0 0 0
0 0 1 1 1 1 1 1 1 1
0 0 1 1 0 0 0 0 0 0
0 0 1 1 0 0 0 0 0 0
0 0 1 1 0 0 0 0 0 0
0 0 1 1 1 1 0 0 0 0
0 0 1 1 0 1 0 0 0 0
0 1 2 1 1 1 1 0 0 0
0 0 1 1 1 1 1 1 1 1
0 0 1 1 0 0 0 0 0 0
Maze 97
79 34 3.4285714286 2.1302935356 26 0.370931251414854
67 51 69 30 39 37 89 36 36 60 79 57 75 12 69 67
61 61 29 29 400 87 86 400 56 59 77 55 72 62 400
401 401 402 402 400 401 401 400 401 402 401 402 401 401 400
0 0 0 0 0 0 0 0 0 0
0 1 0 0 0 0 0 0 0 0
0 1 0 0 0 0 0 0 1 1
0 1 0 0 0 1 1 1 1 0
0 1 0 0 0 1 1 0 1 0
1 1 0 0 1 1 1 1 1 1
1 1 1 1 1 1 2 1 1 0
0 1 1 1 1 1 1 1 1 0
0 0 0 0 0 1 1 1 1 0
0 0 0 0 0 0 0 0 0 0
Maze 98
93 72 2.9642857143 2.0529113234 32 0.367740853158644
90 34 40 26 8 41 63 31 76 19 47 47 7 62 85 90
84 400 36 6 1 61 61 71 16 17 400 400 2 82 400
401 400 401 402 402 401 401 401 402 402 400 400 402 401 400
1 1 1 1 1 1 1 1 0 0
1 1 0 0 0 1 1 1 1 0
1 1 0 0 0 1 1 0 0 0
1 1 0 1 1 1 1 1 1 1
1 1 0 1 0 1 1 0 0 0
1 1 0 1 0 1 0 0 0 0
1 1 1 1 0 1 0 0 0 0
1 1 1 1 1 1 0 0 0 0
0 1 1 1 1 1 1 1 1 2
0 0 0 0 0 0 0 0 0 0
Maze 99
133 228 3.3636363636 2.1416015715 169 0.379047186515606
56 99 31 100 67 92 24 68 73 10 78 30 81 84 99 56
96 91 91 97 62 22 64 63 3 8 28 21 400 94 96
401 401 401 401 402 402 401 402 402 402 402 402 400 401 401
0 0 1 1 1 1 1 1 1 1
0 0 1 0 0 0 0 1 0 0
1 1 1 1 1 1 1 1 1 1
1 1 1 1 0 0 0 1 0 0
1 1 1 1 0 0 0 1 0 0
1 1 1 1 0 2 0 1 0 0
1 1 1 1 1 1 1 1 0 0
1 1 1 0 0 1 1 1 0 0
1 1 1 1 0 1 1 0 0 0
1 1 1 1 1 1 1 1 1 1
Maze 100
107 455 2.9142857143 2.3823954999 90 0.389319930998345
38 53 29 95 72 92 90 99 56 18 90 24 91 13 8 38
33 23 25 92 400 82 89 96 16 88 84 21 11 3 400
402 402 402 401 400 402 402 401 402 401 401 402 402 402 400
0 0 1 1 1 1 1 1 0 0
1 1 1 0 0 1 1 1 0 0
1 1 1 1 1 1 1 1 1 0
1 0 1 1 1 1 1 2 0 0
1 0 1 1 1 1 0 1 0 0
1 0 1 1 1 1 0 1 0 0
1 0 0 1 1 1 0 1 0 0
1 1 0 1 1 1 0 1 0 0
1 1 1 1 1 1 1 1 1 1
1 1 1 1 1 1 1 1 1 0
Maze 101
87 33 2.9411764706 2.0493837165 56 0.381077704683548
45 29 24 23 87 37 54 79 61 22 36 40 36 42 79 45
25 400 400 83 400 34 74 71 21 32 400 400 32 72 75
402 400 400 401 400 402 401 401 402 401 400 400 402 401 401
0 0 0 0 0 0 0 0 0 0
0 0 0 0 0 0 0 0 0 0
1 1 1 1 1 1 1 1 1 0
1 1 1 1 1 1 1 1 1 1
1 1 1 1 2 0 1 0 0 0
1 1 1 1 1 0 1 0 0 0
1 1 1 1 1 0 1 0 0 0
1 1 1 1 1 1 1 1 1 0
0 0 1 1 1 1 1 0 0 0
0 0 0 0 0 0 0 0 0 0
Maze 102
79 32 2.7692307692 2.1635793721 35 0.386796006405282
13 19 89 36 37 56 24 63 88 23 21 2 47 77 75 13
400 400 86 400 36 54 23 83 83 400 1 42 400 400 73
400 400 401 400 402 401 402 401 401 400 402 401 400 400 401
1 1 0 0 0 0 0 0 0 0
1 1 2 1 1 1 1 1 1 0
1 1 1 1 0 0 0 0 1 0
0 1 1 1 0 1 1 0 1 0
0 1 1 1 1 1 1 0 1 0
0 0 1 1 1 1 1 0 1 0
0 0 1 0 0 1 1 0 1 0
0 0 1 1 1 1 1 0 1 0
0 0 1 1 1 1 1 1 1 0
0 0 0 0 0 0 0 0 0 0
Maze 103
61 19 2.6046511628 2.1863358018 7 0.376225956487162
63 47 25 19 48 21 36 27 18 29 19 47 97 97 52 63
43 45 15 18 41 31 26 17 28 400 17 400 400 92 62
402 401 402 402 401 401 402 402 401 400 402 400 400 401 401
0 0 0 0 0 0 0 0 0 0
0 0 0 0 1 1 1 1 1 0
1 0 0 0 1 1 1 1 1 0
1 1 1 1 1 1 1 1 0 0
1 1 1 1 1 1 1 1 0 0
0 1 1 0 0 0 1 0 0 0
0 1 2 0 0 0 1 0 0 0
0 1 0 0 0 0 1 0 0 0
0 1 0 0 0 0 1 0 0 0
0 1 1 1 1 1 1 0 0 0
Maze 104
101 221 2.8181818182 2.2340692958 60 0.390174505880464
79 91 97 94 6 48 20 50 100 88 72 98 41 66 8 79
71 400 400 4 46 18 400 400 98 82 92 91 61 6 78
402 400 400 402 401 402 400 400 401 401 401 401 401 402 401
0 0 0 1 1 1 1 1 0 0
0 0 0 1 0 1 0 1 1 1
0 0 0 1 0 1 0 1 0 1
0 0 0 1 0 1 0 1 0 1
1 0 0 1 0 1 1 1 0 1
1 0 0 1 0 1 0 1 0 1
1 1 1 1 1 1 0 1 0 1
1 1 1 1 1 1 1 1 2 1
1 1 1 1 1 1 1 1 0 1
1 1 1 1 1 1 1 1 1 1
Maze 105
89 6 2.8461538462 2.0236867103 50 0.406952489825497
28 18 56 63 92 4 61 58 96 92 54 59 20 50 96 28
400 16 53 62 2 1 51 56 400 52 400 19 400 46 26
400 402 402 402 402 402 402 402 400 402 400 402 400 402 402
1 1 1 1 0 0 0 0 0 0
1 1 0 0 0 1 1 1 1 1
1 1 0 0 0 1 1 2 1 1
1 1 0 0 0 1 0 0 1 1
1 1 0 0 0 1 1 1 1 1
1 1 1 1 1 1 1 1 1 0
1 1 1 0 0 1 0 0 0 0
0 1 0 0 0 1 0 0 0 0
0 1 0 0 0 1 0 0 0 0
0 1 1 1 1 1 0 0 0 0
Maze 106
91 61 2.9655172414 2.2367571148 41 0.391759751233639
38 18 97 97 34 16 14 72 92 16 30 27 95 100 81 38
400 17 400 94 14 400 12 400 12 26 400 25 400 91 31
400 402 400 401 402 400 402 400 402 401 400 402 400 401 402
0 0 0 0 0 0 0 0 0 0
0 1 1 1 1 1 1 1 0 0
0 1 0 1 1 1 1 1 1 1
1 1 1 1 1 1 1 2 0 0
1 1 0 1 1 0 1 0 0 0
1 1 0 1 1 0 1 0 0 0
1 1 0 1 1 0 1 0 0 0
1 1 0 1 1 0 1 0 0 0
1 1 0 1 1 0 1 0 0 0
1 1 1 1 1 1 1 1 1 1
Maze 107
95 63 3.2830188679 2.2367571148 65 0.375882486710703
55 1 59 70 64 90 81 31 32 50 64 24 22 2 87 55
51 51 69 400 84 400 400 400 42 44 400 400 400 82 85
401 401 401 400 401 400 400 400 401 402 400 400 400 401 401
1 1 0 0 0 0 0 0 0 0
1 1 0 0 0 0 0 0 0 0
1 1 1 1 0 0 0 0 0 0
1 1 0 1 0 0 0 0 0 0
1 1 1 1 1 1 1 1 1 1
1 1 1 1 2 1 1 1 1 0
1 1 0 1 1 1 1 1 1 1
1 1 0 1 1 0 0 0 0 0
1 1 1 1 1 1 1 1 1 1
0 0 0 0 0 0 0 0 0 0
Maze 108
93 1058 3.0740740741 2.2130222928 38 0.377250939795541
98 9 54 66 19 67 82 59 46 92 71 82 53 17 38 98
8 4 64 16 17 62 52 56 42 91 81 52 13 37 400
402 402 401 402 402 402 402 401 402 401 401 402 402 401 400
0 0 0 1 1 1 1 1 1 0
0 0 1 1 1 1 1 1 1 0
0 0 1 1 0 1 1 1 0 0
0 0 1 1 0 1 1 1 0 0
0 1 1 1 1 1 1 1 0 0
0 1 1 1 1 1 1 1 1 0
0 1 1 1 1 1 1 1 0 0
1 1 0 0 0 0 0 1 0 0
1 1 0 0 0 0 0 1 0 0
1 1 0 0 0 0 0 2 0 0
Maze 109
97 13 3.0769230769 1.9857456601 70 0.381727943014242
56 91 79 14 15 21 29 68 94 100 14 74 100 68 58 56
51 71 74 400 11 400 28 64 400 94 400 94 98 400 400
402 402 401 400 402 400 402 402 400 401 400 401 401 400 400
0 0 0 0 0 0 0 0 0 0
1 1 1 1 1 0 0 0 0 0
1 1 1 1 1 1 1 1 1 0
0 0 0 1 0 0 0 1 0 0
0 0 0 1 0 0 0 1 0 0
1 1 1 1 1 2 1 1 0 0
1 0 0 1 1 1 1 1 0 0
1 1 1 1 1 1 1 1 1 0
1 0 0 1 0 0 0 1 0 0
1 0 0 1 1 1 1 1 1 1
Maze 110
79 82 3.3500000000 1.8640068436 26 0.389236439410706
79 42 77 47 56 59 68 88 77 51 56 24 38 78 5 79
72 72 400 46 400 58 400 87 71 400 54 34 400 75 75
401 401 400 402 400 402 400 401 401 400 401 401 400 401 401
0 0 0 0 1 0 0 0 0 0
0 0 0 0 1 0 0 0 0 0
0 0 0 1 1 0 0 0 0 0
0 0 0 1 1 1 1 1 0 0
0 1 0 1 1 1 1 1 0 0
1 1 1 1 1 1 1 1 1 0
1 1 0 0 1 0 1 1 0 0
1 1 1 1 1 1 1 1 2 0
0 0 0 0 0 0 1 1 0 0
0 0 0 0 0 0 0 0 0 0
Maze 111
99 6 3.4000000000 2.1070469813 49 0.372660319635879
38 58 88 90 74 10 34 96 41 85 61 53 41 79 24 38
400 400 400 84 4 4 94 91 81 81 51 51 71 74 34
400 400 400 401 402 402 401 401 401 401 402 401 401 401 401
0 0 0 1 1 1 1 1 1 1
0 0 0 1 0 0 0 0 0 0
0 0 0 1 0 0 0 0 0 0
0 0 0 1 1 1 1 2 0 0
1 0 0 1 0 0 0 1 0 0
1 1 1 1 0 0 0 1 0 0
1 0 0 1 0 0 0 1 0 0
1 1 1 1 1 1 1 1 1 0
1 1 1 1 1 1 1 1 1 1
1 1 1 1 1 1 0 0 0 0
Maze 112
71 14 2.8095238095 2.0745159976 13 0.355603904978510
82 92 100 99 67 55 78 82 95 16 37 44 14 83 77 82
400 400 400 97 65 75 72 92 15 36 34 400 13 73 72
400 400 400 401 401 401 402 401 402 401 402 400 402 402 402
0 0 0 0 0 0 0 0 0 0
0 0 1 1 1 1 0 0 0 0
0 0 1 1 1 1 0 0 0 0
0 0 1 1 1 1 1 0 0 0
0 0 1 1 1 0 0 0 0 0
0 0 1 0 1 0 0 0 0 0
0 0 1 0 1 1 1 0 0 0
0 1 1 1 1 1 1 1 0 0
0 2 1 0 1 0 1 0 0 0
0 1 1 1 1 1 1 1 1 1
Maze 113
107 215 3.1481481481 2.0443231683 84 0.374755545245048
92 13 89 28 51 25 72 68 19 62 28 25 76 96 76 92
12 83 88 21 21 22 62 18 12 22 400 75 400 400 72
402 401 401 402 402 402 402 402 402 402 400 401 400 400 402
0 0 0 0 0 0 0 0 0 0
0 1 1 1 1 1 1 1 1 0
1 1 1 1 1 1 1 1 0 0
1 1 1 0 1 0 0 1 0 0
1 1 1 0 1 0 0 1 0 0
1 1 1 0 1 0 0 1 0 0
0 1 1 1 1 1 1 1 0 0
0 1 1 1 1 1 0 1 0 0
0 1 1 1 1 1 1 1 1 0
0 2 0 0 0 1 0 0 0 0
Maze 114
97 69 2.8524590164 2.1839035784 84 0.363054820308399
98 48 19 97 58 20 19 46 60 24 81 6 29 30 63 98
400 18 17 57 18 400 16 56 54 21 1 26 400 23 93
400 402 402 402 402 400 402 401 401 402 402 401 400 402 401
1 1 1 1 1 1 0 0 0 0
1 0 0 0 0 1 1 1 1 1
1 1 1 1 1 1 1 1 1 1
1 0 1 1 0 1 1 1 0 0
1 0 1 1 0 1 1 1 0 0
1 0 1 1 1 1 1 1 1 1
1 0 1 0 0 0 1 1 0 0
1 0 1 0 0 0 1 1 0 0
1 0 1 0 0 0 1 1 0 0
0 0 1 1 1 1 1 2 0 0
Maze 115
127 836 3.5555555556 2.0845667827 140 0.388572317578718
5 83 8 29 37 41 90 71 70 7 60 34 30 61 84 5
3 3 28 27 31 81 81 61 67 57 54 24 21 81 4
402 402 401 402 402 401 401 402 401 401 401 402 402 401 402
0 0 1 1 2 1 1 1 0 0
0 0 1 1 0 0 1 1 0 0
1 1 1 1 1 1 1 1 1 1
1 1 1 1 1 1 1 0 0 0
1 0 1 1 0 0 1 0 0 0
1 0 1 1 1 1 1 1 1 1
1 1 1 1 1 1 1 1 1 1
1 0 1 1 0 0 0 0 0 0
1 1 1 1 1 1 1 1 1 1
0 0 0 0 0 0 0 0 0 0
Maze 116
103 26 3.0877192982 2.1112953808 66 0.379721904225217
80 69 6 5 11 82 12 95 79 43 59 82 1 96 88 80
79 66 400 1 81 400 92 75 73 53 52 81 91 86 78
401 401 400 402 401 400 401 402 401 401 402 401 401 402 402
1 1 1 1 1 1 0 0 0 0
1 1 0 0 0 1 0 0 0 0
1 1 0 0 0 1 0 0 0 0
1 1 0 0 0 1 0 0 0 0
1 1 1 0 0 1 0 0 0 0
1 1 1 1 1 1 1 1 1 0
1 1 1 0 0 1 1 1 1 0
1 1 1 1 1 1 1 1 1 2
1 1 0 0 1 1 1 1 0 0
1 1 1 1 1 1 0 0 0 0
Maze 117
103 120 2.8857142857 2.4418206454 41 0.379681612204193
65 80 45 100 89 91 20 10 99 83 29 82 75 67 67 65
75 75 95 99 81 11 400 9 93 23 22 72 65 400 400
401 401 401 401 402 402 400 402 401 402 402 402 402 400 400
0 0 0 0 0 0 0 0 1 1
1 1 1 1 1 1 1 1 1 1
1 1 1 1 1 1 1 1 1 0
1 1 1 0 0 0 0 0 1 0
1 1 1 0 1 0 0 0 1 0
1 1 1 0 1 0 0 0 1 0
1 1 1 0 2 1 1 0 1 0
1 1 1 1 1 1 1 1 1 1
1 1 1 1 1 1 1 1 1 0
1 0 1 1 1 1 1 1 1 1
Maze 118
77 68 3.3846153846 1.9844081985 35 0.373036383817775
16 5 79 70 96 29 76 36 53 46 28 8 46 42 55 16
15 75 69 66 26 26 400 33 43 26 400 6 400 52 15
401 401 402 402 402 402 400 402 402 402 400 402 400 401 402
0 0 0 0 1 1 1 1 0 0
0 0 0 0 1 2 0 1 0 0
0 0 0 0 1 1 1 1 1 0
0 0 1 1 1 1 0 0 0 0
0 1 1 1 1 1 0 0 0 0
0 1 1 1 1 1 0 0 0 0
0 0 0 0 1 1 1 1 1 1
0 0 0 0 1 1 1 1 1 0
0 0 0 0 0 1 0 0 0 0
0 0 0 0 0 1 0 0 0 0
Maze 119
87 23 2.5000000000 2.1493700152 34 0.376598243287658
69 50 76 5 75 82 90 80 5 42 54 75 76 61 19 69
49 46 75 400 72 400 400 75 2 52 74 400 71 11 400
402 402 401 400 402 400 400 401 402 401 401 400 401 402 400
0 1 1 1 1 0 0 0 0 0
1 1 1 1 1 1 1 1 1 0
1 1 0 0 1 0 0 0 1 0
1 1 0 0 1 0 0 0 1 0
1 1 0 0 1 1 1 1 1 1
1 1 1 1 1 1 0 0 1 0
1 0 0 1 1 1 0 0 2 0
1 1 1 1 1 1 1 1 1 1
0 1 1 1 1 1 1 1 1 1
0 0 0 0 0 0 0 0 0 0
Maze 120
81 3 3.2093023256 2.1263679275 35 0.386797863305984
98 63 93 51 11 21 68 83 14 15 4 83 67 27 60 98
93 400 91 400 400 61 63 13 400 14 3 63 400 57 58
401 400 401 400 400 401 402 402 400 401 402 402 400 401 402
0 0 1 1 0 0 0 0 0 0
1 0 1 1 1 0 0 0 0 0
1 0 1 0 0 0 1 0 0 0
1 0 1 0 0 0 1 0 0 0
1 0 1 0 0 0 1 0 0 0
1 0 1 0 0 0 1 1 1 1
1 1 1 1 1 1 1 1 0 0
1 0 1 0 0 0 0 1 0 0
1 0 1 0 0 0 0 1 0 0
1 1 1 1 1 1 1 2 0 0
Maze 121
75 12 2.5263157895 2.4051475478 30 0.384097701872823
15 51 95 69 37 58 78 99 77 52 92 23 59 46 36 15
11 91 65 67 57 400 98 97 72 400 22 53 56 400 35
402 401 402 401 401 400 401 401 401 400 402 401 401 400 401
0 0 0 0 0 0 0 0 0 0
1 1 1 1 2 0 0 0 0 0
1 1 1 0 1 0 0 0 0 0
1 1 1 0 1 1 1 0 0 0
1 1 1 0 0 1 1 0 0 0
1 1 1 1 1 1 1 1 1 0
1 1 0 0 1 1 1 1 1 0
1 1 1 1 1 1 1 1 0 0
1 1 0 0 1 0 1 1 0 0
1 1 1 1 1 0 1 1 1 0
Maze 122
89 13 3.1200000000 2.0341609652 39 0.411673764633613
25 8 82 3 76 70 16 46 57 54 10 10 67 6 26 25
5 2 2 73 66 66 400 56 400 4 400 7 66 400 400
402 402 402 401 402 401 400 401 400 402 400 402 401 400 400
0 1 1 1 1 1 1 1 1 1
0 1 1 1 1 1 1 0 0 0
0 1 1 1 2 1 1 0 0 0
0 1 1 1 0 1 1 0 0 0
0 1 1 1 0 1 1 0 0 0
0 1 1 1 1 1 1 0 0 0
0 1 1 0 0 1 1 1 1 1
0 1 1 1 1 1 0 0 0 0
0 1 0 0 0 0 0 0 0 0
0 0 0 0 0 0 0 0 0 0
Maze 123
103 2624 3.0158730159 2.3443937055 71 0.374542915573847
95 62 71 9 77 20 23 38 27 96 23 5 67 47 71 95
92 61 1 7 17 13 33 37 26 93 3 65 400 41 91
401 402 402 402 402 402 401 401 402 401 402 401 400 402 401
1 1 1 1 1 1 1 1 1 0
1 0 1 1 1 1 1 1 1 1
1 0 1 0 1 1 1 0 0 0
1 0 1 1 1 1 1 1 0 0
1 1 1 1 1 1 1 0 0 0
1 0 1 0 1 1 1 0 0 0
1 1 1 0 1 1 1 0 0 0
1 1 1 0 0 1 1 0 0 0
1 1 1 0 0 1 0 0 0 0
1 1 1 1 2 1 0 0 0 0
Maze 124
99 573 3.1272727273 2.1235256579 77 0.382446359751287
29 4 51 98 56 16 74 93 31 45 14 97 87 62 92 29
24 1 91 96 400 14 73 91 41 44 94 400 82 400 22
401 402 401 401 400 402 402 401 401 401 401 400 401 400 402
1 1 1 1 0 0 0 0 0 0
1 0 0 1 1 1 0 0 0 0
1 1 1 1 1 1 1 1 2 0
1 1 0 1 0 1 0 0 0 0
1 1 1 1 1 1 0 0 0 0
1 1 0 1 0 1 0 0 0 0
1 1 0 1 0 1 0 0 0 0
1 1 1 1 0 1 0 0 0 0
1 1 1 1 1 1 1 0 0 0
1 1 1 1 1 1 1 1 0 0
Maze 125
93 173 3.4222222222 1.9050013803 36 0.368645239444212
22 22 89 3 13 68 88 87 17 39 82 22 93 85 57 22
400 82 83 400 63 400 400 400 37 32 400 92 83 55 52
400 401 401 400 401 400 400 400 401 402 400 401 402 402 401
0 0 1 0 0 0 0 0 0 0
0 0 1 0 0 0 1 0 0 0
0 2 1 0 0 0 1 0 0 0
0 1 1 1 1 1 1 1 1 0
0 1 1 0 0 0 1 0 0 0
0 1 1 1 1 1 1 0 0 0
0 1 1 1 1 1 1 1 0 0
0 1 1 0 1 0 1 1 0 0
0 1 1 1 1 1 1 1 1 0
0 1 1 0 0 0 0 0 0 0
Maze 126
125 140 3.0958904110 2.2460858028 162 0.395323578004031
30 48 80 1 10 87 29 69 34 100 11 52 79 16 14 30
28 78 71 400 7 27 400 64 94 91 51 72 76 400 24
402 401 401 400 402 402 400 401 401 401 401 401 401 400 401
1 1 1 1 1 1 1 1 1 1
1 0 0 1 1 1 1 0 0 0
1 0 0 1 1 1 1 1 1 2
1 0 0 1 0 1 1 1 1 0
1 0 0 1 0 1 1 1 1 0
1 1 0 1 0 1 1 1 1 0
1 1 0 1 1 1 1 1 1 0
1 1 1 1 1 1 1 1 1 1
1 0 0 1 0 0 1 0 0 0
1 1 1 1 1 1 1 1 1 1
Maze 127
117 294 3.2131147541 2.0731022205 147 0.386182367935512
45 51 47 68 25 20 90 1 63 19 28 73 58 3 87 45
41 41 67 65 15 400 81 61 13 18 23 53 53 83 85
402 402 401 401 402 400 401 401 402 402 402 402 401 401 401
1 0 1 0 0 0 0 0 0 0
1 0 1 1 1 1 1 1 1 1
1 0 1 1 1 1 1 1 0 1
1 0 1 0 1 0 0 0 0 1
1 1 1 1 2 1 1 0 0 1
1 0 1 1 1 1 1 1 0 1
1 1 1 0 1 1 1 1 0 1
1 0 1 0 1 0 0 0 0 1
1 1 1 1 1 1 1 1 1 1
0 0 0 0 0 0 0 0 0 0
Maze 128
107 85 3.3571428571 2.0592222229 92 0.374352465004084
58 80 95 77 9 54 73 2 84 6 64 68 12 26 90 58
78 75 75 7 4 53 72 82 4 4 400 62 22 86 88
401 402 402 402 402 402 401 401 402 402 400 401 401 401 401
0 1 0 1 1 1 1 1 1 0
0 1 0 1 0 0 1 0 0 0
0 1 1 1 1 1 1 0 0 0
0 1 0 1 0 1 1 0 0 0
0 1 0 1 0 1 1 0 0 0
0 1 1 1 0 1 1 2 0 0
0 1 1 1 1 1 1 1 0 0
0 1 1 1 1 1 1 1 1 1
0 1 1 1 1 1 1 1 1 1
0 0 0 0 1 0 0 0 0 0
Maze 129
109 1016 3.0689655172 2.0535518162 120 0.384664012927316
96 69 38 77 92 40 9 13 57 27 88 30 20 96 9 96
66 68 37 72 32 39 3 53 400 87 28 400 16 6 6
402 401 402 402 402 401 402 401 400 401 402 400 402 402 402
0 0 1 1 1 1 1 1 1 0
0 0 1 0 0 1 1 1 1 1
0 0 1 0 0 1 1 1 1 1
0 1 1 1 1 1 1 1 1 1
0 1 1 0 0 1 1 1 0 0
0 1 1 1 1 1 1 1 0 0
0 1 0 0 0 1 1 1 1 0
0 1 1 1 1 1 1 1 0 0
0 1 0 0 0 1 1 1 0 0
0 1 0 0 0 2 0 0 0 0
Maze 130
117 441 3.4333333333 2.1157777844 156 0.388112981984447
49 52 15 28 64 20 10 83 20 69 98 29 1 50 89 49
42 12 25 24 14 400 3 13 19 68 28 21 41 49 400
402 402 401 402 402 400 402 402 402 402 402 401 401 402 400
1 0 1 1 1 1 1 1 1 1
1 1 1 1 1 1 1 1 1 1
1 1 1 1 1 1 1 1 1 0
1 1 1 1 0 0 0 1 1 0
1 1 1 1 1 1 1 1 2 1
0 1 1 1 0 0 0 1 1 0
0 0 1 1 0 0 0 1 1 0
0 0 1 0 0 0 0 1 1 0
0 0 1 0 0 0 0 1 1 0
0 0 0 0 0 0 0 1 0 0
Maze 131
117 104 3.5000000000 2.1713072788 105 0.384626246395663
40 97 69 25 74 51 91 8 61 16 20 82 3 24 7 40
37 67 65 24 71 400 1 1 11 400 12 2 23 4 37
402 402 401 402 401 400 402 402 402 400 402 402 401 402 401
1 1 1 1 1 1 1 1 0 0
1 1 1 1 1 1 1 1 1 1
1 1 1 1 1 0 1 0 0 0
1 1 0 1 1 0 1 1 1 2
1 1 0 1 1 0 1 0 0 0
1 1 0 1 1 0 1 0 0 0
1 1 0 1 1 1 1 1 1 0
1 1 1 1 0 0 1 0 0 0
1 1 0 0 0 0 1 0 0 0
1 0 0 0 0 0 1 0 0 0
Maze 132
93 190 2.7076923077 2.3262273994 45 0.375529245196910
85 40 28 80 67 17 54 74 91 4 54 93 69 8 96 85
35 38 78 77 400 14 400 71 1 400 53 63 68 6 95
402 401 401 401 400 402 400 402 402 400 402 402 401 402 401
1 1 1 1 0 1 1 1 0 0
1 0 0 1 1 1 1 1 0 0
1 0 0 1 0 1 1 1 0 0
1 0 0 1 1 1 1 1 1 1
1 0 0 1 1 1 1 1 0 0
1 0 1 1 1 1 1 1 0 0
1 0 1 1 1 1 1 1 1 0
1 1 1 1 1 1 1 1 1 1
1 0 1 0 2 1 0 0 0 0
1 0 1 0 1 1 0 0 0 0
Maze 133
97 42 2.9454545455 2.1174634020 65 0.391874832198575
91 5 42 72 61 7 19 95 40 55 52 96 86 36 33 91
1 2 400 71 1 17 15 35 35 400 92 400 400 400 31
402 402 400 401 402 401 402 402 402 400 401 400 400 400 402
1 1 1 1 1 1 1 0 0 0
1 1 0 0 1 1 1 1 1 0
1 1 0 0 1 0 0 0 0 0
1 1 1 1 1 1 1 1 1 1
1 1 0 0 1 1 0 0 0 0
1 1 1 1 1 1 0 0 0 0
1 1 0 0 1 1 0 0 0 0
1 1 0 0 1 1 0 0 0 0
1 1 0 0 1 1 0 0 0 0
2 1 1 1 1 1 0 0 0 0
Maze 134
75 6 2.6938775510 2.1842593431 21 0.396957349920861
37 4 11 61 13 20 39 70 76 74 22 46 46 61 13 37
34 1 400 11 400 19 69 66 400 72 42 400 41 11 33
401 402 400 402 400 402 401 402 400 401 401 400 402 402 401
1 1 1 1 0 0 0 0 0 0
1 1 1 1 1 1 1 1 1 1
1 1 1 1 0 0 0 0 1 0
1 1 1 1 1 1 2 0 1 0
1 1 1 1 1 1 0 0 1 0
1 1 0 0 0 0 0 0 1 0
1 1 0 0 0 1 1 1 1 1
0 1 1 1 1 1 0 0 0 0
0 0 0 0 0 0 0 0 0 0
0 0 0 0 0 0 0 0 0 0
Maze 135
95 113 3.4693877551 1.9282406441 64 0.388353659302615
68 63 13 90 66 47 17 97 91 99 82 78 41 33 74 68
400 400 83 86 46 400 400 400 400 92 72 71 31 73 64
400 400 401 401 402 400 400 400 400 401 402 401 402 401 402
0 0 0 0 0 0 0 0 0 0
0 0 1 0 0 0 1 0 0 0
0 0 1 0 0 0 1 0 0 0
1 1 1 0 0 0 1 0 0 0
1 0 1 0 0 1 1 0 0 0
1 0 1 0 0 1 1 0 0 0
1 0 1 1 1 1 1 2 0 0
1 1 1 1 1 1 1 1 0 0
0 1 1 1 1 1 1 1 1 1
1 1 1 1 1 1 1 1 1 0
Maze 136
103 570 3.4800000000 2.0353716518 70 0.386969567469375
78 84 23 15 91 43 12 49 75 48 42 84 6 35 12 78
74 83 13 11 41 42 42 45 45 400 82 4 5 32 72
402 401 402 402 402 401 401 402 402 400 401 402 402 401 401
0 0 0 1 1 1 0 0 0 0
1 1 1 1 1 0 0 0 0 0
1 1 1 1 1 0 0 0 0 0
1 1 1 1 1 0 0 0 0 0
1 1 1 1 1 1 1 1 1 0
1 1 1 1 1 0 0 0 0 0
1 1 1 1 1 0 0 0 0 0
1 1 1 1 1 1 1 2 0 0
1 1 1 1 0 0 0 0 0 0
1 0 0 0 0 0 0 0 0 0
Maze 137
99 115 2.9677419355 2.2063813261 64 0.375790977140596
86 89 56 26 27 14 11 10 85 3 49 78 82 21 50 86
400 86 400 400 24 400 1 5 83 43 48 72 81 41 46
400 401 400 400 401 400 402 402 401 401 402 402 401 401 402
1 1 1 1 1 1 1 1 1 1
1 1 1 1 1 0 0 0 0 0
1 0 1 1 1 1 1 0 0 0
1 0 1 0 1 1 0 0 0 0
1 1 1 1 1 1 1 1 1 1
1 0 1 0 1 1 0 1 0 0
1 0 1 0 1 1 0 1 0 0
1 1 1 1 1 1 1 1 0 0
1 1 1 1 1 2 1 1 1 0
0 0 0 0 0 0 0 0 0 0
Maze 138
103 38 3.3207547170 2.0846340683 39 0.360341908253497
33 64 100 64 87 82 95 16 41 7 42 44 98 61 93 33
63 94 94 84 400 92 15 11 1 2 400 94 91 91 400
401 401 401 401 400 401 402 402 402 402 400 401 401 401 400
1 1 1 1 1 1 1 0 0 0
1 1 1 1 1 1 0 0 0 0
1 1 0 0 1 0 0 0 0 0
1 1 2 0 1 0 0 0 0 0
1 1 1 1 1 0 0 0 0 0
0 0 1 1 1 0 0 0 0 0
1 0 1 1 1 0 0 0 0 0
1 0 1 1 1 0 0 0 0 0
1 1 1 1 1 1 1 0 0 0
1 1 1 1 1 1 1 1 1 1
Maze 139
103 104 3.4509803922 2.0508544969 71 0.383071389677492
56 85 82 25 84 97 90 14 96 38 72 98 61 37 26 56
55 400 22 24 94 87 84 94 36 32 92 91 31 36 400
402 400 402 402 401 402 401 401 402 402 401 401 402 401 400
0 0 0 0 0 0 0 0 0 0
0 0 0 1 0 0 0 0 0 0
0 1 1 1 1 1 0 0 0 0
1 1 1 1 1 1 1 1 0 0
1 1 0 1 0 1 0 0 0 0
1 1 0 1 1 2 0 0 0 0
1 1 0 1 1 1 0 0 0 0
1 1 0 1 1 1 0 0 0 0
1 1 1 1 1 1 1 1 1 1
1 1 1 1 1 1 1 1 0 0
Maze 140
107 115 3.4400000000 2.0023458814 99 0.398932242066692
29 19 36 62 37 71 47 81 36 63 8 34 76 41 22 29
400 16 32 32 31 41 41 31 33 3 4 74 71 21 400
400 402 402 402 402 402 402 402 402 402 402 401 401 402 400
0 0 1 1 1 1 1 1 0 0
0 0 1 1 0 1 1 1 1 0
1 1 1 1 1 1 1 1 2 0
1 1 1 1 1 1 1 0 0 0
1 1 1 1 1 1 1 0 0 0
1 1 1 1 0 0 0 0 0 0
1 1 1 1 0 0 0 0 0 0
1 1 1 1 1 1 0 0 0 0
1 0 0 0 0 0 0 0 0 0
0 0 0 0 0 0 0 0 0 0
Maze 141
97 145 3.1929824561 2.2461694829 70 0.384144396779219
52 18 45 45 74 79 71 58 34 44 14 91 11 8 95 52
12 15 400 44 400 400 51 54 400 400 11 400 1 5 92
402 402 400 402 400 400 402 401 400 400 402 400 402 402 401
1 1 1 1 1 1 1 1 0 0
1 1 1 1 1 1 1 1 0 0
1 1 0 1 1 0 0 0 0 0
1 1 0 1 1 0 0 0 0 0
1 1 0 1 1 0 0 0 0 0
1 2 1 1 1 1 1 1 0 0
1 1 0 1 1 0 0 0 0 0
1 1 1 1 1 1 1 1 1 0
1 1 0 0 1 0 0 0 0 0
1 1 1 1 1 0 0 0 0 0
Maze 142
119 2133 3.5438596491 2.0380831768 100 0.390628629783196
4 73 92 9 31 62 45 72 4 76 23 1 39 96 51 4
3 72 2 1 61 42 42 2 74 73 21 31 36 91 1
402 402 402 402 401 402 402 402 401 401 401 401 402 401 402
1 1 1 2 1 1 1 1 1 0
1 1 1 1 0 0 0 0 0 0
1 1 1 1 0 0 0 0 0 0
1 1 1 1 1 1 1 1 1 0
1 1 1 1 1 1 0 0 0 0
1 1 1 1 0 1 0 0 0 0
1 1 1 1 0 1 0 0 0 0
1 1 1 1 1 1 0 0 0 0
1 1 0 0 0 1 0 0 0 0
1 1 1 1 1 1 0 0 0 0
Maze 143
119 147 3.2903225806 2.0671392146 132 0.391893406849110
99 2 7 53 18 9 58 23 1 69 71 57 62 18 76 99
92 400 3 13 8 8 53 21 61 61 51 52 12 16 96
401 400 402 402 402 402 401 401 401 402 402 402 402 402 401
1 1 1 1 1 1 1 1 1 0
1 1 1 1 1 1 1 1 0 0
1 1 1 0 0 1 0 1 0 0
1 1 1 0 0 1 0 1 0 0
1 1 1 0 0 1 0 1 0 0
1 1 1 1 1 1 1 1 0 0
1 1 1 1 1 1 1 1 1 0
1 1 0 0 0 1 0 0 0 0
0 1 0 0 0 1 0 0 0 0
0 1 1 1 1 1 1 1 2 0
Maze 144
107 4620 3.1935483871 2.2453591199 87 0.377812839406075
82 87 14 1 63 75 28 31 40 5 52 89 47 9 65 82
400 84 11 61 73 25 21 400 35 2 82 87 7 5 62
400 401 401 401 401 402 402 400 401 402 401 401 402 402 402
1 1 1 1 1 1 1 1 1 0
1 1 1 1 1 0 1 0 0 0
1 1 1 1 1 1 1 1 0 0
1 1 1 1 1 1 1 1 1 1
1 1 0 1 1 0 1 0 0 0
1 1 0 1 1 0 1 0 0 0
1 1 1 1 1 0 1 0 0 0
0 1 1 1 1 0 1 0 0 0
0 2 1 1 1 1 1 1 1 0
0 0 0 0 0 0 0 0 0 0
Maze 145
87 120 3.0740740741 2.3169329582 36 0.385633632893190
32 64 74 55 6 41 17 90 23 33 61 21 35 60 42 32
62 400 54 5 1 11 87 83 400 31 400 31 55 52 400
401 400 402 402 402 402 401 401 400 402 400 401 401 401 400
1 1 1 1 1 1 0 0 0 0
1 1 1 1 1 1 1 0 0 0
1 0 1 0 1 0 1 0 0 0
1 2 1 1 1 0 1 0 0 0
1 1 1 0 1 0 1 0 0 0
1 1 1 1 1 1 1 1 1 1
1 1 1 1 0 0 1 0 0 0
0 0 1 1 0 0 1 0 0 0
0 0 1 1 1 1 1 1 1 1
0 0 0 0 0 0 0 0 0 0
Maze 146
83 108 3.1489361702 2.1525993444 30 0.362575286019830
44 39 52 44 23 49 30 36 38 27 69 7 83 99 47 44
34 32 42 43 43 29 26 400 37 67 67 3 93 97 400
402 402 402 401 401 402 402 400 401 401 401 402 401 401 400
0 0 1 1 1 1 1 0 0 0
0 0 1 0 0 0 1 0 0 0
0 0 1 0 0 1 1 1 1 1
0 1 1 1 1 1 1 1 1 0
0 1 1 2 1 1 1 1 1 0
0 1 1 0 0 0 1 0 0 0
0 0 1 0 0 0 1 1 1 0
0 0 1 0 0 0 1 0 0 0
0 0 1 0 0 0 1 0 0 0
0 0 1 1 1 1 1 1 1 0
Maze 147
69 6 2.7272727273 2.0938666405 10 0.381804780522581
8 80 88 64 72 32 2 53 96 12 44 29 29 28 9 8
78 78 84 62 400 400 52 93 92 42 24 400 400 8 400
401 402 401 402 400 400 401 401 401 401 402 400 400 402 400
0 1 0 0 0 0 0 2 1 0
0 1 0 0 0 0 0 1 0 0
0 1 0 1 1 1 1 1 1 0
0 1 0 1 0 0 0 1 0 0
0 1 1 1 0 0 0 1 0 0
0 1 1 0 0 0 0 1 0 0
0 1 1 1 0 0 0 1 0 0
0 1 1 1 0 0 0 1 1 1
0 1 1 1 1 1 1 1 0 0
0 1 1 1 1 1 0 0 0 0
Maze 148
101 56 3.1785714286 2.1789070910 71 0.389321703641368
19 42 54 45 8 45 42 80 91 33 30 72 95 45 7 19
12 52 44 5 5 400 72 71 31 23 22 92 400 5 17
402 401 402 402 402 400 401 402 402 402 402 401 400 402 401
0 0 0 0 1 1 1 1 0 0
0 1 1 1 1 1 1 1 2 0
0 1 1 1 1 1 1 1 1 1
1 1 1 0 1 0 0 0 0 0
1 1 1 1 1 0 0 0 0 0
1 1 1 1 1 0 0 0 0 0
1 1 0 0 1 0 0 0 0 0
1 1 1 1 1 1 1 1 1 1
1 1 0 0 1 0 0 0 0 0
1 1 1 1 1 0 0 0 0 0
Maze 149
61 37 2.9230769231 2.1482549300 10 0.371701419779329
67 44 34 3 27 36 5 20 30 18 34 87 87 75 17 67
64 400 33 23 26 35 15 400 28 14 84 400 85 15 400
401 400 401 401 402 401 401 400 401 402 401 400 401 402 400
0 0 1 0 1 0 0 0 0 0
0 0 1 1 1 1 1 1 1 1
0 0 1 1 1 1 1 1 1 1
0 0 1 1 1 1 1 0 0 0
0 0 0 1 1 0 1 0 0 0
0 0 0 1 1 0 1 0 0 0
0 0 0 1 1 1 2 0 0 0
0 0 0 1 1 0 0 0 0 0
0 0 0 1 1 1 1 0 0 0
0 0 0 0 0 0 0 0 0 0
Maze 150
89 36 3.2000000000 2.1735887902 32 0.386260874728699
59 99 34 67 24 91 33 32 44 43 73 100 42 12 53 59
400 94 64 64 21 31 400 42 400 400 93 92 400 52 400
400 401 401 401 402 402 400 401 400 400 401 401 400 401 400
0 0 0 0 0 0 0 0 0 0
0 1 0 0 0 0 0 0 0 0
1 1 1 1 0 0 0 0 0 0
1 1 1 1 0 0 0 0 0 0
1 1 1 1 0 0 0 0 0 0
1 1 1 1 1 1 1 1 2 0
1 1 1 1 1 1 1 0 1 0
1 1 1 1 0 0 0 0 1 0
1 1 1 1 0 0 0 0 1 0
1 1 1 1 1 1 1 1 1 1
Maze 151
111 33 3.5454545455 1.7196578358 91 0.387866245591846
41 28 86 49 42 84 80 14 92 62 80 76 32 92 25 41
21 26 46 400 82 74 74 12 400 72 400 72 400 22 21
402 402 402 400 401 402 401 402 400 401 400 401 400 402 402
0 0 0 0 0 0 0 0 0 0
0 1 1 1 0 0 0 0 0 0
1 1 1 1 1 1 1 1 0 0
1 1 0 1 0 1 0 0 0 0
2 1 1 1 1 1 1 1 1 0
0 1 0 1 0 1 0 0 0 0
0 1 0 1 0 1 0 0 0 0
0 1 1 1 1 1 1 1 1 1
0 1 1 1 0 1 0 0 0 0
0 1 0 0 0 0 0 0 0 0
Maze 152
99 173 3.2075471698 2.1611569762 50 0.387552938874921
73 48 41 31 21 81 35 70 62 3 20 74 80 68 31 73
43 400 400 400 400 31 65 400 2 13 14 400 78 61 71
402 400 400 400 400 402 401 400 402 401 402 400 401 401 401
0 1 1 0 0 0 0 0 0 0
0 1 1 1 1 1 1 1 1 1
1 1 0 1 0 0 0 0 0 0
1 1 1 1 1 0 0 0 0 0
1 1 1 1 1 1 1 1 0 0
1 1 1 1 1 0 0 0 0 0
1 1 1 1 1 1 1 1 1 1
1 1 2 1 1 1 1 1 1 1
1 0 0 0 0 0 0 0 0 0
0 0 0 0 0 0 0 0 0 0
Maze 153
99 575 3.1034482759 2.1498074459 65 0.402802985362359
10 45 39 4 95 46 60 32 26 86 66 59 76 64 81 10
5 35 34 94 45 56 52 22 400 400 56 56 74 61 1
402 402 401 401 402 401 401 402 400 400 402 402 401 402 402
1 1 1 1 1 1 1 1 1 2
1 0 0 1 1 0 0 0 0 0
1 1 1 1 1 1 0 0 0 0
1 1 0 1 1 1 1 1 1 0
1 1 0 1 1 1 0 0 0 0
1 1 1 1 1 1 1 1 1 1
1 1 1 1 1 1 0 0 0 0
1 0 0 1 1 1 0 0 0 0
1 0 0 1 1 1 0 0 0 0
0 0 0 1 1 0 0 0 0 0
Maze 154
103 19 2.7619047619 2.1375756366 64 0.385230832563161
74 8 76 68 86 28 38 86 67 34 88 21 32 100 50 74
4 6 66 66 26 400 36 66 64 84 81 31 92 400 44
402 402 402 402 402 400 402 402 401 401 401 401 401 400 402
0 0 0 1 1 1 1 1 0 0
0 0 0 1 0 1 0 0 0 0
1 0 0 1 0 1 1 1 0 0
1 1 0 1 0 1 1 1 0 0
1 1 0 1 1 1 1 1 1 1
1 1 0 1 0 1 0 0 0 1
1 1 0 1 1 1 1 1 0 1
1 1 0 2 0 1 0 0 0 1
1 1 1 1 1 1 1 1 0 1
0 1 1 1 1 1 1 1 1 1
Maze 155
119 338 3.7377049180 2.1921218719 103 0.399522011825429
79 84 9 85 92 91 47 61 100 93 14 63 82 7 4 79
74 4 5 82 400 41 41 91 400 13 13 62 2 400 74
402 402 402 402 400 402 402 401 400 402 402 402 402 400 401
0 1 1 1 1 1 1 1 1 0
0 1 1 1 1 0 0 0 0 0
0 1 1 1 1 0 0 0 0 0
0 1 1 1 1 0 0 0 0 0
1 1 1 1 1 1 1 0 0 0
1 1 1 1 1 0 0 0 0 0
1 1 1 1 1 0 0 0 0 0
1 1 1 1 1 1 1 1 2 0
1 1 1 1 1 0 0 0 0 0
1 1 1 1 1 1 1 1 1 1
Maze 156
75 21 3.0952380952 2.0981546038 30 0.363652474777306
98 85 77 57 25 76 61 45 97 35 36 11 83 73 90 98
95 75 400 55 75 71 41 95 95 400 31 81 400 83 88
401 402 400 401 401 401 402 401 401 400 401 401 400 401 402
0 0 0 0 0 0 0 0 0 0
1 0 0 0 0 0 0 0 0 0
1 0 0 0 1 0 0 0 0 0
1 1 1 1 1 1 0 0 0 0
1 1 1 1 1 0 0 0 0 0
1 0 0 0 1 1 1 0 0 0
1 0 0 0 1 0 1 0 0 0
1 1 1 1 1 1 1 0 0 0
1 1 1 1 1 1 1 1 1 1
0 0 0 0 1 1 1 2 0 0
Maze 157
97 6 3.0638297872 1.8915111435 71 0.403490037118170
61 2 41 22 57 21 25 52 54 59 74 60 76 19 95 61
1 1 21 52 51 400 22 400 400 54 54 56 16 15 91
402 402 402 401 401 400 402 400 400 402 402 402 402 402 401
1 1 0 0 0 0 0 0 0 0
1 0 0 0 1 1 1 1 1 0
1 1 1 1 1 1 0 0 0 0
1 1 0 0 1 1 0 0 0 0
1 1 0 0 1 1 0 0 0 0
1 1 1 1 1 1 1 1 1 1
2 0 0 1 1 1 0 0 0 0
1 0 0 1 1 1 0 0 0 0
1 0 0 0 1 0 0 0 0 0
1 1 1 1 1 0 0 0 0 0
Maze 158
95 223 3.3191489362 2.0674287209 50 0.385273195208665
63 71 49 42 6 48 34 92 43 96 61 57 14 72 53 63
61 41 400 2 46 44 32 42 93 91 51 54 12 52 400
402 402 400 402 401 401 402 402 401 401 402 401 402 402 400
0 1 1 1 1 1 0 0 0 0
0 1 1 1 0 1 0 0 0 0
0 1 0 1 0 1 0 0 0 0
0 1 1 1 0 1 0 0 0 0
1 1 1 1 1 1 1 1 1 0
1 1 1 1 1 1 1 0 0 0
1 1 2 0 0 0 0 0 0 0
1 1 1 0 0 0 0 0 0 0
1 1 1 0 0 0 0 0 0 0
1 1 1 1 1 1 0 0 0 0
Maze 159
93 36 2.7666666667 2.2034033850 50 0.380880280394415
55 8 86 8 100 49 45 65 32 51 12 4 87 15 44 55
5 6 6 98 99 400 400 62 31 11 2 84 85 14 54
402 402 402 401 401 400 400 401 402 402 402 401 401 402 401
0 1 1 1 1 1 1 1 0 0
1 1 0 1 1 1 0 1 0 0
1 0 0 1 1 1 0 1 0 0
1 1 0 1 1 1 0 1 0 0
1 1 0 1 1 1 1 1 1 0
1 1 0 1 2 1 0 1 1 0
0 1 1 1 1 1 0 1 1 0
0 0 0 1 1 1 0 1 1 0
0 0 0 1 1 1 1 1 1 0
0 0 0 0 0 0 0 1 1 1
Maze 160
89 111 2.9818181818 2.1939256689 44 0.375699062736259
47 55 95 89 51 69 29 83 91 93 50 34 22 16 65 47
45 400 85 81 61 400 23 81 400 43 44 32 12 15 45
402 400 402 401 401 400 402 402 400 402 401 401 402 402 402
0 0 0 0 0 0 0 0 0 0
0 1 1 1 1 1 0 0 0 0
0 1 1 1 1 1 1 1 1 0
0 1 1 1 1 0 0 0 1 0
0 0 1 1 1 1 2 1 1 1
1 0 1 0 1 0 0 0 1 0
1 1 1 1 1 1 1 1 1 0
1 0 1 0 1 0 0 0 0 0
1 1 1 1 1 1 1 1 1 0
1 1 1 0 1 0 0 0 0 0
Maze 161
107 11 3.2500000000 2.0076513206 90 0.393518896694829
70 24 30 37 23 40 43 62 90 53 44 81 89 80 4 70
64 400 27 33 33 33 42 82 83 43 41 400 79 74 64
401 400 402 401 401 402 402 401 401 402 402 400 402 401 401
0 0 0 1 0 0 0 0 0 0
0 0 0 1 0 0 0 0 0 0
0 0 1 1 1 1 1 1 1 1
0 0 1 1 1 1 1 1 1 1
1 1 1 1 0 0 0 0 0 0
1 1 1 1 0 0 0 0 0 0
1 1 1 1 1 1 1 1 1 2
1 1 1 1 1 1 1 1 1 1
1 1 1 1 1 1 1 1 1 1
0 0 0 0 0 0 0 0 0 0
Maze 162
89 22 3.2156862745 2.2676108397 41 0.383505298714477
49 94 92 61 96 74 67 50 70 62 87 1 61 13 18 49
44 400 91 91 94 64 47 400 400 82 81 400 11 400 48
402 400 401 401 401 402 402 400 400 401 401 400 402 400 401
1 0 0 0 0 0 0 0 0 0
1 1 1 1 1 1 1 1 0 0
1 0 0 0 0 0 0 1 0 0
1 0 0 0 0 0 0 1 0 0
1 0 0 1 1 1 1 1 2 1
1 0 0 1 0 0 1 0 0 1
1 1 1 1 1 1 1 1 1 1
1 1 0 1 0 0 0 0 0 0
1 1 1 1 1 1 1 0 0 0
1 1 1 1 1 1 0 0 0 0
Maze 163
81 17 3.1836734694 2.2828677994 17 0.357610783066245
73 72 64 95 79 85 76 20 30 86 61 54 13 83 100 73
400 62 94 75 75 75 16 400 26 81 51 53 400 93 93
400 402 401 402 402 402 402 400 402 401 402 401 400 401 401
0 0 0 0 0 0 0 0 0 0
0 0 1 0 0 1 1 1 1 1
0 0 1 0 0 1 1 1 1 1
0 0 1 0 0 1 0 0 0 0
0 0 1 0 0 1 0 0 0 0
1 1 1 1 0 1 0 0 0 0
1 1 1 1 0 1 0 0 0 0
1 1 2 1 1 1 1 1 1 0
1 1 1 1 1 1 0 0 0 0
0 0 1 1 1 1 1 1 1 1
Maze 164
93 552 2.9122807018 2.1936379531 50 0.395880320254606
42 33 3 7 22 97 15 52 28 35 6 78 18 36 84 42
32 400 400 2 92 95 12 22 25 5 76 400 16 34 82
402 400 400 402 401 401 402 402 402 402 401 400 402 402 401
0 1 1 1 1 1 1 0 0 0
0 1 1 1 1 1 1 1 0 0
0 1 1 1 1 1 1 1 0 0
0 1 1 1 1 1 0 1 0 0
0 2 0 1 1 1 0 1 0 0
0 1 0 1 1 1 0 1 0 0
0 1 0 1 1 1 0 1 0 0
0 1 0 1 1 1 1 1 0 0
0 1 1 1 1 0 0 0 0 0
0 1 1 1 1 1 1 0 0 0
Maze 165
67 13 2.8260869565 2.3214371024 13 0.350974467936667
85 65 97 64 67 58 17 49 30 66 47 47 86 31 23 85
400 95 94 400 57 57 47 29 26 46 400 46 81 21 83
400 401 401 400 402 401 401 402 402 402 400 402 401 402 401
0 0 0 0 0 0 0 0 0 0
0 0 0 0 0 0 1 0 0 0
1 1 1 0 0 1 1 1 1 1
1 0 1 0 0 1 1 0 1 0
1 0 1 0 0 1 1 1 1 0
1 0 1 0 0 1 1 1 0 0
1 0 1 1 1 1 1 0 0 0
1 0 1 1 1 1 0 0 0 0
1 1 1 1 2 1 0 0 0 0
0 0 0 1 1 1 1 0 0 0
Maze 166
107 575 3.5357142857 2.1753695252 92 0.394381833808534
29 89 74 57 93 28 30 42 87 70 7 89 78 44 61 29
400 84 54 53 23 400 22 82 67 67 87 88 74 41 21
400 401 402 402 402 400 402 401 402 401 401 401 401 402 402
0 0 0 0 0 0 1 0 0 0
0 0 0 0 0 0 1 0 0 0
1 1 1 1 1 1 1 1 2 1
1 1 1 0 0 0 1 0 1 0
1 1 1 1 0 0 1 0 1 0
1 1 1 1 1 1 1 0 1 0
1 1 1 1 0 0 1 1 1 1
0 1 1 1 1 1 1 1 1 0
0 1 1 1 1 1 1 1 1 0
0 0 1 0 0 0 0 0 0 0
Maze 167
93 68 3.5652173913 2.1070469813 29 0.377594765526456
83 36 62 66 75 27 29 42 49 33 43 78 22 79 99 83
33 32 400 65 25 400 22 400 43 400 73 72 72 400 93
402 402 400 402 402 400 402 400 401 400 401 401 401 400 401
0 0 0 0 0 0 0 0 0 0
0 0 0 0 0 0 0 0 0 0
0 1 1 1 1 1 1 1 1 0
0 1 1 1 1 1 0 0 0 0
0 1 1 1 1 1 1 1 1 0
0 1 1 0 1 0 0 0 0 0
0 1 1 1 1 1 0 0 0 0
0 1 1 1 1 1 1 1 1 0
0 0 2 0 0 0 0 0 1 0
0 0 1 1 1 1 1 1 1 0
Maze 168
109 185 3.0689655172 2.0231268657 90 0.387020123591050
9 10 46 2 97 89 24 42 93 40 92 100 94 86 88 9
400 6 42 92 87 84 22 92 33 32 400 400 84 400 8
400 402 401 401 402 401 402 401 402 402 400 400 402 400 402
0 1 0 0 0 1 1 1 2 1
0 1 0 0 0 1 0 1 0 0
0 1 1 1 0 1 0 1 0 0
0 1 1 1 1 1 1 1 1 1
0 1 1 1 1 1 0 1 0 0
0 1 1 1 0 0 0 1 0 0
0 1 1 1 0 0 0 1 0 0
0 1 1 1 0 0 0 1 0 0
0 1 1 1 1 1 1 1 1 0
0 1 1 1 1 1 1 1 1 1
Maze 169
125 4794 3.6507936508 2.1903580777 177 0.395928166829207
4 30 81 51 80 34 45 69 1 40 42 57 89 29 73 4
24 21 400 71 74 44 65 61 31 32 52 87 400 23 3
401 402 400 401 401 401 401 401 401 402 401 401 400 402 402
1 0 1 2 0 0 0 0 0 0
1 0 1 1 0 0 0 0 0 0
1 1 1 1 1 1 1 1 1 1
1 1 1 1 1 1 1 1 1 1
1 1 1 1 1 0 0 0 1 0
1 1 1 1 1 1 1 0 1 0
1 1 1 1 1 1 1 1 1 0
1 1 1 1 1 1 1 1 1 1
1 0 0 0 0 0 1 1 1 0
0 0 0 0 0 0 0 0 0 0
Maze 170
101 128 2.7741935484 2.1048243521 62 0.391306095231251
29 56 87 22 40 10 97 88 91 100 38 73 38 23 26 29
26 86 82 32 400 7 87 81 400 98 33 33 33 400 400
402 401 401 401 400 402 402 402 400 401 402 402 401 400 400
0 0 0 0 0 0 1 1 1 1
0 0 0 0 0 0 1 0 0 1
0 1 1 1 1 1 1 1 2 1
0 1 1 1 1 1 1 1 1 1
0 1 1 0 0 1 1 1 0 0
0 1 1 0 0 1 1 1 0 0
0 1 1 0 0 1 1 1 0 0
0 1 1 0 0 1 1 1 0 0
1 1 1 1 1 1 1 1 0 0
1 1 1 1 1 1 1 1 1 1
Maze 171
85 80 3.0769230769 2.2028219586 45 0.393724294907672
1 33 80 26 66 32 89 58 51 12 14 14 11 17 35 1
31 73 76 400 62 82 88 400 11 400 400 400 400 15 31
401 401 401 400 401 401 401 400 402 400 400 400 400 402 401
2 0 0 0 0 0 0 0 0 0
1 1 1 1 1 1 1 0 0 0
1 0 0 0 1 1 0 0 0 0
1 1 1 1 1 1 0 0 0 0
1 1 1 0 0 1 0 0 0 0
1 1 1 1 1 1 1 1 0 0
0 1 1 1 1 1 0 1 0 0
0 1 1 1 1 1 1 1 1 1
0 1 1 1 1 1 1 1 1 0
0 0 0 0 0 0 0 0 0 0
Maze 172
95 96 3.0877192982 2.2034033850 66 0.386183343082950
16 66 30 39 12 1 78 81 80 28 42 34 97 97 95 16
400 26 29 32 11 71 71 71 78 22 32 94 400 400 15
400 402 402 401 401 401 402 402 401 402 402 401 400 400 402
1 0 0 0 0 0 0 0 0 0
1 1 0 0 1 2 0 0 0 0
1 1 1 1 1 1 1 1 1 1
1 1 1 1 1 1 1 1 1 0
1 1 0 1 1 1 0 1 0 0
1 0 0 1 1 1 0 1 0 0
1 0 0 1 1 1 0 1 0 0
1 1 1 1 1 1 1 1 1 1
1 0 0 1 1 0 0 0 0 0
0 0 0 1 1 1 1 0 0 0
Maze 173
101 309 3.0645161290 2.2654447277 70 0.386292754669268
71 21 41 30 80 86 7 94 32 6 59 12 55 36 43 71
400 400 21 400 76 6 4 92 2 56 52 52 35 33 41
400 400 402 400 402 402 402 401 402 401 401 401 402 402 402
0 1 1 1 1 1 1 0 0 0
0 1 0 1 0 1 0 0 0 0
1 1 1 1 1 1 1 1 1 1
1 1 1 1 1 1 0 0 0 1
1 1 1 1 1 1 0 0 0 1
1 1 1 1 1 1 1 1 1 1
1 1 0 1 0 1 0 0 0 1
2 1 0 1 0 1 1 1 1 1
0 1 0 1 0 1 0 0 0 0
0 1 1 1 0 0 0 0 0 0
Maze 174
89 309 2.8888888889 2.2923517475 39 0.401096911393333
75 71 61 16 39 58 31 90 77 45 81 42 53 6 48 75
400 400 11 36 38 51 81 87 75 41 41 52 3 46 45
400 400 402 401 402 401 401 401 401 402 402 401 402 401 402
0 0 1 1 1 1 0 0 0 0
1 1 1 1 1 1 0 0 0 0
1 0 1 0 0 1 0 0 0 0
1 0 1 0 0 1 1 1 1 0
1 1 1 1 1 1 1 1 0 0
1 1 1 1 1 1 1 1 0 0
1 0 0 0 1 0 0 0 0 0
1 1 1 1 2 1 1 0 0 0
1 1 1 1 1 1 1 1 1 1
0 0 0 0 0 0 0 0 0 0
Maze 175
127 169 3.2258064516 2.0945459762 182 0.390399112828586
52 19 56 41 29 7 92 29 21 89 49 88 38 81 24 52
12 16 51 21 27 2 22 400 81 400 48 400 31 21 22
402 402 401 402 401 402 402 400 401 400 402 400 402 402 402
0 1 1 1 1 1 1 0 0 0
0 1 1 1 1 1 1 1 1 0
1 1 1 1 1 1 1 1 1 0
1 1 1 1 1 1 1 1 0 0
1 1 0 0 0 1 0 1 1 0
1 2 1 1 1 1 0 1 1 0
1 1 0 0 0 0 0 1 1 0
1 1 0 0 0 0 0 1 1 0
1 1 1 1 1 1 1 1 1 0
0 1 0 0 0 0 0 0 0 0
Maze 176
109 480 3.4237288136 2.2563717487 92 0.386443807991186
50 15 68 50 60 39 97 12 30 62 89 68 28 10 95 50
45 65 48 400 59 37 92 22 22 82 88 400 8 5 45
401 401 402 400 401 402 401 401 402 401 401 400 402 402 402
0 0 0 0 1 1 1 1 1 1
0 1 0 0 1 0 0 1 0 0
0 1 1 1 1 1 1 1 1 1
0 1 0 0 1 0 1 1 1 0
0 1 0 0 1 1 1 1 1 2
0 1 0 0 1 0 1 1 1 1
0 1 0 0 1 1 1 1 0 0
0 1 0 0 1 0 1 1 0 0
0 1 1 1 1 1 1 1 1 0
0 1 1 1 1 1 1 0 0 0
Maze 177
101 11 3.1063829787 1.8619600037 65 0.407890533198397
18 78 13 64 96 14 74 54 90 34 95 59 89 64 75 18
400 73 63 94 94 400 400 84 84 94 55 400 84 74 15
400 401 401 401 401 400 400 401 401 401 402 400 401 401 402
0 0 0 0 0 0 0 0 0 0
0 0 1 1 1 1 1 2 0 0
0 0 1 1 1 0 0 1 0 0
0 0 1 1 1 0 0 1 0 0
0 0 1 1 1 0 0 1 0 0
0 0 1 1 1 1 1 1 1 0
0 0 1 1 1 0 0 1 1 0
0 0 1 1 1 1 1 1 1 0
0 0 0 1 1 1 1 1 1 1
0 0 0 1 1 1 0 0 0 0
Maze 178
109 631 3.6000000000 2.1549617825 112 0.394398931241922
82 48 95 24 2 97 59 97 36 66 16 30 42 27 70 82
42 45 94 22 92 57 57 96 400 400 26 22 22 67 62
402 402 401 401 401 402 402 401 400 400 401 402 402 401 402
0 1 0 0 0 0 0 0 0 0
0 1 0 0 0 1 0 0 0 0
0 1 1 1 1 1 1 1 1 1
0 1 0 1 0 1 1 0 0 0
0 1 1 1 1 1 1 1 0 0
0 1 0 1 1 1 1 1 1 0
0 1 1 1 1 1 1 1 1 1
0 1 0 1 1 1 1 0 0 0
0 2 0 1 1 1 1 0 0 0
0 1 1 1 1 1 1 0 0 0
Maze 179
113 271 3.1343283582 2.2143702592 105 0.401564819068925
83 46 82 36 50 43 95 86 81 4 78 90 7 65 7 83
43 42 32 46 400 93 85 400 1 74 88 87 5 5 3
402 402 402 401 400 401 402 400 402 401 401 401 402 402 402
1 1 1 1 1 1 1 0 0 0
1 0 1 1 1 0 1 0 0 0
1 0 1 1 1 0 1 0 0 0
1 1 1 1 1 1 1 0 0 0
1 1 1 1 1 1 1 1 1 1
1 1 1 1 1 0 1 0 0 0
1 1 1 1 1 0 1 0 0 0
1 1 1 1 1 1 1 1 0 0
1 1 2 1 1 1 1 1 1 1
0 0 1 1 1 0 0 0 0 0
Maze 180
103 48 3.5094339623 2.1550793855 50 0.379854694828871
92 27 58 10 78 38 99 57 26 61 13 49 87 17 17 92
22 57 8 8 400 98 97 56 21 11 43 47 400 400 12
402 401 402 402 400 401 401 401 402 402 401 402 400 400 402
0 0 0 0 0 0 0 1 1 1
1 1 1 1 1 1 1 1 0 0
1 1 1 1 1 1 1 1 0 0
1 1 1 0 0 1 1 1 0 0
1 1 1 1 1 1 1 1 1 0
1 1 0 0 0 1 1 1 0 0
1 1 0 0 0 0 1 1 0 0
0 1 0 0 0 0 1 1 0 0
0 1 0 0 0 0 1 1 0 0
0 2 0 0 0 0 1 1 1 0
Maze 181
109 179 3.5813953488 1.7239694260 92 0.379356908770953
56 65 50 23 85 25 86 28 3 48 3 77 32 25 97 56
55 45 43 83 400 85 26 23 43 43 73 72 22 95 96
402 402 401 401 400 401 402 401 401 401 401 401 402 401 401
0 0 1 0 0 0 0 0 0 0
0 0 1 0 0 0 0 0 0 0
0 1 1 1 1 1 1 1 0 0
0 1 1 0 1 1 0 0 0 0
0 1 1 1 1 1 1 1 1 1
0 1 1 0 1 2 0 0 0 0
0 1 1 0 1 1 0 0 0 0
0 1 1 1 1 1 1 0 0 0
0 0 1 1 1 1 0 0 0 0
0 0 0 0 1 1 1 0 0 0
Maze 182
77 21 2.8163265306 2.1376476045 19 0.394587549533112
75 21 13 12 27 25 25 4 82 90 44 54 79 28 14 75
71 11 400 22 400 400 24 2 400 84 400 74 78 24 74
401 402 400 401 400 400 401 402 400 401 400 401 401 401 401
0 1 1 1 0 0 0 0 0 0
1 1 1 1 0 0 0 0 0 0
1 1 1 1 1 1 1 1 0 0
1 1 0 1 0 0 0 1 0 0
1 1 0 1 0 0 0 1 0 0
1 1 0 1 0 0 0 1 0 0
1 1 0 1 0 0 0 1 0 0
1 1 1 1 2 1 1 1 1 0
0 1 1 1 1 1 1 1 1 1
0 0 0 0 0 0 0 0 0 0
Maze 183
105 6 3.0566037736 1.9005627022 75 0.381206676125334
68 99 33 83 68 82 21 8 42 68 12 7 28 43 75 68
98 93 400 63 62 81 1 2 62 62 2 27 23 73 65
401 401 400 402 402 401 402 402 401 401 402 401 402 401 402
1 1 1 1 1 1 1 1 0 0
1 1 0 0 0 0 1 0 0 0
1 1 1 1 1 1 1 1 0 0
1 1 1 0 0 0 0 0 0 0
1 1 1 0 0 0 0 0 0 0
1 1 1 0 0 0 0 0 0 0
1 1 1 1 1 1 1 2 0 0
1 1 1 1 1 0 0 1 0 0
1 1 1 0 0 0 0 1 0 0
0 0 1 1 1 1 1 1 1 0
Maze 184
107 85 3.5217391304 1.9352667622 98 0.391538866617749
31 49 16 31 92 56 91 25 3 23 29 66 91 23 48 31
41 46 11 91 52 51 21 23 400 400 26 61 21 43 41
401 401 402 401 402 402 402 401 400 400 402 402 402 401 401
0 0 1 0 0 0 0 0 0 0
1 1 1 1 1 1 0 0 0 0
1 1 1 1 1 1 1 1 1 0
2 0 1 0 0 1 0 0 0 0
1 1 1 1 1 1 1 1 1 0
1 1 1 1 1 1 0 0 0 0
1 1 1 1 1 1 0 0 0 0
1 1 0 0 0 0 0 0 0 0
1 1 0 0 0 0 0 0 0 0
1 1 0 0 0 0 0 0 0 0
Maze 185
117 60 3.6923076923 1.9780697479 100 0.398449360179818
9 72 40 41 38 23 31 68 67 97 17 90 47 81 23 9
2 32 31 31 33 21 61 400 400 400 87 87 41 21 3
402 402 402 402 401 402 401 400 400 400 401 401 402 402 402
0 1 1 1 1 1 1 1 2 0
0 1 1 0 0 0 1 0 0 0
1 1 1 0 0 0 1 0 0 0
1 1 1 1 1 1 1 1 1 1
1 1 1 1 1 1 1 0 0 0
1 1 0 0 0 0 1 0 0 0
1 1 1 1 1 1 1 1 0 0
1 1 0 0 0 0 1 0 0 0
1 0 0 0 0 0 1 1 1 1
0 0 0 0 0 0 1 0 0 0
Maze 186
115 788 3.6610169492 2.1959322161 156 0.388555476712946
49 13 82 25 54 58 97 20 95 7 77 68 95 89 31 49
43 12 22 24 400 57 17 15 5 400 67 65 85 81 41
401 402 402 402 400 402 402 402 402 400 402 402 402 401 401
0 0 0 0 1 1 1 0 0 0
0 1 1 0 1 1 1 1 1 1
0 1 1 1 1 0 1 0 0 0
1 1 1 1 1 0 1 0 0 0
1 1 1 1 1 1 1 1 2 0
1 1 0 1 1 1 1 1 0 0
1 1 0 0 1 1 1 1 0 0
1 1 0 0 1 0 1 0 0 0
1 1 1 1 1 1 1 1 1 0
0 0 0 0 1 0 1 0 0 0
Maze 187
109 123 2.8450704225 2.2767723145 98 0.384820763062774
18 88 4 69 56 68 5 81 97 76 7 47 86 100 93 18
400 84 64 66 66 65 1 91 96 6 400 46 96 400 13
400 401 401 401 401 401 402 401 401 402 400 402 401 400 402
1 1 1 1 1 1 1 0 0 0
1 0 1 1 1 1 1 2 0 0
1 0 1 1 1 1 1 1 0 0
1 0 1 1 1 1 1 1 0 0
1 0 1 1 1 1 1 1 0 0
1 0 1 1 1 1 0 1 0 0
1 0 1 1 1 1 1 1 1 0
1 0 1 1 0 1 0 1 0 0
1 0 1 1 1 1 1 1 0 0
1 1 1 1 1 1 1 1 1 1
Maze 188
83 229 2.8627450980 2.0986318815 35 0.375152470842293
22 28 66 55 27 33 49 96 35 8 18 51 64 6 35 22
400 26 65 25 23 43 46 95 5 400 11 61 4 5 32
400 402 401 402 402 401 402 401 402 400 402 401 402 402 401
0 0 0 1 1 1 1 1 0 0
1 1 1 1 1 1 1 1 0 0
1 2 1 1 1 1 1 1 0 0
1 1 1 1 1 1 0 0 0 0
1 0 1 1 1 1 1 1 1 0
1 0 0 1 1 1 0 0 0 0
1 1 1 1 1 1 0 0 0 0
0 0 0 0 1 1 0 0 0 0
0 0 0 0 1 1 0 0 0 0
0 0 0 0 1 1 0 0 0 0
Maze 189
65 13 2.9230769231 2.1226917106 13 0.350023548133299
95 75 44 85 75 71 35 96 98 89 87 75 34 44 1 95
400 74 84 400 400 31 95 400 88 400 85 74 400 41 91
400 401 401 400 400 402 401 400 402 400 401 401 400 401 401
1 0 0 0 0 0 0 0 0 0
1 0 0 0 0 0 0 0 0 0
1 0 0 0 0 0 0 0 0 0
1 1 1 1 1 0 0 0 0 0
1 1 1 1 1 0 0 0 0 0
1 0 0 1 1 0 0 0 0 0
1 0 0 1 1 0 0 0 0 0
1 1 1 1 1 0 0 0 0 0
1 0 0 1 1 1 1 1 1 0
1 1 1 1 2 1 1 1 0 0
Maze 190
97 351 3.0169491525 2.1746181624 77 0.382992743792039
57 66 5 38 78 6 28 81 56 92 100 27 2 44 53 57
56 65 35 400 76 26 21 51 52 400 97 22 42 43 400
402 401 401 400 401 401 402 402 402 400 401 401 401 402 400
0 1 0 0 1 1 0 0 0 0
0 1 0 0 1 1 0 0 0 0
1 1 1 1 1 1 1 1 0 0
1 1 0 0 1 1 1 1 0 0
1 1 1 1 1 1 1 1 0 0
1 1 1 1 1 1 2 1 0 0
1 1 0 0 1 1 1 1 0 0
1 1 0 0 0 1 1 1 0 0
1 1 0 0 0 0 1 0 0 0
0 1 1 1 1 1 1 1 1 1
Maze 191
113 21 3.5652173913 1.7721794768 70 0.398276207816573
62 19 42 82 80 23 7 77 87 9 77 48 52 2 18 62
12 12 400 72 73 3 400 400 7 7 47 42 400 12 12
402 402 400 402 401 402 400 400 402 402 402 402 400 401 402
0 1 1 1 1 1 1 1 1 0
0 1 1 1 1 1 1 1 1 0
0 1 1 0 0 0 1 0 0 0
0 1 1 0 0 0 1 0 0 0
0 1 1 1 1 1 1 1 0 0
0 1 1 0 0 0 1 0 0 0
0 2 1 0 0 0 1 0 0 0
0 1 1 1 1 1 1 1 1 1
0 1 0 0 0 0 1 0 0 0
0 0 0 0 0 0 0 0 0 0
Maze 192
113 109 3.5200000000 1.8821621786 85 0.391699079586786
11 3 58 4 57 59 41 97 91 2 17 93 61 92 37 11
1 53 54 54 400 51 91 400 1 12 13 91 91 32 31
402 401 401 401 400 401 401 400 402 401 402 401 401 402 401
1 1 1 1 0 0 0 0 0 0
2 1 1 1 1 1 1 0 0 0
1 0 1 1 0 0 0 0 0 0
1 1 1 1 1 1 1 0 0 0
1 1 1 1 0 0 0 0 0 0
1 1 1 1 1 1 1 1 1 0
1 1 1 0 0 0 0 0 0 0
1 1 1 0 0 0 0 0 0 0
1 1 1 0 0 0 0 0 0 0
1 1 1 1 1 1 1 0 0 0
Maze 193
87 64 3.5813953488 2.0183324481 45 0.383894984630799
31 45 63 65 22 64 77 75 9 55 18 25 87 39 51 31
41 43 400 62 62 74 400 5 5 15 15 85 37 31 400
401 402 400 401 401 401 400 402 402 402 402 401 402 402 400
0 0 0 0 1 1 1 1 1 0
0 0 0 0 1 1 1 1 0 0
0 1 0 0 1 0 0 0 0 0
2 1 1 1 1 1 1 1 1 0
1 1 1 1 1 0 1 0 0 0
1 1 1 0 1 0 1 0 0 0
0 1 1 1 1 0 1 0 0 0
0 0 0 1 1 1 1 0 0 0
0 0 0 0 1 1 1 0 0 0
0 0 0 0 0 0 0 0 0 0
Maze 194
109 68 3.5294117647 1.9014368669 75 0.405215133049443
10 12 85 43 43 99 74 2 67 99 56 29 57 28 86 10
2 82 83 400 93 94 72 62 97 96 26 27 27 26 6
402 401 401 400 401 401 401 401 401 401 402 402 402 402 402
0 1 1 1 1 1 1 1 1 2
0 1 0 0 0 1 0 0 0 0
0 1 0 0 0 1 1 1 1 0
0 1 0 0 0 1 1 0 0 0
0 1 1 0 0 1 1 0 0 0
0 1 1 0 0 1 1 0 0 0
0 1 1 1 1 1 1 0 0 0
0 1 1 1 0 1 1 0 0 0
0 1 1 1 1 1 1 0 0 0
0 0 1 1 1 1 1 1 1 0
Maze 195
75 233 3.1111111111 2.1338784480 22 0.370056239265517
24 82 65 85 73 75 94 42 73 7 41 44 59 65 66 24
22 62 400 83 400 74 92 72 3 1 400 54 55 400 64
402 402 400 401 400 402 401 401 402 402 400 401 402 400 401
1 1 1 1 1 1 1 0 0 0
1 0 1 0 0 0 0 0 0 0
1 1 1 2 0 0 0 0 0 0
1 1 1 1 0 0 0 0 0 0
1 1 1 1 0 0 0 0 0 0
0 1 1 1 1 1 1 1 1 0
0 1 1 1 1 1 0 0 0 0
0 1 1 1 1 0 0 0 0 0
0 1 1 1 1 0 0 0 0 0
0 1 1 1 0 0 0 0 0 0
Maze 196
109 394 2.9696969697 2.1732826639 84 0.389852381695910
59 44 89 72 34 18 97 31 17 5 6 79 42 72 2 59
54 84 82 32 14 17 91 11 15 400 76 72 400 400 52
401 401 401 402 402 402 401 402 401 400 401 401 400 400 401
0 1 0 0 1 1 0 0 0 0
1 1 1 1 1 1 1 1 0 0
1 1 0 1 0 1 1 0 0 0
1 1 1 1 0 1 1 0 0 0
1 1 0 1 0 1 1 0 0 0
1 1 1 1 1 1 1 1 2 0
1 1 0 1 0 1 1 0 0 0
1 1 1 1 1 1 1 1 1 0
1 1 1 1 1 1 1 1 1 0
1 1 1 1 1 1 1 0 0 0
Maze 197
107 59 2.8955223881 2.2545781475 92 0.372524104576782
98 44 36 24 97 55 1 44 13 79 19 4 10 58 41 98
94 34 34 94 95 51 41 43 73 400 14 400 8 51 91
401 402 401 401 401 401 401 401 401 400 401 400 402 401 401
1 0 0 1 1 1 1 1 1 1
1 0 1 1 1 1 1 1 1 0
1 0 1 1 0 0 0 1 1 0
1 0 1 1 1 1 0 1 1 0
1 1 1 1 0 0 0 1 1 0
1 1 1 1 1 1 1 1 1 0
1 0 1 1 1 0 0 0 1 0
1 0 1 1 1 1 1 1 1 0
1 0 0 1 1 0 0 0 0 0
1 1 1 1 1 1 1 2 0 0
Maze 198
99 157 3.4693877551 2.0572046726 59 0.375110329106868
98 62 43 58 74 46 94 25 66 35 62 50 6 33 3 98
92 42 53 54 44 44 24 65 65 32 42 46 3 400 93
401 402 401 402 402 402 402 401 401 402 402 401 402 400 401
0 0 1 1 1 1 0 0 0 0
0 0 1 0 0 1 0 0 0 0
0 0 1 1 1 1 0 0 0 0
0 1 1 1 1 1 0 0 0 0
0 1 1 1 1 1 1 1 1 1
0 1 1 1 1 1 1 1 0 0
0 1 1 1 1 1 0 0 0 0
0 1 1 1 0 0 0 0 0 0
0 1 1 1 0 0 0 0 0 0
0 1 1 1 1 1 1 2 0 0
Maze 199
71 7 2.4150943396 2.2891211008 16 0.389583671366635
53 83 93 68 80 46 16 6 16 17 58 30 100 96 9 53
400 400 63 78 76 400 400 400 400 57 28 400 400 6 3
400 400 402 401 401 400 400 400 400 401 402 400 400 402 402
0 0 1 1 1 1 1 1 1 0
0 0 1 0 0 1 1 0 0 0
0 0 1 0 0 1 1 1 1 1
0 0 1 0 0 1 1 1 0 1
0 0 1 0 0 1 1 1 0 1
0 0 2 0 0 1 1 1 0 1
0 0 1 1 1 1 1 1 0 1
0 0 1 0 0 1 1 1 1 1
0 0 1 0 0 1 0 0 0 1
0 0 1 0 0 1 1 1 1 1
Maze 200
75 40 2.8301886792 2.3704798727 35 0.395251789671129
34 50 49 88 12 73 76 33 23 29 87 99 97 65 14 34
44 400 48 82 72 400 73 400 400 27 97 400 95 64 400
401 400 402 401 401 400 401 400 400 402 401 400 401 401 400
0 0 0 0 0 0 0 0 0 0
0 1 0 1 0 0 0 0 0 0
0 1 1 1 1 1 1 1 1 0
0 1 1 2 0 0 1 0 0 0
0 1 1 1 1 1 1 1 1 1
0 1 1 1 0 0 1 1 0 0
0 1 1 1 1 0 1 1 0 0
0 1 1 1 1 1 1 1 0 0
0 1 1 1 1 1 1 1 0 0
0 0 0 0 1 1 1 1 1 0
