numMazes: 200
mazeSize: 10
Maze 1
71 9 2.7755102041 2.2583020327 11 0.376220932735355
81 11 14 94 54 35 83 44 30 38 33 42 77 77 96 81
400 400 400 400 34 33 43 24 28 400 32 72 400 76 91
400 400 400 400 402 402 402 402 402 400 402 401 400 402 401
0 0 0 0 0 0 0 0 0 0
1 1 1 1 0 0 0 0 0 0
1 0 0 1 1 1 1 1 1 1
1 1 1 1 1 1 1 1 0 0
1 1 1 1 0 0 0 0 0 0
1 1 1 1 0 0 0 0 0 0
1 1 1 1 0 0 0 0 0 0
1 1 1 1 1 1 1 0 0 0
2 0 1 1 0 1 0 0 0 0
1 1 1 1 1 1 0 0 0 0
Maze 2
73 46 2.9166666667 2.2151046330 20 0.385623700505816
33 39 89 55 94 76 35 32 52 71 15 14 35 69 13 33
400 400 85 54 74 75 400 400 51 11 400 34 65 63 400
400 400 401 402 402 401 400 400 402 402 400 401 401 401 400
0 0 0 0 0 0 0 0 0 0
1 1 1 1 1 0 0 0 0 0
1 0 1 1 0 0 0 0 0 0
1 1 2 1 1 1 1 1 1 0
1 1 1 0 1 0 0 0 1 0
1 1 1 1 1 0 0 0 1 0
1 0 1 1 1 1 1 1 1 0
1 0 0 1 1 1 0 0 1 0
0 0 0 1 1 1 1 1 1 0
0 0 0 1 0 0 0 0 0 0
Maze 3
97 31 3.0740740741 2.1939256689 56 0.402642775407939
49 33 14 6 1 26 11 78 44 92 21 92 81 39 8 49
43 13 4 400 21 21 71 74 42 91 91 91 31 38 48
401 402 402 400 401 401 401 401 402 401 401 401 402 401 401
1 1 1 1 1 1 0 1 0 0
1 0 1 1 0 0 0 1 0 0
1 1 1 1 1 1 0 1 0 0
1 1 1 1 1 1 1 1 1 0
1 1 1 1 1 1 1 1 2 0
1 1 0 1 0 0 0 0 0 0
1 1 0 1 0 0 0 0 0 0
1 1 1 1 1 1 1 1 0 0
1 1 0 0 0 0 0 0 0 0
1 1 0 0 0 0 0 0 0 0
Maze 4
121 566 3.2727272727 2.1629228570 114 0.395921976744024
53 47 37 12 9 88 24 60 96 69 32 40 81 7 74 53
43 400 32 2 8 84 54 56 66 62 400 31 1 4 73
402 400 401 402 402 401 401 402 402 401 400 402 402 402 401
1 1 1 1 1 1 1 1 1 0
1 1 0 1 0 0 0 1 0 0
1 1 0 1 0 0 0 1 0 0
1 1 1 1 1 1 1 1 1 1
1 1 1 1 1 1 1 1 0 0
1 1 2 1 1 1 1 1 1 1
1 1 1 1 1 1 1 1 1 0
1 0 1 1 0 1 0 1 0 0
1 0 0 1 1 1 1 1 0 0
0 0 0 0 0 1 0 0 0 0
Maze 5
77 14 2.8979591837 2.1721257916 30 0.390706388374914
11 32 92 68 33 14 65 75 85 57 29 85 89 97 55 11
31 400 62 63 13 64 400 400 55 27 25 400 87 95 51
401 400 402 401 402 401 400 400 402 402 402 400 402 401 401
0 0 0 0 0 0 0 0 0 0
2 0 1 1 0 0 0 0 0 0
1 0 1 1 1 1 1 1 1 0
1 1 1 1 1 0 1 0 0 0
1 1 1 1 1 0 1 0 0 0
1 1 1 1 1 1 1 0 0 0
0 1 1 1 1 1 1 1 0 0
0 1 0 0 1 0 0 0 0 0
0 1 0 0 1 1 1 1 1 0
0 1 0 0 1 1 1 0 0 0
Maze 6
83 127 3.4285714286 2.0219686223 30 0.375434191774264
91 84 74 5 82 24 24 17 42 4 48 52 53 43 15 91
81 400 4 2 22 400 14 12 2 44 42 400 400 13 11
402 400 402 402 402 400 402 402 402 401 402 400 400 402 402
0 1 1 1 1 0 0 0 0 0
1 1 1 1 1 1 1 0 0 0
1 1 1 1 0 0 0 0 0 0
1 1 1 1 0 0 0 0 0 0
1 1 1 1 1 1 1 1 0 0
1 1 1 1 0 0 0 0 0 0
1 1 0 1 0 0 0 0 0 0
1 1 0 1 0 0 0 0 0 0
1 1 1 1 0 0 0 0 0 0
2 0 0 0 0 0 0 0 0 0
Maze 7
109 587 3.2592592593 2.0903816965 105 0.395987963268825
11 64 26 76 12 100 11 68 13 41 45 45 15 22 61 11
61 24 400 72 92 91 61 63 11 400 400 400 12 21 400
401 402 400 401 401 401 401 401 402 400 400 400 402 402 400
0 0 0 0 0 0 0 0 0 0
2 1 1 1 1 0 0 0 0 0
1 1 1 1 1 1 0 0 0 0
1 1 1 1 1 1 0 0 0 0
1 1 1 1 1 1 0 0 0 0
1 1 1 1 0 1 0 0 0 0
1 1 1 1 1 1 1 1 0 0
1 1 1 1 1 1 0 0 0 0
1 1 0 0 0 0 0 0 0 0
1 1 1 1 1 1 1 1 1 1
Maze 8
105 523 3.1147540984 2.1646335561 105 0.401535177385278
21 34 16 8 98 55 56 12 50 4 59 40 88 1 17 21
31 14 6 400 95 400 52 42 44 54 39 38 81 11 11
401 402 402 400 401 400 401 401 401 401 402 402 401 401 402
1 0 0 1 0 1 1 1 0 0
1 1 1 1 1 1 1 1 0 0
2 1 0 1 0 0 0 1 0 0
1 1 1 1 0 0 0 1 1 1
1 1 1 1 1 1 1 1 1 1
1 1 1 1 1 1 1 1 1 0
1 0 0 0 1 0 0 1 0 0
1 0 0 0 1 0 0 1 0 0
1 1 1 1 1 1 1 1 0 0
0 0 0 0 1 1 1 1 0 0
Maze 9
87 180 3.1555555556 1.8892137705 56 0.379747708571109
29 69 66 4 77 90 80 25 27 53 28 49 4 77 40 29
400 400 64 74 87 400 75 400 23 23 48 44 74 37 39
400 400 401 401 401 400 401 400 402 402 401 401 401 402 401
0 0 0 1 0 0 0 0 0 0
0 0 0 1 0 0 0 0 0 0
0 0 1 1 1 1 1 1 2 0
0 0 1 1 1 0 1 1 1 1
0 0 1 1 1 1 1 1 1 0
0 0 1 1 1 0 1 0 1 0
0 0 0 1 1 1 1 1 1 0
0 0 0 1 1 1 1 1 1 1
0 0 0 0 0 0 1 1 1 1
0 0 0 0 0 0 0 0 0 0
Maze 10
89 229 3.2244897959 2.0640750970 50 0.386901748171378
68 37 46 25 38 62 47 53 83 20 69 34 82 24 77 68
67 36 45 35 32 42 43 400 13 19 64 32 22 74 67
401 402 401 401 402 402 402 400 402 402 401 402 402 401 402
0 0 0 0 0 0 0 0 0 0
0 0 1 1 1 1 1 1 1 1
0 1 1 1 1 0 0 0 1 0
0 1 1 1 1 1 1 1 1 0
0 1 1 1 1 1 1 0 1 0
0 1 1 1 0 0 1 0 1 0
0 1 1 1 1 1 1 2 1 0
0 1 1 1 1 1 1 0 0 0
0 1 1 0 0 0 0 0 0 0
0 0 0 0 0 0 0 0 0 0
Maze 11
109 420 3.1724137931 2.0849625007 98 0.393500726442316
12 93 60 13 36 61 98 66 52 57 15 54 73 9 44 12
92 53 53 33 31 91 96 62 400 55 14 53 3 4 42
401 402 401 401 402 401 401 401 400 401 402 402 402 402 401
0 0 1 1 1 1 1 1 1 0
0 2 1 1 1 0 0 0 0 0
0 1 1 1 1 0 0 0 0 0
1 1 1 1 1 1 0 0 0 0
1 1 1 1 1 0 0 0 0 0
1 1 1 1 1 1 1 1 1 1
1 1 1 1 1 1 0 0 0 0
1 1 1 0 0 1 0 0 0 0
1 1 1 0 0 1 0 0 0 0
1 1 1 1 1 1 1 1 0 0
Maze 12
99 599 3.3061224490 2.0580958125 65 0.398404076210220
53 15 77 81 54 29 24 96 30 33 56 7 29 16 49 53
13 75 71 51 24 400 94 26 23 53 6 27 26 46 43
402 401 402 402 402 400 401 402 402 401 402 401 401 401 402
0 0 0 0 0 1 1 0 0 0
0 0 1 1 1 1 1 0 0 0
0 0 1 1 1 1 1 1 1 1
0 0 1 1 1 1 0 0 0 0
0 0 1 1 1 1 1 1 1 0
1 1 2 1 1 1 0 0 0 0
1 0 0 1 1 1 0 0 0 0
1 1 1 1 1 1 1 0 0 0
1 0 0 1 0 1 0 0 0 0
0 0 0 1 1 1 0 0 0 0
Maze 13
121 157 3.9523809524 1.5821518825 125 0.393998967958478
17 63 59 32 67 14 92 60 42 79 34 25 52 12 83 17
13 53 52 62 64 12 52 52 72 74 24 22 400 82 13
402 402 401 401 401 402 402 401 401 401 402 402 400 401 402
0 0 0 0 0 0 0 0 0 0
0 1 1 1 1 1 2 0 0 0
0 1 1 1 1 0 0 0 0 0
0 1 1 1 0 0 0 0 0 0
0 1 1 1 0 0 0 0 0 0
0 1 1 1 1 1 1 1 1 1
0 1 1 1 1 1 1 0 0 0
0 1 1 1 1 1 1 1 1 0
0 1 1 0 0 0 0 0 0 0
0 1 0 0 0 0 0 0 0 0
Maze 14
109 47 3.0000000000 1.9472596082 84 0.396216703254971
72 34 20 25 52 25 80 100 92 29 95 32 73 76 60 72
32 14 15 22 22 75 400 400 22 25 92 72 400 56 52
402 402 402 402 402 401 400 400 402 402 401 401 400 402 402
0 0 0 0 0 0 0 0 0 0
0 0 0 1 1 1 1 1 1 1
0 1 1 1 1 1 1 1 1 0
0 1 1 1 1 0 0 0 0 0
0 1 0 0 1 0 0 0 0 0
0 1 1 1 1 1 1 1 1 1
0 1 0 0 1 1 0 0 0 0
0 2 1 1 1 1 1 1 1 1
0 1 0 0 1 0 0 0 0 1
0 1 1 1 1 1 1 1 1 1
Maze 15
107 37 3.2000000000 1.8790402784 97 0.379875184535350
43 70 28 93 42 48 38 30 22 88 23 92 7 24 52 43
63 68 23 92 400 400 28 400 82 83 22 2 4 22 42
401 401 402 401 400 400 402 400 401 401 402 402 402 402 402
0 1 1 1 1 1 1 0 0 0
0 1 0 1 0 0 0 0 0 0
0 1 1 1 1 1 1 1 1 1
0 1 1 0 0 0 0 1 0 0
0 1 2 1 1 1 1 1 0 0
0 1 1 0 0 0 0 1 0 0
0 1 1 1 1 1 1 1 1 1
0 1 1 0 0 0 0 0 0 0
0 1 1 1 1 1 1 1 0 0
0 1 1 0 0 0 0 0 0 0
Maze 16
105 57 2.9375000000 2.1891683911 97 0.386994128747231
7 8 92 18 58 86 54 78 91 36 25 36 15 52 99 7
400 2 12 400 56 84 74 71 31 35 35 35 12 92 97
400 402 402 400 402 401 401 402 402 401 401 401 402 401 401
0 1 1 1 1 1 2 1 0 0
0 1 1 1 1 1 1 1 0 0
0 1 0 0 1 0 1 1 0 0
1 1 1 1 1 1 1 1 0 0
1 1 0 0 0 0 1 1 0 0
1 1 0 1 0 1 1 1 0 0
1 1 0 1 0 1 1 0 0 0
1 1 1 1 1 1 1 1 0 0
1 1 0 1 1 1 1 0 0 0
1 1 1 1 1 1 1 1 1 0
Maze 17
103 68 3.4666666667 1.7731665830 84 0.389395964122346
41 59 61 60 6 40 58 51 28 26 78 3 13 25 39 41
51 51 51 56 36 38 400 21 400 76 73 400 23 35 31
401 402 402 401 401 402 400 402 400 401 401 400 401 401 402
0 0 1 0 0 1 0 0 0 0
0 0 1 0 0 1 0 0 0 0
1 1 1 1 1 1 1 1 0 0
1 1 1 1 1 1 1 1 1 1
2 0 1 0 0 1 0 1 0 0
1 1 1 1 1 1 1 1 1 1
1 0 1 0 0 1 0 0 0 0
0 0 1 1 1 1 1 1 0 0
0 0 0 0 0 0 0 0 0 0
0 0 0 0 0 0 0 0 0 0
Maze 18
91 52 2.7868852459 2.3246201751 39 0.354687061638989
54 98 19 18 6 7 64 27 5 78 42 3 27 91 73 54
94 18 400 16 400 4 24 25 75 72 2 23 21 71 53
401 402 400 401 400 402 402 401 401 401 402 401 402 402 402
0 1 1 1 1 1 1 0 0 0
0 1 1 1 1 1 1 1 1 0
1 1 1 1 1 1 1 1 0 0
1 1 0 1 1 0 0 1 0 0
1 1 0 1 1 0 0 1 0 0
1 1 1 2 1 0 0 1 0 0
1 1 1 1 1 0 0 1 0 0
1 1 1 1 1 1 1 1 0 0
1 0 0 1 0 0 0 1 0 0
1 0 0 1 1 1 1 1 0 0
Maze 19
99 121 2.9473684211 2.0433594885 66 0.388207946344656
23 20 49 18 99 89 64 82 39 61 22 40 26 83 11 23
13 19 48 98 400 84 62 32 31 21 32 36 23 81 21
402 402 401 401 400 401 402 402 402 402 401 401 402 401 401
0 0 0 0 0 0 0 0 0 0
1 0 1 1 1 1 1 1 1 1
1 1 2 1 1 1 0 1 1 0
1 1 1 1 1 1 1 1 1 1
1 1 1 0 0 0 0 1 1 0
1 1 1 0 0 0 0 1 0 0
1 1 1 1 0 0 0 1 0 0
1 1 1 1 0 0 0 1 0 0
1 1 1 1 1 1 1 1 1 0
0 0 0 0 0 0 0 1 1 0
Maze 20
111 49 2.9666666667 2.1215378385 70 0.398841955597427
47 98 71 35 76 54 26 39 74 38 65 14 60 61 10 47
97 91 31 75 74 24 36 34 34 35 64 54 51 1 7
401 401 402 401 401 402 401 402 402 402 401 401 402 402 402
1 1 1 1 1 1 1 1 1 1
1 0 0 1 0 0 1 0 0 0
1 0 0 1 1 1 1 0 0 0
1 1 1 1 1 1 1 1 1 0
1 0 0 1 1 0 2 0 0 0
1 1 1 1 1 1 1 1 1 1
1 0 0 1 1 0 1 0 0 0
1 0 0 1 1 1 1 0 0 0
1 0 0 0 0 0 1 0 0 0
1 1 1 1 1 1 1 1 0 0
Maze 21
103 69 3.0000000000 2.0732409278 84 0.404192678056749
5 54 71 5 84 88 49 93 96 34 9 8 70 94 28 5
4 51 1 4 400 48 43 400 94 4 400 68 64 24 25
402 402 402 402 400 402 402 400 401 402 400 401 402 402 401
1 1 1 1 2 1 1 1 1 0
1 0 0 1 1 0 0 1 0 0
1 0 0 1 1 1 1 1 0 0
1 0 0 1 0 0 0 1 0 0
1 0 1 1 1 1 1 1 1 0
1 1 1 1 0 0 0 1 0 0
1 0 1 1 1 1 1 1 1 1
1 0 1 1 0 0 0 1 0 0
0 0 1 1 1 1 1 1 0 0
0 0 1 1 1 1 0 0 0 0
Maze 22
87 184 3.0588235294 2.1387029870 56 0.373490158229955
79 8 97 58 40 68 11 35 17 39 28 55 61 59 100 79
78 7 57 38 38 61 31 15 37 38 25 51 51 99 99
401 402 402 402 402 401 401 402 401 401 402 402 402 401 401
0 0 0 0 0 0 1 1 0 0
1 0 0 0 1 1 1 1 0 0
1 0 0 0 1 1 1 1 0 0
1 1 1 1 1 0 1 1 1 1
1 0 0 0 1 0 1 1 0 0
1 1 1 1 1 1 1 1 1 0
1 1 1 1 1 1 1 1 1 0
0 0 0 0 0 0 1 1 2 0
0 0 0 0 0 0 1 0 1 0
0 0 0 0 0 0 1 0 1 1
Maze 23
101 47 3.0370370370 2.0781833240 71 0.402354388313575
26 82 44 81 5 56 62 55 11 11 73 98 18 75 62 26
22 42 41 1 55 52 52 51 400 71 93 400 15 72 22
402 402 402 402 401 402 402 401 400 401 401 400 402 401 402
1 1 1 1 1 0 0 0 0 0
1 0 0 0 1 1 1 1 0 0
1 1 1 1 1 2 0 1 0 0
1 1 0 0 1 0 0 1 0 0
1 1 1 1 1 0 0 1 0 0
1 1 1 1 1 1 0 1 0 0
1 1 0 0 1 0 0 1 0 0
1 1 1 1 1 0 0 1 0 0
1 1 1 0 0 0 0 1 0 0
0 0 1 1 1 1 1 1 0 0
Maze 24
83 28 2.6551724138 2.2905802752 26 0.389838654507204
22 17 39 44 68 11 53 52 54 33 8 36 64 88 98 22
12 37 34 64 61 51 400 400 53 3 6 34 84 400 92
402 401 402 401 401 401 400 400 401 402 402 402 401 400 401
0 0 1 1 1 1 1 1 0 0
1 1 1 1 1 1 1 0 0 0
1 2 1 0 0 1 1 0 0 0
1 1 1 1 1 1 1 1 1 0
1 1 1 1 0 0 0 0 0 0
1 1 1 1 0 0 0 0 0 0
1 1 1 1 1 1 1 1 0 0
0 1 0 1 0 0 0 0 0 0
0 1 0 1 1 1 1 1 0 0
0 1 1 1 1 1 1 1 0 0
Maze 25
117 190 3.3015873016 2.1712588204 124 0.379015801910836
63 79 76 4 40 87 11 41 24 69 8 94 43 3 98 63
73 400 74 34 37 81 400 21 64 68 4 93 400 93 93
401 400 401 401 402 401 400 402 401 401 402 401 400 401 401
0 0 1 1 1 1 1 1 0 0
1 0 1 1 0 0 0 1 0 0
1 1 1 1 0 0 0 1 0 0
1 0 1 1 1 1 1 1 1 1
1 0 1 1 0 0 1 1 0 0
1 0 1 1 0 0 1 1 0 0
1 0 2 1 1 1 1 1 1 0
1 0 1 1 1 1 1 1 1 0
1 1 1 1 1 1 1 0 0 0
0 0 1 1 1 1 1 1 0 0
Maze 26
97 41 3.1320754717 2.0308739810 60 0.369232607286151
82 72 79 61 44 43 50 9 54 97 39 74 5 4 89 82
400 400 71 41 400 400 49 4 94 37 34 4 400 84 400
400 400 401 402 400 400 401 402 401 402 402 402 400 401 400
0 0 0 1 1 1 1 1 1 0
0 0 0 1 0 0 0 0 1 0
0 0 0 1 0 0 0 0 1 0
0 0 0 1 1 1 1 1 1 0
1 1 1 1 1 1 1 1 1 1
1 0 0 1 0 0 1 0 0 0
1 0 0 1 0 0 1 0 0 0
1 1 1 1 1 1 1 1 1 0
0 2 1 1 1 1 1 1 1 0
0 0 0 1 1 1 1 0 0 0
Maze 27
87 364 3.3061224490 2.1198058137 35 0.373109265840131
81 90 24 15 13 91 30 75 33 35 45 23 53 54 32 81
400 84 14 400 11 21 25 73 400 400 43 400 400 52 31
400 401 402 400 402 402 402 401 400 400 401 400 400 401 402
0 0 0 0 0 0 0 0 0 0
1 1 1 1 1 0 0 0 0 0
1 1 1 1 1 1 1 1 1 1
1 1 1 1 1 0 0 0 0 0
1 1 1 1 1 0 0 0 0 0
1 1 1 1 1 0 0 0 0 0
1 0 1 1 1 0 0 0 0 0
1 0 1 1 1 0 0 0 0 0
2 1 1 1 1 1 1 1 1 1
1 0 0 0 0 0 0 0 0 0
Maze 28
87 27 2.7857142857 2.1634544791 36 0.384184924431724
55 8 54 98 52 50 20 6 77 85 86 83 47 64 24 55
5 4 94 92 42 400 16 76 75 400 400 43 44 400 54
402 402 401 401 402 400 401 401 402 400 400 402 402 400 401
0 0 0 1 1 1 1 1 0 0
0 0 0 1 1 1 1 1 1 1
0 0 0 1 1 1 0 0 0 1
0 0 0 1 1 1 0 0 0 1
0 1 1 1 1 1 1 1 1 1
0 1 1 1 2 1 0 0 0 0
0 1 1 1 0 1 0 0 0 0
0 1 1 1 1 1 1 0 0 0
0 1 1 1 1 1 0 0 0 0
0 1 1 1 1 1 1 1 0 0
Maze 29
109 161 3.2830188679 2.0128678854 112 0.388692816938116
79 79 65 91 45 20 47 95 8 69 34 80 27 68 51 79
400 75 61 41 15 17 45 5 68 64 74 77 67 61 71
400 401 402 402 402 402 402 402 401 401 401 401 401 401 401
0 0 0 0 1 1 1 1 0 0
0 0 0 0 1 1 1 1 1 1
0 0 0 0 1 0 1 1 0 0
0 0 0 1 1 0 1 1 0 0
1 1 1 1 1 1 1 1 0 0
1 0 0 1 1 0 1 1 0 0
1 1 1 1 1 1 1 1 1 0
1 1 1 1 1 1 1 1 2 1
1 0 0 0 1 0 0 0 0 0
1 0 0 0 1 0 0 0 0 0
Maze 30
103 39 3.1333333333 2.2156916738 60 0.365094698025944
67 77 21 91 100 40 76 73 39 63 82 55 22 89 83 67
400 71 400 400 400 36 400 33 33 62 52 52 82 400 63
400 401 400 400 400 402 400 402 402 402 402 401 401 400 402
0 0 0 0 0 0 0 0 0 0
0 0 0 0 0 0 0 0 0 0
1 1 0 0 0 0 0 0 0 0
1 1 1 1 1 1 1 1 1 1
1 1 1 0 0 1 0 0 0 1
1 1 1 1 1 1 0 0 0 1
1 1 1 1 1 1 2 0 0 1
1 1 1 1 1 1 1 0 0 1
1 1 1 1 1 1 1 1 1 1
1 1 1 1 1 1 1 1 1 1
Maze 31
97 117 3.1481481481 2.1296986218 77 0.387214434827558
53 75 47 34 4 43 96 40 21 33 51 8 16 76 20 53
73 45 44 400 3 93 36 31 31 31 1 6 400 16 13
401 402 401 400 402 401 402 401 401 402 402 402 400 402 402
1 1 1 1 1 1 1 1 0 0
1 0 1 1 1 1 1 1 1 1
1 0 1 1 0 1 0 0 0 0
1 1 1 1 1 1 1 1 1 1
1 0 1 1 1 1 1 0 0 0
1 0 2 0 1 1 0 0 0 0
0 0 1 0 1 1 0 0 0 0
0 0 1 1 1 1 0 0 0 0
0 0 1 0 0 1 0 0 0 0
0 0 1 1 1 1 0 0 0 0
Maze 32
85 40 3.0000000000 2.0073776397 39 0.398586542829193
54 40 54 68 96 21 37 35 23 12 25 47 80 75 39 54
34 34 64 66 91 31 400 33 22 22 45 77 400 35 34
402 402 401 402 401 401 400 401 401 401 401 401 400 402 402
0 0 0 0 0 0 0 0 0 0
0 1 0 0 0 0 0 0 0 0
1 1 1 1 1 0 0 0 0 0
1 1 1 1 1 1 1 1 1 1
1 0 0 1 1 1 1 0 0 0
1 0 0 2 1 0 1 0 0 0
1 0 0 1 1 1 1 1 0 0
1 0 0 0 1 1 1 1 1 1
1 0 0 0 0 1 0 0 0 0
1 1 1 1 1 1 0 0 0 0
Maze 33
87 104 2.9454545455 2.2243968588 35 0.387453099200006
22 75 34 64 18 63 35 93 95 67 90 30 19 10 67 22
72 74 400 14 13 33 33 400 65 87 400 29 9 7 62
401 401 400 402 402 402 402 400 402 401 400 401 402 402 401
0 0 0 0 0 0 1 1 1 1
0 0 1 1 1 1 1 1 1 0
0 2 1 1 0 0 1 0 1 1
0 1 1 1 1 0 1 0 0 1
0 1 1 1 0 0 1 0 0 1
0 1 1 1 0 0 1 0 0 1
0 1 1 1 1 1 1 0 0 1
0 1 1 1 1 0 1 0 0 1
0 0 1 0 1 0 1 1 1 1
0 0 1 1 1 0 0 0 0 0
Maze 34
87 121 2.9491525424 2.3199300170 50 0.359181110555469
49 24 94 80 49 10 9 23 71 41 50 40 45 20 88 49
44 400 74 79 9 400 3 21 400 400 400 35 15 18 48
401 400 402 401 402 400 402 402 400 400 400 402 402 402 402
0 0 1 1 1 1 1 1 1 1
0 0 1 0 1 1 1 1 1 1
1 1 1 1 1 0 0 1 1 0
1 0 0 1 1 1 1 1 1 1
1 1 1 1 1 1 1 1 2 1
1 0 0 1 0 0 0 1 1 0
1 0 0 1 0 0 0 1 1 0
1 0 0 1 1 1 1 1 1 1
0 0 0 1 0 0 0 1 0 0
0 0 0 1 0 0 0 0 0 0
Maze 35
101 39 3.5555555556 1.8079901486 77 0.386884931763804
63 24 49 44 3 84 62 29 14 60 22 42 28 7 82 63
23 44 400 43 83 82 22 24 54 52 400 22 27 2 62
402 401 400 401 401 401 402 401 401 401 400 402 401 402 402
0 1 1 1 1 1 1 0 0 0
0 1 1 1 0 0 1 0 0 0
0 1 1 1 1 1 1 1 1 0
0 1 1 1 0 0 0 0 0 0
0 1 1 1 1 1 1 1 1 0
0 1 1 1 1 1 1 1 1 1
0 1 2 0 0 0 0 0 0 0
0 1 1 0 0 0 0 0 0 0
0 1 1 1 0 0 0 0 0 0
0 0 0 0 0 0 0 0 0 0
Maze 36
87 57 2.7843137255 1.9501561501 50 0.384384135852873
79 48 2 10 88 19 40 40 16 4 55 77 12 5 18 79
78 42 400 8 18 39 400 36 14 54 75 72 2 15 78
401 401 400 402 402 401 400 401 401 401 401 401 402 401 401
0 1 1 1 1 1 1 1 1 1
0 1 0 1 1 1 1 1 1 0
0 1 0 1 0 1 0 1 1 0
0 1 0 1 0 1 1 1 1 1
0 1 1 1 1 1 1 1 0 0
0 1 0 1 1 0 0 1 0 0
0 1 0 0 1 0 0 1 0 0
0 1 1 1 1 1 1 1 2 0
0 0 0 0 0 0 0 1 0 0
0 0 0 0 0 0 0 0 0 0
Maze 37
87 23 3.0212765957 1.9501561501 50 0.387698786115089
70 16 29 18 3 24 93 32 13 22 44 33 69 98 13 70
66 26 28 13 23 23 92 12 12 42 43 63 68 93 63
401 401 401 401 401 402 401 402 402 401 401 401 402 401 401
0 0 1 0 0 0 0 0 0 0
0 1 1 1 1 1 1 1 0 0
0 1 1 1 0 1 1 1 1 0
0 1 1 0 0 1 0 0 0 0
0 1 1 1 0 1 0 0 0 0
0 1 1 0 0 1 0 0 0 0
0 1 1 1 1 1 1 1 1 2
0 1 1 0 0 0 0 1 0 0
0 1 1 0 0 0 0 1 0 0
0 1 1 1 1 1 1 1 0 0
Maze 38
77 7 3.0416666667 2.1768188456 30 0.412563617220360
34 43 81 12 58 87 27 59 98 67 79 95 54 22 16 34
33 41 11 52 57 400 57 58 97 77 75 94 52 12 14
402 402 402 401 402 400 401 402 401 401 402 401 401 402 402
0 0 0 0 0 0 0 0 0 0
1 1 1 1 1 1 0 0 0 0
1 1 0 1 0 0 1 0 0 0
1 1 1 2 0 0 1 0 0 0
1 1 1 0 0 0 1 0 0 0
1 1 1 1 1 1 1 1 1 0
1 0 0 1 0 0 1 1 0 0
1 0 0 1 1 1 1 1 1 0
1 0 0 1 1 0 1 1 0 0
0 0 0 1 1 0 1 1 0 0
Maze 39
95 91 3.3023255814 1.9687500000 71 0.410262516316905
56 5 81 33 45 81 21 52 5 39 47 21 37 67 8 56
55 1 31 43 41 400 51 2 35 37 41 31 400 7 6
401 402 402 401 402 400 401 402 401 402 401 401 400 402 402
1 1 1 1 1 1 1 1 0 0
1 1 0 0 1 1 1 0 0 0
1 1 0 0 1 1 1 0 0 0
1 1 1 1 1 1 1 1 1 0
1 1 1 1 1 1 1 0 0 0
1 1 0 0 1 2 1 0 0 0
1 0 0 0 0 0 1 0 0 0
1 0 0 0 0 0 0 0 0 0
1 0 0 0 0 0 0 0 0 0
0 0 0 0 0 0 0 0 0 0
Maze 40
113 70 3.0169491525 1.9780697479 77 0.378011970780294
16 11 98 39 76 100 8 59 30 10 96 10 53 26 8 16
400 91 38 36 96 98 58 29 400 6 6 3 23 6 6
400 401 402 402 401 401 401 402 400 402 402 402 402 402 402
0 0 1 1 1 1 1 1 1 1
1 1 1 1 1 2 0 1 0 1
1 0 1 1 1 1 0 1 1 1
1 0 1 0 0 1 1 1 1 0
1 0 1 0 0 1 0 1 1 0
1 0 1 0 0 1 0 1 1 0
1 0 0 0 0 1 0 1 0 0
1 0 0 0 0 1 0 1 0 0
1 0 0 0 0 1 0 1 0 0
1 1 1 1 1 1 1 1 1 1
Maze 41
101 4995 3.3818181818 2.1587942072 84 0.397896376884600
14 26 3 55 8 79 46 85 19 87 34 69 74 52 58 14
24 23 53 5 78 76 45 15 17 84 64 64 72 400 54
401 401 401 402 401 401 402 402 402 401 401 402 401 400 401
0 0 1 0 1 1 1 1 0 0
0 0 1 2 1 1 1 1 1 0
0 0 1 1 1 1 1 1 0 0
0 0 1 1 1 0 1 1 0 0
0 0 1 1 1 1 1 1 0 0
0 1 1 1 1 1 1 1 0 0
0 1 0 1 1 1 1 1 1 0
0 1 1 1 1 1 1 1 1 0
0 0 0 1 1 1 1 0 0 0
0 0 0 0 0 0 0 0 0 0
Maze 42
99 44 3.5000000000 2.1279500364 64 0.378572013981313
37 71 23 85 43 61 28 63 2 41 7 62 73 78 58 37
31 21 83 83 41 21 23 62 1 1 2 72 400 400 57
402 402 401 401 402 402 402 401 402 402 402 401 400 400 401
1 1 1 1 1 1 1 0 0 0
1 1 0 0 0 0 0 0 0 0
1 1 1 1 1 1 1 1 0 0
1 1 1 1 1 1 2 0 0 0
1 1 1 0 0 0 1 0 0 0
1 1 1 0 0 0 1 1 0 0
1 1 1 0 0 0 0 1 0 0
1 1 1 1 1 1 1 1 0 0
0 0 1 1 1 0 0 0 0 0
0 0 0 0 0 0 0 0 0 0
Maze 43
105 393 3.2413793103 2.1034755332 112 0.383667509880857
23 42 90 31 50 96 18 38 35 80 44 35 33 62 78 23
22 82 81 41 46 16 400 400 75 74 34 400 32 72 73
402 401 401 401 402 402 400 400 401 401 402 400 402 401 401
0 0 0 0 0 0 0 0 0 0
0 0 0 0 0 1 1 1 0 0
0 1 2 0 0 1 0 1 0 0
1 1 1 1 1 1 1 1 0 0
1 1 1 1 1 1 1 1 1 1
1 1 1 1 1 1 0 0 0 0
1 1 1 1 1 1 0 0 0 0
1 1 1 1 1 1 1 1 1 1
1 1 1 1 1 1 1 1 1 1
0 0 0 0 0 1 0 0 0 0
Maze 44
83 73 3.0000000000 2.2752115313 19 0.362613174525704
2 83 72 54 28 10 11 73 46 4 4 37 88 79 27 2
82 82 52 24 8 1 71 43 44 400 34 87 78 77 22
401 401 402 402 402 402 401 402 401 400 401 401 402 401 401
1 2 1 1 1 1 1 1 1 1
1 1 0 1 0 0 0 1 0 0
1 1 1 1 1 1 1 1 0 0
1 1 0 1 1 1 1 0 0 0
1 1 1 1 1 1 1 0 0 0
1 1 1 1 0 0 1 0 0 0
1 1 1 0 0 0 1 0 0 0
1 1 1 0 0 0 1 1 1 0
0 1 1 0 0 0 1 1 0 0
0 0 0 0 0 0 0 0 0 0
Maze 45
89 116 2.7857142857 2.2007686967 45 0.409878306230548
40 89 74 44 81 69 86 50 79 72 67 24 9 57 30 40
39 84 400 41 61 66 46 49 400 62 64 4 7 27 400
402 401 400 402 402 402 402 402 400 402 401 402 402 402 400
0 0 0 1 1 1 1 1 1 0
0 0 0 1 0 0 1 0 0 0
0 0 0 1 0 0 1 1 1 1
0 0 0 1 0 0 1 0 1 2
1 1 1 1 0 1 1 1 1 1
1 0 0 1 0 1 1 0 1 0
1 1 1 1 1 1 1 1 1 0
1 1 1 1 1 1 1 1 1 0
1 0 0 1 1 1 1 1 1 0
0 0 0 0 0 0 0 0 0 0
Maze 46
113 1765 3.5185185185 2.0429291191 120 0.389110986289703
66 17 84 15 24 89 38 96 5 86 50 15 57 8 73 66
16 14 14 14 84 88 36 95 85 46 45 55 7 3 63
402 402 402 402 401 401 402 401 401 402 401 401 402 402 402
0 0 1 1 1 1 1 1 0 0
0 0 1 1 1 1 1 0 0 0
0 0 1 1 1 1 1 0 0 0
0 0 1 1 1 1 1 1 0 0
0 0 1 1 1 1 1 1 1 1
0 0 1 1 1 1 1 1 0 0
0 0 1 1 1 2 0 1 0 0
0 0 1 1 1 1 0 1 0 0
0 0 0 1 1 1 1 1 1 0
0 0 0 0 1 1 0 0 0 0
Maze 47
101 177 3.0491803279 2.1857791348 59 0.386435017074893
32 16 58 60 14 74 85 98 50 93 73 6 39 64 90 32
12 56 400 54 400 84 95 48 43 400 3 36 34 84 82
402 401 400 401 400 401 401 402 402 400 402 401 402 401 401
0 0 1 1 1 1 0 0 0 0
0 1 1 1 1 1 0 0 0 0
0 1 1 1 0 1 0 0 0 0
0 2 1 1 1 1 1 1 1 0
0 1 1 1 1 1 1 1 1 1
0 1 1 1 1 1 1 1 1 1
0 1 1 1 0 0 0 1 0 0
0 1 1 1 0 0 0 1 0 0
0 1 1 1 1 1 1 1 1 1
0 0 1 0 1 1 1 1 0 0
Maze 48
105 41 3.2692307692 1.9283672442 97 0.387516942236791
18 14 48 90 96 60 93 58 61 99 63 86 94 87 73 18
400 44 88 86 56 53 53 51 91 93 83 84 84 83 13
400 401 401 402 402 402 402 402 401 401 401 402 402 401 402
0 0 0 0 0 0 0 0 0 0
0 0 1 1 1 1 1 2 0 0
0 0 1 1 0 0 0 0 0 0
0 0 1 1 0 0 0 0 0 0
0 0 1 1 1 1 1 1 0 0
1 1 1 1 1 1 1 1 1 1
1 0 1 0 0 1 0 1 0 0
1 0 1 0 0 1 0 1 0 0
1 0 1 1 1 1 1 1 1 1
1 1 1 1 1 1 1 1 1 0
Maze 49
93 937 3.1228070175 2.2734740199 41 0.385282245395084
97 96 46 79 25 32 67 35 24 89 97 63 1 53 40 97
400 400 76 75 22 62 65 34 84 87 93 61 51 33 37
400 400 401 401 402 401 401 401 401 402 401 401 401 402 402
1 0 0 0 0 0 0 0 0 0
1 0 0 0 0 0 0 0 0 0
1 1 1 1 1 0 0 0 0 0
1 1 1 1 1 1 1 1 1 1
1 1 1 1 1 1 1 0 0 0
1 1 1 1 1 1 1 0 0 0
1 1 1 1 1 1 1 0 0 0
0 0 1 1 1 1 1 1 1 0
0 0 1 1 1 1 1 1 1 0
0 0 1 1 1 1 2 0 0 0
Maze 50
83 916 3.1020408163 2.1850306080 35 0.387691145682229
33 76 87 72 27 45 67 88 21 22 37 37 41 47 95 33
73 86 82 22 25 65 87 81 400 32 400 31 400 45 93
401 401 401 402 402 401 401 401 400 401 400 402 400 402 401
0 0 0 0 0 0 0 0 0 0
0 0 0 0 0 0 0 0 0 0
1 1 1 1 1 1 1 0 0 0
1 1 2 1 1 1 1 0 0 0
1 1 1 1 1 1 1 0 0 0
1 1 1 0 1 0 0 0 0 0
1 1 1 0 1 1 1 0 0 0
1 1 1 1 1 1 1 0 0 0
1 1 1 1 1 1 1 1 0 0
0 0 1 1 1 0 0 0 0 0
Maze 51
93 9 3.0188679245 2.1434809406 39 0.401614578260823
10 6 52 23 11 49 54 67 12 60 50 38 48 71 20 10
400 2 22 21 41 44 64 62 52 400 48 400 41 11 400
400 402 402 401 401 402 401 401 401 400 401 400 402 402 400
0 1 1 1 1 1 1 1 1 2
1 1 1 1 1 1 1 1 1 1
1 1 1 0 0 0 0 0 0 0
1 1 0 0 0 0 0 1 0 0
1 1 1 1 1 1 1 1 1 1
1 1 1 1 1 1 1 1 1 1
1 1 1 1 1 1 1 0 0 0
1 0 0 0 0 0 0 0 0 0
0 0 0 0 0 0 0 0 0 0
0 0 0 0 0 0 0 0 0 0
Maze 52
81 68 3.1739130435 2.0685146398 25 0.391242514422441
86 74 83 85 49 71 85 79 52 12 37 55 40 46 59 86
84 73 400 45 41 81 75 72 400 32 35 35 36 56 56
401 402 400 402 402 401 402 401 400 401 402 402 402 401 402
0 0 0 0 0 0 0 0 0 0
0 1 0 0 0 0 0 0 0 0
0 1 0 0 0 0 0 0 0 0
0 1 1 1 1 1 1 1 1 1
1 1 1 1 1 1 1 1 1 0
1 1 0 0 1 1 1 1 1 0
1 1 0 0 1 1 0 0 0 0
1 1 1 1 1 1 1 1 1 0
1 1 1 1 1 2 0 0 0 0
0 0 0 0 0 0 0 0 0 0
Maze 53
109 17 3.1935483871 2.1879236119 98 0.373513855764752
89 38 100 32 6 27 1 42 4 2 20 62 26 49 43 89
88 98 92 2 26 21 41 2 400 12 12 22 46 400 83
401 401 401 402 401 401 401 402 400 401 402 402 401 400 401
1 1 1 1 1 1 0 0 0 0
1 1 1 1 1 1 1 1 1 1
1 1 1 1 1 1 1 0 0 0
1 1 0 0 0 1 0 1 0 0
1 1 1 1 1 1 1 1 1 0
0 1 1 0 0 0 0 1 0 0
0 1 1 0 0 0 0 1 0 0
0 1 1 0 0 0 0 1 0 0
0 1 1 1 1 1 1 1 2 0
0 1 1 1 1 1 1 1 1 1
Maze 54
97 187 3.4000000000 2.0194087953 77 0.371225893451664
66 32 59 58 87 7 28 64 66 13 11 10 82 6 47 66
62 52 400 57 400 27 24 400 63 400 1 2 2 46 46
401 401 400 402 400 401 402 400 401 400 402 402 402 401 402
1 1 1 1 1 1 1 1 1 1
1 1 1 0 0 1 1 0 0 0
0 1 1 1 1 1 1 1 0 0
0 1 1 1 0 1 1 0 0 0
0 1 1 1 0 1 1 0 0 0
0 1 1 1 1 1 1 1 1 0
0 1 1 1 1 2 1 0 0 0
0 1 0 0 0 0 1 0 0 0
0 1 0 0 0 0 1 0 0 0
0 0 0 0 0 0 0 0 0 0
Maze 55
147 103 3.5000000000 2.0628228169 255 0.394578345067240
10 92 47 35 90 45 33 80 96 32 94 18 79 1 92 10
2 42 45 85 85 43 73 76 92 92 14 78 71 91 2
402 402 401 401 401 401 401 402 401 401 402 401 401 401 402
1 1 1 1 1 1 1 1 1 2
1 1 0 1 1 1 1 1 0 0
1 1 0 1 0 0 0 1 0 0
1 1 1 1 1 0 0 1 0 0
1 1 1 1 1 1 1 1 0 0
1 1 1 1 1 0 0 1 0 0
1 1 1 1 1 0 0 1 0 0
1 1 1 1 1 1 1 1 1 1
1 1 0 1 1 1 1 1 1 1
1 1 1 1 1 1 0 0 0 0
Maze 56
89 93 2.9803921569 2.2203940849 45 0.389305749094758
4 61 45 76 62 78 45 81 42 41 90 60 52 62 93 4
1 41 75 72 72 75 41 41 400 81 400 400 400 92 3
402 402 401 401 401 401 402 402 400 401 400 400 400 401 402
1 1 1 2 0 0 0 0 0 0
1 0 1 0 0 0 0 0 0 0
1 0 1 0 0 0 0 0 0 0
1 0 1 0 0 0 0 0 0 0
1 1 1 1 1 0 0 0 0 0
1 1 1 1 1 1 1 1 1 1
1 1 1 0 1 0 0 0 0 1
1 1 1 1 1 1 1 1 0 1
1 1 1 1 1 1 1 1 1 1
0 1 1 0 0 0 0 0 0 0
Maze 57
85 85 2.7777777778 2.1418479094 56 0.382619358628107
65 29 32 9 88 85 95 64 43 54 28 71 45 58 38 65
25 22 2 8 400 400 94 63 53 24 21 41 55 400 35
402 402 402 402 400 400 401 401 401 402 402 402 401 400 402
0 1 1 1 1 1 1 1 1 0
0 1 0 0 0 0 0 1 0 0
1 1 1 1 1 1 1 1 1 0
1 1 0 1 1 1 1 1 0 0
1 1 1 1 1 0 0 1 0 0
1 0 1 1 1 1 1 1 0 0
1 0 1 1 2 0 0 1 0 0
1 0 0 1 0 0 0 1 0 0
0 0 0 1 1 1 1 1 0 0
0 0 0 1 1 0 0 0 0 0
Maze 58
83 86 3.0416666667 2.2121281637 30 0.361344038898348
97 19 25 41 54 47 27 54 34 73 46 39 46 64 11 97
17 15 21 51 44 400 24 400 33 43 36 36 44 61 91
402 402 402 401 402 400 402 400 402 402 402 402 402 401 401
0 0 0 0 0 0 0 0 0 0
1 0 0 0 1 1 1 1 1 0
1 1 1 1 1 1 1 0 0 0
1 0 1 1 0 1 1 1 1 0
1 0 1 1 1 1 1 0 0 0
1 1 1 1 0 0 1 0 0 0
1 1 1 1 0 0 1 0 0 0
1 0 1 0 0 0 1 0 0 0
1 0 0 0 0 0 1 0 0 0
1 1 1 1 1 1 2 0 0 0
Maze 59
91 310 2.5757575758 2.4604849890 50 0.378701846619301
97 36 15 33 13 100 50 29 35 78 22 6 66 70 30 97
96 35 13 400 93 400 49 25 75 72 2 400 400 400 27
401 401 402 400 401 400 401 402 401 401 402 400 400 400 402
0 1 1 1 1 1 0 0 0 0
0 1 1 1 1 1 0 0 0 0
0 1 1 0 1 1 1 1 1 1
0 1 1 0 1 1 1 0 1 1
0 1 1 0 1 1 1 0 1 1
0 1 1 0 1 1 1 0 0 1
0 1 1 0 1 1 1 1 1 1
0 1 1 1 1 1 1 1 0 1
0 0 1 0 0 1 1 0 0 1
0 0 1 1 1 1 2 1 1 1
Maze 60
77 9 2.8076923077 2.3430865111 30 0.363654428628220
65 97 79 88 51 12 23 46 20 16 30 51 23 5 64 65
95 77 78 81 11 22 43 16 400 26 21 21 3 4 400
401 402 402 401 402 401 401 402 400 401 402 402 402 402 400
0 0 1 1 1 0 0 0 0 0
1 1 1 1 0 1 1 1 1 1
1 1 1 1 1 1 1 1 1 1
1 0 1 1 0 1 0 0 0 0
1 0 1 1 1 1 0 0 0 0
1 0 0 1 0 0 0 0 0 0
1 0 0 1 2 0 0 0 0 0
1 0 0 0 1 0 1 1 1 0
1 1 1 1 1 1 1 1 0 0
0 0 0 0 1 1 1 0 0 0
Maze 61
99 563 3.2592592593 2.1611569762 77 0.369648031722867
15 78 20 38 45 33 7 71 67 69 34 20 25 33 81 15
75 18 18 35 43 3 1 61 400 64 14 15 23 31 11
401 402 402 402 401 402 402 402 400 401 402 402 402 402 402
1 1 1 1 1 1 1 0 0 0
1 1 1 1 2 1 1 1 1 1
1 0 1 1 1 0 0 1 0 0
1 1 1 1 1 1 1 1 0 0
1 0 1 1 1 0 0 1 0 0
1 0 0 1 1 0 0 1 0 0
1 1 1 1 1 1 1 1 1 0
1 0 0 0 1 1 1 1 0 0
1 0 0 0 0 0 0 0 0 0
0 0 0 0 0 0 0 0 0 0
Maze 62
81 36 3.5714285714 2.0663452372 23 0.395966312257413
73 15 94 94 14 42 35 3 39 46 57 86 72 27 43 73
13 14 400 400 12 32 33 33 36 56 56 82 22 23 400
402 402 400 400 402 402 401 401 402 401 402 401 402 402 400
0 0 1 0 0 0 0 0 0 0
0 1 1 1 1 0 0 0 0 0
0 1 1 1 1 1 1 0 0 0
0 1 1 1 1 1 1 1 1 0
0 1 1 1 0 1 0 0 0 0
0 1 1 1 0 1 1 0 0 0
0 1 1 1 0 1 0 0 0 0
0 1 2 1 0 1 0 0 0 0
0 1 1 1 1 1 0 0 0 0
0 0 0 1 0 0 0 0 0 0
Maze 63
97 45 2.6956521739 2.4240003922 70 0.387178396281550
90 74 84 32 91 85 63 69 50 42 25 63 97 91 10 90
84 400 82 31 81 83 400 49 400 22 23 93 400 1 400
401 400 401 402 402 401 400 402 400 402 402 401 400 402 400
1 1 1 1 1 1 1 1 1 1
1 0 0 0 0 0 0 0 0 1
1 1 1 1 1 0 0 0 0 1
1 1 1 0 0 0 0 0 0 1
1 1 1 1 1 1 1 1 1 1
1 1 1 0 0 0 0 0 1 1
1 1 1 1 1 1 1 1 1 1
1 1 1 1 0 0 0 0 0 1
1 1 1 1 1 1 1 1 1 2
1 1 1 1 1 1 1 0 0 0
Maze 64
89 903 2.6774193548 2.3051214655 56 0.372275377343734
54 63 76 97 78 7 44 68 26 33 78 60 90 1 47 54
53 73 96 77 77 4 64 66 23 73 58 400 81 41 44
402 401 401 402 401 402 401 401 402 401 402 400 401 401 402
1 0 0 1 1 1 1 0 0 0
1 0 0 1 0 0 1 0 0 0
1 0 1 1 1 1 1 0 0 0
1 0 1 1 0 1 1 0 0 0
1 1 1 1 1 1 1 0 0 0
1 0 1 2 0 1 1 1 1 1
1 0 1 1 1 1 1 1 0 1
1 0 1 1 1 1 1 1 0 1
1 1 1 1 1 1 1 1 1 1
0 0 0 0 0 1 1 0 0 0
Maze 65
101 22 3.0819672131 2.2766398377 65 0.373512454398272
76 51 29 24 50 90 20 13 10 16 70 73 78 26 79 76
71 21 400 44 400 400 400 3 6 66 63 400 76 76 400
401 402 400 401 400 400 400 402 402 401 402 400 401 401 400
0 0 1 1 1 1 1 1 1 1
0 0 1 1 1 1 1 1 1 1
1 1 1 1 1 1 1 1 1 1
1 0 0 1 0 1 0 0 0 1
1 0 0 1 1 1 1 1 1 1
1 0 0 0 0 1 0 0 0 1
1 0 1 1 1 1 1 1 1 1
1 1 1 1 1 2 1 1 1 1
0 0 0 0 0 0 0 0 0 1
0 0 0 0 0 0 0 0 0 0
Maze 66
105 99 3.3793103448 2.2247973902 112 0.381160820216873
51 50 64 22 39 57 92 6 9 2 69 67 73 77 27 51
41 44 62 32 37 52 2 400 400 62 400 63 400 400 21
402 402 401 401 402 402 402 400 400 401 400 402 400 400 402
0 1 1 1 1 1 1 1 1 0
0 1 0 0 0 0 0 0 0 0
1 1 1 1 1 1 1 0 0 0
1 1 1 1 1 1 1 1 1 0
1 1 1 1 1 1 1 1 1 1
2 1 1 1 1 1 1 0 0 0
0 1 1 1 1 1 1 1 1 0
0 1 1 1 1 1 1 0 0 0
0 1 0 0 0 0 0 0 0 0
0 1 0 0 0 0 0 0 0 0
Maze 67
97 116 3.5609756098 1.7849626873 60 0.385177201275969
15 50 12 77 47 46 94 64 18 62 24 67 72 34 18 15
45 42 72 400 400 44 400 14 12 22 64 62 32 14 400
401 401 401 400 400 402 400 402 402 402 401 402 402 402 400
0 0 0 0 0 0 0 0 0 0
0 1 1 1 2 1 1 1 0 0
0 1 1 1 1 0 0 0 0 0
0 1 1 1 1 0 0 0 0 0
0 1 1 1 1 1 1 1 1 1
0 1 0 1 0 0 1 0 0 0
0 1 1 1 1 1 1 0 0 0
0 1 1 1 1 1 1 0 0 0
0 0 0 1 0 0 0 0 0 0
0 0 0 1 0 0 0 0 0 0
Maze 68
107 80 2.9565217391 2.3103525418 112 0.387356541772021
92 45 17 81 50 87 27 95 83 80 38 8 63 52 24 92
42 15 11 41 47 400 25 93 73 78 400 3 62 22 22
402 402 402 402 402 400 402 401 402 401 400 402 401 402 402
0 0 1 1 1 1 1 1 0 0
1 1 1 1 1 1 1 1 0 0
1 1 1 1 1 1 1 1 0 0
1 1 1 0 1 0 1 1 0 0
1 1 1 1 1 1 1 1 1 1
1 1 1 0 1 0 1 1 0 0
1 1 1 0 1 0 1 1 0 0
1 1 1 1 1 1 1 1 1 1
1 1 1 0 1 0 1 0 0 0
0 2 1 1 1 0 0 0 0 0
Maze 69
115 880 3.2131147541 2.0382271704 141 0.380722072763688
71 71 78 20 21 96 20 76 78 4 3 57 94 49 12 71
400 400 18 11 91 16 16 400 74 400 53 54 44 42 11
400 400 402 402 401 402 402 400 401 400 401 402 402 401 402
0 0 1 1 0 0 0 0 0 0
1 1 1 1 1 1 1 1 1 1
1 1 1 1 0 1 0 1 0 0
1 1 1 1 0 1 0 1 0 0
1 1 1 1 1 1 1 1 1 0
1 0 1 1 1 1 1 1 0 0
1 0 0 1 0 1 0 1 0 0
2 1 1 1 1 1 1 1 0 0
1 0 0 1 0 1 0 0 0 0
1 1 1 1 1 1 0 0 0 0
Maze 70
81 10 2.7200000000 2.0340585928 35 0.389604553607615
33 48 40 39 70 46 88 76 28 96 82 29 37 76 78 33
43 38 400 69 66 86 86 26 26 92 22 27 36 400 73
401 402 400 401 401 401 401 402 402 401 402 402 402 400 401
0 0 0 0 0 0 0 0 0 0
0 0 0 0 0 0 0 0 0 0
0 1 1 1 1 1 1 1 1 0
0 1 2 0 0 1 1 1 1 1
0 1 1 1 1 1 1 1 1 0
0 1 1 0 0 1 0 0 1 0
0 1 1 0 0 1 1 1 1 1
0 1 1 1 1 1 1 1 0 0
0 1 0 0 0 1 1 1 0 0
0 1 1 1 1 1 0 0 0 0
Maze 71
93 260 2.5714285714 2.2665805430 50 0.379582816107794
83 91 88 17 91 84 74 97 85 9 78 65 49 20 84 83
81 81 87 11 81 400 94 95 5 8 75 45 19 14 400
402 402 401 402 402 400 401 401 402 402 401 402 402 402 400
0 0 0 0 1 1 1 1 1 0
1 1 1 1 1 1 1 1 1 1
1 0 0 1 1 0 1 1 1 0
1 0 0 1 1 0 1 1 1 0
1 0 0 1 1 1 1 1 1 0
1 0 0 1 1 0 1 1 0 0
1 0 0 1 1 0 1 1 0 0
1 0 0 1 1 1 1 1 0 0
1 1 2 1 1 1 1 1 0 0
1 0 0 1 1 1 1 0 0 0
Maze 72
105 113 2.7826086957 2.3840242723 90 0.363740249491658
94 21 31 97 9 89 48 6 57 51 6 33 21 75 36 94
91 400 91 7 400 88 46 56 400 1 3 31 71 35 34
401 400 401 402 400 401 401 401 400 402 402 401 401 402 402
1 1 1 1 1 1 1 1 1 0
1 0 1 0 0 1 1 0 1 0
1 0 1 0 0 1 1 0 1 0
1 1 1 1 1 1 1 0 1 0
1 0 0 1 1 1 1 1 1 0
1 1 1 1 1 1 1 1 1 0
1 0 0 1 1 0 1 1 1 0
1 1 1 1 1 0 1 1 1 0
1 0 0 1 0 0 1 1 1 0
1 1 1 2 1 1 1 0 0 0
Maze 73
105 233 3.7435897436 1.7570726453 81 0.387055983200903
71 36 21 70 51 36 63 70 32 41 95 35 77 74 45 71
31 31 61 61 31 33 400 62 31 91 400 75 400 44 41
402 401 401 401 402 402 400 401 402 401 400 401 400 402 402
0 0 0 0 0 0 0 0 0 0
0 0 0 0 0 0 0 0 0 0
1 0 0 0 0 0 0 0 0 0
1 1 1 1 1 1 0 0 0 0
1 1 1 1 1 0 0 0 0 0
1 1 1 1 1 0 0 0 0 0
1 1 1 1 1 1 1 1 1 1
2 0 0 1 1 1 1 0 0 0
1 0 0 0 1 0 0 0 0 0
1 1 1 1 1 0 0 0 0 0
Maze 74
79 64 3.0909090909 2.0755587813 35 0.373103954970409
34 80 36 17 20 76 25 27 87 83 46 27 76 62 45 34
74 76 16 400 16 75 400 400 400 43 26 26 72 42 44
401 401 402 400 402 401 400 400 400 402 402 402 401 402 401
0 0 0 0 0 0 0 0 0 0
0 0 0 0 0 1 1 1 1 1
0 0 0 0 1 1 1 0 0 0
0 0 0 2 1 1 1 0 0 0
0 1 1 1 1 1 1 0 0 0
0 1 1 1 1 1 1 0 0 0
0 1 1 1 1 1 1 0 0 0
0 1 1 1 1 1 1 1 1 1
0 0 1 1 1 1 1 0 0 0
0 0 0 0 0 0 0 0 0 0
Maze 75
99 32 3.8500000000 1.8419015107 65 0.378435006063281
84 58 41 90 79 92 79 24 94 72 41 66 51 86 82 84
54 51 81 89 72 72 74 400 92 71 61 61 81 400 400
402 401 401 401 402 402 401 400 401 401 401 401 401 400 400
0 0 0 0 0 0 0 0 0 0
0 0 0 0 0 0 0 0 0 0
0 0 0 1 0 0 0 0 0 0
0 0 0 1 0 0 0 0 0 0
1 0 0 1 0 0 0 0 0 0
1 1 1 1 1 1 1 1 0 0
1 1 1 1 1 1 0 0 0 0
1 1 1 1 1 1 1 1 1 0
1 1 1 2 1 1 1 1 1 1
0 1 1 1 0 0 0 0 0 0
Maze 76
117 116 3.6734693878 1.9316344280 126 0.386071532865927
98 11 86 24 67 52 85 84 70 81 12 92 36 34 13 98
91 81 84 64 62 82 400 64 61 11 400 32 400 33 93
401 401 401 401 401 401 400 402 402 402 400 402 400 401 401
0 0 0 0 0 0 0 0 0 0
1 1 1 0 0 0 0 0 0 0
1 1 1 1 0 0 0 0 0 0
1 1 1 1 1 1 0 0 0 0
1 1 1 1 0 0 0 0 0 0
1 1 1 1 0 0 0 0 0 0
1 1 1 1 1 1 1 1 1 1
1 1 1 1 0 0 0 0 0 0
1 1 1 1 1 1 0 0 0 0
1 1 1 1 1 1 1 2 0 0
Maze 77
95 38 3.8260869565 2.0708490455 71 0.391362673072021
2 70 65 52 95 33 23 64 36 72 29 36 97 88 26 2
62 400 62 92 93 400 63 34 32 22 26 96 87 86 22
401 400 401 401 401 400 401 402 402 402 402 401 402 401 401
0 2 0 0 0 0 0 0 0 0
0 1 0 0 0 0 0 0 0 0
0 1 1 1 1 1 1 1 1 0
0 1 1 1 1 1 0 0 0 0
0 1 1 1 0 1 0 0 0 0
0 1 1 1 0 1 0 0 0 0
0 1 1 1 1 1 1 1 1 1
0 1 1 0 0 1 0 0 0 0
0 1 1 0 0 1 1 1 0 0
0 1 1 1 1 1 1 0 0 0
Maze 78
99 114 3.2222222222 2.1137200236 59 0.387384081274695
7 20 83 26 32 41 20 39 82 24 54 33 98 30 29 7
17 13 23 22 31 11 19 32 22 400 53 93 28 400 27
401 402 402 402 402 402 402 402 402 400 401 401 402 400 401
0 0 0 0 0 0 2 0 0 0
1 1 1 1 1 1 1 1 1 1
1 1 1 1 1 1 1 1 1 1
1 1 1 1 1 1 1 1 1 0
1 1 1 1 0 0 0 1 0 0
0 1 1 1 0 0 0 1 0 0
0 1 1 0 0 0 0 1 0 0
0 1 1 0 0 0 0 1 0 0
0 1 1 0 0 0 0 1 0 0
0 0 1 1 1 1 1 1 0 0
Maze 79
97 128 4.0000000000 1.8686328133 71 0.389843117800631
94 80 14 88 94 25 60 77 45 73 59 67 76 96 70 94
74 74 84 84 24 55 57 75 43 53 57 66 400 66 64
402 401 401 402 402 401 402 401 402 402 402 402 400 402 402
0 0 0 0 0 0 0 0 0 0
0 0 0 1 0 0 0 0 0 0
0 0 0 1 1 0 0 0 0 0
0 0 0 1 1 0 0 0 0 0
0 0 1 1 1 0 0 0 0 0
0 0 1 1 1 1 1 1 1 1
0 0 1 1 1 1 1 1 1 1
0 0 1 1 1 1 1 1 1 1
0 0 0 1 1 1 1 1 0 0
0 0 0 2 0 1 0 0 0 0
Maze 80
105 213 3.6226415094 2.0550419855 79 0.384251410372693
80 4 22 27 21 7 50 9 75 38 35 6 60 9 74 80
74 2 400 400 1 47 49 5 35 400 5 56 59 4 400
401 402 400 400 402 401 401 402 402 400 402 401 401 402 400
1 1 1 1 1 1 1 1 1 0
1 1 0 1 1 1 1 0 1 0
1 1 1 1 1 1 1 0 1 0
0 0 0 1 1 1 1 1 1 0
0 0 0 1 1 1 1 1 1 1
0 0 0 1 1 1 1 1 1 1
0 0 0 1 1 0 0 0 0 0
0 0 0 1 1 1 1 1 1 2
0 0 0 0 0 0 0 0 0 0
0 0 0 0 0 0 0 0 0 0
Maze 81
103 1144 3.2258064516 2.2790326024 56 0.365543747889701
14 56 22 15 76 33 66 86 10 8 12 91 93 22 89 14
54 52 12 75 73 63 400 6 400 2 11 400 92 82 84
401 401 402 401 401 401 400 402 400 402 402 400 401 401 401
0 1 1 1 1 1 1 1 1 1
1 1 1 2 1 1 0 0 0 0
1 1 0 1 1 1 0 0 0 0
1 1 1 1 1 1 0 0 0 0
1 1 1 1 1 1 0 0 0 0
1 1 1 1 1 1 0 0 0 0
1 1 1 1 1 1 0 0 0 0
1 1 1 1 1 1 0 0 0 0
1 1 1 1 1 1 1 1 1 0
1 1 1 0 0 0 0 0 0 0
Maze 82
81 622 3.0980392157 2.2525737094 30 0.373669988192969
100 36 44 32 48 26 42 74 90 74 67 75 35 15 23 100
96 34 42 42 46 22 72 84 84 64 65 400 400 13 93
401 402 401 401 401 402 401 401 401 402 402 400 400 402 401
0 0 0 0 0 0 0 0 0 0
0 0 1 1 1 0 0 0 0 0
0 1 1 1 1 1 0 0 0 0
0 1 1 1 1 1 0 0 0 0
0 1 1 1 1 1 1 1 0 0
0 1 1 0 1 1 0 0 0 0
0 1 1 1 1 1 1 0 0 0
0 1 1 1 1 1 0 0 0 0
0 0 1 1 1 1 1 1 1 1
0 0 1 1 1 1 1 1 1 2
Maze 83
97 192 3.5744680851 2.0246287017 71 0.389870423751648
69 38 74 100 54 68 23 90 58 64 57 25 60 57 100 69
68 34 94 94 64 63 83 88 54 54 55 55 400 97 99
401 402 401 401 401 401 401 401 402 402 401 401 400 401 401
0 0 0 0 0 0 0 0 0 0
0 0 0 0 0 0 0 0 0 0
0 0 1 0 1 0 0 0 0 0
0 0 1 1 1 1 1 1 0 0
0 0 1 1 1 0 0 1 0 0
0 0 1 1 1 1 1 1 1 1
0 0 1 1 1 1 1 1 2 0
0 0 1 1 0 0 1 1 1 0
0 0 1 1 1 1 1 1 1 1
0 0 0 1 1 1 1 1 1 1
Maze 84
99 15 2.9642857143 2.1196431912 53 0.386712353423026
73 35 42 71 52 96 20 36 17 16 90 83 8 39 2 73
33 32 41 51 92 16 16 16 400 86 400 3 38 32 72
402 402 402 402 401 402 402 402 400 401 400 402 401 401 401
0 1 1 1 1 1 1 1 0 0
0 1 1 0 0 1 1 1 1 1
0 1 1 0 0 1 0 1 0 0
0 1 1 1 1 1 1 1 1 0
1 1 1 0 0 1 0 0 0 0
1 1 1 0 0 1 0 0 0 0
1 1 1 0 0 1 0 0 0 0
1 1 2 0 0 1 0 0 0 0
0 1 1 1 1 1 1 1 1 1
0 1 1 1 1 1 0 0 0 0
Maze 85
109 39 3.2380952381 2.2337259680 92 0.386621379189361
78 83 43 37 9 71 1 99 10 39 95 59 45 25 63 78
73 400 33 7 1 400 91 9 9 35 55 55 400 23 73
402 400 402 402 402 400 401 402 402 402 402 401 400 402 401
1 1 1 1 1 1 1 1 1 1
1 0 0 0 0 0 1 0 1 0
1 0 1 1 1 0 1 0 1 0
1 0 1 1 1 1 1 1 1 0
1 0 1 0 1 0 0 0 1 0
1 0 1 0 1 1 1 1 1 0
1 0 1 0 1 0 0 0 1 0
1 0 1 1 1 1 1 2 1 0
1 0 1 0 1 0 0 0 1 0
1 1 1 1 1 1 1 1 1 0
Maze 86
91 155 3.5652173913 2.1446459614 39 0.394093371181229
19 34 26 79 50 5 98 95 65 78 96 90 4 56 55 19
14 24 76 49 45 95 400 400 75 76 86 84 54 400 15
402 402 401 402 401 401 400 400 401 402 402 401 401 400 402
0 0 0 1 1 0 0 0 0 0
0 0 0 1 1 1 1 1 2 0
0 0 0 1 1 1 0 0 0 0
0 0 0 1 1 1 0 0 0 0
0 0 0 1 1 1 1 1 1 1
0 0 0 1 1 1 0 0 1 0
0 0 0 1 1 1 0 0 1 0
0 0 0 1 1 1 1 1 1 0
0 0 0 1 1 1 1 1 1 1
0 0 0 0 1 1 1 1 0 0
Maze 87
113 30 3.3548387097 2.2620455801 99 0.372768529234846
24 10 89 8 44 43 57 61 29 28 92 51 98 42 94 24
4 9 88 4 400 53 51 21 400 22 91 91 92 92 400
402 402 401 402 400 401 402 402 400 402 401 401 401 401 400
0 0 0 1 1 1 1 1 1 1
0 0 0 1 0 0 0 1 1 0
1 1 1 2 1 1 1 1 1 0
1 1 0 1 0 0 0 1 1 0
1 1 1 1 0 0 0 1 1 0
1 1 1 1 1 1 1 1 1 0
1 1 0 1 0 0 0 1 1 0
1 1 0 1 0 0 0 1 1 0
1 1 0 1 0 0 0 1 1 0
1 1 1 1 1 1 1 1 0 0
Maze 88
83 59 3.0384615385 2.1882144605 22 0.386399894685468
21 19 3 6 18 48 67 55 67 2 96 54 39 55 52 21
11 13 400 16 400 47 65 65 62 92 94 34 35 400 51
402 401 400 401 400 402 401 401 401 401 401 402 402 400 401
0 1 1 1 1 1 0 0 0 0
1 1 1 1 1 1 1 1 1 0
2 1 0 0 0 0 0 1 0 0
1 1 0 1 1 1 1 1 1 0
1 1 0 1 1 0 1 1 0 0
1 1 1 1 1 0 1 0 0 0
0 1 1 1 1 1 1 0 0 0
0 1 0 1 0 0 0 0 0 0
0 1 0 1 0 0 0 0 0 0
0 1 1 1 1 1 0 0 0 0
Maze 89
93 188 2.9180327869 2.3209182322 36 0.400159975838453
31 4 6 10 77 46 63 68 80 92 85 86 14 99 16 31
1 400 400 7 76 43 400 78 72 82 400 84 94 96 11
402 400 400 402 401 402 400 401 402 402 400 401 401 401 402
1 1 1 1 1 1 1 1 1 1
1 1 1 1 1 1 1 0 0 0
1 0 0 1 0 1 1 0 0 0
2 0 0 1 0 1 1 0 0 0
0 0 1 1 1 1 1 0 0 0
0 0 1 1 0 1 1 0 0 0
0 0 1 1 1 1 1 1 0 0
0 1 1 1 1 1 1 1 1 1
0 1 1 1 1 1 0 0 0 0
0 1 0 1 1 1 1 1 1 0
Maze 90
99 1631 3.2758620690 2.2249684459 66 0.395831510830484
76 47 8 92 3 15 46 87 62 56 35 98 34 38 31 76
46 7 2 2 13 45 86 82 52 55 95 94 400 400 71
402 402 402 402 401 401 401 401 402 401 401 401 400 400 401
0 1 1 1 1 1 1 1 0 0
0 1 1 1 1 0 1 0 0 0
0 1 0 0 1 0 1 0 0 0
1 1 1 1 1 1 1 1 0 0
1 1 0 1 1 1 1 0 0 0
1 1 1 1 1 1 0 0 0 0
1 1 0 1 1 1 0 0 0 0
1 1 1 1 1 2 0 0 0 0
0 1 1 1 1 1 1 0 0 0
0 1 0 1 1 1 1 1 0 0
Maze 91
105 180 3.2142857143 2.0611736348 98 0.392274981555303
10 14 17 63 62 6 42 69 17 92 45 73 11 39 48 10
4 400 13 400 2 2 62 67 12 42 43 71 31 38 8
402 400 402 400 402 402 401 401 402 402 402 401 401 402 402
0 1 1 1 1 1 1 1 1 2
1 1 1 1 1 1 1 1 0 0
1 1 1 0 0 0 1 1 0 0
1 1 1 1 1 1 1 1 1 0
1 1 1 1 1 0 1 1 0 0
1 1 1 0 0 0 1 0 0 0
1 1 1 1 1 1 1 1 1 0
1 1 1 0 0 0 0 0 0 0
0 1 0 0 0 0 0 0 0 0
0 1 0 0 0 0 0 0 0 0
Maze 92
93 21 3.0943396226 2.1359106386 36 0.395746427733230
89 46 74 47 4 50 98 62 93 32 7 37 44 60 66 89
86 44 44 44 44 48 92 92 92 2 400 34 54 56 86
401 402 402 401 401 402 401 401 401 402 400 402 401 402 401
0 1 1 1 1 1 1 0 0 0
0 1 0 1 0 0 1 0 0 0
0 1 0 1 0 0 1 0 0 0
0 1 0 1 1 1 1 0 0 0
0 1 0 1 1 1 1 1 1 1
0 1 0 1 1 1 1 1 1 1
0 1 0 1 0 1 0 1 0 0
0 1 0 1 0 1 0 1 0 0
0 1 0 0 0 1 1 1 2 0
0 1 1 1 1 1 1 1 0 0
Maze 93
107 453 3.4035087719 2.1022229742 105 0.384248723292898
88 2 22 30 34 59 72 82 62 40 11 5 48 31 14 88
82 400 400 24 54 52 400 400 32 31 1 45 41 11 84
401 400 400 402 401 402 400 400 402 401 402 401 401 402 401
1 1 1 1 1 0 0 0 0 0
1 1 1 1 1 0 0 0 0 0
1 1 1 1 1 1 1 1 1 1
1 1 1 1 1 1 1 1 1 1
1 1 1 1 1 1 1 1 0 0
0 1 1 1 1 1 1 1 1 0
0 1 0 1 0 0 0 0 0 0
0 1 0 1 0 0 0 0 0 0
0 1 1 1 1 1 1 2 0 0
0 0 0 0 0 0 0 0 0 0
Maze 94
93 90 2.8679245283 1.9683736906 40 0.377241059419523
46 72 22 58 88 2 5 14 41 25 59 36 22 97 89 46
42 400 52 400 82 400 4 11 21 55 56 32 92 87 86
402 400 401 400 401 400 402 402 402 401 401 401 401 402 401
0 1 1 1 1 0 0 0 0 0
1 1 1 1 0 0 0 0 0 0
1 1 1 1 1 0 0 0 0 0
1 1 1 1 1 1 0 0 0 0
1 1 1 1 1 2 0 0 0 0
0 1 1 1 1 1 1 1 1 0
0 1 0 0 0 1 0 1 0 0
0 1 0 0 0 1 0 1 0 0
0 1 1 1 1 1 1 1 1 0
0 1 1 1 1 1 1 0 0 0
Maze 95
109 1686 3.4000000000 2.2198899698 85 0.377203091072438
100 14 28 54 79 28 20 86 89 5 100 49 39 56 72 100
94 24 24 74 78 18 16 400 85 95 99 400 36 52 92
401 401 402 401 401 402 402 400 401 401 401 400 402 402 401
0 0 0 0 1 0 0 0 0 0
0 0 0 1 1 1 1 1 1 1
0 0 0 1 1 1 1 1 0 0
0 0 0 1 1 1 1 1 1 0
0 0 0 1 1 1 0 1 1 0
0 1 1 1 1 1 0 1 1 0
0 1 0 1 1 1 0 1 1 0
0 1 0 1 1 1 1 1 1 0
0 1 0 1 1 1 1 1 1 0
0 1 1 1 1 1 1 1 1 2
Maze 96
85 102 3.4761904762 2.0183324481 50 0.387371065984023
42 49 83 58 40 64 27 48 38 57 38 4 40 70 72 42
400 43 53 38 34 24 47 400 37 37 34 34 400 62 400
400 402 402 402 402 402 401 400 402 402 401 401 400 402 400
0 0 0 1 0 0 0 0 0 0
0 0 0 1 0 0 0 0 0 0
0 0 0 1 1 1 1 0 0 0
0 0 0 1 1 1 1 1 1 1
0 2 1 1 1 1 1 1 1 1
0 1 1 1 1 1 1 1 0 1
0 1 1 1 1 1 1 1 1 1
0 1 1 0 0 0 0 0 0 0
0 0 1 0 0 0 0 0 0 0
0 0 0 0 0 0 0 0 0 0
Maze 97
101 21 3.4883720930 1.7669826959 55 0.390314882141348
67 26 18 26 83 67 81 48 54 50 61 28 40 26 83 67
66 16 16 23 63 61 41 44 44 41 21 38 36 23 63
401 402 402 402 402 402 402 402 402 402 402 401 401 402 402
0 0 0 0 0 0 0 0 0 0
0 0 0 0 0 1 1 1 0 0
1 1 1 1 1 1 1 1 0 0
1 0 1 0 0 1 1 1 1 1
1 1 1 1 1 1 1 1 1 1
1 0 1 1 0 1 0 0 0 0
1 1 1 1 1 1 2 0 0 0
1 0 1 0 0 0 0 0 0 0
1 0 1 0 0 0 0 0 0 0
0 0 0 0 0 0 0 0 0 0
Maze 98
111 21 3.2142857143 2.1010616463 90 0.395287443764108
77 81 41 8 82 27 80 73 62 94 88 36 92 34 61 77
71 400 1 2 22 77 400 72 92 84 86 32 32 31 71
402 400 402 402 402 401 400 401 401 402 401 402 402 402 401
1 1 1 1 1 1 1 1 0 0
1 1 0 0 0 0 0 0 0 0
1 1 1 1 1 1 1 0 0 0
1 1 1 1 1 1 1 0 0 0
1 1 0 0 0 1 1 0 0 0
1 1 0 0 0 1 1 0 0 0
1 1 0 0 0 1 1 0 0 0
1 1 1 1 1 1 2 1 1 1
1 1 0 1 1 1 1 1 0 0
0 1 1 1 0 0 0 0 0 0
Maze 99
105 122 3.7959183673 2.0722518016 81 0.382379909727480
87 85 14 98 75 23 87 45 84 45 91 31 37 2 79 87
400 84 94 95 73 83 85 44 44 41 400 400 32 72 77
400 401 401 401 401 401 401 402 402 402 400 400 401 401 402
0 1 0 0 0 0 0 0 0 0
0 1 0 1 0 0 0 0 0 0
0 1 1 1 0 0 0 0 0 0
1 1 1 1 1 1 1 0 0 0
1 1 1 1 1 0 0 0 0 0
1 1 1 1 1 0 0 0 0 0
1 1 1 1 1 0 0 0 0 0
1 1 1 1 1 1 1 1 1 0
1 0 1 1 1 1 2 0 0 0
1 0 0 1 1 1 1 1 0 0
Maze 100
101 175 2.7878787879 2.2641973290 77 0.398947045291521
73 25 41 66 84 52 13 39 74 17 80 10 37 100 66 73
23 21 61 64 82 12 33 34 14 77 400 7 97 96 63
402 402 401 402 401 402 401 402 402 401 400 402 401 401 402
0 0 0 0 0 0 1 1 1 1
0 1 1 1 1 1 1 0 0 1
1 1 1 1 1 0 1 0 0 1
1 1 1 1 1 1 1 1 1 1
1 1 1 1 0 0 1 0 0 1
1 1 1 1 0 0 1 0 0 1
1 1 1 1 1 1 1 0 0 1
0 1 2 1 0 1 1 1 1 1
0 1 1 1 0 1 1 0 0 0
0 0 0 0 0 1 1 1 1 1
Maze 101
83 3 3.7142857143 1.5431775884 35 0.375877675025111
84 89 94 87 89 31 21 68 52 72 68 64 83 32 87 84
400 84 84 400 81 400 61 62 400 62 400 63 82 82 400
400 402 402 400 401 400 401 401 400 402 400 402 401 401 400
0 0 0 0 0 0 0 0 0 0
0 0 0 0 0 0 0 0 0 0
1 0 0 0 0 0 0 0 0 0
1 1 0 0 0 0 0 0 0 0
1 1 0 0 0 0 0 0 0 0
1 1 0 0 0 0 0 0 0 0
1 1 1 1 1 1 1 1 0 0
1 1 1 0 0 0 0 0 0 0
1 1 1 2 1 1 1 1 1 0
0 0 0 1 0 0 0 0 0 0
Maze 102
103 18 2.8059701493 2.2036207679 77 0.363468773084851
77 29 28 72 46 49 22 86 20 29 75 7 41 98 77 77
27 400 22 42 400 42 82 16 19 25 5 1 91 97 400
402 400 402 402 400 401 401 402 402 402 402 402 401 401 400
1 1 1 1 1 1 1 0 0 0
1 0 0 0 1 1 1 1 1 1
1 1 1 1 1 1 1 1 1 0
1 1 0 0 1 1 1 0 0 0
1 1 1 1 1 1 1 1 1 0
1 1 0 0 1 1 1 0 0 0
1 1 0 0 1 1 1 0 0 0
1 1 0 0 1 1 2 0 0 0
1 1 1 1 1 1 1 0 0 0
1 1 1 1 1 1 1 1 0 0
Maze 103
77 1575 3.1555555556 2.0999776797 35 0.367617854054074
23 12 73 45 68 29 4 56 12 5 7 45 41 35 74 23
22 72 43 65 28 24 54 52 2 400 5 400 31 34 73
401 401 402 401 402 401 401 401 402 400 402 400 402 402 401
0 1 1 1 1 1 1 0 0 0
0 1 0 1 1 0 0 0 0 0
0 1 2 1 1 1 1 1 1 0
1 1 1 1 1 0 0 1 0 0
1 1 1 1 1 0 0 1 0 0
0 1 1 1 1 1 0 1 0 0
0 1 1 1 1 1 1 1 0 0
0 1 1 1 0 0 0 0 0 0
0 0 0 0 0 0 0 0 0 0
0 0 0 0 0 0 0 0 0 0
Maze 104
93 88 3.4500000000 1.8067168243 45 0.399648858937625
2 72 41 25 17 43 61 35 11 24 29 74 43 30 51 2
400 71 21 15 13 41 31 31 21 400 24 73 23 21 1
400 401 402 402 402 402 402 401 401 400 402 401 402 402 402
1 2 0 0 0 0 0 0 0 0
1 1 1 1 1 1 1 0 0 0
1 1 1 1 1 1 1 1 1 1
1 1 1 1 1 0 0 0 0 0
1 1 1 1 0 0 0 0 0 0
1 1 1 1 0 0 0 0 0 0
1 1 1 1 0 0 0 0 0 0
1 1 1 1 0 0 0 0 0 0
0 0 0 0 0 0 0 0 0 0
0 0 0 0 0 0 0 0 0 0
Maze 105
93 14 3.1836734694 2.0032876006 39 0.370085657674113
90 78 83 94 91 79 34 82 35 30 39 32 74 3 93 90
88 73 93 400 71 74 32 32 25 29 400 72 73 400 83
401 402 401 400 402 401 402 402 402 402 400 401 401 400 402
0 0 1 0 0 0 0 0 0 0
0 0 1 0 0 0 0 0 0 0
0 0 1 0 1 1 1 1 1 1
0 1 1 1 1 1 1 1 1 0
0 1 1 1 0 0 0 0 0 0
0 1 1 1 0 0 0 0 0 0
0 1 1 1 0 0 0 0 0 0
1 1 1 1 1 1 1 1 1 0
1 1 1 1 1 1 1 1 1 2
1 1 1 1 0 0 0 0 0 0
Maze 106
87 8 2.9090909091 2.2304195997 44 0.387873499003230
24 42 26 5 13 67 53 55 70 66 68 96 11 79 60 24
22 22 25 3 63 63 400 65 400 400 66 91 71 59 54
402 402 401 402 401 401 400 401 400 400 402 401 401 402 401
0 0 1 1 1 0 0 0 0 0
1 0 1 0 1 0 0 0 0 0
1 1 1 2 1 1 0 0 0 0
1 1 1 1 0 0 0 0 0 0
1 1 1 1 0 0 0 0 0 0
1 0 1 1 1 1 1 1 1 1
1 0 1 1 1 1 1 1 1 1
1 1 1 1 1 1 1 1 1 0
1 0 0 0 0 1 0 0 0 0
1 1 1 1 1 1 0 0 0 0
Maze 107
105 248 3.8695652174 1.8821621786 105 0.397711117219436
24 49 70 54 85 12 2 49 93 70 72 38 85 59 25 24
44 69 64 84 82 400 42 43 63 62 32 35 55 55 400
401 401 401 401 401 400 401 402 402 402 402 402 402 401 400
0 1 0 0 0 0 0 0 0 0
0 1 0 0 0 0 0 0 0 0
0 1 0 2 1 0 0 0 0 0
0 1 1 1 1 1 1 1 0 0
0 1 1 1 1 1 1 1 1 0
0 1 1 1 1 1 1 1 1 0
0 1 1 1 1 1 1 1 1 1
0 1 1 1 1 0 0 0 0 0
0 1 1 1 1 0 0 0 0 0
0 0 1 0 0 0 0 0 0 0
Maze 108
97 18 2.8421052632 2.0613539079 71 0.382472121863105
48 10 41 92 66 34 19 31 14 86 20 20 18 64 77 48
8 1 91 62 64 14 11 11 84 16 400 400 14 74 47
402 402 401 402 401 402 402 402 401 402 400 400 402 401 402
1 1 1 1 1 1 1 1 1 1
1 1 1 1 1 1 1 1 1 1
1 0 0 1 0 1 0 1 0 0
1 0 0 1 0 1 0 1 0 0
1 0 0 1 0 1 1 2 0 0
1 0 0 1 0 1 1 0 0 0
1 1 1 1 1 1 1 0 0 0
1 1 0 1 1 1 1 0 0 0
1 1 0 1 1 1 0 0 0 0
1 1 0 0 0 0 0 0 0 0
Maze 109
99 412 3.1111111111 1.9582582717 77 0.376092556837244
49 43 65 25 66 99 20 84 46 78 90 15 20 53 41 49
400 63 400 65 96 19 14 44 76 88 85 400 13 51 400
400 401 400 401 401 402 402 402 401 401 401 400 402 401 400
0 0 0 0 0 0 0 0 0 0
0 0 1 1 1 1 1 1 1 1
0 0 1 1 1 0 0 0 1 0
0 0 1 1 1 0 0 0 1 0
1 1 1 1 1 1 1 1 2 0
1 1 1 1 1 1 0 0 1 0
0 0 1 1 1 1 0 0 1 0
0 0 0 1 1 1 1 1 1 0
0 0 0 1 1 1 1 1 1 1
0 0 0 0 0 1 1 1 1 0
Maze 110
95 570 3.0508474576 2.2410558164 64 0.386802104365283
86 98 23 69 38 65 85 60 49 99 77 35 2 43 10 86
96 93 63 68 35 400 55 59 400 97 75 32 42 3 6
401 401 401 401 402 400 402 401 400 401 401 401 401 402 402
0 1 1 1 1 1 1 1 1 1
0 1 1 0 0 1 0 0 0 0
0 1 1 0 0 1 0 0 0 0
0 1 1 1 1 1 1 1 0 0
0 1 1 0 1 1 0 1 1 0
0 0 1 0 1 1 1 1 1 1
0 0 1 1 1 1 1 1 1 0
0 0 1 0 1 1 1 0 1 0
0 0 1 0 1 2 1 0 1 0
0 0 1 1 1 1 1 1 1 0
Maze 111
119 71 3.6206896552 2.1533417509 140 0.391981589815937
95 16 7 21 91 95 59 13 91 4 5 100 54 40 23 95
15 6 1 400 400 55 53 11 1 400 95 94 34 33 93
402 402 402 400 400 402 401 402 402 400 401 401 402 401 401
1 1 1 1 1 1 1 0 0 0
1 1 1 0 1 1 0 0 0 0
1 0 1 0 1 0 0 0 0 0
1 0 1 1 1 1 1 1 1 1
1 0 1 1 1 0 0 0 0 0
1 0 1 1 1 1 1 1 1 0
1 0 1 1 1 0 0 0 0 0
1 0 1 1 1 0 0 0 0 0
1 0 1 1 1 0 0 0 0 0
1 1 1 1 2 1 1 1 1 1
Maze 112
103 19 3.3658536585 1.6821431113 56 0.383832481282791
60 39 92 19 23 83 12 25 3 23 51 12 25 82 19 60
59 32 12 13 400 82 22 23 400 21 11 22 22 12 59
401 402 402 402 400 401 401 401 400 402 402 401 402 402 401
0 0 1 0 0 0 0 0 0 0
1 1 1 1 1 1 1 1 1 0
1 1 1 1 1 0 0 0 1 0
1 1 1 1 1 1 1 1 1 0
1 1 1 0 0 0 0 0 1 0
1 1 1 0 0 0 0 0 1 2
0 1 1 0 0 0 0 0 0 0
0 1 1 0 0 0 0 0 0 0
0 1 1 0 0 0 0 0 0 0
0 1 0 0 0 0 0 0 0 0
Maze 113
79 68 3.0000000000 1.8815694710 30 0.379133920000547
73 53 86 38 77 11 38 66 11 25 11 31 25 34 53 73
400 83 36 37 71 31 36 61 21 21 400 21 24 33 400
400 401 402 402 401 401 402 401 401 401 400 402 402 402 400
0 0 0 0 0 0 0 0 0 0
1 0 0 0 0 0 0 0 0 0
1 1 1 1 1 0 0 0 0 0
1 1 1 1 1 1 1 1 0 0
1 0 1 0 0 1 1 0 0 0
1 0 1 0 0 1 1 0 0 0
1 1 1 1 1 1 1 0 0 0
1 1 2 1 1 1 1 0 0 0
0 0 1 1 1 1 0 0 0 0
0 0 0 0 0 0 0 0 0 0
Maze 114
99 37 3.8666666667 1.9749164857 66 0.381375327572315
2 92 68 72 60 12 63 49 47 34 13 13 93 89 34 2
400 62 62 52 52 62 43 400 44 33 400 400 83 84 32
400 402 402 402 401 401 402 400 401 401 400 400 402 401 401
0 2 0 0 0 0 0 0 0 0
0 1 1 0 0 0 0 0 0 0
0 1 1 0 0 0 0 0 0 0
0 1 1 1 0 0 0 0 0 0
0 1 1 1 1 1 1 1 1 0
0 1 1 1 1 1 1 1 1 1
0 1 1 1 1 1 1 1 0 0
0 1 1 1 0 0 0 0 0 0
0 1 1 1 1 1 1 1 1 0
0 1 1 0 0 0 0 0 0 0
Maze 115
105 193 3.2244897959 1.9547832338 86 0.387429196774331
85 92 26 83 35 77 97 30 58 71 65 33 88 22 26 85
82 22 23 33 75 400 27 28 51 61 63 83 82 400 25
402 402 402 402 401 400 402 402 402 402 401 401 401 400 402
0 0 0 0 0 0 0 0 0 0
0 0 0 0 0 0 0 0 0 0
0 1 1 1 1 1 1 1 1 1
0 1 1 1 1 0 1 1 0 0
0 1 1 0 1 0 1 1 0 0
1 1 1 1 1 1 1 1 0 0
1 1 1 1 1 0 1 0 0 0
1 1 1 0 1 1 1 0 0 0
0 1 1 1 2 1 1 1 0 0
0 1 0 0 0 0 1 0 0 0
Maze 116
105 191 3.5416666667 1.9587740159 105 0.388744496203884
81 82 26 85 69 63 4 36 21 85 90 35 83 3 27 81
400 22 25 65 400 3 34 31 81 400 85 33 400 23 21
400 402 402 402 400 402 401 401 401 400 401 402 400 401 402
0 0 1 1 0 0 0 0 0 0
0 0 1 1 0 0 0 0 0 0
1 1 1 1 1 1 1 0 0 0
1 1 1 1 1 1 0 0 0 0
1 1 1 0 1 0 0 0 0 0
1 1 1 0 1 0 0 0 0 0
1 1 1 1 1 1 1 1 1 0
1 1 1 0 1 0 0 0 0 0
2 1 1 1 1 1 1 1 1 1
0 0 0 0 0 0 0 0 0 0
Maze 117
93 316 3.1228070175 2.2735971773 45 0.382561654821357
84 66 75 100 4 33 25 77 93 90 18 50 22 56 63 84
64 65 95 94 3 23 75 73 83 88 48 42 52 53 83
402 402 401 401 402 402 401 402 402 401 401 401 401 402 401
0 0 1 1 0 0 0 0 0 0
0 0 1 1 0 0 0 1 0 0
0 1 1 1 1 0 0 1 0 0
0 1 1 1 1 0 0 1 0 0
0 1 1 1 1 1 1 1 1 1
0 1 1 1 1 1 0 1 0 0
0 0 1 1 1 1 0 1 0 0
0 0 1 1 1 1 1 1 0 0
0 0 1 2 1 1 1 1 1 1
0 0 1 1 1 1 1 1 1 1
Maze 118
99 1389 3.3448275862 2.3524627648 50 0.380917833627651
92 24 55 5 100 14 63 66 7 12 62 63 29 18 57 92
22 54 400 95 94 13 400 6 2 400 400 23 28 17 52
402 401 400 401 401 402 400 402 402 400 400 402 401 402 402
0 1 1 1 1 1 1 0 0 0
0 1 1 1 1 1 1 1 0 0
0 1 1 1 1 1 1 1 1 0
0 1 1 1 1 1 1 0 0 0
0 1 1 1 1 1 1 0 0 0
0 1 1 1 1 1 1 0 0 0
0 1 1 1 1 1 0 0 0 0
0 1 0 1 1 0 0 0 0 0
0 1 0 1 1 0 0 0 0 0
0 2 0 1 1 1 1 1 1 1
Maze 119
107 268 3.2363636364 2.0340312028 81 0.392100139095340
22 54 51 30 7 31 16 46 80 85 19 66 92 18 30 22
52 400 21 27 1 11 400 76 75 15 16 62 12 28 400
401 400 402 401 402 402 400 401 402 402 402 402 402 401 400
1 1 1 1 1 1 1 0 0 0
1 1 1 1 1 1 1 1 1 0
1 2 1 1 1 1 1 1 1 1
1 1 0 0 1 1 0 0 0 0
1 1 0 0 1 1 0 0 0 0
1 1 1 1 1 1 0 0 0 0
0 1 1 1 1 1 0 0 0 0
0 1 0 0 1 1 1 1 1 1
0 1 0 0 1 0 0 0 0 0
0 1 0 0 0 0 0 0 0 0
Maze 120
107 105 3.3333333333 2.2337038277 75 0.382085165391917
67 30 66 34 100 3 18 22 12 44 73 46 90 62 27 67
27 26 64 94 93 13 12 400 42 43 43 86 82 22 400
402 402 401 401 401 401 402 400 401 402 402 401 401 402 400
0 0 1 0 0 0 0 0 0 0
0 1 1 1 1 1 1 1 0 0
0 1 1 1 1 1 1 1 1 1
0 1 1 1 0 1 1 0 0 0
0 1 1 1 1 1 1 0 0 0
0 1 1 1 0 1 1 0 0 0
0 1 1 1 1 1 2 0 0 0
0 1 1 1 0 1 0 0 0 0
0 1 1 1 1 1 1 1 1 1
0 0 1 1 1 1 1 1 1 1
Maze 121
127 11368 3.3623188406 2.1855826436 173 0.400477814170114
3 56 2 50 73 59 72 28 80 66 7 99 19 24 71 3
53 52 42 43 53 52 22 78 76 6 97 400 14 21 1
401 401 401 402 402 402 402 401 401 402 401 400 402 402 402
1 1 2 0 0 1 1 0 0 0
1 1 1 1 1 1 1 1 1 0
1 1 1 1 1 1 1 1 1 0
1 1 1 0 0 1 1 1 1 0
1 1 1 1 1 1 1 1 1 1
1 1 1 1 1 1 1 1 1 0
1 1 1 0 0 1 1 1 1 0
1 1 1 0 0 1 1 1 1 1
0 0 0 0 0 0 1 0 1 0
0 0 0 0 0 0 1 1 1 0
Maze 122
89 103 3.0400000000 2.1072514725 44 0.401927563305361
26 43 62 13 55 23 14 75 1 6 77 51 41 82 30 26
23 42 12 53 53 13 74 71 400 76 71 400 81 22 400
402 402 402 401 401 402 401 401 400 401 401 400 401 402 400
1 1 1 1 1 1 0 0 0 0
1 1 1 1 0 1 0 0 0 0
1 1 1 1 1 2 1 1 1 1
1 1 1 1 0 1 0 0 0 0
1 1 1 1 0 1 0 0 0 0
1 1 1 1 1 1 0 0 0 0
1 1 0 1 0 1 0 0 0 0
1 1 1 1 1 1 1 0 0 0
1 1 0 0 0 0 0 0 0 0
0 0 0 0 0 0 0 0 0 0
Maze 123
93 25 3.2000000000 2.2529287279 45 0.367382410667829
94 69 43 29 60 100 50 62 32 81 46 56 24 72 13 94
64 63 23 59 400 400 42 400 31 41 400 54 22 12 93
402 401 402 401 400 400 402 400 402 402 400 401 402 402 401
0 0 0 0 0 0 0 0 0 0
0 1 1 0 0 0 0 0 0 0
0 1 1 1 1 1 1 1 1 0
1 1 1 1 0 0 0 0 1 0
1 1 1 1 1 1 1 1 1 1
1 1 1 1 1 1 0 0 1 1
1 1 1 1 1 1 1 1 1 1
1 1 1 1 0 0 0 0 0 1
1 0 1 1 0 0 0 0 0 1
0 0 1 2 0 0 0 0 0 1
Maze 124
93 33 3.7073170732 1.9627286949 41 0.386934268529626
83 6 35 4 12 39 38 5 27 85 6 37 83 60 93 83
3 5 34 2 32 400 35 25 25 5 36 33 53 53 400
402 402 401 402 401 400 401 401 402 402 401 402 402 402 400
0 1 1 1 1 1 0 0 0 0
0 1 1 1 1 1 0 0 0 0
0 1 1 1 1 1 1 0 0 0
0 1 1 1 1 1 1 1 1 0
0 0 1 0 1 0 0 0 0 0
0 0 1 1 1 1 1 1 1 1
0 0 1 0 1 0 0 0 0 0
0 0 1 0 1 0 0 0 0 0
0 0 2 0 1 0 0 0 0 0
0 0 1 0 0 0 0 0 0 0
Maze 125
91 179 2.7931034483 2.1871286625 45 0.371526785165991
77 43 16 57 10 71 41 44 97 73 67 19 76 96 68 77
73 13 56 7 1 400 400 94 93 63 17 16 400 66 67
401 402 401 402 402 400 400 401 401 402 402 402 400 402 402
1 1 1 1 1 1 1 1 1 1
1 0 1 1 1 1 1 1 1 0
1 0 1 0 0 1 1 0 0 0
1 0 1 0 0 1 1 0 0 0
1 1 1 1 0 1 1 0 0 0
1 0 1 1 0 1 1 0 0 0
1 0 1 1 1 1 1 1 0 0
1 0 1 1 1 1 2 0 0 0
0 0 1 1 0 1 0 0 0 0
0 0 1 1 1 1 1 0 0 0
Maze 126
83 19 2.9795918367 2.1269673984 30 0.388448142294609
4 91 84 75 75 66 15 73 45 39 5 56 20 23 46 4
1 81 74 400 65 65 13 43 35 35 55 16 13 43 44
402 402 402 400 402 401 402 402 402 401 401 402 402 401 401
1 1 1 2 1 0 0 0 0 0
1 0 1 1 1 1 1 1 1 1
1 0 1 1 1 1 0 0 0 0
1 0 1 1 1 1 1 1 1 0
1 0 1 1 1 1 0 0 0 0
1 0 1 0 1 1 0 0 0 0
1 0 1 0 1 1 0 0 0 0
1 0 1 1 1 0 0 0 0 0
1 1 1 1 0 0 0 0 0 0
1 0 0 0 0 0 0 0 0 0
Maze 127
119 299 3.2537313433 2.2481206804 111 0.377736761655834
15 86 28 64 50 30 81 10 93 29 78 82 72 84 54 15
85 26 24 44 400 21 1 3 23 28 72 400 82 400 14
401 402 402 402 400 402 402 402 402 402 402 400 401 400 402
1 1 1 1 1 1 1 1 1 1
1 0 1 1 2 0 0 0 0 0
1 1 1 1 1 1 1 1 1 1
1 0 1 1 1 1 0 1 0 1
1 0 1 1 1 1 1 1 1 1
1 0 1 1 1 1 0 1 0 0
1 0 1 1 1 1 0 1 0 0
1 1 1 1 1 1 1 1 0 0
1 1 1 1 1 1 0 0 0 0
0 0 1 0 0 0 0 0 0 0
Maze 128
93 61 3.4800000000 2.2272037317 44 0.373289617106824
97 54 91 65 7 55 55 6 66 64 21 45 3 52 4 97
94 51 61 5 5 400 5 400 400 61 41 43 2 2 94
401 402 402 402 402 400 402 400 400 401 401 401 402 402 401
0 1 1 1 1 1 1 0 0 0
0 1 1 1 1 1 0 0 0 0
1 1 1 1 1 1 0 0 0 0
1 1 1 1 1 1 0 0 0 0
1 1 1 1 1 1 0 0 0 0
1 1 1 1 1 1 0 0 0 0
1 1 1 1 1 1 0 0 0 0
1 0 0 1 0 0 0 0 0 0
1 0 0 1 0 0 0 0 0 0
1 0 0 1 1 1 2 0 0 0
Maze 129
91 67 3.0212765957 2.0493837165 40 0.374920994757040
33 37 87 22 41 9 31 8 13 46 62 66 25 23 11 33
400 400 82 21 1 1 1 3 43 42 400 65 400 21 31
400 400 401 402 402 402 402 402 401 402 400 401 400 401 401
1 1 1 1 1 1 1 1 1 0
1 0 1 0 0 0 0 0 0 0
1 1 1 1 1 0 0 0 0 0
1 1 2 1 1 1 1 0 0 0
1 1 1 1 1 1 1 0 0 0
0 1 0 0 1 0 1 0 0 0
0 1 1 1 1 1 1 0 0 0
0 1 0 0 0 0 1 0 0 0
0 1 1 1 1 1 1 0 0 0
0 0 0 0 0 0 0 0 0 0
Maze 130
93 21 2.9310344828 2.1647742959 50 0.361907509330293
85 74 89 26 75 8 27 39 19 34 94 87 23 98 60 85
84 84 86 25 5 7 37 400 14 400 84 83 93 58 55
401 401 401 402 402 402 401 400 402 400 402 401 401 402 402
0 0 0 0 1 1 1 1 0 0
0 0 0 1 1 1 1 1 1 0
0 0 1 1 1 1 1 0 1 0
0 0 1 1 1 1 1 1 1 0
0 0 1 1 1 1 0 0 0 0
0 0 1 1 1 1 1 1 1 1
0 0 1 1 1 1 0 1 0 0
0 0 1 1 1 1 0 1 0 0
0 0 1 1 2 1 1 1 1 0
0 0 1 1 1 1 1 1 0 0
Maze 131
117 25 3.4509803922 1.8574674181 117 0.376731349235379
87 18 68 71 67 7 90 97 7 40 87 5 81 4 38 87
17 400 61 61 400 87 87 400 37 37 85 1 1 34 37
402 400 402 402 400 401 402 400 401 402 401 402 402 401 402
1 1 1 1 1 0 1 0 0 0
1 0 0 1 1 0 1 1 0 0
1 0 0 1 1 0 1 1 0 0
1 0 0 1 1 1 1 1 1 1
1 0 0 0 1 0 1 1 0 0
1 0 0 0 1 0 1 1 0 0
1 1 1 1 1 1 1 1 0 0
1 0 0 0 1 0 1 0 0 0
1 0 0 0 1 1 2 1 1 1
0 0 0 0 0 0 1 0 0 0
Maze 132
75 46 2.9600000000 2.2553201982 35 0.375708937004698
21 71 75 46 66 74 20 48 79 7 15 24 69 46 15 21
400 400 45 400 64 14 18 78 77 5 14 64 66 45 11
400 400 402 400 402 402 402 401 401 402 402 401 401 401 402
0 0 0 0 1 1 1 0 0 0
1 1 1 1 1 1 1 1 1 1
2 0 0 1 1 0 1 1 0 0
1 0 0 1 1 0 1 1 0 0
1 0 0 1 1 1 1 1 0 0
1 0 0 1 1 1 1 1 0 0
1 0 0 1 1 1 1 1 1 0
1 1 1 1 1 0 1 1 1 0
0 0 0 0 0 0 0 0 0 0
0 0 0 0 0 0 0 0 0 0
Maze 133
101 197 3.4117647059 2.0424812504 65 0.398303055881177
15 40 11 27 36 78 6 89 11 41 18 44 50 38 25 15
35 31 21 26 76 76 86 81 400 11 14 400 48 35 400
401 401 401 402 401 401 401 401 400 402 402 400 401 401 400
0 0 0 0 0 1 0 0 0 0
1 1 1 1 2 1 1 1 0 0
1 1 1 1 1 1 1 0 0 0
1 1 1 1 1 1 1 1 1 1
1 0 0 1 1 1 1 1 1 1
1 0 0 0 0 1 0 0 0 0
1 0 0 0 0 1 0 0 0 0
1 0 0 0 0 1 1 1 0 0
1 1 1 1 1 1 1 1 1 0
0 0 0 0 0 0 0 0 0 0
Maze 134
75 39 3.1219512195 1.9447633187 17 0.379579603098817
49 85 44 31 41 48 55 80 60 70 8 89 64 52 68 49
45 84 41 400 400 45 75 400 400 68 88 84 62 62 48
402 401 401 400 400 402 401 400 400 401 401 401 401 401 402
0 0 0 0 0 0 0 1 0 0
0 0 0 0 0 0 0 1 0 0
0 0 0 0 0 0 0 1 0 0
1 0 0 0 0 0 0 1 0 0
1 1 1 1 1 1 1 1 2 0
0 1 0 1 1 0 0 1 0 1
0 1 1 1 1 1 1 1 1 1
0 0 0 1 1 1 1 1 1 1
0 0 0 1 1 1 1 1 1 0
0 0 0 0 0 0 0 0 0 0
Maze 135
91 148 2.9152542373 2.3125000000 31 0.386395214714641
31 14 85 94 13 62 79 60 70 42 12 91 18 9 23 31
11 84 84 93 12 72 59 400 62 400 11 11 8 3 21
402 401 402 401 402 401 402 400 401 400 402 402 402 402 402
0 0 1 1 1 1 1 1 1 0
1 1 1 1 1 1 1 1 0 0
1 1 1 1 0 0 0 0 0 0
2 1 1 1 0 0 0 0 0 0
1 1 1 1 0 0 0 0 0 0
1 1 1 1 0 0 0 0 1 1
1 1 1 1 1 1 1 1 1 1
1 1 1 1 1 1 1 1 1 0
1 0 1 1 1 0 0 0 0 0
1 0 1 1 0 0 0 0 0 0
Maze 136
97 21 2.6000000000 2.1319521522 77 0.400015553516560
98 92 63 38 11 66 35 54 21 66 38 13 10 90 48 98
400 62 33 31 61 65 34 51 61 36 33 3 400 88 400
400 402 402 401 401 401 402 401 401 402 401 402 400 401 400
0 0 1 1 1 1 1 1 1 1
1 0 1 0 0 0 0 0 0 1
1 0 1 0 0 0 0 0 0 1
1 1 1 1 1 1 1 1 0 1
1 0 1 1 1 1 0 1 0 1
1 1 1 1 1 1 0 1 0 1
1 1 1 1 1 1 0 1 0 1
0 1 0 0 0 0 0 1 0 1
0 1 0 0 0 0 0 1 1 1
0 1 1 1 1 1 1 2 0 0
Maze 137
87 4 3.1363636364 2.0000000000 25 0.386181412782973
74 66 98 31 53 22 37 4 28 62 27 5 6 34 5 74
64 96 91 51 52 32 34 24 22 22 25 400 4 4 4
402 401 401 401 401 401 401 401 402 402 401 400 402 402 402
0 0 0 1 1 1 0 0 0 0
0 0 0 1 1 0 0 0 0 0
0 1 1 1 1 1 1 1 0 0
1 1 1 1 1 1 1 0 0 0
1 1 0 1 0 0 0 0 0 0
1 1 1 1 0 0 0 0 0 0
1 1 0 1 1 1 0 0 0 0
1 0 0 2 0 1 0 0 0 0
1 0 0 0 0 1 0 0 0 0
1 1 1 1 1 1 1 1 0 0
Maze 138
103 122 3.0819672131 2.2340692958 77 0.393638247949848
18 65 7 81 36 56 45 65 70 98 8 97 68 42 79 18
15 5 1 31 400 55 400 400 68 400 7 67 62 72 78
402 402 402 402 400 401 400 400 402 400 402 402 401 401 401
1 1 1 1 1 1 1 1 0 0
1 0 0 0 1 1 1 2 0 0
1 0 0 0 1 0 1 1 0 0
1 1 1 1 1 1 1 1 0 0
1 1 0 0 1 1 1 1 0 0
1 1 0 0 1 1 1 1 0 0
1 1 1 1 1 1 1 1 1 1
1 1 1 1 1 1 1 1 1 0
1 0 0 0 0 0 1 1 0 0
0 0 0 0 0 0 1 1 0 0
Maze 139
79 26 3.4500000000 2.0394153354 30 0.393905558599209
42 1 12 95 92 15 11 34 47 68 36 55 22 47 74 42
41 11 92 400 12 400 31 44 67 66 35 52 42 44 72
401 401 401 400 402 400 401 401 401 401 402 401 401 402 401
1 0 0 0 0 0 0 0 0 0
1 1 1 1 1 0 0 0 0 0
1 1 0 0 0 0 0 0 0 0
1 1 1 1 1 1 0 0 0 0
1 2 1 1 1 1 1 0 0 0
0 1 1 1 1 1 1 0 0 0
0 1 0 1 0 1 1 1 0 0
0 1 1 1 0 0 0 0 0 0
0 1 0 0 0 0 0 0 0 0
0 1 1 1 1 0 0 0 0 0
Maze 140
75 22 2.9302325581 2.0639152202 30 0.392240072398192
74 46 44 86 54 35 92 81 47 79 84 67 13 13 62 74
44 400 84 84 34 32 91 41 77 74 64 63 400 12 72
402 400 401 401 402 402 401 402 401 402 402 401 400 402 401
0 0 0 0 0 0 0 0 0 0
0 1 1 0 0 0 0 0 0 0
0 1 1 0 0 0 0 0 0 0
0 1 1 1 1 0 0 0 0 0
1 1 1 1 1 1 1 0 0 0
1 1 1 1 0 0 1 0 0 0
1 1 1 1 1 1 1 0 0 0
1 1 1 2 1 1 1 1 1 0
1 1 0 1 1 1 0 0 0 0
1 1 0 0 0 0 0 0 0 0
Maze 141
109 174 3.3061224490 1.9136901427 86 0.383197834642173
3 12 46 52 86 49 73 87 69 1 85 31 26 66 91 3
2 42 42 82 46 43 83 67 61 81 81 21 400 61 1
402 401 402 401 402 402 401 402 401 401 401 402 400 402 402
1 1 2 0 0 0 0 0 0 0
1 1 0 0 0 0 0 0 0 0
1 1 1 1 1 1 0 0 0 0
1 1 0 0 0 1 0 0 0 0
1 1 1 1 1 1 1 1 1 0
1 1 1 0 0 1 0 0 0 0
1 1 1 1 1 1 1 1 1 0
1 1 1 0 0 1 1 0 0 0
1 1 1 1 1 1 1 0 0 0
1 0 0 0 0 0 0 0 0 0
Maze 142
103 22 3.3200000000 1.9385716730 71 0.391220748111384
5 4 93 86 33 89 87 46 97 20 60 93 59 65 79 5
400 3 83 83 83 400 86 96 17 400 53 53 55 75 75
400 402 402 401 401 400 401 401 402 400 402 402 402 401 401
0 0 1 1 2 0 0 0 0 0
0 0 1 0 1 0 1 1 1 1
0 0 1 0 1 0 1 0 0 1
0 0 1 0 1 0 1 0 0 1
0 0 1 0 1 1 1 0 0 1
0 0 1 1 1 1 1 1 1 1
0 0 1 0 1 1 1 0 0 0
0 0 1 0 1 1 1 1 1 0
0 0 1 1 1 1 1 1 1 0
0 0 1 0 0 1 1 0 0 0
Maze 143
111 158 3.4193548387 2.2001504664 112 0.383537780632316
88 30 50 25 59 11 19 93 22 90 57 85 13 13 47 88
28 400 45 55 51 400 13 92 82 87 55 83 400 43 87
402 400 401 401 401 400 402 401 401 401 402 401 400 401 401
0 0 0 0 0 0 0 0 0 0
1 1 1 1 1 1 1 1 1 0
1 1 1 0 1 0 0 1 1 1
1 1 1 0 1 0 0 1 0 1
1 1 1 1 1 1 1 1 1 1
1 1 1 1 1 1 1 1 1 0
0 1 1 0 1 0 1 1 0 0
0 1 1 0 1 0 1 1 0 0
0 1 1 1 1 1 1 2 1 1
0 1 1 0 0 0 0 0 0 0
Maze 144
115 54 3.2187500000 2.1032640357 165 0.397337728517375
28 73 9 32 9 47 77 99 21 84 58 78 65 60 52 28
23 3 2 2 7 400 97 91 81 54 400 75 55 400 22
402 402 402 402 402 400 401 401 401 402 400 401 402 400 402
0 1 1 1 1 1 1 1 1 0
0 1 1 0 0 0 1 0 0 0
1 1 1 1 1 1 1 2 0 0
1 1 1 0 0 0 1 0 0 0
1 1 1 0 0 0 1 0 0 0
1 1 1 1 1 1 1 1 1 1
1 0 1 1 1 0 1 1 0 0
1 0 1 1 1 1 1 1 0 0
1 1 1 1 0 0 1 0 0 0
1 1 1 1 1 1 1 1 1 0
Maze 145
89 339 3.2000000000 2.1701545015 45 0.356552947230340
76 35 83 69 97 30 11 44 64 76 61 44 13 72 41 76
75 33 63 67 27 21 41 400 74 71 41 43 12 71 71
401 402 402 402 402 401 401 400 401 401 402 401 402 401 401
0 0 0 0 0 0 0 0 0 0
1 1 1 0 0 0 0 0 0 0
1 1 1 1 1 1 1 1 1 1
1 1 1 1 1 0 1 0 0 0
1 1 1 1 1 0 1 0 0 0
1 1 1 1 1 0 1 0 0 0
1 1 1 1 1 1 1 1 1 0
1 1 1 1 1 2 1 0 0 0
0 0 1 0 0 0 1 0 0 0
0 0 0 0 0 0 1 0 0 0
Maze 146
109 11 3.3600000000 1.9857601934 94 0.392594427654858
21 1 91 24 51 67 50 41 81 30 66 73 100 95 68 21
400 400 21 21 61 47 400 400 21 26 63 93 400 65 61
400 400 402 402 401 402 400 400 402 402 402 401 400 402 401
1 0 0 0 0 0 0 0 0 0
1 0 0 0 0 0 0 0 0 0
2 1 1 1 1 1 1 1 1 1
1 0 0 0 0 1 0 0 0 0
1 1 1 1 1 1 1 1 1 1
1 0 0 0 0 1 1 0 0 0
1 1 1 1 1 1 1 1 0 0
1 0 1 0 1 0 0 0 0 0
1 0 1 0 1 0 0 0 0 0
1 0 1 1 1 1 1 1 1 1
Maze 147
105 7 3.1666666667 2.1220051839 59 0.387074455734246
35 34 40 70 62 100 11 42 3 32 30 51 64 2 9 35
400 400 400 400 92 91 41 2 2 22 21 61 62 400 5
400 400 400 400 401 401 401 402 402 402 402 401 401 400 402
0 1 1 1 1 1 1 1 1 0
1 1 0 0 1 0 0 0 0 0
1 1 1 1 1 1 1 1 1 1
1 1 0 1 2 1 1 1 1 1
1 1 0 0 0 0 0 0 0 1
1 1 0 0 0 0 0 0 0 1
1 1 1 1 1 1 1 1 1 1
1 1 0 0 0 0 0 0 0 0
1 1 0 0 0 0 0 0 0 0
1 1 1 1 1 1 1 1 1 1
Maze 148
91 47 3.2222222222 2.2007686967 56 0.380284964061414
16 70 59 59 71 41 29 51 51 50 72 68 86 73 42 16
66 69 400 51 400 21 21 400 41 42 62 66 83 72 12
401 401 400 402 400 402 402 400 402 402 402 402 401 401 402
0 0 0 0 0 0 0 0 0 0
0 1 1 1 1 2 0 0 0 0
1 1 1 1 1 1 1 1 1 0
1 1 0 0 0 1 0 0 0 0
1 1 1 1 1 1 1 1 1 1
1 1 1 1 1 1 1 1 1 0
1 1 1 1 1 1 1 1 1 1
1 1 1 0 0 1 0 0 0 0
0 0 1 1 1 1 0 0 0 0
0 0 0 0 0 0 0 0 0 0
Maze 149
109 666 2.7567567568 2.3816923876 98 0.395813752458119
57 73 86 71 45 58 84 7 95 32 8 49 86 29 100 57
53 83 81 41 55 54 4 5 92 2 48 46 26 99 97
402 401 401 402 401 402 402 402 401 402 401 402 402 401 401
0 1 1 1 1 1 1 1 0 0
0 1 0 1 1 0 0 1 0 0
0 1 0 1 1 1 1 1 1 0
0 1 0 1 1 1 0 1 1 0
1 1 1 1 1 1 1 1 1 0
1 1 1 1 1 1 2 1 1 0
1 1 1 1 1 1 1 0 1 0
1 1 1 1 1 1 1 0 1 0
1 1 1 1 1 1 1 0 1 0
0 1 1 1 1 0 1 1 1 1
Maze 150
77 46 2.9230769231 2.2837690775 35 0.396174335785010
72 63 35 91 77 18 97 94 95 94 58 25 45 69 89 72
62 33 31 71 17 17 400 400 400 54 55 400 65 400 82
402 402 402 402 402 402 400 400 400 402 401 400 401 400 401
0 0 0 0 0 0 0 0 0 0
0 0 0 0 0 0 1 1 0 0
0 0 0 0 1 0 1 0 0 0
1 1 1 1 1 0 1 0 0 0
1 0 1 0 1 0 1 0 0 0
1 0 1 1 1 1 1 1 0 0
1 1 1 1 1 1 1 1 1 0
1 2 1 1 1 1 1 0 1 0
1 1 1 1 1 1 1 1 1 0
1 0 0 1 1 1 1 0 0 0
Maze 151
121 39 2.8000000000 2.1349972058 148 0.378288197393131
89 100 69 36 95 23 5 97 14 81 91 20 1 18 2 89
99 99 66 35 93 3 95 94 11 400 11 11 11 12 82
401 401 401 402 401 402 401 401 402 400 402 401 401 401 401
1 1 1 1 1 0 0 0 0 0
1 1 1 1 1 1 1 1 1 1
1 1 1 1 1 0 0 0 0 0
1 1 1 1 1 1 0 0 0 0
1 1 1 1 1 1 0 0 0 0
1 1 1 1 1 1 0 0 0 0
1 1 1 1 1 1 1 1 1 0
1 1 1 1 1 0 0 0 1 0
1 1 1 1 1 1 1 1 2 0
1 0 1 1 1 1 1 0 1 1
Maze 152
95 263 3.0800000000 2.0141134552 71 0.396342012891959
80 33 84 6 56 94 26 14 47 77 54 95 46 97 28 80
73 83 4 400 54 24 24 44 400 74 94 45 96 27 78
401 401 402 400 402 402 401 401 400 401 401 402 401 402 401
0 0 0 1 1 1 0 0 0 0
0 0 0 1 0 1 0 0 0 0
0 0 0 1 1 1 1 1 0 0
0 0 1 1 0 1 1 1 0 0
0 0 1 1 1 1 1 1 0 0
0 0 1 1 1 1 1 1 0 0
0 0 1 1 1 1 1 1 0 0
0 0 1 1 1 1 1 1 1 2
0 0 1 1 1 1 1 0 0 0
0 0 0 1 1 1 1 0 0 0
Maze 153
87 7 3.0638297872 2.0643439482 35 0.372837240966692
54 84 61 31 73 42 60 6 1 24 59 94 35 2 25 54
400 81 400 71 72 52 56 400 21 54 54 34 32 22 24
400 401 400 401 401 401 401 400 401 401 402 402 401 401 402
1 1 1 1 1 1 0 0 0 0
1 1 0 0 0 1 0 0 0 0
1 1 1 1 1 1 0 0 0 0
1 1 1 1 1 1 0 0 0 0
1 1 0 1 0 1 0 0 0 0
1 1 1 2 1 1 1 1 1 1
1 1 0 1 0 0 0 0 0 0
1 1 1 1 0 0 0 0 0 0
1 1 1 1 0 0 0 0 0 0
0 0 0 1 0 0 0 0 0 0
Maze 154
97 62 3.0333333333 2.2126880212 77 0.389630291229185
81 92 27 60 49 45 23 50 50 56 15 98 79 13 40 81
91 22 57 59 400 43 43 400 46 55 95 78 73 33 31
401 402 401 401 400 401 401 400 402 401 401 402 401 401 402
0 0 0 0 0 0 0 0 0 0
0 0 1 0 1 0 0 0 0 0
0 1 1 1 1 1 1 0 0 0
1 1 1 1 1 1 1 1 1 1
1 1 1 1 1 1 1 1 1 1
1 1 1 0 1 1 1 1 1 1
1 1 1 0 1 0 0 0 0 0
1 1 1 1 1 1 1 1 1 0
2 1 0 0 1 0 0 1 0 0
1 1 0 0 1 1 1 1 0 0
Maze 155
91 113 3.0980392157 2.0341609652 32 0.376532818723601
79 55 51 53 30 9 1 46 55 30 8 75 89 78 6 79
75 400 400 23 29 400 41 45 25 28 5 85 88 76 76
401 400 400 402 401 400 401 402 402 401 402 401 401 401 401
1 1 1 1 1 1 1 1 1 0
1 0 0 0 1 1 0 1 1 0
1 0 1 1 1 1 1 1 1 1
1 0 1 0 1 1 0 0 0 0
1 1 1 1 1 1 0 0 0 0
1 1 1 1 1 1 0 0 0 0
0 0 0 0 1 1 0 0 0 0
0 0 0 0 1 1 1 1 2 0
0 0 0 0 1 1 1 1 1 0
0 0 0 0 0 0 0 0 0 0
Maze 156
91 898 3.0943396226 2.3033934030 50 0.371529882530869
25 94 75 76 27 77 41 36 18 41 55 47 40 3 71 25
24 74 400 26 400 71 31 16 11 51 45 37 33 1 21
402 402 400 402 400 401 402 402 402 401 402 402 401 402 402
1 1 1 0 0 0 0 0 0 0
1 1 1 1 1 1 1 1 0 0
1 1 1 1 2 1 1 0 0 0
1 1 1 1 1 1 1 1 1 1
1 0 0 1 1 1 1 0 0 0
1 1 1 1 1 1 1 0 0 0
1 0 0 1 0 1 1 0 0 0
1 1 1 1 1 1 1 0 0 0
0 0 0 1 0 0 0 0 0 0
0 0 0 1 0 0 0 0 0 0
Maze 157
71 22 3.7419354839 1.9245991074 13 0.390536837175181
42 73 61 74 75 37 52 33 70 68 15 56 69 36 66 42
72 71 71 400 35 32 32 63 400 65 55 66 66 400 62
401 401 401 400 402 402 402 401 400 401 401 401 401 400 401
0 0 0 0 0 0 0 0 0 0
0 0 0 0 1 0 0 0 0 0
0 0 0 0 1 0 0 0 0 0
0 1 1 1 1 1 1 0 0 0
0 2 1 0 1 1 0 0 0 0
0 1 1 0 1 1 0 0 0 0
1 1 1 1 1 1 1 1 1 1
1 1 1 1 1 0 0 0 0 0
0 0 0 0 0 0 0 0 0 0
0 0 0 0 0 0 0 0 0 0
Maze 158
125 72 2.8358208955 1.9821889742 172 0.379195172374050
4 80 10 14 98 43 22 9 94 80 29 44 49 91 14 4
74 400 4 94 93 42 2 4 74 79 24 400 41 11 400
401 400 402 401 401 401 402 402 402 401 402 400 402 402 400
0 1 1 2 1 1 1 1 1 1
1 1 1 1 0 0 0 0 0 1
1 1 0 1 1 1 1 1 1 1
1 1 0 1 0 0 0 0 1 1
1 1 1 1 1 1 1 1 1 1
1 0 1 1 0 0 0 0 1 1
1 0 1 1 0 0 0 0 1 1
1 0 1 1 1 1 1 1 1 1
1 0 1 1 0 0 0 0 0 0
1 0 1 1 1 1 1 1 0 0
Maze 159
77 29 3.1063829787 2.2172037100 25 0.366226936445479
84 52 5 34 74 97 57 41 29 52 93 95 64 86 73 84
82 2 4 400 94 400 51 21 22 92 400 94 84 83 83
401 402 402 400 401 400 401 402 402 401 400 401 401 401 401
0 1 1 1 1 0 0 0 0 0
0 1 0 1 0 0 0 0 0 0
1 1 1 1 1 1 1 1 1 0
1 1 0 1 0 0 0 0 0 0
1 1 0 1 0 0 0 0 0 0
1 1 1 1 1 1 1 0 0 0
0 1 0 1 0 0 1 0 0 0
0 1 1 1 0 0 1 0 0 0
0 1 1 2 1 1 1 0 0 0
0 1 1 1 1 1 1 0 0 0
Maze 160
73 6 3.0952380952 2.0813298049 20 0.375239608243562
66 37 20 67 80 82 92 61 46 72 93 95 31 61 74 66
36 17 17 77 72 400 91 41 42 92 400 91 400 71 64
402 402 402 401 402 400 401 402 402 401 400 401 400 401 402
0 0 0 0 0 0 0 0 0 0
0 0 0 0 0 0 1 1 1 1
0 0 0 0 0 0 1 0 0 0
1 0 0 0 0 1 1 0 0 0
1 1 1 1 1 1 1 0 0 0
1 1 0 0 0 1 1 0 0 0
1 1 0 1 1 2 1 0 0 0
1 1 1 1 1 1 1 1 1 1
1 1 0 0 0 0 0 0 0 0
1 1 1 1 1 0 0 0 0 0
Maze 161
81 100 3.5500000000 1.9437772714 30 0.392335436966157
74 75 33 73 95 83 2 22 37 95 52 74 33 11 49 74
400 73 400 93 93 82 400 32 35 92 72 73 31 41 44
400 401 400 401 401 401 400 401 402 401 401 401 401 401 402
0 1 0 0 0 0 0 0 0 0
1 1 0 0 0 0 0 0 0 0
1 1 0 0 0 0 0 0 0 0
1 1 1 1 1 1 1 0 0 0
1 1 1 1 1 1 1 1 1 0
0 1 1 1 1 0 0 0 0 0
0 1 1 1 1 0 0 0 0 0
0 1 1 2 1 0 0 0 0 0
0 1 1 0 1 0 0 0 0 0
0 1 1 1 1 0 0 0 0 0
Maze 162
95 49 3.4509803922 2.1296986218 77 0.379196098925813
8 9 75 96 15 20 59 15 33 7 49 21 50 48 98 8
400 5 95 95 400 19 55 13 3 47 41 41 400 400 400
400 402 401 401 400 402 401 402 402 401 401 401 400 400 400
0 0 1 1 1 1 1 2 1 0
0 0 1 1 1 1 1 1 1 1
1 0 1 0 1 0 1 1 1 0
1 0 1 0 1 0 1 1 1 0
1 1 1 1 1 1 1 1 1 1
0 0 0 0 1 1 1 1 1 0
0 0 0 0 1 0 0 1 0 0
0 0 0 0 1 0 0 1 0 0
0 0 0 0 1 0 0 1 0 0
0 0 0 0 1 1 0 1 0 0
Maze 163
99 6 3.4800000000 2.1215880807 49 0.370696595512081
79 83 51 22 47 49 91 46 30 3 31 72 90 92 92 79
73 81 21 42 400 41 41 26 23 1 71 82 82 400 72
402 401 402 401 400 402 402 402 401 402 401 401 402 400 402
1 1 1 0 0 0 0 0 0 0
1 0 1 0 0 0 0 0 0 0
1 1 1 1 1 1 1 1 1 1
1 1 0 0 0 1 0 0 0 0
1 1 1 1 1 1 1 1 1 0
1 0 0 0 0 0 0 0 0 0
1 0 0 0 0 0 0 0 0 0
1 1 1 1 1 1 1 1 2 0
1 1 1 1 1 1 1 1 1 1
1 1 0 0 0 0 0 0 0 0
Maze 164
107 33 3.5636363636 2.1646335561 75 0.402430499698782
19 23 9 34 31 3 33 92 96 81 61 40 91 69 13 19
13 3 4 400 1 400 32 400 91 400 31 31 61 63 400
402 402 402 400 402 400 402 400 401 400 402 402 402 401 400
1 1 1 1 1 1 1 1 1 0
1 0 1 1 1 1 1 1 2 0
1 0 1 1 0 0 0 0 0 0
1 1 1 1 1 1 1 1 1 1
1 1 1 0 0 0 0 0 0 0
1 1 1 0 0 0 0 0 0 0
1 1 1 1 1 1 1 1 1 0
1 1 0 0 0 0 0 0 0 0
1 1 0 0 0 0 0 0 0 0
1 1 1 1 1 1 0 0 0 0
Maze 165
89 324 3.3953488372 1.9145044378 56 0.394345242105885
4 74 37 63 95 34 14 47 75 77 62 87 17 83 35 4
400 34 33 93 94 400 44 45 400 72 82 400 13 33 34
400 402 402 401 401 400 401 402 400 401 401 400 402 402 401
0 0 0 2 0 0 0 0 0 0
0 0 1 1 1 1 1 0 0 0
0 0 1 1 0 0 1 0 0 0
0 0 1 1 1 1 1 0 0 0
0 0 1 1 1 1 1 0 0 0
0 0 1 1 1 0 1 0 0 0
0 1 1 1 1 0 1 0 0 0
0 1 1 1 1 1 1 0 0 0
0 1 1 1 1 1 1 0 0 0
0 0 1 1 1 0 0 0 0 0
Maze 166
95 120 3.4000000000 2.1174634020 70 0.360819381984360
27 98 27 48 4 9 86 87 55 4 71 21 68 52 56 27
97 97 47 44 400 6 400 85 54 1 400 61 62 400 26
401 401 401 401 400 402 400 401 401 402 400 401 401 400 402
1 1 1 1 1 1 1 1 1 0
1 0 0 1 0 1 0 0 0 0
1 0 0 1 0 1 2 0 0 0
1 0 0 1 0 1 1 0 0 0
1 0 0 1 1 1 1 1 0 0
1 1 1 1 1 1 1 0 0 0
1 1 1 1 1 1 1 1 0 0
1 0 0 0 1 1 1 0 0 0
0 0 0 0 1 1 1 0 0 0
0 0 0 0 0 0 1 1 0 0
Maze 167
119 338 3.1428571429 2.1495722948 114 0.373943096015353
64 21 95 10 39 11 34 60 7 71 25 76 60 83 77 64
61 91 5 9 31 31 54 57 1 21 75 56 53 73 74
401 401 402 402 401 401 401 401 402 402 401 402 402 402 401
1 1 1 1 1 1 1 1 1 1
1 0 0 0 1 0 1 0 1 0
1 1 1 1 1 0 1 0 1 0
1 1 1 1 1 1 1 1 1 0
1 0 0 1 1 0 1 0 0 0
1 0 1 1 1 1 1 1 1 1
1 1 1 2 1 1 0 0 0 0
1 0 1 1 1 1 1 0 0 0
1 0 1 0 1 0 0 0 0 0
1 1 1 1 1 0 0 0 0 0
Maze 168
113 18 3.6250000000 1.8999319913 55 0.395553425588133
18 52 61 54 50 32 84 22 82 11 100 94 49 84 64 18
12 51 51 44 42 82 82 400 81 91 400 44 44 400 14
402 402 402 402 401 401 401 400 401 401 400 402 402 400 402
0 0 0 0 0 0 0 0 0 0
1 1 1 1 1 1 1 2 0 0
1 1 0 1 0 0 0 0 0 0
1 1 0 1 0 0 0 0 0 0
1 1 1 1 1 1 1 1 1 1
1 1 1 1 0 0 0 0 0 0
1 1 0 1 0 0 0 0 0 0
1 1 0 1 0 0 0 0 0 0
1 1 1 1 0 0 0 0 0 0
1 1 1 1 1 1 1 1 1 1
Maze 169
87 77 2.8727272727 2.1562500000 32 0.394684436327406
71 63 8 43 73 83 76 45 13 39 38 90 52 65 16 71
61 3 3 400 400 73 75 43 33 400 88 82 62 15 11
402 402 402 400 400 402 401 401 401 400 401 401 401 402 402
0 0 1 1 1 1 1 1 0 0
1 1 1 1 1 1 0 0 0 0
1 0 1 0 1 0 0 0 0 0
1 0 1 1 1 1 1 1 1 0
1 0 1 1 1 0 0 1 0 0
1 1 1 0 1 0 0 1 0 0
1 1 1 1 1 0 0 1 0 0
2 1 1 1 1 1 0 1 0 0
0 1 1 1 1 1 1 1 1 1
0 0 0 0 0 0 0 0 0 0
Maze 170
77 279 3.2727272727 2.1189443476 35 0.373349056767102
97 17 18 48 35 17 28 59 13 23 13 57 96 40 24 97
400 400 400 45 15 27 58 53 400 400 53 56 36 34 94
400 400 400 401 402 401 401 401 400 400 401 402 402 401 401
0 0 0 0 0 0 0 0 0 0
0 0 1 0 1 1 1 1 0 0
0 0 1 1 1 0 1 1 0 0
0 0 1 1 1 1 1 1 1 1
0 0 1 1 1 1 1 1 0 0
0 0 1 1 1 1 1 1 1 0
0 0 0 1 0 1 1 0 0 0
0 0 0 1 0 1 1 0 0 0
0 0 0 1 0 1 1 0 0 0
0 0 0 1 1 1 2 0 0 0
Maze 171
93 183 2.9655172414 2.2757243445 56 0.369966498115448
25 52 96 14 13 76 16 34 17 11 83 5 69 35 45 25
22 92 94 400 73 400 14 14 400 81 3 65 65 400 400
402 401 401 400 401 400 402 402 400 401 402 401 401 400 400
0 0 1 1 1 0 0 0 0 0
1 1 1 1 1 1 1 0 0 0
1 1 1 1 2 1 0 0 0 0
1 1 1 1 1 1 0 0 0 0
1 1 1 1 1 1 0 0 0 0
1 1 1 1 1 1 0 0 0 0
1 1 1 1 1 1 1 1 1 0
1 1 1 1 1 1 0 0 0 0
1 1 1 1 0 0 0 0 0 0
0 1 1 1 1 1 0 0 0 0
Maze 172
103 285 3.5384615385 2.1596455172 65 0.384817147276693
62 37 43 31 10 34 68 59 15 60 31 33 91 33 15 62
32 33 41 1 4 64 58 55 55 51 400 31 31 13 12
402 402 401 402 402 401 402 401 401 401 400 402 402 402 402
1 1 1 1 1 1 1 1 1 1
1 1 1 1 1 0 0 0 0 0
1 1 1 1 1 0 0 0 0 0
1 1 1 1 1 1 1 0 0 0
1 1 1 1 1 0 0 0 0 0
1 1 1 1 1 1 1 1 1 1
1 2 0 1 1 1 1 1 0 0
1 0 0 0 0 0 0 0 0 0
1 0 0 0 0 0 0 0 0 0
1 0 0 0 0 0 0 0 0 0
Maze 173
109 1665 2.8787878788 2.2875506901 104 0.386964773765440
78 99 69 43 71 37 70 1 93 17 25 34 97 92 28 78
98 400 63 41 31 67 61 91 13 15 24 94 400 22 400
401 400 401 402 402 401 401 401 402 402 402 401 400 402 400
1 0 0 0 0 0 0 0 0 0
1 0 1 1 1 1 1 0 0 0
1 1 1 1 1 1 1 1 0 0
1 1 1 1 1 1 1 1 0 0
1 1 1 1 0 0 1 1 0 0
1 1 1 1 0 0 1 1 0 0
1 1 1 1 1 1 1 1 1 1
1 1 1 1 0 0 0 2 1 0
1 1 1 1 0 0 0 1 1 0
1 1 1 1 1 1 1 1 1 0
Maze 174
123 48 3.4035087719 1.8571414175 124 0.382750093293715
79 56 89 52 7 44 19 50 51 89 75 19 42 90 45 79
76 86 82 2 4 14 49 41 81 85 15 12 82 85 75
401 401 401 402 402 402 401 402 401 401 402 402 401 401 401
0 1 1 1 1 1 1 0 0 0
0 1 1 1 1 1 1 1 1 0
0 1 0 1 1 0 0 0 1 0
0 1 0 1 1 0 0 0 1 0
1 1 1 1 1 1 1 1 1 1
1 1 0 0 1 1 0 0 0 0
1 1 0 0 1 1 0 0 0 0
1 1 0 0 1 1 1 1 2 0
1 1 1 1 1 1 1 1 1 1
0 0 0 0 0 0 0 0 0 0
Maze 175
111 21 3.2692307692 2.0453394405 74 0.381636635088059
23 81 56 60 65 20 10 55 15 90 71 1 10 33 71 23
21 51 400 55 15 400 5 400 85 81 400 400 3 31 21
402 402 400 402 402 400 402 400 401 401 400 400 402 402 402
1 1 1 1 1 1 1 1 1 1
1 0 1 0 1 1 1 1 1 1
1 1 2 0 1 0 0 0 0 0
1 1 1 0 1 0 0 0 0 0
1 0 0 0 1 0 0 0 0 0
1 1 1 1 1 1 1 1 1 1
1 0 0 0 1 0 0 0 0 0
1 0 0 0 1 0 0 0 0 0
1 1 1 1 1 1 1 1 1 1
0 0 0 0 0 0 0 0 0 0
Maze 176
89 406 3.1764705882 2.2453530182 41 0.397518247535671
59 55 51 17 94 93 45 21 2 52 77 72 100 73 75 59
400 400 11 14 400 43 41 1 400 72 400 92 93 400 55
400 400 402 402 400 402 401 402 400 401 400 401 401 400 402
1 1 0 0 0 0 0 0 0 0
1 1 1 1 1 1 1 0 0 0
1 1 0 1 0 0 0 0 0 0
1 1 0 1 0 0 0 0 0 0
1 1 1 1 1 0 0 0 0 0
1 1 1 1 1 1 1 1 2 0
0 1 1 1 1 0 0 0 0 0
0 1 1 1 1 1 1 0 0 0
0 1 1 1 0 0 0 0 0 0
0 1 1 1 1 1 1 1 1 1
Maze 177
75 64 2.9166666667 2.1299964074 26 0.363895492829566
77 80 35 68 99 60 80 3 22 9 4 57 59 68 87 77
400 75 65 98 59 400 73 2 2 400 54 400 58 67 400
400 401 401 401 402 400 401 402 402 400 401 400 402 402 400
0 1 1 1 1 1 1 1 1 0
0 1 1 1 0 0 0 0 0 0
0 1 1 1 0 0 0 0 0 0
0 0 1 1 1 0 0 0 0 0
0 0 1 1 1 0 0 0 0 0
0 0 1 1 1 1 1 1 1 1
0 0 1 0 1 1 1 1 1 1
0 0 1 1 1 1 2 1 1 1
0 0 0 0 0 0 1 1 1 0
0 0 0 0 0 0 0 1 1 0
Maze 178
125 39 3.0740740741 1.7215090588 163 0.384210720940967
94 27 94 10 94 15 16 57 78 14 43 92 3 85 27 94
24 24 4 4 14 400 56 77 74 13 42 2 83 25 24
402 402 402 402 402 400 401 401 401 402 402 402 401 402 402
0 1 1 1 1 1 1 1 1 1
0 1 1 1 1 1 0 0 0 0
0 1 1 1 1 1 1 0 0 0
0 1 1 1 1 1 0 0 0 0
0 1 1 1 1 1 0 0 0 0
0 1 1 1 1 1 1 0 0 0
0 1 1 1 1 0 1 0 0 0
0 1 1 1 1 1 1 1 0 0
0 1 1 1 1 0 0 0 0 0
0 1 0 2 0 0 0 0 0 0
Maze 179
111 198 3.6923076923 2.0885537672 78 0.397725244836997
44 41 23 20 13 90 64 88 7 19 59 4 59 3 29 44
400 21 13 400 83 84 84 87 17 400 54 54 53 23 24
400 402 402 400 401 401 401 401 401 400 401 401 401 401 402
0 0 1 1 0 0 1 0 0 0
0 0 1 1 1 1 1 1 1 1
1 1 1 1 1 1 1 1 1 0
1 0 1 1 0 0 1 0 1 0
1 1 1 2 0 0 1 0 1 0
0 0 1 1 1 1 1 1 1 0
0 0 1 1 0 0 1 0 0 0
0 0 1 1 0 0 1 0 0 0
0 0 1 1 1 1 1 1 1 1
0 0 0 0 0 0 0 0 0 0
Maze 180
117 197 3.2075471698 1.8896633855 96 0.372472350789655
98 67 10 94 22 57 10 33 20 64 13 96 84 43 84 98
97 7 4 92 52 7 3 13 14 63 93 94 83 83 94
401 402 402 401 401 402 402 402 402 401 401 401 401 401 401
0 0 1 1 1 1 1 1 1 1
0 0 1 1 1 1 1 1 1 1
0 1 1 1 0 0 1 0 0 0
0 1 1 1 0 0 1 0 0 0
0 1 1 1 0 0 1 0 0 0
0 1 1 1 1 1 1 0 0 0
0 1 1 1 0 0 1 0 0 0
0 1 1 1 0 0 1 0 0 0
0 1 1 1 0 0 1 0 0 0
0 1 1 1 1 1 1 2 0 0
Maze 181
93 205 3.0196078431 2.0204560095 39 0.371764597405519
79 35 89 50 63 95 54 75 20 39 34 23 65 97 34 79
75 85 49 43 93 94 74 15 19 400 33 63 95 94 74
401 401 402 402 401 401 401 402 402 400 401 401 401 401 401
0 0 0 0 0 0 0 0 0 0
0 0 0 0 1 1 1 1 1 1
0 0 1 0 1 0 0 0 1 0
0 0 1 1 1 1 1 1 1 0
0 0 1 1 1 1 1 1 1 1
0 0 1 1 1 0 0 0 1 0
0 0 1 1 1 0 0 0 1 0
0 0 1 1 1 1 1 1 2 0
0 0 1 1 1 1 1 1 1 0
0 0 1 1 1 1 1 0 0 0
Maze 182
93 176 3.1153846154 2.0204560095 50 0.401743226510528
9 69 5 37 12 56 75 38 30 70 48 33 49 38 73 9
400 65 35 32 52 55 35 28 400 68 43 43 48 33 3
400 401 401 401 401 402 402 402 400 401 401 401 401 402 402
0 0 1 1 1 1 1 1 2 0
0 1 1 0 1 0 0 0 1 0
0 1 1 0 1 0 0 1 1 1
0 1 1 1 1 1 1 1 1 1
0 1 1 1 1 1 1 1 1 1
0 1 1 1 1 1 0 1 1 1
0 0 1 0 1 1 1 1 1 1
0 0 1 0 1 0 0 0 0 0
0 0 0 0 0 0 0 0 0 0
0 0 0 0 0 0 0 0 0 0
Maze 183
121 1857 3.2698412698 2.0242237321 140 0.392559607986449
17 59 13 35 83 7 93 14 70 86 19 18 48 12 95 17
57 53 33 33 3 3 13 64 66 16 400 400 42 92 15
401 401 401 402 402 402 402 401 402 402 400 400 401 401 402
0 0 1 1 1 1 1 0 0 0
0 1 1 1 1 1 2 1 1 0
0 1 1 1 1 1 1 1 0 0
0 1 1 1 1 1 1 1 0 0
0 1 1 1 1 1 1 1 0 0
0 1 1 1 1 1 1 1 1 0
0 1 1 1 1 1 1 1 1 1
0 1 1 0 1 1 0 0 0 0
0 1 1 0 1 1 0 0 0 0
0 1 1 1 1 0 0 0 0 0
Maze 184
83 108 2.8070175439 2.2102054875 30 0.375169726487953
62 2 60 78 28 30 55 33 38 76 73 71 5 35 86 62
400 52 58 400 400 25 53 400 36 400 400 1 400 85 82
400 401 402 400 400 402 401 400 402 400 400 402 400 401 401
1 1 1 1 1 0 0 0 0 0
1 1 0 0 1 0 0 0 0 0
1 1 0 0 1 1 1 1 1 1
1 1 1 1 1 1 1 1 0 0
1 1 1 0 1 1 0 1 0 0
1 1 1 1 1 1 1 1 1 1
1 2 0 0 1 1 0 1 0 0
1 1 1 1 1 1 0 1 0 0
0 1 1 1 1 1 0 0 0 0
0 0 0 0 0 0 0 0 0 0
Maze 185
129 294 3.9259259259 1.9534981886 171 0.389065477653006
69 64 24 73 37 81 65 10 64 92 69 83 12 60 3 69
400 400 23 33 31 61 5 4 62 62 63 82 52 53 63
400 400 402 402 402 402 402 402 402 402 402 401 401 401 401
0 0 1 1 1 1 1 1 1 1
0 1 1 1 1 0 0 0 0 0
0 1 1 1 1 0 0 0 0 0
1 1 1 1 1 1 1 0 0 0
1 1 1 1 1 0 0 0 0 0
1 1 1 1 1 1 1 1 1 1
1 1 1 1 1 1 1 1 2 0
1 1 1 0 0 0 0 0 0 0
1 1 1 0 0 0 0 0 0 0
0 1 0 0 0 0 0 0 0 0
Maze 186
115 2505 3.0645161290 1.9539467175 165 0.390690859656796
14 18 93 60 96 44 32 60 56 48 3 88 39 95 11 14
400 13 53 56 94 42 52 400 46 43 83 38 35 91 400
400 402 402 402 401 401 401 400 402 401 401 402 402 401 400
0 0 1 0 0 0 0 0 0 0
1 1 1 2 1 1 1 1 0 0
1 0 1 0 0 0 0 0 0 0
1 1 1 0 1 1 1 1 1 0
1 1 1 1 1 1 1 1 0 0
1 1 1 1 1 1 1 1 1 1
1 0 1 1 1 1 0 1 0 0
1 0 1 1 1 1 0 1 0 0
1 0 1 1 1 1 1 1 0 0
1 1 1 1 1 1 0 0 0 0
Maze 187
99 535 2.9393939394 2.3626444289 64 0.387922420044405
57 63 70 90 11 10 10 59 76 27 88 7 75 78 33 57
53 400 400 81 1 400 9 56 26 87 87 5 400 73 53
402 400 400 401 402 400 402 402 402 401 401 402 400 401 401
1 1 1 1 1 1 1 1 1 1
1 0 0 0 1 0 1 0 1 0
1 0 0 0 1 1 1 0 1 0
1 0 1 0 1 1 1 0 1 0
1 0 1 0 1 1 1 0 1 0
1 0 1 1 1 1 2 1 1 0
1 0 1 1 1 1 1 1 1 1
1 0 1 1 1 1 1 1 0 1
1 1 1 1 1 1 1 1 1 1
0 0 0 0 0 0 0 0 0 0
Maze 188
99 3 3.3061224490 1.9200576944 51 0.370300025437659
44 86 73 90 52 6 10 62 88 83 4 54 39 67 47 44
84 83 83 82 2 400 2 82 400 3 400 34 37 400 400
401 401 401 401 402 400 402 401 400 402 400 402 402 400 400
0 1 1 1 1 1 1 1 1 1
0 1 1 1 0 0 0 0 0 0
0 1 1 1 0 0 0 0 0 0
0 1 1 1 1 1 1 1 1 0
0 1 1 2 1 1 1 0 0 0
0 1 1 1 0 0 1 0 0 0
0 1 1 1 0 0 1 0 0 0
0 1 1 1 0 0 0 0 0 0
0 1 1 1 1 1 1 1 1 1
0 0 0 0 0 0 0 0 0 0
Maze 189
83 33 2.6415094340 2.0898047021 22 0.379161927473177
79 29 41 42 84 85 37 62 82 81 12 12 30 21 4 79
400 21 400 82 400 35 32 400 400 11 400 22 400 1 74
400 402 400 401 400 402 402 400 400 402 400 401 400 402 401
1 1 1 1 0 0 0 0 0 0
1 1 0 1 0 0 0 0 0 0
1 1 1 1 1 1 1 1 1 1
1 1 1 1 1 1 1 0 1 0
1 1 0 1 1 0 0 0 1 0
1 1 0 1 1 0 0 0 1 0
1 1 0 1 1 0 0 0 1 0
1 1 0 1 1 1 1 1 2 0
1 1 1 1 1 0 0 0 0 0
0 0 0 0 0 0 0 0 0 0
Maze 190
93 12 3.0370370370 2.1396362329 40 0.382879226027183
81 25 99 44 63 33 1 85 29 45 45 76 87 70 99 81
21 95 94 43 400 31 81 25 25 400 75 86 67 69 91
402 401 401 402 400 401 401 402 402 400 401 401 402 402 401
1 0 0 0 0 0 0 0 0 0
1 0 0 0 0 0 0 0 0 0
1 1 1 1 1 1 1 1 1 0
1 1 1 0 1 0 0 0 0 0
1 0 1 1 1 0 0 0 0 0
1 0 1 1 1 0 0 0 0 0
1 0 1 1 1 0 1 1 1 1
1 0 0 1 1 1 1 0 1 0
2 1 1 1 1 1 1 0 1 0
1 1 1 1 1 1 1 1 1 0
Maze 191
125 937 3.0149253731 1.9958201669 174 0.390733980820274
10 56 11 65 39 41 88 50 37 92 40 42 15 88 99 10
6 51 61 35 31 81 48 47 32 32 32 12 85 98 9
402 401 401 402 402 401 402 401 402 402 402 402 401 401 402
0 0 0 0 0 1 1 1 1 2
1 1 1 1 1 1 0 0 1 0
1 1 0 0 1 1 0 0 1 0
1 1 1 1 1 1 1 1 1 1
1 1 0 0 1 1 1 1 1 1
1 1 1 1 1 1 0 1 1 0
1 1 1 1 1 0 0 1 1 0
1 1 0 0 1 0 0 1 1 0
1 1 1 1 1 1 1 1 1 0
0 1 0 0 0 0 0 1 1 0
Maze 192
115 4584 3.1940298507 2.2785360387 141 0.396882613335754
11 88 23 22 27 62 98 4 55 98 80 41 40 60 14 11
81 83 400 400 22 92 94 54 95 78 71 31 400 54 400
401 401 400 400 402 401 401 401 401 402 401 402 400 401 400
0 0 0 1 0 0 0 0 0 0
2 1 1 1 0 0 0 0 0 0
1 1 1 1 1 1 1 0 0 0
1 1 1 1 1 1 1 1 1 1
1 1 1 1 0 0 0 0 0 1
1 1 1 1 1 1 1 1 1 1
1 1 1 1 1 0 0 0 0 0
1 1 1 1 1 1 1 1 1 1
1 1 1 1 1 1 1 1 0 0
0 1 1 1 1 1 1 1 0 0
Maze 193
101 446 3.4909090909 2.1976385809 84 0.394540649017557
42 57 51 50 73 8 40 86 65 22 19 43 23 38 25 42
52 400 41 43 3 38 36 85 62 12 13 400 33 35 22
401 400 402 402 402 401 402 401 401 402 402 400 401 401 402
0 0 1 1 1 1 1 1 0 0
0 1 1 1 1 1 1 1 1 0
0 1 1 1 1 0 0 1 0 0
0 1 1 1 1 1 1 1 1 1
1 2 1 1 1 1 1 1 1 1
1 1 1 1 1 1 1 0 0 0
0 1 1 1 1 1 0 0 0 0
0 0 1 0 1 1 0 0 0 0
0 0 0 0 1 1 0 0 0 0
0 0 0 0 0 0 0 0 0 0
Maze 194
89 17 3.3191489362 2.0479375372 50 0.366456970874746
72 97 48 49 4 36 23 37 47 20 96 56 68 31 68 72
92 47 400 44 34 33 33 400 17 16 400 66 61 61 62
401 402 400 401 401 401 401 400 402 402 400 401 401 401 402
0 0 0 1 0 0 0 0 0 0
0 0 0 1 0 1 1 1 1 1
0 0 1 1 0 1 1 0 0 0
1 0 1 1 1 1 1 0 0 0
1 0 0 1 1 1 1 1 1 0
1 0 0 0 0 1 1 0 0 0
1 1 1 1 1 1 1 1 0 0
0 2 0 0 0 1 1 0 0 0
0 1 0 0 0 1 1 0 0 0
0 1 1 1 1 1 1 0 0 0
Maze 195
105 367 3.1935483871 2.3379268973 65 0.373613293638725
66 21 36 96 21 92 77 25 30 44 10 7 82 88 96 66
61 31 400 91 91 72 75 400 24 4 400 2 400 86 400
401 401 400 401 401 402 401 400 402 402 400 402 400 402 400
0 1 1 1 1 1 1 1 1 1
0 1 0 1 0 0 0 0 0 0
1 1 0 1 1 1 1 1 1 1
1 1 1 1 1 1 0 0 0 0
1 1 0 1 1 1 0 0 0 0
1 1 0 0 1 1 0 0 0 0
1 1 1 1 1 2 0 0 0 0
1 1 1 1 1 1 1 0 0 0
1 1 1 1 1 1 1 1 0 0
1 1 1 1 1 1 0 0 0 0
Maze 196
81 4 2.7931034483 2.3453276357 22 0.357624305439414
70 66 76 28 30 75 42 12 4 19 10 91 33 44 36 70
400 400 26 400 25 72 400 2 14 9 1 31 43 34 66
400 400 402 400 402 401 400 402 401 402 402 402 401 402 401
1 1 1 1 1 1 1 1 1 1
1 1 0 1 1 1 1 1 1 0
1 1 0 0 1 1 1 1 1 1
1 1 1 1 1 1 0 0 0 0
1 1 1 1 1 1 0 0 0 0
1 1 0 0 1 1 0 0 0 0
1 1 0 0 1 1 1 1 1 2
1 1 1 1 1 1 0 0 0 0
1 0 0 0 0 0 0 0 0 0
1 0 0 0 0 0 0 0 0 0
Maze 197
111 168 3.3548387097 2.2424167071 104 0.366152943351428
56 87 80 6 88 18 10 73 33 7 90 60 52 100 73 56
86 77 76 86 400 8 3 400 3 87 400 400 92 93 53
401 402 401 401 400 402 402 400 402 401 400 400 401 401 402
0 0 1 1 1 1 1 1 1 1
0 0 1 0 0 1 1 1 0 0
0 0 1 0 0 1 1 1 0 0
0 0 1 0 0 1 1 1 0 0
0 0 1 0 0 1 1 1 0 0
0 1 1 1 1 2 1 1 1 1
0 1 1 0 0 1 1 1 0 1
0 1 1 0 0 1 1 1 1 1
0 1 1 0 0 1 1 1 1 1
0 1 1 1 1 1 1 1 1 1
Maze 198
129 213 3.4642857143 1.8297863982 183 0.394750398277005
7 22 78 21 6 11 90 45 7 92 86 7 26 50 1 7
2 72 71 1 1 81 85 5 2 82 6 6 46 41 400
402 401 401 402 402 401 401 402 402 402 402 402 401 401 400
1 1 1 1 1 1 2 0 0 0
1 1 0 0 1 1 0 0 0 0
1 1 0 0 1 1 0 0 0 0
1 1 0 0 1 1 0 0 0 0
1 1 1 1 1 1 1 1 1 1
1 1 0 0 1 1 0 0 0 0
1 1 0 0 1 1 0 0 0 0
1 1 1 1 1 1 1 1 0 0
1 1 1 1 1 1 1 1 1 1
0 1 0 0 0 0 0 0 0 0
Maze 199
99 42 3.7200000000 2.0755034841 62 0.380224856731518
48 38 8 69 86 80 7 70 3 88 55 48 1 33 32 48
400 400 68 66 76 77 67 63 83 85 45 41 31 400 42
400 400 401 402 402 401 401 401 401 401 402 401 401 400 401
1 0 1 0 0 0 1 1 0 0
1 0 1 0 0 0 1 1 0 0
1 0 1 0 0 0 1 1 0 0
1 1 1 0 0 0 1 1 0 0
1 1 1 1 1 1 1 2 0 0
0 0 1 0 1 0 1 1 0 0
0 0 1 1 1 1 1 1 1 1
0 0 1 0 1 1 1 1 1 1
0 0 1 1 1 1 1 1 0 0
0 0 0 0 0 0 0 0 0 0
Maze 200
115 392 3.6071428571 2.0535518162 140 0.391789621866878
10 25 67 1 81 56 28 76 5 49 29 92 63 25 62 10
5 65 61 400 51 26 26 75 45 400 22 62 23 22 2
402 401 401 400 402 402 402 401 401 400 402 402 402 402 402
1 1 1 1 1 1 1 1 1 2
1 1 0 0 1 0 0 0 0 0
1 1 1 1 1 1 1 1 1 0
1 1 1 0 1 1 0 0 1 0
1 1 1 0 1 1 1 1 1 0
1 1 1 1 1 1 0 0 0 0
1 1 1 1 1 1 1 0 0 0
1 1 0 0 1 1 0 0 0 0
1 1 0 0 0 0 0 0 0 0
0 1 0 0 0 0 0 0 0 0
