numMazes: 200
mazeSize: 10
Maze 1
109 98 3.1384615385 2.1566795577 97 0.389489746073728
20 72 37 70 50 85 85 80 53 62 98 40 2 55 31 20
12 32 67 400 45 400 75 73 52 92 38 32 52 51 11
402 402 401 400 402 400 402 401 402 401 402 401 401 401 402
0 1 0 0 0 0 0 0 0 0
1 1 1 1 1 1 1 1 1 2
1 1 0 0 0 0 0 0 0 0
1 1 1 1 1 1 1 1 1 1
1 1 0 0 1 1 1 1 1 1
1 1 1 1 1 0 1 1 0 1
0 1 1 0 1 0 1 1 1 1
0 1 1 1 1 1 1 1 1 1
0 1 0 0 1 0 0 1 0 0
0 1 1 1 1 1 1 1 0 0
Maze 2
81 33 3.0400000000 2.1850306080 26 0.363546711981503
49 20 47 98 98 67 26 14 16 83 25 41 48 42 86 49
19 17 97 400 97 66 24 400 13 23 21 400 400 82 46
402 402 401 400 401 401 401 400 402 402 402 400 400 401 402
0 0 0 0 0 0 0 0 0 0
0 0 1 1 1 1 1 1 1 1
1 1 1 1 1 1 1 0 1 0
1 0 1 0 0 1 1 0 1 0
1 1 1 1 1 1 1 1 2 0
0 1 1 0 0 1 1 0 0 0
0 1 1 0 0 1 1 0 0 0
0 1 1 0 0 1 1 0 0 0
0 1 1 1 1 1 1 0 0 0
0 0 0 0 0 0 1 1 0 0
Maze 3
77 96 3.1428571429 2.1987059689 30 0.369041724569691
46 65 60 16 37 31 82 93 84 30 52 52 2 23 67 46
45 55 56 36 400 81 92 83 24 22 400 400 22 63 66
402 402 401 401 400 401 401 402 402 402 400 400 401 401 401
0 1 0 0 0 0 0 0 0 0
0 1 0 0 0 1 0 0 0 0
0 1 1 1 1 1 1 1 1 1
1 1 1 1 1 1 1 0 0 0
1 1 1 1 1 2 0 0 0 0
1 1 1 1 1 1 1 1 1 1
1 0 1 1 1 1 1 0 0 0
1 0 0 1 0 0 0 0 0 0
1 1 1 1 0 0 0 0 0 0
0 1 1 0 0 0 0 0 0 0
Maze 4
109 225 3.1746031746 2.2425627421 92 0.400128694337424
83 66 48 34 1 21 85 22 74 58 17 98 91 6 100 83
63 46 44 31 400 81 82 72 54 57 97 400 1 96 93
402 402 401 401 400 401 401 401 402 401 401 400 402 401 401
1 1 1 1 1 1 0 0 0 0
1 0 0 0 0 1 1 0 0 0
1 1 0 0 0 1 1 0 0 0
1 1 1 1 0 1 1 0 0 0
1 1 0 1 1 1 1 1 0 0
1 1 0 1 1 1 1 1 0 0
1 1 1 1 1 1 1 0 0 0
1 1 1 1 0 1 1 0 0 0
1 1 2 1 1 1 1 0 0 0
1 1 1 1 1 1 1 1 1 1
Maze 5
95 71 3.4347826087 1.9290100698 64 0.384282331326285
78 23 18 34 23 13 42 16 84 36 5 13 97 15 52 78
73 13 14 33 400 12 12 14 34 35 3 93 95 12 72
401 402 402 401 400 402 402 402 402 401 402 401 401 402 401
0 0 1 1 1 0 0 0 0 0
0 1 1 1 1 1 1 1 0 0
0 1 1 1 1 0 0 0 0 0
0 1 1 1 1 1 0 0 0 0
0 1 1 1 1 0 0 0 0 0
0 1 1 1 1 0 0 0 0 0
0 1 1 1 1 0 0 0 0 0
0 1 1 1 1 1 1 2 0 0
0 0 1 1 1 0 0 0 0 0
0 0 1 1 1 1 1 0 0 0
Maze 6
87 21 3.2916666667 2.0804349849 32 0.357466723110581
7 50 48 96 67 86 90 9 31 11 15 7 42 39 22 7
47 400 46 66 66 400 89 1 400 400 5 2 32 32 2
401 400 402 402 402 400 401 402 400 400 402 402 402 401 402
1 1 1 1 1 1 2 1 1 0
1 1 1 1 1 0 1 0 1 0
1 1 0 0 0 0 1 0 1 0
1 1 1 1 1 1 1 1 1 0
0 1 0 0 0 1 1 1 1 1
0 0 0 0 0 1 0 0 1 0
0 0 0 0 0 1 1 0 1 0
0 0 0 0 0 1 0 0 1 0
0 0 0 0 0 1 1 1 1 1
0 0 0 0 0 1 0 0 0 0
Maze 7
95 11 3.5263157895 1.7812500000 50 0.381175376768622
79 68 69 36 42 71 39 71 32 23 79 71 1 73 52 79
78 400 66 32 41 31 31 31 22 73 400 400 71 72 72
401 400 401 402 402 402 402 402 402 401 400 400 401 401 401
1 0 0 0 0 0 0 0 0 0
1 0 0 0 0 0 0 0 0 0
1 1 1 0 0 0 0 0 0 0
1 1 1 1 1 1 1 1 1 0
1 1 1 0 0 1 0 0 0 0
1 1 1 0 0 1 0 0 0 0
1 1 1 0 0 1 1 1 1 0
1 1 1 1 1 1 1 1 2 0
0 0 0 0 0 0 0 0 0 0
0 0 0 0 0 0 0 0 0 0
Maze 8
97 307 3.2592592593 2.1398263995 64 0.376386342510973
9 6 82 19 36 8 28 5 16 29 11 75 97 60 87 9
400 2 12 16 6 400 25 15 26 21 71 95 57 57 7
400 402 402 402 402 400 401 401 401 401 401 401 402 402 402
0 1 1 1 1 1 1 1 2 0
1 1 1 1 1 1 1 1 1 0
1 1 1 1 1 1 1 1 1 0
1 1 0 0 0 1 1 0 0 0
1 1 0 0 0 0 1 0 0 0
1 1 0 0 0 0 1 1 1 1
1 1 0 0 0 0 1 0 0 0
1 1 1 1 1 0 1 0 0 0
0 1 0 0 1 0 1 0 0 0
0 0 0 0 1 1 1 0 0 0
Maze 9
85 20 3.5555555556 2.1004771775 32 0.380322938672562
76 96 12 85 18 55 44 95 94 71 94 15 34 26 33 76
400 92 82 15 15 54 94 400 91 91 14 14 24 23 73
400 401 401 402 402 401 401 400 401 401 402 402 402 402 401
0 0 0 0 0 0 0 0 0 0
0 1 0 1 1 1 1 1 0 0
0 1 1 1 1 1 0 0 0 0
0 1 1 1 1 0 0 0 0 0
0 1 1 1 1 0 0 0 0 0
0 1 1 1 1 0 0 0 0 0
0 1 1 1 1 0 0 0 0 0
1 1 1 1 1 2 0 0 0 0
1 1 1 1 1 1 0 0 0 0
1 1 1 1 1 1 0 0 0 0
Maze 10
81 47 3.6969696970 1.7489699377 30 0.390087312809949
40 64 34 24 1 21 4 45 42 41 7 52 40 13 40 40
34 400 400 21 400 1 44 400 400 1 2 32 33 33 400
402 400 400 401 400 402 401 400 400 402 402 402 401 401 400
1 1 1 1 1 1 1 0 0 0
1 1 1 1 0 0 0 0 0 0
1 1 1 1 0 0 0 0 0 0
1 1 1 1 1 1 1 1 1 2
1 1 1 1 1 0 0 0 0 0
0 1 0 1 0 0 0 0 0 0
0 0 0 1 0 0 0 0 0 0
0 0 0 0 0 0 0 0 0 0
0 0 0 0 0 0 0 0 0 0
0 0 0 0 0 0 0 0 0 0
Maze 11
71 11 3.4146341463 2.1641603426 20 0.378352235029720
62 14 14 51 2 9 22 62 74 75 15 5 37 66 48 62
12 400 11 1 400 2 400 72 400 400 400 35 36 46 42
402 400 402 402 400 402 400 401 400 400 400 401 402 402 402
1 1 1 1 1 1 1 1 1 0
1 1 1 1 1 0 0 0 0 0
1 1 0 0 1 0 0 0 0 0
1 1 0 0 1 1 1 0 0 0
1 1 1 1 1 1 1 1 0 0
1 1 0 0 1 1 0 0 0 0
0 2 0 0 1 1 0 0 0 0
0 1 1 1 1 0 0 0 0 0
0 0 0 0 0 0 0 0 0 0
0 0 0 0 0 0 0 0 0 0
Maze 12
95 17 3.6000000000 1.8761377231 65 0.397331991466416
73 13 27 46 15 27 12 87 52 13 90 56 50 26 51 73
400 23 26 45 25 22 82 82 12 83 86 46 46 21 71
400 401 402 401 401 401 401 401 402 401 401 402 401 402 401
0 0 0 0 0 0 0 0 0 0
0 1 1 0 1 0 0 0 0 0
1 1 1 1 1 1 1 0 0 0
1 1 1 0 1 1 0 0 0 0
1 1 1 0 1 1 1 1 1 1
1 1 1 0 0 1 0 0 0 0
1 1 1 0 0 1 0 0 0 0
1 1 2 0 0 1 0 0 0 0
0 1 1 1 1 1 1 1 1 1
0 0 0 0 0 0 0 0 0 0
Maze 13
87 324 2.7333333333 2.2866579119 44 0.410221427869234
26 57 79 87 31 45 77 63 24 59 51 10 28 39 33 26
56 77 77 81 41 75 73 23 54 400 1 8 38 400 23
401 401 402 401 401 401 401 402 401 400 402 402 401 400 402
1 1 1 1 1 1 1 1 1 1
1 0 0 0 0 0 0 1 0 0
1 0 1 1 1 2 0 1 0 0
1 0 1 1 1 1 1 1 1 0
1 1 1 1 1 1 0 0 0 0
1 1 1 1 1 1 1 1 1 0
1 0 1 0 1 0 1 0 0 0
1 0 1 1 1 1 1 1 1 0
1 1 1 1 1 1 1 0 0 0
0 0 0 0 0 0 0 0 0 0
Maze 14
89 3 3.1282051282 1.7051055149 34 0.405061847936053
7 62 14 27 72 24 64 43 78 95 32 72 22 52 52 7
2 12 24 22 22 400 63 73 75 92 400 400 400 400 2
402 402 401 402 402 400 401 401 402 401 400 400 400 400 402
0 1 1 1 1 1 2 0 0 0
0 1 1 1 0 0 0 0 0 0
0 1 1 1 1 1 1 0 0 0
0 1 0 1 0 0 0 0 0 0
0 1 1 1 0 0 0 0 0 0
0 1 1 1 0 0 0 0 0 0
0 1 1 1 0 0 0 0 0 0
0 1 1 1 1 1 1 1 0 0
0 1 0 0 1 0 0 0 0 0
0 1 1 1 1 0 0 0 0 0
Maze 15
91 30 3.2800000000 2.1003805404 41 0.401956675168166
80 71 17 84 98 98 96 89 47 98 43 79 86 45 90 80
400 11 14 94 400 400 86 87 97 93 73 76 85 85 400
400 402 402 401 400 400 402 401 401 401 401 402 401 401 400
0 0 0 0 0 0 0 0 0 0
1 1 1 1 1 1 1 0 0 0
1 0 0 1 0 0 0 0 0 0
1 0 0 1 0 0 0 0 0 0
1 0 1 1 1 0 1 0 0 0
1 0 1 1 1 0 1 0 0 0
1 0 1 1 1 0 1 0 0 0
1 1 1 1 1 1 1 1 1 2
0 0 1 1 1 1 1 1 1 1
0 0 1 1 1 1 1 1 0 0
Maze 16
95 8 3.1186440678 2.2195666242 65 0.393122896891242
64 71 78 48 79 77 41 41 99 7 39 44 57 13 10 64
61 400 400 78 400 71 400 91 97 37 34 54 53 3 4
402 400 400 401 400 401 400 401 401 401 402 401 401 402 402
0 0 1 1 1 1 1 1 1 1
0 0 1 1 0 0 1 0 0 0
0 0 1 1 0 0 1 0 0 0
0 0 1 1 1 1 1 1 1 0
1 0 1 1 0 0 1 1 0 0
1 0 1 1 1 1 1 1 0 0
1 1 1 2 0 0 1 1 0 0
1 1 1 1 1 1 1 1 1 0
1 0 0 0 0 0 1 0 0 0
1 1 1 1 1 1 1 1 1 0
Maze 17
79 4 3.2173913043 2.1848414420 9 0.382204774866361
31 13 31 45 31 98 87 50 29 89 89 32 84 86 85 31
11 11 41 41 91 97 47 49 400 400 82 82 400 400 81
402 402 401 401 401 401 402 401 400 400 401 401 400 400 401
0 0 0 0 0 0 0 0 0 0
1 1 1 0 0 0 0 0 0 0
1 0 0 0 0 0 0 0 1 0
2 1 0 0 0 0 0 0 1 0
1 1 1 1 1 0 1 1 1 1
1 1 0 0 0 0 1 0 1 0
1 1 0 0 0 0 1 0 1 0
1 1 0 0 0 0 1 0 1 0
1 1 1 1 1 1 1 1 1 0
1 1 1 1 1 1 1 1 0 0
Maze 18
111 15 3.7000000000 1.6734680575 90 0.382783397623285
87 16 96 23 88 43 80 4 73 93 15 43 13 45 63 87
86 400 93 83 83 73 74 3 400 13 13 400 43 43 83
401 400 401 401 401 401 401 402 400 402 402 400 401 402 401
0 0 1 1 0 0 0 0 0 0
0 0 1 1 1 1 0 0 0 0
0 0 1 1 0 1 0 0 0 0
0 0 1 1 0 1 0 0 0 0
0 0 1 1 1 1 0 0 0 0
0 0 1 1 0 1 0 0 0 0
0 0 1 1 0 1 0 0 0 0
0 0 1 1 1 1 1 1 1 1
0 0 1 1 1 1 2 1 0 0
0 0 1 1 1 1 0 0 0 0
Maze 19
129 213 3.1372549020 1.7101357545 151 0.388560990890068
42 89 21 19 87 16 2 84 81 27 89 1 38 27 19 42
82 81 11 17 86 12 82 400 21 87 81 31 37 17 12
401 401 402 402 401 401 401 400 402 401 401 401 401 402 402
1 1 0 0 0 0 0 0 0 0
1 1 1 1 1 1 1 1 1 0
1 1 1 1 1 1 1 0 0 0
1 1 1 1 1 1 1 1 0 0
1 2 0 0 0 1 1 0 0 0
1 1 0 0 0 1 1 0 0 0
1 1 0 0 0 1 1 0 0 0
1 1 0 0 0 1 1 0 0 0
1 1 1 1 1 1 1 1 1 0
0 0 0 0 0 0 0 0 0 0
Maze 20
125 1021 3.3939393939 2.2432041413 116 0.400963900791549
51 10 62 38 77 87 41 1 70 12 26 90 54 45 78 51
1 2 32 37 400 81 400 61 62 22 86 84 44 75 71
402 402 402 402 400 401 400 401 401 401 401 401 402 401 401
1 1 1 1 1 1 1 1 1 1
1 1 0 0 0 0 0 0 0 0
1 1 1 1 1 1 0 0 0 0
1 1 1 1 1 1 1 1 0 0
1 1 0 1 1 1 1 0 0 0
2 1 0 1 1 1 1 0 0 0
1 1 1 1 1 1 1 1 1 1
1 1 1 1 1 1 1 1 0 0
1 1 1 1 1 1 1 1 1 1
0 0 0 0 0 0 0 0 0 0
Maze 21
97 57 3.1923076923 2.1446459614 60 0.375415828355224
24 100 78 23 11 41 91 45 81 75 17 100 75 84 95 24
94 98 73 21 400 400 41 41 71 15 97 95 74 94 94
401 401 401 401 400 400 402 402 402 402 401 401 402 401 401
0 0 0 0 0 0 0 0 0 0
1 0 0 0 1 1 1 0 0 0
1 1 1 2 1 0 1 0 0 0
1 0 1 1 1 0 1 0 0 0
1 1 1 1 1 0 1 0 0 0
1 0 1 1 1 0 1 0 0 0
1 0 1 1 1 0 1 0 0 0
1 1 1 1 1 1 1 1 0 0
1 0 0 1 1 0 1 1 0 0
1 0 0 1 1 1 1 1 1 1
Maze 22
73 21 3.1818181818 2.1506948435 16 0.385157741645381
11 52 55 7 16 52 23 26 30 23 26 59 66 37 64 11
51 400 5 6 12 22 400 400 400 400 56 56 36 34 61
401 400 402 402 402 402 400 400 400 400 401 402 402 402 401
0 0 0 0 1 1 1 0 0 0
2 1 1 1 1 1 0 0 0 0
1 1 1 1 1 1 1 1 1 1
1 1 0 1 1 1 1 0 0 0
1 1 0 1 1 1 0 0 0 0
1 1 1 1 1 1 1 1 1 0
1 1 1 1 0 1 0 0 0 0
0 0 0 0 0 0 0 0 0 0
0 0 0 0 0 0 0 0 0 0
0 0 0 0 0 0 0 0 0 0
Maze 23
75 205 3.5135135135 1.8895129420 35 0.396999772332194
18 58 25 65 6 19 58 28 86 37 17 60 67 54 74 18
400 55 400 5 16 18 400 26 36 400 57 57 64 400 14
400 401 400 402 401 402 400 402 402 400 401 402 401 400 402
0 0 0 0 1 1 0 0 0 0
0 0 0 1 1 1 1 2 1 0
0 0 0 1 1 1 1 1 0 0
0 0 0 1 1 1 1 1 0 0
0 0 0 1 1 1 1 1 0 0
0 0 0 1 1 1 1 1 1 1
0 0 0 1 1 1 1 0 0 0
0 0 0 1 0 1 0 0 0 0
0 0 0 0 0 1 0 0 0 0
0 0 0 0 0 0 0 0 0 0
Maze 24
69 4 2.5185185185 2.4176248799 13 0.371834132037389
17 10 39 50 16 16 17 63 65 21 94 54 69 59 5 17
7 9 49 46 400 400 13 400 61 91 400 64 400 55 15
402 402 401 401 400 400 402 400 401 401 400 401 400 401 401
0 0 0 0 1 0 1 1 1 1
0 0 1 1 1 1 2 0 1 0
1 0 1 0 1 1 0 0 1 0
1 0 1 0 1 1 0 0 1 0
1 0 1 0 1 1 1 1 1 1
1 0 1 1 1 1 1 1 1 0
1 1 1 1 1 1 1 1 1 0
1 0 0 1 0 0 0 0 0 0
1 0 0 1 0 0 0 0 0 0
1 1 1 1 0 0 0 0 0 0
Maze 25
93 195 2.8852459016 2.2757243445 56 0.393749218107244
12 88 93 93 91 16 70 65 15 74 86 80 50 85 67 12
82 83 400 400 11 66 400 400 14 84 76 400 45 65 62
401 402 400 400 402 401 400 400 402 401 402 400 402 402 401
0 0 0 0 0 0 0 0 0 0
1 2 1 1 1 1 0 0 0 0
1 1 0 1 1 1 0 0 0 0
1 1 0 1 1 1 0 0 0 0
1 1 0 1 1 1 1 1 1 1
1 1 0 1 1 1 0 0 0 1
1 1 1 1 1 1 1 1 1 1
1 1 0 1 1 1 1 1 1 1
1 1 1 1 1 1 1 1 0 0
1 1 1 0 0 0 0 0 0 0
Maze 26
93 69 3.3600000000 2.1359106386 39 0.369098551802408
43 44 5 63 87 65 43 57 18 82 39 2 53 96 95 43
400 4 3 83 85 63 53 17 12 32 32 52 93 400 93
400 402 402 401 401 401 401 402 402 402 401 401 401 400 401
0 1 1 1 1 0 0 0 0 0
0 1 1 1 1 1 1 1 0 0
0 1 1 1 0 0 1 0 0 0
0 1 1 1 1 1 1 1 1 0
0 1 2 1 0 0 1 0 0 0
0 1 1 1 1 1 1 0 0 0
0 1 1 1 1 0 0 0 0 0
0 1 1 0 1 0 0 0 0 0
0 1 1 1 1 1 1 0 0 0
0 0 1 1 1 1 0 0 0 0
Maze 27
93 21 3.0188679245 2.0750659336 36 0.392456063907430
32 42 33 10 14 23 96 96 25 72 81 20 28 85 28 32
400 32 3 4 13 93 400 95 22 71 11 18 25 25 22
400 402 402 402 402 401 400 401 402 402 402 402 402 402 402
0 0 1 1 1 1 1 1 1 1
1 1 1 1 1 1 1 1 1 1
1 1 1 1 1 1 1 1 0 0
1 2 1 0 1 0 0 0 0 0
1 1 1 0 1 0 0 0 0 0
1 1 1 0 1 0 0 0 0 0
1 1 1 0 1 0 0 0 0 0
1 1 1 0 1 0 0 0 0 0
1 0 1 0 1 0 0 0 0 0
0 0 1 1 1 1 0 0 0 0
Maze 28
101 24 3.2000000000 2.2127640624 71 0.370047739227757
17 35 68 58 30 37 10 62 12 98 6 90 69 73 75 17
15 65 400 28 27 7 2 400 92 96 86 89 63 400 15
402 401 400 402 402 402 402 400 401 401 401 401 402 400 402
0 1 1 1 1 1 1 1 1 1
0 1 0 0 1 1 2 0 0 0
0 1 0 0 1 1 1 1 1 1
0 1 0 0 1 1 1 1 0 0
0 1 0 0 1 1 0 1 0 0
0 1 0 0 1 1 0 1 0 0
0 1 1 1 1 1 1 1 1 0
0 1 1 1 1 1 0 0 1 0
0 1 0 0 0 1 1 1 1 1
0 1 1 1 1 1 1 1 0 0
Maze 29
115 112 3.6071428571 2.0331737955 147 0.394008426065241
67 70 16 16 78 21 38 13 90 7 80 41 73 60 39 67
400 66 400 76 71 31 33 83 87 77 71 71 53 59 37
400 401 400 401 401 401 401 401 401 401 401 401 402 401 402
0 0 0 0 0 0 1 0 0 0
0 0 1 0 0 1 1 0 0 0
1 0 1 0 0 1 1 0 0 0
1 1 1 1 1 1 1 1 1 0
1 0 1 0 0 1 1 0 1 0
1 0 1 1 1 1 1 1 1 1
1 0 1 0 0 1 2 1 1 1
1 1 1 1 1 1 1 1 1 1
0 0 1 1 1 1 1 1 1 1
0 0 0 0 0 0 0 0 0 0
Maze 30
81 37 3.1555555556 2.1085041588 26 0.381104791959260
37 68 9 38 33 34 54 36 74 20 45 66 70 51 13 37
67 8 8 400 400 400 34 34 14 15 65 400 61 11 33
401 402 402 400 400 400 402 402 402 402 401 400 401 402 401
0 0 0 0 0 0 0 1 1 0
1 1 1 1 1 1 1 1 1 1
1 0 1 1 1 0 0 1 0 0
1 0 1 1 1 1 2 1 0 0
1 0 0 1 1 0 1 1 0 0
1 0 0 1 1 0 1 1 0 0
1 1 1 1 1 1 1 1 1 1
0 0 0 1 0 0 0 0 0 0
0 0 0 0 0 0 0 0 0 0
0 0 0 0 0 0 0 0 0 0
Maze 31
107 26 3.3658536585 1.6731180561 66 0.394281486307676
95 76 44 15 45 94 14 99 73 52 20 14 57 74 20 95
75 74 14 400 44 400 94 93 72 12 400 54 54 14 15
402 401 402 400 402 400 401 401 401 402 400 401 402 402 402
0 0 0 0 0 0 0 0 0 0
0 1 1 1 1 1 1 1 1 1
0 1 0 1 1 0 0 0 0 0
0 1 0 1 1 0 0 0 0 0
0 1 0 1 1 0 0 0 0 0
0 1 0 1 1 1 1 0 0 0
0 1 0 1 1 0 0 0 0 0
0 1 1 1 1 1 0 0 0 0
0 0 1 1 1 0 0 0 0 0
0 0 1 1 2 1 1 1 1 0
Maze 32
127 313 3.6271186441 2.0381069951 191 0.396557091844433
71 18 35 59 92 5 88 31 1 55 90 15 53 86 80 71
11 15 55 52 2 85 81 400 51 85 85 13 83 76 400
402 402 401 402 402 401 401 400 401 401 401 402 401 402 400
1 1 1 1 1 0 0 0 0 0
1 1 1 1 1 1 1 1 0 0
1 1 1 0 1 0 0 0 0 0
1 1 1 0 1 0 0 0 0 0
1 1 1 0 1 0 0 0 0 0
1 1 1 1 1 1 1 1 1 0
1 1 1 0 1 0 0 0 0 0
2 1 1 1 1 1 1 1 1 1
1 1 1 1 1 1 1 1 1 1
0 1 0 0 0 0 0 0 0 0
Maze 33
79 136 3.0000000000 2.0708638520 35 0.390587633156033
59 45 51 34 94 73 98 80 65 98 82 77 47 34 89 59
55 41 31 400 93 93 78 75 95 92 72 400 44 84 400
401 402 402 400 401 401 402 401 401 401 402 400 401 401 400
0 0 0 0 0 0 0 0 0 0
0 0 0 0 0 0 0 0 0 0
0 0 0 0 0 0 0 0 0 0
1 1 1 1 0 0 0 0 0 0
1 1 1 1 1 1 1 0 0 0
1 0 0 1 1 1 1 1 2 0
0 0 0 1 1 0 1 0 1 0
0 1 1 1 1 1 1 1 1 1
0 1 1 1 1 1 1 1 1 0
0 1 1 1 1 1 1 1 0 0
Maze 34
111 63 3.7254901961 2.0481250853 66 0.381754382166682
17 86 75 99 23 87 4 77 92 5 42 92 77 33 37 17
16 85 95 93 83 84 74 72 2 2 400 72 73 400 400
402 401 401 401 401 401 401 402 402 402 400 402 401 400 400
0 1 1 1 1 0 0 0 0 0
0 1 0 1 0 1 2 0 0 0
0 1 1 1 0 1 1 0 0 0
0 1 1 1 1 1 1 0 0 0
0 1 1 1 0 1 0 0 0 0
0 1 1 1 0 1 0 0 0 0
0 1 1 1 0 1 0 0 0 0
0 1 1 1 1 1 1 0 0 0
0 1 1 1 1 1 1 0 0 0
0 1 1 1 1 1 1 1 1 0
Maze 35
93 102 3.1851851852 2.1152672496 45 0.385012590137729
4 92 14 65 73 36 35 65 28 15 41 63 29 97 96 4
2 12 64 63 33 400 400 25 25 11 61 23 27 400 94
402 402 401 402 402 400 400 402 401 402 401 402 402 400 401
0 1 1 2 0 0 0 0 0 0
1 1 1 1 1 0 0 0 0 0
1 1 1 1 1 1 1 1 1 0
1 1 1 1 1 1 1 0 0 0
1 1 1 1 1 0 1 0 0 0
1 1 1 1 1 0 1 0 0 0
1 1 1 1 1 0 1 0 0 0
0 1 1 1 0 0 1 0 0 0
0 1 0 1 0 0 1 0 0 0
0 1 0 1 1 1 1 0 0 0
Maze 36
75 11 2.5185185185 2.1575588297 26 0.379171660627498
24 26 6 51 77 20 79 94 82 73 93 3 2 33 73 24
400 400 1 71 17 19 74 92 72 400 400 400 32 400 23
400 400 402 401 402 402 402 401 402 400 400 400 401 400 402
1 1 1 1 1 1 0 0 0 0
1 1 1 0 0 1 1 1 1 1
1 1 1 2 1 1 1 0 1 0
1 1 1 0 0 0 1 0 1 0
1 0 1 0 0 0 1 0 1 0
1 0 1 0 0 0 1 0 1 0
1 0 1 0 0 0 1 0 1 0
1 1 1 1 1 1 1 1 1 0
0 1 1 1 0 0 0 0 0 0
0 1 1 1 0 0 0 0 0 0
Maze 37
107 28 3.4181818182 2.0544759984 81 0.393456178196745
66 13 77 51 68 84 88 62 54 10 24 15 59 13 8 66
63 73 71 61 64 400 82 52 4 4 14 55 53 3 6
401 401 401 401 402 400 401 402 402 402 402 401 401 402 402
0 0 1 1 1 1 1 1 1 1
0 0 1 1 1 1 0 0 0 0
0 0 1 1 1 1 0 0 0 0
0 0 1 1 1 1 0 0 0 0
0 0 1 1 1 1 0 0 0 0
1 1 1 1 1 1 1 1 1 0
1 1 1 1 1 2 1 1 0 0
1 1 1 1 1 1 1 0 0 0
0 1 1 1 1 1 1 1 0 0
0 0 0 0 0 0 0 0 0 0
Maze 38
111 1453 3.0476190476 2.1230564909 105 0.371326584872685
82 88 36 52 25 70 34 8 12 84 16 13 96 29 87 82
400 86 32 22 65 64 4 2 82 14 400 93 26 27 400
400 401 402 402 401 401 402 402 401 402 400 401 402 402 400
0 1 1 1 1 1 1 1 0 0
0 1 1 1 1 1 0 0 0 0
0 1 1 1 1 1 1 1 1 0
0 1 1 1 1 1 1 0 0 0
0 1 1 1 1 1 1 0 0 0
0 1 1 1 1 1 1 0 0 0
0 1 1 1 1 1 1 1 1 1
0 1 1 1 0 1 1 0 0 0
0 2 1 1 1 1 1 1 0 0
0 0 1 1 1 1 0 0 0 0
Maze 39
125 15 3.3877551020 1.6905770825 184 0.379508877316042
52 40 94 3 20 61 12 20 22 20 31 57 84 67 59 52
32 34 93 13 11 11 400 12 12 11 51 54 64 57 400
402 402 401 401 402 402 400 402 402 402 401 402 402 402 400
0 0 1 0 0 0 0 0 0 0
1 1 1 1 1 1 1 1 1 1
1 1 1 0 0 0 0 0 0 0
1 1 1 1 1 1 1 1 1 1
1 1 1 1 0 0 0 0 0 0
1 2 1 1 1 1 1 1 1 0
1 0 1 1 1 1 1 0 0 0
0 0 1 1 0 0 0 0 0 0
0 0 1 1 0 0 0 0 0 0
0 0 1 1 0 0 0 0 0 0
Maze 40
113 67 3.2068965517 2.0132285040 90 0.383233116846067
51 74 72 95 10 12 80 3 26 40 75 80 15 49 45 51
71 400 92 5 2 72 73 23 36 35 400 75 45 400 41
401 400 401 402 402 401 401 401 401 402 400 401 401 400 402
0 1 1 1 1 1 1 1 1 1
0 1 1 0 1 0 0 0 0 0
0 1 1 1 1 1 0 0 0 0
0 1 1 0 1 1 1 1 1 1
1 1 1 1 1 1 1 1 1 0
2 1 1 0 1 0 0 0 0 0
1 1 1 0 1 0 0 0 0 0
1 1 1 1 1 1 1 1 1 1
0 1 0 0 1 0 0 0 0 0
0 1 1 1 1 0 0 0 0 0
Maze 41
83 7 3.2888888889 2.1413861022 35 0.388931562143291
71 11 51 22 45 58 59 93 65 5 39 86 37 44 4 71
400 400 21 42 55 400 53 63 400 35 36 36 34 400 1
400 400 402 401 401 400 402 402 400 401 402 402 402 400 402
1 1 1 1 1 0 0 0 0 0
1 0 0 1 1 0 0 0 0 0
1 1 0 1 1 0 0 0 0 0
1 1 0 1 1 1 1 1 1 0
1 1 1 1 1 1 0 0 0 0
1 0 1 1 1 1 1 1 1 0
1 0 1 1 1 1 0 0 0 0
2 0 1 0 0 1 0 0 0 0
0 0 1 0 0 1 0 0 0 0
0 0 1 0 0 0 0 0 0 0
Maze 42
121 91 3.3437500000 2.0902539586 104 0.381801685120576
10 50 7 26 13 90 42 62 40 6 93 24 91 77 42 10
400 47 6 23 83 82 400 32 36 3 23 21 71 72 2
400 401 402 401 401 401 400 402 401 402 402 402 402 401 402
0 1 1 1 1 1 1 1 1 2
0 1 1 0 0 1 1 0 0 1
1 1 1 1 1 1 1 0 0 1
1 1 1 1 1 1 1 1 1 1
1 1 1 0 0 0 1 1 1 1
1 1 1 0 0 0 0 0 0 0
1 1 1 0 0 0 0 0 0 0
1 1 1 1 1 1 1 0 0 0
1 1 1 1 1 1 1 1 1 1
1 0 1 0 0 0 0 0 0 0
Maze 43
121 227 3.0606060606 2.0675427230 119 0.391929162515323
30 76 82 69 76 82 1 90 48 22 63 2 36 98 51 30
26 72 62 66 72 81 81 88 42 62 62 32 96 91 21
402 402 402 402 402 401 401 401 401 401 401 401 401 401 402
1 1 0 0 0 0 0 0 0 0
1 1 0 0 0 0 0 0 0 0
1 1 1 1 1 1 1 1 1 2
1 1 1 1 1 1 0 0 0 0
1 1 1 1 1 1 1 1 0 0
1 1 0 0 0 1 0 1 0 0
1 1 1 1 1 1 1 1 1 0
1 1 1 1 1 1 0 1 0 0
1 1 1 1 1 1 1 1 1 1
1 1 1 1 1 1 1 1 0 0
Maze 44
125 118 3.1935483871 2.0386291486 210 0.391517006775347
8 50 88 22 10 82 97 56 9 74 85 56 10 95 60 8
48 48 82 2 2 92 96 6 4 84 55 6 5 55 58
401 402 401 402 402 401 401 402 402 401 402 402 402 402 401
0 1 1 1 1 1 1 2 1 1
0 1 0 1 1 1 0 1 0 0
0 1 0 1 1 1 0 1 0 0
0 1 0 1 1 1 0 1 0 0
0 1 0 1 1 1 0 1 1 1
0 1 0 1 1 1 1 1 1 1
0 1 0 1 1 1 0 1 0 0
0 1 0 1 1 1 0 1 0 0
0 1 1 1 1 1 1 1 0 0
0 1 1 1 1 1 1 0 0 0
Maze 45
101 912 3.4909090909 2.2369178431 77 0.398069853086115
59 44 28 86 94 69 42 61 53 39 34 90 25 52 16 59
54 24 26 84 64 62 41 51 33 400 84 85 22 12 56
401 402 402 402 402 401 402 402 402 400 401 401 402 402 401
0 0 0 0 0 0 0 0 0 0
0 1 1 1 1 1 0 0 0 0
0 1 1 1 1 1 1 1 0 0
0 1 1 1 1 1 1 1 1 0
1 1 1 1 1 1 0 0 0 0
1 1 1 1 1 1 1 1 2 0
1 1 1 1 1 1 1 1 1 0
0 0 0 1 1 1 0 0 0 0
0 0 0 1 1 1 1 1 1 1
0 0 0 1 0 0 0 0 0 0
Maze 46
109 35 3.5471698113 2.0923689741 75 0.389338942388316
74 61 3 80 72 86 43 39 58 39 61 20 42 16 36 74
71 1 73 400 82 83 33 38 38 31 11 12 12 400 34
401 402 401 400 401 401 402 402 402 402 402 402 402 400 402
1 1 1 0 0 0 0 0 0 0
1 1 1 1 1 1 1 1 1 1
1 1 1 0 0 1 0 0 0 0
1 1 1 1 1 1 1 1 1 0
1 1 1 1 0 0 0 1 0 0
1 0 1 1 0 0 0 1 0 0
1 0 1 1 0 0 0 0 0 0
1 1 1 2 1 1 1 1 1 1
0 1 1 1 1 1 0 0 0 0
0 0 0 0 0 0 0 0 0 0
Maze 47
93 172 2.9285714286 2.2225016104 44 0.379252397359449
54 19 27 47 54 39 89 76 94 53 30 2 63 96 29 54
14 17 400 44 34 400 86 74 93 23 22 62 93 26 24
402 402 400 402 402 400 401 402 401 402 401 401 401 402 402
0 1 0 0 0 0 0 0 0 0
0 1 0 1 1 1 1 1 1 0
0 1 1 1 1 1 1 1 1 1
0 1 1 1 1 1 1 1 1 0
0 1 1 1 1 1 1 0 1 0
0 1 1 2 0 1 0 0 1 0
0 1 1 0 0 1 0 0 1 0
0 0 1 1 1 1 0 0 1 0
0 0 1 1 0 1 1 1 1 0
0 0 1 1 1 1 0 0 0 0
Maze 48
73 124 3.3000000000 2.0363789200 20 0.372097356654572
7 27 48 34 67 79 96 50 58 29 24 46 5 78 9 7
400 47 44 64 77 76 46 48 28 400 44 45 75 8 400
400 401 401 401 401 402 402 402 402 400 401 401 401 402 400
0 0 0 0 1 0 2 1 1 0
0 0 0 0 1 0 1 1 0 0
0 0 0 1 1 1 1 1 1 0
0 0 0 1 1 0 1 1 0 0
0 0 0 1 1 1 1 1 1 1
0 0 0 1 1 1 0 1 0 0
0 0 0 1 1 1 1 1 0 0
0 0 0 0 1 1 1 1 1 0
0 0 0 0 0 1 0 0 0 0
0 0 0 0 0 1 0 0 0 0
Maze 49
123 132 3.3134328358 2.1529356330 133 0.379089611206725
38 76 18 38 83 88 55 10 12 89 42 18 55 14 100 38
36 16 400 33 400 85 5 2 82 82 12 15 54 94 98
402 402 400 402 400 401 402 402 401 401 402 402 401 401 401
0 1 1 1 1 1 1 1 1 1
0 1 1 1 1 1 1 1 0 0
0 1 0 1 1 1 0 1 0 0
0 1 1 1 1 1 1 2 0 0
0 1 1 1 1 1 0 1 0 0
0 1 1 1 1 1 0 1 0 0
0 1 1 1 1 1 0 1 0 0
0 1 1 1 1 1 0 1 0 0
0 1 1 1 1 1 1 1 1 0
0 0 0 1 1 1 1 1 1 1
Maze 50
79 25 3.0769230769 1.7308634976 22 0.367174667010189
90 24 73 19 32 31 21 19 15 25 32 46 87 89 85 90
84 23 13 12 400 400 11 400 400 22 42 86 400 400 400
401 402 402 402 400 400 402 400 400 402 401 401 400 400 400
0 0 0 0 0 0 0 0 0 0
1 1 1 1 1 1 1 1 1 0
1 1 1 1 1 0 0 0 0 0
1 1 1 1 0 0 0 0 0 0
0 1 1 1 1 1 0 0 0 0
0 0 1 1 0 1 0 0 0 0
0 0 1 1 0 1 0 0 0 0
0 0 1 1 0 1 0 0 0 0
0 0 0 1 1 1 1 1 1 2
0 0 0 0 0 0 0 0 0 0
Maze 51
101 10 2.9642857143 2.1460047655 46 0.386101019172569
69 70 77 72 98 91 44 40 39 94 64 41 97 11 10 69
400 67 400 92 400 41 34 400 34 400 61 91 91 1 9
400 402 400 401 400 402 402 400 402 400 401 401 401 402 402
1 1 1 1 1 1 1 1 1 1
1 0 0 0 0 0 0 0 1 0
1 0 0 0 0 0 0 0 1 0
1 0 0 1 1 1 1 1 1 1
1 1 1 1 0 0 0 0 1 0
1 0 0 1 0 0 0 0 1 0
1 1 1 1 0 0 1 1 2 1
1 1 1 1 1 1 1 0 0 0
1 1 0 1 0 0 0 0 0 0
1 1 1 1 1 1 1 1 0 0
Maze 52
111 88 3.7333333333 1.8233308686 85 0.383155593225487
12 42 16 30 62 97 34 29 13 58 4 19 34 2 84 12
400 12 26 22 92 94 24 23 53 54 14 14 32 82 82
400 402 401 402 401 401 402 401 401 401 401 402 401 401 401
0 1 0 1 0 0 0 0 0 0
0 2 1 1 1 1 1 1 1 0
0 1 1 1 1 1 1 1 1 1
0 1 1 1 0 0 0 0 0 0
0 1 1 1 0 0 0 0 0 0
0 1 1 1 1 1 1 1 0 0
0 1 0 1 0 0 0 0 0 0
0 1 0 1 0 0 0 0 0 0
0 1 1 1 0 0 0 0 0 0
0 1 1 1 1 1 1 0 0 0
Maze 53
91 95 2.8253968254 2.3317922840 50 0.406899108961130
11 37 82 80 98 41 72 43 4 28 30 78 100 88 17 11
31 32 72 78 91 71 42 3 24 400 28 98 98 87 400
401 402 402 402 401 401 402 402 401 400 402 401 401 401 400
0 0 1 1 0 0 0 0 0 0
2 1 1 1 1 1 1 0 0 0
1 0 1 1 1 1 1 1 1 1
1 1 1 1 1 1 1 1 0 0
1 1 1 0 0 0 1 1 0 0
1 1 0 0 0 0 1 1 0 0
1 1 0 0 0 0 1 1 0 0
1 1 1 1 1 1 1 1 1 1
1 1 0 0 0 0 1 1 0 0
1 1 1 1 1 1 1 1 1 1
Maze 54
87 6 3.6000000000 1.9500406340 19 0.396172939054818
44 85 31 95 97 22 2 98 18 68 99 96 83 61 52 44
84 81 91 400 92 400 92 400 400 98 400 93 81 51 42
401 401 401 400 401 400 401 400 400 401 400 401 401 402 402
0 1 0 0 0 0 0 0 0 0
0 1 0 0 0 0 0 1 0 0
0 1 0 0 0 0 0 1 0 0
1 1 0 0 0 0 0 1 0 0
1 1 1 2 0 0 0 1 0 0
1 1 0 1 0 0 0 1 0 0
1 1 0 1 0 0 0 1 0 0
1 1 0 1 0 0 0 1 0 0
1 1 1 1 1 0 0 1 0 0
1 1 1 1 1 1 1 1 1 0
Maze 55
69 2 2.4313725490 2.1523357009 20 0.396783675579304
35 63 26 5 4 43 63 11 26 77 37 50 58 49 99 35
33 23 25 400 3 400 61 21 76 400 47 48 48 400 95
402 402 401 400 402 400 401 401 401 400 401 402 402 400 401
0 0 1 1 1 0 0 0 0 0
1 0 1 0 1 0 0 0 0 0
1 1 1 1 1 1 0 0 0 0
1 0 1 1 2 1 1 0 0 0
1 0 1 0 1 1 1 1 1 1
1 0 1 0 1 1 1 1 1 0
1 1 1 0 1 1 1 0 1 0
0 0 0 0 1 1 1 0 1 0
0 0 0 0 1 0 0 0 1 0
0 0 0 0 1 1 1 1 1 0
Maze 56
77 23 2.9230769231 2.2534804966 30 0.385562790556422
88 93 45 73 2 40 27 15 19 70 60 34 23 58 79 88
83 43 43 72 32 37 25 400 69 400 54 33 53 78 78
402 402 402 401 401 401 401 400 401 400 401 401 401 401 402
0 1 0 0 0 0 0 0 0 0
0 1 0 0 1 1 1 1 1 0
0 1 1 0 1 1 1 0 1 0
0 1 1 1 1 1 1 1 1 1
0 1 1 1 1 0 0 0 1 0
0 1 1 1 1 1 1 1 1 1
0 1 1 0 0 0 0 1 1 1
0 1 1 0 0 0 0 1 1 0
0 0 1 1 1 1 1 2 0 0
0 0 1 0 0 0 0 0 0 0
Maze 57
67 24 3.1052631579 2.0555064245 20 0.381490367456226
59 44 93 75 37 40 76 61 76 14 34 24 25 17 56 59
54 43 73 35 400 36 71 71 74 400 400 400 15 16 400
401 402 402 402 400 402 401 401 401 400 400 400 402 402 400
0 0 0 0 0 0 0 0 0 0
0 0 0 1 1 1 1 0 0 0
0 0 0 1 1 1 0 0 0 0
0 0 0 1 1 1 1 1 1 1
0 0 1 1 1 1 0 0 0 0
0 0 1 1 1 1 1 1 2 0
1 0 1 1 1 1 0 0 0 0
1 1 1 1 1 1 0 0 0 0
0 0 1 0 0 0 0 0 0 0
0 0 1 0 0 0 0 0 0 0
Maze 58
97 199 3.0588235294 1.9743243843 60 0.383245403700363
42 86 53 61 45 9 54 87 93 5 73 57 9 1 1 42
82 83 51 41 5 4 84 83 3 3 53 7 400 400 41
401 401 402 402 402 402 401 402 402 402 402 402 400 400 401
1 1 1 1 1 1 1 1 1 0
1 0 1 1 1 0 1 0 0 0
1 0 1 1 1 0 1 0 0 0
1 0 1 1 1 0 1 0 0 0
1 2 1 1 1 0 1 0 0 0
1 1 1 1 1 1 1 0 0 0
1 1 1 1 0 0 0 0 0 0
0 1 1 1 0 0 0 0 0 0
0 1 1 1 1 1 1 0 0 0
0 0 1 0 0 0 0 0 0 0
Maze 59
107 70 3.1290322581 2.2485530561 91 0.354500901324867
90 75 95 42 80 100 89 40 72 73 20 20 91 13 92 90
85 400 92 72 400 99 39 32 400 13 400 11 11 12 82
401 400 401 401 400 401 402 402 400 402 400 402 402 402 402
0 0 0 0 0 0 0 0 0 0
1 1 1 1 1 1 1 1 1 1
1 1 1 0 0 0 0 0 0 0
1 1 1 1 1 1 1 1 1 1
1 1 1 0 0 0 0 0 1 0
1 1 1 0 0 0 0 0 1 0
1 1 1 0 0 0 0 0 1 0
1 1 1 1 1 1 1 1 1 1
1 1 1 1 1 1 1 1 1 2
1 1 1 1 1 0 0 0 1 1
Maze 60
97 19 3.3170731707 1.6734025194 71 0.382803771476304
37 40 4 86 14 18 63 54 58 6 74 14 86 45 60 37
400 34 84 84 400 13 53 400 56 4 400 84 85 55 57
400 401 401 401 400 402 402 400 401 402 400 401 401 401 401
0 0 0 1 1 1 0 0 0 0
0 0 1 1 1 1 1 1 0 0
0 0 1 1 0 1 0 0 0 0
0 0 1 1 1 1 2 1 1 1
0 0 1 1 1 1 1 0 0 0
0 0 1 1 1 1 1 1 1 1
0 0 1 1 1 0 0 0 0 0
0 0 0 1 1 0 0 0 0 0
0 0 0 1 1 1 0 0 0 0
0 0 0 0 0 0 0 0 0 0
Maze 61
83 67 3.1428571429 2.2172037100 30 0.396363255359074
1 17 2 71 62 75 36 93 95 54 91 99 76 78 78 1
11 12 1 61 72 35 33 400 94 51 400 96 400 400 71
401 401 402 402 401 402 402 400 401 402 400 401 400 400 401
2 1 0 0 0 0 0 0 0 0
1 1 1 1 1 1 1 0 0 0
1 0 0 0 0 0 0 0 0 0
1 0 1 1 1 1 0 0 0 0
1 0 1 0 1 0 0 0 0 0
1 1 1 1 1 0 0 0 0 0
1 1 1 1 1 0 0 0 0 0
1 1 1 1 1 1 1 1 0 0
1 0 1 1 0 1 0 0 0 0
1 1 1 1 1 1 1 1 1 0
Maze 62
91 60 3.5454545455 1.8915111435 38 0.395918119213980
35 62 39 96 62 63 77 12 100 63 53 74 44 41 23 35
32 32 36 92 400 73 72 92 93 400 73 400 400 21 33
402 402 402 401 400 401 401 401 401 400 401 400 400 402 401
0 0 0 0 0 0 0 0 0 0
0 1 0 0 0 0 0 0 0 0
1 1 1 0 0 0 0 0 0 0
1 1 1 1 2 1 1 1 1 0
1 1 1 1 0 1 0 0 0 0
0 1 1 1 0 1 0 0 0 0
0 1 1 1 0 1 0 0 0 0
0 1 1 1 1 1 1 0 0 0
0 1 1 0 0 1 0 0 0 0
0 1 1 1 1 1 1 1 1 1
Maze 63
77 7 2.8510638298 2.0714889014 23 0.387806365810864
17 4 73 47 33 56 65 67 91 2 43 93 55 59 17 17
14 3 43 43 53 55 400 61 1 42 400 53 400 57 400
401 402 402 401 401 402 400 402 402 401 400 402 400 401 400
1 1 1 1 0 0 0 0 0 0
1 1 1 1 1 1 2 0 0 0
1 1 1 0 0 0 1 0 0 0
1 1 1 0 0 0 1 0 0 0
1 1 1 1 1 1 1 0 0 0
1 0 1 1 1 1 1 1 1 0
1 1 1 1 1 1 1 0 0 0
1 0 1 0 0 0 0 0 0 0
1 0 1 0 0 0 0 0 0 0
1 0 1 0 0 0 0 0 0 0
Maze 64
95 10 3.1063829787 1.9256726096 66 0.386192952340278
87 18 34 43 62 21 86 35 78 55 78 60 85 11 78 87
17 14 33 42 61 81 85 75 75 75 58 55 81 71 77
402 402 402 402 401 401 401 401 401 401 402 402 401 401 402
0 0 0 0 0 0 0 0 0 0
1 0 0 1 1 1 1 1 0 0
1 0 0 1 0 0 1 0 0 0
1 0 1 1 1 0 1 0 0 0
1 1 1 0 1 0 1 0 0 0
1 1 0 0 1 1 1 1 1 1
1 1 0 0 1 0 1 1 0 0
1 1 1 1 1 1 1 1 0 0
1 1 1 1 1 1 2 0 0 0
0 0 0 0 0 0 0 0 0 0
Maze 65
129 104 3.6170212766 1.7181989167 201 0.381639619356833
77 45 94 49 94 6 51 36 59 21 71 50 11 56 31 77
75 44 44 44 4 1 31 56 51 400 41 41 51 51 71
401 402 402 402 402 402 402 401 401 400 402 401 401 401 401
1 1 1 1 1 1 0 0 0 0
1 0 0 1 0 0 0 0 0 0
1 0 0 1 0 0 0 0 0 0
1 1 1 1 1 1 0 0 0 0
1 1 1 1 1 1 1 1 1 1
1 1 1 1 1 1 1 1 1 0
1 0 0 1 1 0 0 0 0 0
1 1 1 1 1 1 2 0 0 0
0 0 0 1 0 0 0 0 0 0
0 0 0 1 0 0 0 0 0 0
Maze 66
93 133 3.2156862745 2.0466196453 32 0.376914726362542
81 85 80 26 75 40 87 82 41 37 70 30 21 26 31 81
400 75 76 25 35 37 400 81 31 67 400 400 400 21 400
400 402 401 402 402 402 400 401 402 401 400 400 400 402 400
0 0 0 0 0 0 0 0 0 0
0 0 0 0 0 0 0 0 0 0
1 1 1 1 1 1 1 1 1 1
1 1 1 1 1 1 1 1 1 1
1 0 0 0 1 1 1 0 0 1
1 0 0 0 1 1 1 0 0 1
1 0 0 0 1 1 1 1 1 1
1 0 0 0 1 1 1 1 1 1
2 1 1 1 1 1 1 0 0 0
0 0 0 0 0 0 0 0 0 0
Maze 67
85 2 3.4418604651 1.9251786428 39 0.374527376297816
65 25 55 18 78 17 78 14 77 73 72 32 85 72 88 65
400 400 15 400 77 77 74 74 400 400 400 82 82 82 85
400 400 402 400 401 401 401 401 400 400 400 401 401 401 401
0 0 0 0 0 0 0 0 0 0
0 0 0 1 1 1 1 1 0 0
0 0 0 1 1 0 1 1 0 0
0 1 0 1 1 0 1 1 0 0
0 1 0 1 1 0 1 1 0 0
0 1 0 1 1 0 1 1 0 0
0 1 0 1 2 0 1 1 0 0
0 1 1 1 1 1 1 1 0 0
0 1 1 1 1 1 1 1 0 0
0 0 0 0 0 0 0 0 0 0
Maze 68
101 309 3.2653061224 1.8889449313 71 0.396988035289846
47 65 86 23 84 34 2 47 73 9 19 76 53 30 42 47
45 85 83 83 400 32 42 43 3 400 16 73 23 22 400
402 401 401 401 400 401 401 402 402 400 402 401 402 402 400
0 1 1 1 1 1 1 1 1 0
0 1 1 0 0 1 1 1 1 0
0 1 1 1 1 1 1 1 1 1
0 1 1 1 0 1 0 0 0 0
0 1 1 1 1 1 2 0 0 0
0 0 1 1 1 1 0 0 0 0
0 0 1 1 1 1 0 0 0 0
0 0 1 1 1 1 0 0 0 0
0 0 1 1 1 1 0 0 0 0
0 0 0 0 0 0 0 0 0 0
Maze 69
99 15 3.3478260870 1.9360348096 58 0.396366290769996
27 31 49 82 24 72 13 92 58 28 18 79 85 23 43 27
21 41 42 22 22 12 12 52 400 400 78 75 83 400 23
402 401 402 402 402 402 402 402 400 400 401 402 401 400 402
0 0 0 0 0 0 0 0 0 0
0 1 1 0 0 0 0 1 0 0
1 1 1 1 1 1 2 1 0 0
1 1 1 0 0 0 0 1 0 0
1 1 1 1 1 1 1 1 1 0
0 1 1 1 1 1 1 1 0 0
0 1 1 0 0 0 0 1 0 0
0 1 1 0 1 1 1 1 1 0
0 1 1 1 1 0 0 0 0 0
0 1 0 0 0 0 0 0 0 0
Maze 70
83 298 2.8727272727 2.3349467373 23 0.365693877950107
76 5 54 46 100 28 75 55 40 29 58 42 3 65 63 76
75 4 44 96 98 25 400 35 39 28 52 2 63 400 73
401 402 402 401 401 402 400 402 401 402 401 402 401 400 401
0 1 1 1 1 0 0 0 0 0
0 1 1 1 1 0 0 0 0 0
0 1 1 1 1 1 1 1 1 0
0 1 1 1 1 1 1 1 1 1
0 1 1 1 1 1 0 1 0 0
0 1 1 1 1 1 1 1 0 0
0 0 1 1 1 1 0 1 0 0
0 0 1 1 1 2 0 1 0 0
0 0 0 0 0 1 0 1 0 0
0 0 0 0 0 1 1 1 1 1
Maze 71
105 1382 3.4482758621 2.2397489900 120 0.394137474434091
67 89 21 79 35 33 76 69 22 83 33 38 3 18 98 67
87 81 71 75 400 73 66 62 82 400 400 33 13 400 97
401 401 401 401 400 401 402 401 401 400 400 401 401 400 401
0 0 1 0 0 0 0 0 0 0
0 0 1 1 1 1 1 1 0 0
1 1 1 0 0 0 0 1 0 0
1 1 1 1 1 1 1 1 0 0
1 1 1 0 1 0 0 1 0 0
1 1 1 0 1 0 0 1 0 0
1 1 1 1 1 1 2 1 1 0
1 1 1 1 1 1 1 1 1 0
1 1 1 1 1 1 1 1 1 0
0 0 0 0 0 0 1 1 0 0
Maze 72
93 33 3.1428571429 1.9251786428 50 0.381966530959330
2 12 56 76 33 63 17 58 28 25 48 71 20 13 71 2
400 52 400 73 400 13 57 400 400 45 41 11 400 11 1
400 401 400 401 400 402 401 400 400 401 402 402 400 402 402
1 2 0 0 0 0 0 0 0 0
1 1 1 1 1 1 1 1 1 1
1 1 1 0 1 1 1 1 0 0
1 1 1 0 1 0 1 1 0 0
1 1 1 1 1 1 1 1 0 0
1 1 1 1 1 1 1 1 0 0
1 0 1 0 0 1 0 0 0 0
1 0 1 1 1 1 0 0 0 0
0 0 0 0 0 0 0 0 0 0
0 0 0 0 0 0 0 0 0 0
Maze 73
103 113 3.5294117647 2.1256024605 59 0.375432763602580
47 33 22 77 61 47 95 41 21 10 33 61 88 22 47 47
43 32 72 71 41 45 91 400 1 3 31 81 82 42 400
401 401 401 401 402 402 401 400 402 402 402 401 401 401 400
1 1 1 1 1 1 1 1 1 1
1 0 1 0 0 0 0 0 0 0
1 1 1 0 0 0 0 0 0 0
1 1 1 0 0 0 0 0 0 0
1 1 1 1 1 1 2 0 0 0
1 1 0 0 1 0 0 0 0 0
1 1 0 0 1 0 0 0 0 0
1 1 1 1 1 1 1 0 0 0
1 1 1 1 1 1 1 1 0 0
1 1 1 1 1 0 0 0 0 0
Maze 74
79 337 3.0638297872 2.2073402913 35 0.366566571277590
67 89 28 52 87 78 77 85 86 16 63 85 93 70 53 67
87 88 22 82 77 400 75 400 400 13 83 83 63 63 63
401 401 402 401 402 400 402 400 400 402 401 402 402 401 401
0 0 0 0 0 0 0 0 0 0
0 0 1 1 1 1 0 0 0 0
0 1 1 1 1 1 1 1 0 0
0 1 1 0 0 1 0 1 0 0
0 1 1 0 0 1 0 1 0 0
0 1 1 0 0 1 0 1 0 0
0 1 1 1 1 1 2 1 1 1
0 1 1 0 1 1 1 1 0 0
0 1 1 1 1 1 1 1 1 0
0 0 1 0 0 0 0 0 0 0
Maze 75
115 215 3.5185185185 2.0136905464 139 0.388670106795744
8 30 43 18 79 69 68 12 39 63 38 75 8 10 82 8
28 23 13 78 400 400 62 32 33 33 35 5 400 2 2
401 402 402 401 400 400 401 401 402 402 402 402 400 402 402
0 1 1 1 1 1 1 2 1 1
0 1 1 1 1 1 1 1 0 0
0 1 1 1 1 1 1 1 1 1
0 1 1 1 1 1 1 1 1 0
0 1 1 0 1 0 0 1 0 0
0 1 1 0 1 0 0 1 0 0
0 1 1 1 1 1 1 1 1 0
0 1 0 0 1 0 0 1 1 0
0 1 0 0 0 0 0 0 0 0
0 0 0 0 0 0 0 0 0 0
Maze 76
87 72 3.3600000000 2.2853392385 56 0.382020195560752
67 10 16 2 33 63 26 39 25 42 16 99 76 83 60 67
7 6 12 32 400 23 36 35 22 12 96 96 73 53 57
402 402 401 401 400 402 401 401 402 402 401 401 402 402 402
0 1 0 0 0 1 1 1 1 1
0 1 1 1 1 1 1 0 0 0
0 1 1 1 1 1 1 0 0 0
0 1 1 0 1 1 1 1 1 0
0 1 1 0 0 1 1 0 0 0
0 0 1 1 1 1 1 1 1 1
0 0 1 0 0 1 2 0 0 0
0 0 1 1 1 1 0 0 0 0
0 0 1 0 0 1 0 0 0 0
0 0 0 0 0 1 1 1 1 0
Maze 77
105 4000 2.7500000000 2.3712022910 97 0.398690493470279
29 78 32 87 45 22 43 16 58 81 100 19 87 63 33 29
28 72 82 85 42 42 13 56 51 91 99 17 83 400 23
402 401 401 401 401 401 402 401 402 401 401 402 401 400 402
0 0 0 0 0 0 0 0 0 0
0 0 1 1 1 1 1 1 1 0
0 1 1 1 1 1 1 1 2 0
0 1 1 0 0 1 1 1 1 0
0 1 1 1 1 1 1 1 1 0
1 1 1 1 1 1 1 1 1 0
1 1 1 0 1 0 1 1 1 0
1 1 1 1 1 1 1 1 1 0
1 1 1 1 1 1 1 0 1 0
1 1 1 1 1 1 1 1 1 1
Maze 78
95 43 3.1764705882 1.9974214096 60 0.393755794463746
63 72 19 33 1 34 84 68 88 38 14 72 9 27 12 63
62 12 13 31 31 400 64 400 400 34 12 2 7 22 62
402 402 402 401 401 400 402 400 400 401 402 402 402 401 401
1 1 1 1 1 1 1 1 1 0
1 1 1 1 1 1 1 1 1 0
1 1 1 1 1 1 1 0 0 0
1 1 1 1 1 1 1 1 0 0
0 1 0 1 0 0 0 1 0 0
0 1 0 1 0 0 0 1 0 0
0 1 2 1 1 1 1 1 0 0
0 1 0 1 0 0 0 1 0 0
0 0 0 1 0 0 0 1 0 0
0 0 0 0 0 0 0 0 0 0
Maze 79
89 207 2.8148148148 2.1198111672 21 0.379069084490016
65 91 93 64 50 18 35 49 93 98 100 40 31 46 19 65
61 400 63 44 48 15 45 43 400 400 400 400 41 16 15
402 400 402 402 401 402 401 402 400 400 400 400 401 402 402
0 0 0 0 0 0 0 0 0 0
0 0 0 0 1 1 1 1 1 0
0 0 0 0 1 1 0 1 0 0
1 1 1 1 1 1 1 1 1 1
1 1 1 1 1 1 1 1 1 1
0 0 1 1 1 0 0 0 0 1
1 1 1 1 2 0 0 0 0 1
1 0 1 0 0 0 0 0 0 1
1 0 1 0 0 0 0 0 0 1
1 1 1 1 1 1 1 1 1 1
Maze 80
97 72 3.4693877551 2.0080830232 60 0.401456919617450
50 26 12 67 56 38 3 80 53 30 69 76 36 49 34 50
46 22 62 66 36 33 73 73 23 29 66 400 46 44 44
401 401 401 401 402 401 401 401 402 402 402 400 401 401 401
0 0 1 0 0 0 0 0 0 0
0 1 1 0 0 0 0 0 0 0
0 1 1 1 1 1 1 1 1 1
0 1 1 1 1 1 1 1 1 0
0 1 1 1 1 1 1 1 1 2
0 1 1 0 0 1 0 0 1 0
0 1 1 1 1 1 1 1 1 0
0 0 1 1 1 1 1 1 1 1
0 0 0 0 0 0 0 0 0 0
0 0 0 0 0 0 0 0 0 0
Maze 81
107 73 3.3600000000 1.9454274503 69 0.378085267053862
15 99 29 31 15 96 100 72 74 43 95 39 73 65 93 15
95 400 21 11 95 400 92 400 73 93 35 33 63 63 13
401 400 402 402 401 400 401 400 401 401 402 402 402 402 402
0 0 0 0 0 0 0 0 0 0
1 1 1 1 2 0 0 0 0 0
1 1 1 1 1 1 1 1 1 0
1 0 1 1 1 1 1 1 1 0
0 0 1 0 1 0 0 0 1 0
0 0 1 0 1 0 0 0 1 0
0 0 1 1 1 0 0 0 1 0
0 1 1 1 1 0 0 0 1 0
0 1 1 0 1 0 0 0 1 0
0 1 1 1 1 1 1 1 1 1
Maze 82
101 33 3.3043478261 1.8651989032 64 0.393947202614018
22 11 57 92 26 74 8 86 98 44 57 74 72 12 82 22
21 51 52 22 24 4 6 96 94 54 54 400 400 400 400
401 401 402 402 402 402 402 401 401 401 402 400 400 400 400
0 0 0 1 1 1 1 1 0 0
1 1 0 1 0 1 0 0 0 0
1 2 1 1 1 1 0 0 0 0
1 1 0 1 0 1 0 0 0 0
1 1 0 1 0 1 0 0 0 0
1 1 1 1 1 1 1 0 0 0
0 1 0 1 0 1 0 0 0 0
0 1 1 1 0 1 0 0 0 0
0 1 0 1 0 1 0 0 0 0
0 1 0 1 1 1 1 1 0 0
Maze 83
115 315 3.6140350877 2.1375018684 140 0.385613634009574
49 51 19 1 11 28 54 32 49 27 90 7 62 88 73 49
41 11 11 400 21 24 52 42 47 87 87 2 82 83 43
402 402 401 400 401 402 401 401 401 401 401 402 401 401 402
1 1 1 1 1 1 1 0 0 0
1 1 1 1 1 1 1 1 1 0
1 1 1 1 1 1 1 1 0 0
1 1 0 1 0 0 1 0 0 0
1 1 1 1 1 1 1 1 2 0
1 1 1 1 0 0 1 0 0 0
0 1 1 0 0 0 1 0 0 0
0 1 1 0 0 0 1 0 0 0
0 1 1 1 1 1 1 1 1 1
0 0 0 0 0 0 0 0 0 0
Maze 84
113 193 3.3818181818 2.0644929671 91 0.383769724056039
77 30 71 50 8 42 76 11 47 55 35 34 64 10 4 77
27 21 41 48 2 72 71 41 45 400 400 400 4 400 74
402 402 402 401 402 401 401 401 402 400 400 400 402 400 401
0 1 1 1 1 1 1 1 1 1
1 1 0 1 0 0 0 1 0 0
1 1 1 1 1 1 1 1 1 1
1 1 0 1 1 0 1 1 0 0
1 1 1 1 1 1 1 1 1 1
1 1 0 1 1 0 1 0 0 0
1 1 0 1 0 0 1 0 0 0
1 1 1 1 1 1 2 0 0 0
0 0 0 0 0 0 0 0 0 0
0 0 0 0 0 0 0 0 0 0
Maze 85
101 119 3.4814814815 2.1857791348 65 0.393788823525833
98 40 58 13 92 18 5 27 77 15 77 63 50 8 48 98
38 38 53 12 12 15 25 400 75 75 73 43 48 400 400
402 402 401 402 402 401 401 400 401 401 401 402 401 400 400
0 0 0 0 1 0 0 1 0 0
0 1 1 1 1 1 1 1 0 0
0 1 1 0 1 1 1 1 0 0
0 1 1 0 1 0 1 1 1 1
0 1 1 1 1 1 1 1 1 1
0 1 1 1 1 1 1 1 0 0
0 1 1 0 1 0 1 1 0 0
0 1 1 1 1 1 1 1 0 0
0 1 0 0 0 0 0 1 0 0
0 1 0 0 0 0 0 2 0 0
Maze 86
83 295 3.3777777778 2.0576317263 30 0.387879706742557
36 84 89 59 89 5 69 56 58 80 27 66 70 13 25 36
34 400 400 400 85 65 66 400 78 77 26 400 63 23 35
402 400 400 400 401 401 401 400 401 401 402 400 401 401 401
0 0 0 0 1 0 0 0 0 0
0 0 1 0 1 0 0 0 0 0
0 0 1 1 1 1 1 0 0 0
0 0 1 1 1 2 1 0 0 0
0 0 1 1 1 1 1 0 0 0
0 0 1 1 1 1 1 1 1 0
0 0 1 1 1 1 1 1 1 1
0 0 0 1 1 0 1 1 1 1
0 0 0 1 1 1 1 1 1 0
0 0 0 0 0 0 0 0 0 0
Maze 87
99 204 3.0714285714 2.1839035784 47 0.397541825980095
17 24 10 36 64 21 95 14 36 73 31 41 87 79 12 17
14 4 6 34 61 91 94 34 33 71 400 81 77 72 400
402 402 402 402 401 401 401 401 402 401 400 401 402 401 400
0 0 0 1 1 1 1 1 1 1
0 1 1 1 1 1 2 0 0 0
1 1 0 1 0 1 0 0 0 0
1 1 1 1 1 1 0 0 0 0
1 1 1 1 0 0 0 0 0 0
1 1 1 1 0 0 0 0 0 0
1 1 1 1 0 0 0 0 0 0
1 1 1 1 1 1 1 1 1 0
1 1 1 1 1 1 1 0 0 0
1 1 1 1 1 0 0 0 0 0
Maze 88
103 138 3.1929824561 2.1105177172 64 0.372631386902440
71 24 4 89 16 38 53 3 15 20 65 20 10 3 87 71
21 400 84 86 36 33 400 13 400 15 15 400 400 83 81
402 400 401 401 401 402 400 401 400 402 402 400 400 401 401
0 0 1 1 1 1 1 1 1 1
0 0 1 1 1 1 1 1 1 1
1 1 1 1 1 1 0 0 0 0
1 0 1 1 1 1 1 1 0 0
1 0 1 1 1 1 0 0 0 0
1 0 1 1 1 1 0 0 0 0
1 0 1 1 1 1 0 0 0 0
2 0 1 1 0 1 0 0 0 0
1 1 1 1 1 1 1 1 1 0
0 0 0 0 0 0 0 0 0 0
Maze 89
99 98 3.0163934426 2.2187711799 84 0.372857392685160
30 89 19 62 10 18 63 77 98 8 22 24 25 31 54 30
29 400 12 2 8 13 73 97 400 2 400 400 21 51 24
402 400 402 402 402 402 401 401 400 402 400 400 402 401 402
0 1 1 1 1 1 1 1 1 1
0 1 1 1 1 1 1 1 1 0
1 1 1 1 1 1 1 1 1 2
1 1 1 1 0 0 0 1 1 0
1 1 1 1 0 0 0 1 1 0
1 1 1 1 0 0 0 1 1 0
0 1 1 0 0 0 0 1 1 0
0 0 1 1 1 1 1 1 1 0
0 0 0 0 0 0 1 1 1 0
0 0 0 0 0 0 1 1 0 0
Maze 90
91 474 2.7017543860 2.1357520149 56 0.369645406872203
51 53 79 58 100 6 17 97 97 71 27 83 31 22 92 51
400 73 78 98 96 16 400 400 91 21 23 81 21 400 91
400 401 401 401 401 401 400 400 401 402 402 401 402 400 401
0 0 0 0 0 1 0 0 0 0
0 0 0 0 0 1 1 0 0 0
1 1 1 1 1 1 1 0 0 0
1 1 1 0 0 1 1 0 0 0
1 1 1 0 0 1 1 0 0 0
2 1 1 0 0 1 1 1 0 0
1 1 1 0 0 1 1 1 0 0
1 1 1 1 1 1 1 1 1 0
1 1 1 0 0 1 1 1 0 0
1 1 1 1 1 1 1 1 1 1
Maze 91
113 335 3.2666666667 2.1215378385 81 0.400814675256761
52 27 20 61 31 74 30 5 60 7 5 37 69 21 7 52
22 17 11 400 71 24 25 55 57 400 35 67 61 1 2
402 402 402 400 401 402 401 401 401 400 401 401 401 402 402
1 1 1 1 1 1 1 0 0 0
1 1 1 1 1 1 1 1 1 1
1 1 1 1 1 1 1 1 1 1
1 1 0 1 1 1 1 0 0 0
1 1 0 1 1 0 1 0 0 0
1 2 0 1 1 1 1 1 1 1
1 1 1 1 1 1 1 1 1 0
1 1 1 1 0 0 0 0 0 0
0 0 0 0 0 0 0 0 0 0
0 0 0 0 0 0 0 0 0 0
Maze 92
83 39 3.0869565217 2.1098800302 26 0.384943190180206
23 68 90 32 54 27 56 39 66 66 32 67 66 49 41 23
63 88 82 52 24 26 36 36 400 62 62 400 46 400 21
401 401 401 401 402 402 402 402 400 401 401 400 402 400 402
0 0 0 0 0 0 0 0 0 0
0 0 0 0 0 0 0 0 0 0
1 1 2 1 1 1 1 0 0 0
1 1 1 1 0 1 1 1 1 0
1 1 1 1 1 1 1 1 1 0
0 1 1 1 0 1 0 0 0 0
0 1 1 1 1 1 1 1 0 0
0 1 0 0 0 0 0 1 0 0
0 1 1 1 1 1 1 1 1 1
0 0 0 0 0 0 0 0 0 0
Maze 93
67 12 2.7692307692 1.9933261918 13 0.393296429734759
56 59 78 86 73 55 73 25 60 44 65 82 83 16 17 56
400 58 76 83 53 53 23 55 54 64 62 400 13 400 16
400 402 402 401 402 402 402 401 401 401 402 400 402 400 402
0 0 0 0 0 0 0 0 0 0
0 0 1 1 1 1 1 0 0 0
0 0 1 1 1 1 0 0 0 0
0 0 1 0 1 1 0 0 0 0
0 0 1 1 1 1 0 0 0 0
0 0 1 1 1 2 1 1 1 1
0 1 1 1 1 0 0 1 0 0
0 1 1 0 0 1 1 1 0 0
0 1 1 1 1 1 0 0 0 0
0 0 0 0 0 0 0 0 0 0
Maze 94
99 74 2.8000000000 2.2654447277 51 0.384492335230708
100 83 55 35 95 73 21 10 19 79 72 27 96 25 73 100
93 53 400 400 93 71 1 9 400 400 22 26 95 23 93
401 402 400 400 401 401 402 402 400 400 402 402 401 402 401
1 1 1 1 1 1 1 1 1 1
1 0 0 0 0 0 0 0 1 0
1 1 1 1 1 1 1 0 1 0
1 1 1 0 1 1 0 0 1 0
1 1 1 0 1 1 0 0 1 0
1 1 1 1 1 1 0 0 1 0
1 1 1 0 1 1 0 0 1 0
1 1 1 1 1 1 1 1 1 0
0 0 1 0 1 1 0 0 0 0
0 0 1 1 1 1 1 1 1 2
Maze 95
125 12366 3.0129870130 2.3678553073 174 0.388343647954288
98 19 63 78 16 32 69 79 14 84 31 97 9 2 60 98
18 13 73 76 12 62 400 74 400 81 91 7 400 52 58
402 402 401 401 402 401 400 401 400 401 401 402 400 401 402
0 1 1 1 1 1 1 1 1 0
0 1 1 1 1 1 1 1 1 0
0 1 1 1 0 1 1 1 0 0
1 1 1 1 0 1 1 1 0 0
1 1 1 1 0 1 1 1 0 0
1 1 1 1 1 1 1 1 1 1
1 1 1 1 1 1 1 1 1 0
1 0 1 1 1 1 1 1 1 0
1 1 1 1 0 0 1 1 0 0
1 1 1 1 1 1 1 2 0 0
Maze 96
105 171 2.8235294118 2.2580311572 91 0.391621533253862
48 10 32 49 92 60 59 89 31 61 3 53 42 95 16 48
8 2 42 42 52 400 400 81 400 1 400 52 92 15 46
402 402 401 402 402 400 400 401 400 402 400 401 401 402 401
1 1 1 1 1 1 1 1 1 1
1 1 1 0 1 1 0 1 0 0
1 1 1 0 1 1 0 1 0 0
1 1 1 0 1 1 0 1 0 0
1 1 1 1 1 1 1 2 1 0
1 1 1 1 1 1 1 1 1 1
1 1 0 0 1 0 0 0 1 0
1 1 0 0 1 0 0 0 1 0
1 1 1 1 1 1 1 1 1 0
0 1 1 1 1 0 0 0 0 0
Maze 97
97 365 3.1071428571 2.2573010794 58 0.403248173064012
17 2 91 34 6 56 87 91 58 92 77 34 61 61 45 17
12 1 31 4 400 86 81 51 52 72 74 31 400 41 15
401 402 402 402 400 401 402 402 402 402 401 402 400 402 402
1 1 0 1 1 1 0 0 0 0
1 1 1 1 1 1 2 0 0 0
1 0 0 1 1 1 0 0 0 0
1 1 1 1 1 1 0 0 0 0
1 1 1 1 1 1 0 0 0 0
1 1 1 1 1 1 1 1 0 0
1 1 0 1 0 1 0 0 0 0
1 1 1 1 1 1 1 0 0 0
1 1 1 1 1 1 1 0 0 0
1 1 0 0 0 0 0 0 0 0
Maze 98
97 228 3.1481481481 2.1415321292 71 0.394740111630258
28 40 64 49 96 23 48 57 16 87 86 100 29 73 12 28
38 34 44 46 93 43 47 56 86 400 96 99 23 72 22
401 402 402 402 401 401 402 401 401 400 401 401 402 401 401
0 0 0 0 0 0 0 0 0 0
0 1 0 0 0 1 0 0 0 0
0 1 1 1 1 1 1 2 1 0
0 1 1 1 1 1 1 1 1 1
0 1 1 1 1 1 1 1 1 0
0 1 1 1 0 1 1 0 1 0
0 1 1 1 0 1 0 0 1 0
0 1 1 0 0 1 0 0 1 0
0 0 1 0 0 1 1 0 1 0
0 0 1 1 1 1 1 1 1 1
Maze 99
93 97 2.9818181818 2.1675701093 56 0.398146955686308
73 19 58 77 48 3 43 86 49 99 57 21 40 73 83 73
13 18 57 47 43 400 83 46 400 97 51 31 33 400 400
402 402 402 402 401 400 401 402 400 401 401 401 402 400 400
0 0 1 0 0 0 0 0 0 0
0 0 1 1 1 1 1 1 1 0
1 0 1 0 0 0 0 1 0 0
1 1 1 1 1 1 1 1 1 1
1 0 1 1 1 1 1 1 1 0
1 1 1 1 1 1 1 1 1 0
0 0 1 0 0 1 1 0 1 0
0 0 2 0 0 1 1 0 1 0
0 0 1 1 1 1 1 0 1 0
0 0 0 0 0 0 1 1 1 0
Maze 100
73 11 3.3023255814 2.1768188456 16 0.399670207417665
65 87 57 33 80 93 83 63 54 48 79 9 90 78 97 65
85 400 53 73 73 400 400 53 44 78 400 89 88 77 95
401 400 401 401 402 400 400 402 402 401 400 401 401 402 401
0 0 0 0 0 0 0 0 1 0
0 0 0 0 0 0 0 0 1 0
0 0 0 0 0 0 0 0 1 0
0 0 1 0 0 0 0 0 1 0
0 0 1 1 1 1 1 1 1 0
0 0 1 1 1 1 1 1 1 0
0 0 1 0 2 0 1 1 1 0
0 0 1 1 1 1 1 1 1 1
0 0 1 0 1 1 1 1 1 1
0 0 1 0 1 1 1 0 0 0
Maze 101
87 77 3.0181818182 2.2330575306 45 0.398568157676993
89 27 67 68 81 15 85 12 24 64 86 58 26 47 16 89
87 400 400 61 11 400 82 22 400 84 56 56 46 46 86
401 400 400 402 402 400 401 401 400 401 402 401 401 401 401
0 0 0 0 0 0 0 0 0 0
1 1 1 1 1 1 0 0 0 0
1 1 1 1 1 1 1 0 0 0
1 1 0 1 1 1 1 0 0 0
1 1 0 1 1 1 1 0 0 0
1 1 0 1 1 1 1 1 0 0
1 1 1 1 1 1 1 1 0 0
1 1 0 1 1 1 1 0 0 0
1 1 1 1 1 1 1 1 2 0
0 0 0 0 0 0 0 0 0 0
Maze 102
89 116 3.1739130435 1.9744911536 25 0.373142423899808
49 70 24 20 64 16 73 23 44 14 52 45 76 41 58 49
69 64 14 14 14 13 400 43 400 12 42 75 71 51 48
401 401 402 402 402 402 400 401 400 402 402 401 401 401 402
0 0 0 0 0 0 0 0 0 0
0 1 1 1 1 1 1 1 1 1
0 1 1 1 0 0 0 0 0 0
0 1 1 1 0 0 0 0 0 0
1 1 1 1 1 0 0 1 2 0
1 1 1 1 1 1 1 1 1 0
1 0 1 1 1 1 1 1 1 1
1 1 1 1 1 1 0 0 0 0
0 0 0 0 0 0 0 0 0 0
0 0 0 0 0 0 0 0 0 0
Maze 103
103 63 3.2413793103 2.2912421463 55 0.372950031563686
53 57 20 68 51 79 35 71 3 9 41 68 56 57 96 53
400 17 18 61 71 75 31 1 400 1 61 66 400 56 93
400 402 402 401 401 401 402 402 400 402 401 401 400 402 401
1 1 1 1 1 1 1 1 1 0
1 0 0 0 0 0 1 1 1 1
1 0 0 0 0 0 1 1 0 0
1 1 1 1 1 0 1 1 0 0
1 0 0 0 1 0 1 1 0 0
1 0 2 1 1 1 1 1 0 0
1 1 1 1 1 1 1 1 0 0
1 1 1 1 1 1 1 1 1 0
0 0 1 0 0 1 0 0 0 0
0 0 1 1 1 1 0 0 0 0
Maze 104
91 261 3.0612244898 1.9986791005 35 0.375332700653428
91 85 56 19 55 51 48 86 53 33 71 88 97 19 85 91
81 55 16 15 400 41 46 83 400 31 81 87 17 15 81
402 402 402 402 400 402 402 401 400 402 401 402 402 402 402
0 0 0 0 0 0 0 0 0 0
0 0 0 0 1 1 1 1 1 0
0 0 0 0 1 1 1 0 0 0
1 1 1 0 1 1 1 0 0 0
1 1 1 1 1 1 1 1 0 0
1 1 1 1 1 1 1 0 0 0
1 0 1 0 1 1 1 0 0 0
1 0 1 0 1 1 1 0 0 0
1 1 1 1 1 1 1 1 0 0
2 0 0 0 0 0 1 0 0 0
Maze 105
89 6578 3.5510204082 2.1971063840 50 0.378340791392678
29 8 65 46 39 19 34 93 63 9 37 31 22 67 72 29
28 5 45 36 400 14 33 400 3 7 400 21 62 62 22
401 402 402 402 400 402 402 400 402 402 400 402 401 402 402
0 0 1 1 1 1 1 1 1 0
0 0 1 1 1 1 1 1 1 0
1 1 1 1 1 1 1 1 2 0
1 1 1 1 1 1 1 1 1 0
0 1 1 0 1 1 0 0 0 0
0 1 1 0 1 0 0 0 0 0
0 1 1 1 1 1 1 0 0 0
0 1 1 0 0 0 0 0 0 0
0 0 1 0 0 0 0 0 0 0
0 0 1 0 0 0 0 0 0 0
Maze 106
85 18 2.9387755102 2.0064259606 39 0.361216094521070
72 39 70 68 61 94 13 16 8 17 22 72 2 82 97 72
32 69 400 400 91 93 400 6 7 12 400 400 400 92 92
402 401 400 400 401 401 400 402 402 402 400 400 400 401 401
0 1 0 0 0 1 1 1 0 0
0 1 1 1 1 1 1 0 0 0
0 1 1 0 0 0 0 0 0 0
0 1 1 1 1 1 1 1 1 0
0 1 1 0 0 0 0 0 1 0
0 1 1 0 0 0 0 0 1 0
1 1 1 1 1 1 1 1 1 1
1 2 1 0 0 0 0 0 0 0
1 1 1 0 0 0 0 0 0 0
1 1 1 1 1 1 1 0 0 0
Maze 107
91 158 2.8214285714 2.0529113234 44 0.396051605191452
2 19 97 23 53 11 14 69 73 53 81 94 83 66 49 2
12 17 93 400 51 400 64 63 400 51 91 93 63 46 42
401 402 401 400 401 400 401 402 400 402 401 401 402 402 401
0 2 0 0 0 0 0 0 0 0
1 1 1 1 1 1 1 1 1 0
1 1 1 1 0 0 1 0 0 0
1 1 1 1 0 0 1 0 0 0
1 1 1 1 1 1 1 1 1 0
1 1 1 1 0 1 1 0 0 0
1 0 1 1 1 1 1 1 1 0
1 0 1 0 0 0 1 0 0 0
1 0 1 0 0 0 1 0 0 0
1 1 1 1 1 1 1 0 0 0
Maze 108
85 10 2.7777777778 2.2479453680 44 0.370899518796977
39 60 34 6 26 22 51 8 31 11 55 52 97 89 75 39
59 54 4 400 400 21 1 1 400 51 400 92 87 85 35
401 401 402 400 400 402 402 402 400 401 400 401 402 401 402
1 1 1 1 1 1 1 1 0 0
1 0 0 1 0 1 0 0 0 0
1 1 1 1 1 1 0 0 0 0
1 0 0 1 1 1 1 1 2 0
1 0 0 1 1 0 0 0 1 0
1 1 1 1 1 1 1 1 1 1
0 1 0 0 1 0 0 0 0 0
0 1 0 0 1 0 0 0 0 0
0 1 0 0 1 1 1 1 1 0
0 1 1 1 1 1 1 0 0 0
Maze 109
117 245 2.9459459459 2.3171639307 148 0.375443483336793
76 89 40 15 96 11 28 64 20 92 98 89 9 31 41 76
86 39 35 95 91 21 24 14 12 400 88 400 1 400 71
401 402 401 401 401 401 402 402 402 400 402 400 402 400 401
1 1 1 1 1 1 1 1 1 0
1 1 1 1 1 1 1 1 1 1
1 1 1 1 1 1 1 1 1 0
1 1 0 1 1 1 1 1 1 1
1 1 0 1 1 0 0 0 1 0
1 1 0 1 1 0 0 0 1 0
1 1 0 1 1 0 0 0 1 0
1 1 1 1 1 2 0 0 1 0
1 1 0 0 1 1 1 1 1 0
1 1 1 1 1 1 1 1 0 0
Maze 110
91 37 2.8214285714 2.1598682574 50 0.385984316089339
7 4 23 55 60 35 40 83 41 38 69 72 85 1 18 7
400 3 53 400 55 400 33 81 31 68 62 82 81 11 17
400 402 401 400 401 400 402 401 402 401 402 401 401 401 401
1 0 1 1 1 1 2 0 0 0
1 1 1 1 1 1 1 1 0 0
1 0 1 0 0 0 0 0 0 0
1 1 1 1 1 1 1 1 1 1
1 0 1 0 1 0 0 1 0 0
1 0 1 1 1 1 1 1 1 1
1 1 1 1 1 1 1 1 1 0
1 1 1 0 0 0 0 0 0 0
1 1 1 1 1 0 0 0 0 0
0 0 0 0 0 0 0 0 0 0
Maze 111
109 28 3.5087719298 2.1010616463 99 0.380879306453996
66 79 80 82 42 60 4 41 3 90 68 90 12 38 52 66
76 400 72 400 52 54 1 1 83 88 88 82 32 32 62
401 400 402 400 401 401 402 402 401 401 401 401 401 402 401
1 1 1 1 0 0 0 0 0 0
1 1 1 1 0 0 0 0 0 0
1 1 1 1 0 0 0 0 0 0
1 1 1 1 1 1 1 1 0 0
1 1 1 1 0 0 0 0 0 0
0 1 1 1 1 1 1 1 1 1
0 1 1 1 1 2 0 1 0 0
0 1 1 1 1 1 1 1 1 1
0 1 1 1 1 1 1 1 1 1
0 0 0 0 0 0 0 0 0 0
Maze 112
87 227 2.6562500000 2.4452812924 45 0.366448189235366
53 61 40 46 30 23 7 19 27 85 22 14 99 79 79 53
51 31 36 26 400 3 17 17 25 82 12 94 400 400 73
402 402 402 402 400 402 401 402 402 401 402 401 400 400 401
0 0 1 1 1 1 1 0 0 0
0 1 1 1 0 0 1 1 1 0
0 1 1 1 1 1 1 1 1 1
1 1 1 1 1 1 1 1 1 1
1 1 0 1 1 1 0 0 0 0
1 1 2 1 1 0 0 0 0 0
1 1 1 1 1 0 0 0 0 0
0 1 1 1 1 1 1 1 1 0
0 1 1 1 1 0 0 0 1 0
0 0 0 1 1 1 1 1 1 0
Maze 113
97 161 2.6774193548 2.2590934011 60 0.377564483372045
64 98 48 83 42 24 10 28 97 37 93 92 6 59 84 64
94 400 43 82 22 4 8 27 400 33 400 2 56 54 400
401 400 402 401 402 402 402 402 400 402 400 402 401 402 400
0 1 1 1 1 1 1 1 1 1
0 1 0 1 0 1 0 1 0 0
0 1 1 1 0 1 1 1 0 0
0 1 1 1 1 1 1 0 0 0
0 1 1 1 1 1 1 1 0 0
0 1 1 1 1 1 1 1 1 0
0 1 1 2 0 0 1 1 0 0
0 1 1 1 0 0 1 1 0 0
0 1 1 1 0 0 1 1 0 0
0 1 1 1 1 1 1 1 0 0
Maze 114
117 53 3.2857142857 2.0587156403 79 0.382988099649986
60 51 74 19 32 51 94 51 2 7 49 10 52 60 21 60
400 71 14 12 31 91 91 1 400 47 9 2 400 51 51
400 401 402 402 402 401 401 402 400 401 402 402 400 401 401
1 1 1 1 1 1 1 1 1 1
1 1 1 1 1 1 1 1 1 0
1 1 0 1 0 0 1 0 1 0
1 1 0 1 0 0 1 0 1 0
1 1 0 1 0 0 1 1 1 0
1 1 1 1 1 1 1 1 1 2
1 0 0 1 0 0 0 0 0 0
1 1 1 1 0 0 0 0 0 0
1 0 0 0 0 0 0 0 0 0
1 1 1 1 0 0 0 0 0 0
Maze 115
91 37 3.0196078431 2.0858885378 50 0.369528755895305
86 8 18 99 46 70 7 37 85 52 96 44 74 97 64 86
6 400 98 96 66 67 400 35 82 92 94 400 94 94 84
402 400 401 401 401 401 400 402 401 401 401 400 401 401 401
0 0 0 0 0 1 1 1 0 0
0 0 0 0 0 1 1 1 0 0
0 0 0 0 0 1 1 1 0 0
0 0 0 0 1 1 1 1 0 0
0 0 0 1 1 1 1 1 0 0
0 1 0 1 1 1 1 1 0 0
0 1 0 1 1 1 1 1 1 1
0 1 0 1 1 1 0 1 0 0
0 1 1 1 1 2 0 1 0 0
0 1 1 1 1 1 1 1 1 0
Maze 116
121 7081 3.4411764706 2.2285697010 124 0.390074328760271
8 86 40 50 65 29 5 89 12 10 54 54 20 77 100 8
6 36 400 45 25 25 85 82 2 4 400 14 17 97 98
402 402 400 402 402 401 401 401 402 402 400 402 402 401 401
0 1 1 1 1 1 1 2 1 1
0 1 0 1 1 1 1 1 1 1
0 1 0 1 1 1 1 1 1 0
0 1 0 1 1 1 1 1 1 1
0 1 0 1 1 1 1 1 1 1
0 1 0 1 1 1 1 1 0 0
0 1 0 0 1 1 1 1 0 0
0 1 0 0 1 1 1 1 0 0
0 1 1 1 1 1 1 1 1 0
0 0 0 0 0 0 1 1 1 1
Maze 117
121 11145 3.1267605634 2.2855910376 131 0.386892070723683
14 86 9 92 17 55 91 39 88 7 75 98 87 77 59 14
84 6 2 12 15 51 31 38 87 5 95 97 400 57 54
401 402 402 402 402 402 402 402 401 402 401 401 400 402 401
0 1 1 1 1 1 1 1 1 0
0 1 1 2 1 1 1 0 0 0
0 1 0 1 1 1 1 0 0 0
1 1 1 1 1 1 1 1 1 0
1 1 0 1 1 1 1 1 0 0
1 1 1 1 1 1 1 1 1 0
1 1 0 1 1 1 1 1 0 0
1 1 0 1 1 1 1 1 0 0
1 1 0 1 1 1 1 1 0 0
1 1 0 0 1 1 1 1 0 0
Maze 118
75 65 3.3000000000 2.0269320651 21 0.372855082425289
16 88 96 48 34 62 33 92 56 84 43 52 24 37 57 16
86 86 46 44 32 32 32 52 54 83 42 22 34 400 56
401 402 402 401 402 402 402 402 402 401 402 402 401 400 401
0 0 0 0 0 0 0 0 0 0
0 0 0 0 0 2 0 0 0 0
0 1 1 1 0 1 0 0 0 0
0 1 1 1 1 1 1 0 0 0
0 1 1 1 1 1 1 1 0 0
0 1 1 1 1 1 1 0 0 0
0 1 1 1 0 1 0 0 0 0
0 1 1 1 0 1 0 0 0 0
0 1 1 1 0 1 1 1 0 0
0 1 0 0 0 1 0 0 0 0
Maze 119
97 12 3.3877551020 2.0590805640 71 0.390826899400634
8 15 54 50 35 60 46 73 41 49 22 22 74 29 86 8
5 14 44 45 55 56 43 71 400 42 400 72 24 26 6
402 402 402 401 401 401 402 401 400 401 400 401 402 402 402
0 0 0 0 1 1 1 2 0 0
0 0 0 1 1 1 0 0 0 0
0 1 0 1 1 1 1 1 1 0
0 1 0 1 1 1 0 0 0 0
1 1 1 1 1 1 1 1 1 1
1 1 1 1 1 1 1 1 1 1
1 1 1 1 0 1 0 0 0 0
1 1 1 1 0 1 0 0 0 0
0 0 0 0 0 1 0 0 0 0
0 0 0 0 0 0 0 0 0 0
Maze 120
87 596 3.3333333333 2.1560348361 45 0.386975732941880
14 78 48 66 66 71 57 79 73 91 27 41 53 15 48 14
74 400 46 400 61 51 77 400 71 21 21 51 13 45 44
401 400 402 400 402 402 401 400 402 402 402 401 402 401 401
0 0 0 0 0 0 0 0 0 0
0 0 1 2 1 0 0 0 0 0
1 1 1 1 1 1 1 0 0 0
1 0 1 1 1 0 0 0 0 0
1 0 1 1 1 1 1 1 0 0
1 1 1 1 1 1 1 1 0 0
1 1 1 1 1 1 1 1 0 0
1 1 1 1 1 1 1 1 1 0
1 0 0 0 0 0 0 0 0 0
1 0 0 0 0 0 0 0 0 0
Maze 121
107 35 3.3600000000 1.9749164857 87 0.388016406765868
4 55 48 54 5 14 42 76 11 33 33 97 73 1 100 4
54 45 44 4 4 12 72 71 31 400 93 93 71 91 94
401 402 402 402 402 402 401 401 401 400 401 401 401 401 401
1 0 0 2 1 0 0 0 0 0
1 1 1 1 0 0 0 0 0 0
1 1 0 1 0 0 0 0 0 0
1 1 1 1 0 0 0 0 0 0
1 1 1 1 1 1 1 1 0 0
1 1 1 1 1 0 0 0 0 0
1 1 1 1 0 0 0 0 0 0
1 1 1 1 1 1 0 0 0 0
1 0 1 1 0 0 0 0 0 0
1 1 1 1 1 1 1 1 1 1
Maze 122
71 14 2.8979591837 2.3232709346 20 0.352567131298375
87 54 44 70 25 28 36 51 15 12 48 49 77 74 97 87
84 400 64 65 400 26 31 11 400 42 400 47 400 94 400
401 400 401 401 400 402 402 402 400 401 400 402 400 401 400
0 0 0 0 0 0 0 0 0 0
1 1 1 1 1 0 0 0 0 0
1 1 0 0 1 1 1 1 0 0
1 1 1 1 1 1 0 0 0 0
1 1 1 1 1 1 1 1 1 0
1 0 0 1 1 0 1 0 0 0
0 0 0 1 1 1 1 1 1 1
0 0 0 1 1 1 1 0 0 0
0 0 0 1 1 1 2 0 0 0
0 0 0 1 1 1 1 0 0 0
Maze 123
91 24 2.9433962264 2.0165222976 50 0.398240765600025
28 29 72 11 3 7 82 29 48 89 44 82 85 53 56 28
400 22 71 1 400 2 22 28 88 84 42 400 83 400 26
400 402 401 402 400 402 402 402 401 401 402 400 401 400 402
1 1 1 1 1 1 1 0 0 0
1 1 0 0 0 0 0 0 0 0
1 1 1 1 1 1 1 2 1 0
1 1 0 0 0 1 0 1 0 0
1 1 1 1 0 1 0 1 0 0
1 1 1 1 1 1 0 1 0 0
1 1 1 1 0 0 0 1 0 0
1 1 1 1 0 0 0 1 0 0
0 1 1 1 1 1 1 1 1 0
0 0 0 0 0 0 0 0 0 0
Maze 124
125 55 3.5925925926 2.0034137230 141 0.389171325410456
83 99 31 81 36 92 33 24 71 25 59 1 60 89 38 83
93 91 400 31 32 32 23 21 21 55 51 51 59 88 33
401 401 400 402 402 402 402 402 402 401 401 401 402 401 402
1 0 0 0 0 0 0 0 0 0
1 0 0 0 0 0 0 0 0 0
1 1 1 1 1 0 0 0 0 0
1 1 1 1 1 1 1 1 0 0
1 1 1 0 1 0 0 1 0 0
1 1 1 1 1 1 1 1 1 1
1 1 1 0 0 0 0 1 1 0
1 1 1 0 0 0 0 1 1 0
1 1 2 0 0 0 0 1 1 0
1 1 1 1 1 1 1 1 1 0
Maze 125
89 108 2.9818181818 2.1871286625 41 0.387239550971581
31 3 24 46 77 93 96 15 12 62 13 90 80 63 29 31
1 23 44 76 73 400 95 400 400 12 83 400 73 23 21
402 401 401 401 402 400 401 400 400 402 401 400 401 402 402
1 1 1 0 0 0 0 0 0 0
1 1 1 1 1 0 0 0 0 0
1 1 1 1 1 1 1 1 1 0
2 1 1 1 1 0 0 0 0 0
0 1 1 1 1 1 0 0 0 0
0 1 1 0 1 1 0 0 0 0
0 1 1 0 1 1 0 0 0 0
0 0 1 1 1 1 1 1 1 1
0 0 1 1 1 1 1 1 1 1
0 0 1 1 1 1 0 0 0 0
Maze 126
101 225 3.2413793103 2.1849535709 59 0.374674052331740
84 54 89 31 66 16 48 34 75 17 77 9 22 69 77 84
400 84 81 61 400 46 44 74 15 400 7 2 62 67 74
400 401 401 401 400 401 401 401 402 400 402 402 401 402 402
0 1 1 1 1 1 1 1 1 0
0 1 0 0 1 1 1 0 0 0
0 1 0 0 1 1 1 0 0 0
1 1 0 1 1 1 1 0 0 0
1 1 0 1 1 1 1 1 0 0
1 1 0 1 1 1 1 0 0 0
1 1 1 1 1 1 1 1 1 0
1 0 0 1 1 1 1 0 0 0
1 1 1 2 1 1 1 1 1 0
0 0 0 0 0 0 0 0 0 0
Maze 127
103 949 3.2631578947 2.2306852128 46 0.379100488827517
65 92 78 25 73 99 7 7 45 25 86 19 53 40 53 65
62 72 75 23 93 97 400 5 400 85 16 13 33 33 63
402 402 401 402 401 401 400 402 400 401 402 402 402 402 401
0 0 0 0 1 1 1 0 0 0
0 0 1 1 1 1 1 1 1 0
0 0 1 1 1 1 1 0 0 0
0 0 1 1 1 1 1 1 1 1
0 0 1 0 1 1 1 0 0 0
0 0 1 0 1 1 1 0 0 0
0 1 1 1 2 1 1 0 0 0
0 1 1 1 1 1 1 1 0 0
0 1 1 0 1 1 1 0 0 0
0 1 1 1 1 1 1 1 1 0
Maze 128
121 146 3.4426229508 2.0859111062 112 0.395952656146823
86 12 28 6 87 39 81 12 86 64 80 42 23 53 10 86
82 22 26 86 37 31 11 82 84 74 72 22 400 3 6
401 401 401 401 402 402 402 401 401 401 401 402 400 402 402
0 0 1 1 1 1 1 1 1 1
1 1 1 0 0 1 0 0 0 0
1 1 1 1 1 1 1 1 0 0
1 1 1 1 1 1 1 1 1 0
1 1 1 0 0 1 1 0 0 0
1 1 1 0 0 1 1 0 0 0
1 1 0 1 0 1 1 0 0 0
1 1 1 1 1 1 1 1 1 1
1 1 1 1 1 2 1 0 0 0
0 0 0 0 0 0 0 0 0 0
Maze 129
99 121 3.0588235294 1.9858000663 77 0.394200661041061
18 12 71 38 73 56 18 61 65 20 69 66 65 10 26 18
400 11 31 33 53 16 11 400 15 19 400 400 5 6 16
400 402 402 402 402 402 402 400 402 402 400 400 402 402 402
0 0 0 0 1 1 1 1 1 1
1 1 1 1 1 1 1 2 1 1
1 0 0 0 1 1 0 0 1 0
1 1 1 1 1 1 1 1 1 0
1 0 1 0 1 1 0 0 1 0
1 0 1 1 1 1 0 0 1 0
1 1 1 1 1 1 1 1 1 0
1 0 1 0 0 0 0 0 0 0
0 0 0 0 0 0 0 0 0 0
0 0 0 0 0 0 0 0 0 0
Maze 130
105 192 3.5769230769 2.1396951613 94 0.381748708871242
89 76 32 88 36 100 53 94 25 1 26 38 22 62 39 89
86 72 82 86 96 93 93 24 21 21 36 32 400 32 400
401 401 401 401 401 401 401 402 401 401 401 401 400 402 400
1 0 0 0 0 0 0 0 0 0
1 0 0 0 0 0 0 0 0 0
1 1 1 1 1 1 0 0 0 0
0 1 1 1 1 1 1 1 1 0
0 1 0 1 0 1 0 0 1 0
0 1 1 1 0 1 0 0 1 0
0 1 1 1 0 1 0 0 1 0
0 1 1 1 1 1 0 0 1 0
0 1 1 1 1 1 1 1 2 0
0 0 1 1 1 1 1 1 1 1
Maze 131
103 179 3.0322580645 2.3411463947 60 0.378622989046116
1 45 27 8 59 98 37 84 86 59 60 15 98 4 91 1
41 25 7 58 58 97 34 400 56 400 55 95 94 1 400
401 402 402 401 402 401 402 400 402 400 401 401 401 402 400
2 1 1 1 0 0 1 1 0 0
1 0 0 1 1 0 1 1 0 0
1 0 0 1 1 1 1 1 0 0
1 0 0 1 1 1 1 1 0 0
1 1 1 1 1 0 1 1 0 0
1 0 0 1 1 1 1 1 1 1
1 0 0 1 1 1 1 1 0 0
1 0 0 1 1 1 1 1 0 0
1 0 0 1 1 1 1 1 0 0
1 0 0 1 1 1 1 1 0 0
Maze 132
121 1664 3.5555555556 2.2481206804 135 0.383184810769910
61 79 86 3 47 71 10 92 45 63 64 4 1 30 19 61
71 76 83 43 41 1 2 42 43 400 400 400 21 29 11
401 402 401 401 402 402 402 402 402 400 400 400 401 401 402
1 1 1 1 1 1 1 1 1 1
1 1 1 1 1 1 1 1 1 0
1 1 1 1 1 1 1 1 1 1
1 1 1 1 0 0 0 0 0 0
1 1 1 1 1 1 1 0 0 0
1 1 1 1 0 0 0 0 0 0
2 1 1 1 0 0 0 0 0 0
1 1 1 1 1 1 1 1 1 0
0 1 1 1 1 1 0 0 0 0
0 1 0 0 0 0 0 0 0 0
Maze 133
105 27 3.2800000000 1.8037387544 64 0.390515767636711
7 24 96 24 99 85 4 62 65 38 99 68 3 65 75 7
4 94 94 94 95 84 2 400 35 98 98 63 63 400 5
402 401 401 401 401 401 402 400 402 401 401 401 401 400 402
0 1 1 1 1 1 2 0 0 0
0 1 1 1 1 0 0 0 0 0
0 1 1 1 1 0 0 0 0 0
0 1 1 1 1 1 1 1 0 0
0 1 1 1 1 0 0 1 0 0
0 1 1 1 1 0 0 1 0 0
0 1 1 1 1 1 1 1 0 0
0 0 0 1 1 0 0 1 0 0
0 0 0 1 1 0 0 1 0 0
0 0 0 1 1 1 1 1 1 0
Maze 134
105 37 3.4237288136 2.2485530561 92 0.391959944397530
70 94 12 32 21 17 31 7 52 58 96 55 73 50 15 70
64 92 400 31 11 11 1 2 400 56 95 53 43 45 65
402 401 400 401 402 402 402 402 400 402 401 402 402 401 401
1 1 1 1 1 1 1 0 0 0
1 1 1 1 1 1 1 0 0 0
1 1 0 0 1 0 0 0 0 0
1 1 0 0 1 0 0 0 0 0
0 1 1 1 1 1 1 1 1 1
0 1 1 1 1 1 1 1 0 0
0 1 1 1 1 1 1 1 1 2
0 1 1 1 1 1 0 0 0 0
0 1 0 1 1 1 0 0 0 0
0 1 1 1 1 1 0 0 0 0
Maze 135
89 39 3.2444444444 2.0937500000 28 0.359945355869523
59 71 100 68 18 59 86 46 73 48 56 22 31 81 48 59
51 91 98 400 58 56 400 43 43 46 52 21 400 41 58
402 401 401 400 401 402 400 402 402 402 401 402 400 402 401
0 0 0 0 0 0 0 0 0 0
0 0 0 0 0 0 0 1 0 0
1 1 0 0 0 0 0 1 0 0
1 1 0 0 0 0 0 1 0 0
1 1 1 1 1 1 1 1 0 0
1 1 1 1 1 1 1 1 2 0
1 0 1 0 0 1 0 1 0 0
1 0 1 0 0 1 0 1 0 0
1 0 0 0 0 1 0 1 0 0
1 1 1 1 1 1 1 1 1 1
Maze 136
89 19 3.0000000000 2.2525737094 45 0.370243082162141
35 71 84 38 72 72 12 51 26 1 73 54 68 100 65 35
31 81 34 32 400 400 11 21 21 71 53 64 98 95 400
402 401 402 402 400 400 402 402 401 401 402 401 401 401 400
1 0 0 0 0 0 0 0 0 0
1 1 0 0 0 0 0 0 0 0
1 1 1 1 1 1 0 0 0 0
1 1 1 1 2 1 1 1 0 0
1 1 0 1 1 0 0 0 0 0
1 1 1 1 1 0 0 0 0 0
1 1 1 1 1 1 1 1 0 0
1 1 1 1 1 0 0 1 0 0
1 1 1 1 1 0 0 1 0 0
0 0 0 0 1 1 1 1 1 1
Maze 137
91 292 2.5217391304 2.4529588110 39 0.374137813985432
9 62 65 36 71 86 80 19 23 52 56 48 12 26 68 9
2 400 35 31 81 76 79 13 22 400 46 42 22 66 8
402 400 402 402 401 402 401 402 402 400 402 401 401 401 402
0 1 1 1 1 1 1 1 2 0
0 1 1 1 1 1 1 1 1 0
0 1 1 1 1 1 0 1 1 0
1 1 1 1 1 1 0 1 1 0
1 1 1 1 1 1 1 1 1 0
1 1 1 1 1 1 0 1 1 0
1 1 1 1 1 1 1 1 1 0
1 0 0 0 0 1 1 1 1 1
1 1 1 1 1 1 0 0 0 0
0 0 0 0 0 0 0 0 0 0
Maze 138
89 178 3.4893617021 2.0300451945 45 0.370614621569957
63 44 5 59 26 64 46 13 9 37 33 76 72 31 79 63
43 4 55 56 24 44 43 3 7 400 73 400 71 71 73
402 402 401 401 402 402 401 402 402 400 401 400 401 401 401
0 0 1 1 1 1 1 1 1 0
0 0 1 1 1 0 1 0 0 0
0 0 1 1 1 1 1 0 0 0
1 0 1 1 1 1 1 0 0 0
1 0 1 1 1 1 0 0 0 0
1 0 1 1 1 1 1 1 1 0
1 0 2 1 0 0 0 0 0 0
1 1 1 1 1 1 1 1 1 0
0 0 0 0 0 0 0 0 0 0
0 0 0 0 0 0 0 0 0 0
Maze 139
93 856 3.1111111111 2.1538174925 50 0.381170407858793
38 28 87 48 55 23 28 41 4 86 61 50 74 83 72 38
400 27 47 45 53 400 21 1 84 81 41 44 73 82 32
400 402 402 402 401 400 402 402 401 401 402 402 402 401 402
1 1 1 1 0 0 0 0 0 0
1 0 0 1 0 0 0 0 0 0
1 1 1 1 1 1 1 1 0 0
1 1 1 1 1 1 1 2 0 0
1 1 1 1 1 1 1 1 1 1
1 1 1 1 1 0 1 0 0 0
1 1 0 1 0 0 1 0 0 0
1 1 1 1 0 0 1 0 0 0
1 1 1 1 1 1 1 0 0 0
0 0 0 0 0 0 0 0 0 0
Maze 140
107 63646 2.8695652174 2.2861674845 80 0.400340754797984
66 16 75 62 61 37 98 51 59 84 9 98 72 23 68 66
400 15 72 400 31 97 91 400 54 4 8 92 22 63 400
400 402 401 400 402 401 401 400 402 402 402 401 402 401 400
0 0 0 1 1 1 1 1 1 0
0 0 0 1 1 1 0 1 0 0
0 1 1 1 1 1 0 1 0 0
1 1 1 1 1 1 1 1 0 0
1 1 1 1 1 1 1 1 0 0
1 1 1 1 1 1 1 1 1 0
1 1 1 1 1 2 1 1 0 0
1 1 1 1 1 0 1 1 0 0
1 1 0 1 0 0 1 1 0 0
1 1 1 1 1 1 1 1 0 0
Maze 141
75 57 3.1428571429 2.1299964074 26 0.373121411298113
62 97 29 65 7 58 45 16 16 6 18 39 43 38 57 62
92 27 25 5 57 55 15 400 400 16 38 33 33 37 52
401 402 402 402 401 401 402 400 400 401 401 402 402 402 402
0 0 0 0 1 1 1 0 0 0
0 0 0 0 1 1 1 1 0 0
0 0 0 0 1 1 1 1 1 0
0 0 1 1 1 1 1 1 1 0
0 0 1 0 1 0 1 0 0 0
0 1 1 1 1 1 1 1 0 0
0 2 0 0 1 0 1 0 0 0
0 1 0 0 0 0 1 0 0 0
0 1 0 0 0 0 1 0 0 0
0 1 1 1 1 1 1 0 0 0
Maze 142
129 514 3.5862068966 1.9706748437 193 0.388357888265525
60 58 34 39 72 20 61 9 85 52 72 24 57 92 3 60
400 54 400 32 12 11 1 5 82 400 22 54 52 2 53
400 401 400 402 402 402 402 402 401 400 402 401 402 402 401
1 1 1 1 1 1 1 1 1 0
1 1 1 1 1 1 1 1 1 1
1 1 1 1 1 0 0 0 0 0
1 1 1 1 1 1 1 1 1 0
1 1 1 1 1 0 0 0 0 0
1 1 1 1 1 1 1 1 1 2
1 1 0 0 1 0 0 0 0 0
0 1 0 0 1 0 0 0 0 0
0 1 1 1 1 0 0 0 0 0
0 1 0 0 0 0 0 0 0 0
Maze 143
103 1029 3.6296296296 2.1244621074 77 0.376752619289615
49 83 72 90 96 20 85 16 68 60 29 77 42 75 28 49
43 82 82 86 16 15 15 66 58 59 27 72 72 25 48
402 401 401 402 402 402 402 401 402 401 402 401 401 402 401
0 0 0 0 0 0 0 0 0 0
0 0 0 0 1 1 1 1 1 1
0 0 0 0 1 1 1 1 1 0
0 0 0 0 1 1 1 1 1 0
0 1 1 1 1 1 1 1 2 0
0 1 1 0 1 1 1 1 1 1
0 1 1 0 1 1 1 1 0 0
0 1 1 1 1 1 1 0 0 0
0 1 1 1 1 1 1 1 1 1
0 0 0 0 0 1 0 0 0 0
Maze 144
97 209 3.4339622642 2.1870597596 65 0.378454935074351
71 44 81 80 80 87 45 67 98 29 73 71 57 41 39 71
41 41 71 400 77 85 65 97 28 23 400 51 51 31 31
402 402 402 400 402 401 401 401 402 402 400 402 401 402 402
0 0 0 0 0 0 0 0 0 0
0 0 0 0 0 0 0 0 0 0
0 0 1 1 1 1 1 1 1 0
1 1 1 1 1 1 1 1 1 0
1 1 1 1 1 0 0 1 0 0
1 1 1 1 1 1 1 1 0 0
1 0 1 0 1 1 1 1 0 0
2 1 1 1 1 1 1 1 1 1
1 0 0 0 1 1 1 1 0 0
0 0 0 0 0 0 1 1 0 0
Maze 145
87 15 3.3777777778 2.1278622236 40 0.376337530460746
91 91 61 70 53 81 88 94 81 32 7 23 93 36 93 91
400 400 400 63 51 400 84 91 31 2 3 400 33 33 400
400 400 400 401 402 400 402 401 402 402 402 400 402 402 400
0 1 1 1 1 1 1 0 0 0
0 1 1 0 0 0 0 0 0 0
0 1 1 0 0 0 0 0 0 0
1 1 1 1 1 1 0 0 0 0
1 0 1 0 0 0 0 0 0 0
1 1 1 0 0 0 0 0 0 0
1 1 1 1 1 1 1 1 1 1
1 0 1 0 0 0 0 0 0 0
1 1 1 1 1 1 1 1 0 0
2 1 1 1 0 0 0 0 0 0
Maze 146
105 1978 3.3333333333 2.2306852128 99 0.382564215001464
58 41 82 83 5 34 7 59 10 86 56 92 40 22 50 58
51 81 400 3 4 4 57 9 6 400 52 32 32 42 48
401 401 400 402 402 402 401 402 402 400 402 402 401 401 402
0 0 1 1 1 1 1 1 1 1
0 0 1 1 0 1 1 0 1 0
0 1 1 1 0 1 1 0 1 0
0 1 1 1 1 1 1 1 1 1
1 1 1 1 1 1 1 1 1 1
1 1 1 1 1 1 1 2 1 0
1 1 1 0 0 1 0 0 0 0
1 1 1 0 0 1 0 0 0 0
1 1 1 0 0 1 0 0 0 0
0 1 0 0 0 0 0 0 0 0
Maze 147
95 308 3.0344827586 2.1746181624 66 0.382788517782280
37 9 47 38 19 69 83 28 31 46 82 78 27 65 99 37
7 7 37 18 400 63 23 21 41 42 72 77 25 95 97
402 402 402 402 400 402 402 402 401 402 402 401 402 401 401
0 0 0 0 0 0 1 1 1 0
0 0 0 0 0 0 1 1 1 0
1 1 1 1 1 1 1 1 1 0
1 0 1 0 1 0 2 1 1 0
1 1 1 1 1 1 1 0 1 0
0 1 1 0 1 0 1 0 1 0
0 1 1 1 1 1 1 1 1 0
0 1 1 1 1 1 1 1 0 0
0 1 1 0 1 0 1 0 0 0
0 0 0 0 1 1 1 1 1 0
Maze 148
111 1723 2.7605633803 2.2080290710 73 0.391229581657490
39 24 100 22 91 83 59 55 86 20 99 76 17 11 47 39
34 94 92 21 81 53 400 85 16 19 96 16 400 41 37
401 401 401 402 402 402 400 401 402 402 401 402 400 401 402
0 0 0 0 0 0 0 0 0 0
1 1 1 1 1 1 1 1 1 1
1 1 0 1 0 1 0 0 1 0
1 1 0 1 1 1 1 1 2 0
1 1 1 1 1 1 1 0 1 0
1 1 1 1 1 1 1 1 1 0
1 1 1 1 1 1 0 0 1 0
1 1 1 1 1 1 0 0 1 0
1 1 1 1 1 1 0 0 1 0
1 1 1 1 1 1 1 1 1 1
Maze 149
89 243 3.4800000000 2.2428208854 29 0.363869469991013
1 49 56 26 19 45 7 16 8 92 93 33 73 71 38 1
41 46 400 16 15 5 6 6 2 400 400 400 400 31 31
401 402 400 402 402 402 402 402 402 400 400 400 400 402 401
2 1 1 1 1 1 1 1 0 0
1 1 0 0 1 1 1 1 1 0
1 1 0 0 1 1 0 0 0 0
1 1 1 1 1 1 1 1 0 0
1 1 1 1 1 1 1 1 1 0
1 1 1 0 0 1 0 0 0 0
1 1 1 0 0 0 0 0 0 0
1 1 1 0 0 0 0 0 0 0
0 1 1 0 0 0 0 0 0 0
0 1 1 0 0 0 0 0 0 0
Maze 150
95 37 3.0545454545 2.1047097326 59 0.390272053047574
80 9 61 32 33 55 70 16 41 34 94 5 9 69 20 80
79 1 31 400 53 65 66 11 31 400 4 400 400 19 400
401 402 402 400 401 401 401 402 402 400 402 400 400 402 400
1 1 1 1 1 1 1 1 1 0
1 1 1 1 1 1 0 0 1 1
1 0 0 1 0 1 0 0 1 1
1 1 1 1 0 1 0 0 1 1
1 0 1 1 0 1 0 0 1 1
1 0 1 1 1 1 0 0 1 1
1 0 0 1 1 1 1 1 1 1
0 0 0 1 0 0 0 0 1 2
0 0 0 1 0 0 0 0 0 0
0 0 0 1 0 0 0 0 0 0
Maze 151
99 14 3.2592592593 2.0416971002 60 0.395010278319976
13 63 20 73 65 24 65 97 21 27 67 78 35 70 70 13
400 13 13 63 64 64 95 91 400 400 77 75 65 400 63
400 402 402 402 401 401 401 401 400 400 401 401 401 400 401
0 0 0 0 0 0 0 0 0 0
0 0 2 1 1 1 1 1 1 1
1 1 1 1 1 1 1 0 0 0
1 0 1 1 1 0 1 0 0 0
1 0 1 1 1 0 1 0 0 0
1 0 1 1 1 0 1 0 0 0
1 0 1 1 1 1 1 1 1 1
1 0 1 0 1 1 1 1 0 0
1 0 0 0 1 0 0 0 0 0
1 1 1 1 1 1 1 0 0 0
Maze 152
85 24 3.4594594595 1.7388710322 56 0.387579384284700
27 95 49 12 58 74 57 27 55 67 57 14 23 42 50 27
25 45 42 52 54 54 400 25 65 400 54 13 22 400 47
402 402 401 401 402 402 400 402 401 400 401 402 402 400 401
0 0 0 0 0 0 0 0 0 0
0 1 1 1 0 0 0 0 0 0
0 1 1 1 1 1 2 0 0 0
0 1 0 1 1 0 1 0 0 0
0 1 1 1 1 1 1 1 1 1
0 1 1 1 1 1 1 1 0 0
0 0 0 1 1 1 1 0 0 0
0 0 0 1 1 0 0 0 0 0
0 0 0 0 1 0 0 0 0 0
0 0 0 0 1 0 0 0 0 0
Maze 153
111 11 2.9565217391 2.2566958423 98 0.398139581952382
59 13 33 40 88 11 21 98 95 65 89 53 9 52 29 59
53 400 400 38 81 400 91 400 400 85 83 3 2 22 400
401 400 400 402 401 400 401 400 400 401 401 402 402 402 400
0 1 1 1 1 1 1 1 1 0
1 1 1 0 0 0 0 0 0 0
1 1 1 1 1 1 1 1 1 0
1 1 1 1 1 1 1 1 1 1
1 1 1 0 0 0 0 1 1 0
1 1 1 1 1 1 1 1 2 0
1 0 1 0 1 0 0 1 0 0
1 0 1 0 1 0 0 1 0 0
1 1 1 1 1 1 1 1 1 0
1 1 1 1 1 1 1 1 0 0
Maze 154
109 81 3.2258064516 2.2048177770 104 0.391665886684730
65 18 90 57 58 95 51 4 55 35 4 79 12 58 20 65
15 88 87 400 55 91 1 54 400 34 74 72 52 18 15
402 401 401 400 402 401 402 401 400 401 401 401 401 402 402
1 1 1 1 0 0 0 0 0 0
1 1 0 1 1 1 1 1 1 1
1 1 0 1 1 0 0 1 0 0
1 1 0 1 1 0 0 1 0 0
1 1 0 1 1 0 0 1 0 0
1 1 1 1 1 1 1 1 0 0
1 1 0 1 2 0 1 1 0 0
1 1 1 1 1 1 1 1 1 0
1 0 0 0 1 0 1 1 1 1
1 1 1 1 1 0 0 0 0 0
Maze 155
91 136 3.5319148936 2.1913804989 32 0.409462944502533
61 24 53 74 25 82 54 66 79 81 77 87 61 7 71 61
21 23 73 24 22 52 64 76 71 71 400 81 1 1 400
402 402 401 402 402 402 401 401 402 402 400 401 402 402 400
1 1 1 1 1 1 1 0 0 0
1 0 0 0 0 0 0 0 0 0
1 1 1 1 1 0 0 0 0 0
1 1 1 1 0 0 0 0 0 0
1 1 1 1 0 0 0 0 0 0
1 1 1 1 0 0 0 0 0 0
2 1 1 1 1 1 0 0 0 0
1 1 1 1 1 1 1 1 1 0
1 1 1 1 1 1 1 0 0 0
0 0 0 0 0 0 0 0 0 0
Maze 156
91 42 2.9259259259 2.1870597596 50 0.371780676526973
57 100 65 90 53 41 34 35 18 70 54 5 74 24 95 57
97 95 85 83 51 31 400 15 68 64 4 4 400 94 55
401 401 401 401 401 402 400 402 401 401 402 402 400 401 402
0 0 0 1 1 0 0 0 0 0
0 0 0 1 1 1 1 1 0 0
0 0 0 1 1 0 0 1 0 0
1 1 1 1 1 0 0 1 0 0
1 0 0 1 0 0 0 1 0 0
1 1 1 1 1 1 2 1 0 0
0 0 1 1 1 1 1 1 1 1
0 0 1 1 1 0 1 0 0 0
0 0 1 1 1 1 1 1 1 1
0 0 0 1 1 1 1 1 1 1
Maze 157
113 44 3.3090909091 2.1318092796 92 0.382050142849379
15 72 87 92 11 4 51 30 51 36 1 84 37 29 59 15
12 82 82 91 1 1 21 21 31 31 81 34 27 400 55
402 401 402 401 402 402 402 402 402 401 401 402 402 400 401
1 1 1 1 0 0 0 0 0 0
1 1 1 1 2 0 0 0 0 0
1 1 1 1 1 1 1 1 1 1
1 1 1 1 1 1 1 0 1 0
1 1 0 1 1 0 0 0 1 0
1 1 0 1 1 1 1 1 1 0
1 1 0 1 0 0 0 0 0 0
1 1 0 1 0 0 0 0 0 0
1 1 1 1 1 1 1 0 0 0
1 1 0 0 0 0 0 0 0 0
Maze 158
89 60 3.1500000000 1.8541369962 50 0.386508184937960
65 7 31 58 35 35 1 42 49 43 75 5 31 3 46 65
5 1 51 55 400 31 41 400 400 73 400 1 1 43 45
402 402 401 401 400 401 401 400 400 401 400 402 402 401 402
1 1 1 1 1 1 1 0 0 0
1 0 1 0 1 0 0 0 0 0
1 0 1 0 1 0 0 0 0 0
1 1 1 1 1 0 0 0 0 0
1 1 1 1 1 1 1 1 1 0
1 1 1 1 1 1 1 1 0 0
0 0 1 0 2 0 0 0 0 0
0 0 1 1 1 0 0 0 0 0
0 0 0 0 0 0 0 0 0 0
0 0 0 0 0 0 0 0 0 0
Maze 159
81 125 2.5084745763 2.3207485712 21 0.376070533816589
74 74 42 91 23 24 95 80 10 7 87 92 36 28 54 74
400 72 41 21 400 94 75 400 400 400 82 32 26 24 400
400 401 402 402 400 401 402 400 400 400 402 402 402 402 400
0 0 0 0 0 0 1 1 1 1
0 0 0 0 0 0 1 0 0 1
1 1 1 1 1 1 1 1 0 1
1 1 1 1 1 1 1 0 0 1
1 1 0 1 0 0 1 0 0 1
1 1 0 1 0 0 1 0 0 1
1 1 0 1 0 0 1 0 0 1
1 1 1 2 1 1 1 1 1 1
1 1 1 1 1 1 1 0 0 0
1 1 0 1 1 0 0 0 0 0
Maze 160
97 7714 3.2500000000 2.2290065006 84 0.400723171772578
14 5 67 92 25 51 91 76 41 45 96 24 63 88 59 14
4 65 62 22 21 400 71 71 400 95 94 23 83 58 54
402 401 402 402 402 400 402 401 400 401 401 402 401 402 401
0 0 0 1 1 0 0 0 0 0
0 0 0 2 1 0 0 0 0 0
1 1 1 1 1 0 0 0 0 0
1 1 1 1 1 0 0 0 0 0
1 1 1 1 1 0 0 0 0 0
1 1 1 1 1 1 1 1 1 0
1 1 1 1 1 1 1 1 0 0
1 1 1 1 1 1 0 1 0 0
1 1 1 1 1 1 1 1 0 0
1 1 0 1 1 1 0 0 0 0
Maze 161
113 140 3.2549019608 1.9244458719 92 0.395002292933675
43 31 16 77 51 40 66 58 56 92 15 39 81 19 66 43
41 11 76 71 31 36 56 400 52 12 35 31 11 16 63
401 402 401 401 402 402 402 400 402 402 401 402 402 402 401
0 0 0 0 0 0 0 0 0 0
1 1 1 1 1 1 1 1 1 0
1 1 0 0 1 1 0 0 0 0
1 1 1 1 1 1 1 1 1 1
1 1 2 0 0 1 0 0 0 0
1 1 1 1 1 1 1 1 0 0
1 1 1 1 1 1 0 0 0 0
1 1 1 1 1 1 1 0 0 0
1 1 0 0 0 0 0 0 0 0
0 1 0 0 0 0 0 0 0 0
Maze 162
129 203 3.1168831169 2.3361641975 182 0.382044434909712
97 39 96 23 77 83 40 90 32 57 10 61 91 16 29 97
37 36 93 73 73 33 400 82 52 7 1 400 11 26 27
402 402 401 401 402 402 400 401 401 402 402 400 402 401 402
1 1 1 1 1 1 1 1 1 1
1 1 1 1 1 1 1 0 0 0
1 0 1 0 0 1 1 1 1 0
1 1 1 1 1 1 1 1 1 1
1 1 1 0 0 1 1 0 0 1
1 1 1 1 1 1 1 0 0 1
1 1 1 0 0 1 1 0 0 1
1 1 1 1 1 1 1 0 0 1
1 1 1 1 1 1 1 1 1 1
1 0 1 1 1 1 2 0 0 0
Maze 163
103 427 3.3214285714 2.1693442348 64 0.400020310360311
79 69 53 91 50 71 28 88 37 100 69 96 15 66 65 79
400 63 51 41 41 21 400 87 97 99 66 95 65 400 75
400 401 402 402 402 402 400 401 401 401 402 401 401 400 401
0 0 0 0 0 0 0 0 0 0
0 0 0 0 1 0 0 0 0 0
1 1 1 1 1 1 1 1 0 0
1 0 0 0 1 0 1 1 0 0
1 1 1 1 1 1 1 1 1 1
1 1 1 0 1 0 1 1 0 0
1 0 1 1 1 1 1 1 1 0
1 0 0 0 1 1 1 1 2 0
1 0 0 0 1 1 1 1 1 0
1 0 0 0 1 1 1 1 1 1
Maze 164
95 232 2.9090909091 2.1903968493 58 0.376770990827459
24 71 45 30 16 50 20 76 15 36 71 27 78 18 7 24
21 41 25 26 46 400 16 75 35 31 21 77 400 17 4
402 402 402 401 401 400 402 401 401 402 402 401 400 401 402
0 0 0 1 1 1 1 0 0 0
0 0 0 1 1 1 1 1 1 1
1 1 1 2 1 1 1 1 1 1
1 1 1 1 1 1 1 1 0 1
1 1 1 1 1 1 1 1 1 1
1 0 0 0 1 1 1 1 0 0
1 0 0 0 1 1 1 1 0 0
1 0 0 0 1 1 1 1 0 0
0 0 0 0 0 0 0 0 0 0
0 0 0 0 0 0 0 0 0 0
Maze 165
129 515 3.3636363636 2.1786660982 184 0.397563272547590
65 36 64 12 10 63 71 75 1 59 88 1 40 95 29 65
35 34 62 2 3 61 400 71 51 58 81 31 35 25 25
402 402 401 402 402 402 400 401 401 402 401 401 402 402 402
1 1 1 1 1 1 1 1 1 1
1 1 1 0 0 0 0 0 0 0
1 1 1 0 1 1 1 1 1 0
1 1 1 1 1 1 1 1 1 1
1 1 1 1 1 0 0 0 0 0
1 1 1 1 1 1 1 1 1 0
1 1 1 1 2 0 0 1 0 0
1 1 1 1 1 0 0 1 0 0
1 1 1 1 1 1 1 1 0 0
0 0 0 0 1 0 0 0 0 0
Maze 166
71 68 2.6938775510 2.1842593431 16 0.379777059797094
70 80 92 72 44 66 95 51 16 15 32 44 96 69 48 70
400 72 400 42 64 65 91 11 400 12 42 94 66 68 68
400 402 400 402 401 402 401 402 400 402 401 401 402 401 401
0 0 0 0 0 0 0 0 0 0
1 1 1 1 1 1 0 0 0 0
1 1 0 0 0 0 0 0 0 0
1 1 0 0 0 0 0 0 0 0
1 1 1 1 0 0 0 1 0 0
1 1 0 1 0 0 0 1 0 0
1 1 0 1 1 1 1 1 1 2
1 1 1 1 1 1 1 1 1 1
1 1 0 1 1 1 0 0 0 0
1 1 1 1 1 1 0 0 0 0
Maze 167
109 108 3.4909090909 2.0435833212 75 0.390295754102329
30 65 22 62 95 8 11 26 19 88 82 88 9 58 95 30
25 62 400 92 5 1 21 16 18 400 400 8 8 55 25
402 401 400 401 402 402 401 402 402 400 400 402 402 402 402
1 1 1 1 1 1 1 1 1 0
1 0 0 0 1 1 1 1 1 0
1 1 1 1 1 1 1 1 1 2
0 1 0 0 1 0 0 1 0 0
0 1 0 0 1 0 0 1 0 0
0 1 0 0 1 1 1 1 0 0
0 1 1 1 1 0 0 1 0 0
0 1 0 0 1 0 0 1 0 0
0 1 1 1 1 1 1 1 0 0
0 1 1 1 1 0 0 0 0 0
Maze 168
89 77 3.0204081633 1.9444185697 39 0.398302997552565
30 87 27 34 14 97 38 99 17 35 55 8 60 66 56 30
27 400 24 400 94 37 98 97 15 400 5 58 56 400 26
402 400 402 400 401 402 401 401 402 400 402 401 402 400 402
0 0 0 0 1 1 1 1 0 0
0 0 0 1 1 1 1 1 0 0
0 0 0 1 1 1 1 1 1 2
0 0 0 1 1 1 1 1 0 0
0 0 0 1 1 1 1 1 0 0
0 0 0 1 1 1 1 1 1 1
0 0 0 1 0 1 1 1 0 0
0 0 0 1 0 0 1 1 0 0
0 0 0 1 0 0 1 1 0 0
0 0 0 1 1 1 1 1 1 0
Maze 169
75 692 2.8461538462 2.2119288269 30 0.359231181737087
24 86 45 2 39 39 29 77 36 28 16 11 31 68 63 24
84 85 42 32 400 400 27 76 26 26 400 400 61 400 23
401 401 401 401 400 400 402 401 402 401 400 400 401 400 402
0 1 0 0 0 0 0 0 0 0
1 1 1 1 1 1 0 0 0 0
1 1 1 2 0 1 1 1 1 0
1 1 1 1 1 1 1 1 1 0
1 1 1 1 1 1 1 0 0 0
1 0 1 1 1 1 1 0 0 0
1 1 1 1 1 1 1 1 0 0
0 0 0 1 1 1 1 0 0 0
0 0 0 1 1 1 0 0 0 0
0 0 0 0 0 0 0 0 0 0
Maze 170
77 130 2.9411764706 2.3257989544 18 0.356087925010312
70 85 81 79 59 48 16 41 33 31 88 57 49 29 6 70
65 400 71 400 58 46 11 31 400 81 87 47 400 26 66
402 400 402 400 401 401 402 402 400 401 401 402 400 401 401
0 0 0 0 0 1 0 0 0 0
1 1 1 1 1 1 0 0 0 0
1 0 0 0 0 1 1 1 1 0
1 1 1 0 0 1 0 0 1 0
1 0 0 0 0 1 1 1 1 0
1 0 0 0 0 1 1 1 1 0
1 0 0 0 1 1 1 1 1 2
1 1 1 1 1 1 1 1 1 0
1 1 1 1 1 1 1 1 0 0
0 0 0 0 0 0 0 0 0 0
Maze 171
63 27 3.3548387097 1.8962406252 4 0.355166967560247
76 25 63 88 75 83 7 4 4 35 33 35 46 83 87 76
75 23 83 85 73 3 400 400 34 400 400 45 43 400 86
401 402 401 401 402 402 400 400 401 400 400 401 402 400 401
0 0 1 1 1 1 1 0 0 0
0 0 1 1 0 0 0 0 0 0
0 0 1 1 1 0 0 0 0 0
0 0 1 1 1 0 0 0 0 0
0 0 1 1 1 1 0 0 0 0
0 0 1 0 1 0 0 0 0 0
0 0 1 0 1 0 0 0 0 0
0 0 1 1 1 2 0 0 0 0
0 0 1 1 1 1 1 1 0 0
0 0 0 0 0 0 0 0 0 0
Maze 172
89 19 3.3076923077 2.2145947577 41 0.397736885265683
96 65 14 75 34 2 51 13 36 100 86 70 18 90 94 96
95 64 74 74 32 1 11 33 96 96 66 68 88 84 400
401 401 401 401 401 402 402 401 401 401 402 401 401 402 400
1 1 0 0 0 0 0 0 0 0
1 1 1 1 0 0 0 1 0 0
1 1 1 1 0 0 0 1 0 0
1 1 1 1 1 1 0 1 0 0
1 0 0 1 0 1 0 1 0 0
1 0 0 1 0 1 0 1 0 0
0 0 0 1 1 1 1 1 1 1
0 0 0 1 1 1 0 1 0 0
0 0 0 1 1 1 1 1 1 1
0 0 0 1 1 2 1 1 1 1
Maze 173
81 12 3.1818181818 2.0165392271 30 0.357017107051189
56 48 78 69 66 47 7 74 50 34 29 44 7 1 63 56
46 400 68 400 46 400 4 44 44 24 24 4 400 61 53
402 400 402 400 402 400 402 402 401 402 402 402 400 401 402
1 1 1 1 1 1 1 0 0 0
1 0 0 1 0 0 1 0 0 0
1 0 0 1 1 1 1 1 1 0
1 0 0 1 0 0 1 0 0 0
1 0 0 1 1 1 1 1 1 1
1 0 1 1 1 2 0 1 0 0
1 1 1 1 0 1 1 1 1 0
0 0 0 1 0 0 0 1 0 0
0 0 0 0 0 0 0 0 0 0
0 0 0 0 0 0 0 0 0 0
Maze 174
107 430 3.2727272727 2.0129119245 112 0.396821753137160
19 8 38 14 82 26 93 26 41 39 90 25 14 41 73 19
18 400 34 12 22 23 23 21 31 89 85 24 11 71 13
401 400 401 402 402 402 402 402 402 401 401 401 402 401 402
0 0 0 0 0 0 0 1 0 0
1 1 1 1 1 1 1 1 2 0
1 1 1 1 1 1 0 1 0 0
1 1 1 1 1 1 1 1 1 0
1 1 1 0 1 0 0 0 1 0
1 1 1 0 1 0 0 0 1 0
1 1 1 0 1 0 0 0 1 0
1 1 1 0 1 0 0 0 1 0
0 1 1 0 1 1 1 1 1 1
0 0 1 0 0 0 0 0 0 0
Maze 175
73 33 2.9565217391 2.1768188456 13 0.373900171109709
23 59 15 67 79 89 66 13 13 16 25 38 27 64 96 23
53 55 65 77 400 86 63 400 400 15 35 37 24 94 93
401 401 401 401 400 401 401 400 400 402 401 401 402 401 401
0 0 0 0 0 0 0 0 0 0
0 0 1 1 1 1 0 0 0 0
0 0 2 1 1 1 1 0 0 0
0 0 1 1 1 1 1 1 0 0
0 0 1 1 1 0 0 0 0 0
0 0 1 1 1 1 1 1 1 0
0 0 1 1 1 1 1 0 0 0
0 0 1 1 0 1 1 1 1 0
0 0 1 1 0 1 1 1 1 0
0 0 1 1 1 1 0 0 0 0
Maze 176
99 101 3.0158730159 2.2912421463 55 0.383108494504477
95 96 54 9 91 80 42 36 16 29 18 32 73 13 36 95
400 94 4 1 71 72 32 400 26 28 12 72 400 33 35
400 401 402 402 402 401 402 400 401 401 402 401 400 401 402
1 1 1 1 1 1 1 1 1 0
1 1 1 1 1 1 1 1 0 0
1 1 1 1 0 1 1 1 1 0
1 1 1 1 1 1 0 0 0 0
1 1 1 1 1 0 0 0 0 0
1 1 1 1 1 0 0 0 0 0
1 1 1 1 1 0 0 0 0 0
1 1 1 1 1 1 1 1 1 1
1 0 0 1 1 0 0 0 0 0
1 0 0 1 2 1 0 0 0 0
Maze 177
97 13 3.4181818182 2.2915395204 71 0.404747891751148
22 37 21 24 26 91 72 41 18 73 50 97 65 53 6 22
32 31 400 400 21 71 71 11 13 43 47 95 63 3 2
401 401 400 400 402 402 401 402 402 402 402 401 401 402 402
0 1 1 1 1 1 0 0 0 0
1 1 1 1 1 1 1 1 0 0
1 2 1 1 1 1 0 0 0 0
1 1 1 1 1 1 1 0 0 0
1 0 1 1 1 1 1 1 1 1
1 0 1 0 0 0 1 0 0 0
1 0 1 1 1 0 1 0 0 0
1 1 1 0 1 0 1 0 0 0
1 0 0 0 1 0 1 0 0 0
1 0 0 0 1 1 1 0 0 0
Maze 178
113 97 3.7254901961 1.9397758499 105 0.388190698433979
83 53 13 80 7 48 67 14 100 91 95 38 67 13 59 83
400 400 73 77 47 47 64 94 400 400 35 37 63 53 53
400 400 401 401 401 402 401 401 400 400 402 402 401 401 402
0 0 0 0 0 0 1 0 0 0
0 0 1 1 0 0 1 0 0 0
0 0 1 1 0 0 1 0 0 0
0 0 1 1 1 1 1 1 0 0
0 0 1 1 1 0 1 1 0 0
0 0 1 1 1 1 1 1 1 0
0 0 1 1 1 1 1 0 0 0
0 0 1 1 1 1 1 1 1 1
0 0 2 1 1 0 0 0 0 0
1 1 1 1 1 1 1 1 1 1
Maze 179
115 78 3.3103448276 2.0573125336 124 0.397469991621739
9 45 32 23 83 86 92 100 3 92 89 32 59 30 53 9
5 42 22 400 400 82 400 93 2 82 82 52 29 23 3
402 401 402 400 400 402 400 401 402 402 401 401 402 402 402
0 1 1 1 1 1 1 1 2 0
0 1 1 0 1 0 0 0 0 0
0 1 1 1 1 1 1 1 1 1
0 1 1 0 1 0 0 0 1 0
0 1 1 1 1 0 0 0 1 0
0 1 1 1 1 1 1 1 1 0
0 1 1 0 0 0 0 0 0 0
0 1 1 0 0 0 0 0 0 0
0 1 1 1 1 1 1 1 1 0
0 1 1 1 1 1 1 1 1 1
Maze 180
87 4 3.2916666667 2.0732441963 36 0.380283348984115
31 14 10 95 27 39 46 40 26 62 91 73 51 5 3 31
11 4 5 25 37 36 36 36 22 61 71 71 1 400 1
402 402 402 402 401 402 402 401 402 402 402 401 402 400 402
1 1 1 1 1 1 1 1 1 1
1 1 1 1 1 0 0 0 0 0
1 1 1 1 1 1 1 0 0 0
2 1 0 0 1 1 1 1 1 1
1 1 0 0 1 1 0 0 0 0
1 1 0 0 1 0 0 0 0 0
1 1 0 0 1 0 0 0 0 0
1 1 1 0 1 0 0 0 0 0
1 0 0 0 1 0 0 0 0 0
1 0 0 0 1 0 0 0 0 0
Maze 181
71 14 2.7826086957 2.1541354173 16 0.383443409229605
26 7 14 6 48 36 26 57 8 90 25 52 66 46 49 26
6 4 4 46 46 400 56 7 88 85 22 62 400 400 46
402 402 402 401 401 400 401 402 401 401 402 401 400 400 401
0 0 0 1 1 1 1 1 0 0
0 0 0 1 0 1 1 1 0 0
0 1 1 1 1 2 1 1 0 0
0 1 0 0 1 1 1 1 0 0
0 1 0 0 1 1 1 1 1 0
0 1 0 0 1 1 1 1 0 0
0 1 1 1 1 1 0 1 0 0
0 0 0 0 1 0 0 1 0 0
0 0 0 0 1 1 1 1 1 1
0 0 0 0 0 0 0 0 0 0
Maze 182
99 2116 3.0370370370 1.9523029392 59 0.382644691322055
88 90 13 22 25 90 44 37 79 43 32 68 40 71 68 88
400 83 12 400 85 84 34 77 73 42 62 38 31 61 400
400 401 402 400 401 401 402 401 401 401 401 402 402 402 400
0 0 0 0 0 0 0 0 0 0
0 1 1 0 0 0 0 0 0 0
0 1 1 1 1 0 0 0 0 0
1 1 1 1 1 1 1 1 1 1
1 1 1 1 1 0 1 1 0 0
1 1 1 1 1 0 1 1 0 0
1 1 1 1 1 1 1 1 0 0
1 0 1 1 1 1 1 1 1 0
0 0 1 1 1 1 1 2 1 1
0 0 0 0 0 0 0 0 0 0
Maze 183
81 43 3.0384615385 2.2923517475 16 0.390474867867087
52 52 57 36 79 62 36 22 99 97 40 49 38 10 49 52
400 400 56 76 72 32 32 92 400 37 39 48 8 9 42
400 400 401 401 401 402 401 401 400 402 402 401 402 402 402
0 0 0 0 0 0 0 1 1 1
0 0 0 0 0 0 0 1 1 0
0 1 0 0 0 0 0 1 1 0
0 1 1 1 1 1 1 1 1 1
0 1 1 1 1 1 1 1 1 0
0 2 1 1 1 1 1 0 0 0
0 1 0 0 0 1 1 0 0 0
0 1 1 1 1 1 1 1 1 0
0 1 0 0 0 0 1 0 0 0
0 1 1 1 1 1 1 1 1 0
Maze 184
109 14 2.9230769231 1.8737942134 59 0.396853649155817
52 18 1 61 98 2 14 22 33 28 98 96 83 20 81 52
12 11 400 91 92 12 12 32 23 400 400 93 13 11 51
402 401 400 401 401 401 402 401 402 400 400 401 402 402 402
1 1 0 0 0 0 0 0 0 0
1 1 1 1 1 1 1 1 1 1
1 1 1 1 1 1 1 1 0 0
1 1 1 0 0 0 0 1 0 0
1 1 1 0 0 0 0 1 0 0
1 2 1 0 0 0 0 1 0 0
1 1 1 0 0 0 0 1 0 0
1 1 1 0 0 0 0 1 0 0
1 1 1 0 0 0 0 1 0 0
1 1 1 1 1 1 1 1 0 0
Maze 185
107 111 2.9677419355 2.1604287540 92 0.399120689861700
10 52 70 31 96 17 49 53 85 66 84 26 16 69 56 10
2 62 61 91 16 47 43 83 65 64 24 400 66 66 6
402 401 401 401 402 401 402 401 402 402 402 400 401 401 402
0 1 1 1 1 1 1 1 1 2
0 1 0 0 0 1 1 0 0 0
0 1 0 1 1 1 1 0 0 0
1 1 0 1 0 1 1 0 0 0
1 1 1 1 1 1 1 1 1 0
1 1 1 1 0 1 0 0 0 0
1 1 1 1 1 1 1 1 1 1
1 0 1 1 1 1 0 0 0 0
1 0 1 1 1 1 0 0 0 0
1 1 1 1 1 1 0 0 0 0
Maze 186
105 166 3.3846153846 2.1336290192 105 0.399075206252030
49 36 81 54 56 49 61 61 16 69 97 6 98 3 54 49
46 31 51 400 46 41 400 11 66 67 96 96 93 53 44
401 402 402 400 402 402 400 402 401 402 401 401 401 401 402
0 0 1 0 0 1 0 0 0 0
1 1 1 1 1 1 0 0 0 0
1 0 1 0 0 1 0 0 0 0
1 1 1 1 1 1 0 0 0 0
1 1 1 1 1 1 1 1 2 0
1 1 1 1 1 1 0 0 0 0
1 0 1 0 0 1 1 1 1 0
1 0 1 0 0 1 1 0 0 0
1 0 1 0 0 1 1 0 0 0
0 0 1 1 1 1 1 1 0 0
Maze 187
93 6 2.9433962264 2.2187500000 44 0.355613384612550
97 49 11 54 27 33 20 7 31 3 61 54 71 80 79 97
47 41 51 24 23 13 17 1 1 1 51 51 400 400 77
402 401 401 402 402 402 401 402 402 402 402 402 400 400 402
1 1 1 1 1 1 1 0 0 0
1 0 1 1 1 1 1 1 1 1
1 0 1 1 1 1 1 0 0 0
1 0 1 1 0 0 0 0 0 0
1 1 1 1 1 1 1 1 1 0
1 1 1 1 0 0 1 0 0 0
1 0 0 0 0 0 1 0 0 0
1 1 1 1 1 1 1 1 1 1
0 0 0 0 0 0 1 0 0 0
0 0 0 0 0 0 2 0 0 0
Maze 188
117 37 3.0370370370 1.8418238061 133 0.380265395610724
23 94 72 95 10 74 9 14 79 26 53 79 10 12 4 23
93 92 92 5 4 4 4 74 76 23 73 9 2 2 3
401 401 401 402 402 402 402 401 401 402 401 402 402 402 402
0 1 1 1 1 1 1 1 1 1
0 1 1 1 1 0 0 0 1 0
0 0 2 1 1 1 0 0 1 0
0 0 1 1 1 1 0 0 1 0
0 0 1 1 1 1 0 0 1 0
0 0 1 1 1 1 0 0 1 0
0 0 1 1 1 1 0 0 1 0
0 1 1 1 1 1 1 1 1 0
0 1 1 0 1 0 0 0 0 0
0 1 1 1 1 0 0 0 0 0
Maze 189
105 148 3.3846153846 1.9376899963 86 0.385032116016174
73 56 88 45 5 90 25 93 31 85 55 64 94 9 37 73
53 86 85 400 85 85 23 91 81 400 54 400 4 7 33
402 401 401 400 401 401 402 401 401 400 402 400 402 402 402
0 0 0 1 1 1 1 1 1 0
0 0 0 1 1 0 1 0 0 0
0 0 1 1 1 0 1 0 0 0
1 0 1 1 1 1 1 0 0 0
1 0 1 1 1 0 0 0 0 0
1 0 1 1 1 1 0 0 0 0
1 0 1 1 1 1 0 0 0 0
1 0 2 1 1 1 0 0 0 0
1 1 1 1 1 1 1 1 1 1
1 1 1 1 0 0 0 0 0 0
Maze 190
117 203 3.3666666667 2.1074838477 141 0.378390346053676
72 18 96 48 11 46 44 79 58 19 20 11 99 25 18 72
12 16 46 41 41 400 74 78 18 400 400 91 95 15 12
402 402 402 401 401 400 401 401 402 400 400 401 401 402 402
0 0 0 0 0 0 0 0 0 0
1 1 1 1 1 1 1 1 1 1
1 1 0 0 1 1 0 1 0 0
1 1 0 0 1 1 0 1 0 0
1 1 1 1 1 1 1 1 0 0
1 1 0 1 1 1 0 1 0 0
1 1 0 1 1 1 0 1 0 0
1 2 0 1 1 1 1 1 1 0
1 0 0 0 1 1 0 0 0 0
1 1 1 1 1 1 1 1 1 0
Maze 191
125 275 3.5686274510 1.6983706193 141 0.384056494702039
91 68 12 10 1 68 58 44 6 26 73 10 17 62 17 91
61 62 2 400 61 400 54 4 400 23 3 7 12 12 11
402 401 402 400 401 400 401 402 400 402 402 402 402 402 402
1 1 1 1 1 1 1 1 1 1
1 1 1 1 1 1 1 0 0 0
1 1 1 1 1 1 0 0 0 0
1 1 1 1 0 0 0 0 0 0
1 1 1 1 0 0 0 0 0 0
1 1 1 1 1 1 1 1 0 0
1 1 1 1 1 1 1 1 0 0
1 0 1 0 0 0 0 0 0 0
1 0 0 0 0 0 0 0 0 0
2 0 0 0 0 0 0 0 0 0
Maze 192
91 604 2.9824561404 2.2136457562 50 0.391406907093161
79 37 51 11 13 59 100 44 3 98 97 66 18 54 74 79
77 31 400 400 53 99 94 43 93 400 96 16 14 400 400
401 402 400 400 401 401 401 401 401 400 401 402 402 400 400
0 0 1 0 0 0 0 0 0 0
1 1 1 1 1 1 1 1 0 0
1 0 1 1 0 1 0 0 0 0
1 1 1 1 1 1 1 0 0 0
1 0 1 1 0 1 1 0 0 0
1 0 1 1 1 1 1 1 1 0
0 0 1 1 0 1 1 0 1 0
0 0 1 1 1 1 1 1 2 0
0 0 1 1 0 1 0 0 1 0
0 0 1 1 1 1 1 1 1 1
Maze 193
97 10 3.2800000000 2.0638631072 66 0.380599950534136
75 23 96 43 30 50 47 20 27 88 79 88 22 50 93 75
73 93 93 23 400 400 17 17 87 78 78 82 42 43 73
401 401 401 402 400 400 402 402 401 402 402 401 401 402 402
0 0 0 0 0 0 0 0 0 0
0 0 0 0 0 0 1 1 1 1
0 1 1 1 1 1 1 1 1 1
0 1 1 0 0 0 1 0 0 1
0 1 1 1 1 1 1 1 1 1
0 1 1 0 0 0 1 0 0 0
0 1 1 0 0 0 1 0 0 0
0 1 1 1 2 0 1 1 1 0
0 1 1 1 1 1 1 1 0 0
0 0 1 1 1 1 0 0 0 0
Maze 194
109 2221 3.1428571429 2.1640916832 92 0.398654701428954
70 24 10 3 14 18 76 93 70 1 49 88 95 7 49 70
64 4 400 13 400 16 73 63 61 41 48 85 5 47 69
401 402 400 401 400 402 402 402 401 401 402 402 402 401 401
1 0 1 1 1 1 1 1 1 1
1 0 1 1 1 1 1 1 0 0
1 0 0 1 1 1 1 0 0 0
1 0 0 1 1 1 1 0 0 0
1 1 1 1 1 1 1 1 1 0
1 0 0 1 1 1 0 1 1 0
1 1 1 1 1 1 1 1 1 2
0 0 1 1 1 1 0 1 0 0
0 0 1 0 1 1 1 1 0 0
0 0 1 0 1 0 0 0 0 0
Maze 195
117 205 3.7857142857 2.1178380012 126 0.390936392194905
5 40 83 42 23 94 28 1 83 70 24 98 93 41 36 5
35 33 82 22 93 24 21 81 63 64 94 400 91 31 35
401 402 401 402 401 402 401 401 402 401 401 400 401 402 401
1 0 0 0 2 0 0 0 0 0
1 0 0 0 1 0 0 0 0 0
1 1 1 1 1 1 1 1 0 0
1 1 1 1 1 1 1 1 1 1
1 1 1 1 0 0 0 0 0 0
1 1 1 1 0 0 0 0 0 0
1 1 1 1 1 1 1 1 1 1
1 1 1 1 0 0 0 0 0 0
1 1 1 1 0 0 0 0 0 0
1 1 1 1 1 1 1 1 0 0
Maze 196
87 5 2.8510638298 1.8282713908 29 0.387303319455110
24 43 55 12 89 85 67 88 9 19 90 72 3 55 52 24
23 53 52 82 400 65 87 8 400 89 82 2 53 400 22
402 401 401 401 400 402 401 402 400 401 401 402 401 400 402
0 1 1 0 0 0 0 1 1 0
0 1 1 0 0 0 0 1 1 0
0 1 1 2 0 0 0 1 1 0
0 1 1 0 0 0 0 1 1 0
0 1 1 0 0 0 0 1 1 0
0 1 1 1 1 0 0 1 1 0
0 1 0 0 1 1 1 1 1 0
0 1 0 0 1 0 1 1 1 0
0 1 1 1 1 1 1 1 1 1
0 0 0 0 0 0 0 0 0 0
Maze 197
115 220 3.3571428571 1.9651678827 112 0.377626276040500
49 72 15 52 97 20 60 77 9 64 28 8 40 20 72 49
42 12 12 92 17 400 57 7 4 24 400 38 400 12 42
402 402 402 401 402 400 402 402 402 402 400 401 400 402 402
0 0 0 1 1 1 1 1 1 0
0 1 1 1 1 1 1 1 1 1
0 1 0 1 1 1 1 1 0 1
0 1 0 1 0 0 1 1 1 1
0 1 1 1 1 1 1 1 2 1
0 1 0 1 0 0 1 1 1 1
0 1 0 1 0 0 1 0 0 0
0 1 0 0 0 0 1 0 0 0
0 1 0 0 0 0 1 0 0 0
0 1 1 1 1 1 1 0 0 0
Maze 198
103 14 3.1428571429 2.0403895999 77 0.389363806254160
4 5 21 42 83 77 51 67 16 78 2 96 28 47 70 4
400 1 41 82 73 71 61 66 76 72 92 26 27 67 64
400 402 401 401 402 401 401 401 401 401 401 402 402 401 401
1 1 1 2 1 0 0 0 0 0
1 1 0 1 0 1 0 0 0 0
1 1 0 1 0 1 1 1 0 0
1 1 0 1 0 1 1 0 0 0
1 1 0 1 0 1 1 0 0 0
1 1 0 1 0 1 1 0 0 0
1 1 1 1 1 1 1 1 1 1
1 1 1 1 1 1 1 1 0 0
0 1 1 0 0 1 0 0 0 0
0 1 1 1 1 1 0 0 0 0
Maze 199
105 162 2.7761194030 2.2217845674 112 0.381988729877637
5 70 40 59 37 34 87 1 6 93 89 50 30 93 17 5
65 400 39 57 400 84 81 400 3 83 49 400 23 13 15
401 400 402 401 400 401 401 400 402 402 402 400 402 402 401
1 1 1 1 2 1 0 0 0 0
1 0 1 1 1 1 1 0 0 0
1 0 1 1 1 1 1 1 1 1
1 0 1 1 1 1 1 0 1 1
1 0 1 1 1 0 1 0 1 1
1 0 1 1 1 0 1 1 1 1
1 0 1 1 1 1 1 1 1 1
1 0 1 1 0 0 0 0 1 0
1 1 1 1 1 1 1 1 1 0
0 0 1 0 0 0 0 0 0 0
Maze 200
109 183 3.0645161290 2.0989941232 91 0.385638925836238
20 73 15 90 96 25 30 38 3 87 89 100 14 16 80 20
13 13 85 86 95 400 28 33 83 400 99 94 400 76 400
402 402 401 402 401 400 402 401 401 400 401 401 400 401 400
0 0 1 0 0 0 0 0 0 0
0 0 1 1 1 1 1 1 1 2
0 0 1 1 1 1 1 1 1 1
0 0 1 1 1 1 1 1 0 1
0 0 1 1 1 1 0 0 0 1
0 0 1 1 1 1 0 0 0 1
0 0 1 1 1 1 0 0 0 1
0 0 1 1 1 1 1 1 1 1
0 0 1 1 1 1 1 1 1 1
0 0 0 1 1 1 1 1 1 1
