numMazes: 200
mazeSize: 10
Maze 1
89 1054 3.4782608696 2.1239033607 50 0.387024973587173
82 24 58 40 83 94 48 62 93 47 67 34 29 38 57 82
22 54 38 33 93 44 42 92 43 400 64 24 28 37 52
402 401 402 402 401 402 402 401 402 400 401 402 402 402 402
0 0 0 0 0 0 0 0 0 0
0 0 0 0 0 0 0 0 0 0
0 1 1 1 1 1 1 1 1 0
0 1 1 1 1 1 1 1 1 1
0 1 1 1 1 1 1 1 0 0
0 1 1 1 1 1 1 1 0 0
0 1 1 1 1 1 1 0 0 0
0 1 1 1 0 0 0 0 0 0
0 2 1 1 0 0 0 0 0 0
0 1 1 1 0 0 0 0 0 0
Maze 2
111 336 3.7872340426 1.8483080038 105 0.386074649940967
62 60 4 90 56 29 64 79 29 95 86 15 80 85 66 62
52 54 84 86 26 24 74 400 25 85 85 75 75 65 400
402 401 401 401 402 402 401 400 402 402 401 401 402 402 400
0 0 0 1 0 0 0 0 0 0
0 0 0 1 1 0 0 0 0 0
0 0 0 1 1 1 1 1 1 0
0 0 0 1 1 1 0 0 1 0
0 0 0 1 1 1 0 0 1 0
0 1 1 1 1 1 1 1 1 1
0 2 1 1 1 1 0 0 1 0
0 0 0 1 1 1 1 1 1 1
0 0 0 1 1 1 1 1 1 1
0 0 0 0 1 0 0 0 0 0
Maze 3
83 19 3.2727272727 1.9820085132 35 0.384259071454785
19 52 39 18 19 58 87 37 21 12 58 57 98 75 52 19
12 32 38 400 18 57 400 31 11 52 400 97 95 72 12
402 402 401 400 402 402 400 401 402 401 400 401 401 401 402
0 0 0 0 0 0 0 0 0 0
1 1 1 1 1 1 1 1 2 0
1 1 0 0 0 0 0 1 0 0
1 1 1 1 1 1 1 1 1 0
0 1 0 0 0 0 1 1 0 0
0 1 1 1 1 1 1 1 0 0
0 1 0 0 0 0 1 0 0 0
0 1 1 1 1 0 1 0 0 0
0 0 0 0 1 0 1 0 0 0
0 0 0 0 1 1 1 1 0 0
Maze 4
105 1383 3.8222222222 1.9147952737 87 0.391499791494204
27 14 56 23 4 49 21 29 81 17 50 53 64 15 58 27
24 54 53 3 44 41 400 21 11 47 43 63 14 55 57
401 401 401 402 401 401 400 402 402 401 402 401 402 401 401
0 0 1 1 0 0 0 0 0 0
1 1 1 1 1 1 1 0 0 0
1 1 1 1 1 1 2 1 1 0
1 0 1 1 1 0 1 0 0 0
1 1 1 1 1 1 1 1 1 1
1 0 1 1 1 1 1 1 0 0
1 0 1 1 0 0 0 0 0 0
1 0 0 0 0 0 0 0 0 0
1 0 0 0 0 0 0 0 0 0
0 0 0 0 0 0 0 0 0 0
Maze 5
117 2508 3.4516129032 2.1362088474 147 0.392183177294944
85 24 75 9 53 47 86 1 26 96 20 3 60 38 39 85
84 74 5 3 43 46 81 21 400 16 13 53 58 400 35
401 401 402 402 402 402 401 401 400 402 401 401 401 400 402
1 0 1 1 1 1 1 1 1 0
1 0 1 1 1 1 1 1 1 1
1 1 1 1 1 1 0 0 0 0
1 0 1 1 1 1 1 1 1 0
1 0 1 1 1 1 1 1 0 0
1 0 1 1 1 1 1 1 1 1
1 0 0 1 1 1 0 0 0 0
1 0 0 1 1 1 0 0 0 0
1 1 1 1 2 1 0 0 0 0
0 0 0 0 0 1 0 0 0 0
Maze 6
95 142 3.2222222222 2.2355528297 71 0.385006776864929
86 31 60 8 46 34 77 59 54 26 10 77 4 15 5 86
81 51 58 6 44 74 57 400 24 6 7 74 14 400 85
401 401 401 402 401 401 402 400 402 402 402 401 401 400 401
0 0 0 1 1 1 1 1 1 1
0 0 0 1 1 1 1 1 0 0
0 0 0 1 1 1 1 1 0 0
1 0 0 1 1 1 1 1 0 0
1 0 0 1 1 1 1 1 0 0
1 1 1 1 1 1 1 1 1 1
1 0 0 1 1 0 1 0 0 0
1 0 0 1 1 1 1 0 0 0
1 1 1 1 1 2 0 0 0 0
0 0 0 0 0 0 0 0 0 0
Maze 7
113 419 3.1875000000 2.1713072788 81 0.390812358566196
5 62 86 44 98 84 73 1 8 3 39 75 31 20 87 5
2 82 84 94 94 83 71 400 400 33 35 71 11 17 85
402 401 401 401 401 401 401 400 400 401 402 401 402 402 401
1 1 1 1 2 1 1 1 0 0
1 1 1 1 1 1 1 1 1 1
1 1 1 0 1 0 1 0 0 0
1 1 1 1 1 1 1 1 1 0
1 1 0 1 1 0 1 0 0 0
1 1 0 1 1 0 1 0 0 0
1 1 0 1 1 0 1 0 0 0
1 1 1 1 1 0 1 0 0 0
0 1 1 1 1 1 1 0 0 0
0 0 0 1 1 1 1 1 0 0
Maze 8
101 181 3.2000000000 2.0859079180 77 0.394435424229723
74 96 87 67 63 49 90 88 87 21 100 26 59 100 3 74
94 86 400 400 43 89 400 400 81 91 96 56 99 93 73
401 402 400 400 402 401 400 400 401 401 401 401 401 401 401
0 0 1 0 0 0 0 0 0 0
0 0 1 0 0 0 0 0 0 0
1 0 1 0 0 1 0 0 0 0
1 0 1 0 0 1 0 0 0 0
1 0 1 1 1 1 1 1 1 0
1 0 1 0 0 1 1 1 1 0
1 0 1 1 1 1 1 0 1 0
1 0 1 2 0 1 1 0 1 0
1 1 1 1 1 1 1 1 1 1
1 1 1 1 1 1 1 1 1 1
Maze 9
83 415 3.2244897959 2.2159110899 30 0.415571463564808
14 20 78 92 58 76 97 68 44 54 79 17 79 49 39 14
400 18 72 52 56 96 67 64 400 74 77 77 400 400 34
400 402 402 402 402 401 402 401 400 401 401 401 400 400 401
0 0 0 0 0 0 0 0 0 0
0 0 0 2 1 1 1 1 1 1
0 0 0 1 0 0 1 1 0 0
0 0 0 1 1 1 1 1 1 0
0 0 0 1 0 0 1 1 1 0
0 1 1 1 1 1 1 1 1 0
0 1 0 1 1 1 1 1 1 0
0 1 1 1 1 1 1 1 1 0
0 1 0 0 0 1 1 0 0 0
0 1 0 0 0 1 1 0 0 0
Maze 10
109 616 3.1228070175 1.9713664829 120 0.389804096897773
49 17 6 40 17 85 38 82 95 37 11 73 16 69 14 49
47 16 36 37 15 35 32 92 35 31 71 13 66 64 44
401 401 401 401 402 402 402 401 402 401 401 402 401 401 401
0 0 0 0 0 1 0 0 0 0
1 0 1 1 1 1 1 0 0 0
1 0 1 1 1 1 1 0 0 0
1 1 1 1 1 1 1 1 1 1
1 1 1 1 1 1 1 1 2 0
1 1 1 1 1 1 0 0 0 0
1 1 1 1 1 1 1 1 1 0
1 1 1 0 1 0 0 0 0 0
0 1 0 0 1 0 0 0 0 0
0 1 1 1 1 0 0 0 0 0
Maze 11
101 33 3.3333333333 2.1048243521 51 0.380169604153350
30 10 83 3 9 87 94 89 59 32 6 32 87 49 8 30
400 3 400 400 7 84 84 400 52 2 2 82 47 48 28
400 402 400 400 402 402 402 400 401 402 402 401 402 401 401
0 1 1 1 1 1 1 1 1 1
0 1 1 0 0 0 1 1 0 1
0 1 1 0 0 0 1 1 1 2
0 1 1 0 0 0 1 1 0 0
0 1 1 0 0 0 1 1 1 0
0 1 1 1 1 1 1 1 1 0
0 1 1 0 0 0 1 0 1 0
0 1 1 0 0 0 1 0 1 0
0 1 1 1 1 1 1 1 1 0
0 0 0 1 0 0 0 0 0 0
Maze 12
109 242 3.0819672131 2.0849625007 104 0.384492326174413
96 4 70 98 66 22 4 28 99 70 56 31 6 99 72 96
94 64 68 96 62 2 24 98 69 66 51 1 96 92 92
401 401 402 401 401 402 401 401 402 401 401 402 401 401 401
1 1 1 1 1 1 0 0 0 0
1 1 0 1 0 1 0 0 0 0
1 1 0 1 1 1 1 1 0 0
1 1 0 1 0 1 0 1 0 0
1 1 0 1 0 1 0 1 0 0
1 1 1 1 1 1 0 1 0 0
0 1 1 1 1 1 1 1 1 1
0 1 0 1 0 1 0 1 1 0
0 1 0 1 0 1 0 1 1 0
0 1 1 1 1 2 1 1 1 0
Maze 13
93 795 3.3725490196 2.1174634020 56 0.388960568421466
71 75 29 60 48 14 85 60 11 21 27 78 27 5 37 71
400 25 59 58 44 84 55 51 400 400 77 77 25 35 31
400 402 401 401 401 401 402 401 400 400 401 401 401 401 402
0 0 0 0 1 0 0 0 0 0
1 0 0 1 1 0 0 0 0 0
1 1 1 1 1 1 1 1 1 0
1 1 1 1 1 1 1 0 1 0
1 0 0 1 1 1 1 1 1 0
1 1 1 1 1 1 1 1 1 1
1 0 0 1 1 0 1 0 0 0
2 1 1 1 1 0 1 1 0 0
0 0 0 1 1 0 0 0 0 0
0 0 0 0 0 0 0 0 0 0
Maze 14
89 10 3.1304347826 1.9624682747 35 0.396542947727653
39 29 41 99 42 71 58 92 53 26 12 14 25 27 34 39
400 21 91 92 41 51 52 52 23 22 400 24 400 24 400
400 402 401 401 402 402 402 402 402 401 400 401 400 402 400
0 0 0 0 0 0 0 0 0 0
0 1 1 1 0 0 0 0 0 0
1 1 1 1 1 1 1 1 1 0
1 0 1 1 1 1 1 1 2 0
1 1 1 0 0 0 0 0 0 0
1 1 1 1 1 1 1 1 0 0
1 1 0 0 0 0 0 0 0 0
1 1 0 0 0 0 0 0 0 0
1 1 0 0 0 0 0 0 0 0
1 1 1 1 1 1 1 1 1 0
Maze 15
83 14 2.8333333333 1.9306319463 25 0.405284714144277
42 17 74 81 5 45 5 49 35 84 50 69 79 73 62 42
12 14 71 1 400 400 45 45 34 44 49 400 400 72 400
402 402 402 402 400 400 401 401 402 402 402 400 400 401 400
1 1 1 1 1 0 0 0 0 0
1 1 1 1 1 1 1 0 0 0
1 1 0 1 1 0 0 0 0 0
1 1 0 1 1 0 0 0 0 0
1 2 0 1 1 1 1 1 1 1
1 1 0 1 0 0 0 0 1 0
1 1 0 1 0 0 0 0 1 0
1 1 1 1 1 1 1 1 1 0
1 0 0 1 0 0 0 0 0 0
0 0 0 0 0 0 0 0 0 0
Maze 16
89 37 3.3333333333 2.1156724699 50 0.398901356276861
47 15 72 95 74 96 34 81 66 14 45 94 2 5 19 47
45 12 92 94 94 94 31 61 64 44 44 92 400 15 17
401 402 401 401 401 401 402 402 401 401 402 401 400 401 402
0 1 1 1 1 0 0 0 0 0
0 1 1 1 1 1 1 1 1 0
0 1 0 1 1 0 1 0 0 0
1 1 1 1 1 0 1 0 0 0
1 1 0 1 1 1 2 0 0 0
1 1 0 1 0 0 0 0 0 0
1 1 1 1 1 1 0 0 0 0
1 1 0 1 0 0 0 0 0 0
1 1 0 1 0 0 0 0 0 0
0 1 1 1 1 1 0 0 0 0
Maze 17
101 116 3.3488372093 1.6730655106 55 0.387957398114481
25 74 48 67 3 47 2 93 45 2 29 67 82 94 14 25
24 44 47 63 43 42 92 43 42 22 27 62 92 400 24
402 402 402 401 401 401 401 402 401 401 402 402 401 400 401
0 1 1 0 0 0 0 0 0 0
0 1 1 1 0 0 0 0 0 0
0 1 1 1 2 1 1 1 1 0
0 1 1 1 0 0 1 0 0 0
0 1 1 1 1 1 1 1 0 0
0 1 1 1 0 0 1 0 0 0
0 1 1 1 1 1 1 0 0 0
0 1 1 1 0 0 0 0 0 0
0 1 1 1 0 0 0 0 0 0
0 1 1 1 0 0 0 0 0 0
Maze 18
85 42 3.0638297872 2.0183324481 45 0.354704267297136
24 67 84 66 48 90 27 12 28 2 98 87 57 77 56 24
64 64 64 46 88 87 22 22 22 92 97 400 400 76 54
401 402 402 402 401 401 401 401 401 401 401 400 400 401 401
0 1 0 0 0 0 0 0 0 0
0 1 0 0 0 0 0 0 0 0
0 1 1 2 1 1 1 1 0 0
0 1 0 1 0 0 1 0 0 0
0 1 0 1 0 1 1 1 0 0
0 1 0 1 1 1 1 1 0 0
0 1 0 1 1 1 1 1 0 0
0 1 0 1 0 1 1 1 0 0
0 1 0 1 0 0 1 1 1 1
0 1 1 1 1 1 1 1 0 0
Maze 19
117 209 2.9589041096 2.2725567748 111 0.370321970826725
48 90 41 93 39 7 90 10 73 16 99 54 83 84 77 48
88 81 91 33 37 87 400 3 13 96 94 53 400 74 47
401 401 401 402 401 401 400 402 402 401 401 402 400 402 402
0 0 1 1 1 1 1 1 1 1
0 0 1 1 1 1 1 0 0 1
0 0 1 0 0 1 1 0 0 1
0 0 1 1 1 1 1 1 1 1
1 0 1 0 0 1 1 2 0 1
1 0 1 1 0 1 1 1 0 1
1 0 1 1 0 1 1 1 0 1
1 0 1 1 1 1 1 1 0 1
1 1 1 1 1 1 1 1 1 1
1 1 1 1 1 1 1 1 1 0
Maze 20
81 44 3.1153846154 2.2732310462 35 0.378001853349483
69 70 77 88 13 15 52 82 45 56 14 25 51 80 94 69
400 67 87 83 400 12 400 42 55 54 24 21 71 74 64
400 402 401 401 400 402 400 402 401 401 401 402 401 402 402
0 0 0 0 0 0 0 0 0 0
0 1 1 1 1 0 0 0 0 0
1 1 1 1 1 0 0 0 0 0
1 1 1 1 0 0 0 0 0 0
1 1 1 1 1 0 0 0 0 0
1 1 1 1 1 1 0 0 0 0
1 1 1 1 1 1 1 1 2 1
1 1 1 1 1 1 1 1 1 1
0 1 1 1 1 1 1 1 0 0
0 0 0 1 0 0 0 0 0 0
Maze 21
89 39 3.4285714286 1.9814454144 39 0.379183957310452
81 91 57 45 44 57 50 37 71 57 12 39 97 64 46 81
400 51 55 400 54 47 47 31 51 52 32 37 94 44 41
400 402 401 400 401 402 401 402 402 401 401 402 401 402 402
0 0 0 0 0 0 0 0 0 0
0 1 0 0 0 0 0 0 0 0
0 1 0 0 0 0 0 0 0 0
1 1 1 1 1 1 1 1 1 0
1 1 1 1 1 1 1 1 1 1
1 1 1 1 1 1 1 0 0 0
1 0 0 1 0 0 1 0 0 0
1 0 0 1 0 0 1 0 0 0
2 0 0 1 0 0 1 0 0 0
1 0 0 1 1 1 1 0 0 0
Maze 22
87 19 3.4146341463 1.8892137705 38 0.392358228383083
83 13 25 13 35 33 53 97 92 40 74 47 39 25 98 83
400 23 23 33 400 400 93 400 32 34 44 37 35 95 93
400 401 401 401 400 400 401 400 402 402 402 402 401 401 401
0 0 0 0 0 0 0 0 0 0
0 0 1 0 0 0 0 0 0 0
0 0 1 1 1 0 0 0 0 0
0 1 1 1 1 1 1 1 1 1
0 1 1 1 1 1 1 0 0 0
0 1 1 1 1 0 0 0 0 0
0 1 1 1 1 0 0 0 0 0
0 1 1 1 1 0 0 0 0 0
0 1 2 0 1 0 0 0 0 0
0 1 1 1 1 1 1 1 0 0
Maze 23
97 6 3.1320754717 2.1407989874 71 0.361396987106220
89 64 67 99 61 30 30 40 72 29 27 81 63 51 91 89
84 400 97 91 21 400 400 32 22 400 21 61 61 400 81
401 400 401 401 402 400 400 402 402 400 402 402 401 400 402
0 0 0 0 0 0 0 0 0 0
0 0 0 0 0 0 0 0 0 0
1 1 1 1 1 1 1 1 1 1
1 1 1 1 1 1 1 1 1 1
1 1 0 0 0 0 0 0 0 0
1 1 0 0 0 0 0 0 0 0
1 1 1 1 1 1 1 0 0 0
1 1 0 1 0 0 1 0 0 0
1 1 1 1 1 1 1 1 2 0
1 1 1 1 1 1 1 1 1 0
Maze 24
95 64 3.0909090909 2.1132139551 77 0.374143026331217
96 55 75 9 49 20 88 44 16 84 55 16 60 31 75 96
95 400 5 400 19 18 84 14 14 54 15 56 51 71 95
401 400 402 400 402 402 401 402 402 402 402 401 401 401 401
0 0 0 0 1 1 1 1 1 0
0 0 0 1 1 1 0 1 1 1
0 0 0 1 1 1 0 1 1 0
1 0 0 1 1 1 0 1 1 0
1 0 0 1 1 1 0 1 1 0
1 1 1 1 1 1 1 1 1 1
1 0 0 1 1 0 0 1 0 0
1 1 1 1 1 0 0 1 0 0
0 0 0 1 1 1 1 1 0 0
0 0 0 0 1 2 0 0 0 0
Maze 25
113 1054 3.2537313433 2.2479416533 87 0.385535537126444
34 6 61 73 15 23 99 57 9 32 49 6 86 21 29 34
4 1 71 13 13 93 97 7 2 42 46 400 81 400 24
402 402 401 402 402 401 401 402 402 401 401 400 401 400 402
1 1 1 1 1 1 1 1 1 0
1 1 1 1 1 1 1 0 0 0
1 1 1 1 1 1 1 1 1 0
1 1 1 2 0 1 1 0 0 0
1 1 1 1 1 1 1 1 1 0
1 0 1 0 0 1 1 0 0 0
1 0 1 0 0 1 1 0 0 0
1 1 1 0 0 1 1 0 0 0
1 1 1 1 1 1 1 0 0 0
0 0 1 1 1 1 1 1 1 0
Maze 26
91 21 3.1428571429 1.9623990718 50 0.376658407521149
14 88 93 74 89 14 40 77 55 61 83 92 70 55 53 14
84 83 73 84 84 34 37 75 51 81 82 62 65 400 13
401 402 402 401 401 401 402 401 402 401 402 402 401 400 402
0 0 0 0 0 0 0 0 0 0
0 0 1 2 0 0 0 0 0 0
0 0 1 1 0 0 0 0 0 0
0 0 1 1 1 1 1 1 1 1
0 0 1 1 0 0 1 0 0 0
1 1 1 1 1 0 1 0 0 0
1 1 1 1 1 1 1 1 1 1
1 1 1 1 1 1 1 0 0 0
1 1 1 1 1 1 1 1 1 0
0 1 1 0 0 0 0 0 0 0
Maze 27
87 742 3.2888888889 1.9501561501 45 0.379175546952288
98 60 34 76 22 12 54 90 45 2 44 94 97 47 56 98
58 54 74 72 400 52 84 85 42 42 400 400 400 46 96
402 401 401 401 400 401 401 401 401 401 400 400 400 402 401
0 1 0 0 0 0 0 0 0 0
0 1 0 0 0 0 0 0 0 0
0 1 0 0 0 0 0 0 0 0
0 1 0 1 0 0 0 0 0 0
0 1 1 1 1 1 1 0 0 0
0 1 1 1 1 1 1 1 1 1
0 1 0 1 1 1 1 1 0 0
0 1 1 1 1 1 1 1 0 0
0 0 0 1 1 1 1 1 1 1
0 0 0 1 1 1 1 2 0 0
Maze 28
89 56 3.3777777778 2.1238552117 50 0.392650987446424
59 21 76 25 46 67 95 71 61 25 37 71 60 58 17 59
51 71 75 45 66 65 91 400 21 35 31 51 400 57 57
401 401 401 401 401 402 401 400 402 401 402 402 400 401 401
0 0 0 0 0 0 0 0 0 0
0 0 0 0 0 0 1 0 0 0
1 1 1 1 1 0 1 0 0 0
1 1 1 1 1 1 1 0 0 0
1 0 0 0 1 1 1 0 0 0
1 1 1 1 1 1 1 1 2 1
1 0 0 0 1 1 1 0 0 0
1 1 1 1 1 1 0 0 0 0
1 0 0 0 1 0 0 0 0 0
1 1 1 1 1 0 0 0 0 0
Maze 29
121 186 3.0303030303 2.0622132102 139 0.387942997621610
63 46 9 79 51 99 30 80 1 46 8 43 60 45 50 63
43 6 400 71 91 29 400 71 41 6 3 53 55 400 43
402 402 400 401 401 402 400 401 401 402 402 401 401 400 402
1 0 1 1 1 1 1 1 1 0
1 0 1 0 0 1 0 0 1 0
1 0 1 0 0 1 0 0 1 1
1 0 1 0 0 1 0 0 1 1
1 1 1 1 1 1 1 1 1 1
1 0 1 1 1 1 1 1 1 1
1 0 2 0 0 0 0 0 1 1
1 1 1 1 1 1 1 1 1 1
1 0 0 0 0 0 0 0 1 0
1 1 1 1 1 1 1 1 1 0
Maze 30
77 2 2.8888888889 2.0489470679 35 0.384698997450941
21 92 76 64 77 96 68 96 77 2 54 45 32 27 5 21
91 72 74 74 76 66 66 76 72 52 44 42 22 25 1
401 402 401 401 402 402 402 402 401 401 402 401 402 401 402
1 1 1 1 1 0 0 0 0 0
1 1 0 0 1 0 0 0 0 0
2 1 1 1 1 1 1 0 0 0
1 1 0 0 0 0 0 0 0 0
1 1 1 1 1 0 0 0 0 0
1 1 1 1 0 0 0 0 0 0
1 1 0 1 0 1 1 1 0 0
1 1 1 1 1 1 1 0 0 0
1 1 0 0 0 1 0 0 0 0
1 1 0 0 0 1 0 0 0 0
Maze 31
111 851 3.3928571429 2.1034755332 98 0.389720414863753
9 55 38 91 29 13 66 67 77 30 48 92 21 76 55 9
5 35 31 21 23 63 400 400 27 28 42 91 71 75 5
402 402 402 402 401 401 400 400 402 402 402 401 401 401 402
0 0 0 0 1 1 1 1 2 0
0 0 1 0 1 0 0 0 0 0
1 1 1 1 1 1 1 1 1 1
1 1 1 1 1 1 1 1 0 0
1 1 1 1 1 1 1 1 0 0
1 1 1 0 1 0 1 0 0 0
1 1 1 1 1 1 1 0 0 0
1 1 1 1 1 1 1 0 0 0
1 1 0 0 0 0 0 0 0 0
1 1 0 0 0 0 0 0 0 0
Maze 32
89 107 2.7333333333 2.3632164154 45 0.380955183102105
98 83 54 3 65 28 20 12 93 70 9 48 27 50 39 98
93 53 53 63 25 18 400 92 63 69 8 47 47 49 38
401 402 401 401 402 402 400 401 402 401 402 401 401 401 402
0 0 1 0 0 0 0 1 1 0
0 1 1 1 1 1 1 1 1 1
0 1 1 0 1 1 1 1 1 0
0 1 1 0 1 0 1 1 1 0
0 1 1 0 1 0 1 1 1 1
0 1 1 1 1 0 0 1 1 0
0 1 1 1 1 1 1 1 1 1
0 1 1 0 0 0 0 1 0 0
0 1 1 0 0 0 0 1 0 0
0 1 1 1 1 1 1 2 0 0
Maze 33
85 67 3.1666666667 2.2712700312 32 0.388912500000827
34 11 67 39 91 31 42 38 100 100 98 26 31 32 47 34
31 61 37 31 400 41 32 98 400 400 96 21 400 42 44
401 401 402 402 400 401 402 401 400 400 401 402 400 401 401
0 0 0 0 0 0 0 0 0 0
1 0 0 0 0 0 0 0 0 0
1 1 1 1 1 1 0 0 0 0
1 1 1 2 1 1 1 1 1 0
1 1 1 1 1 1 1 1 0 0
1 0 0 0 0 1 1 1 0 0
1 1 1 1 1 1 1 1 0 0
1 0 0 0 0 1 0 1 0 0
1 0 0 0 0 1 0 1 0 0
1 0 0 0 0 1 1 1 1 1
Maze 34
101 958 3.3461538462 2.0696655537 59 0.399233845043772
42 64 78 47 95 51 41 79 79 61 25 100 24 68 86 42
62 74 77 45 91 400 71 400 71 21 95 94 64 66 82
401 401 401 402 401 400 401 400 401 402 401 401 401 402 401
0 0 0 0 0 0 0 0 0 0
0 0 0 0 0 0 0 0 0 0
1 1 1 1 1 0 0 0 0 0
1 0 0 1 1 0 0 0 0 0
1 2 0 1 1 1 1 0 0 0
1 1 0 1 1 0 1 0 0 0
1 1 1 1 1 1 1 1 0 0
1 1 1 1 1 1 1 1 1 0
1 1 1 1 1 1 0 0 0 0
1 1 1 1 1 1 1 1 1 1
Maze 35
93 142 2.9056603774 2.0204560095 50 0.390485819967560
83 69 49 88 62 88 48 36 73 88 80 89 9 98 17 83
63 400 48 82 82 400 46 33 83 78 79 400 8 97 13
402 400 402 401 401 400 401 402 401 402 402 400 402 401 402
0 0 0 0 0 0 0 1 1 0
0 0 1 1 1 1 1 1 1 0
0 0 1 0 0 0 1 1 1 0
0 0 1 1 1 1 1 1 1 0
0 0 1 0 0 1 1 1 1 0
0 0 1 0 0 0 1 1 1 0
0 1 1 1 1 1 1 1 1 0
0 1 1 0 0 0 1 1 1 1
0 1 2 1 1 1 1 1 1 0
0 0 0 0 0 0 1 1 0 0
Maze 36
69 264 3.5135135135 2.0938666405 20 0.383672190958688
50 67 84 14 44 23 35 68 97 85 67 25 22 55 42 50
47 64 400 400 43 33 65 67 95 65 65 400 52 52 400
402 402 400 400 401 401 401 402 401 402 401 400 401 401 400
0 0 0 0 0 0 0 0 0 0
0 0 0 1 0 0 0 0 0 0
0 1 1 1 1 0 0 0 0 0
0 1 1 1 1 0 0 0 0 0
0 1 1 1 1 1 1 1 1 2
0 1 1 1 1 0 1 0 0 0
0 0 0 1 1 1 1 1 0 0
0 0 0 1 1 0 1 0 0 0
0 0 0 1 1 0 1 0 0 0
0 0 0 0 1 1 1 0 0 0
Maze 37
95 1994 3.3061224490 2.0341609652 71 0.376127021963789
14 43 68 9 58 26 31 55 86 58 14 78 48 26 81 14
13 63 8 8 56 21 51 85 56 54 74 400 46 21 11
402 401 402 402 401 402 401 401 402 401 401 400 401 402 402
0 0 0 0 0 0 0 1 1 0
1 1 1 2 0 0 0 1 0 0
1 1 1 1 1 1 0 1 0 0
1 0 1 1 0 1 0 1 0 0
1 0 1 1 0 1 1 1 0 0
1 1 1 1 1 1 1 1 0 0
1 0 1 1 1 1 1 1 0 0
1 0 0 1 1 1 1 1 0 0
1 0 0 0 1 1 0 0 0 0
0 0 0 0 0 0 0 0 0 0
Maze 38
101 1639 3.0937500000 2.3460357867 77 0.382103862971826
15 31 44 5 22 20 25 82 95 87 10 60 10 13 70 15
11 41 4 2 12 15 22 92 85 7 400 400 3 63 65
402 401 402 402 402 402 402 401 402 402 400 400 402 401 401
0 1 1 1 1 1 1 1 1 1
1 1 1 1 2 1 1 1 1 1
1 1 1 1 1 0 1 0 0 1
1 1 1 1 1 0 1 0 0 1
1 1 1 1 1 0 1 0 0 1
0 1 1 0 1 0 1 0 0 1
0 1 1 1 1 1 1 1 1 1
0 1 0 0 0 0 1 0 0 0
0 1 0 0 1 1 1 0 0 0
0 1 1 1 1 0 0 0 0 0
Maze 39
115 305 3.2881355932 2.0430907776 148 0.385574452307786
8 86 10 37 92 66 38 82 25 49 89 87 31 84 69 8
6 6 7 32 62 36 32 22 45 400 400 81 81 64 68
402 402 402 402 402 402 402 402 401 400 400 401 401 402 401
0 0 0 0 0 1 1 2 1 1
0 0 0 0 0 1 1 1 0 0
0 1 1 1 1 1 1 1 0 0
1 1 1 1 1 1 1 1 0 0
1 1 0 0 1 1 1 1 1 0
1 1 0 0 0 1 0 1 1 0
1 1 1 1 1 1 1 1 1 0
1 1 0 1 0 1 0 0 1 0
1 1 1 1 1 1 1 1 1 0
0 1 0 0 0 0 0 0 0 0
Maze 40
99 70 3.3333333333 2.0297752770 65 0.383782172983827
30 17 25 49 80 17 42 25 22 50 73 88 64 27 85 30
27 15 45 79 77 12 22 400 42 43 83 84 24 25 25
401 402 401 401 401 402 402 400 401 402 401 401 402 402 402
0 0 0 0 0 0 0 0 0 0
0 1 1 1 1 1 1 0 0 0
0 1 1 1 1 1 1 1 1 2
0 1 0 1 1 0 1 0 0 0
0 1 1 1 1 1 1 1 1 1
0 0 1 1 1 0 1 0 1 0
0 0 1 1 1 0 1 0 1 0
0 0 1 1 1 0 1 1 1 1
0 0 1 1 1 1 1 1 0 0
0 0 0 0 0 0 0 0 0 0
Maze 41
67 118 3.6216216216 2.1061559762 16 0.384881039221136
56 84 54 25 52 36 56 76 65 20 47 45 96 37 44 56
54 400 24 22 32 400 400 75 15 17 400 95 36 34 54
402 400 402 402 402 400 400 401 402 402 400 401 402 402 401
0 0 0 0 0 0 0 0 0 0
0 0 0 0 1 1 1 1 1 1
0 1 1 1 1 0 1 0 0 0
0 1 1 1 1 1 1 0 0 0
0 1 0 1 1 1 1 0 0 0
0 1 0 1 1 2 0 0 0 0
0 0 0 1 1 1 0 0 0 0
0 0 0 1 1 1 0 0 0 0
0 0 0 1 1 1 0 0 0 0
0 0 0 0 1 1 0 0 0 0
Maze 42
85 60 3.0545454545 2.3246383918 50 0.392479530814613
61 87 86 26 25 75 99 73 31 75 8 28 98 39 67 61
81 400 400 400 400 95 93 71 71 5 400 400 38 37 400
401 400 400 400 400 401 401 401 401 402 400 400 402 402 400
0 0 0 0 1 1 1 1 0 0
0 0 0 0 1 0 0 1 0 0
0 0 0 0 1 1 0 1 0 0
1 0 0 0 1 1 1 1 1 0
1 0 0 0 1 1 1 1 0 0
1 0 0 0 1 1 1 1 0 0
2 1 1 1 1 1 1 1 0 0
1 1 1 1 1 1 0 1 0 0
1 1 1 1 1 1 1 1 0 0
0 0 1 1 1 1 1 1 1 0
Maze 43
85 65 2.9433962264 2.2046400587 40 0.391835168637485
22 92 9 58 58 26 13 23 67 95 35 20 37 12 53 22
400 2 8 400 56 23 400 63 65 400 15 17 32 52 52
400 402 402 400 401 401 400 401 402 400 402 402 401 401 401
0 1 1 1 1 1 1 1 1 0
0 1 1 0 1 1 1 1 1 1
0 2 1 1 1 1 1 1 0 0
0 1 1 1 1 1 1 1 0 0
0 1 1 0 1 1 0 1 0 0
0 1 1 0 1 1 1 1 0 0
0 1 1 1 1 1 1 0 0 0
0 1 0 0 1 0 0 0 0 0
0 1 0 0 1 0 0 0 0 0
0 1 0 0 1 0 0 0 0 0
Maze 44
97 121 2.8524590164 2.1938841125 71 0.391461343040688
10 14 12 57 53 39 94 71 90 69 76 70 9 14 67 10
4 400 52 400 33 34 91 81 89 66 66 69 4 64 7
402 400 401 400 402 402 401 401 401 402 402 401 402 401 402
0 0 0 1 1 1 1 1 1 2
0 1 1 1 0 0 1 0 1 0
0 1 0 1 0 0 1 0 1 0
0 1 1 1 1 1 1 1 1 0
0 1 1 1 0 0 1 0 1 0
0 1 1 1 1 1 1 0 1 0
0 0 0 1 1 1 1 1 1 1
1 0 0 1 0 1 0 0 1 0
1 1 1 1 1 1 1 1 1 1
1 1 1 1 0 0 0 0 0 0
Maze 45
107 181 3.4137931034 2.1705072404 97 0.390598049955620
95 19 71 88 68 8 90 44 96 1 35 34 39 49 94 95
15 11 81 400 400 88 84 94 91 31 400 400 400 44 400
402 402 401 400 400 401 401 401 401 401 400 400 400 402 400
1 0 0 0 0 0 0 1 0 0
1 1 1 1 1 1 1 1 1 0
1 0 0 0 1 0 0 1 0 0
1 1 1 1 1 1 1 1 1 0
1 0 0 1 1 1 1 1 1 0
1 0 0 1 1 0 0 1 0 0
1 0 0 1 1 0 0 1 0 0
1 0 0 1 1 0 0 1 0 0
1 1 1 1 1 1 1 1 1 1
1 1 1 1 2 1 0 0 0 0
Maze 46
85 22 3.2244897959 2.2578576999 32 0.368851754071266
42 13 22 9 15 69 49 5 93 54 91 61 75 32 71 42
12 12 2 5 65 400 45 3 53 51 400 71 72 31 41
402 402 402 402 401 400 401 402 402 402 400 401 401 402 402
0 1 1 1 1 1 1 1 1 0
0 1 1 0 1 0 0 0 0 0
0 1 1 0 1 0 0 0 0 0
1 1 1 0 1 0 0 0 0 0
1 2 1 0 1 1 1 1 1 0
1 1 1 1 1 0 0 0 1 0
1 1 1 0 1 1 1 1 1 0
1 1 1 1 1 0 0 0 0 0
1 0 1 0 0 0 0 0 0 0
1 0 1 0 0 0 0 0 0 0
Maze 47
101 68 3.4230769231 2.1048243521 64 0.376028328365851
49 40 44 50 52 82 93 54 78 15 59 56 20 92 12 49
39 34 400 42 400 92 53 74 75 55 400 16 12 400 42
402 402 400 402 400 401 402 401 401 401 400 402 402 400 401
0 0 0 0 0 0 0 0 0 0
0 1 1 1 1 1 1 1 1 1
0 1 0 0 1 1 0 0 0 0
0 1 0 1 1 1 1 1 1 1
0 1 1 1 1 1 1 1 2 1
0 1 1 1 1 1 1 1 1 0
0 1 1 1 1 0 0 0 0 0
0 1 1 1 1 1 1 1 0 0
0 1 1 0 0 0 0 0 0 0
0 1 1 0 0 0 0 0 0 0
Maze 48
97 35 3.1379310345 2.2355528297 70 0.390980486245841
15 40 15 53 65 26 81 12 19 3 24 49 46 89 72 15
35 35 13 63 25 21 11 400 13 23 44 400 86 82 12
401 401 402 401 402 402 402 400 401 401 401 400 401 401 402
0 0 1 0 0 0 0 0 0 0
1 1 1 1 2 1 1 1 1 0
1 1 1 1 1 1 0 0 0 0
1 1 1 1 1 1 1 1 1 1
1 1 1 1 1 1 1 1 1 0
1 1 1 0 1 1 0 0 0 0
1 1 1 1 1 1 0 0 0 0
1 1 0 0 0 1 0 0 0 0
1 1 1 1 1 1 1 1 1 0
0 0 0 0 0 0 0 0 0 0
Maze 49
83 12 3.8888888889 2.0415511451 26 0.374636773762342
44 36 40 54 49 33 47 75 21 34 41 42 91 65 11 44
34 400 34 44 43 43 45 71 31 31 400 41 61 61 41
402 400 402 402 401 401 402 401 401 402 400 402 402 401 401
0 0 0 0 0 0 0 0 0 0
1 0 0 0 0 0 0 0 0 0
1 0 0 0 0 0 0 0 0 0
1 1 1 1 1 1 1 1 1 1
1 1 1 2 1 1 1 1 1 0
1 0 0 1 1 0 0 0 0 0
1 1 1 1 1 0 0 0 0 0
1 1 1 1 1 0 0 0 0 0
1 0 0 0 0 0 0 0 0 0
1 0 0 0 0 0 0 0 0 0
Maze 50
115 60 3.1147540984 2.1380182894 126 0.392240098949499
24 80 47 71 88 41 83 11 91 92 59 27 53 82 8 24
74 77 41 81 81 81 81 400 400 52 57 23 52 2 4
401 401 402 401 401 401 401 400 400 402 401 402 402 402 402
0 1 1 1 1 1 1 1 0 0
1 1 0 1 0 0 0 0 0 0
1 1 1 2 1 1 1 0 0 0
1 1 1 1 0 0 1 0 0 0
1 1 1 1 1 1 1 0 0 0
1 1 1 1 1 1 1 1 1 0
1 1 0 1 0 0 1 0 0 0
1 1 0 1 1 1 1 1 1 1
1 1 1 1 1 1 1 1 0 0
1 1 0 0 0 0 0 0 0 0
Maze 51
105 89 3.3461538462 2.0800979812 90 0.383826058967697
2 63 1 41 28 63 47 83 31 7 26 5 52 98 87 2
62 61 400 21 23 43 43 81 1 6 25 2 92 97 82
401 401 400 402 402 402 402 401 402 402 401 402 401 401 401
1 2 1 1 1 1 1 0 0 0
1 1 0 0 1 1 0 0 0 0
1 1 1 1 1 1 1 1 0 0
1 1 1 0 0 0 0 0 0 0
1 1 1 1 1 1 1 0 0 0
1 1 1 0 0 0 0 0 0 0
1 1 1 0 0 0 0 0 0 0
1 1 1 0 0 0 0 0 0 0
1 1 1 1 1 1 1 0 0 0
0 1 1 1 1 1 1 1 0 0
Maze 52
115 209 3.0909090909 2.1979878964 112 0.398883414997652
16 91 52 72 55 28 74 8 98 3 83 9 57 76 58 16
11 51 400 52 25 24 4 400 93 400 3 7 56 56 56
402 402 400 402 402 402 402 400 401 400 402 402 402 402 401
0 0 1 1 1 1 1 1 1 0
1 1 1 1 1 2 1 1 0 0
1 0 1 1 1 1 1 1 0 0
1 0 1 1 1 1 1 1 0 0
1 0 1 1 1 1 1 1 0 0
1 1 1 1 1 1 1 1 0 0
1 1 1 1 0 1 0 1 0 0
1 1 1 1 0 1 0 1 0 0
1 0 1 0 0 0 0 1 0 0
1 0 1 1 1 1 1 1 0 0
Maze 53
91 11 3.0175438596 2.2409432339 40 0.372968155177027
6 50 46 10 10 62 69 69 7 34 14 97 86 11 32 6
46 400 6 400 2 400 400 67 4 400 94 96 81 31 2
401 400 402 400 402 400 400 401 402 400 401 401 401 401 402
0 1 1 1 1 2 1 1 1 1
1 1 0 1 0 1 1 0 0 0
1 1 0 1 0 1 1 0 0 0
1 1 0 1 0 1 1 0 0 0
1 1 0 1 0 1 1 1 1 1
1 1 0 1 0 0 1 0 0 0
1 1 1 1 1 1 1 1 1 0
1 0 0 1 0 0 0 0 0 0
1 1 1 1 1 1 0 0 0 0
0 0 0 1 1 1 1 0 0 0
Maze 54
89 58 2.8474576271 2.2116705953 35 0.400586656814650
80 15 59 64 54 41 4 74 81 32 47 22 10 7 29 80
75 55 54 400 51 1 400 71 31 42 42 2 400 27 79
401 401 402 400 401 402 400 402 402 401 401 402 400 401 401
1 1 1 1 1 1 1 1 1 1
1 1 0 1 1 0 1 0 0 0
1 1 0 1 1 0 1 1 1 0
1 1 0 1 1 0 0 0 1 0
1 1 1 1 1 1 1 0 1 0
1 1 1 1 1 1 1 1 1 0
1 0 0 1 1 0 0 0 1 0
1 1 1 1 1 1 1 1 1 2
1 0 0 0 0 0 0 0 0 0
0 0 0 0 0 0 0 0 0 0
Maze 55
119 62 3.0000000000 2.0037597369 135 0.395888290675712
93 7 58 72 100 1 31 100 33 89 38 56 75 74 44 93
3 57 52 92 91 400 91 93 83 88 36 55 400 400 43
402 401 402 401 401 400 401 401 401 401 402 402 400 400 402
1 0 1 1 1 1 1 0 0 0
1 0 1 0 0 0 1 0 0 0
1 0 1 0 0 0 1 0 0 0
1 0 1 0 0 1 1 1 0 0
1 0 1 1 0 1 1 1 0 0
1 1 1 1 1 1 1 1 0 0
1 1 1 1 1 0 0 1 0 0
1 1 1 1 1 0 0 1 0 0
1 1 1 1 1 1 1 1 1 0
1 1 2 1 1 1 1 1 1 1
Maze 56
103 183 3.2000000000 2.2346682662 84 0.381337517519958
38 84 4 62 85 65 99 69 93 11 92 3 34 71 49 38
34 400 2 82 400 95 400 63 91 91 2 33 31 41 48
402 400 402 401 400 401 400 402 401 401 402 401 402 402 401
0 1 1 1 0 0 0 0 0 0
1 1 1 1 0 0 0 0 0 0
1 1 1 1 0 0 0 0 0 0
1 1 1 1 1 1 1 2 0 0
1 1 1 1 1 1 1 1 1 0
1 1 0 1 0 0 0 0 0 0
1 1 1 1 1 1 1 1 1 0
1 1 1 1 1 0 0 0 1 0
1 1 1 1 1 0 0 0 1 0
1 1 1 0 1 1 1 1 1 0
Maze 57
105 67 2.9642857143 2.0131844052 105 0.370105867891329
44 12 17 61 80 39 46 80 69 14 78 16 41 88 96 44
42 400 11 71 79 36 76 79 64 74 76 11 81 86 94
401 400 402 401 401 402 401 401 401 401 401 402 401 402 401
0 0 0 0 0 0 0 0 0 0
1 1 1 1 1 1 1 0 0 0
1 1 0 1 0 1 0 0 0 0
1 1 0 1 0 1 1 1 1 0
1 1 1 2 0 1 0 0 1 0
1 0 0 1 0 1 0 0 1 0
1 0 0 1 1 1 1 1 1 0
1 1 1 1 1 1 1 1 1 1
1 1 1 1 1 1 1 1 0 0
0 0 0 1 1 1 0 0 0 0
Maze 58
93 308 3.0943396226 2.1510545819 50 0.388187680126765
16 97 84 54 5 38 88 98 16 84 86 27 95 31 29 16
96 94 400 4 35 400 400 96 14 400 26 25 91 21 26
401 401 400 402 401 400 400 401 402 400 402 402 401 402 401
0 0 0 1 1 0 0 0 0 0
0 0 0 1 1 2 0 0 0 0
1 1 1 1 1 1 1 1 1 0
1 0 0 1 1 1 1 1 0 0
1 0 0 1 1 1 0 1 0 0
1 0 0 1 1 1 0 1 0 0
1 0 0 1 1 1 0 1 0 0
1 0 0 1 1 1 0 1 0 0
1 0 0 1 1 1 0 1 0 0
1 1 1 1 1 1 1 1 0 0
Maze 59
83 114 3.3913043478 2.2354601107 13 0.379973645027490
38 18 21 52 90 41 82 42 6 43 61 34 25 4 4 38
400 11 51 82 81 81 400 2 3 41 31 24 24 400 34
400 402 401 401 401 401 400 402 402 402 402 402 401 400 401
0 1 1 1 1 1 0 0 0 0
1 1 1 1 1 1 1 1 0 0
1 1 1 1 1 0 0 1 0 0
1 1 1 1 1 1 1 2 0 0
1 1 1 0 0 0 0 0 0 0
1 1 0 0 0 0 0 0 0 0
1 1 0 0 0 0 0 0 0 0
1 1 0 0 0 0 0 0 0 0
1 1 1 1 1 1 1 1 1 1
0 0 0 0 0 0 0 0 0 0
Maze 60
131 12 3.2758620690 1.9195225641 166 0.391840582458461
13 83 69 50 99 1 94 1 66 91 64 2 60 6 53 13
400 63 49 49 91 91 91 61 61 61 62 52 56 3 400
400 402 402 402 401 401 401 401 402 402 401 401 401 402 400
1 1 1 1 1 1 0 0 0 0
1 1 2 0 0 1 0 0 0 0
1 1 1 0 0 1 0 0 0 0
1 1 1 0 0 1 0 0 0 0
1 1 1 0 0 1 0 0 1 1
1 1 1 1 1 1 1 1 1 1
1 1 1 1 1 1 1 1 1 0
1 0 1 0 0 0 0 0 1 0
1 0 1 0 0 0 0 0 1 0
1 1 1 1 1 1 1 1 1 0
Maze 61
103 2362 2.9411764706 1.8854601203 71 0.393723486246962
70 64 29 80 6 32 38 80 17 66 29 59 17 64 30 70
400 24 79 76 2 400 78 77 16 26 400 57 14 24 400
400 402 401 401 402 400 401 401 402 402 400 401 402 402 400
0 1 1 1 1 1 0 0 0 0
0 1 0 1 1 1 1 0 0 0
0 1 0 1 1 1 1 1 1 1
0 1 1 1 1 1 1 1 1 1
0 0 0 1 0 1 1 1 1 1
0 0 0 1 0 1 1 1 1 1
0 0 0 1 1 1 1 1 1 2
0 0 0 0 0 1 1 1 1 1
0 0 0 0 0 0 0 0 0 0
0 0 0 0 0 0 0 0 0 0
Maze 62
95 67 3.0769230769 1.9858000663 71 0.398282725077908
41 97 84 33 78 92 43 30 79 85 60 98 62 83 43 41
91 94 83 73 72 42 23 29 75 55 58 92 82 400 400
401 401 401 401 402 402 402 402 402 402 402 401 401 400 400
0 0 0 0 0 0 0 0 0 0
0 0 0 0 0 0 0 0 0 0
0 0 1 1 1 1 1 1 1 1
0 0 1 0 0 0 0 0 1 0
2 1 1 0 0 0 0 0 1 0
1 1 1 0 1 1 1 1 1 1
1 1 1 0 1 0 0 1 1 0
1 1 1 1 1 1 1 1 1 0
1 1 1 1 1 0 0 1 0 0
1 1 1 1 1 1 1 1 0 0
Maze 63
103 212 3.5102040816 2.0246287017 47 0.378037914374862
74 91 27 98 84 27 87 60 28 31 69 61 52 68 49 74
71 21 97 94 24 400 57 58 21 61 400 51 62 48 44
402 402 401 401 402 400 402 401 402 401 400 402 401 402 402
0 0 0 0 0 0 0 0 0 0
0 0 0 0 0 0 0 0 0 0
1 1 1 1 1 1 1 1 0 0
1 0 0 1 0 0 1 1 0 0
1 0 0 1 1 1 1 1 1 0
1 1 0 1 0 0 1 1 1 1
1 1 1 1 1 1 1 1 1 0
1 1 1 2 0 0 1 0 0 0
1 0 0 1 0 0 1 0 0 0
1 0 0 1 1 1 1 1 0 0
Maze 64
103 765 3.4444444444 2.1693442348 65 0.394257762375238
40 66 92 55 41 26 25 13 52 83 60 91 67 5 41 40
36 62 52 51 21 400 23 12 82 53 51 61 65 1 31
402 402 402 401 402 400 401 402 401 402 402 402 401 402 402
1 1 1 1 1 0 0 0 0 0
1 1 1 0 1 0 0 0 0 0
1 1 1 1 1 1 0 0 0 0
1 1 1 1 1 1 1 1 1 2
1 1 0 0 1 1 0 0 0 0
1 1 1 1 1 1 1 1 1 1
1 1 1 1 1 1 1 0 0 0
1 1 1 0 0 0 0 0 0 0
1 1 1 0 0 0 0 0 0 0
1 1 0 0 0 0 0 0 0 0
Maze 65
81 10 2.4745762712 2.1850306080 35 0.396699026903450
26 56 40 23 93 71 92 2 4 53 64 20 60 87 44 26
400 36 33 400 91 91 400 400 3 63 14 400 57 84 24
400 402 401 400 401 401 400 400 402 401 402 400 402 401 402
0 1 1 1 0 0 0 0 0 0
0 1 1 1 1 1 1 1 1 1
0 1 1 1 1 2 0 0 0 1
0 1 1 1 1 1 1 1 1 1
0 1 1 1 0 1 0 0 0 1
0 1 1 1 0 1 1 1 1 1
0 1 1 1 0 0 1 0 0 0
1 1 1 1 0 0 1 0 0 0
1 1 1 1 1 1 1 0 0 0
1 1 1 0 0 0 0 0 0 0
Maze 66
71 42 2.7826086957 2.1343296832 16 0.361935025156671
84 90 56 84 68 76 89 39 72 62 51 55 18 58 56 84
400 86 54 64 66 86 400 32 400 61 400 15 400 400 54
400 401 402 402 402 401 400 402 400 401 400 402 400 400 402
0 0 0 0 0 0 0 0 0 0
0 0 0 0 1 1 1 1 0 0
0 0 0 0 1 0 0 1 0 0
0 1 1 1 1 1 1 1 1 0
0 1 0 0 1 0 0 1 1 0
1 1 1 1 1 1 1 1 1 0
1 1 0 1 1 1 1 1 1 0
0 1 0 1 0 1 0 0 1 0
0 0 0 2 1 1 1 1 1 1
0 0 0 0 0 0 0 0 0 0
Maze 67
111 175 2.9687500000 2.1879236119 120 0.396259454502547
52 96 31 3 64 79 48 51 42 99 86 60 94 5 50 52
92 91 1 63 74 78 41 41 92 96 56 54 4 45 42
401 401 402 401 401 401 402 402 401 401 402 402 402 401 402
1 1 1 1 1 0 0 0 0 0
1 0 1 1 1 0 0 0 0 0
1 0 1 1 1 0 0 0 0 0
1 0 1 1 1 0 0 0 0 0
1 1 1 1 1 1 1 1 1 1
1 2 1 1 1 1 1 1 1 1
1 1 1 1 0 1 0 1 0 0
1 1 0 1 1 1 1 1 1 0
1 1 0 1 0 1 0 0 0 0
1 1 1 1 1 1 1 1 1 0
Maze 68
109 125 3.3333333333 2.0023458814 94 0.381528255032409
71 93 38 94 98 32 3 31 23 72 31 92 14 68 1 71
91 33 34 400 92 2 1 21 22 71 91 12 64 61 400
401 402 402 400 401 402 402 402 402 401 401 402 401 401 400
1 1 1 0 0 0 0 0 0 0
1 1 1 1 0 0 0 0 0 0
1 1 1 1 0 0 0 0 0 0
1 1 1 1 1 1 1 1 0 0
1 1 1 1 0 0 0 0 0 0
1 1 1 1 0 0 0 0 0 0
1 1 1 1 1 1 1 1 0 0
2 1 1 1 0 0 0 0 0 0
1 1 1 1 0 0 0 0 0 0
1 1 1 1 1 1 1 1 0 0
Maze 69
99 85 2.9230769231 2.4316434552 64 0.366193667760589
12 3 51 70 58 20 27 67 79 61 18 26 33 61 100 12
2 1 61 68 18 17 400 77 71 11 16 23 31 91 92
402 402 401 401 402 402 400 401 401 402 402 402 402 401 401
1 1 1 0 0 0 0 0 0 0
1 2 1 1 1 1 1 1 1 1
1 1 1 1 1 1 1 1 0 0
1 1 1 0 0 0 1 1 0 0
1 1 0 0 0 0 1 1 0 0
1 1 0 0 0 0 1 1 0 0
1 1 1 1 1 1 1 1 1 1
1 1 1 1 1 1 1 1 1 0
1 1 0 0 0 0 0 0 0 0
1 1 1 1 1 1 1 1 1 1
Maze 70
81 72 3.2093023256 1.9576085682 23 0.368049504961552
13 44 68 80 92 84 95 35 32 32 11 35 91 80 84 13
43 64 78 72 82 94 400 400 400 31 31 31 71 74 83
401 401 401 402 402 401 400 400 400 401 401 402 402 402 401
0 0 0 0 0 0 0 0 0 0
1 0 2 0 0 0 0 0 0 0
1 0 1 0 0 0 0 0 0 0
1 1 1 1 1 0 0 0 0 0
1 0 1 1 1 0 0 0 0 0
1 0 1 1 1 0 0 0 0 0
1 0 1 1 1 1 1 1 0 0
1 1 1 1 1 1 1 1 1 1
1 1 1 1 1 0 0 0 0 0
1 1 0 1 1 0 0 0 0 0
Maze 71
103 206 3.3571428571 2.2004017857 60 0.392534056738234
75 67 50 84 1 43 72 70 13 37 66 90 22 13 82 75
65 47 44 81 41 42 62 63 33 36 86 82 12 12 72
402 402 402 401 401 402 402 401 401 402 401 401 402 402 402
1 0 0 0 0 0 0 0 0 0
1 1 1 0 0 0 0 0 0 0
1 1 1 0 0 0 0 0 0 0
1 1 1 1 1 1 1 0 0 0
1 1 1 1 1 1 1 1 1 1
1 1 1 1 0 1 1 0 0 0
1 1 1 1 1 1 1 1 1 1
1 1 1 1 2 1 0 0 0 0
1 1 1 1 1 1 1 1 1 1
0 0 0 0 0 0 0 0 0 0
Maze 72
95 72 2.9811320755 1.9573778649 55 0.371228573687381
46 44 34 95 8 76 69 2 10 4 90 93 97 96 85 46
400 400 94 5 6 66 62 400 400 84 83 400 400 95 45
400 400 401 402 402 402 401 400 400 401 402 400 400 401 402
0 1 1 1 1 1 1 1 1 1
0 1 0 1 1 1 0 0 0 0
0 1 0 1 1 1 0 0 0 0
0 1 0 1 1 1 0 0 0 0
0 1 0 1 1 2 0 0 0 0
0 1 0 1 1 1 0 0 0 0
0 1 1 1 1 1 1 1 1 0
0 0 0 1 1 1 0 0 0 0
0 0 1 1 1 1 1 1 1 1
0 0 1 1 1 1 1 0 0 0
Maze 73
93 18 3.6744186047 1.9395251368 36 0.392326352859324
72 10 54 58 50 73 43 42 41 47 73 58 43 18 62 72
2 4 400 48 43 400 400 400 400 43 53 53 13 12 400
402 402 400 402 402 400 400 400 400 402 402 401 402 402 400
0 1 1 1 1 1 1 1 1 1
0 1 1 1 1 1 1 1 0 0
0 1 1 1 0 0 0 0 0 0
0 1 1 1 0 0 0 0 0 0
1 1 1 1 1 1 1 1 1 1
0 1 1 1 1 1 1 1 0 0
0 1 1 0 0 0 0 0 0 0
0 2 1 0 0 0 0 0 0 0
0 0 0 0 0 0 0 0 0 0
0 0 0 0 0 0 0 0 0 0
Maze 74
99 2201 2.9375000000 2.3213816345 84 0.370479597967570
69 25 64 3 64 90 59 62 8 68 79 6 13 4 1 69
65 24 63 63 84 89 52 2 400 78 76 3 3 400 61
401 402 401 401 401 401 402 402 400 401 401 402 402 400 401
1 1 1 1 1 1 1 1 0 0
1 1 1 0 0 1 0 1 0 0
1 1 1 1 1 1 0 1 0 0
1 1 1 1 1 1 0 1 0 0
1 1 1 1 1 1 0 1 0 0
1 1 1 1 1 1 1 1 1 0
1 1 1 1 1 1 1 1 2 0
0 0 0 1 0 1 1 1 1 0
0 0 0 1 1 1 1 1 1 1
0 0 0 0 0 0 0 0 0 0
Maze 75
89 78 3.2380952381 1.8513156492 36 0.377849542891803
74 89 46 74 36 51 36 35 77 45 71 87 16 12 37 74
84 86 44 34 31 31 400 75 75 41 81 86 400 32 34
401 401 402 402 402 402 400 401 401 402 401 401 400 401 402
0 0 0 0 0 0 0 0 0 0
0 1 1 1 1 1 0 0 0 0
0 1 0 0 0 1 0 0 0 0
1 1 1 1 1 1 1 0 0 0
1 1 1 1 1 1 0 0 0 0
1 0 0 1 1 1 0 0 0 0
1 0 0 1 1 1 0 0 0 0
1 0 0 2 1 1 1 0 0 0
1 1 1 1 1 1 1 1 1 0
0 0 0 0 0 0 0 0 0 0
Maze 76
95 95 3.0344827586 2.1484533688 48 0.397008093933962
89 53 44 20 51 88 86 70 39 56 19 28 87 10 20 89
83 43 14 11 81 400 66 69 36 16 18 27 7 400 19
401 402 402 402 401 400 402 401 402 402 402 402 402 400 402
0 0 0 0 0 0 1 1 1 1
1 1 1 1 1 1 1 1 1 1
1 0 0 1 0 1 1 1 1 0
1 0 0 1 0 1 1 1 1 0
1 0 1 1 0 1 1 0 1 0
1 0 1 0 0 1 1 0 1 0
1 0 1 0 0 1 1 1 1 1
1 0 1 0 0 1 1 0 1 0
1 1 1 1 1 1 1 1 2 0
0 0 0 0 0 0 0 0 0 0
Maze 77
87 9 3.0566037736 2.2277784588 50 0.373547016283173
55 49 83 74 31 76 69 95 54 54 62 5 61 83 26 55
45 43 73 71 71 66 65 94 400 52 2 1 81 23 25
402 402 402 401 401 402 402 401 400 402 402 402 401 402 402
1 1 1 1 1 0 0 0 0 0
1 1 0 0 0 0 0 0 0 0
1 1 1 1 1 1 0 0 0 0
1 1 1 0 1 0 0 0 0 0
1 1 1 1 1 1 1 1 1 0
1 1 1 1 2 0 0 0 0 0
1 1 1 1 1 1 1 1 1 0
1 1 1 1 1 1 0 0 0 0
1 1 1 1 1 0 0 0 0 0
0 0 0 1 1 0 0 0 0 0
Maze 78
101 159 3.1481481481 2.0721391996 55 0.365089570861839
46 68 82 89 43 1 2 58 38 68 50 1 46 21 96 46
66 62 400 83 41 400 52 400 400 48 41 41 41 91 400
401 402 400 401 401 400 401 400 400 402 401 401 401 401 400
1 1 0 0 0 0 0 0 0 0
1 1 0 0 0 0 0 0 0 0
1 1 0 0 0 0 0 0 0 0
1 1 0 0 0 0 0 1 0 0
1 1 1 1 1 2 1 1 1 1
1 1 1 1 1 1 1 1 0 0
1 1 1 1 1 1 1 1 0 0
1 1 1 0 0 1 0 0 0 0
1 1 1 1 1 1 1 1 1 0
1 1 1 1 1 1 0 0 0 0
Maze 79
105 38 3.0000000000 2.1775736601 97 0.395903777000754
96 71 84 13 99 3 2 65 61 50 60 68 44 54 20 96
91 81 83 93 93 400 62 400 41 400 58 64 400 14 16
401 401 401 401 401 400 401 400 402 400 402 401 400 402 402
0 1 1 0 0 0 0 0 0 0
0 1 1 1 1 1 1 1 1 1
0 1 1 1 0 1 0 0 0 0
0 1 1 1 0 1 0 0 0 0
1 1 1 1 1 1 1 1 1 1
1 1 1 1 0 1 0 1 1 1
1 1 1 1 1 1 1 1 0 0
1 0 1 0 0 1 0 0 0 0
1 1 1 1 0 1 0 0 0 0
1 1 1 1 1 2 1 1 1 0
Maze 80
87 151 2.9803921569 2.0576317263 27 0.385976107675543
30 48 77 47 72 74 41 48 1 18 49 10 45 12 11 30
28 47 400 42 400 71 400 41 11 48 9 5 42 400 21
402 402 400 402 400 401 400 401 401 401 402 402 401 400 401
1 0 0 0 1 1 1 1 1 1
1 1 1 1 1 1 1 1 1 0
1 1 1 1 1 1 1 1 1 2
1 1 0 0 1 0 0 1 1 0
1 1 1 1 1 1 1 1 1 0
1 1 0 0 0 0 1 0 0 0
1 1 0 0 0 0 1 0 0 0
1 1 1 1 0 0 1 0 0 0
0 0 0 0 0 0 0 0 0 0
0 0 0 0 0 0 0 0 0 0
Maze 81
79 68 3.0212765957 2.1229762053 35 0.364728226264398
94 36 7 3 58 36 68 94 34 27 37 12 1 5 12 94
34 6 400 53 56 66 64 400 24 400 32 11 400 2 92
402 402 400 401 401 401 402 400 402 400 401 401 400 402 401
1 1 1 1 1 1 1 0 0 0
1 1 1 0 0 1 0 0 0 0
0 1 1 1 1 1 1 0 0 0
0 1 1 1 1 1 1 0 0 0
0 1 1 1 0 1 0 0 0 0
0 1 1 1 1 1 1 1 0 0
0 1 0 1 1 1 1 1 0 0
0 1 0 1 0 0 0 0 0 0
0 1 0 1 0 0 0 0 0 0
0 1 1 2 0 0 0 0 0 0
Maze 82
97 109 3.4418604651 1.8927164347 48 0.382124240378823
77 81 31 56 24 52 77 42 62 19 5 18 94 81 33 77
71 400 51 54 22 72 72 400 12 15 15 14 91 31 73
402 400 401 401 402 401 401 400 402 401 401 402 401 402 401
0 0 0 0 1 0 0 0 0 0
0 1 1 1 1 1 1 1 1 0
0 1 1 1 0 0 0 0 0 0
1 1 1 1 0 0 0 0 0 0
1 1 1 1 0 0 0 0 0 0
1 1 1 1 1 1 0 0 0 0
1 1 1 1 0 0 0 0 0 0
1 1 1 1 1 1 2 0 0 0
1 0 0 1 0 0 0 0 0 0
1 1 1 1 0 0 0 0 0 0
Maze 83
91 166 3.0000000000 2.1735887902 41 0.379031857867323
24 21 93 63 10 84 68 22 51 38 18 64 64 41 23 24
400 91 400 3 4 64 62 21 31 400 14 400 61 21 400
400 401 400 402 402 402 401 402 402 400 402 400 401 402 400
0 0 1 1 1 1 1 1 1 1
0 0 1 1 1 1 1 1 0 0
1 1 1 2 0 0 0 1 0 0
1 1 1 1 1 1 1 1 0 0
1 1 1 1 0 0 0 0 0 0
1 1 1 1 0 0 0 0 0 0
1 1 1 1 1 1 1 1 0 0
1 0 1 1 0 0 0 0 0 0
1 0 1 1 0 0 0 0 0 0
1 1 1 0 0 0 0 0 0 0
Maze 84
111 140 3.1692307692 2.2978964372 64 0.386549346499298
93 57 23 20 64 70 45 15 58 80 13 98 8 32 83 93
53 53 13 14 400 65 400 55 78 73 93 400 2 82 400
402 401 402 402 400 401 400 401 401 401 401 400 402 401 400
0 1 1 1 1 1 1 1 0 0
0 1 1 1 1 1 1 1 1 1
0 1 1 1 1 0 0 1 0 0
0 1 1 1 1 0 0 1 0 0
0 1 1 1 1 0 0 1 0 0
0 1 1 1 1 1 1 1 0 0
0 1 1 1 1 1 1 1 1 1
0 1 1 1 1 1 1 1 1 1
0 1 1 0 0 0 0 1 0 0
0 0 2 1 1 1 1 1 0 0
Maze 85
85 193 3.2500000000 2.1209434717 41 0.393703727708907
9 66 42 40 25 42 54 34 44 44 81 76 10 45 54 9
6 62 32 35 22 52 400 400 400 41 71 6 5 44 4
402 401 402 401 402 401 400 400 400 402 402 402 402 402 402
0 0 0 1 1 1 1 1 2 1
0 0 0 1 1 1 0 0 0 0
0 1 1 1 1 1 0 0 0 0
0 1 1 1 1 1 1 1 1 1
1 1 1 1 1 1 0 0 0 0
1 1 1 1 0 1 0 0 0 0
1 1 1 1 1 1 0 0 0 0
1 1 1 1 1 1 0 0 0 0
1 0 0 0 0 0 0 0 0 0
0 0 0 0 0 0 0 0 0 0
Maze 86
91 22 3.1304347826 1.9683736906 50 0.389861656215117
74 70 96 23 53 98 67 25 47 69 12 14 5 70 98 74
64 66 93 400 93 97 65 45 67 62 400 4 65 68 94
402 402 401 400 401 401 401 401 401 401 400 402 401 402 401
0 0 0 1 1 0 0 0 0 0
0 1 1 1 1 0 0 0 0 0
0 1 1 0 1 0 0 0 0 0
0 1 1 0 1 0 0 0 0 0
0 1 1 0 1 1 1 0 0 0
0 1 1 0 1 0 1 0 0 0
0 1 1 1 1 1 1 1 1 1
0 0 1 2 0 1 1 1 0 0
0 0 1 1 0 1 1 1 0 0
0 0 1 1 1 1 1 1 0 0
Maze 87
97 1198 3.1186440678 2.2410558164 77 0.382730409076051
17 85 4 92 76 33 4 69 64 28 35 33 41 88 77 17
15 84 2 72 73 3 64 400 24 25 400 31 81 87 400
402 401 402 402 401 402 401 400 402 402 400 402 401 401 400
0 1 1 1 0 0 0 0 0 0
0 1 1 1 1 1 2 0 0 0
0 1 1 1 1 1 1 1 0 0
1 1 1 1 1 0 1 0 0 0
1 1 1 1 1 0 1 0 0 0
1 1 1 1 1 0 1 0 0 0
1 1 1 1 1 1 1 1 1 0
1 1 1 1 1 1 1 0 0 0
1 1 1 1 1 1 1 1 0 0
0 1 0 0 0 0 0 0 0 0
Maze 88
109 106 2.9830508475 2.1550793855 92 0.388313218202546
85 21 50 17 36 25 71 4 6 97 20 27 90 41 33 85
81 41 47 16 35 21 1 400 96 17 17 87 81 31 83
401 401 401 402 401 402 402 400 401 402 402 401 401 402 401
1 1 1 1 1 1 0 0 0 0
1 0 0 0 0 1 1 1 1 1
1 1 1 1 1 1 1 0 0 0
1 1 1 0 1 1 1 0 0 0
1 1 1 1 1 1 1 1 1 1
1 0 1 0 0 1 1 0 0 0
1 0 1 0 0 1 1 0 0 0
1 0 1 0 0 1 1 0 0 0
1 1 1 1 2 1 1 1 1 1
0 0 0 0 0 1 1 0 0 0
Maze 89
89 25 3.0800000000 2.0981577357 41 0.381606654640610
51 92 60 93 42 33 51 35 72 65 100 88 46 39 40 51
91 52 53 92 32 31 31 32 62 95 98 86 36 400 31
401 402 402 401 402 402 402 402 402 401 401 401 402 400 402
0 0 0 0 0 0 0 0 0 0
0 0 0 0 0 0 0 0 0 0
0 0 0 0 0 0 0 0 0 0
1 1 1 1 1 1 1 1 1 1
1 1 0 0 0 1 0 0 0 0
2 1 1 1 1 1 1 1 1 1
1 1 1 1 1 1 0 0 0 0
1 1 1 0 1 1 0 0 0 0
1 1 1 0 1 1 1 1 0 0
1 1 1 0 1 1 1 1 1 1
Maze 90
105 110 3.3913043478 1.8031281910 92 0.386189198042193
92 44 26 28 25 61 91 59 53 66 17 82 59 3 57 92
42 24 400 400 21 400 51 400 63 16 12 52 53 53 52
402 402 400 400 402 400 402 400 401 402 402 402 401 401 402
0 0 1 0 0 0 0 0 0 0
0 1 1 1 1 1 1 0 0 0
1 1 1 1 1 1 1 1 0 0
1 1 1 1 0 1 0 0 0 0
1 1 1 1 0 1 0 0 0 0
1 1 1 1 1 1 1 1 1 0
1 1 1 1 1 1 0 0 0 0
1 1 0 0 0 0 0 0 0 0
1 1 0 0 0 0 0 0 0 0
1 2 0 0 0 0 0 0 0 0
Maze 91
105 898 3.0508474576 2.1174324509 112 0.391092432155509
27 2 75 18 24 80 97 3 54 98 69 48 39 82 75 27
22 72 15 14 74 77 93 53 94 68 68 38 32 72 25
401 401 402 402 401 402 401 401 401 402 401 402 402 402 402
0 1 1 0 0 0 0 0 0 0
0 1 1 1 1 1 1 1 0 0
0 1 1 1 1 1 2 0 0 0
0 1 1 1 1 1 1 1 1 0
0 1 1 1 1 0 0 1 0 0
0 1 1 1 1 0 0 1 0 0
0 1 1 1 1 0 0 1 1 0
0 1 1 1 1 1 1 1 1 1
0 1 1 1 0 0 1 1 0 0
0 0 1 1 1 1 1 1 0 0
Maze 92
123 35 3.4117647059 1.8415593512 90 0.380333040673237
21 99 6 53 84 97 13 65 89 99 51 13 19 31 95 21
91 96 3 83 94 93 63 85 400 91 11 400 11 91 91
401 401 402 401 401 401 401 401 400 401 402 400 402 401 401
0 0 1 1 1 1 0 0 0 0
1 1 1 1 1 1 1 1 1 0
2 0 1 0 0 1 0 0 0 0
1 0 1 0 0 1 0 0 0 0
1 0 1 0 0 1 0 0 0 0
1 0 1 0 0 1 0 0 0 0
1 0 1 1 1 1 0 0 0 0
1 0 1 0 1 1 0 0 0 0
1 0 1 1 1 1 1 1 1 0
1 1 1 1 1 1 1 1 1 0
Maze 93
105 3835 3.1076923077 2.3265615818 120 0.384483528168750
84 38 99 19 40 77 89 55 19 67 13 6 97 18 9 84
34 98 400 39 37 87 85 15 17 63 3 96 17 8 4
402 401 400 401 402 401 401 402 402 401 402 401 402 402 402
0 0 1 1 1 1 1 1 1 0
0 0 1 1 1 1 1 1 1 0
0 0 1 1 1 1 1 0 1 0
0 0 1 1 1 1 1 1 1 1
0 0 1 1 1 1 1 1 1 0
0 0 1 1 1 1 1 1 1 0
0 0 1 1 1 1 1 1 1 0
0 0 0 1 1 1 1 1 1 0
0 0 0 2 1 1 1 1 1 0
0 0 0 0 0 1 1 1 1 0
Maze 94
95 138 3.1071428571 2.1256661497 77 0.376791089669427
75 55 67 80 3 31 96 14 75 6 93 96 78 59 73 75
400 65 77 73 1 91 94 74 5 3 400 76 58 53 400
400 401 401 401 402 401 401 401 402 402 400 402 402 402 400
1 1 1 1 1 1 0 0 0 0
1 0 1 1 1 0 0 0 0 0
1 0 1 1 1 0 0 0 0 0
1 0 1 1 1 0 0 0 0 0
1 0 1 1 1 0 0 0 0 0
1 0 1 1 1 1 1 1 1 0
1 0 1 1 1 1 1 1 0 0
1 0 1 1 2 1 1 1 1 1
1 0 1 1 0 1 0 0 0 0
1 1 1 1 1 1 0 0 0 0
Maze 95
103 187 3.4814814815 2.1669222552 77 0.382751072269377
5 70 24 41 9 25 33 55 52 88 41 44 56 3 48 5
65 64 21 1 5 23 53 400 82 81 400 54 53 43 45
401 401 402 402 402 402 401 400 401 401 400 401 401 401 401
1 1 1 1 2 1 1 1 1 0
1 0 1 0 1 0 0 0 0 0
1 1 1 1 1 0 0 0 0 0
1 0 1 1 1 0 0 0 0 0
1 1 1 1 1 1 1 1 0 0
1 1 1 1 1 1 0 0 0 0
1 1 0 1 1 1 1 1 1 1
1 1 0 0 0 0 0 0 0 0
1 1 1 1 1 1 1 1 0 0
0 0 0 0 0 0 0 0 0 0
Maze 96
95 187 3.1764705882 2.0992168406 84 0.389662261957094
27 98 75 85 58 33 48 56 34 30 65 62 30 86 9 27
97 95 400 55 53 43 46 54 24 25 400 22 26 6 7
401 401 400 402 401 401 402 401 402 402 400 402 402 402 402
0 0 0 0 0 1 1 1 1 0
0 0 0 0 0 1 1 0 0 0
0 1 1 1 1 1 2 1 1 1
0 1 1 1 1 1 1 0 0 0
0 1 1 1 1 1 1 1 0 0
0 1 1 1 1 1 1 1 0 0
0 1 1 1 1 1 1 0 0 0
0 0 0 0 1 1 1 0 0 0
0 0 0 0 1 1 1 0 0 0
0 0 0 0 1 1 1 1 0 0
Maze 97
71 11 2.7600000000 2.3603573958 13 0.362007581771069
94 89 100 74 55 31 22 30 13 54 67 46 17 7 6 94
84 99 94 54 51 21 400 23 53 64 66 16 400 400 4
402 401 401 402 401 402 400 401 401 401 401 402 400 400 402
0 0 0 1 1 1 1 0 0 0
0 0 1 1 0 1 1 0 0 0
1 1 1 1 1 1 1 1 1 1
1 0 1 1 0 1 0 0 0 0
1 0 1 1 0 1 0 0 0 0
1 1 1 1 1 1 0 0 0 0
0 0 0 1 1 1 1 0 0 0
0 0 0 1 0 0 0 0 0 0
0 0 0 1 1 1 1 1 1 0
0 0 0 2 1 1 1 1 1 1
Maze 98
81 6 3.1904761905 1.9951367140 30 0.395386132017787
49 35 40 72 84 26 39 84 100 86 97 89 47 87 97 49
45 400 32 82 24 36 34 94 96 96 87 87 400 400 47
401 400 402 401 402 401 402 401 401 401 402 401 400 400 402
0 0 0 0 0 0 0 0 0 0
0 0 0 0 0 0 0 0 0 0
0 0 0 1 1 1 0 0 0 0
0 1 1 1 1 1 1 1 1 1
0 1 0 1 1 1 1 1 2 0
0 1 0 1 0 0 1 0 0 0
0 1 0 1 0 0 1 0 0 0
0 1 0 1 0 0 1 0 0 0
0 1 1 1 0 1 1 1 1 0
0 0 0 1 1 1 1 1 1 1
Maze 99
85 217 3.1914893617 2.0804349849 50 0.393355185522031
15 87 79 52 32 15 73 40 25 48 28 89 83 54 32 15
85 77 72 400 12 13 33 35 45 400 88 400 53 52 12
401 402 401 400 402 402 402 401 401 400 401 400 402 401 402
0 0 0 0 0 0 0 0 0 0
0 1 1 1 2 0 0 0 0 0
0 1 1 0 1 0 0 1 0 0
0 1 1 1 1 1 1 1 1 1
0 1 1 0 1 1 1 1 0 0
0 1 1 1 1 0 0 1 0 0
0 1 1 0 1 0 0 1 0 0
0 1 1 1 1 1 1 1 1 0
0 0 1 1 1 1 1 1 1 0
0 0 0 0 0 0 0 0 0 0
Maze 100
85 150 3.0588235294 2.1771800658 40 0.383653799605801
2 82 85 45 89 71 51 67 67 38 72 80 86 97 28 2
400 400 400 85 81 400 61 400 37 32 400 76 96 27 22
400 400 400 401 401 400 401 400 402 402 400 402 401 402 401
0 2 0 0 0 0 0 0 0 0
0 1 0 0 0 0 0 0 0 0
0 1 1 1 1 1 1 1 0 0
0 1 1 1 1 1 1 1 0 0
0 1 0 0 1 0 1 0 0 0
1 1 0 0 1 0 1 0 0 0
1 1 1 1 1 1 1 0 0 0
1 1 1 1 1 1 1 1 1 1
1 1 1 1 1 1 1 1 1 0
0 0 0 0 0 1 1 0 0 0
Maze 101
127 630 3.6333333333 2.1903580777 141 0.379609434049756
22 71 19 51 24 67 52 57 10 31 72 4 38 62 89 22
21 11 11 21 64 62 400 7 1 71 2 34 32 82 82
402 402 402 402 401 401 400 402 402 401 402 401 402 401 401
1 1 1 1 1 1 1 1 1 1
1 1 1 1 1 1 1 1 1 0
1 2 1 1 0 0 1 0 0 0
1 1 1 1 1 1 1 1 0 0
1 1 0 1 0 0 1 0 0 0
1 1 1 1 1 1 1 0 0 0
1 1 1 1 1 1 1 0 0 0
1 1 0 0 0 0 0 0 0 0
0 1 1 1 1 1 1 1 1 0
0 0 0 0 0 0 0 0 0 0
Maze 102
85 66 3.0400000000 2.1269673984 45 0.373328369687400
59 66 64 72 12 57 97 5 61 51 17 16 35 28 51 59
56 400 62 400 52 400 95 1 400 11 400 15 25 21 400
402 400 402 400 401 400 401 402 400 402 400 402 402 402 400
1 1 1 1 1 0 0 0 0 0
1 1 1 1 1 1 1 0 0 0
1 1 1 1 1 1 1 1 0 0
1 1 0 0 1 0 0 0 0 0
1 1 0 0 1 0 0 0 0 0
1 1 1 1 1 1 1 1 2 0
1 1 1 1 1 1 1 0 0 0
0 1 0 0 1 0 1 0 0 0
0 0 0 0 1 0 1 0 0 0
0 0 0 0 1 1 1 0 0 0
Maze 103
65 12 2.7727272727 2.1577978319 13 0.395980547383647
63 36 78 72 93 32 13 22 24 6 20 56 25 37 46 63
33 76 400 92 92 12 12 400 4 16 16 55 35 36 43
402 401 400 401 401 402 402 400 402 401 402 401 401 402 402
0 0 0 1 1 1 0 0 0 0
0 1 1 1 0 1 1 1 1 1
0 1 1 1 1 1 0 0 0 0
0 1 1 1 1 1 1 0 0 0
0 1 1 1 1 1 0 0 0 0
0 1 1 0 1 1 0 0 0 0
0 1 2 0 0 1 0 0 0 0
0 1 1 1 1 1 1 1 0 0
0 1 0 0 0 0 0 0 0 0
0 1 1 0 0 0 0 0 0 0
Maze 104
89 142 3.2549019608 2.1837316244 56 0.377764626999987
76 95 42 76 26 62 37 43 16 26 90 59 85 72 99 76
75 92 72 400 22 32 33 13 400 86 89 55 82 92 96
402 401 401 400 402 402 402 402 400 401 401 402 401 401 401
0 0 0 0 0 0 0 0 0 0
0 0 1 1 1 1 0 0 0 0
0 1 1 1 1 1 0 0 0 0
0 1 1 1 1 1 1 0 0 0
0 1 1 0 0 1 0 0 0 0
0 1 0 0 1 1 1 1 1 0
0 1 0 0 1 1 0 0 1 0
0 1 1 1 1 2 0 0 1 0
0 1 1 1 1 1 1 1 1 1
0 1 1 1 1 1 1 1 1 0
Maze 105
99 132 2.6000000000 2.3807185978 66 0.398441635492257
10 47 85 42 11 83 73 67 14 93 83 81 98 19 41 10
7 45 82 41 81 400 63 64 13 400 400 91 18 11 1
402 402 401 401 401 400 402 401 402 400 400 401 402 402 402
1 1 1 1 1 1 1 1 1 2
1 1 1 1 1 1 1 1 1 0
1 0 1 1 0 0 1 1 0 0
1 0 1 1 0 0 1 1 0 0
1 1 1 1 1 1 1 1 0 0
1 1 1 1 1 0 0 1 0 0
1 1 1 1 1 1 1 1 0 0
1 1 1 0 1 0 0 1 0 0
1 1 1 1 1 0 0 1 0 0
1 1 1 1 1 1 1 1 0 0
Maze 106
113 88 3.6666666667 1.7967930807 85 0.399114703234383
8 93 6 42 83 70 46 34 58 50 92 32 24 60 43 8
3 3 2 82 63 66 44 54 48 42 400 22 54 53 3
402 402 402 401 402 401 401 401 402 402 400 402 401 401 402
0 1 1 1 1 1 1 2 0 0
0 1 1 0 0 0 0 0 0 0
0 1 1 1 0 0 0 0 0 0
0 1 1 1 0 0 0 0 0 0
0 1 1 1 1 1 1 1 1 1
0 1 1 1 1 1 1 1 1 1
0 1 1 1 1 1 1 1 1 1
0 1 1 0 0 0 0 0 0 0
0 1 1 0 0 0 0 0 0 0
0 1 1 0 0 0 0 0 0 0
Maze 107
107 576 3.0476190476 2.1833543510 61 0.376295726672774
21 54 30 12 8 31 82 94 96 9 62 77 100 73 35 21
51 24 22 2 1 81 92 400 6 2 72 97 93 33 31
401 402 401 402 402 401 401 400 402 402 401 401 401 402 401
1 1 1 1 1 1 1 1 1 0
1 1 0 0 0 1 0 0 0 0
2 1 1 1 1 1 1 1 1 1
1 1 1 1 1 1 0 0 0 0
1 1 1 1 0 1 0 0 0 0
1 1 1 1 0 1 0 0 0 0
1 1 1 0 0 1 0 0 0 0
1 1 1 1 1 1 1 0 0 0
1 1 1 0 0 1 1 0 0 0
0 1 1 1 1 1 1 1 1 1
Maze 108
77 33 2.7843137255 2.2534804966 35 0.415733290762212
32 65 22 53 8 98 75 56 85 47 35 46 66 77 18 32
62 62 52 3 400 95 55 55 45 45 45 400 76 17 12
401 401 401 402 400 401 402 402 402 401 401 400 401 402 402
0 0 1 1 1 1 1 1 0 0
0 1 1 1 1 1 1 1 0 0
0 1 1 0 0 0 1 1 0 0
0 2 1 0 1 0 1 1 0 0
0 1 1 0 1 1 1 1 0 0
0 1 1 0 1 1 1 1 0 0
0 1 1 1 1 1 1 1 0 0
0 0 0 0 1 1 1 1 0 0
0 0 0 0 1 0 0 1 0 0
0 0 0 0 1 1 1 1 0 0
Maze 109
105 21 3.5471698113 2.2157402060 84 0.364756367034457
55 99 38 14 6 54 40 48 26 50 1 33 71 68 1 55
95 98 34 4 4 34 38 46 46 41 31 31 61 61 51
401 401 401 402 402 402 402 401 401 401 401 402 402 401 401
1 0 0 1 1 1 0 0 0 0
1 0 0 1 0 0 0 0 0 0
1 0 0 1 0 1 0 0 0 0
1 1 1 1 1 1 1 1 1 1
1 1 1 1 1 1 1 1 1 1
1 1 1 1 2 0 0 1 0 0
1 1 1 1 1 1 1 1 0 0
1 0 0 0 1 0 0 1 0 0
0 0 0 0 1 0 0 1 0 0
0 0 0 0 1 1 1 1 1 0
Maze 110
109 354 3.2500000000 1.9244458719 112 0.386610939309294
7 86 59 71 8 33 94 48 4 33 26 95 45 95 8 7
6 56 51 1 3 93 44 44 3 23 25 400 400 5 400
402 402 402 402 402 401 402 401 402 402 402 400 400 402 400
1 1 1 1 1 1 2 1 0 0
1 0 1 1 1 1 0 0 0 0
1 0 1 1 1 1 0 0 0 0
1 0 1 1 1 1 0 0 0 0
1 0 1 1 1 1 1 1 0 0
1 1 1 1 1 1 1 1 1 0
1 0 1 1 1 1 0 0 0 0
1 0 1 1 1 1 0 0 0 0
0 0 1 1 1 1 0 0 0 0
0 0 1 1 1 0 0 0 0 0
Maze 111
93 10411 3.2075471698 2.2905166536 45 0.396108503683901
81 1 91 82 60 70 34 53 77 22 47 27 66 87 38 81
400 400 81 52 400 64 33 73 72 42 400 26 86 37 31
400 400 402 402 400 401 402 401 401 401 400 402 401 402 402
1 0 0 0 0 0 0 0 0 0
1 0 0 0 0 0 0 0 0 0
1 1 0 0 0 1 1 0 0 0
1 1 1 1 1 1 1 1 0 0
1 1 1 1 1 1 1 0 0 0
1 1 1 1 1 1 1 1 1 1
1 1 1 1 1 1 1 1 1 1
1 1 1 1 1 1 1 0 0 0
2 1 0 0 0 1 1 0 0 0
1 0 0 0 0 0 0 0 0 0
Maze 112
91 3871 2.7500000000 2.3704294671 56 0.402328878063069
49 8 87 41 18 29 3 39 100 80 24 26 60 69 28 49
48 7 81 11 28 23 33 99 400 74 400 56 59 68 48
401 402 401 402 401 401 401 401 400 401 400 401 402 401 401
0 0 1 0 0 0 1 1 0 0
1 1 1 1 1 1 1 1 0 0
1 0 1 1 1 1 1 1 1 0
1 0 1 1 1 1 1 1 1 0
1 0 0 1 0 1 1 1 2 0
1 0 0 1 0 1 1 1 1 1
1 0 0 1 0 0 1 1 1 0
1 0 0 1 1 1 1 1 1 1
1 1 1 1 1 1 1 0 1 1
0 0 0 0 0 0 0 0 1 1
Maze 113
105 291 3.4468085106 2.0263695460 105 0.386746137907624
71 70 71 82 11 82 4 14 76 41 65 53 81 60 36 71
61 61 81 81 81 2 400 74 71 61 63 51 51 56 31
402 402 401 401 401 402 400 401 401 401 401 402 402 401 402
0 1 1 1 0 0 0 0 0 0
1 1 0 1 0 0 0 0 0 0
1 1 0 1 0 0 0 0 0 0
1 1 1 1 1 1 0 0 0 0
1 1 0 1 0 1 0 0 0 0
1 1 1 1 1 1 1 1 1 1
1 1 1 1 1 1 1 1 1 1
2 1 1 1 1 1 0 0 0 0
1 1 0 0 0 0 0 0 0 0
0 0 0 0 0 0 0 0 0 0
Maze 114
117 1823 3.0684931507 2.2890651576 99 0.378229369356896
74 79 48 5 99 10 10 20 25 44 86 12 60 81 9 74
400 78 45 95 9 400 400 15 24 84 82 52 51 1 4
400 401 401 401 402 400 400 402 402 401 401 401 402 402 402
1 1 1 1 1 1 1 1 1 1
1 1 0 1 1 1 1 1 1 1
1 1 0 1 1 0 0 0 1 0
1 1 0 1 1 0 0 0 1 0
1 1 0 1 1 1 1 1 1 0
1 1 1 1 1 1 1 1 1 1
1 1 0 1 1 0 0 1 1 0
1 1 0 2 1 1 1 1 1 0
1 1 1 1 1 1 0 0 1 0
0 0 0 0 1 1 1 1 1 0
Maze 115
101 255 3.2000000000 2.0675947945 64 0.374568894859702
84 60 84 8 67 55 71 73 17 4 17 13 42 89 27 84
54 54 4 7 65 51 400 13 14 14 400 12 82 87 24
402 402 402 402 401 402 400 402 401 401 400 402 401 401 402
0 0 0 1 1 1 1 1 0 0
0 1 1 1 1 1 1 0 0 0
0 1 1 1 1 1 1 0 0 0
0 1 1 1 0 0 1 0 0 0
0 1 1 1 0 0 1 0 0 0
1 1 1 1 1 1 1 1 1 1
1 1 1 1 1 1 1 0 0 0
1 1 1 1 0 0 1 0 0 0
0 1 1 2 1 1 1 1 1 0
0 0 0 0 0 0 0 0 0 0
Maze 116
103 575 3.5000000000 1.9315688212 84 0.390901899988913
69 23 67 15 22 68 36 96 34 59 58 91 45 16 96 69
63 63 65 12 62 66 400 94 54 400 51 41 15 400 66
401 401 401 402 401 401 400 401 401 400 402 402 402 400 402
0 0 0 0 0 0 0 0 0 0
0 1 1 1 1 1 0 0 0 0
0 1 1 0 1 1 0 0 0 0
0 1 1 1 1 1 0 0 0 0
1 1 1 1 1 1 0 0 0 0
1 1 1 1 1 1 1 1 1 0
1 1 1 1 1 1 1 1 2 0
1 0 0 1 0 1 0 0 0 0
1 0 0 1 0 1 0 0 0 0
1 0 0 1 1 1 0 0 0 0
Maze 117
69 23 2.7058823529 2.3510081578 16 0.361320455829414
19 16 26 24 54 52 98 30 7 45 56 39 78 84 85 19
400 400 400 400 400 92 28 27 5 55 36 38 74 400 15
400 400 400 400 400 401 402 401 402 401 402 402 402 400 402
0 0 0 0 1 1 1 0 0 0
0 0 0 0 1 1 1 1 2 0
0 0 0 1 1 1 1 1 1 1
0 0 0 1 1 1 1 1 1 0
0 0 0 1 1 1 0 1 0 0
0 1 1 1 1 1 0 1 0 0
0 1 0 0 1 0 0 1 0 0
0 1 0 1 1 1 1 1 0 0
0 1 0 1 1 0 0 1 0 0
0 1 1 1 1 1 1 1 0 0
Maze 118
123 7 2.9850746269 2.0334564113 98 0.375162117293288
81 9 98 97 20 68 30 72 13 97 23 100 86 76 97 81
1 8 400 17 18 28 22 12 93 93 93 96 400 96 91
402 402 400 402 402 402 402 402 401 401 401 401 400 401 401
1 1 1 1 1 1 1 1 1 0
1 1 1 0 0 0 1 1 1 1
1 1 1 1 1 1 1 1 1 1
1 1 1 0 0 0 1 1 0 0
1 1 1 0 0 0 1 1 0 0
1 1 1 0 0 0 1 1 0 0
1 1 1 0 0 0 1 1 0 0
1 1 1 0 0 1 1 1 0 0
2 0 1 0 0 1 1 1 0 0
1 1 1 1 1 1 1 1 1 1
Maze 119
105 164 3.7551020408 2.0992168406 62 0.375786220370768
92 39 4 4 31 5 11 73 61 95 53 91 26 73 90 92
32 34 400 1 1 1 71 71 91 93 51 21 23 83 82
402 401 400 402 402 402 401 401 401 401 402 402 402 401 402
1 1 1 1 1 0 0 0 0 0
1 0 0 1 0 0 0 0 0 0
1 1 1 1 1 1 0 0 0 0
1 1 1 1 1 1 1 1 1 0
1 1 1 0 0 0 0 0 0 0
1 1 1 0 0 0 0 0 0 0
1 1 1 0 0 0 0 0 0 0
1 1 1 0 0 0 0 0 0 0
1 1 1 1 1 1 1 1 1 1
1 2 1 1 1 0 0 0 0 0
Maze 120
111 50 3.5636363636 2.0231268657 105 0.397652532673022
16 79 92 48 42 2 90 82 48 26 93 58 55 41 16 16
76 72 42 400 400 82 400 42 46 23 53 400 51 11 400
401 402 402 400 400 401 400 402 401 402 402 400 401 402 400
0 1 0 0 0 0 0 0 0 0
1 1 1 1 1 2 0 0 0 0
1 1 1 1 1 1 0 0 0 0
1 1 1 0 0 1 0 0 0 0
1 1 1 1 1 1 1 1 0 0
1 1 1 1 1 1 1 1 0 0
0 1 1 0 0 1 0 0 0 0
0 1 1 1 1 1 1 1 1 0
0 1 1 1 1 1 1 1 1 1
0 1 1 0 0 0 0 0 0 0
Maze 121
109 127 3.0625000000 2.0956654259 112 0.391298071287466
81 86 34 86 63 95 69 78 98 92 17 80 15 63 18 81
400 84 84 83 93 65 68 400 400 12 77 75 13 13 11
400 401 401 401 401 402 402 400 400 402 401 401 402 402 402
0 0 0 0 0 0 0 0 0 0
1 1 1 1 1 1 1 1 0 0
1 1 1 0 1 0 1 0 0 0
1 1 1 1 1 0 1 0 0 0
1 1 1 1 1 0 1 0 0 0
1 1 1 1 1 0 1 0 0 0
1 1 1 1 1 1 1 1 1 0
1 1 1 1 1 1 1 1 1 1
2 1 1 1 1 1 0 1 0 0
0 1 1 1 1 1 1 1 0 0
Maze 122
97 54 3.3191489362 1.9523029392 77 0.382735405715722
26 14 64 42 39 55 80 25 84 85 37 80 34 42 98 26
24 400 62 32 35 75 75 24 400 35 77 74 32 92 96
401 400 401 402 402 401 401 402 400 402 401 401 402 401 401
0 0 0 0 0 0 0 0 0 0
0 0 0 1 0 0 0 0 0 0
0 0 0 1 1 2 0 0 0 0
0 1 1 1 1 1 1 1 1 0
0 1 0 1 1 1 1 0 0 0
0 1 0 1 1 1 1 0 0 0
0 1 1 1 1 1 1 0 0 0
0 1 0 1 1 1 1 1 1 1
0 1 0 1 1 1 0 0 0 0
0 1 1 1 1 1 1 1 0 0
Maze 123
75 141 3.2272727273 2.1531308171 23 0.385267144646398
32 27 97 77 68 56 41 55 49 46 42 87 76 39 72 32
22 400 400 67 66 51 51 45 400 400 82 86 36 32 400
402 400 400 402 401 401 401 402 400 400 401 401 402 402 400
0 0 0 0 0 0 0 0 0 0
0 0 0 0 0 0 0 0 0 0
0 1 1 1 1 1 1 0 0 0
0 2 1 1 1 1 1 1 1 0
1 1 1 1 1 1 1 1 1 0
1 1 1 1 1 1 1 0 0 0
0 1 0 0 0 1 1 1 0 0
0 1 0 0 0 1 1 0 0 0
0 1 1 1 1 1 1 0 0 0
0 0 0 0 0 0 1 0 0 0
Maze 124
101 1369 3.1864406780 2.1910365402 55 0.399510823251216
12 64 46 55 91 40 47 84 23 10 68 14 66 7 8 12
62 44 45 51 31 37 44 83 3 8 64 64 6 400 2
401 402 402 402 402 402 402 401 402 402 401 401 402 400 402
0 1 1 1 1 1 1 1 1 1
0 2 1 1 0 1 0 1 0 0
0 1 1 1 0 1 0 1 0 0
1 1 1 1 1 1 1 1 1 1
1 1 1 1 1 1 1 1 0 0
1 1 1 1 1 1 0 1 0 0
1 1 1 1 1 1 1 1 0 0
1 0 1 1 0 0 0 0 0 0
1 0 1 1 0 0 0 0 0 0
1 0 0 0 0 0 0 0 0 0
Maze 125
77 17 3.2173913043 2.2636682803 22 0.369621788652661
82 65 11 62 69 79 43 20 18 13 58 56 85 91 72 82
62 61 61 400 400 73 13 400 400 53 400 55 81 71 400
402 401 401 400 400 401 402 400 400 401 400 402 402 402 400
0 0 0 0 0 0 0 0 0 0
1 0 1 1 1 1 1 1 1 1
1 0 1 0 0 0 0 0 0 0
1 0 1 0 0 0 0 0 0 0
1 0 1 0 0 0 0 0 0 0
1 0 1 1 1 1 1 1 0 0
1 1 1 1 1 1 1 1 1 0
1 1 1 1 1 1 1 1 1 0
1 2 1 1 1 0 0 0 0 0
1 0 0 0 0 0 0 0 0 0
Maze 126
89 9228 3.4285714286 2.2116705953 41 0.378620552049014
81 35 96 67 87 13 77 94 14 21 68 90 97 66 73 81
31 95 66 400 83 73 74 400 11 61 88 87 96 63 71
402 401 402 400 401 401 402 400 402 401 401 402 401 402 402
0 0 0 0 0 0 0 0 0 0
1 1 1 1 0 0 0 0 0 0
1 0 1 1 0 0 0 0 0 0
1 1 1 1 1 0 0 0 0 0
1 0 1 1 1 0 0 0 0 0
1 0 1 1 1 0 0 0 0 0
1 1 1 1 1 1 1 1 0 0
1 1 1 1 1 1 1 1 0 0
2 0 1 1 1 1 1 1 1 1
0 0 0 1 1 1 1 0 0 0
Maze 127
133 363 3.5593220339 1.9069160210 146 0.393269132203717
70 13 61 19 2 57 60 11 20 25 84 23 87 31 5 70
63 11 11 12 52 400 51 400 15 24 83 83 81 1 65
401 402 402 401 401 400 401 400 402 402 401 401 401 402 401
1 1 1 1 1 0 0 0 0 0
1 1 1 1 1 1 1 1 1 1
1 1 1 1 1 0 0 0 0 0
1 1 1 1 1 0 0 0 0 0
1 1 1 1 1 0 0 0 0 0
1 1 1 1 1 1 1 1 1 1
1 0 1 1 1 1 1 1 1 2
1 0 1 1 0 0 0 0 0 0
1 1 1 1 1 1 1 0 0 0
0 0 0 0 0 0 0 0 0 0
Maze 128
95 192 3.0400000000 1.9806273400 77 0.384231544972669
82 13 14 30 59 91 73 58 34 41 88 34 11 45 91 82
12 400 24 29 51 71 53 54 31 81 84 31 41 41 81
402 400 401 402 402 402 402 401 402 401 401 401 401 402 402
0 0 0 0 0 0 0 0 0 0
1 1 1 1 0 0 0 0 0 0
1 1 0 1 1 1 1 1 1 1
1 1 1 1 0 0 0 0 1 0
1 1 1 1 1 0 0 0 1 0
1 1 1 1 1 1 1 1 1 0
1 1 1 1 0 0 0 0 0 0
1 1 1 1 0 0 0 0 0 0
1 2 1 1 1 1 1 1 0 0
1 0 0 0 0 0 0 0 0 0
Maze 129
95 283 3.1764705882 2.1223199761 60 0.378309815961780
27 70 5 24 30 83 71 44 56 87 1 51 81 35 54 27
67 65 4 400 23 81 41 54 86 81 400 400 31 34 24
401 401 402 400 402 401 402 401 401 401 400 400 402 402 402
1 0 0 1 1 0 0 0 0 0
1 0 0 1 1 0 0 0 0 0
1 0 1 1 1 1 2 1 1 1
1 1 1 1 1 0 1 0 0 0
1 1 1 1 1 0 1 0 0 0
1 0 1 1 1 1 1 0 0 0
1 0 1 0 1 1 1 1 1 1
1 0 1 0 0 1 0 0 0 0
1 1 1 1 1 1 1 0 0 0
0 0 0 0 0 0 0 0 0 0
Maze 130
113 119 3.4181818182 2.1203770673 81 0.378230924296566
56 1 72 99 78 95 43 93 66 69 21 76 20 91 63 56
51 71 92 98 75 93 400 63 400 61 71 16 11 61 53
401 401 401 401 402 401 400 402 400 401 401 402 402 402 402
1 0 0 0 0 0 0 0 0 0
1 1 1 1 1 1 1 1 1 1
1 0 0 0 0 1 0 0 0 0
1 0 0 0 0 1 0 0 0 0
1 0 1 0 0 1 0 0 0 0
1 1 1 1 1 2 0 0 0 0
1 1 1 1 1 1 1 1 1 0
1 1 1 1 1 1 1 1 0 0
1 1 1 0 1 0 0 1 0 0
1 1 1 1 1 1 1 1 1 0
Maze 131
95 551 2.9310344828 2.2126880212 66 0.368867146763520
38 59 98 52 50 66 65 10 53 84 37 35 97 54 52 38
58 58 92 42 46 400 5 3 83 34 400 95 94 400 32
401 402 401 402 402 400 402 402 401 402 400 401 401 400 402
0 0 1 1 1 1 1 1 1 1
0 0 1 0 1 0 0 0 0 0
0 0 1 0 1 0 0 0 0 0
0 1 1 1 1 1 1 2 0 0
0 1 1 1 1 1 1 1 1 1
0 1 1 1 1 1 0 1 1 0
0 1 1 1 1 1 0 1 0 0
0 1 1 1 1 0 0 1 0 0
0 1 1 1 1 0 0 1 0 0
0 1 1 1 1 1 1 1 0 0
Maze 132
119 12 3.4285714286 1.9342554275 114 0.383165457299985
24 20 42 60 96 62 6 82 28 32 83 88 92 88 69 24
14 12 52 56 92 2 2 22 22 82 400 82 82 68 64
402 402 401 402 401 402 402 402 402 401 400 402 402 402 401
0 1 1 1 1 1 0 0 0 0
0 1 1 1 1 1 1 1 1 1
0 1 1 2 1 1 1 1 0 0
0 1 0 1 0 0 0 0 0 0
0 1 0 1 0 0 0 0 0 0
0 1 1 1 1 1 1 1 1 1
0 1 0 1 1 1 1 1 1 0
0 1 0 0 0 1 0 1 0 0
0 1 1 1 1 1 1 1 0 0
0 1 1 1 1 1 0 0 0 0
Maze 133
77 16 2.8679245283 2.2854253627 26 0.382526058408247
48 29 49 45 64 90 97 51 53 52 57 14 10 75 39 48
28 400 400 44 84 87 91 400 400 400 54 4 5 35 38
402 400 400 402 401 402 401 400 400 400 401 402 402 402 402
0 0 0 1 1 1 1 1 1 1
0 0 0 1 1 0 0 0 0 0
0 0 0 1 1 0 0 1 1 0
0 0 0 1 1 1 1 1 1 0
0 0 0 1 1 1 1 2 1 0
1 1 1 1 1 1 1 0 0 0
1 0 0 1 1 0 0 0 0 0
1 0 0 1 1 0 0 0 0 0
1 0 0 1 1 1 1 1 1 1
1 1 1 1 1 1 1 0 0 0
Maze 134
101 39 3.1600000000 1.8978465402 50 0.381063722872402
45 18 69 61 52 40 64 32 68 32 61 100 84 99 85 45
15 68 400 51 32 34 62 62 62 31 91 94 94 95 400
402 401 400 402 402 402 401 401 401 402 401 401 401 401 400
0 0 0 0 0 0 0 0 0 0
0 0 0 0 1 1 1 1 0 0
0 0 0 0 1 0 0 1 0 0
1 1 1 1 1 1 1 1 1 1
1 1 0 1 2 0 0 1 0 0
1 1 0 1 1 0 0 1 0 0
1 1 1 1 1 1 1 1 1 0
1 0 0 0 1 0 0 0 0 0
1 0 0 1 1 0 0 0 0 0
1 1 1 1 1 1 1 1 1 1
Maze 135
101 24 3.4814814815 2.0508544969 71 0.401156250510588
50 6 12 20 82 38 55 87 76 6 80 78 96 57 63 50
46 2 400 12 32 35 85 86 400 76 400 76 56 53 43
401 402 400 402 402 402 401 401 400 401 400 402 402 402 402
0 1 1 1 1 1 0 0 0 0
0 1 1 1 1 1 1 1 1 1
0 1 0 0 0 1 0 0 0 0
0 1 1 1 1 1 1 1 0 0
0 1 1 1 1 1 1 1 1 2
0 1 1 1 1 1 1 0 0 0
0 1 1 0 1 1 0 0 0 0
0 1 0 0 1 1 1 1 1 1
0 1 0 0 1 1 1 0 0 0
0 0 0 0 0 1 0 0 0 0
Maze 136
93 60 3.3469387755 2.0858885378 36 0.397994845185289
20 16 53 54 80 92 72 16 98 66 82 27 24 21 41 20
400 13 400 74 72 400 12 96 96 62 22 400 400 400 11
400 402 400 401 402 400 402 401 401 402 402 400 400 400 402
0 0 0 0 0 0 0 0 0 0
1 1 1 1 1 1 1 1 1 2
1 1 1 1 1 1 1 0 0 0
1 1 1 0 0 1 0 0 0 0
1 1 1 0 0 1 0 0 0 0
0 1 1 1 0 1 0 0 0 0
0 1 1 1 1 1 0 0 0 0
0 1 1 1 1 1 1 1 1 1
0 1 0 0 0 1 0 0 0 0
0 1 0 0 0 1 1 1 0 0
Maze 137
107 58 3.7674418605 1.7458834515 94 0.379403255823120
53 62 100 24 23 73 38 24 64 100 13 86 81 88 80 53
52 92 94 400 400 33 34 400 94 93 83 400 400 78 73
402 401 401 400 400 402 401 400 401 401 401 400 400 402 401
0 0 0 0 0 0 0 0 0 0
0 0 1 0 0 0 0 0 0 0
0 0 1 1 0 0 0 0 0 0
0 0 1 1 1 1 1 1 0 0
0 0 1 1 0 0 0 0 0 0
0 1 2 1 0 0 0 0 0 0
0 1 1 1 0 0 0 0 0 0
0 1 1 1 1 1 1 1 1 1
1 1 1 1 1 1 1 1 0 0
0 1 1 1 1 1 1 1 1 1
Maze 138
123 83 3.1935483871 1.9958201669 127 0.389391224673305
94 2 100 79 53 97 32 48 26 20 99 60 62 1 48 94
92 92 99 73 93 92 42 46 16 19 59 52 61 41 44
401 401 401 401 401 401 401 401 402 402 402 402 401 401 402
1 1 0 0 0 0 0 0 0 0
1 1 0 0 0 1 1 1 1 1
1 1 0 0 0 1 0 0 1 0
1 1 0 0 0 1 0 0 1 0
1 1 1 1 1 1 1 1 1 0
1 1 1 1 1 1 1 1 1 1
1 1 1 1 0 0 0 0 1 0
0 1 1 1 1 1 1 1 1 0
0 1 1 1 0 0 0 0 1 0
0 1 1 2 1 1 1 1 1 1
Maze 139
99 27 3.3076923077 2.1062748010 51 0.393729677061064
19 14 92 17 24 82 73 36 69 3 78 87 75 89 100 19
400 12 12 14 22 72 33 66 63 73 77 85 85 99 99
400 402 402 402 402 402 402 401 401 401 402 401 401 401 401
0 0 1 0 0 0 0 0 0 0
0 1 1 1 1 1 1 1 2 0
0 1 1 1 0 0 0 0 1 0
0 1 1 1 1 1 0 0 1 0
0 1 1 0 0 1 0 0 1 0
0 1 1 0 0 1 0 0 1 0
0 1 1 1 1 1 1 1 1 0
0 1 1 1 1 1 1 1 1 0
0 1 0 0 1 1 1 1 1 0
0 1 0 0 0 0 0 0 1 1
Maze 140
97 104 3.2000000000 2.1559524309 70 0.394869053705909
29 33 63 66 28 18 29 35 82 8 96 38 80 58 11 29
23 400 400 26 400 28 25 32 2 6 36 78 78 51 21
402 400 400 402 400 401 402 402 402 402 402 401 401 401 401
0 1 1 1 1 1 1 1 0 0
1 1 0 0 0 1 0 1 0 0
1 1 1 1 1 1 1 1 2 0
1 1 1 1 1 1 1 1 0 0
1 1 1 0 0 1 0 1 0 0
1 1 1 1 1 1 1 1 0 0
0 1 1 1 1 1 0 1 0 0
0 1 0 0 0 1 0 1 1 1
0 1 0 0 0 1 0 0 0 0
0 0 0 0 0 1 0 0 0 0
Maze 141
87 71 3.1363636364 1.8690174045 36 0.391549866895599
70 37 4 40 26 6 65 91 57 26 85 24 24 40 66 70
67 34 34 36 400 5 61 51 56 25 84 400 34 36 400
401 401 401 401 400 402 402 402 401 402 401 400 401 402 400
0 0 0 1 1 1 0 0 0 0
0 0 0 1 1 1 0 0 0 0
0 0 0 1 1 1 0 0 0 0
0 0 0 1 1 1 1 1 1 1
0 0 0 1 1 1 1 0 0 0
1 1 1 1 1 1 1 0 0 0
1 1 1 1 1 1 1 1 1 2
1 0 0 1 1 0 0 0 0 0
1 0 0 1 1 0 0 0 0 0
1 0 0 0 0 0 0 0 0 0
Maze 142
75 6 3.0612244898 2.3240442051 30 0.372996858963137
4 43 97 94 51 50 46 45 43 1 57 58 36 40 24 4
3 93 400 91 41 400 400 400 41 51 400 56 400 34 400
402 401 400 401 402 400 400 400 401 401 400 401 400 401 400
1 0 1 2 0 0 0 0 0 0
1 0 1 1 0 0 0 0 0 0
1 0 1 1 0 0 0 0 0 0
1 0 1 1 1 1 1 1 1 1
1 1 1 1 1 1 1 1 1 1
1 1 1 1 1 1 1 1 0 0
1 0 1 0 0 0 0 0 0 0
1 0 1 0 0 0 0 0 0 0
1 0 1 0 0 0 0 0 0 0
1 1 1 1 1 1 1 0 0 0
Maze 143
69 23 2.7058823529 2.3414960305 20 0.358540751352999
70 89 17 48 33 2 28 6 18 94 61 63 65 55 66 70
69 87 47 43 32 22 26 16 14 91 400 400 400 65 400
402 401 401 401 401 401 401 401 402 401 400 400 400 401 400
0 1 0 0 0 1 0 0 0 0
0 1 0 1 1 1 1 1 0 0
0 1 1 1 1 1 1 1 0 0
0 1 1 1 0 0 1 0 0 0
0 0 1 1 1 1 1 1 0 0
0 0 0 1 1 0 1 0 0 0
1 1 1 1 1 1 1 1 1 2
1 0 0 1 0 0 1 0 1 0
1 0 0 1 0 0 1 1 1 0
1 1 1 1 0 0 0 0 0 0
Maze 144
103 616 2.6666666667 2.1682475898 51 0.371579118311134
9 13 87 49 4 43 16 8 62 91 98 7 76 95 78 9
3 83 47 44 3 13 6 2 61 400 97 6 75 75 8
402 401 402 401 402 402 402 402 402 400 401 402 402 402 402
0 1 1 1 1 1 1 1 2 0
0 1 1 1 1 1 1 1 0 0
0 1 1 1 0 1 1 1 0 0
0 1 1 1 0 1 1 1 0 0
0 1 1 1 1 1 1 1 1 0
0 1 1 0 0 1 1 1 0 0
1 1 1 0 0 1 1 1 0 0
1 0 1 0 1 1 1 1 0 0
1 0 1 1 1 1 1 0 0 0
1 1 1 1 1 1 1 1 0 0
Maze 145
71 81 2.7600000000 2.2618421881 16 0.348136865291456
99 50 39 36 65 37 5 23 2 48 28 57 62 24 94 99
49 49 400 35 35 35 3 22 42 400 27 52 22 400 400
402 401 400 402 402 401 402 401 401 400 402 402 402 400 400
0 1 1 1 1 0 0 0 0 0
0 1 1 0 1 0 0 0 0 0
0 1 1 1 1 0 1 1 0 0
0 1 0 1 1 1 1 1 1 0
0 1 1 1 1 1 1 1 1 1
0 1 1 1 1 1 1 0 1 0
0 1 0 1 1 0 0 0 1 0
0 0 0 1 0 0 0 0 1 0
0 0 0 1 0 0 0 0 1 0
0 0 0 1 1 1 1 1 2 0
Maze 146
119 4862 2.9863013699 2.2563038653 139 0.383728874907840
97 18 56 41 14 9 79 44 19 71 100 37 50 72 35 97
17 16 51 11 4 400 74 14 11 91 97 47 42 32 95
402 402 401 402 402 400 401 402 402 401 401 401 402 402 401
0 0 0 1 1 1 1 1 1 0
1 1 1 1 1 1 1 1 1 0
1 0 0 1 0 1 1 0 1 0
1 1 1 1 1 1 1 0 1 0
1 1 1 1 1 1 1 1 1 1
1 1 1 1 1 1 1 0 1 0
1 1 0 1 1 0 1 0 1 0
1 1 0 1 1 1 1 1 1 0
1 0 0 0 1 0 1 0 0 0
1 1 1 1 1 1 2 1 1 1
Maze 147
87 10 2.9565217391 1.9747366924 41 0.401586881721292
40 46 38 57 93 35 21 3 26 65 98 3 74 53 30 40
36 36 37 53 33 31 1 23 25 95 93 73 73 23 400
402 402 402 402 402 401 402 401 402 401 401 401 401 402 400
1 1 1 0 0 0 0 0 0 0
1 0 1 0 0 0 0 0 0 0
1 0 1 1 1 1 1 1 1 1
1 1 1 1 1 1 1 1 1 2
0 0 1 0 1 1 1 0 0 0
0 0 1 1 1 1 1 0 0 0
0 0 1 0 1 0 0 0 0 0
0 0 1 1 1 0 0 0 0 0
0 0 1 0 1 0 0 0 0 0
0 0 1 1 1 1 1 1 0 0
Maze 148
95 39 3.0400000000 1.9290100698 47 0.393095303430465
17 87 80 17 87 94 72 18 40 76 12 29 2 26 7 17
400 77 77 400 84 92 12 38 36 72 22 22 22 6 400
400 402 401 400 402 401 402 401 402 401 401 401 401 402 400
0 1 0 0 0 1 1 0 0 0
0 1 1 1 1 1 2 1 0 0
0 1 1 1 1 1 1 1 1 0
0 1 0 0 0 1 1 1 1 1
0 1 0 0 0 1 1 0 0 0
0 1 0 0 0 1 1 0 0 0
0 1 0 0 0 1 1 0 0 0
0 1 1 1 1 1 1 1 1 1
0 1 0 1 1 1 1 0 0 0
0 1 1 1 0 0 0 0 0 0
Maze 149
77 12 2.7234042553 1.9794912351 22 0.398944460328088
78 57 46 34 24 13 52 43 86 21 2 87 52 16 88 78
77 56 44 400 23 12 42 83 81 1 82 82 12 86 400
401 401 401 400 401 402 402 401 401 402 401 401 402 401 400
1 1 0 0 0 0 0 0 0 0
1 1 1 1 1 1 0 0 0 0
1 1 1 1 0 1 0 0 0 0
1 1 0 1 0 1 0 0 0 0
1 1 1 1 1 1 0 0 0 0
1 1 1 0 0 1 1 0 0 0
1 1 1 0 0 1 1 0 0 0
1 1 1 0 0 1 1 2 0 0
1 1 1 1 1 1 1 1 0 0
0 0 0 0 0 0 0 0 0 0
Maze 150
93 15 3.7142857143 1.7755665343 45 0.400389158721699
8 82 51 1 44 21 41 52 31 9 63 8 44 6 5 8
2 81 400 41 41 400 51 51 1 3 3 4 4 400 400
402 401 400 401 401 400 401 401 402 402 402 402 402 400 400
1 1 1 1 1 1 1 2 1 0
1 1 1 1 0 0 0 0 0 0
1 1 1 1 0 0 0 0 0 0
1 1 1 1 0 0 0 0 0 0
1 1 1 1 0 0 0 0 0 0
1 1 1 0 0 0 0 0 0 0
1 1 1 0 0 0 0 0 0 0
1 1 0 0 0 0 0 0 0 0
1 1 0 0 0 0 0 0 0 0
0 0 0 0 0 0 0 0 0 0
Maze 151
95 6 3.5454545455 1.8675593402 56 0.379374495845226
82 81 11 11 11 88 16 56 66 80 47 13 90 34 89 82
400 400 400 400 81 86 400 400 76 77 43 83 84 84 400
400 400 400 400 401 401 400 400 401 401 401 401 401 401 400
0 0 0 0 0 0 0 0 0 0
1 0 1 0 0 1 0 0 0 0
1 0 1 0 0 1 0 0 0 0
1 0 1 1 0 1 0 0 0 0
1 0 1 1 1 1 1 0 0 0
1 0 1 1 0 1 1 0 0 0
1 0 1 1 0 1 1 0 0 0
1 0 1 1 0 1 1 1 1 1
1 2 1 1 1 1 1 1 1 1
0 0 0 0 0 0 0 0 0 0
Maze 152
101 30 3.2156862745 2.0887779718 56 0.379582410057585
48 38 13 44 10 61 71 27 14 5 13 30 51 14 96 48
400 33 43 4 1 400 21 24 4 3 23 21 11 94 46
400 401 401 402 402 400 402 401 402 402 401 402 402 401 402
1 1 1 1 1 1 1 1 1 1
1 1 1 1 0 0 0 0 0 0
1 1 1 1 1 1 1 1 1 1
1 0 1 1 1 1 1 1 0 0
1 0 1 1 0 1 1 2 0 0
1 0 0 1 0 1 0 0 0 0
1 0 0 1 0 1 0 0 0 0
1 0 0 1 0 1 0 0 0 0
0 0 0 1 0 1 0 0 0 0
0 0 0 1 1 1 0 0 0 0
Maze 153
109 358 2.7719298246 1.8966814366 94 0.388720603222138
28 82 22 4 45 100 18 77 62 42 7 80 22 52 60 28
22 400 2 44 95 98 17 72 400 2 77 72 400 400 58
402 400 402 401 401 401 402 401 400 402 401 401 400 400 401
0 1 1 1 1 1 1 0 0 0
0 1 0 1 0 0 1 1 0 0
0 1 1 1 1 1 1 2 0 0
0 1 0 1 0 0 1 1 0 0
0 1 0 1 1 0 1 1 0 0
0 1 1 1 1 1 1 1 1 1
0 1 0 0 1 0 1 1 0 0
0 1 1 1 1 1 1 1 1 1
0 1 0 0 1 0 0 1 0 0
0 0 0 0 1 1 1 1 1 1
Maze 154
107 208 3.2459016393 2.1566795577 105 0.371668202833765
42 60 54 100 19 2 22 4 80 6 6 76 90 37 79 42
52 400 94 99 12 400 2 74 76 400 400 86 87 77 72
401 400 401 401 401 400 402 401 401 400 400 401 401 401 401
0 1 1 1 0 1 0 0 0 0
0 1 1 1 1 1 1 1 1 0
0 1 0 1 0 1 0 0 1 0
0 0 0 1 0 1 1 0 1 0
0 2 0 1 0 1 1 0 1 0
0 1 1 1 1 1 1 1 1 1
0 1 0 1 0 1 1 0 1 0
0 1 1 1 1 1 1 1 1 1
0 0 0 1 0 1 1 1 1 1
0 0 0 1 1 1 1 1 1 1
Maze 155
99 529 3.2800000000 2.0023458814 66 0.377049060494214
86 66 83 86 10 77 92 77 87 24 92 50 77 43 93 86
400 63 400 6 7 72 72 400 84 22 42 47 73 400 83
400 402 400 402 402 402 402 400 401 402 402 402 401 400 402
0 0 0 0 0 1 1 1 1 1
0 0 0 0 0 1 1 0 0 0
0 1 1 1 0 1 1 0 0 0
0 1 0 1 0 1 1 0 0 0
0 1 1 1 1 1 1 1 1 1
0 1 1 1 0 1 1 0 0 0
0 1 1 1 1 1 1 0 0 0
0 1 1 1 1 1 1 0 0 0
0 1 1 1 1 2 1 0 0 0
0 1 1 0 0 0 0 0 0 0
Maze 156
93 21 3.5000000000 2.0720409095 56 0.393041142227171
60 27 54 55 21 83 74 52 80 91 39 33 4 33 23 60
57 24 400 51 81 73 72 72 71 31 400 3 3 400 53
401 402 400 401 401 402 401 401 402 402 400 402 402 400 401
0 0 1 1 0 0 0 0 0 0
0 0 1 0 0 0 0 0 0 0
1 0 1 1 1 1 1 0 0 0
1 1 1 1 1 1 1 1 1 0
1 0 1 1 0 0 1 0 0 0
1 1 1 1 1 1 1 1 1 2
1 1 0 0 0 0 0 0 0 0
1 1 1 1 1 1 1 1 1 1
1 1 1 0 0 0 0 0 0 0
1 0 0 0 0 0 0 0 0 0
Maze 157
99 124 3.1578947368 2.2130222928 71 0.396118595593751
46 56 91 1 85 16 14 45 49 4 94 26 78 10 40 46
400 51 400 81 15 400 44 400 44 400 24 76 8 400 36
400 402 400 401 402 400 401 400 401 400 402 401 402 400 402
1 0 0 1 0 0 0 1 1 1
1 0 0 1 1 1 0 1 0 1
1 0 0 1 1 1 0 1 0 1
1 0 0 1 1 1 1 1 1 1
1 0 0 1 1 2 1 1 1 0
1 1 1 1 1 1 0 1 0 0
1 0 0 1 1 1 0 1 0 0
1 0 0 1 1 1 1 1 0 0
1 1 1 1 1 0 0 0 0 0
1 0 0 1 0 0 0 0 0 0
Maze 158
91 33 2.8070175439 2.1369116885 41 0.374422672462002
56 84 71 48 3 1 32 89 100 27 16 72 88 64 69 56
54 81 41 43 400 31 82 99 97 26 12 82 84 400 66
402 401 402 401 400 401 401 401 401 401 402 401 401 400 401
1 1 1 0 0 0 0 0 0 0
1 1 1 1 1 1 0 0 0 0
1 1 1 0 0 1 1 0 0 0
1 1 1 0 0 0 1 0 0 0
1 1 1 1 1 1 1 1 0 0
1 1 0 1 1 2 1 0 0 0
1 1 0 1 1 1 1 1 1 0
1 1 0 1 0 0 1 0 0 0
1 1 1 1 1 1 1 1 1 0
0 0 0 0 0 0 1 1 1 1
Maze 159
111 73 3.2500000000 2.2451361017 91 0.385384634812225
18 29 48 88 29 81 15 4 93 74 96 58 100 2 97 18
28 28 400 28 21 11 14 3 73 94 56 98 92 92 17
401 402 400 402 402 402 401 402 402 401 402 401 401 401 402
0 1 1 1 0 0 0 0 0 0
1 1 1 1 1 0 1 2 0 0
1 1 1 1 1 1 1 1 1 0
1 1 1 0 0 0 1 1 0 0
1 1 1 0 0 0 1 1 0 0
1 1 1 0 0 1 1 1 0 0
1 1 1 0 0 1 1 1 0 0
1 1 1 1 0 1 1 1 0 0
1 1 1 1 0 1 1 1 0 0
0 1 1 1 1 1 1 1 1 1
Maze 160
95 96 3.4222222222 1.8691087362 65 0.388377006839883
40 86 48 34 16 63 17 97 26 43 71 17 44 24 33 40
36 46 44 14 13 13 400 96 23 41 11 14 400 23 400
402 402 401 402 402 402 400 401 402 402 402 402 400 402 400
0 0 0 0 0 0 0 0 0 0
1 1 1 1 1 1 1 0 0 0
1 0 1 1 1 1 1 0 0 0
1 0 1 1 1 1 1 1 1 2
1 1 1 1 1 1 1 1 0 0
1 0 1 0 0 1 1 0 0 0
1 0 1 0 0 1 1 0 0 0
1 0 0 0 0 1 1 0 0 0
0 0 0 0 0 1 1 0 0 0
0 0 0 0 0 1 1 0 0 0
Maze 161
79 6 2.7659574468 2.0516762731 35 0.375031438619880
22 92 66 48 87 90 12 42 52 41 7 5 25 54 86 22
400 62 46 47 400 82 400 400 51 1 400 400 24 84 82
400 402 402 402 400 401 400 400 401 402 400 400 402 401 401
1 1 1 1 1 1 1 0 0 0
1 1 0 0 1 0 0 0 0 0
1 2 0 1 1 0 0 0 0 0
1 1 0 1 0 0 0 0 0 0
1 1 0 1 0 1 1 1 0 0
1 1 0 1 0 1 1 0 0 0
0 1 1 1 1 1 1 0 0 0
0 1 0 1 0 0 1 0 0 0
0 1 1 1 1 1 1 1 1 1
0 1 0 0 0 0 0 0 0 0
Maze 162
97 1021 2.8620689655 2.1809182432 71 0.392240153879025
47 76 42 18 8 97 33 37 39 81 43 19 86 53 52 47
46 72 12 400 7 93 400 400 31 41 13 16 83 400 42
402 401 402 400 402 401 400 400 402 402 402 402 401 400 402
0 0 0 0 0 0 1 1 0 0
0 1 1 1 1 1 1 1 1 0
0 1 1 0 0 1 1 0 0 0
1 1 1 1 1 1 1 1 1 0
1 1 1 1 1 1 2 0 0 0
1 1 1 0 0 1 1 0 0 0
1 1 1 0 0 1 1 0 0 0
1 1 1 1 1 1 1 0 0 0
1 0 1 1 1 1 1 0 0 0
0 0 1 1 1 1 1 0 0 0
Maze 163
101 25 3.6603773585 2.2539504741 55 0.404056133361606
62 38 91 72 80 91 1 15 94 29 28 6 19 7 25 62
32 31 71 400 71 400 11 14 24 400 26 16 17 5 22
402 402 402 400 402 400 401 402 402 400 401 401 401 402 402
1 0 0 0 1 1 1 0 0 0
1 1 1 1 1 1 1 1 1 0
1 1 1 1 1 1 1 1 1 0
1 1 1 1 1 1 1 1 0 0
1 1 0 1 0 0 0 0 0 0
1 1 0 1 0 0 0 0 0 0
1 2 0 1 0 0 0 0 0 0
1 1 1 1 1 1 1 1 1 1
1 0 0 1 0 0 0 0 0 0
1 0 0 1 0 0 0 0 0 0
Maze 164
97 64 2.8965517241 2.1936379531 64 0.396866341635308
8 51 89 35 39 58 35 95 81 54 56 15 49 100 75 8
1 81 85 400 38 55 400 91 51 400 55 45 99 95 5
402 401 401 400 402 401 400 401 402 400 401 401 401 401 402
1 1 1 1 1 1 1 2 0 0
1 0 0 0 1 0 0 0 0 0
1 0 0 0 1 0 0 0 0 0
1 0 0 0 1 1 1 1 1 0
1 0 0 0 1 1 1 1 1 0
1 1 1 1 1 1 1 1 1 0
1 0 0 0 1 0 0 0 1 0
1 0 0 0 1 0 0 0 1 0
1 1 1 1 1 1 1 1 1 0
1 1 1 1 1 1 1 1 1 1
Maze 165
115 39 3.1428571429 1.9386644853 127 0.393447885746463
3 28 99 55 21 47 12 50 71 100 26 24 12 45 29 3
23 98 95 51 41 42 42 41 91 96 400 22 42 25 23
401 401 401 401 401 401 401 402 401 401 400 401 401 402 401
0 0 2 0 0 0 0 0 0 0
0 1 1 0 0 0 0 0 0 0
1 1 1 1 1 1 1 1 1 0
1 1 0 0 1 1 0 1 0 0
1 1 1 1 1 1 1 1 1 1
1 1 1 1 1 1 0 1 0 0
1 0 0 0 1 1 0 1 0 0
1 0 0 0 1 1 0 1 0 0
1 0 0 0 1 1 0 1 0 0
1 1 1 1 1 1 1 1 1 1
Maze 166
101 11 2.6666666667 2.3995559103 77 0.371006078016714
90 100 37 29 74 2 9 71 83 33 19 45 85 33 93 90
400 97 27 24 72 400 1 81 400 13 15 400 83 400 83
400 401 402 402 401 400 402 401 400 402 402 400 401 400 402
1 1 1 1 1 1 1 1 1 0
1 1 1 1 1 1 1 1 1 0
1 1 1 1 1 1 1 1 1 0
1 1 1 1 1 0 1 0 0 0
1 1 1 1 1 0 1 0 0 0
1 1 1 1 1 0 1 0 0 0
1 1 1 1 1 0 1 0 0 0
1 1 1 1 1 0 1 0 0 0
1 1 1 1 1 1 1 1 1 2
0 0 1 0 0 0 1 1 1 1
Maze 167
85 324 2.9230769231 2.1850306080 45 0.386336395050851
25 1 54 87 37 45 61 25 23 66 44 58 19 73 72 25
21 51 84 400 35 41 21 400 63 64 54 18 13 400 22
401 401 401 400 402 402 402 400 401 401 401 402 402 400 402
1 0 0 0 0 0 0 0 0 0
1 0 1 1 1 1 1 1 1 0
1 1 1 1 2 0 0 1 0 0
1 1 1 0 1 1 1 1 0 0
1 1 1 1 1 0 1 1 0 0
1 1 1 1 1 1 1 1 0 0
1 1 1 1 1 1 1 0 0 0
0 1 1 1 0 0 1 0 0 0
0 0 0 1 1 1 1 0 0 0
0 0 0 0 0 0 0 0 0 0
Maze 168
83 12 2.5614035088 2.3032013262 30 0.358014675125577
30 58 86 68 98 52 46 48 20 11 21 82 33 11 61 30
28 56 66 400 92 42 400 18 400 400 81 32 31 400 21
402 402 402 400 401 402 400 402 400 400 401 402 401 400 402
0 0 0 0 0 0 0 0 0 0
1 1 1 1 1 1 1 1 1 1
1 1 1 1 1 1 1 1 1 2
1 1 1 0 0 0 0 1 0 0
1 1 1 1 1 1 1 1 0 0
1 1 0 0 0 1 1 1 0 0
1 1 0 0 0 1 1 1 0 0
1 1 0 0 0 1 0 1 0 0
1 1 0 0 0 1 0 1 0 0
0 1 1 1 1 1 1 1 0 0
Maze 169
111 168 3.3793103448 2.1925271406 104 0.390282734341350
98 65 12 28 40 45 3 97 31 83 11 46 87 55 5 98
95 62 22 38 35 43 93 91 81 81 41 86 85 400 95
401 401 401 401 402 401 401 401 401 401 401 401 401 400 401
0 0 1 0 1 0 0 0 0 0
1 1 1 0 1 0 0 0 0 0
1 1 1 1 1 1 1 1 0 0
1 1 1 0 1 1 1 1 1 1
1 1 1 1 1 1 0 0 0 0
1 1 1 0 1 1 0 0 0 0
1 1 1 1 1 1 0 0 0 0
1 0 1 0 1 1 0 0 0 0
1 1 1 0 1 1 1 0 0 0
1 1 1 1 1 1 1 2 0 0
Maze 170
105 88 3.3442622951 2.3332952834 120 0.372193125732356
99 38 89 100 33 59 65 97 37 88 25 25 81 6 84 99
98 88 99 93 53 55 95 400 87 85 400 21 1 4 94
401 401 401 401 401 402 401 400 401 401 400 402 402 402 401
1 1 1 1 1 1 0 0 0 0
1 0 0 1 0 0 0 0 0 0
1 1 1 1 1 0 0 0 0 0
1 0 1 1 1 0 1 1 0 0
1 0 1 1 1 0 1 1 0 0
1 0 1 1 1 1 1 1 1 0
1 0 1 1 1 0 1 1 0 0
1 0 1 1 1 0 1 1 0 0
1 0 1 1 1 1 1 1 1 0
0 0 1 1 1 1 1 1 2 1
Maze 171
101 1530 3.2203389831 2.2616503982 77 0.377085800534824
43 60 76 62 65 9 58 12 19 64 81 40 57 93 83 43
53 56 72 400 5 8 52 400 14 61 31 37 53 400 400
401 402 401 400 402 402 401 400 402 402 402 402 402 400 400
0 0 0 0 1 1 1 1 1 0
0 1 1 1 1 1 1 1 1 0
0 1 0 1 1 0 0 1 0 0
1 1 1 1 1 1 1 1 1 1
1 1 2 1 1 0 1 1 0 0
1 1 1 1 1 1 1 1 1 1
1 1 1 1 1 1 0 0 0 0
1 1 1 1 1 1 0 0 0 0
1 0 1 0 0 0 0 0 0 0
0 0 1 0 0 0 0 0 0 0
Maze 172
85 37 3.1836734694 2.0871934166 36 0.362187015089646
14 25 30 56 8 20 22 6 6 41 71 6 43 75 57 14
24 400 26 6 18 12 2 400 1 400 1 3 73 55 54
401 400 402 402 401 402 402 400 402 400 402 402 401 402 401
1 1 1 1 1 1 1 1 0 0
1 1 1 2 1 1 1 1 1 1
1 1 1 1 1 1 1 1 1 1
1 0 1 1 0 1 0 0 0 0
1 0 1 1 0 1 0 0 0 0
1 0 1 1 1 1 1 0 0 0
1 0 1 0 1 0 0 0 0 0
1 0 1 1 1 0 0 0 0 0
0 0 0 0 0 0 0 0 0 0
0 0 0 0 0 0 0 0 0 0
Maze 173
101 294 3.0491803279 2.2565266455 64 0.372369371861067
55 28 84 60 5 17 38 91 28 10 53 71 71 77 97 55
25 24 54 55 15 37 31 21 8 3 51 400 400 400 95
402 402 402 401 401 401 402 402 402 402 402 400 400 400 401
0 0 1 1 1 1 1 1 1 1
0 0 1 0 1 1 1 1 0 0
1 1 1 1 1 1 1 1 0 0
1 1 1 1 1 1 1 1 0 0
1 0 1 1 1 0 0 0 0 0
1 1 1 1 2 1 1 1 1 1
1 0 0 1 1 0 0 0 0 0
1 1 1 1 1 1 1 0 0 0
1 0 0 1 1 0 1 0 0 0
1 0 0 0 1 1 1 0 0 0
Maze 174
103 796 3.4545454545 2.1968884368 62 0.381852444072608
73 26 50 25 91 44 2 52 57 28 14 84 1 52 79 73
23 46 45 21 41 42 400 400 27 24 400 81 51 72 400
402 401 401 402 402 401 400 400 402 401 400 401 401 401 400
1 1 0 0 0 0 0 0 0 0
1 1 0 1 0 0 0 0 0 0
1 1 1 1 1 1 1 1 0 0
1 1 1 1 1 1 1 0 0 0
1 1 1 1 1 1 1 1 1 1
1 1 1 1 1 1 1 0 0 0
1 1 1 1 0 0 0 0 0 0
1 1 2 1 1 1 1 1 1 0
1 1 1 1 0 0 0 0 0 0
1 0 0 0 0 0 0 0 0 0
Maze 175
97 677 3.2692307692 2.1027473282 71 0.391380576691119
2 63 63 76 27 81 75 57 21 65 89 28 96 52 26 2
62 400 73 26 21 71 55 51 61 85 88 26 92 22 22
401 400 401 402 402 402 402 401 401 401 401 402 401 402 401
0 2 0 0 0 0 0 0 0 0
0 1 0 0 0 0 0 0 0 0
1 1 1 1 1 1 1 1 0 0
1 1 0 0 0 1 0 1 0 0
1 1 0 0 0 1 0 1 0 0
1 1 1 1 1 1 1 1 0 0
1 1 1 1 1 1 0 1 0 0
1 1 1 1 1 1 0 1 0 0
1 1 0 0 1 1 1 1 1 0
0 1 1 1 1 1 0 0 0 0
Maze 176
87 64 2.6666666667 2.0247688549 50 0.395109115315849
25 53 15 22 93 7 8 68 63 36 72 81 38 50 34 25
23 13 12 92 3 400 400 400 33 32 71 31 48 44 24
402 402 402 401 402 400 400 400 402 402 402 402 401 401 402
0 0 1 1 1 1 1 1 0 0
0 1 1 1 1 0 0 1 0 0
0 1 1 1 2 0 0 1 0 0
1 1 1 1 1 1 1 1 0 0
1 1 1 1 1 1 1 1 1 1
1 1 1 0 0 0 0 1 0 0
1 1 1 1 1 1 1 1 0 0
1 1 1 0 0 0 0 0 0 0
1 1 1 0 0 0 0 0 0 0
0 1 1 0 0 0 0 0 0 0
Maze 177
93 35 2.8620689655 2.1936379531 45 0.358997825573538
66 14 42 50 87 10 52 34 42 98 74 83 44 54 15 66
64 12 400 47 7 2 32 32 92 94 73 43 400 14 65
401 402 400 402 402 402 402 402 401 401 402 402 400 402 401
0 1 1 1 1 1 1 1 1 1
0 1 1 1 1 0 1 0 0 0
0 1 0 1 1 0 1 0 0 0
0 1 1 1 1 0 1 0 0 0
0 1 1 1 1 1 1 1 1 1
0 1 1 1 1 0 1 0 0 0
0 1 1 1 1 2 1 0 0 0
0 1 1 1 0 0 1 0 0 0
0 1 1 1 0 0 1 0 0 0
0 1 1 1 1 1 1 1 0 0
Maze 178
105 51 3.3818181818 2.0778394245 94 0.388017921737434
74 79 85 48 38 91 38 93 4 95 46 29 6 78 68 74
400 75 45 400 31 31 33 3 94 45 26 26 76 400 64
400 402 402 400 402 402 402 402 401 402 402 401 401 400 402
0 0 1 1 0 1 0 0 0 0
0 0 1 1 0 1 0 0 0 0
0 0 1 1 0 1 1 1 1 0
1 1 1 1 1 1 1 1 0 0
1 0 1 1 1 1 1 1 0 0
1 0 1 1 1 1 0 0 0 0
1 0 1 1 1 1 1 1 0 0
1 0 1 2 1 1 1 1 1 0
1 0 1 1 1 0 0 0 0 0
1 0 1 1 1 0 0 0 0 0
Maze 179
109 21 3.7959183673 1.9774943415 92 0.392631581353604
23 20 92 59 52 70 33 19 25 4 38 38 12 49 45 23
13 12 52 400 62 63 13 15 24 34 400 32 42 400 43
402 402 402 400 401 401 402 402 401 401 400 401 401 400 401
0 0 0 1 0 0 0 0 0 0
0 1 1 1 1 1 1 1 1 1
0 1 2 1 1 0 0 0 0 0
0 1 1 1 1 1 1 1 0 0
0 1 1 1 1 1 1 1 1 0
0 1 1 1 1 1 1 1 1 0
0 1 1 1 1 1 1 1 1 1
0 1 0 0 0 0 0 0 0 0
0 1 0 0 0 0 0 0 0 0
0 1 0 0 0 0 0 0 0 0
Maze 180
83 10 3.8947368421 2.0304360261 25 0.396058421731995
34 42 22 61 37 41 1 19 5 77 65 58 86 15 52 34
32 400 21 31 31 400 11 15 75 75 55 56 85 12 32
402 400 402 402 402 400 401 401 401 401 402 402 401 402 402
1 0 0 0 1 0 0 0 0 0
1 1 1 1 1 1 1 1 1 0
1 1 0 0 1 0 0 0 0 0
1 1 1 2 1 1 1 0 0 0
1 1 0 0 1 0 0 0 0 0
1 1 0 0 1 1 1 1 0 0
1 0 0 0 1 1 0 0 0 0
0 0 0 0 1 1 1 0 0 0
0 0 0 0 1 1 0 0 0 0
0 0 0 0 0 0 0 0 0 0
Maze 181
97 196 3.6078431373 2.1421620914 55 0.386990785053296
21 75 46 25 84 46 33 87 51 54 20 18 52 62 60 21
71 45 45 24 44 43 83 81 400 14 400 12 400 52 51
401 402 401 402 402 401 401 401 400 402 400 402 400 402 401
0 0 0 0 0 0 0 0 0 0
0 1 1 1 1 1 1 1 1 1
2 1 0 1 1 0 0 0 0 0
1 1 1 1 1 0 0 0 0 0
1 1 1 1 1 1 0 0 0 0
1 1 1 1 1 1 1 1 1 1
1 1 1 1 1 0 0 0 0 0
1 1 1 1 1 0 0 0 0 0
1 1 1 1 1 1 1 0 0 0
0 0 0 0 0 0 0 0 0 0
Maze 182
95 314 3.3333333333 2.2126880212 71 0.372683210016943
48 90 79 90 18 38 75 2 68 54 4 98 97 16 12 48
88 89 89 88 400 35 72 62 64 400 94 400 96 400 42
401 401 401 401 400 402 401 401 401 400 401 400 401 400 401
0 1 0 1 0 0 0 0 0 0
0 1 1 1 1 1 0 1 0 0
0 1 0 1 0 1 0 1 0 0
0 1 0 1 1 1 1 1 0 0
0 1 1 1 1 1 1 2 0 0
0 1 0 1 1 1 0 1 0 0
0 1 1 1 1 1 1 1 0 0
0 1 1 1 1 1 0 1 1 0
0 0 0 1 0 1 0 1 1 1
0 0 0 1 1 1 1 1 0 0
Maze 183
89 267 3.1764705882 2.1837316244 39 0.396116286020924
15 85 38 49 12 76 73 44 88 65 64 18 99 55 56 15
400 35 48 42 72 400 43 84 85 400 14 98 95 400 55
400 402 401 401 401 400 402 401 401 400 402 401 401 400 401
0 0 0 0 0 0 0 0 0 0
0 1 0 1 2 1 1 1 0 0
0 1 0 1 1 0 0 1 0 0
0 1 0 1 1 1 1 1 0 0
0 1 1 1 1 1 1 1 1 0
0 1 1 1 1 1 0 1 0 0
0 1 1 1 1 0 0 1 0 0
0 1 1 1 1 1 0 1 0 0
0 0 0 1 1 1 1 1 0 0
0 0 0 0 1 1 1 1 1 0
Maze 184
111 1479 3.1428571429 2.1879236119 112 0.389825926163342
7 9 95 75 53 80 17 60 83 18 49 61 38 57 1 7
400 5 400 73 73 77 57 53 13 48 41 31 37 51 400
400 402 400 401 401 401 401 402 402 401 402 402 402 401 400
1 1 1 1 1 1 2 1 1 0
1 0 1 1 1 1 1 1 0 0
1 0 1 0 1 0 1 1 0 0
1 1 1 1 1 1 1 1 0 0
1 1 1 1 1 1 1 1 1 0
1 1 1 1 1 1 1 1 1 1
1 0 1 0 1 0 1 0 0 0
0 0 1 1 1 1 1 1 1 1
0 0 1 0 1 0 0 0 0 0
0 0 0 0 1 0 0 0 0 0
Maze 185
85 40 2.8135593220 2.3640167312 40 0.368180019161290
98 95 16 20 7 71 94 69 48 37 77 88 31 54 34 98
400 15 400 17 1 91 64 68 47 400 87 81 51 400 94
400 402 400 401 402 401 402 401 401 400 401 401 401 400 401
1 1 1 1 1 1 1 0 0 0
1 0 0 0 1 1 1 1 1 1
1 0 0 0 1 0 0 0 0 0
1 0 0 1 1 0 1 0 0 0
1 0 0 1 1 0 1 1 0 0
1 1 1 1 1 0 1 1 0 0
1 0 0 1 1 1 1 1 1 0
1 0 0 1 1 0 1 0 0 0
1 1 1 1 1 1 1 1 0 0
1 1 1 1 1 1 1 2 0 0
Maze 186
103 36 3.5600000000 2.0722518016 50 0.407889829102848
19 31 37 21 28 13 90 65 58 89 27 33 59 53 20 19
11 400 31 400 23 83 85 55 88 87 23 53 400 13 400
402 400 401 400 401 401 401 402 401 401 402 401 400 402 400
0 0 0 0 0 0 0 0 0 0
1 1 1 1 1 1 1 1 2 1
1 1 1 1 1 1 1 1 0 0
1 1 1 1 1 1 1 0 0 0
0 0 1 0 0 0 1 0 0 0
0 0 1 1 1 1 1 1 1 0
0 0 1 0 1 0 1 1 0 0
0 0 1 0 1 0 1 1 0 0
0 0 1 1 1 1 1 1 1 1
0 0 0 0 0 0 0 0 0 0
Maze 187
121 159 3.1636363636 1.8919516788 135 0.381564991852409
41 90 51 87 4 61 50 75 11 42 80 90 29 47 75 41
81 81 81 84 1 41 45 71 41 72 400 89 27 45 71
401 401 401 401 402 402 402 401 401 401 400 401 402 402 401
1 1 1 1 0 0 0 0 0 0
1 0 0 1 0 0 0 0 0 0
1 0 0 1 0 0 1 1 1 0
1 0 0 1 0 0 1 0 1 0
2 1 1 1 1 1 1 1 1 1
1 1 0 1 1 0 0 0 1 0
1 1 0 1 1 0 0 0 1 0
1 1 1 1 1 1 1 1 1 1
1 1 1 1 1 1 1 1 1 1
0 0 0 0 0 0 0 0 0 0
Maze 188
101 677 3.3090909091 2.0628766741 71 0.388248482420502
28 76 20 33 49 43 55 13 87 58 85 24 26 85 71 28
26 16 13 43 400 53 53 83 57 55 84 400 25 81 21
402 402 402 401 400 401 401 401 402 402 401 400 402 401 402
0 0 0 0 0 0 0 0 0 0
0 0 1 1 1 1 1 1 1 1
1 1 1 1 1 1 1 2 0 0
1 0 1 1 1 1 0 0 0 0
1 0 1 1 1 1 1 1 1 0
1 0 1 1 1 1 1 1 0 0
1 0 1 1 1 1 1 0 0 0
1 0 1 1 1 1 1 0 0 0
1 1 1 1 1 1 1 0 0 0
0 0 0 0 0 0 0 0 0 0
Maze 189
81 60 2.8627450980 2.1882144605 21 0.379135363466805
33 18 57 57 96 100 34 84 98 69 54 42 32 99 89 33
13 17 400 56 400 94 400 94 68 64 52 400 92 400 83
402 402 400 402 400 401 400 401 402 401 401 400 401 400 401
0 0 0 0 0 0 0 0 0 0
0 0 1 1 1 1 1 1 0 0
0 0 1 0 0 0 1 0 0 0
0 1 2 1 0 0 1 0 0 0
0 1 1 1 0 0 1 0 0 0
0 1 1 1 0 1 1 0 0 0
0 1 1 1 1 1 1 1 1 0
0 1 1 1 0 1 0 1 0 0
0 1 1 1 1 1 1 1 1 0
0 1 1 1 1 1 1 1 1 1
Maze 190
97 581 3.2068965517 2.2190339383 84 0.368649123352481
53 55 18 55 4 90 19 17 43 70 48 91 73 63 79 53
400 15 15 54 84 89 400 13 63 68 41 71 400 73 73
400 402 402 401 401 401 400 402 401 401 402 402 400 401 401
0 0 0 1 0 0 0 0 0 0
0 0 1 1 1 1 1 1 1 0
0 0 1 1 1 0 0 0 1 0
0 0 1 1 1 0 0 0 1 0
1 1 1 1 1 1 1 1 1 0
1 0 2 1 1 0 0 1 1 0
1 0 1 1 1 1 1 1 1 1
1 1 1 1 1 1 1 1 1 0
1 0 0 1 1 1 1 1 1 1
1 0 0 0 0 0 0 0 0 0
Maze 191
117 306 3.1000000000 2.0330813216 139 0.387990582886786
29 69 61 99 75 97 13 98 49 62 85 57 53 98 81 29
400 400 91 95 95 93 93 48 42 82 55 400 93 91 21
400 400 401 401 401 401 401 402 402 401 402 400 401 401 402
0 0 0 0 0 0 0 0 0 0
0 0 1 0 0 0 0 0 0 0
1 1 1 1 1 1 1 1 2 0
1 0 1 0 0 0 0 0 1 0
1 1 1 1 1 1 1 1 1 0
1 1 1 1 1 1 1 1 1 0
1 1 1 1 1 1 1 1 1 0
1 1 1 0 1 0 0 1 0 0
1 1 1 1 1 0 0 1 0 0
1 1 1 1 1 1 1 1 1 0
Maze 192
91 77 2.9473684211 2.1603914130 50 0.377795646102599
26 76 20 78 32 14 51 33 43 92 86 6 14 80 49 26
400 16 18 72 12 11 31 400 42 82 400 4 74 79 46
400 402 402 401 402 402 402 400 402 402 400 402 401 401 401
0 0 0 1 1 1 0 0 0 0
1 1 1 1 0 1 1 1 1 1
1 1 0 1 0 2 0 1 0 0
1 1 1 1 0 1 0 1 0 0
1 1 1 1 0 1 1 1 1 0
1 1 0 1 0 1 0 1 1 0
0 1 0 1 0 1 0 1 1 0
0 1 1 1 1 1 1 1 1 1
0 1 1 1 1 1 0 0 0 0
0 1 0 0 0 0 0 0 0 0
Maze 193
113 86 3.2542372881 2.0685338355 75 0.393375635441197
62 6 51 20 70 99 45 46 40 38 73 20 62 56 6 62
2 1 11 400 69 95 400 36 400 33 13 12 52 400 2
402 402 402 400 402 401 400 402 400 402 402 402 402 400 402
1 1 1 1 1 1 0 0 0 0
1 1 1 1 1 1 1 1 1 1
1 1 1 0 0 1 0 0 0 1
1 1 1 1 1 1 1 1 1 1
1 1 1 0 1 1 0 0 0 1
1 1 1 1 1 1 0 0 0 1
0 2 1 0 1 0 0 0 1 1
0 0 1 0 1 0 0 0 1 0
0 0 0 0 1 0 0 0 1 0
0 0 0 0 1 1 1 1 1 0
Maze 194
97 216 3.2075471698 2.0638631072 54 0.395707141060613
7 30 57 59 3 30 63 53 97 82 24 49 6 44 32 7
27 27 400 53 23 23 400 93 92 22 44 46 4 42 2
401 402 400 401 401 402 400 401 401 402 401 401 402 401 402
0 1 1 1 1 1 2 0 0 0
0 1 1 1 0 1 1 0 0 0
0 1 1 1 1 1 1 1 1 1
0 1 1 1 0 1 1 0 0 0
0 1 1 1 1 1 1 1 1 0
0 1 1 1 1 1 1 1 1 0
0 1 1 0 0 0 0 0 0 0
0 1 1 0 0 0 0 0 0 0
0 1 1 0 0 0 0 0 0 0
0 1 1 1 1 1 1 0 0 0
Maze 195
99 10 3.4782608696 1.8926282988 84 0.385497376705732
79 70 45 23 4 45 83 88 83 13 69 42 49 63 2 79
69 65 43 3 44 43 400 400 400 63 62 400 43 62 72
402 401 401 402 401 402 400 400 400 401 401 400 402 401 401
0 1 1 1 0 0 0 0 0 0
0 1 1 1 0 0 0 0 0 0
0 1 1 1 0 0 0 0 0 0
0 1 1 1 0 0 0 0 0 0
0 1 1 1 1 1 1 1 1 0
0 1 1 0 1 0 0 0 0 0
0 1 1 1 1 1 1 1 1 1
0 1 1 1 1 1 1 1 2 0
0 0 1 1 1 1 1 1 0 0
0 0 0 0 0 0 0 0 0 0
Maze 196
79 12 2.9019607843 2.2693307184 21 0.404160687167780
63 24 36 16 5 16 52 91 42 40 100 19 30 65 37 63
23 34 400 15 15 12 51 41 32 400 99 29 25 35 33
402 401 400 401 401 402 402 402 402 400 401 401 402 402 402
0 0 0 0 1 0 0 0 0 0
0 1 1 1 1 1 0 0 1 0
0 1 1 1 1 1 1 1 1 1
0 1 1 1 1 1 1 1 1 1
1 1 1 0 1 0 0 0 1 1
1 1 1 0 1 0 0 0 1 1
1 0 2 0 1 0 0 0 1 1
1 0 0 0 0 0 0 0 1 1
1 0 0 0 0 0 0 0 1 1
1 0 0 0 0 0 0 0 1 1
Maze 197
109 253 3.6296296296 2.0868631820 99 0.382931135299484
6 34 76 7 92 56 45 12 29 54 20 13 81 2 32 6
4 74 6 2 52 55 42 22 24 14 400 11 1 400 2
402 401 402 402 402 401 401 401 402 402 400 402 402 400 402
1 1 1 1 1 2 1 0 0 0
1 1 1 1 1 1 1 1 1 1
1 1 1 1 1 1 1 1 1 0
1 1 0 1 0 1 0 0 0 0
1 1 1 1 1 1 0 0 0 0
1 1 1 1 1 1 0 0 0 0
1 1 0 1 0 1 0 0 0 0
1 1 0 1 1 1 0 0 0 0
1 1 0 0 0 0 0 0 0 0
0 1 0 0 0 0 0 0 0 0
Maze 198
101 682 3.3000000000 2.2704001102 71 0.383115202367742
30 76 19 87 39 82 76 57 15 97 99 61 84 94 88 30
26 16 17 37 32 72 56 55 95 400 91 81 400 84 28
402 402 402 402 402 402 402 401 401 400 401 401 400 402 402
0 0 0 0 0 0 0 0 0 0
0 0 0 0 1 1 1 1 1 0
0 0 0 0 1 1 1 1 1 2
0 1 1 1 1 1 1 1 1 0
0 1 0 0 1 1 1 1 0 0
0 1 0 0 1 1 1 1 0 0
1 1 0 0 1 1 1 1 0 0
1 1 1 1 1 1 1 1 0 0
1 1 1 1 1 1 1 1 0 0
1 1 1 1 1 1 1 1 1 0
Maze 199
93 80 3.5000000000 2.0323207542 50 0.374871438830567
54 24 73 63 67 51 58 8 88 48 76 22 97 62 70 54
400 23 400 400 61 400 400 400 400 46 72 92 92 400 64
400 402 400 400 401 400 400 400 400 402 401 401 401 400 401
0 0 0 0 0 0 0 1 0 0
0 0 0 0 0 0 0 1 0 0
0 1 1 1 0 0 0 1 0 0
0 1 1 1 0 0 0 1 0 0
0 1 1 1 0 1 1 1 0 0
1 1 1 2 1 1 1 1 0 0
1 1 1 1 1 1 1 1 1 1
0 1 1 1 1 1 0 1 0 0
0 1 0 0 0 0 0 1 0 0
0 1 1 1 1 1 1 0 0 0
Maze 200
89 7 3.3023255814 1.7948479105 45 0.386803592187954
90 67 56 35 58 36 60 34 89 4 85 99 36 28 80 90
87 66 55 55 56 56 54 84 84 84 95 96 26 78 400
401 401 401 401 401 401 401 401 401 401 401 401 402 401 400
0 0 0 1 0 0 0 0 0 0
0 0 0 1 0 0 0 0 0 0
0 0 0 1 0 1 1 1 0 0
0 0 0 1 1 1 0 1 0 0
0 0 0 1 1 1 0 1 0 0
0 0 0 1 1 1 1 1 1 1
0 0 0 1 0 1 1 1 0 0
0 0 0 1 0 1 1 1 1 1
0 0 0 1 1 1 1 1 1 2
0 0 0 0 1 1 1 1 1 0
