numMazes: 200
mazeSize: 10
Maze 1
91 298 3.7272727273 2.0515990296 41 0.415524409051823
39 53 2 75 92 52 31 46 95 44 66 52 69 86 52 39
33 52 72 72 400 51 41 45 94 64 62 62 66 82 32
402 401 401 402 400 401 401 402 401 401 401 401 402 401 402
0 1 0 0 0 0 0 0 0 0
0 1 0 0 0 0 0 0 0 0
0 1 0 0 0 0 0 0 0 0
1 1 1 1 1 1 1 1 2 0
1 1 1 1 1 1 0 0 0 0
1 1 1 1 1 0 0 0 0 0
0 1 1 1 1 1 1 1 1 0
0 1 1 1 1 1 0 0 0 0
0 1 1 1 1 1 0 0 0 0
0 1 0 1 1 0 0 0 0 0
Maze 2
93 107 3.0400000000 2.0364472141 31 0.392931266974264
9 17 69 57 71 81 27 34 96 21 74 63 95 12 28 9
7 67 67 51 400 21 24 94 91 71 73 93 92 22 8
402 401 401 402 400 402 402 401 401 401 401 401 401 401 402
0 0 0 0 0 0 1 1 2 0
0 1 0 0 0 0 1 1 0 0
1 1 1 1 1 1 1 1 0 0
1 1 0 1 0 0 1 0 0 0
1 1 0 1 0 0 1 0 0 0
1 1 1 1 1 1 1 0 0 0
1 1 1 1 0 0 1 1 1 0
1 1 1 1 0 0 0 0 0 0
1 1 1 1 0 0 0 0 0 0
1 1 1 1 1 1 0 0 0 0
Maze 3
83 202 2.8979591837 2.1418479094 35 0.405880962500878
20 34 42 51 69 95 64 68 96 82 15 15 57 86 4 20
14 32 41 61 65 94 400 66 92 12 400 55 56 84 14
402 402 402 401 402 401 400 402 401 402 400 401 402 401 401
0 0 0 1 0 0 0 0 0 0
0 1 1 1 1 1 1 1 1 2
0 1 0 1 1 0 0 0 0 0
0 1 1 1 1 0 0 0 0 0
1 1 0 1 1 0 0 0 0 0
1 1 0 1 1 1 1 0 0 0
1 1 1 1 1 1 1 1 1 0
0 1 0 1 1 1 0 0 0 0
0 1 0 1 1 1 0 0 0 0
0 1 1 1 1 1 0 0 0 0
Maze 4
87 80 3.0980392157 2.1735887902 40 0.386043320070436
42 42 69 55 35 92 43 35 41 87 9 96 68 88 64 42
400 62 65 400 32 42 33 31 81 7 6 66 400 84 62
400 401 401 400 402 402 402 402 401 402 402 402 400 401 401
0 0 0 0 0 1 1 1 1 0
0 0 0 0 0 1 1 0 0 0
0 0 0 0 0 1 1 0 0 0
1 1 1 1 1 1 1 0 0 0
1 2 1 0 1 1 1 0 0 0
1 1 0 0 1 1 1 0 0 0
1 1 1 1 1 1 1 1 1 0
1 1 0 1 0 1 1 1 0 0
1 1 1 1 1 1 1 1 0 0
0 1 0 0 0 1 0 0 0 0
Maze 5
117 26 2.9841269841 2.0130638720 133 0.381990657543445
72 67 58 85 10 1 3 70 76 79 100 31 70 91 2 72
62 57 55 5 400 400 63 66 400 99 91 61 61 1 400
402 402 402 402 400 400 401 402 400 401 401 401 402 402 400
1 1 1 1 1 1 1 1 1 1
1 1 1 0 1 0 0 0 0 0
1 1 1 0 1 0 0 0 0 0
1 1 1 0 1 0 0 0 0 0
1 1 1 0 1 0 0 0 0 0
1 1 1 0 1 1 1 1 0 0
1 1 1 1 1 1 1 1 1 1
1 2 0 0 1 1 1 1 1 0
1 0 0 0 1 0 0 0 1 0
1 1 1 1 1 1 1 1 1 1
Maze 6
105 18 3.4666666667 1.8688022851 120 0.406552035798118
43 18 95 38 59 11 45 80 85 29 17 16 30 65 17 43
13 15 35 58 51 41 75 75 25 27 400 26 25 15 13
402 402 402 401 401 401 401 402 402 401 400 401 402 402 402
0 0 0 0 0 0 0 0 0 0
1 0 1 1 1 1 1 1 0 0
1 0 1 0 1 1 1 1 1 1
1 0 1 0 1 1 1 1 0 0
1 1 2 1 1 0 0 1 0 0
1 1 1 1 1 1 1 1 1 0
0 0 0 0 1 0 0 0 0 0
0 0 0 0 1 1 1 1 1 1
0 0 0 0 1 0 0 0 0 0
0 0 0 0 1 0 0 0 0 0
Maze 7
99 124 2.8437500000 2.2501375513 77 0.395815056346442
20 60 53 53 8 1 92 34 66 32 93 88 55 96 53 20
400 400 400 3 400 91 32 64 62 92 83 85 95 93 13
400 400 400 402 400 401 402 401 401 401 402 401 401 401 402
1 1 1 1 1 1 1 1 0 0
1 0 1 1 1 1 1 1 1 2
1 0 1 0 0 0 0 0 0 1
1 1 1 1 0 0 0 0 0 1
1 1 1 1 0 0 0 0 0 1
1 1 1 1 1 1 1 1 1 1
1 1 1 1 1 1 0 0 0 0
1 1 1 0 1 0 0 0 0 0
1 1 1 1 1 1 1 1 0 0
1 1 1 1 1 1 0 0 0 0
Maze 8
99 592 3.4468085106 2.0023458814 84 0.389270755243041
25 65 87 49 36 87 32 29 96 28 78 23 22 48 73 25
400 85 47 46 86 82 22 26 26 400 73 400 42 43 23
400 401 402 401 401 401 402 402 402 400 401 400 401 402 402
0 0 0 0 0 0 0 0 0 0
0 0 0 0 0 0 0 0 0 0
0 1 1 1 2 1 1 1 1 0
0 1 1 0 1 1 0 1 0 0
0 1 1 1 1 1 1 1 1 0
0 1 1 0 1 1 1 1 0 0
0 1 1 0 1 1 1 1 0 0
0 1 1 1 1 1 1 1 0 0
0 1 1 1 1 1 1 0 0 0
0 0 0 0 0 1 0 0 0 0
Maze 9
93 8 3.3725490196 2.2116705953 41 0.367103444899073
22 51 55 20 59 19 6 55 34 4 88 68 11 36 91 22
21 400 15 19 400 16 5 54 400 84 400 61 31 31 21
402 400 402 402 400 401 402 401 400 401 400 401 401 402 402
0 0 0 1 1 1 0 0 0 0
1 0 0 1 1 1 1 1 1 1
1 2 0 1 1 0 0 0 1 0
1 1 1 1 1 1 0 0 1 0
1 0 0 1 1 0 0 0 1 0
1 1 1 1 1 0 0 0 1 0
1 1 1 1 1 1 1 1 0 0
1 0 0 1 0 0 0 1 0 0
1 0 0 1 1 1 1 1 0 0
1 0 0 0 0 0 0 0 0 0
Maze 10
101 327 3.5200000000 2.0743230103 71 0.392276289322836
67 61 33 61 76 13 89 2 42 14 5 26 77 22 59 67
400 31 31 71 73 83 82 400 12 4 25 76 72 52 57
400 402 402 401 401 401 401 400 402 402 401 401 401 401 402
0 1 0 1 1 0 0 0 0 0
0 1 1 1 1 0 0 0 0 0
0 1 1 0 1 1 0 0 0 0
1 1 1 0 0 1 0 0 0 0
1 1 1 0 0 1 0 0 0 0
1 1 1 1 1 1 1 1 1 0
1 1 1 1 1 1 2 0 0 0
1 1 1 1 1 1 1 0 0 0
0 1 1 1 1 1 1 1 1 0
0 0 0 0 0 0 0 0 0 0
Maze 11
81 64 2.8695652174 2.0663452372 35 0.369288359514608
86 68 30 60 8 52 66 54 66 77 68 8 88 7 29 86
66 28 400 58 2 62 64 64 76 67 400 400 87 27 26
402 402 400 401 402 401 401 401 401 402 400 400 401 401 402
0 1 1 1 1 1 1 1 0 0
0 1 0 0 0 0 1 1 0 0
0 1 0 0 0 1 1 1 1 1
0 1 0 0 0 1 1 1 0 1
0 1 0 0 0 1 1 1 0 1
0 1 0 1 0 1 1 1 1 1
0 1 1 1 1 1 1 1 0 0
0 0 0 0 0 1 1 1 0 0
0 0 0 0 0 2 1 1 0 0
0 0 0 0 0 0 0 0 0 0
Maze 12
85 21 3.1250000000 2.1560348361 50 0.402598233705589
70 86 36 91 49 88 87 99 34 39 49 36 27 66 16 70
66 400 31 41 48 400 97 94 400 400 46 26 26 400 66
402 400 402 402 402 400 401 401 400 400 401 402 402 400 401
0 0 0 0 0 0 0 0 0 0
0 0 0 0 0 1 0 0 0 0
0 0 0 0 0 1 1 0 0 0
1 1 1 1 1 1 1 1 1 0
1 1 1 1 1 1 1 1 1 0
1 0 0 1 0 1 0 1 0 0
1 0 0 1 0 1 1 1 1 2
1 0 0 1 0 1 0 1 0 0
1 0 0 1 0 1 1 1 0 0
1 0 0 1 1 1 1 1 1 0
Maze 13
95 371 3.1320754717 2.0992168406 77 0.382712788630150
97 59 86 16 62 70 82 87 38 24 2 40 30 65 69 97
57 56 400 12 400 62 400 37 34 22 32 400 25 400 67
402 402 400 402 400 402 400 402 401 401 401 400 402 400 402
0 1 0 0 0 0 0 0 0 0
0 1 1 1 1 1 0 0 0 0
0 1 1 1 1 1 1 1 1 1
0 1 1 1 1 1 1 1 1 1
0 1 0 0 1 1 1 0 0 0
0 1 0 0 1 1 1 1 1 0
0 1 1 1 1 1 1 1 1 1
0 1 0 0 0 1 1 0 0 0
0 1 1 1 1 1 1 0 0 0
0 0 0 0 0 0 2 0 0 0
Maze 14
85 50 3.2244897959 2.1525993444 56 0.394810332293596
34 18 55 39 4 6 75 88 96 48 51 13 35 29 42 34
14 15 35 34 400 5 85 86 46 41 11 33 25 22 32
402 402 402 401 400 402 401 402 402 402 402 401 402 402 402
0 0 0 1 1 1 0 0 0 0
1 1 1 1 1 1 1 1 0 0
1 1 1 1 1 1 1 1 1 0
1 1 1 2 1 1 1 1 1 0
1 1 1 1 1 1 1 1 0 0
1 0 0 0 1 1 0 0 0 0
0 0 0 0 1 1 0 0 0 0
0 0 0 0 1 1 0 0 0 0
0 0 0 0 1 1 1 1 0 0
0 0 0 0 0 1 0 0 0 0
Maze 15
93 69 3.2941176471 2.1771800658 50 0.370899729461330
47 74 50 8 91 32 1 22 56 83 41 18 45 26 56 47
44 44 48 1 31 31 21 52 53 81 11 15 25 400 46
402 402 401 402 402 401 401 401 402 401 402 402 402 400 402
1 1 1 1 1 1 1 1 0 0
1 1 1 1 1 1 1 1 0 0
1 1 0 0 1 1 0 1 0 0
1 1 0 0 1 1 0 1 0 0
1 1 0 1 1 1 2 1 1 1
1 1 1 1 1 1 0 0 0 0
1 0 1 1 0 0 0 0 0 0
1 0 1 1 0 0 0 0 0 0
1 1 1 0 0 0 0 0 0 0
1 0 0 0 0 0 0 0 0 0
Maze 16
91 60 3.2156862745 2.1132910682 50 0.385772688078187
77 86 56 19 16 15 92 6 27 64 22 43 1 44 10 77
76 400 16 400 400 12 2 26 24 62 42 41 41 4 7
402 400 402 400 400 402 402 401 402 401 401 401 401 402 402
1 1 1 1 1 1 1 1 1 1
1 1 1 1 1 1 1 1 1 0
1 1 0 1 1 1 1 0 0 0
1 1 0 1 0 1 1 0 0 0
1 1 1 1 0 1 1 0 0 0
0 1 0 1 0 1 1 0 0 0
0 1 1 1 0 1 1 0 0 0
0 1 0 0 0 1 2 0 0 0
0 1 0 0 0 1 0 0 0 0
0 1 0 0 0 0 0 0 0 0
Maze 17
121 46 3.4545454545 2.2224427944 112 0.400451128710055
39 16 41 100 12 84 83 48 44 80 34 94 59 7 87 39
36 11 91 92 82 400 43 400 74 74 400 54 57 400 37
401 402 401 401 401 400 402 400 401 401 400 402 401 400 402
0 0 0 0 0 0 1 0 0 0
1 1 1 1 1 1 1 0 0 0
1 1 0 0 0 1 1 0 0 0
1 1 0 1 0 1 1 1 2 0
1 1 1 1 1 1 1 1 0 0
1 1 1 1 1 1 1 1 1 0
1 1 1 1 0 0 1 0 0 0
1 1 1 1 1 1 1 1 1 1
1 1 1 1 0 0 1 0 0 0
1 1 1 1 1 1 1 1 1 1
Maze 18
87 203 3.1764705882 2.1631779888 50 0.396576375660716
27 15 58 55 93 2 41 46 56 39 52 20 33 31 5 27
25 55 400 53 92 1 400 400 36 32 12 13 400 1 25
401 401 400 402 401 402 400 400 402 402 402 402 400 402 401
1 1 1 1 1 0 0 0 0 0
1 1 1 1 1 1 1 1 1 1
1 1 1 0 1 1 2 0 0 0
1 1 1 1 1 1 1 1 1 0
1 1 1 1 1 1 0 0 0 0
0 1 1 1 1 1 1 1 0 0
0 1 1 0 0 0 0 0 0 0
0 1 1 0 0 0 0 0 0 0
0 1 1 0 0 0 0 0 0 0
0 1 1 0 0 0 0 0 0 0
Maze 19
97 132 3.4222222222 1.9105770005 64 0.373552768043977
41 87 27 72 27 52 53 46 83 79 76 71 34 88 77 41
81 400 22 22 22 400 43 43 73 400 400 31 84 87 71
401 400 402 402 402 400 402 402 402 400 400 402 401 401 401
0 0 0 0 0 0 0 0 0 0
0 0 0 0 0 0 0 0 0 0
0 1 1 1 1 1 1 0 0 0
1 1 1 1 0 0 1 0 0 0
2 1 1 1 1 1 1 0 0 0
1 1 1 1 0 0 1 0 0 0
1 1 1 1 0 0 1 0 0 0
1 1 1 1 1 1 1 1 1 0
1 1 1 1 1 1 1 1 0 0
0 0 0 0 0 0 0 0 0 0
Maze 20
95 279 2.8787878788 2.4240003922 77 0.358513740667916
36 100 9 83 66 17 54 72 73 82 21 62 30 55 44 36
96 99 3 63 16 14 52 400 72 81 61 22 25 54 34
401 401 402 402 402 402 402 400 402 401 401 402 402 401 402
0 0 1 1 1 1 1 1 1 0
0 0 1 1 1 1 1 0 1 0
1 1 1 1 1 1 1 1 1 1
1 1 1 1 1 2 0 0 1 0
1 1 1 1 1 1 0 0 1 0
1 1 1 1 1 1 0 0 1 0
1 1 1 1 1 1 0 0 1 0
1 1 1 0 0 1 0 0 1 0
1 1 1 0 0 1 0 0 1 0
0 0 0 0 0 1 1 1 1 1
Maze 21
81 116 3.3023255814 1.9706607623 26 0.381453142094146
74 14 47 67 6 55 14 2 51 12 28 3 20 9 29 74
400 44 400 66 5 54 12 1 11 22 23 13 19 400 24
400 401 400 401 402 401 401 402 402 401 401 401 401 400 402
1 1 1 0 1 1 0 0 1 0
1 1 1 1 1 1 1 1 1 1
1 1 1 1 1 1 1 1 1 0
1 0 0 1 1 1 0 0 0 0
1 0 0 1 1 1 1 0 0 0
1 0 0 1 1 1 1 0 0 0
0 0 0 1 0 1 1 0 0 0
0 0 0 2 0 0 0 0 0 0
0 0 0 0 0 0 0 0 0 0
0 0 0 0 0 0 0 0 0 0
Maze 22
97 169 3.0344827586 2.2410558164 84 0.381529335948090
96 73 6 36 92 57 4 32 8 79 32 54 91 74 95 96
93 3 400 32 52 54 2 2 78 72 52 51 71 94 400
401 402 400 402 402 401 402 402 401 401 401 402 402 401 400
0 1 1 1 1 1 1 1 0 0
0 1 1 1 0 1 0 1 0 0
0 1 1 1 0 1 0 1 0 0
0 1 1 1 1 1 0 1 0 0
0 1 1 1 0 0 0 1 0 0
1 1 1 1 1 1 1 1 0 0
1 1 1 0 0 0 0 1 0 0
1 1 1 1 1 1 1 1 1 0
1 1 1 1 0 0 0 0 0 0
1 1 1 1 1 2 0 0 0 0
Maze 23
95 21 2.9056603774 2.0204560095 53 0.376168322307338
75 57 75 85 10 89 35 42 2 31 55 48 84 57 2 75
55 55 400 5 9 85 32 400 1 51 45 44 54 52 72
402 402 400 402 402 401 402 400 402 401 402 402 402 401 401
1 1 0 0 1 1 1 1 1 1
1 1 0 0 1 0 0 0 1 0
1 1 0 0 1 0 0 0 1 0
1 1 1 1 1 0 0 0 1 0
1 1 0 1 1 1 1 1 1 0
1 1 1 1 1 1 1 0 1 0
0 1 0 1 1 0 0 0 1 0
0 1 1 1 2 0 0 0 1 0
0 0 0 1 1 1 1 1 1 0
0 0 0 0 0 0 0 0 0 0
Maze 24
101 24 3.2500000000 2.0743230103 49 0.372338587633030
51 90 78 19 65 56 4 28 90 14 1 18 8 84 33 51
81 88 18 15 55 54 24 88 84 11 11 400 4 83 31
401 401 402 402 402 401 401 401 401 401 401 400 402 401 402
1 0 0 1 1 1 1 1 0 0
1 1 1 1 1 1 1 1 1 0
0 0 0 1 1 1 1 1 0 0
1 1 1 1 1 0 0 1 0 0
1 0 1 1 1 0 0 1 0 0
2 0 1 1 1 1 0 1 0 0
1 0 1 1 1 0 0 1 0 0
1 0 1 1 0 0 0 1 0 0
1 1 1 1 1 1 1 1 1 1
0 0 0 0 0 0 0 0 0 0
Maze 25
119 34 3.5471698113 1.9614227545 120 0.389714757436511
83 48 45 89 31 43 34 19 82 48 100 65 48 82 16 83
43 400 85 81 41 33 14 12 42 98 95 45 42 12 13
402 400 401 401 401 402 402 402 402 401 401 402 402 402 402
0 0 0 0 0 0 0 0 0 0
0 1 1 1 1 1 1 1 1 0
0 1 1 1 0 0 0 0 0 0
1 1 1 1 0 0 0 0 0 0
1 1 1 1 1 1 1 1 0 0
1 1 1 0 1 0 0 1 0 0
1 1 1 0 1 0 0 1 0 0
1 1 1 0 1 0 0 1 0 0
1 1 2 1 1 1 1 1 1 0
0 0 0 0 1 1 1 1 1 1
Maze 26
103 53 3.2881355932 2.2718348948 71 0.364453922835848
31 87 88 25 39 50 54 46 67 10 41 10 19 55 97 31
81 400 85 35 49 44 44 66 7 1 1 9 15 95 91
401 400 401 401 401 402 402 401 402 402 402 402 402 401 401
1 1 1 1 1 1 1 1 1 1
1 0 0 0 1 1 1 1 1 0
1 0 0 0 1 0 1 0 0 0
2 0 0 0 1 1 1 1 1 0
1 0 0 1 1 1 1 1 1 1
1 0 0 1 1 1 1 0 0 0
1 0 0 0 1 1 1 0 0 0
1 0 0 0 1 0 0 0 0 0
1 1 1 1 1 1 1 1 0 0
1 1 1 1 1 1 1 0 0 0
Maze 27
113 42 3.1428571429 1.8919516788 105 0.395386936744057
64 16 34 82 80 24 80 91 20 48 4 47 89 83 65 64
14 14 32 72 74 74 71 11 18 44 44 87 400 63 400
402 402 402 402 401 401 402 402 402 401 401 401 400 402 400
0 0 0 1 0 0 0 0 0 0
1 1 1 1 1 1 1 1 1 1
1 0 0 1 0 0 0 1 0 0
1 1 1 1 0 0 0 1 0 0
1 1 0 1 1 1 1 1 0 0
1 1 0 1 0 0 1 0 0 0
1 1 1 2 1 0 1 0 0 0
1 1 1 1 1 1 1 1 1 1
1 1 1 1 1 1 1 1 1 0
1 0 0 0 0 0 0 0 0 0
Maze 28
137 6 3.7333333333 1.5548614345 207 0.387200822397436
59 81 54 56 52 9 22 82 9 82 64 17 92 30 52 59
51 51 400 400 2 2 400 2 2 62 14 12 22 22 400
402 402 400 400 402 402 400 402 402 402 402 402 402 402 400
0 1 1 1 1 1 1 1 1 0
0 1 1 1 1 1 1 0 0 0
0 1 1 1 1 1 1 1 1 1
0 1 0 1 0 0 0 0 0 0
0 1 0 1 0 0 0 0 0 0
1 1 1 1 1 1 1 1 2 0
1 1 1 1 0 0 0 0 0 0
1 1 0 0 0 0 0 0 0 0
1 1 0 0 0 0 0 0 0 0
0 1 0 0 0 0 0 0 0 0
Maze 29
85 196 3.2156862745 2.2866579119 39 0.367976413642816
90 55 40 79 49 70 43 11 42 49 58 12 84 88 48 90
85 35 39 400 69 63 41 41 400 48 52 82 400 400 88
401 402 402 400 401 401 401 401 400 402 401 401 400 400 401
0 0 0 0 0 0 0 0 0 0
1 1 0 0 0 0 0 0 0 0
1 1 0 0 0 0 0 0 0 0
1 1 0 0 1 1 1 1 1 1
1 1 1 1 1 1 1 1 1 0
0 1 1 1 1 1 1 1 1 0
0 1 1 1 1 1 1 1 1 1
0 1 0 0 1 0 0 1 1 0
0 1 1 1 1 1 1 1 1 2
0 0 0 0 0 0 0 0 0 0
Maze 30
99 508 3.0000000000 2.2160377551 77 0.378123886659503
5 34 76 33 69 97 46 11 72 27 51 87 56 67 20 5
4 74 73 63 67 96 41 71 22 21 81 86 66 17 15
402 401 401 401 402 401 401 401 402 402 401 401 401 402 401
0 0 0 1 2 0 0 0 0 0
1 0 0 1 1 1 1 1 1 1
1 1 1 1 1 1 1 0 0 0
1 1 1 1 0 0 1 0 0 0
1 1 1 1 1 1 1 0 0 0
1 1 1 1 0 1 1 0 0 0
1 1 1 1 1 1 1 1 1 0
1 1 1 1 1 1 1 0 0 0
1 1 1 1 1 1 1 0 0 0
0 0 0 0 0 1 1 0 0 0
Maze 31
107 308 2.9253731343 2.4137868159 112 0.367291913412158
71 100 29 38 58 71 85 15 71 80 31 63 69 34 37 71
91 99 28 400 51 81 400 11 400 71 61 400 64 400 31
401 401 402 400 402 401 400 402 400 401 401 400 401 400 402
0 0 0 0 0 0 0 0 0 0
1 1 1 1 1 0 0 0 0 0
1 0 0 0 1 0 0 1 1 0
1 1 1 1 1 1 1 1 1 0
1 0 0 1 1 0 0 1 1 0
1 1 1 1 1 1 1 1 1 0
1 1 1 1 1 1 1 1 1 0
2 1 1 1 1 1 1 1 1 1
1 1 1 1 1 0 0 0 1 0
1 1 1 1 1 1 1 1 1 1
Maze 32
103 40 3.3877551020 1.9334548748 51 0.384958518848706
87 3 49 39 100 73 6 7 10 58 33 98 54 49 84 87
83 43 400 99 93 3 400 400 8 53 93 94 44 44 400
401 401 400 401 401 402 400 400 402 401 401 401 402 402 400
0 0 1 1 1 1 1 1 1 1
0 0 1 0 0 0 0 1 0 0
0 0 1 0 0 0 0 1 0 0
0 0 1 0 0 0 0 1 1 0
0 0 1 1 1 1 1 1 1 0
0 0 1 1 1 1 1 1 1 0
0 0 1 1 0 0 0 0 1 0
0 0 1 1 0 0 0 0 1 0
0 0 1 1 1 1 2 0 1 0
0 0 1 1 1 1 1 1 1 1
Maze 33
129 578 2.9375000000 1.9488596923 175 0.383113834004685
86 28 79 82 21 100 39 25 41 100 15 16 73 80 31 86
26 78 72 81 91 99 35 21 91 95 400 13 400 71 81
402 401 402 401 401 401 401 402 401 401 400 402 400 401 401
0 0 0 0 0 0 0 0 0 0
0 0 1 1 1 1 0 0 0 0
1 1 1 1 1 1 1 1 0 0
1 0 1 0 1 1 1 1 1 0
1 0 1 0 1 1 0 1 1 0
1 0 1 0 1 1 0 1 1 0
1 0 1 0 1 1 0 1 1 0
1 1 1 1 1 1 1 1 1 1
1 1 1 1 1 2 0 0 1 0
1 1 1 1 1 1 1 1 1 1
Maze 34
103 1002 3.5000000000 2.1275846358 51 0.391192138550257
57 43 67 64 81 7 73 32 5 85 80 83 41 25 61 57
53 63 400 61 1 3 72 2 400 75 73 81 21 21 51
401 401 400 402 402 402 401 402 400 402 402 401 402 402 402
1 1 1 1 1 1 1 0 0 0
1 1 1 0 1 0 0 0 0 0
1 1 1 1 1 0 0 0 0 0
1 1 1 0 1 0 0 0 0 0
1 1 1 0 1 0 0 0 0 0
1 1 1 1 1 1 2 0 0 0
1 1 1 1 1 1 1 0 0 0
1 1 1 1 1 1 1 1 1 1
1 1 1 0 1 0 0 0 0 0
0 0 0 0 0 0 0 0 0 0
Maze 35
85 17 3.1250000000 2.0970076991 45 0.385057515231011
1 69 68 36 57 56 22 71 57 18 7 35 86 98 70 1
61 400 66 56 400 52 21 51 17 17 5 85 96 68 61
401 400 401 401 400 401 402 402 402 401 402 401 401 402 401
2 0 0 0 1 1 1 0 0 0
1 0 0 0 1 0 1 1 0 0
1 1 0 0 1 0 1 0 0 0
1 1 0 0 1 1 1 0 0 0
1 1 0 0 1 1 1 0 0 0
1 1 1 1 1 1 1 0 0 0
1 1 1 1 1 1 1 1 1 1
1 0 0 0 1 0 0 1 0 0
0 0 0 0 1 1 0 1 0 0
0 0 0 0 0 1 1 1 0 0
Maze 36
95 272 3.1600000000 1.9573778649 70 0.375917028459742
79 57 66 18 38 8 67 6 88 30 16 80 89 34 2 79
77 56 16 400 400 7 66 86 28 26 76 79 84 32 72
401 402 402 400 400 402 401 401 402 401 401 402 401 401 401
0 1 0 0 0 1 1 1 0 0
0 1 0 0 0 1 1 1 0 0
0 1 0 0 0 1 1 1 1 1
0 1 1 1 0 1 1 1 0 0
0 1 0 1 0 1 1 1 0 0
0 1 0 1 0 1 1 1 0 0
0 1 0 1 0 1 1 1 0 0
0 1 1 1 1 1 1 1 2 1
0 0 0 1 1 1 1 1 1 0
0 0 0 0 0 0 0 0 0 0
Maze 37
83 287 2.9019607843 2.1309185258 22 0.399676082415389
20 26 82 43 35 73 21 22 33 26 89 24 72 66 59 20
16 22 42 33 33 71 400 32 23 86 84 22 62 56 19
402 402 402 402 402 401 400 401 402 401 401 402 402 402 402
0 0 0 0 0 0 0 0 0 0
0 0 0 0 0 1 1 1 1 2
1 1 1 1 1 1 0 0 1 0
1 1 1 1 1 1 0 0 1 0
1 1 1 1 0 1 0 0 1 0
1 1 1 1 0 1 1 1 1 0
1 1 1 1 1 1 0 0 0 0
1 1 1 1 0 1 0 0 0 0
0 1 0 1 1 1 1 1 1 0
0 0 0 0 0 0 0 0 0 0
Maze 38
73 52 2.5925925926 2.3225744691 16 0.344936451385102
38 49 9 49 47 80 30 61 62 3 83 11 55 56 47 38
48 400 400 400 77 400 21 400 2 400 81 51 400 46 37
401 400 400 400 401 400 402 400 402 400 401 401 400 402 402
0 1 1 0 0 0 0 0 1 0
1 1 1 0 0 0 0 0 1 0
1 1 1 1 1 1 1 1 1 1
1 1 1 0 0 0 1 2 1 1
1 1 1 0 0 1 1 1 1 1
1 1 1 1 1 1 1 0 0 1
1 1 1 0 0 0 1 0 0 1
1 0 1 0 0 0 1 1 1 1
1 1 1 0 0 0 0 0 0 0
0 0 0 0 0 0 0 0 0 0
Maze 39
91 47 2.9032258065 2.3931305473 50 0.384779406985731
5 14 51 64 33 87 40 78 56 65 98 92 4 42 59 5
4 11 61 63 83 37 38 76 55 95 400 2 2 52 55
402 402 401 401 401 402 402 401 402 401 400 402 402 401 401
0 1 1 1 2 0 0 0 0 0
1 1 1 1 1 0 0 0 0 0
1 1 0 0 1 0 0 0 0 0
1 1 1 0 1 0 1 1 1 1
1 1 1 0 1 0 1 1 0 0
1 1 1 1 1 1 1 1 1 0
1 1 1 1 1 1 1 1 0 0
0 1 1 0 1 1 1 1 0 0
0 1 1 1 1 1 1 0 0 0
0 1 1 1 1 1 1 1 0 0
Maze 40
103 15 3.6153846154 2.0532505156 60 0.388746384556076
21 12 44 28 27 74 28 68 35 16 18 81 49 1 10 21
11 42 24 400 24 24 400 65 15 400 11 41 41 400 1
402 401 402 400 402 402 400 401 402 400 402 402 401 400 402
1 1 1 1 1 1 1 1 1 1
1 1 1 1 1 1 1 1 0 0
2 1 0 1 1 1 1 1 0 0
1 1 0 1 1 0 0 1 0 0
1 1 1 1 1 1 1 1 1 0
1 0 0 1 1 0 0 1 0 0
1 0 0 1 1 1 1 1 0 0
1 0 0 1 0 0 0 0 0 0
1 0 0 0 0 0 0 0 0 0
0 0 0 0 0 0 0 0 0 0
Maze 41
67 67 2.7619047619 2.0685460481 13 0.381381477172515
34 69 69 88 47 32 54 65 67 45 82 84 20 58 58 34
64 400 68 87 42 52 64 400 65 42 400 14 18 400 54
401 400 402 401 401 401 401 400 401 402 400 402 402 400 401
0 0 0 0 0 0 0 0 0 0
0 0 0 1 1 1 1 1 1 1
0 0 0 1 0 0 0 1 0 0
0 1 0 2 0 0 0 1 0 0
0 1 1 1 1 1 1 1 0 0
0 1 1 1 1 1 1 1 0 0
0 1 0 1 1 1 1 1 1 0
0 1 0 1 0 0 1 1 0 0
0 1 1 1 0 0 1 1 0 0
0 0 0 0 0 0 0 0 0 0
Maze 42
93 24 3.0196078431 2.0493196667 50 0.380580046928145
75 52 45 66 80 49 77 59 83 30 34 93 6 46 28 75
72 42 65 76 79 47 57 53 23 24 33 3 400 26 25
401 402 401 401 401 402 402 402 402 402 402 402 400 402 402
0 0 1 1 1 1 0 0 0 0
0 0 1 0 0 1 0 0 0 0
0 0 1 1 1 1 1 1 1 1
0 0 1 1 1 1 0 0 0 0
0 1 1 1 1 1 1 1 1 0
0 1 1 1 1 1 1 1 1 0
0 1 1 0 1 1 1 0 1 0
0 1 1 1 2 1 1 1 1 1
0 0 1 0 0 0 0 0 0 0
0 0 1 0 0 0 0 0 0 0
Maze 43
123 42 3.4509803922 1.8985656190 133 0.386219291111522
92 90 11 44 81 43 58 46 76 13 62 89 6 92 58 92
82 81 41 41 41 53 56 400 73 12 82 86 2 52 52
402 401 401 402 402 401 401 400 401 402 401 401 402 402 402
0 1 1 1 1 1 0 0 0 0
1 1 1 0 0 1 0 0 0 0
1 1 1 0 0 1 0 0 0 0
1 1 1 0 0 1 0 0 0 0
1 1 1 1 0 1 0 0 0 0
1 1 1 1 1 1 1 1 0 0
1 1 1 0 0 1 0 0 0 0
1 1 1 1 1 1 0 0 0 0
1 1 1 1 1 1 1 1 1 1
0 2 0 0 0 0 0 0 0 0
Maze 44
97 66 3.1724137931 2.2964039712 60 0.378409938523043
70 94 86 89 61 95 93 47 1 23 41 84 6 11 38 70
64 84 400 81 91 400 43 41 21 21 81 4 1 31 68
402 402 400 401 401 400 402 401 401 402 401 402 402 401 401
1 1 1 1 1 1 0 0 0 0
1 0 0 1 0 0 0 0 0 0
1 1 1 1 0 0 0 0 0 0
1 1 1 1 1 1 1 1 0 0
1 1 1 1 1 1 1 1 0 0
1 0 1 1 0 0 0 1 0 0
1 0 1 1 1 1 1 1 1 2
1 0 1 1 0 0 0 0 0 0
1 1 1 1 1 1 1 1 1 0
1 1 1 1 1 0 0 0 0 0
Maze 45
97 53 3.7142857143 2.1398263995 77 0.414957369544616
30 13 37 71 45 67 33 55 63 32 70 94 78 49 23 30
23 33 31 41 65 63 53 53 62 62 64 74 48 43 400
401 401 402 402 401 401 401 402 401 401 402 402 402 401 400
0 0 0 0 0 0 0 0 0 0
0 0 1 0 0 0 0 0 0 0
0 0 1 1 1 1 1 1 1 2
1 1 1 1 1 1 1 0 0 0
1 1 1 1 1 1 1 1 1 0
1 1 1 1 1 0 0 1 0 0
1 1 1 1 1 1 1 1 1 1
1 0 0 1 1 1 1 1 0 0
0 0 0 1 0 0 0 0 0 0
0 0 0 1 0 0 0 0 0 0
Maze 46
73 12 2.7450980392 2.3172587711 16 0.400704718186450
25 46 56 74 10 90 93 13 25 34 60 56 55 57 7 25
45 400 54 4 400 83 400 23 24 54 400 400 400 400 5
401 400 402 402 400 402 400 401 402 401 400 400 400 400 402
0 0 0 1 1 1 1 1 1 1
0 0 1 1 1 0 1 0 0 1
0 0 1 1 2 0 1 0 0 1
0 0 1 1 1 0 1 0 0 1
0 0 1 1 1 1 1 0 0 1
0 0 1 1 1 1 1 1 1 1
0 0 1 1 0 0 0 0 0 1
0 0 1 1 0 0 0 0 0 1
0 0 1 1 1 1 1 1 1 1
0 0 1 0 0 0 0 0 0 0
Maze 47
115 89 3.3666666667 2.1230564909 148 0.393818363349280
32 71 10 77 55 35 82 60 69 42 20 12 38 22 57 32
31 1 7 75 400 32 52 59 62 12 400 32 32 52 52
402 402 402 401 400 402 402 402 401 402 400 401 401 401 401
1 1 1 1 1 1 1 1 1 1
1 1 1 1 1 1 1 1 1 1
1 1 0 0 0 0 1 0 0 0
1 2 1 1 1 1 1 1 0 0
1 1 0 0 1 0 1 0 0 0
1 1 1 1 1 1 1 1 1 1
1 1 1 1 1 1 1 1 1 0
1 1 0 0 1 1 1 0 0 0
0 1 0 0 0 0 0 0 0 0
0 0 0 0 0 0 0 0 0 0
Maze 48
119 1042 3.1875000000 2.1322777753 141 0.378988908122098
64 43 16 96 55 78 10 1 73 60 16 68 33 81 20 64
63 13 400 95 75 8 400 71 53 56 66 63 31 11 14
401 402 400 401 401 402 400 401 402 401 401 401 402 402 402
1 1 1 1 1 1 1 1 1 1
1 1 1 1 1 1 1 1 1 1
1 0 1 1 0 1 0 1 0 0
1 1 1 1 0 1 0 1 0 0
1 0 1 1 0 1 0 1 0 0
1 0 1 1 1 1 1 1 1 1
1 0 1 2 1 1 1 1 0 0
1 1 1 0 1 1 1 1 0 0
1 0 0 0 1 1 0 0 0 0
0 0 0 0 1 1 0 0 0 0
Maze 49
119 612 3.4920634921 2.2398379499 112 0.383343011290870
99 8 30 59 77 1 93 24 40 73 59 61 63 92 2 99
98 28 29 57 71 91 23 34 33 53 51 400 62 400 92
401 401 402 402 401 401 402 401 402 402 402 400 402 400 401
1 1 0 0 0 0 0 1 0 0
1 1 0 0 0 0 0 1 0 0
1 1 1 1 0 0 0 1 1 1
1 1 1 1 1 1 1 1 1 1
1 1 1 0 0 0 0 1 1 0
1 1 1 1 1 1 1 1 1 0
1 1 1 0 0 0 1 1 0 0
1 1 1 1 1 1 1 1 0 0
1 1 1 0 0 0 0 1 0 0
1 1 1 1 1 1 1 1 2 0
Maze 50
99 106 2.6769230769 2.2718348948 84 0.390326861586858
96 52 95 11 14 54 28 53 80 30 64 56 66 32 6 96
92 92 91 400 400 24 23 73 400 24 54 400 62 2 400
401 401 401 400 400 402 402 401 400 402 402 400 401 402 400
0 1 1 1 1 1 0 0 0 0
1 1 1 1 0 1 0 0 0 0
1 1 1 1 1 1 1 1 1 1
1 1 1 1 0 1 0 0 0 1
1 1 1 1 0 1 0 0 0 1
1 1 1 1 1 1 0 0 0 1
1 1 1 1 1 1 0 0 0 1
1 1 1 1 1 1 1 1 1 1
1 1 0 0 0 1 0 0 0 0
1 1 1 1 1 2 0 0 0 0
Maze 51
103 40 2.9508196721 2.1587942072 55 0.386142859918190
83 87 39 68 53 17 100 79 96 41 65 54 9 53 5 83
400 37 38 63 13 97 99 76 91 61 64 4 3 3 3
400 402 402 401 402 401 401 402 401 401 401 402 402 402 402
0 0 1 1 1 1 1 1 1 0
0 0 1 1 1 1 1 0 0 0
0 0 1 1 0 0 1 0 0 0
0 0 1 1 0 0 1 1 1 0
1 0 1 1 0 0 1 1 0 0
1 0 1 1 0 0 1 1 0 0
1 1 1 1 1 1 1 1 0 0
1 0 1 0 0 1 1 1 1 0
1 0 2 1 1 1 1 0 1 0
1 1 1 1 1 1 1 1 1 1
Maze 52
91 143 3.0000000000 2.4452812924 50 0.388741033002191
95 61 2 18 41 54 36 50 61 69 56 39 8 13 44 95
91 1 12 11 51 34 46 41 400 66 36 38 3 43 94
401 402 401 402 401 402 401 402 400 401 402 401 402 401 401
1 1 1 1 1 1 1 1 0 0
1 1 1 1 1 1 1 1 0 0
1 0 1 0 0 0 0 1 0 0
1 0 1 1 1 1 1 1 1 0
1 1 1 1 1 1 1 1 1 1
1 1 1 1 0 1 0 0 0 0
1 1 1 1 1 1 1 1 1 0
1 0 0 1 0 0 0 0 0 0
1 0 0 1 0 0 0 0 0 0
1 1 1 1 2 0 0 0 0 0
Maze 53
107 473 3.4901960784 1.9752281199 85 0.380351294746782
90 23 5 44 41 24 13 90 54 4 81 75 60 36 81 90
83 3 4 400 21 23 83 84 400 1 71 55 56 31 400
401 402 402 400 402 401 401 401 400 402 402 402 401 402 400
1 1 1 1 1 0 0 0 0 0
1 0 1 1 0 0 0 0 0 0
1 1 1 1 0 0 0 0 0 0
1 1 1 1 1 1 0 0 0 0
1 1 1 1 0 1 0 0 0 0
1 0 1 1 1 1 1 1 1 1
1 0 1 1 1 0 0 0 0 0
1 1 1 1 1 0 0 0 0 0
1 1 1 1 1 1 1 1 1 2
0 0 0 0 0 0 0 0 0 0
Maze 54
91 41 3.0000000000 2.2718400687 34 0.383335650458125
56 77 76 31 29 85 82 24 13 1 18 19 71 7 38 56
76 400 71 21 25 400 22 23 11 11 400 11 1 37 36
401 400 401 402 402 400 402 401 401 401 400 402 402 401 402
1 1 1 1 1 1 1 0 0 0
1 1 1 1 1 1 1 1 1 0
1 1 1 1 1 1 1 1 1 0
1 1 0 0 1 1 1 1 0 0
1 1 0 0 1 1 0 0 0 0
1 1 0 0 1 2 0 0 0 0
1 1 0 0 1 1 0 0 0 0
1 1 1 1 1 1 1 0 0 0
0 1 1 1 1 0 0 0 0 0
0 0 0 0 0 0 0 0 0 0
Maze 55
99 64 3.1914893617 1.8459179263 71 0.377933352385055
61 46 63 56 89 58 50 28 72 29 86 22 62 48 23 61
41 43 53 86 88 48 48 22 22 26 82 400 42 43 21
402 402 402 401 401 402 401 402 402 402 401 400 402 401 402
0 0 0 0 0 0 0 0 0 0
0 0 0 0 0 0 0 0 0 0
1 1 1 1 1 1 1 1 1 0
1 1 1 0 0 1 0 1 0 0
1 1 1 1 1 1 1 1 1 1
1 1 1 1 1 1 0 1 0 0
2 1 1 0 0 1 0 1 0 0
0 1 0 0 0 1 0 1 0 0
0 1 1 1 1 1 1 1 1 0
0 0 0 0 0 0 0 0 0 0
Maze 56
109 224 2.8285714286 2.3324292234 104 0.376359198600447
53 7 35 64 80 49 10 12 90 28 85 36 53 17 79 53
3 5 34 74 79 9 2 82 88 25 35 33 13 77 73
402 402 402 401 401 402 402 401 401 402 402 402 402 401 401
0 1 1 1 1 1 1 1 1 1
0 1 1 1 1 1 1 0 1 0
0 1 1 0 1 1 1 1 1 0
0 1 1 1 1 1 1 1 1 0
0 1 1 1 1 0 1 1 1 0
0 1 2 1 1 0 1 1 1 0
0 1 1 1 1 0 1 1 1 0
0 1 1 1 1 1 1 1 1 1
0 1 1 1 1 1 1 1 1 1
0 0 0 0 0 0 0 0 0 0
Maze 57
65 7 2.9302325581 2.2806762867 20 0.369809767685364
41 84 96 55 43 22 13 27 38 30 3 46 17 46 21 41
81 94 95 53 42 12 23 37 28 23 43 16 16 41 400
401 401 401 401 401 402 401 401 402 401 401 402 402 401 400
0 0 1 0 0 0 0 0 0 0
0 1 1 0 0 1 1 0 0 0
1 1 1 1 1 1 1 1 1 1
1 1 1 0 0 1 1 1 0 0
2 1 1 1 1 1 0 0 0 0
1 0 1 1 1 0 0 0 0 0
1 0 0 0 1 0 0 0 0 0
1 0 0 0 1 0 0 0 0 0
1 1 1 1 1 0 0 0 0 0
0 0 0 1 1 1 0 0 0 0
Maze 58
101 105 2.8666666667 2.2513652677 59 0.403731884198980
25 83 15 73 41 1 56 48 96 65 72 2 51 9 69 25
23 13 13 71 400 51 46 46 95 62 400 1 1 400 65
402 402 402 401 400 401 402 402 401 402 400 402 402 400 401
1 1 1 1 1 1 1 1 1 0
1 1 1 1 1 0 0 0 1 0
1 1 1 1 2 0 0 0 1 0
1 1 1 0 1 0 0 0 1 0
1 1 1 0 1 1 1 1 1 0
1 1 1 1 1 1 0 0 1 0
1 1 1 1 1 1 1 1 1 0
1 1 1 0 1 1 0 0 0 0
0 0 1 0 1 1 0 0 0 0
0 0 0 0 1 1 0 0 0 0
Maze 59
87 1143 2.9600000000 2.0509667287 50 0.382165836957418
9 54 78 17 58 44 71 58 35 31 78 68 18 5 38 9
4 74 77 57 54 41 51 55 400 71 400 400 15 35 8
402 401 401 401 401 402 402 401 400 401 400 400 401 401 402
0 0 0 1 1 1 1 1 2 0
0 0 0 1 1 1 1 1 0 0
0 0 0 1 1 0 1 1 0 0
1 1 1 1 1 1 1 1 0 0
1 1 1 1 1 0 1 1 0 0
1 1 1 1 1 1 1 1 0 0
1 0 0 1 0 0 1 1 0 0
1 1 1 1 1 1 1 1 0 0
0 0 0 0 0 0 0 0 0 0
0 0 0 0 0 0 0 0 0 0
Maze 60
79 22 3.0434782609 2.0780597902 26 0.388736751062395
66 45 24 49 48 17 26 96 69 91 76 96 82 46 8 66
65 44 44 400 47 16 400 66 61 71 400 92 42 6 6
401 401 401 400 401 402 400 402 402 402 400 401 402 402 402
0 0 0 0 0 1 1 1 0 0
0 0 0 0 0 1 1 0 0 0
0 0 0 1 0 1 1 0 0 0
0 0 0 1 0 1 1 0 0 0
0 1 1 1 1 1 1 1 1 0
0 1 0 0 1 1 0 0 0 0
1 1 1 1 1 2 1 1 1 0
1 1 1 1 1 1 0 0 0 0
1 1 0 0 0 1 0 0 0 0
1 1 1 1 1 1 0 0 0 0
Maze 61
121 177 3.3538461538 2.2452790075 101 0.386284697529445
10 100 60 21 18 35 70 31 95 16 71 23 26 94 44 10
400 400 51 11 15 65 61 91 15 11 21 400 24 400 4
400 400 401 402 402 401 401 401 402 402 402 400 402 400 402
0 0 0 1 1 1 1 1 1 2
1 1 1 1 1 1 1 1 0 1
1 1 1 1 1 1 0 0 0 1
1 0 0 1 1 0 0 0 0 1
1 0 0 1 1 0 0 0 0 1
1 1 1 1 1 1 1 1 1 1
1 1 1 1 1 1 1 1 1 1
1 0 0 1 1 0 0 0 0 1
1 0 0 1 1 0 0 0 0 1
1 1 1 1 1 0 0 0 0 1
Maze 62
121 2194 3.6393442623 2.1920678067 125 0.398980381502271
75 17 84 30 99 13 58 66 83 91 98 89 34 92 29 75
15 14 24 29 93 53 56 63 81 400 88 84 32 22 25
402 402 402 402 401 401 402 402 402 400 402 401 402 402 402
0 0 0 0 0 0 0 0 0 0
0 0 1 1 1 1 1 0 0 0
0 1 1 1 1 1 1 1 1 1
0 1 1 1 1 0 0 0 1 0
0 1 1 1 1 0 0 0 1 0
0 1 1 1 1 1 1 1 1 0
0 1 1 1 1 1 0 0 1 0
0 1 1 1 2 0 0 0 1 0
1 1 1 1 1 1 1 1 1 0
1 1 1 1 1 1 1 1 1 0
Maze 63
71 6 3.3684210526 2.0105263894 11 0.384744343492237
27 8 37 36 86 63 83 87 90 34 3 48 46 49 63 27
7 7 400 400 83 400 400 400 84 33 43 400 400 43 23
402 402 400 400 401 400 400 400 401 401 401 400 400 402 402
0 0 1 0 0 0 1 1 0 0
0 0 1 0 0 0 1 0 0 0
0 0 1 1 1 1 2 0 0 0
0 0 1 1 0 1 1 0 0 0
0 0 1 1 1 1 1 1 1 0
0 0 1 1 0 1 0 0 0 0
0 0 1 1 0 1 0 0 0 0
0 0 1 1 0 1 0 0 0 0
0 0 1 1 1 1 1 1 1 1
0 0 0 0 0 0 0 0 0 0
Maze 64
89 24 2.9411764706 2.0785037691 39 0.369822273699242
93 58 60 20 46 57 90 73 91 49 24 57 75 93 89 93
53 400 400 16 56 87 83 71 41 44 54 55 73 83 83
402 400 400 402 401 401 401 402 402 401 401 402 402 402 402
0 0 0 0 0 0 0 0 0 0
0 0 0 0 0 1 1 1 1 1
0 0 0 1 0 1 0 0 0 1
0 0 0 1 0 1 0 0 0 1
1 1 1 1 1 1 1 1 1 1
1 0 1 1 1 1 1 1 1 1
1 0 1 0 1 0 1 0 0 0
1 1 1 1 1 0 1 0 0 0
1 0 1 1 1 1 1 1 1 1
1 0 2 0 0 0 0 0 0 0
Maze 65
113 37 3.2131147541 2.1621833341 90 0.386493609500279
81 7 12 7 20 6 78 25 11 95 43 90 35 27 88 81
1 2 2 17 16 76 75 21 91 93 83 85 25 87 400
402 402 402 401 401 401 401 401 401 401 401 401 402 401 400
1 1 1 1 1 1 1 0 0 0
1 1 0 0 0 1 1 1 1 1
1 1 1 1 1 1 1 0 0 0
1 0 0 0 1 1 1 0 0 0
1 0 1 0 1 1 1 0 0 0
1 0 1 0 1 1 1 0 0 0
1 0 1 0 1 1 1 0 0 0
1 0 1 0 1 1 1 1 0 0
2 1 1 1 1 1 1 1 1 1
1 1 1 1 1 0 0 0 0 0
Maze 66
91 85 3.1228070175 2.3158104283 45 0.362616191267239
72 68 99 37 6 29 19 91 57 84 55 53 17 40 69 72
62 98 97 36 26 400 11 51 54 54 400 13 37 39 62
402 401 401 401 401 400 402 402 402 402 400 402 401 402 402
0 0 0 0 0 1 0 0 0 0
1 1 1 1 1 1 1 1 1 0
1 0 1 0 0 1 1 1 1 0
1 0 1 0 0 1 1 1 1 1
1 0 1 0 0 0 1 0 1 0
1 1 1 1 1 1 1 0 1 0
1 1 1 1 1 1 1 1 1 0
1 2 0 1 0 0 1 1 0 0
1 0 0 1 0 0 1 1 0 0
1 0 0 0 0 0 1 1 1 0
Maze 67
101 34 2.9000000000 2.1296382906 84 0.407436436208292
8 52 28 52 23 11 88 66 12 4 59 17 18 14 50 8
2 22 22 22 21 81 86 62 2 54 57 400 400 44 48
402 402 402 402 401 401 401 401 402 401 401 400 400 401 401
0 1 1 1 1 1 1 2 0 0
1 1 0 1 1 1 1 1 0 0
1 1 1 1 1 1 1 1 0 0
1 1 0 1 0 0 1 1 0 0
1 1 0 1 1 1 1 1 1 1
1 1 0 1 1 1 1 1 1 0
1 1 1 1 1 1 0 0 0 0
1 0 0 0 0 1 0 0 0 0
1 1 1 1 1 1 1 1 0 0
0 0 0 0 0 0 0 0 0 0
Maze 68
113 327 2.9180327869 1.9375739768 85 0.378569501294524
40 69 13 79 8 62 33 22 52 78 81 79 28 87 81 40
39 63 73 78 2 32 32 400 72 71 71 78 27 400 31
402 401 401 401 402 402 401 400 401 402 402 401 402 400 402
0 1 1 1 1 1 1 1 0 0
0 1 1 0 0 0 0 1 0 0
0 1 1 0 0 0 1 1 0 0
1 1 1 1 1 1 1 1 1 2
1 1 1 0 0 0 1 1 1 0
1 1 1 0 0 0 1 1 1 0
1 1 1 1 1 1 1 1 1 0
1 1 1 1 1 1 1 1 1 0
1 1 1 1 1 1 1 0 0 0
0 0 0 0 0 0 0 0 0 0
Maze 69
109 128 3.3090909091 2.0026310179 70 0.384454111440306
32 12 60 91 87 64 48 17 90 76 20 72 60 46 24 32
400 52 51 81 84 44 47 87 86 16 12 52 56 44 22
400 401 402 402 401 402 401 401 401 402 402 402 401 401 402
0 0 0 0 0 0 0 0 0 0
0 1 1 1 1 1 1 1 1 1
0 1 1 1 0 1 1 0 0 0
0 2 0 1 0 1 1 0 0 0
0 1 0 1 1 1 1 1 0 0
1 1 1 1 1 1 1 1 1 1
1 1 0 1 0 1 1 0 0 0
1 1 0 1 0 1 1 0 0 0
1 1 1 1 1 1 1 1 1 1
1 0 0 0 0 0 0 0 0 0
Maze 70
81 58 3.1304347826 2.0476903781 30 0.386749193943096
79 69 63 40 41 45 44 73 85 70 62 4 26 95 66 79
400 400 33 31 400 400 43 83 65 400 2 24 25 65 76
400 400 402 402 400 400 402 401 402 400 402 401 402 402 401
0 1 1 1 0 0 0 0 0 0
0 1 0 1 0 0 0 0 0 0
0 1 0 1 1 1 0 0 0 0
1 1 1 1 1 1 1 1 1 1
1 1 1 1 1 0 0 0 0 0
0 1 1 0 1 0 0 0 0 0
0 1 1 1 1 1 1 1 1 1
0 0 1 0 1 1 1 1 2 0
0 0 1 1 1 0 0 0 0 0
0 0 0 0 1 0 0 0 0 0
Maze 71
117 4429 3.3939393939 2.3192991945 122 0.381989675127641
84 90 99 41 80 54 60 97 27 31 5 99 6 68 47 84
400 89 91 71 74 400 57 400 21 1 95 96 66 67 44
400 402 401 401 401 400 402 400 402 402 401 401 401 401 402
1 1 1 1 1 1 0 0 0 0
1 0 0 0 1 1 0 0 0 0
1 1 1 1 1 1 1 0 0 0
1 0 0 0 1 1 1 0 0 0
1 0 0 1 1 1 1 0 0 0
1 0 0 1 1 1 1 1 1 1
1 0 0 1 1 1 1 1 0 0
1 1 1 1 1 1 1 1 1 1
1 0 0 2 1 1 1 1 1 1
1 1 1 1 1 1 1 1 1 0
Maze 72
107 145 2.8813559322 2.0238695693 112 0.389109337574923
51 50 6 74 83 11 49 18 95 52 75 95 23 47 2 51
41 46 4 73 81 41 48 15 92 72 400 93 43 42 1
402 401 402 402 401 401 401 402 401 401 400 401 401 401 402
1 1 0 1 1 1 0 0 0 0
1 1 0 1 1 1 1 1 0 0
1 1 1 1 1 1 0 1 0 0
1 1 1 1 1 1 0 1 0 0
1 1 1 1 1 1 1 1 1 1
2 1 1 1 1 0 0 0 0 0
1 1 1 1 1 0 0 0 0 0
1 1 1 1 1 0 0 0 0 0
1 1 1 0 1 0 0 0 0 0
0 1 1 1 1 0 0 0 0 0
Maze 73
99 78 3.4000000000 2.0315511780 55 0.391053818111047
19 73 13 24 5 73 42 21 7 82 76 57 50 81 33 19
13 400 23 4 3 72 41 1 2 72 56 47 41 31 13
402 400 401 402 402 401 401 402 402 402 402 402 402 402 402
1 1 1 1 1 1 1 0 0 0
1 1 1 1 1 1 1 1 2 0
1 1 1 1 0 0 0 0 0 0
1 1 1 0 0 0 0 0 0 0
1 1 1 1 1 1 1 1 1 1
1 1 1 0 0 1 1 0 0 0
1 1 1 0 0 1 0 0 0 0
1 1 1 1 1 1 0 0 0 0
1 1 0 0 0 0 0 0 0 0
0 0 0 0 0 0 0 0 0 0
Maze 74
85 1684 3.3023255814 1.9251786428 45 0.375073950043322
86 74 47 56 62 74 13 67 24 28 75 43 49 30 72 86
84 44 46 52 72 73 63 64 400 25 73 400 29 22 82
401 402 402 402 401 401 401 401 400 402 401 400 402 402 401
0 0 0 0 0 0 0 0 0 0
0 0 1 0 0 0 0 0 0 0
0 1 1 1 1 1 1 1 1 1
0 1 1 1 1 0 0 0 1 0
0 1 1 1 1 1 1 1 1 0
0 1 1 1 1 1 0 0 0 0
0 1 1 1 1 1 1 0 0 0
0 1 1 1 1 0 0 0 0 0
0 1 1 1 1 2 0 0 0 0
0 0 0 0 0 0 0 0 0 0
Maze 75
97 157 3.1372549020 2.0359730652 71 0.380425313291235
30 79 13 74 36 18 74 75 7 3 86 44 95 57 35 30
29 73 73 34 16 14 400 5 400 83 84 94 55 55 25
402 401 401 402 402 402 400 402 400 401 401 401 402 401 402
0 0 1 1 1 1 1 0 0 0
0 0 1 1 1 1 1 1 0 0
0 0 1 1 1 1 1 1 1 2
0 0 1 1 1 1 0 0 1 0
0 0 1 1 1 0 0 0 1 0
0 0 1 1 1 1 1 0 1 0
0 0 1 1 1 0 0 0 1 0
0 0 1 1 1 1 1 1 1 0
0 0 1 1 1 1 0 0 0 0
0 0 0 1 1 0 0 0 0 0
Maze 76
71 51 3.0232558140 2.0823309034 9 0.376872863212531
9 60 49 33 47 28 68 4 34 64 24 15 6 63 66 9
59 59 43 43 27 400 64 400 400 400 14 5 3 400 6
401 401 401 401 402 400 401 400 400 400 402 402 402 400 402
0 0 1 1 1 1 1 1 2 0
0 0 1 1 1 1 0 0 1 0
0 0 1 1 0 1 1 1 1 0
0 0 1 1 0 1 1 1 1 0
0 0 1 1 1 1 1 1 1 0
0 0 1 1 0 1 0 1 1 1
0 0 1 1 1 1 1 1 0 0
0 0 0 0 0 0 0 0 0 0
0 0 0 0 0 0 0 0 0 0
0 0 0 0 0 0 0 0 0 0
Maze 77
87 118 3.5000000000 1.9501561501 45 0.383680238126521
27 35 47 74 24 50 34 89 96 16 23 56 77 93 29 27
25 45 44 400 44 44 84 86 400 13 53 76 73 23 400
402 401 402 400 401 401 401 402 400 402 401 401 402 402 400
0 0 0 0 0 0 0 0 0 0
0 0 1 1 1 1 0 0 0 0
0 0 1 1 1 1 2 1 1 0
0 0 1 1 1 1 0 0 0 0
0 0 1 1 1 1 1 1 1 1
0 0 1 1 1 1 0 0 0 0
0 0 1 1 0 1 0 0 0 0
0 0 1 1 1 1 1 0 0 0
0 0 1 1 1 1 1 1 1 0
0 0 1 0 0 1 0 0 0 0
Maze 78
83 78 3.0800000000 2.1998489026 30 0.366801076088722
42 65 74 35 78 75 91 56 29 8 36 18 33 21 59 42
62 64 34 75 400 71 51 26 28 6 16 13 31 51 52
401 402 402 401 400 402 402 402 401 402 402 402 401 401 401
0 0 0 0 0 1 1 1 0 0
0 0 1 1 1 1 1 1 0 0
1 0 1 0 0 1 1 1 1 0
1 1 1 1 1 1 0 0 0 0
1 2 0 1 1 1 0 0 0 0
1 1 1 1 1 1 1 1 1 0
1 1 1 1 1 0 0 0 0 0
1 1 1 1 1 1 1 1 0 0
1 0 0 0 0 0 0 0 0 0
1 0 0 0 0 0 0 0 0 0
Maze 79
115 172 3.6140350877 2.1119448957 114 0.388249519850036
21 40 1 83 59 2 91 84 80 5 15 52 63 97 74 21
31 31 81 53 52 1 81 74 75 400 12 62 93 94 71
401 401 401 402 401 402 402 402 401 400 402 401 401 401 401
1 1 0 0 1 0 0 0 0 0
1 1 1 1 1 0 0 0 0 0
2 1 0 0 1 0 0 0 0 0
1 1 1 1 1 1 1 1 1 1
1 1 0 0 1 0 0 0 0 0
1 1 1 1 1 1 1 1 1 0
1 1 1 0 1 0 0 0 0 0
1 1 1 1 1 1 1 1 1 1
1 1 1 1 0 0 0 0 0 0
1 0 1 1 1 1 1 0 0 0
Maze 80
111 120 3.1803278689 2.1567280784 105 0.381225495948183
67 70 2 63 51 99 26 51 14 61 7 28 75 33 69 67
400 62 62 61 91 96 21 11 11 1 27 25 73 63 400
400 401 401 401 401 401 402 402 402 402 401 402 401 401 400
1 1 1 1 1 1 1 0 0 0
1 1 1 1 0 0 1 0 0 0
1 1 1 1 1 1 1 1 0 0
1 1 1 0 1 1 0 0 0 0
1 1 1 0 1 1 0 0 0 0
1 1 1 0 1 1 0 0 0 0
1 1 1 1 1 1 2 1 1 1
1 0 1 1 1 1 0 0 0 0
1 0 0 0 0 1 0 0 0 0
1 1 1 1 1 1 1 1 1 0
Maze 81
101 57 3.0384615385 2.0297752770 59 0.383080153852593
45 76 95 72 34 95 61 36 15 30 13 99 22 45 96 45
75 75 92 32 94 91 31 35 25 23 93 92 42 95 95
401 402 401 402 401 401 402 401 401 401 401 401 401 401 401
0 0 0 0 0 0 0 0 0 0
0 0 1 0 1 0 0 0 0 0
0 1 1 1 1 1 1 1 1 1
1 1 1 1 1 1 0 0 0 0
1 1 1 1 2 0 0 0 0 0
1 1 1 1 1 0 0 0 0 0
1 1 1 1 1 0 0 0 0 0
1 1 1 1 1 1 0 0 0 0
1 1 1 1 1 0 0 0 0 0
1 1 1 1 1 1 1 1 1 0
Maze 82
115 32 3.7777777778 1.8920006768 135 0.386202984206828
24 65 31 96 11 33 66 34 67 93 50 1 93 57 15 24
64 61 91 91 31 63 64 64 63 43 41 91 53 55 14
401 401 401 401 401 401 401 401 402 402 401 401 402 401 402
1 0 0 0 0 0 0 0 0 0
1 0 0 1 1 0 0 0 0 0
1 0 0 2 1 0 0 0 0 0
1 1 1 1 1 0 0 0 0 0
1 1 1 1 1 1 1 1 1 1
1 0 1 1 1 1 1 0 0 0
1 1 1 1 1 1 1 0 0 0
1 0 1 0 0 0 0 0 0 0
1 0 1 0 0 0 0 0 0 0
1 1 1 1 1 1 0 0 0 0
Maze 83
111 48 3.5471698113 2.0026310179 105 0.409234925074882
20 40 23 17 91 69 6 70 93 74 49 25 38 20 33 20
400 33 13 11 61 66 66 63 73 44 45 35 18 13 13
400 401 402 402 402 401 401 402 402 402 401 401 402 402 402
0 0 0 0 0 1 0 0 0 0
1 1 1 1 1 1 1 1 1 2
1 0 1 0 1 1 0 1 0 1
1 0 1 1 1 1 1 1 1 1
1 0 0 1 1 1 1 1 1 0
1 0 0 1 0 1 0 0 0 0
1 1 1 1 1 1 1 1 1 1
1 0 1 1 0 0 0 0 0 0
1 0 1 0 0 0 0 0 0 0
1 0 1 0 0 0 0 0 0 0
Maze 84
103 6 2.9491525424 2.1005204137 64 0.405556888072897
70 57 44 74 65 81 4 100 64 43 94 39 83 35 20 70
67 54 400 64 61 1 94 94 63 93 34 33 33 15 400
401 401 400 402 402 402 401 401 401 401 402 402 402 402 400
1 1 1 1 0 0 0 0 0 0
1 0 0 1 1 1 1 1 1 1
1 0 0 1 1 0 0 0 0 1
1 0 1 1 1 1 1 1 1 1
1 0 1 1 0 0 0 0 0 1
1 0 1 1 1 1 1 0 0 1
1 1 1 1 1 0 1 1 1 2
1 0 1 1 0 0 0 0 0 0
1 0 1 1 0 0 0 0 0 0
0 0 1 1 1 1 1 1 1 1
Maze 85
77 168 2.8333333333 2.1525783848 35 0.386977105263388
27 74 42 43 57 97 48 47 37 5 76 53 35 8 90 27
24 72 400 53 400 47 400 400 35 75 73 33 5 88 87
402 401 400 401 400 402 400 400 401 401 401 402 402 401 401
0 0 0 0 1 1 1 1 0 0
0 0 0 0 1 0 0 1 0 0
0 0 0 1 1 1 2 1 0 0
0 0 1 1 1 1 1 1 0 0
0 1 1 1 1 0 1 1 0 0
0 1 1 1 1 1 1 1 0 0
0 1 1 1 1 0 1 1 0 0
0 1 1 1 1 1 1 1 0 0
0 0 0 0 0 0 1 1 1 1
0 0 0 0 0 0 1 0 0 0
Maze 86
79 11 3.4090909091 2.1958185718 12 0.346594978196263
90 97 87 41 17 40 80 40 16 25 32 27 1 52 84 90
87 400 81 11 37 400 400 36 15 22 22 21 51 82 400
402 400 401 402 401 400 400 401 402 402 402 401 401 401 400
1 0 0 0 0 0 0 0 0 0
1 1 1 1 1 1 1 0 0 0
1 1 1 1 1 1 1 0 0 0
1 1 0 0 0 1 1 1 1 1
1 0 0 0 0 0 0 0 0 1
1 1 0 0 0 0 0 0 0 1
1 1 0 0 0 0 0 0 0 1
1 1 0 0 0 0 0 0 0 1
1 1 1 1 1 1 1 1 1 2
0 0 0 0 0 0 1 0 0 0
Maze 87
105 276 3.2068965517 2.2187493950 79 0.388181868839050
85 16 84 43 61 67 44 12 63 6 88 70 41 48 31 85
15 14 83 41 400 64 42 62 3 86 68 61 400 41 81
402 402 401 402 400 401 401 401 402 401 402 401 400 401 401
0 0 1 1 1 1 0 0 0 0
0 1 1 1 1 1 0 0 0 0
0 1 1 1 1 1 0 0 0 0
1 1 1 1 1 1 0 0 0 0
1 1 1 1 1 1 1 1 0 0
1 1 1 1 1 1 0 0 0 0
1 1 1 1 1 1 1 1 1 1
1 0 1 1 1 1 0 1 0 0
1 1 1 1 2 1 1 1 0 0
0 0 0 0 0 0 0 0 0 0
Maze 88
91 21 2.9491525424 2.3376277998 50 0.416482441816664
18 20 30 23 37 97 11 89 93 84 93 70 33 54 55 18
400 400 400 33 400 91 81 83 83 83 63 63 53 400 15
400 400 400 401 400 401 401 402 402 402 402 401 401 400 402
0 0 0 0 0 0 0 0 0 0
1 0 0 0 1 1 1 2 1 1
1 0 1 1 1 1 1 1 1 1
1 0 1 1 1 1 1 0 0 0
1 0 1 0 1 0 1 0 0 0
1 0 1 1 1 0 1 0 0 0
1 0 1 1 1 1 1 1 1 1
1 0 1 0 0 0 1 0 0 0
1 1 1 1 1 1 1 1 1 0
1 1 1 1 1 1 1 0 0 0
Maze 89
71 37 3.1111111111 1.9387218755 20 0.386301577885861
75 46 6 58 42 29 56 12 33 22 22 12 24 8 19 75
45 400 56 52 22 26 52 32 32 400 400 22 4 18 15
402 400 401 401 402 402 401 401 401 400 400 401 402 401 402
0 0 0 1 1 1 1 1 0 0
0 1 0 1 1 1 1 1 1 0
0 1 1 1 1 1 1 1 1 0
0 1 1 0 1 1 0 0 0 0
0 1 0 0 1 1 0 0 0 0
0 1 1 1 1 1 1 1 0 0
0 0 0 0 1 0 0 0 0 0
0 0 0 0 2 0 0 0 0 0
0 0 0 0 0 0 0 0 0 0
0 0 0 0 0 0 0 0 0 0
Maze 90
89 105 2.6101694915 2.1369116885 50 0.388189674898270
86 15 43 20 97 44 24 23 74 42 51 53 94 59 20 86
85 13 13 17 94 400 400 73 72 41 400 93 54 19 16
401 402 402 402 401 400 400 401 401 402 400 401 402 402 402
0 0 0 0 0 0 0 0 0 0
0 0 1 1 1 1 1 1 1 1
0 0 1 1 1 1 1 0 1 0
0 0 1 1 1 1 1 0 1 0
1 1 1 1 1 1 1 0 1 0
1 1 1 1 1 1 1 1 1 0
0 1 1 1 1 1 1 0 0 0
0 1 1 1 1 1 1 0 0 0
0 0 1 1 1 2 1 0 0 0
0 0 1 1 1 1 1 0 0 0
Maze 91
101 329 3.1320754717 1.9803616072 60 0.378955483452690
67 45 77 30 71 84 13 84 83 16 38 73 99 26 75 67
65 75 27 21 81 83 83 400 13 36 33 93 96 25 65
401 401 402 402 401 401 401 400 402 401 402 401 401 402 402
0 0 0 0 0 0 0 0 0 0
0 0 1 1 1 1 0 0 0 0
1 1 1 1 1 1 1 1 1 1
1 0 1 1 1 1 1 1 0 0
1 0 1 0 1 1 1 0 0 0
1 0 1 0 1 1 1 0 0 0
1 0 1 0 1 1 2 0 0 0
1 0 1 0 1 1 1 0 0 0
1 1 1 1 0 1 0 0 0 0
0 0 1 1 1 1 1 1 1 0
Maze 92
93 2727 3.1929824561 2.2802289250 50 0.391085198813157
16 15 30 22 40 65 80 69 36 9 87 97 24 68 63 16
400 25 400 32 35 75 79 66 6 7 400 94 64 400 13
400 401 400 401 402 401 401 401 402 402 400 401 401 400 402
0 0 0 0 0 1 1 1 1 0
0 0 1 1 1 2 1 0 0 0
0 1 1 1 1 1 1 1 1 1
0 1 1 1 1 1 1 1 1 1
0 0 1 1 1 1 1 0 0 0
0 0 1 1 1 1 1 0 0 0
0 0 1 1 1 1 1 1 1 0
0 0 0 1 1 1 1 1 1 1
0 0 0 1 0 0 1 0 0 0
0 0 0 1 1 1 1 0 0 0
Maze 93
97 163 2.8125000000 2.3840242723 71 0.383491012955794
99 60 93 2 6 40 21 38 88 53 98 97 74 47 100 99
59 53 92 400 36 31 31 400 83 93 400 94 44 97 400
402 402 401 400 401 401 401 400 401 401 400 401 402 401 400
0 1 1 1 1 1 0 0 0 0
0 1 0 0 0 1 0 0 0 0
1 1 0 0 0 1 0 0 0 0
1 1 1 1 1 1 1 1 1 1
0 1 0 1 1 1 1 1 0 0
0 1 1 1 1 1 1 1 1 1
0 1 1 1 0 0 1 1 1 0
0 1 1 1 0 0 1 1 1 0
0 1 1 1 1 1 1 1 1 0
0 1 1 1 1 1 1 1 2 1
Maze 94
93 203 3.0169491525 2.2232849288 56 0.397860055413570
6 47 28 50 88 73 54 21 76 80 5 36 60 17 63 6
46 27 48 48 83 53 51 71 400 75 35 56 57 13 3
401 402 401 402 401 402 401 401 400 401 401 401 401 402 402
0 0 1 1 1 2 0 0 0 0
0 0 1 1 1 1 1 0 0 0
1 0 1 0 1 1 1 1 0 0
1 0 1 0 1 1 1 1 0 0
1 0 1 0 1 1 1 1 1 1
1 1 1 1 1 1 1 1 1 1
1 0 1 0 1 0 0 1 0 0
1 1 1 1 1 1 1 1 1 1
0 0 1 1 1 1 1 1 0 0
0 0 0 0 0 0 0 0 0 0
Maze 95
105 105 3.1562500000 2.3042544399 112 0.384821389541704
19 79 40 7 52 49 94 68 77 96 39 41 74 55 92 19
400 39 37 2 42 44 64 67 76 36 31 71 54 52 12
400 402 401 402 402 402 402 402 402 402 402 401 402 402 402
0 1 1 1 1 1 1 0 0 0
0 1 1 1 1 1 1 1 2 0
0 1 0 0 0 0 1 0 1 0
1 1 1 1 1 1 1 1 1 1
1 1 1 1 1 1 1 1 1 0
1 1 1 1 1 1 0 0 1 0
1 1 0 1 1 1 1 1 1 0
1 1 1 1 0 1 1 0 1 0
0 1 0 1 0 1 0 0 0 0
0 1 0 1 0 1 0 0 0 0
Maze 96
97 310 3.0508474576 2.3071810962 71 0.376393727002068
92 75 51 1 86 18 70 68 75 59 60 17 72 58 80 92
72 71 400 81 16 68 400 65 55 400 57 12 52 78 72
402 401 400 401 402 401 400 402 402 400 401 402 402 401 402
1 0 0 0 0 0 0 0 0 0
1 1 1 1 1 1 1 1 0 0
1 1 0 0 0 1 1 1 0 0
1 1 0 0 0 1 1 1 0 0
1 1 0 0 0 1 1 1 0 0
1 1 1 1 1 1 1 1 1 1
1 1 0 0 1 1 1 1 1 1
1 1 1 1 1 1 1 1 1 1
1 1 1 1 1 1 0 0 0 0
0 2 0 0 0 0 0 0 0 0
Maze 97
105 6926 2.7826086957 2.2717751096 98 0.388121566534428
41 68 97 92 86 26 42 34 79 15 73 90 20 33 59 41
61 67 400 82 400 22 32 74 75 13 83 400 13 53 51
401 402 400 402 400 402 402 401 401 402 401 400 402 401 401
0 0 0 0 0 0 0 0 0 0
0 0 1 1 1 1 1 1 1 1
0 1 1 1 1 1 0 0 0 1
0 1 1 1 1 1 0 0 0 1
2 1 1 1 1 1 0 0 0 1
1 1 1 1 1 1 1 1 1 1
1 1 1 1 1 1 1 1 0 1
0 0 1 1 1 1 1 1 1 1
0 1 1 1 1 1 1 1 1 1
0 1 1 1 1 1 1 0 0 0
Maze 98
101 23 2.8787878788 2.3379268973 66 0.362037546333853
22 61 99 82 79 10 46 23 74 65 33 42 90 33 16 22
21 91 92 72 9 6 43 73 64 63 32 82 83 13 12
402 401 401 402 402 402 401 401 402 401 402 401 401 402 402
0 0 0 0 0 1 1 1 1 1
0 1 1 1 1 1 0 0 1 0
1 2 1 0 0 1 0 0 1 0
1 1 1 0 0 1 0 0 1 0
1 1 1 1 1 1 0 0 1 0
1 1 1 0 0 0 0 0 1 0
1 1 1 1 1 0 0 0 1 0
1 1 1 1 1 1 1 1 1 0
1 1 1 1 1 1 1 1 1 1
1 1 1 1 1 1 1 1 1 0
Maze 99
95 23 3.2558139535 1.7689231569 54 0.400042171534145
43 83 42 46 15 92 62 48 63 100 43 64 41 48 87 43
400 82 400 45 12 400 42 43 93 93 63 61 400 47 83
400 401 400 401 402 400 402 402 401 401 401 401 400 402 401
0 0 0 0 0 0 0 0 0 0
0 1 1 1 1 0 0 0 0 0
0 1 0 0 1 0 0 0 0 0
0 1 0 0 1 0 0 0 0 0
1 1 2 1 1 1 1 1 0 0
1 1 1 0 0 0 1 0 0 0
1 1 1 1 0 0 1 0 0 0
0 1 1 0 0 0 1 0 0 0
0 1 1 1 1 1 1 0 0 0
0 1 1 1 1 1 1 1 1 1
Maze 100
105 532 3.0606060606 2.2753215449 105 0.406161264909946
7 69 96 3 47 43 89 79 44 72 38 80 67 88 61 7
67 66 93 43 400 83 400 74 42 32 78 77 87 81 1
401 402 401 401 400 401 400 401 402 402 401 401 401 401 402
1 1 1 1 1 1 2 0 0 0
1 0 1 0 0 0 1 0 0 0
1 0 1 0 0 0 1 0 0 0
1 1 1 1 1 1 1 1 0 0
1 1 1 1 1 1 1 1 0 0
1 1 1 1 0 0 1 1 0 0
1 1 1 1 0 1 1 1 1 0
1 1 1 1 1 1 1 1 1 1
1 1 1 1 1 1 1 1 1 0
0 0 1 1 1 1 0 0 0 0
Maze 101
97 351 3.0322580645 2.3706535691 71 0.375716559360493
78 65 68 99 43 60 15 82 29 49 97 38 16 44 97 78
75 400 98 93 53 55 12 22 400 47 37 36 14 94 77
401 400 401 401 401 401 402 402 400 402 402 401 402 401 402
0 0 0 0 0 0 0 0 0 0
0 1 1 1 1 1 0 0 0 0
0 1 1 1 1 1 1 1 1 0
0 1 0 1 1 1 1 1 1 0
0 1 1 1 1 0 1 1 1 0
0 1 1 1 1 1 1 1 1 1
0 1 1 1 1 1 1 1 0 0
0 1 1 1 1 1 1 2 0 0
0 1 1 1 0 0 1 1 0 0
0 0 1 1 1 1 1 1 1 0
Maze 102
107 1531 3.9534883721 1.8533000006 94 0.389674456199390
12 84 46 93 63 35 27 56 2 59 5 74 92 5 73 12
82 44 43 400 33 25 26 52 52 55 4 72 2 3 72
401 402 402 400 402 402 402 401 401 401 402 402 402 402 401
0 1 1 1 1 0 0 0 0 0
0 2 1 1 1 0 0 0 0 0
0 1 1 1 1 1 1 0 0 0
0 1 1 1 1 1 0 0 0 0
0 1 1 1 1 1 0 0 0 0
0 1 1 1 1 1 1 1 1 0
0 1 1 1 0 0 0 0 0 0
0 1 1 1 0 0 0 0 0 0
0 1 1 1 0 0 0 0 0 0
0 1 1 0 0 0 0 0 0 0
Maze 103
61 8 2.6976744186 2.2158784145 7 0.380573644904221
59 40 40 5 25 23 23 12 4 55 11 40 10 35 49 59
39 400 35 400 400 400 22 2 54 51 31 400 5 45 400
402 400 401 400 400 400 401 402 401 401 401 400 402 401 400
0 1 1 1 1 1 1 1 1 1
1 1 0 1 1 0 0 0 0 1
1 1 1 1 1 0 0 0 0 1
1 1 1 1 1 1 1 1 1 1
1 0 0 1 1 1 1 1 1 0
1 1 1 1 1 0 0 0 2 0
0 0 0 0 0 0 0 0 0 0
0 0 0 0 0 0 0 0 0 0
0 0 0 0 0 0 0 0 0 0
0 0 0 0 0 0 0 0 0 0
Maze 104
115 1412 3.1076923077 2.2025345948 125 0.383327410014739
2 77 100 92 94 49 68 2 19 70 27 83 25 98 22 2
72 97 400 400 44 48 62 12 69 67 23 23 95 92 400
401 401 400 400 402 402 401 401 401 401 402 402 401 401 400
0 2 0 0 0 0 0 0 0 0
0 1 1 1 1 1 1 1 1 0
0 1 1 1 1 1 1 0 1 0
0 1 1 0 1 0 1 0 1 0
0 1 1 1 1 1 1 1 1 0
0 1 1 1 1 0 1 1 1 0
0 1 1 1 1 1 1 1 1 1
0 1 1 1 1 1 1 0 0 0
0 1 1 1 1 0 1 0 0 0
0 1 1 1 1 1 1 1 1 1
Maze 105
83 57 3.2653061224 2.1525993444 30 0.380004487186237
46 15 53 90 90 94 68 85 93 63 5 60 50 84 97 46
45 13 83 400 84 64 65 83 400 3 55 400 44 94 96
401 402 401 400 402 402 402 402 400 402 401 400 402 401 401
0 0 1 1 1 0 0 0 0 0
0 0 1 1 1 0 0 0 0 0
0 0 1 0 1 0 0 0 0 0
0 0 1 0 1 0 0 0 0 0
0 0 1 1 1 2 1 1 1 1
0 0 1 1 1 1 1 1 1 1
0 0 1 1 1 1 1 1 0 0
0 0 1 1 1 1 0 0 0 0
0 0 1 1 1 1 1 1 1 1
0 0 1 1 1 1 1 0 0 0
Maze 106
93 5 3.5555555556 2.0048679406 50 0.378206519237728
66 67 27 81 44 52 43 65 72 2 35 51 24 10 92 66
400 400 21 41 42 42 63 62 400 32 31 21 4 2 62
400 400 402 402 402 402 401 402 400 401 402 402 402 402 402
0 1 1 1 1 1 1 1 1 1
0 1 0 1 0 0 0 0 0 0
1 1 1 1 1 1 1 0 0 0
1 1 1 1 1 0 1 0 0 0
1 1 1 1 0 0 1 0 0 0
1 1 1 0 0 0 1 0 0 0
1 1 1 1 1 2 1 0 0 0
1 1 0 0 0 0 0 0 0 0
1 1 0 0 0 0 0 0 0 0
0 1 0 0 0 0 0 0 0 0
Maze 107
111 81 3.3928571429 2.0382271704 105 0.391762367272964
83 34 10 73 2 42 41 66 17 58 25 60 92 66 40 83
33 4 3 72 400 400 61 16 57 55 55 52 62 36 33
402 402 402 401 400 400 401 402 401 401 401 402 402 402 402
0 1 1 1 1 1 1 1 1 1
0 1 1 1 0 1 1 0 0 0
0 1 1 1 1 1 1 0 0 0
0 1 1 1 1 1 1 1 1 1
1 1 1 0 1 1 1 0 0 0
1 1 1 1 1 1 1 1 1 1
1 1 1 1 1 1 0 0 0 0
0 1 1 0 0 0 0 0 0 0
0 1 2 0 0 0 0 0 0 0
0 1 0 0 0 0 0 0 0 0
Maze 108
67 59 2.5384615385 2.3600258948 20 0.383172327380771
47 31 21 22 56 40 59 88 65 62 76 96 52 89 79 47
41 400 400 52 36 39 58 85 400 72 400 92 82 400 77
401 400 400 401 402 402 402 401 400 401 400 401 401 400 401
0 0 0 0 0 0 0 0 0 0
0 0 0 0 0 0 0 0 0 0
1 1 0 0 0 0 0 0 0 0
1 1 0 0 0 1 1 1 1 1
1 1 1 1 1 1 2 0 1 0
0 1 1 1 1 1 1 1 1 0
0 1 1 1 1 0 1 1 0 0
0 1 1 1 1 1 1 1 1 0
0 1 1 1 1 1 1 1 1 0
0 1 1 1 1 1 0 0 0 0
Maze 109
111 144 3.3793103448 2.0912913095 120 0.378285831685260
83 77 72 31 23 16 90 6 99 28 81 34 82 15 45 83
73 400 71 21 13 86 86 96 98 21 31 32 12 400 43
402 400 401 402 402 401 401 401 401 402 402 402 402 400 402
0 0 0 0 0 1 0 0 0 0
0 1 1 1 1 1 0 0 0 0
1 1 1 1 1 1 1 1 0 0
1 1 1 1 1 1 0 1 0 0
1 1 1 1 1 1 0 1 0 0
1 1 1 0 0 1 0 1 0 0
1 1 1 0 0 1 0 1 0 0
1 1 1 1 1 1 1 1 0 0
1 1 2 0 0 1 1 1 1 1
0 0 0 0 0 1 1 1 1 0
Maze 110
101 1987 3.1864406780 2.2374762742 62 0.383520447467826
19 69 50 14 5 45 61 92 59 30 73 32 79 91 37 19
400 49 44 4 400 41 91 52 29 23 72 72 71 31 17
400 402 401 402 400 402 401 402 402 402 401 401 402 402 402
0 0 0 1 1 0 0 0 0 0
0 0 0 1 1 0 1 1 2 0
0 0 1 1 1 1 1 1 1 1
1 1 1 1 1 1 1 0 1 0
1 1 1 1 1 1 1 1 1 1
1 1 1 1 1 1 1 1 1 0
1 1 1 0 0 0 0 0 1 0
1 1 1 1 1 1 1 1 1 0
1 1 0 0 0 0 0 0 0 0
1 1 0 0 0 0 0 0 0 0
Maze 111
105 303 3.7307692308 2.0967417111 98 0.375850114280816
70 6 39 56 28 98 30 79 13 19 11 15 29 83 72 70
66 36 36 26 400 28 29 73 400 400 400 25 23 82 62
401 401 402 402 400 402 402 401 400 400 400 401 402 401 402
0 0 0 0 0 1 0 0 0 0
1 1 1 1 1 1 1 1 1 0
0 0 1 1 1 1 1 1 1 1
0 0 1 0 0 1 1 1 1 0
0 0 1 0 0 1 0 1 1 0
0 0 1 0 0 1 0 1 1 0
0 1 1 1 1 1 1 1 1 2
0 1 1 1 1 1 1 1 1 0
0 1 1 0 0 0 0 1 0 0
0 0 0 0 0 0 0 1 0 0
Maze 112
99 104 3.0169491525 2.2217810464 64 0.382090717231243
99 37 72 13 30 46 17 12 42 60 32 26 96 83 49 99
97 32 12 23 26 16 400 400 52 52 22 400 93 43 400
401 402 402 401 402 402 400 400 401 401 402 400 401 402 400
0 0 0 0 0 0 0 0 0 0
0 1 1 1 1 1 1 0 0 0
0 1 1 1 1 1 1 1 1 1
0 1 1 1 1 1 1 0 0 0
0 1 1 1 1 1 1 1 1 0
0 1 1 1 1 1 1 1 1 1
0 1 1 0 0 1 1 0 1 0
0 1 1 0 0 1 1 0 1 0
0 0 1 0 0 1 1 0 1 0
0 0 1 1 1 1 1 1 2 0
Maze 113
97 353 3.4339622642 2.1938841125 49 0.376190506400401
75 73 25 85 70 26 100 75 60 59 55 81 86 28 92 75
400 23 400 65 66 96 95 55 400 400 51 400 26 22 72
400 402 400 402 401 401 401 402 400 400 402 400 402 402 402
0 0 0 0 0 0 0 0 0 0
0 0 0 0 0 0 0 0 0 0
0 1 1 1 1 1 1 1 0 0
0 1 1 0 1 1 0 0 0 0
0 1 1 0 1 1 0 0 0 0
1 1 1 1 1 1 1 1 1 1
1 1 1 0 1 1 1 1 1 1
1 1 1 1 2 1 0 0 0 0
1 1 1 1 1 1 0 0 0 0
0 1 0 0 1 1 1 1 1 1
Maze 114
107 24 3.2000000000 1.9861759871 94 0.381282104174178
96 96 20 82 37 34 93 1 41 20 13 47 94 53 93 96
400 16 12 32 400 33 91 400 11 400 43 44 93 400 400
400 402 402 402 400 402 401 400 402 400 401 402 401 400 400
1 0 0 0 0 0 0 0 0 0
1 1 1 1 1 1 1 1 1 1
1 1 1 0 0 1 0 0 0 0
1 1 1 1 1 1 1 0 0 0
1 1 1 1 1 1 1 0 0 0
1 1 1 1 0 1 0 0 0 0
1 1 1 1 0 1 0 0 0 0
1 1 1 1 0 1 0 0 0 0
1 1 1 1 0 1 0 0 0 0
1 1 1 1 1 2 0 0 0 0
Maze 115
89 23 3.4042553191 2.0341609652 29 0.396683746681708
33 10 24 90 62 32 72 33 75 74 94 60 67 44 83 33
3 4 84 82 400 400 32 73 400 400 54 57 64 43 400
402 402 401 401 400 400 402 401 400 400 402 402 401 402 400
0 0 1 1 1 1 1 1 1 1
0 0 1 1 0 0 0 0 0 0
0 0 1 1 0 0 0 0 0 0
0 1 2 1 0 0 0 0 0 0
0 1 1 1 0 0 0 0 0 0
0 1 1 1 1 1 1 1 1 1
0 1 1 1 1 1 1 0 0 0
0 1 1 1 1 0 0 0 0 0
0 1 1 1 1 1 1 1 1 1
0 0 0 1 0 0 0 0 0 0
Maze 116
99 509 3.1153846154 2.0023458814 64 0.385737311281523
17 96 93 66 22 76 28 42 69 8 66 63 87 58 98 17
16 400 63 62 72 26 22 62 68 6 400 83 57 400 97
402 400 402 401 401 402 402 401 401 402 400 401 402 400 401
0 0 0 0 0 1 1 1 0 0
0 0 0 0 0 1 2 1 0 0
0 1 1 1 1 1 1 1 0 0
0 1 0 0 0 1 1 1 0 0
0 1 0 0 0 1 1 1 0 0
0 1 0 0 0 1 1 1 0 0
0 1 1 1 1 1 1 1 1 0
0 1 1 1 1 1 1 1 0 0
0 0 1 1 1 1 1 1 0 0
0 0 1 1 1 1 1 1 0 0
Maze 117
79 40 3.5000000000 2.0110256034 35 0.392369874506852
66 33 51 73 36 23 93 69 94 54 67 47 82 62 58 66
63 31 71 33 33 400 63 64 400 64 400 42 400 52 56
401 402 401 402 401 400 402 402 400 401 400 402 400 402 402
0 0 0 0 0 0 0 0 0 0
0 0 0 0 0 0 0 0 0 0
0 0 1 0 0 0 0 0 0 0
1 1 1 1 1 1 0 0 0 0
1 1 1 1 1 1 1 0 0 0
1 1 1 1 1 1 1 1 0 0
1 1 1 1 1 2 1 1 1 0
1 1 1 1 0 0 0 0 0 0
0 1 1 1 0 0 0 0 0 0
0 0 1 1 0 0 0 0 0 0
Maze 118
75 37 2.6666666667 2.0269320651 30 0.356951040787206
24 3 38 39 30 10 32 52 38 87 36 46 2 83 93 24
23 33 400 29 400 2 400 32 37 86 400 42 82 400 23
401 401 400 402 400 402 400 402 402 401 400 401 401 400 402
0 1 1 1 1 1 1 1 1 1
0 1 1 0 0 0 0 0 0 1
0 1 1 2 0 0 0 0 1 1
0 1 1 1 1 1 1 1 1 0
0 1 1 1 1 1 1 0 0 0
0 1 1 0 0 1 1 0 0 0
0 1 1 0 0 1 1 0 0 0
0 1 1 0 0 1 1 0 0 0
0 1 1 0 0 1 1 0 0 0
0 0 1 0 0 0 0 0 0 0
Maze 119
109 131 2.8571428571 1.8131673153 76 0.382297716133049
3 9 52 75 88 59 72 76 13 71 83 18 25 51 79 3
400 2 72 85 58 52 400 73 11 81 13 15 21 71 73
400 402 401 401 402 402 400 401 402 401 402 402 402 401 401
0 1 2 1 1 1 1 1 1 0
1 1 1 1 1 1 1 1 0 0
1 1 1 1 1 0 0 0 0 0
1 1 1 0 0 0 0 0 0 0
1 1 1 0 0 0 0 0 0 0
1 1 1 1 1 1 1 1 1 0
1 1 1 0 0 0 0 1 0 0
1 1 1 1 1 1 1 1 1 0
1 1 1 0 1 1 1 1 0 0
0 0 0 0 0 0 0 0 0 0
Maze 120
117 443 3.3333333333 2.1310611444 126 0.382856233304384
27 63 88 66 7 29 81 59 2 76 88 37 99 14 57 27
23 83 86 6 27 21 51 52 72 86 87 97 94 54 400
402 401 401 402 401 402 402 401 401 401 401 401 401 401 400
0 1 0 0 0 1 1 0 0 0
0 1 0 1 0 1 1 0 0 0
1 1 1 1 1 1 2 1 1 0
1 1 1 1 0 1 1 0 0 0
1 1 1 1 0 1 1 0 0 0
1 1 1 1 1 1 1 1 1 0
1 1 1 1 0 1 1 0 0 0
1 1 1 1 1 1 1 0 0 0
1 0 1 1 1 1 1 1 0 0
0 0 0 1 1 1 1 1 1 0
Maze 121
85 186 2.9090909091 2.2087334001 50 0.364647425051250
45 92 58 88 55 80 20 67 43 48 35 38 41 61 57 45
42 52 400 85 75 400 17 63 400 45 400 31 400 51 55
402 402 400 401 401 400 402 401 400 401 400 402 400 402 401
0 0 0 0 0 0 0 0 0 0
0 0 0 0 0 0 1 1 1 1
0 0 0 0 0 0 1 0 0 1
1 1 1 1 1 1 1 1 0 1
1 1 1 1 2 1 1 1 0 1
1 1 1 1 1 1 1 1 0 1
1 1 1 1 1 1 1 1 0 1
0 1 0 0 1 1 1 1 1 1
0 1 0 0 1 1 1 1 0 0
0 1 0 0 0 0 0 0 0 0
Maze 122
101 97 3.2400000000 1.9126169186 77 0.379306690950462
87 82 12 39 71 66 78 39 1 59 82 24 65 79 88 87
400 400 32 31 61 76 38 31 51 52 22 64 75 78 400
400 400 401 402 402 401 402 401 401 402 402 401 401 402 400
1 0 0 0 0 0 0 0 0 0
1 1 0 0 0 0 0 0 0 0
1 1 1 1 0 0 0 0 0 0
1 1 1 1 1 1 1 1 1 0
1 1 0 1 0 0 0 1 0 0
1 1 1 1 1 1 1 1 1 0
1 1 1 1 1 1 0 1 0 0
1 1 0 0 1 1 1 1 1 0
0 1 1 1 1 1 2 1 0 0
0 0 0 0 0 0 0 0 0 0
Maze 123
91 502 3.5217391304 2.0504041575 50 0.384055883719124
83 74 17 60 80 7 59 33 38 84 48 100 68 66 35 83
73 14 57 400 77 57 53 400 34 44 98 98 400 65 33
402 402 401 400 401 401 401 400 402 402 401 401 400 401 402
0 0 0 0 0 0 1 0 0 0
0 0 0 1 1 1 1 0 0 0
0 0 0 1 0 0 1 0 0 0
0 0 1 1 1 1 1 1 0 0
0 0 1 1 1 1 1 1 0 0
0 0 1 1 1 1 1 1 1 1
0 0 1 1 1 1 1 1 0 1
0 0 1 1 0 0 1 1 1 1
0 0 2 1 0 0 0 1 0 0
0 0 0 0 0 0 0 1 1 1
Maze 124
105 4 3.3061224490 1.9800441945 81 0.367901359446588
49 96 7 58 97 49 62 1 44 21 62 1 25 81 93 49
46 6 57 57 47 42 61 41 41 61 61 21 21 91 43
402 402 401 402 402 402 401 401 401 401 401 401 402 401 402
1 0 0 0 0 1 1 0 0 0
1 0 0 0 0 1 1 0 0 0
1 1 1 1 1 1 1 0 0 0
1 0 0 0 0 1 1 0 0 0
1 1 1 1 1 1 1 1 2 0
1 1 1 0 0 1 1 1 0 0
1 1 1 0 0 1 1 0 0 0
1 0 1 0 0 1 1 0 0 0
1 0 1 0 0 1 1 0 0 0
1 1 1 0 0 1 1 0 0 0
Maze 125
93 353 2.8709677419 2.2757243445 45 0.373919035421039
74 8 79 63 93 43 57 7 94 74 89 49 23 5 1 74
4 78 73 400 400 53 400 4 400 84 400 43 3 400 71
402 401 401 400 400 401 400 402 400 401 400 401 402 400 401
1 1 1 1 1 1 1 1 0 0
1 0 1 1 0 0 1 1 0 0
1 0 1 1 0 0 1 1 0 0
1 0 1 1 0 0 1 1 0 0
1 0 1 1 1 1 1 1 1 0
1 0 1 1 1 1 1 1 1 0
1 0 1 1 0 0 0 1 1 0
1 1 1 2 1 1 1 1 1 0
0 0 1 1 1 1 1 1 1 0
0 0 1 1 0 0 0 0 0 0
Maze 126
103 294 3.4444444444 2.0800979812 55 0.406583990764780
72 13 7 13 61 26 52 67 51 16 88 95 10 28 54 72
12 3 3 11 21 22 62 61 11 86 85 5 8 24 52
402 402 402 402 402 402 401 401 402 401 402 402 402 402 402
0 0 1 1 1 1 1 1 1 1
1 1 1 1 1 1 0 1 0 0
1 1 1 1 1 1 1 1 0 0
1 1 0 1 1 1 0 0 0 0
1 1 0 1 1 1 0 0 0 0
1 1 1 1 1 1 0 0 0 0
1 1 1 1 1 1 1 0 0 0
0 2 0 0 1 1 0 0 0 0
0 0 0 0 1 1 1 1 0 0
0 0 0 0 1 0 0 0 0 0
Maze 127
123 255 3.2258064516 2.0871005980 139 0.390778259722113
99 5 43 40 81 26 81 23 12 69 87 51 59 53 60 99
95 3 33 31 21 21 21 22 62 67 81 400 400 400 59
401 402 402 402 402 402 402 401 401 402 401 400 400 400 402
0 0 1 1 1 0 0 0 0 0
0 1 1 0 1 0 0 0 0 0
1 1 1 1 1 1 0 0 0 0
1 1 1 1 1 1 1 1 1 1
1 1 1 0 1 0 0 0 0 0
1 1 1 1 1 1 1 1 1 1
1 1 1 1 1 1 1 1 1 0
1 0 0 0 1 0 1 0 1 0
1 1 1 1 1 1 1 0 1 0
0 0 0 0 1 1 1 1 2 0
Maze 128
107 249 2.9666666667 2.1188546574 86 0.398172155422389
5 72 87 99 65 21 88 55 84 6 48 96 94 70 96 5
2 82 97 95 61 81 85 54 4 46 46 400 64 66 95
402 401 401 401 401 401 401 402 402 401 402 400 402 402 401
0 1 1 1 2 1 0 0 0 0
0 1 0 1 1 1 0 0 0 0
1 1 0 1 1 1 0 0 0 0
1 1 0 1 1 1 0 0 0 0
1 1 0 1 1 1 1 1 0 0
1 1 0 1 1 1 0 0 0 0
1 1 1 1 1 1 1 1 1 1
1 1 0 1 1 1 0 0 0 0
1 1 1 1 1 1 1 1 0 0
0 0 0 1 1 1 1 1 1 0
Maze 129
119 220 3.0000000000 2.1219120290 106 0.373959982239640
96 4 60 66 24 91 12 20 25 88 9 54 6 21 32 96
94 54 56 64 21 11 400 15 85 8 4 4 1 31 92
401 401 402 401 402 402 400 402 401 402 402 402 402 401 401
1 1 1 1 1 1 1 1 1 0
1 1 1 1 1 1 1 1 1 1
1 1 1 1 1 0 0 1 0 0
1 1 0 1 1 0 0 1 0 0
1 1 0 1 1 0 0 1 0 0
1 1 0 1 1 1 1 1 1 1
1 1 0 1 1 1 0 1 0 0
1 1 0 1 1 0 0 1 0 0
1 1 0 1 1 1 1 1 0 0
1 1 1 1 1 2 0 0 0 0
Maze 130
81 12 3.0212765957 2.1376476045 35 0.382058472458260
51 50 87 64 43 73 38 31 92 71 38 37 47 27 2 51
41 47 84 63 400 33 400 91 91 31 400 400 400 22 1
402 402 401 401 400 402 400 401 401 402 400 400 400 401 402
1 1 0 0 0 0 0 0 0 0
1 1 0 0 0 0 0 0 0 0
1 1 1 1 1 1 1 0 0 0
1 1 1 1 1 1 1 1 0 0
1 1 1 1 1 1 1 1 1 1
2 0 1 0 0 0 1 0 0 0
1 0 1 1 0 0 1 0 0 0
1 0 1 1 0 0 1 0 0 0
1 0 0 1 1 1 1 0 0 0
1 1 0 0 0 0 0 0 0 0
Maze 131
105 405 2.5866666667 2.3746736280 87 0.370939740209881
79 9 44 61 61 9 98 100 10 27 93 80 57 61 94 79
400 4 41 400 1 8 400 400 7 23 73 77 51 91 74
400 402 402 400 402 402 400 400 402 402 402 401 402 401 402
1 1 1 1 1 1 1 1 1 1
1 0 0 1 0 0 1 1 1 1
1 0 1 1 1 1 1 1 1 1
1 0 1 1 0 0 0 1 1 1
1 1 1 1 0 0 0 1 1 1
1 1 1 1 1 1 1 1 1 1
1 0 1 0 0 0 1 1 1 1
1 0 1 1 1 1 1 1 2 1
1 0 1 1 0 0 0 1 0 1
1 1 1 1 0 0 0 1 1 1
Maze 132
97 51 3.0566037736 2.0080830232 47 0.368346119471659
95 17 14 29 49 67 10 73 62 83 92 40 5 63 23 95
15 400 24 400 47 7 3 72 82 82 32 35 3 400 93
402 400 401 400 402 402 402 401 401 402 402 401 402 400 401
0 0 1 1 1 1 1 1 1 1
0 0 1 1 1 1 1 0 0 0
0 0 1 1 1 1 1 1 1 0
0 1 1 1 1 1 1 1 1 1
0 1 1 0 1 0 1 1 1 0
0 1 1 0 1 0 1 0 0 0
0 1 1 0 1 0 1 0 0 0
0 1 1 0 1 0 0 0 0 0
0 1 1 0 1 0 0 0 0 0
0 1 1 1 2 0 0 0 0 0
Maze 133
103 287 3.0819672131 2.2156916738 55 0.396060508789576
22 57 79 2 29 31 75 47 40 90 29 9 76 28 1 22
52 77 72 22 21 71 45 37 400 89 400 6 26 21 21
401 401 401 401 402 401 402 402 400 401 400 402 402 401 401
1 1 0 0 0 1 1 1 1 0
1 1 0 0 0 1 0 0 1 0
1 2 1 1 1 1 1 1 1 0
1 1 0 0 0 1 1 1 1 1
1 1 0 0 1 1 1 0 1 1
1 1 1 1 1 1 1 0 1 1
1 1 0 0 1 1 1 0 1 1
1 1 1 1 1 1 1 1 1 1
0 0 0 0 0 0 0 0 1 1
0 0 0 0 0 0 0 0 0 0
Maze 134
97 1207 3.1475409836 2.3345177095 84 0.393401077643000
7 19 38 96 53 39 18 45 100 66 61 60 94 71 74 7
17 18 36 93 33 38 15 95 96 400 51 54 91 400 4
401 402 402 401 402 401 402 401 401 400 402 402 401 400 402
0 0 0 1 1 1 2 0 0 0
0 0 0 1 1 1 1 1 1 0
0 0 0 1 1 0 0 1 0 0
0 0 1 1 1 1 1 1 1 0
0 0 1 1 1 1 0 0 0 0
1 1 1 1 1 1 1 1 1 1
1 1 1 1 1 1 0 0 0 0
1 1 1 1 1 1 0 0 0 0
1 0 1 1 1 1 0 0 0 0
1 1 1 1 1 1 1 1 1 1
Maze 135
101 116 3.3207547170 2.0590805640 70 0.383710676011523
70 14 11 71 54 50 42 40 72 89 77 77 97 48 21 70
64 400 400 51 44 400 32 32 82 87 400 400 47 41 61
401 400 400 402 402 400 402 402 401 401 400 400 402 401 401
0 0 0 0 0 0 0 0 0 0
1 1 1 1 0 0 0 0 0 0
1 0 0 1 0 0 0 0 0 0
1 1 1 1 1 1 1 1 1 1
1 1 1 1 1 1 1 1 1 1
1 1 1 1 0 0 1 0 0 0
1 1 1 1 1 1 1 1 1 2
1 1 0 0 0 0 1 0 0 0
0 1 1 1 1 1 1 1 1 0
0 0 0 0 0 0 1 0 0 0
Maze 136
89 24 3.2000000000 2.1472868302 33 0.381277800737377
83 45 24 33 24 100 87 52 97 9 57 6 66 46 32 83
43 44 23 23 94 97 82 92 7 7 56 400 400 42 82
402 401 402 402 401 401 401 401 402 402 401 400 400 401 401
0 0 0 0 0 1 1 1 1 0
0 0 0 0 0 1 1 0 0 0
0 0 1 1 0 1 1 0 0 0
0 1 1 1 0 1 1 0 0 0
0 1 1 1 1 1 1 0 0 0
0 1 1 1 0 1 1 0 0 0
0 1 1 1 0 1 1 0 0 0
0 1 1 1 0 0 1 0 0 0
0 1 2 1 1 1 1 0 0 0
0 1 1 1 1 1 1 1 1 1
Maze 137
109 82 3.2881355932 2.1646335561 52 0.386786029692473
10 97 97 51 24 47 5 51 91 6 72 90 82 44 8 10
7 400 91 21 44 45 1 400 1 2 82 400 42 4 400
402 400 401 402 401 401 402 400 402 402 401 400 402 402 400
1 1 1 1 1 1 1 1 1 2
1 1 0 1 1 0 1 0 0 0
1 1 1 1 1 0 1 0 0 0
1 1 0 1 1 0 1 0 0 0
1 1 1 1 1 1 1 0 0 0
1 1 0 0 0 0 1 0 0 0
1 1 0 0 0 0 1 0 0 0
1 1 0 0 0 0 1 0 0 0
1 1 1 1 1 1 1 1 1 1
1 1 1 1 1 1 1 0 0 0
Maze 138
83 7 2.5937500000 2.3971886020 16 0.385515826668927
8 80 78 90 62 99 77 71 12 13 12 63 16 64 25 8
78 400 88 82 92 97 400 11 400 400 62 13 14 24 5
401 400 401 401 401 401 400 402 400 400 401 402 402 402 402
0 0 0 0 1 1 1 2 0 0
1 1 1 1 1 1 0 1 0 0
1 1 1 1 1 0 0 1 0 0
1 1 1 1 0 0 0 1 0 0
1 1 1 1 0 0 0 1 0 0
1 1 1 1 0 0 0 1 0 0
1 1 1 1 0 0 0 1 0 0
1 1 1 1 1 1 1 1 1 1
0 1 1 1 1 1 1 1 1 1
0 1 1 1 1 1 1 1 1 0
Maze 139
99 1164 3.5744680851 2.0023458814 71 0.372823217535937
93 13 27 75 42 70 7 24 7 52 15 7 24 38 13 93
400 23 25 72 62 67 4 4 2 12 5 4 34 33 400
400 401 402 401 401 401 402 402 402 402 402 402 401 401 400
0 1 1 1 1 1 1 0 0 0
0 1 1 1 1 0 1 0 0 0
0 1 1 1 1 1 1 0 0 0
0 1 1 1 1 1 1 1 0 0
0 1 1 0 1 0 1 0 0 0
0 1 1 0 1 0 1 0 0 0
0 1 1 1 1 1 1 1 1 1
0 1 1 1 1 0 0 0 0 0
0 0 1 0 0 0 0 0 0 0
0 0 2 0 0 0 0 0 0 0
Maze 140
87 14 3.0638297872 1.9562299112 50 0.408810605436630
2 39 72 75 85 94 75 84 24 69 58 97 90 71 38 2
32 32 400 400 84 74 74 400 64 68 57 87 81 31 32
401 402 400 400 402 402 402 400 401 401 402 402 401 402 401
0 2 0 0 0 0 0 0 0 0
0 1 0 0 0 0 0 0 0 0
0 1 0 1 0 0 0 0 0 0
1 1 1 1 1 1 1 1 1 0
1 1 0 1 0 0 0 0 0 0
1 1 0 1 0 0 1 1 0 0
1 1 0 1 1 1 1 1 1 0
1 1 1 1 1 0 1 0 0 0
1 1 1 1 1 1 1 1 1 1
0 0 0 1 0 0 1 0 0 0
Maze 141
111 120 3.3898305085 2.1845061249 90 0.384881742994422
80 57 84 90 63 33 72 31 91 40 27 32 30 95 23 80
77 54 400 83 400 32 71 400 31 37 22 22 25 93 73
401 402 400 401 400 402 401 400 402 401 402 402 402 401 401
0 0 0 0 0 0 0 0 0 0
0 0 0 0 0 0 0 0 0 0
0 1 1 1 1 1 1 1 1 1
1 1 1 1 1 1 1 1 1 1
1 1 1 0 1 0 0 0 0 0
1 1 1 1 1 1 1 0 0 0
1 1 1 1 1 0 1 0 0 0
1 1 1 1 1 1 1 1 1 2
1 0 1 1 1 1 1 1 1 1
1 0 1 1 1 0 0 0 0 0
Maze 142
99 68 2.7301587302 2.2694236115 71 0.397171748909217
59 38 22 10 70 93 52 47 81 56 78 64 22 64 41 59
58 32 2 400 63 92 42 41 51 76 74 62 62 61 51
401 401 402 400 402 401 402 402 402 401 401 401 401 401 401
0 1 1 1 1 1 1 1 1 1
0 1 0 0 0 0 0 0 0 1
0 1 0 0 0 0 0 0 0 1
0 1 1 1 1 1 1 1 0 1
1 1 1 1 1 1 1 1 0 1
1 1 1 1 1 1 1 1 2 1
1 1 1 1 1 1 1 1 1 1
1 1 1 1 1 1 1 1 0 0
1 1 1 0 0 0 0 0 0 0
0 1 1 0 0 0 0 0 0 0
Maze 143
83 7 3.0476190476 1.9878600601 21 0.375002623606250
95 55 5 26 15 100 80 95 54 85 39 30 95 33 85 95
400 400 25 25 95 400 75 94 84 35 29 25 93 83 400
400 400 401 401 401 400 402 401 401 402 402 402 401 401 400
0 0 0 0 1 0 0 0 0 0
0 0 0 0 1 0 0 0 0 0
0 0 0 0 1 1 1 1 1 1
0 0 1 0 1 1 1 1 1 0
0 0 1 0 1 0 0 0 0 0
0 0 1 1 1 0 0 0 0 0
0 0 1 1 1 0 0 0 0 0
0 0 1 1 1 1 1 1 1 1
0 0 1 1 1 0 0 0 0 1
0 0 1 1 2 1 1 1 1 1
Maze 144
85 170 3.1666666667 2.1425375218 44 0.359055420022019
62 63 77 86 57 74 95 8 29 32 65 2 93 23 66 62
400 73 76 56 54 94 5 28 22 62 62 92 400 63 400
400 401 402 402 402 401 402 401 402 401 401 401 400 401 400
0 1 0 0 1 1 1 1 0 0
0 1 0 0 1 0 0 1 0 0
0 1 1 1 1 1 1 1 1 0
0 1 1 0 1 0 0 0 0 0
0 1 1 0 1 0 0 0 0 0
0 1 1 1 1 1 1 0 0 0
0 2 1 1 1 1 0 0 0 0
0 1 1 1 1 1 1 0 0 0
0 1 1 1 1 1 0 0 0 0
0 1 1 1 1 0 0 0 0 0
Maze 145
95 97 3.3818181818 2.2190339383 77 0.395147199187555
5 1 8 40 95 54 64 24 86 82 17 52 76 6 30 5
400 400 38 35 94 400 400 84 400 12 12 72 400 26 25
400 400 401 402 401 400 400 401 400 402 402 401 400 401 401
1 1 1 1 2 1 1 1 0 0
0 1 1 1 1 1 1 1 0 0
0 1 0 1 1 1 1 1 1 1
0 1 0 1 1 1 1 1 1 1
0 1 0 1 1 1 0 0 0 0
0 1 0 1 1 1 0 0 0 0
0 1 0 1 1 1 0 0 0 0
0 1 1 1 1 1 0 0 0 0
0 1 1 1 1 1 0 0 0 0
0 0 0 1 1 0 0 0 0 0
Maze 146
85 10 3.2888888889 1.8923289609 45 0.392889018187221
2 3 19 53 47 55 83 53 22 84 92 82 7 73 81 2
400 13 13 43 45 53 400 52 82 82 400 2 3 71 1
400 401 402 402 402 402 400 401 401 402 400 402 402 402 402
1 2 1 1 1 1 1 0 0 0
1 1 1 1 1 1 1 1 1 0
1 1 1 0 0 0 0 0 0 0
1 1 1 0 0 0 0 0 0 0
1 1 1 1 1 1 1 0 0 0
1 1 1 1 1 0 0 0 0 0
1 1 1 0 0 0 0 0 0 0
1 1 1 0 0 0 0 0 0 0
1 1 1 1 0 0 0 0 0 0
0 1 0 0 0 0 0 0 0 0
Maze 147
93 21 3.1372549020 2.0504041575 39 0.363280291165839
89 91 59 34 16 25 53 77 64 4 10 22 32 55 23 89
81 51 54 14 15 23 73 74 400 400 2 400 52 53 83
402 402 401 402 402 402 401 401 400 400 402 400 401 401 401
0 1 1 1 1 1 1 1 1 1
0 1 0 1 1 1 0 0 0 0
0 1 1 1 1 0 0 0 0 0
0 1 1 1 0 0 0 0 0 0
0 1 1 1 0 0 0 0 0 0
1 1 1 1 1 1 1 1 1 0
1 0 1 1 0 0 0 0 0 0
1 0 1 1 1 1 1 0 0 0
1 1 1 1 1 1 1 1 2 0
1 0 0 0 0 0 0 0 0 0
Maze 148
103 83 2.8787878788 2.3332952834 66 0.395172107033591
37 21 29 97 10 100 63 62 46 51 5 7 68 68 12 37
31 400 27 7 400 93 400 42 41 1 400 67 400 62 32
401 400 402 402 400 401 400 402 402 402 400 401 400 401 401
1 1 1 1 1 1 1 1 1 1
1 1 0 0 0 0 1 0 0 1
1 1 1 1 1 1 1 1 1 1
1 1 1 1 1 1 2 0 0 1
1 1 1 1 1 1 1 0 0 1
1 1 0 0 0 0 1 0 0 1
0 1 1 1 1 1 1 1 0 1
0 0 1 0 0 0 1 0 0 1
0 0 1 0 0 0 1 0 0 1
0 0 1 1 1 1 1 1 1 1
Maze 149
115 198 3.7727272727 1.8064313462 122 0.391870603114962
3 88 85 21 85 54 63 11 39 11 25 68 3 75 68 3
83 400 81 81 84 53 61 31 31 21 65 63 73 65 63
401 400 401 401 401 402 401 401 401 401 401 401 401 402 401
0 0 2 0 0 0 0 0 0 0
1 0 1 0 0 0 0 0 0 0
1 1 1 1 1 0 0 0 0 0
1 1 1 1 1 1 1 1 1 0
1 0 1 0 1 0 0 0 0 0
1 0 1 1 1 0 0 0 0 0
1 1 1 1 1 1 1 1 0 0
1 0 1 1 1 0 0 0 0 0
1 1 1 1 1 1 1 1 0 0
0 0 0 0 0 0 0 0 0 0
Maze 150
85 14 3.1698113208 2.2697194264 45 0.367153481945301
61 12 26 70 67 46 36 8 2 73 37 13 50 83 91 61
11 22 66 400 66 400 6 400 72 33 33 43 43 81 400
402 401 401 400 401 400 402 400 401 402 401 401 402 402 400
0 1 1 1 1 1 1 1 0 0
1 1 1 0 0 1 0 0 0 0
1 1 1 1 1 1 0 0 0 0
1 1 1 1 1 1 1 0 0 0
1 1 1 1 1 1 1 1 1 1
1 1 1 0 0 1 0 0 0 0
2 1 1 0 0 1 1 1 1 1
1 1 1 0 0 0 0 0 0 0
1 1 1 0 0 0 0 0 0 0
1 0 0 0 0 0 0 0 0 0
Maze 151
93 7 2.8518518519 2.0721391996 45 0.416307540651110
28 8 64 12 2 76 24 99 30 100 69 77 2 16 8 28
400 4 62 400 72 74 94 29 400 99 67 72 12 6 400
400 402 401 400 401 401 401 402 400 401 402 401 401 402 400
0 1 0 1 1 1 1 1 0 0
0 1 1 1 1 1 0 1 0 0
0 1 0 1 0 0 0 2 1 1
0 1 0 1 0 0 0 0 1 1
0 1 0 1 0 0 0 0 1 1
0 1 0 1 0 0 0 0 1 1
0 1 1 1 0 0 1 1 1 1
0 1 1 1 1 1 1 0 1 1
0 0 0 1 0 0 0 0 1 1
0 0 0 1 1 1 1 1 1 1
Maze 152
125 302 3.4242424242 2.1904898345 158 0.384701913265394
32 78 73 10 82 38 71 61 96 92 19 29 98 20 49 32
72 400 3 2 32 31 400 91 400 12 400 28 18 19 42
401 400 402 402 402 402 400 401 400 402 400 402 402 402 401
0 1 1 1 1 1 1 1 1 1
0 1 1 1 1 1 1 1 1 1
0 1 1 0 0 0 0 1 1 0
1 2 1 1 1 1 1 1 1 0
1 1 1 1 1 1 1 1 1 0
1 1 1 0 0 0 0 1 0 0
1 1 1 0 0 0 0 1 0 0
1 1 1 1 1 1 1 1 0 0
1 1 0 0 0 0 0 1 0 0
1 1 1 1 1 1 0 1 0 0
Maze 153
101 4234 3.3818181818 2.1883374556 84 0.394792782142949
93 17 33 87 97 15 49 31 69 89 76 44 17 77 37 93
13 13 83 400 95 45 41 61 400 86 74 14 400 400 33
402 402 401 400 401 401 401 401 400 401 401 402 400 400 402
0 0 0 0 0 0 0 0 0 0
0 0 1 1 1 1 1 0 0 0
0 0 1 1 1 0 1 0 0 0
1 0 1 1 1 1 1 0 0 0
1 1 1 1 1 1 1 1 1 0
1 0 1 1 1 0 1 0 0 0
1 1 1 1 1 1 1 1 1 0
0 0 1 1 1 1 1 0 1 0
0 0 1 1 1 1 1 1 1 0
0 0 2 0 1 1 1 0 0 0
Maze 154
87 42 2.9777777778 2.0356810741 29 0.394536077586722
42 1 32 11 64 56 4 32 67 31 69 99 15 24 3 42
41 31 31 61 54 54 2 62 61 61 400 95 14 23 2
401 401 401 401 402 401 402 401 401 401 400 401 402 401 402
1 1 1 1 0 0 0 0 0 0
1 1 1 1 1 0 0 0 0 0
1 1 1 1 1 0 0 0 0 0
1 1 0 1 1 0 0 0 0 0
1 2 0 1 1 0 0 0 0 0
1 1 0 1 1 1 0 0 0 0
1 1 1 1 1 1 1 1 1 0
0 0 0 0 1 0 0 0 1 0
0 0 0 0 1 0 0 0 1 0
0 0 0 0 1 1 1 1 1 0
Maze 155
119 219 3.3898305085 2.1694379250 135 0.374971448361701
21 94 49 26 52 62 51 30 61 7 92 82 15 97 73 21
91 44 46 22 400 61 21 21 1 2 400 12 95 93 71
401 402 401 402 400 401 402 402 402 402 400 402 401 401 401
1 1 1 1 1 1 1 0 0 0
1 1 1 1 1 0 0 0 0 0
2 1 1 1 1 1 1 1 1 1
1 1 0 0 1 1 0 0 0 0
1 1 0 1 1 1 1 1 1 0
1 1 0 1 1 0 0 0 0 0
1 1 0 1 1 0 0 0 0 0
1 1 1 1 1 0 0 0 0 0
1 1 1 1 1 0 0 0 0 0
1 1 1 1 1 1 1 0 0 0
Maze 156
93 99 3.0357142857 2.1871286625 50 0.371490831590421
48 73 30 8 43 11 47 36 71 25 74 87 48 78 45 48
43 23 28 3 41 41 46 31 21 24 84 47 400 75 400
402 402 401 402 401 401 401 402 402 402 401 402 400 401 400
0 0 1 1 1 1 1 1 0 0
1 0 1 0 0 0 0 1 0 0
1 1 1 1 1 1 1 1 1 1
1 1 1 1 1 1 0 0 0 0
1 1 1 1 1 1 1 2 0 0
1 0 1 1 1 0 1 1 0 0
1 0 1 1 1 0 1 1 0 0
1 0 1 1 1 1 1 1 0 0
0 0 0 1 1 1 1 0 0 0
0 0 0 0 0 0 0 0 0 0
Maze 157
99 811 3.1228070175 2.1633019004 65 0.377805379790647
70 92 46 62 12 24 20 80 4 22 1 20 18 13 86 70
62 42 42 400 22 14 400 74 2 21 11 400 400 83 66
402 402 402 400 401 402 400 401 402 401 401 400 400 401 402
1 1 1 1 0 0 0 0 0 0
1 1 1 1 1 1 1 1 1 1
1 1 1 1 0 0 0 0 0 1
0 1 1 1 0 0 0 0 0 1
0 1 1 1 1 1 0 0 0 1
0 1 1 1 0 0 0 0 0 1
0 1 1 1 1 1 1 1 1 2
0 1 1 1 1 1 1 1 1 1
0 1 1 1 1 1 0 0 0 0
0 1 0 0 0 0 0 0 0 0
Maze 158
97 2228 3.0000000000 2.1693442348 65 0.380407548204667
64 47 65 100 80 13 97 28 19 20 86 52 69 24 13 64
44 45 95 400 73 93 27 18 400 16 82 62 64 23 63
402 402 401 400 401 401 402 402 400 402 401 401 401 401 401
0 0 0 0 0 0 0 0 0 0
0 0 1 0 0 1 1 1 1 1
0 0 1 1 0 1 1 1 0 0
0 0 1 1 0 1 1 0 0 0
0 0 1 1 1 1 1 0 0 0
0 1 1 1 1 1 1 0 0 0
0 1 1 2 1 1 1 1 1 0
0 1 1 1 1 1 1 1 1 1
0 1 1 1 1 1 1 0 0 1
0 0 1 1 1 1 1 1 1 1
Maze 159
103 2573 3.2692307692 2.0447947784 59 0.378776982045016
5 96 68 5 45 4 13 79 30 24 67 70 16 93 57 5
95 66 65 400 44 3 73 29 400 64 400 66 13 53 55
401 402 401 400 401 402 401 402 400 401 400 401 402 402 401
0 0 1 1 2 0 0 0 0 0
0 0 1 1 1 1 0 0 0 0
0 0 1 1 1 1 1 1 1 1
0 0 1 1 1 1 0 0 1 0
0 0 1 1 1 1 0 0 1 0
0 0 1 1 1 1 1 0 1 0
0 0 1 1 1 1 1 1 1 1
0 0 1 1 1 1 1 1 1 0
0 0 1 0 1 1 0 0 0 0
0 0 1 0 1 1 0 0 0 0
Maze 160
95 1980 3.0175438596 2.2554445732 63 0.381109960994633
17 11 38 12 10 46 5 11 73 87 9 80 47 29 16 17
400 31 32 2 6 45 1 71 83 7 79 77 27 26 400
400 401 401 402 402 401 402 401 401 402 401 401 402 401 400
1 1 1 1 1 1 1 1 1 1
1 1 1 1 1 1 2 0 1 0
1 1 0 0 1 1 1 1 1 0
1 1 1 1 1 1 1 1 1 0
1 0 0 0 1 1 1 0 1 0
1 0 0 0 0 0 1 0 1 0
1 0 0 0 0 0 1 0 1 0
1 1 1 0 0 0 1 1 1 1
0 0 1 1 1 1 1 0 0 0
0 0 0 0 0 0 0 0 0 0
Maze 161
113 382 3.0645161290 2.0804820237 97 0.378507933101752
30 4 61 55 99 41 60 34 17 21 88 82 57 98 48 30
24 1 51 95 91 51 54 14 11 81 400 52 97 400 28
401 402 402 401 401 401 401 402 402 401 400 402 401 400 402
1 1 1 1 0 0 0 0 0 0
1 1 1 1 1 1 1 0 0 0
1 0 0 1 1 1 1 1 1 2
1 0 0 1 0 0 0 1 0 0
1 0 0 1 0 0 0 1 0 0
1 1 1 1 1 1 1 1 1 1
1 1 0 0 1 0 1 1 0 0
1 1 0 0 1 0 1 1 0 0
1 1 1 1 1 1 1 1 0 0
1 1 1 1 1 1 1 1 1 0
Maze 162
85 18 2.9433962264 2.2352163991 30 0.373333857038534
90 92 67 60 91 22 33 41 44 15 27 73 23 75 68 90
82 62 57 51 21 32 31 400 14 25 23 400 73 65 88
402 402 402 402 402 401 402 400 402 401 402 400 401 402 401
0 0 0 0 0 0 0 0 0 0
0 0 0 1 1 0 0 0 0 0
1 1 1 1 1 1 1 0 0 0
1 1 1 1 0 0 0 0 0 0
1 1 1 1 0 0 0 0 0 0
1 1 1 1 1 1 1 1 1 1
1 1 1 1 1 1 1 1 0 0
1 1 1 1 1 0 0 1 0 0
1 1 1 1 1 1 1 1 1 2
1 1 0 0 0 0 0 0 0 0
Maze 163
81 19 2.8510638298 2.0287996724 35 0.371544517368362
67 43 33 31 67 74 64 52 72 20 50 30 4 87 42 67
63 400 400 61 64 400 62 400 12 400 400 24 84 82 62
401 400 400 401 402 400 401 400 402 400 400 401 401 401 401
0 0 0 1 0 0 0 0 0 0
0 1 1 1 1 1 1 1 1 1
0 1 0 1 1 1 1 1 1 1
1 1 1 1 0 0 0 0 0 1
1 1 1 1 0 0 0 0 0 1
1 1 1 1 0 0 0 0 0 0
1 1 1 1 1 1 2 0 0 0
0 1 0 1 0 0 0 0 0 0
0 1 1 1 1 1 1 0 0 0
0 0 0 0 0 0 0 0 0 0
Maze 164
113 39 3.2121212121 2.2395335576 99 0.405179660086642
64 4 25 20 60 21 100 12 56 89 28 98 86 45 89 64
400 24 15 400 51 91 92 52 86 88 400 96 85 85 84
400 401 402 400 401 401 401 401 401 401 400 401 401 401 401
0 0 0 1 0 0 0 0 0 0
0 1 0 1 1 1 1 1 1 1
1 1 0 1 1 0 0 1 0 1
1 1 0 1 0 0 0 1 0 1
1 1 0 1 1 0 0 1 0 1
1 1 1 1 1 1 1 1 1 1
1 1 0 2 1 1 0 1 0 0
1 1 0 1 1 1 0 1 0 0
1 1 0 1 1 1 1 1 1 0
1 1 1 1 1 1 1 1 1 1
Maze 165
99 122 2.8000000000 2.3148734851 77 0.383366051214348
55 100 32 27 57 89 6 94 81 91 39 29 67 38 5 55
95 92 22 400 87 86 4 91 400 31 400 27 37 35 400
401 401 402 400 401 401 402 401 400 402 400 402 402 401 400
0 0 0 1 1 1 0 0 0 0
0 0 0 1 1 1 0 0 0 0
0 1 1 1 1 1 1 1 1 0
1 1 1 1 1 1 1 1 1 0
1 1 0 1 1 1 1 0 0 0
1 1 0 1 2 1 1 0 0 0
1 1 0 1 1 1 1 0 0 0
1 1 0 1 1 1 1 0 0 0
1 1 0 1 1 1 1 1 1 0
1 1 1 1 1 1 1 1 1 1
Maze 166
107 21 3.1538461538 1.8275597229 55 0.365865155239250
5 82 97 94 5 80 10 40 42 36 12 97 85 97 80 5
2 92 400 4 75 400 400 32 32 32 92 95 95 77 75
402 401 400 402 401 400 400 402 402 401 401 401 401 402 401
0 1 1 1 2 0 0 0 0 1
0 1 0 1 1 0 0 0 0 1
0 1 0 1 1 0 0 0 0 1
0 1 1 1 1 1 1 1 1 1
0 1 0 1 1 0 0 0 0 1
0 1 0 1 1 0 0 0 0 1
0 1 0 1 1 0 0 0 0 1
0 1 0 1 1 1 1 1 1 1
0 1 0 1 1 0 1 0 0 0
0 1 1 1 1 1 1 0 0 0
Maze 167
87 336 2.9259259259 2.1634544791 40 0.404160868341453
37 43 82 35 8 59 80 64 92 24 69 75 29 60 27 37
33 42 32 5 58 79 74 62 22 64 65 25 59 57 400
402 402 402 402 401 401 401 402 402 401 402 402 401 401 400
0 0 0 0 1 1 1 1 0 0
0 0 0 0 1 0 0 1 0 0
0 1 1 1 1 1 1 1 1 0
0 1 1 1 1 1 2 1 1 0
0 1 1 1 1 0 1 1 1 0
0 1 0 1 1 0 1 1 1 1
0 1 1 1 1 1 1 1 1 0
0 1 0 1 1 1 1 1 1 1
0 1 0 0 0 0 0 0 0 0
0 1 0 0 0 0 0 0 0 0
Maze 168
89 196 3.0000000000 2.1771800658 45 0.377278117695170
39 73 71 74 93 65 69 46 81 27 97 45 71 94 87 39
33 400 400 73 63 400 66 41 21 400 95 41 91 84 37
402 400 400 402 402 400 401 402 402 400 401 402 401 402 402
0 0 0 0 0 0 0 0 0 0
0 0 0 0 0 0 0 0 0 0
1 1 1 1 1 1 1 0 0 0
1 0 1 1 1 1 1 1 2 0
1 1 1 1 1 1 1 0 0 0
1 0 1 0 1 1 1 0 0 0
1 0 1 1 1 1 1 1 1 0
1 1 1 1 1 0 1 0 0 0
1 0 1 1 1 1 1 0 0 0
1 1 1 1 1 1 1 0 0 0
Maze 169
109 2614 3.3103448276 2.0789043078 77 0.378568856201748
90 5 42 76 20 33 36 44 76 72 68 82 79 48 22 90
85 2 72 16 13 400 34 74 400 62 62 72 78 42 82
401 402 401 402 402 400 402 401 400 402 402 402 401 401 401
0 1 1 1 1 0 0 0 0 0
0 1 1 1 1 1 1 1 1 1
0 1 1 0 1 1 0 0 0 0
0 1 1 1 1 1 0 0 0 0
0 1 1 1 1 1 1 1 0 0
0 1 0 1 1 1 0 1 0 0
0 1 1 1 1 1 1 1 0 0
0 1 1 1 1 1 1 1 1 0
0 1 1 1 1 1 1 1 1 2
0 0 0 0 0 0 0 0 0 0
Maze 170
109 60 3.4615384615 1.9267893584 74 0.407882574830114
10 49 44 48 12 44 3 94 22 79 64 14 98 42 34 10
9 400 400 42 42 43 93 92 72 74 400 94 92 32 4
402 400 400 401 401 401 401 401 401 401 400 401 401 402 402
0 0 1 1 1 1 1 1 1 2
0 1 1 1 0 0 0 0 1 0
0 1 1 1 0 0 0 0 1 0
0 1 1 1 0 0 0 0 1 0
0 1 1 1 1 1 1 1 1 0
0 1 1 1 0 0 0 0 0 0
0 1 1 1 0 0 0 0 0 0
0 1 1 1 1 1 1 1 1 0
0 1 1 1 0 0 0 0 0 0
0 1 1 1 1 1 1 1 0 0
Maze 171
87 926 2.8571428571 2.2853392385 56 0.402811361671574
72 55 37 77 76 97 3 60 90 42 25 18 86 46 67 72
52 35 400 400 96 93 53 400 82 22 15 16 400 66 62
402 402 400 400 401 401 401 400 401 402 402 402 400 401 402
0 0 1 0 0 0 0 0 0 0
0 0 1 0 1 1 1 1 0 0
0 1 1 1 1 1 0 0 0 0
0 1 1 0 1 1 1 0 0 0
0 1 1 0 1 1 1 0 0 0
0 1 1 1 1 1 1 1 1 1
0 1 1 1 1 1 1 0 0 1
0 2 1 0 0 1 1 0 0 1
0 1 1 1 1 1 1 1 1 1
0 0 1 1 1 1 1 0 0 0
Maze 172
119 2487 3.1803278689 1.9814323891 130 0.382869008285653
95 13 94 10 29 52 44 96 39 82 89 17 33 94 34 95
93 93 4 9 22 42 94 36 32 400 87 13 93 400 94
401 401 402 402 402 402 401 402 402 400 401 402 401 400 401
0 0 0 1 1 1 1 1 1 1
0 0 1 1 1 1 1 0 1 0
0 1 1 1 1 1 1 1 1 0
0 1 1 1 1 1 1 1 1 0
0 1 1 1 0 1 1 0 0 0
0 1 1 1 0 1 1 0 0 0
0 1 1 1 0 1 1 0 0 0
0 1 1 1 0 1 1 0 0 0
0 1 1 1 1 1 1 1 1 0
0 0 1 1 2 1 0 0 0 0
Maze 173
99 42 3.3777777778 1.8230773847 60 0.385001606220467
50 32 36 30 77 23 76 3 3 53 50 26 19 14 61 50
42 400 26 27 73 73 73 400 400 43 46 16 400 11 41
401 400 402 402 401 401 401 400 400 402 401 402 400 402 402
0 0 1 0 0 0 0 0 0 0
1 1 1 1 1 1 1 1 1 0
1 0 1 0 0 1 1 1 1 1
1 1 1 1 1 1 1 0 0 0
1 1 1 1 1 1 1 1 1 2
1 0 1 0 0 0 1 0 0 0
1 0 1 0 0 0 1 0 0 0
0 0 1 1 1 1 1 0 0 0
0 0 0 0 0 0 0 0 0 0
0 0 0 0 0 0 0 0 0 0
Maze 174
93 6477 3.6326530612 2.1359106386 36 0.385195872588091
28 68 92 80 17 86 86 94 86 35 84 29 13 38 88 28
400 62 72 77 16 400 84 84 85 34 24 23 33 400 400
400 402 402 401 402 400 402 402 401 402 402 401 401 400 400
0 0 0 0 0 0 0 0 0 0
0 0 1 0 0 1 1 0 0 0
0 0 1 1 1 1 1 2 1 0
0 0 1 1 1 1 1 1 0 0
0 0 0 1 1 1 1 1 0 0
0 0 0 1 1 1 1 1 0 0
0 1 1 1 1 1 1 1 0 0
0 1 1 1 1 1 1 1 1 1
0 1 0 1 1 1 0 1 0 0
0 1 0 1 0 0 0 0 0 0
Maze 175
87 16 2.7868852459 2.3975909434 31 0.359328361252254
44 33 74 70 21 24 50 18 81 63 76 99 90 97 72 44
43 73 64 61 400 44 48 11 61 73 96 89 87 92 42
401 401 402 401 400 401 401 402 402 401 401 402 402 401 402
0 0 0 0 0 0 0 0 0 0
1 1 1 1 1 1 1 1 0 0
1 1 1 1 0 0 0 1 0 0
1 0 1 1 0 0 0 1 0 0
1 1 1 2 1 1 1 1 1 1
1 1 1 0 0 0 0 0 0 0
1 1 1 1 1 1 1 1 1 1
1 1 1 1 1 1 0 0 0 0
1 1 0 0 0 1 1 1 1 1
0 1 1 1 1 1 1 1 1 0
Maze 176
85 263 2.9019607843 2.1418479094 56 0.417428512704407
61 15 96 53 26 87 55 87 53 70 38 78 54 33 31 61
11 95 93 23 86 85 85 83 63 68 400 74 53 400 400
402 401 401 402 401 401 401 401 401 401 400 401 401 400 400
0 0 0 0 0 0 0 0 0 0
1 1 1 1 1 0 0 0 0 0
1 0 1 1 1 1 0 0 0 0
1 1 1 0 1 1 0 1 0 0
1 0 1 0 1 1 0 1 0 0
1 0 1 1 1 1 0 1 0 0
2 0 1 1 1 1 1 1 1 1
0 0 1 1 1 1 1 1 0 0
0 0 1 1 1 1 1 0 0 0
0 0 1 1 1 1 0 0 0 0
Maze 177
127 369 3.2112676056 2.1841503451 166 0.396714380023749
27 50 59 90 12 100 42 19 87 29 45 8 19 80 91 27
47 49 89 82 92 92 12 17 27 25 5 18 79 71 21
401 402 401 401 401 401 402 402 402 402 402 401 401 402 402
0 0 0 0 1 1 1 1 0 0
0 1 1 1 1 1 1 1 1 0
1 1 1 1 1 1 2 1 1 0
1 1 0 0 1 0 1 0 1 0
1 1 0 0 1 0 1 1 1 1
1 1 0 0 0 0 1 0 1 0
1 1 0 0 0 0 1 0 1 0
1 1 1 1 1 1 1 1 1 1
1 1 1 1 1 1 1 1 1 1
1 1 1 1 1 1 1 1 1 1
Maze 178
69 154 2.9523809524 2.0228874408 13 0.364237969045714
42 38 77 59 58 29 36 68 35 44 92 61 46 69 63 42
32 37 57 400 28 26 66 65 34 42 91 41 66 400 62
402 402 402 400 402 402 401 401 402 402 401 402 401 400 401
0 0 0 0 0 0 0 0 0 0
0 0 0 0 0 0 0 0 0 0
0 0 0 0 0 1 1 1 1 0
0 1 1 1 1 1 1 1 0 0
1 2 1 1 1 1 1 1 0 0
1 1 0 0 1 1 1 1 1 0
1 1 1 1 1 1 1 1 1 0
1 1 0 0 0 0 1 0 0 0
1 1 0 0 0 0 0 0 0 0
1 1 0 0 0 0 0 0 0 0
Maze 179
83 72 2.6785714286 2.1882144605 30 0.384046325750629
43 2 6 8 89 16 51 60 55 73 76 42 6 35 23 43
42 400 400 88 86 11 400 400 53 400 72 2 5 33 400
401 400 400 401 401 402 400 400 402 400 401 402 402 401 400
0 1 1 1 1 1 1 1 0 0
1 1 1 1 1 1 0 1 0 0
1 1 1 0 1 1 0 1 0 0
1 1 1 1 1 1 0 1 0 0
1 1 2 0 0 1 0 1 0 0
1 1 1 1 1 1 1 1 1 1
0 1 1 0 0 1 0 1 0 0
0 1 1 1 1 1 0 1 0 0
0 0 0 0 0 1 1 1 1 0
0 0 0 0 0 0 0 0 0 0
Maze 180
99 63 3.1428571429 2.2254194555 50 0.384519796190130
7 99 75 79 53 46 1 32 45 39 82 28 34 12 31 7
97 95 400 73 43 41 31 42 35 32 22 24 32 11 1
401 401 400 401 402 401 401 401 402 402 402 402 401 402 402
1 1 1 1 1 1 2 0 0 0
1 1 0 0 0 0 1 0 0 0
1 1 1 1 1 1 1 1 0 0
1 1 1 1 1 1 1 1 1 0
1 1 1 1 1 1 1 0 0 0
0 1 1 0 0 0 1 0 0 0
0 1 1 0 0 0 1 0 0 0
0 1 1 1 1 1 1 1 1 0
0 1 0 0 1 0 1 0 0 0
0 0 0 0 1 1 1 1 1 0
Maze 181
95 566 2.8064516129 2.2757243445 64 0.381331443968428
97 2 71 66 54 52 46 19 39 71 79 47 42 14 99 97
92 1 61 64 400 42 16 400 31 400 77 400 12 94 400
401 402 402 401 400 402 402 400 402 400 401 400 402 401 400
1 1 0 0 0 0 0 0 0 0
1 1 1 1 0 1 1 1 1 0
1 1 0 1 0 1 0 0 1 0
1 1 1 1 1 1 1 1 1 0
1 1 1 1 1 1 1 0 0 0
1 1 1 1 0 0 1 0 0 0
1 1 1 1 1 1 1 0 0 0
1 1 1 1 1 1 1 1 1 0
0 1 0 1 0 0 0 0 0 0
0 1 1 1 1 1 2 1 1 0
Maze 182
89 59 3.0588235294 2.0831011958 45 0.379227685393263
79 3 86 6 23 72 92 53 82 61 66 13 30 27 80 79
73 83 400 3 22 400 52 52 81 400 63 23 400 77 400
401 401 400 402 402 400 402 402 401 400 401 401 400 401 400
0 0 1 1 1 1 0 0 0 0
0 0 1 0 0 1 0 0 0 0
0 1 1 1 1 1 1 1 1 1
0 1 1 0 0 1 1 0 0 0
0 1 1 0 0 1 1 0 0 0
0 1 1 0 0 1 1 0 0 0
1 1 1 1 1 1 1 0 0 0
1 1 1 1 1 1 1 1 2 1
1 1 1 1 1 1 0 0 0 0
0 1 0 0 0 0 0 0 0 0
Maze 183
95 349 3.1724137931 2.2757243445 64 0.374887596874739
69 76 86 100 11 50 37 51 66 2 79 38 35 55 56 69
66 400 96 91 41 47 31 61 62 72 78 400 400 400 66
402 400 401 401 401 401 402 401 401 401 401 400 400 400 401
0 1 0 0 0 0 0 0 0 0
1 1 0 0 0 0 0 0 0 0
1 1 0 0 0 0 0 0 0 0
1 1 1 1 1 1 1 1 0 0
1 1 1 1 1 1 1 1 1 1
1 1 0 0 1 1 0 1 0 0
1 1 1 1 1 1 1 1 2 0
1 1 1 1 1 1 1 1 1 0
1 0 0 0 0 1 0 0 0 0
1 1 1 1 1 1 1 1 1 1
Maze 184
103 1469 3.3220338983 2.2458073144 64 0.374400111747645
98 36 37 25 79 38 29 92 23 59 97 88 17 88 51 98
96 400 35 75 78 28 22 22 53 57 87 87 87 81 91
401 400 401 401 401 402 402 402 401 402 402 401 401 401 401
0 0 0 0 0 0 0 0 0 0
0 0 0 0 0 0 1 0 0 0
0 1 1 1 1 1 1 1 1 0
0 1 1 0 1 1 1 1 0 0
0 1 1 0 1 1 1 1 0 0
1 1 1 1 1 1 1 1 1 0
1 1 0 0 1 1 1 1 0 0
1 1 0 0 1 1 1 1 1 0
1 1 1 1 1 1 1 1 0 0
1 1 1 1 1 1 1 2 0 0
Maze 185
113 161 3.2903225806 2.2277880680 86 0.389410373593557
54 82 87 31 81 39 42 99 30 16 57 49 1 46 7 54
52 400 81 400 31 32 92 29 26 56 47 41 41 6 4
402 400 401 400 402 402 401 402 401 401 402 401 401 402 402
1 0 0 1 1 1 1 0 0 0
1 0 0 1 0 1 0 0 0 0
1 0 0 1 0 1 1 1 1 1
1 1 1 1 1 1 1 1 1 0
1 1 1 1 1 1 1 1 1 0
1 1 1 2 0 1 1 0 1 0
1 1 0 0 0 0 0 0 1 0
1 1 0 0 0 0 0 0 1 0
1 1 1 1 1 1 1 0 1 0
0 1 1 1 1 1 1 1 1 0
Maze 186
87 32 3.2765957447 2.2044679714 41 0.381260475077113
71 10 9 11 82 22 40 46 28 16 13 32 61 44 25 71
1 400 1 81 400 32 36 26 26 400 12 31 41 24 21
402 400 402 401 400 401 402 402 401 400 402 402 402 402 402
1 1 1 1 1 1 1 1 1 1
1 1 1 1 1 1 0 0 0 0
1 1 1 1 1 1 1 1 0 0
1 1 1 1 1 1 1 1 1 1
1 1 1 1 0 1 0 0 0 0
1 1 0 0 0 0 0 0 0 0
1 1 0 0 0 0 0 0 0 0
2 1 0 0 0 0 0 0 0 0
1 1 0 0 0 0 0 0 0 0
0 0 0 0 0 0 0 0 0 0
Maze 187
99 24 3.1851851852 2.1603914130 64 0.365674641629581
11 36 60 49 35 71 92 48 28 18 8 9 65 1 99 11
31 56 59 45 31 91 42 400 400 400 400 5 61 91 91
401 401 401 401 402 401 402 400 400 400 400 402 401 401 401
1 0 0 0 1 1 1 1 1 0
2 0 0 0 1 0 0 1 0 0
1 0 0 0 1 0 0 1 0 0
1 1 1 1 1 1 0 1 0 0
1 1 1 1 1 1 1 1 1 0
1 1 0 0 1 1 1 1 1 1
1 1 1 1 1 0 0 0 0 0
1 1 0 0 0 0 0 0 0 0
1 1 0 0 0 0 0 0 0 0
1 1 1 1 1 1 1 1 1 0
Maze 188
85 19 3.1739130435 1.9872811796 45 0.399531655456575
10 43 56 57 42 26 68 95 94 36 47 28 23 58 63 10
3 53 400 52 22 66 65 400 34 46 27 400 53 53 3
402 401 400 401 402 401 402 400 402 401 402 400 401 402 402
0 0 1 1 1 1 1 1 1 2
0 0 1 0 0 0 0 0 0 0
0 1 1 1 1 1 1 1 0 0
0 1 1 1 1 1 1 0 0 0
0 1 1 1 0 1 1 0 0 0
0 1 1 1 1 1 1 1 0 0
0 0 1 1 1 1 1 1 0 0
0 0 0 1 1 0 0 0 0 0
0 0 0 1 1 0 0 0 0 0
0 0 0 1 1 0 0 0 0 0
Maze 189
117 917 3.2413793103 1.9799980319 133 0.399966101107230
43 83 14 84 22 28 4 100 100 42 40 97 13 41 59 43
400 13 400 82 400 24 94 400 92 32 37 93 11 51 53
400 402 400 401 400 401 401 400 401 402 402 401 402 401 401
0 0 0 1 0 0 0 0 0 0
1 1 1 1 0 0 0 0 0 0
1 1 1 1 1 1 1 1 0 0
1 1 1 1 1 1 1 1 1 1
1 1 2 1 0 0 1 0 0 0
1 1 1 1 1 1 1 1 1 0
0 1 1 1 0 0 1 0 0 0
0 1 1 1 0 0 1 0 0 0
0 1 1 1 0 0 1 0 0 0
0 1 1 1 1 1 1 1 1 1
Maze 190
77 28 3.2083333333 2.3162017482 30 0.385076411778190
45 47 34 35 67 58 68 95 91 1 78 92 97 89 82 45
400 44 400 65 57 400 65 400 400 71 72 400 87 400 42
400 401 400 401 402 400 402 400 400 401 402 400 402 400 402
1 0 0 0 0 0 0 0 0 0
1 0 0 0 0 0 0 0 0 0
1 0 0 0 0 0 0 0 0 0
1 0 0 1 1 0 0 0 0 0
1 1 1 1 2 1 1 0 0 0
1 1 0 0 1 0 1 1 0 0
1 1 0 0 1 1 1 1 0 0
1 1 1 1 1 1 1 1 0 0
1 1 1 1 1 1 1 1 1 0
1 1 1 1 1 1 1 0 0 0
Maze 191
111 73 2.8387096774 1.9414041552 105 0.384478259123087
84 17 67 62 12 8 82 56 32 80 38 26 32 8 71 84
14 400 400 400 2 2 52 52 72 78 36 22 2 1 81
402 400 400 400 402 402 402 401 401 401 401 402 402 402 401
1 1 1 1 1 1 1 1 0 0
1 1 0 1 1 1 1 0 0 0
1 1 1 1 1 1 1 0 0 0
1 1 0 1 0 1 1 1 0 0
1 1 0 1 0 0 1 1 0 0
1 1 1 1 1 1 1 1 0 0
1 1 1 1 1 1 1 1 0 0
1 1 1 1 1 1 1 1 1 1
1 1 1 2 0 0 0 0 0 0
0 0 0 0 0 0 0 0 0 0
Maze 192
81 6 3.0222222222 1.9700139426 23 0.379569697555464
35 22 31 64 9 74 82 88 88 36 16 20 74 87 54 35
32 21 61 4 4 72 400 400 86 400 400 14 84 84 34
401 402 401 402 402 402 400 400 401 400 400 402 401 401 402
0 0 0 1 1 1 1 1 1 0
0 0 0 1 1 1 1 1 1 1
1 1 0 1 0 1 0 0 0 0
1 1 1 1 2 1 0 0 0 0
1 0 0 1 0 1 0 0 0 0
1 0 0 1 0 1 0 0 0 0
1 1 1 1 0 1 0 0 0 0
0 1 1 1 0 1 0 0 0 0
0 1 1 1 1 1 1 1 0 0
0 0 0 0 0 0 0 0 0 0
Maze 193
95 22 3.1304347826 1.8619562818 54 0.376938760915529
74 80 51 80 64 39 27 37 61 55 40 8 10 67 81 74
400 71 71 74 34 37 400 31 51 35 38 400 7 61 71
400 401 401 401 402 401 400 402 402 402 401 400 402 402 402
0 0 0 0 0 0 1 1 1 1
0 0 0 0 0 0 1 1 0 0
0 0 0 0 0 0 1 1 0 0
1 1 1 1 1 1 1 1 1 1
1 0 0 1 1 0 1 0 0 0
1 1 1 1 1 0 1 0 0 0
1 1 1 1 1 1 1 0 0 0
1 1 1 2 1 1 1 1 1 1
1 0 0 0 0 0 0 0 0 0
0 0 0 0 0 0 0 0 0 0
Maze 194
119 3112 3.3928571429 1.9786802203 109 0.381847515439118
83 80 25 3 87 31 95 18 71 55 7 44 63 34 88 83
73 75 23 83 81 91 15 11 51 5 4 43 33 84 400
402 401 401 401 401 401 402 402 402 402 402 402 402 401 400
0 0 1 1 1 1 1 0 0 0
1 1 1 1 1 1 1 1 0 0
1 0 1 1 1 0 0 0 0 0
1 0 1 1 1 0 0 0 0 0
1 0 1 1 1 0 0 0 0 0
1 1 1 1 1 0 0 0 0 0
1 0 1 1 1 0 0 0 0 0
1 0 1 1 1 1 1 1 1 1
1 1 2 1 1 1 1 1 0 0
1 1 1 1 1 0 0 0 0 0
Maze 195
95 10 3.5555555556 2.0032876006 56 0.367251806586129
26 31 24 20 14 49 44 43 47 40 20 51 52 7 92 26
21 21 14 400 44 400 400 400 37 400 11 400 2 2 22
402 402 402 400 401 400 400 400 402 400 402 400 402 402 402
0 1 1 1 1 1 1 0 0 0
1 1 1 1 1 1 1 1 1 1
1 1 1 1 1 2 0 0 0 1
1 1 0 1 0 0 1 1 1 1
1 1 1 1 1 1 1 1 1 0
1 1 0 0 0 0 0 0 0 0
0 1 0 0 0 0 0 0 0 0
0 1 0 0 0 0 0 0 0 0
0 1 0 0 0 0 0 0 0 0
0 1 0 0 0 0 0 0 0 0
Maze 196
117 43 3.1147540984 1.9548875482 87 0.404040502178701
21 8 73 52 74 32 86 55 88 2 99 28 5 26 93 21
1 3 72 72 72 82 85 85 82 92 98 25 25 23 91
402 402 401 401 401 401 401 401 401 401 401 401 401 402 401
1 1 1 1 1 1 1 1 0 0
1 1 1 0 1 0 0 0 0 0
2 1 1 1 1 1 1 1 0 0
1 1 1 0 0 0 0 1 0 0
1 1 1 0 0 0 0 1 0 0
1 1 1 0 1 0 0 1 0 0
1 1 1 0 1 0 0 1 0 0
1 1 1 1 1 0 0 1 0 0
1 1 1 1 1 1 1 1 0 0
1 1 1 1 1 1 1 1 1 0
Maze 197
91 189 3.6595744681 2.1567518755 45 0.381654020454926
81 47 78 57 74 47 73 80 92 17 17 42 55 36 25 81
41 77 77 54 44 43 400 72 12 400 12 52 35 35 21
402 401 401 402 402 402 400 402 402 400 402 401 402 401 402
0 0 0 0 0 0 0 0 0 0
0 1 1 1 1 1 1 0 0 0
1 1 1 1 1 0 0 0 0 0
1 1 0 0 1 1 0 0 0 0
1 1 1 1 1 1 1 0 0 0
1 1 1 1 1 1 1 0 0 0
1 1 1 1 0 0 1 0 0 0
1 1 1 1 1 1 1 1 1 1
2 1 0 0 0 0 0 0 0 0
0 1 0 0 0 0 0 0 0 0
Maze 198
103 609 3.0689655172 2.0619818784 54 0.367146195452491
45 15 48 18 94 70 49 75 30 17 45 90 16 91 95 45
400 45 400 14 64 69 45 25 27 15 85 86 11 400 400
400 401 400 402 402 401 402 402 401 402 401 401 402 400 400
0 0 0 0 0 0 0 0 0 0
1 1 1 1 1 1 1 1 0 0
1 0 0 1 1 1 1 1 1 1
1 0 0 1 1 1 0 1 0 0
1 0 0 1 2 1 1 1 1 0
1 0 0 1 1 1 0 0 1 0
1 0 0 1 1 1 1 1 1 1
1 0 0 1 1 1 0 0 0 0
1 0 0 1 1 1 1 1 1 1
1 1 1 1 1 0 0 0 0 0
Maze 199
109 120 3.2786885246 2.2425627421 112 0.382999211709865
82 15 10 75 38 84 89 91 31 73 3 81 89 69 44 82
12 5 5 35 34 400 81 400 71 400 1 400 400 64 42
402 402 402 402 402 400 402 400 401 400 402 400 400 401 402
1 1 1 0 1 1 1 1 1 1
1 1 1 1 1 0 0 0 0 0
1 1 1 0 1 0 0 0 0 0
1 1 1 1 1 1 1 1 0 0
1 1 1 1 1 0 0 0 0 0
1 1 1 1 1 0 0 0 0 0
1 1 1 1 1 1 1 1 1 0
1 1 1 1 1 0 0 0 1 0
1 2 1 1 1 1 1 1 1 0
1 0 0 0 0 0 0 0 0 0
Maze 200
91 519 3.4583333333 2.0831011958 50 0.401681485433517
83 88 53 91 49 96 64 65 98 63 58 95 76 45 15 83
400 83 51 41 46 94 400 95 93 53 55 75 75 400 13
400 401 402 402 402 401 400 401 401 402 402 402 401 400 402
0 0 0 0 0 0 0 0 0 0
0 0 1 1 1 0 0 0 0 0
0 0 1 0 1 0 0 0 0 0
0 0 1 0 1 0 0 0 0 0
1 1 1 1 1 1 1 1 1 0
1 1 1 1 1 1 1 1 0 0
1 0 1 1 1 1 0 0 0 0
1 0 1 1 1 1 0 0 0 0
1 0 2 1 1 1 1 1 0 0
1 0 1 1 1 1 1 1 0 0
