numMazes: 200
mazeSize: 10
Maze 1
77 33 2.6530612245 2.1031694173 23 0.362323644412212
76 67 41 89 98 99 64 68 44 3 12 89 48 54 76 76
66 61 81 88 400 94 400 64 43 2 82 88 44 74 400
402 401 401 402 400 401 400 401 401 402 401 401 402 401 400
0 1 1 0 0 0 0 0 0 0
0 1 1 0 0 0 0 0 0 0
0 1 1 0 0 0 0 0 0 0
0 1 1 0 0 0 0 0 0 0
1 1 1 1 1 1 1 1 0 0
1 1 0 1 0 0 0 1 0 0
1 1 1 1 1 1 1 1 0 0
1 1 0 1 1 2 0 1 0 0
1 1 1 1 1 1 1 1 1 0
0 0 0 1 1 1 1 1 1 0
Maze 2
93 65 2.9230769231 2.0433594885 33 0.390100402863230
100 84 69 86 32 4 85 53 72 24 82 23 44 54 19 100
94 64 66 82 2 84 83 52 22 22 22 43 400 14 99
401 402 402 401 402 401 401 402 402 402 402 401 400 402 401
0 1 1 1 0 0 0 0 0 0
0 1 0 1 1 1 1 1 1 0
0 1 1 1 0 0 0 0 1 0
0 1 1 1 0 0 0 0 1 0
0 1 1 1 0 0 0 0 1 0
0 1 1 1 0 0 0 0 1 0
0 1 1 1 1 1 1 1 1 0
0 1 1 1 0 1 0 0 1 0
0 1 1 1 1 1 0 0 1 0
0 0 0 1 1 1 1 1 1 2
Maze 3
91 3 3.2916666667 2.0097305899 36 0.379183476854062
17 53 9 54 4 50 27 16 42 84 84 88 89 91 83 17
13 3 4 400 44 47 26 12 82 400 400 400 81 81 13
402 402 402 400 401 401 401 402 401 400 400 400 402 402 402
0 0 1 1 1 1 1 1 1 0
0 1 1 1 1 1 2 0 0 0
0 1 1 1 0 1 1 0 0 0
0 1 1 1 0 0 1 0 0 0
0 1 1 1 1 1 1 1 1 1
0 1 1 1 0 0 0 0 0 0
0 1 1 0 0 0 0 0 0 0
0 1 1 0 0 0 0 0 0 0
1 1 1 1 1 1 1 1 1 0
1 0 0 0 0 0 0 0 0 0
Maze 4
95 269 3.4800000000 2.0565098260 77 0.371220222093631
32 60 45 94 96 36 93 23 35 37 22 91 44 89 22 32
52 55 44 400 400 33 400 33 400 32 21 41 84 82 400
401 401 402 400 400 402 400 401 400 401 402 402 401 401 400
0 0 0 0 0 0 0 0 0 0
0 0 0 0 0 0 0 0 0 0
1 1 1 0 0 0 0 0 0 0
1 2 1 1 1 1 1 0 0 0
1 1 1 1 1 1 0 0 0 0
1 1 1 1 1 1 1 1 1 1
1 1 1 1 0 1 0 0 0 0
1 1 1 1 0 1 0 0 0 0
1 1 1 1 1 1 1 1 1 0
1 0 1 1 1 1 0 0 0 0
Maze 5
99 31 3.3846153846 2.0474561397 60 0.398765726154159
12 4 9 9 63 92 71 81 51 74 10 97 37 93 30 12
2 400 400 3 62 91 400 400 71 4 7 400 33 23 22
402 400 400 402 402 401 400 400 401 402 402 400 402 402 401
0 1 1 1 1 1 1 1 1 1
0 2 1 1 0 0 1 0 0 0
0 1 1 1 1 1 1 1 1 1
0 0 1 1 1 1 1 0 0 0
0 0 1 1 0 0 1 0 0 0
1 0 1 1 0 0 1 0 0 0
1 1 1 1 0 0 1 0 0 0
1 1 1 1 0 0 1 0 0 0
1 1 1 0 0 0 1 0 0 0
1 1 1 0 0 0 1 0 0 0
Maze 6
81 158 2.8627450980 2.1198058137 30 0.373339088895205
62 96 17 8 76 64 37 8 16 9 79 71 60 65 64 62
92 16 7 6 74 34 7 6 6 400 400 51 55 400 400
401 402 402 402 401 402 402 402 402 400 400 402 402 400 400
0 0 0 0 0 1 1 1 1 0
0 0 0 0 0 1 1 0 1 0
0 0 0 0 0 1 1 0 1 0
0 0 0 1 1 1 1 0 1 0
0 0 0 1 0 1 0 0 1 0
1 1 1 1 1 1 1 1 1 1
1 2 1 1 1 1 0 0 1 0
1 1 1 1 1 1 1 1 1 0
0 1 0 0 0 1 0 0 0 0
0 1 1 1 1 1 0 0 0 0
Maze 7
99 218 3.0689655172 2.2126880212 54 0.408818204077174
38 3 87 1 19 80 73 85 32 46 38 47 7 47 41 38
33 83 81 11 79 400 83 82 42 36 37 400 400 400 31
401 401 401 401 401 400 401 401 401 402 402 400 400 400 402
1 0 1 0 0 0 1 0 0 0
1 1 1 1 1 1 1 1 1 0
1 0 1 0 0 0 1 0 1 0
1 1 1 1 1 1 1 2 1 0
1 1 1 1 1 1 1 0 1 0
1 1 1 0 0 0 0 0 1 0
1 1 1 0 0 0 0 0 1 0
1 1 1 1 1 1 1 1 1 1
1 1 1 1 1 1 1 0 0 0
0 0 0 0 0 0 0 0 0 0
Maze 8
105 309 3.6000000000 2.0813772350 99 0.372684512847270
88 3 56 96 90 75 25 61 49 35 33 67 91 1 81 88
83 53 400 86 85 400 21 41 45 400 63 61 400 400 400
401 401 400 402 401 400 402 402 401 400 401 402 400 400 400
1 0 1 0 0 0 0 0 0 0
1 0 1 0 0 0 0 0 0 0
1 1 1 1 1 0 0 0 0 0
1 0 1 1 1 0 0 0 0 0
1 1 1 1 1 1 1 1 1 0
1 0 1 1 1 1 0 0 0 0
1 1 1 1 1 1 1 0 0 0
1 0 1 0 1 1 0 0 0 0
1 1 1 1 1 1 1 2 1 1
1 0 0 0 0 1 0 0 0 0
Maze 9
97 163 3.2758620690 2.2694236115 66 0.368368272032188
67 65 86 70 30 8 31 60 56 16 39 76 44 80 3 67
400 85 66 400 28 1 51 400 400 36 36 74 74 73 63
400 401 402 400 401 402 401 400 400 401 402 401 401 401 401
1 1 1 1 1 1 1 1 0 0
1 0 1 0 0 1 0 1 0 0
1 0 1 0 0 1 0 1 1 1
1 0 1 0 0 1 1 1 1 1
1 0 1 1 0 1 0 0 0 1
1 1 1 1 1 1 1 1 1 1
0 0 1 1 1 1 2 1 1 1
0 0 1 1 1 1 1 1 1 1
0 0 0 0 1 1 0 0 0 0
0 0 0 0 0 0 0 0 0 0
Maze 10
113 16651 3.2000000000 2.1730107613 112 0.384047904455328
16 82 39 85 54 8 83 32 51 49 55 89 79 61 69 16
12 32 35 84 4 3 82 31 41 45 85 400 71 400 66
402 402 402 401 402 402 401 402 402 402 401 400 401 400 401
0 0 1 1 1 1 1 1 0 0
0 1 1 1 1 2 0 0 0 0
0 1 1 1 0 1 0 0 0 0
1 1 1 1 1 1 1 1 1 0
1 1 1 1 1 1 1 1 1 0
1 1 1 1 1 1 0 0 0 0
1 1 1 1 1 1 1 1 1 0
1 1 1 1 1 1 1 1 1 0
0 1 1 1 1 1 1 1 1 0
0 0 0 0 0 0 0 0 0 0
Maze 11
101 13 3.3333333333 1.9421494919 71 0.374103922739891
64 92 78 16 40 22 48 11 2 72 26 50 6 97 77 64
62 72 76 36 32 42 41 1 400 22 46 46 96 400 74
402 402 401 401 401 401 401 402 400 402 401 401 401 400 401
1 1 0 0 0 1 0 0 0 0
1 1 0 0 0 1 0 0 0 0
1 1 1 1 1 1 0 0 0 0
1 1 1 1 1 1 1 1 1 1
1 1 1 1 1 1 1 1 1 1
0 1 0 0 0 1 0 0 0 0
0 1 1 2 0 1 0 0 0 0
0 1 1 1 1 1 1 1 0 0
0 1 0 0 0 1 1 0 0 0
0 1 0 0 0 1 1 0 0 0
Maze 12
105 60 3.1272727273 2.0344051460 87 0.370123135011306
87 16 77 35 29 16 87 26 62 79 27 45 10 71 67 87
86 76 75 25 26 86 86 22 72 77 25 5 1 61 400
401 401 401 402 401 401 401 402 401 401 402 402 402 402 400
1 1 1 1 1 1 1 1 1 1
1 0 0 0 1 1 0 0 0 0
1 1 1 1 1 1 1 1 1 0
1 1 0 0 1 1 1 0 0 0
1 1 0 0 1 1 1 0 0 0
1 1 0 0 1 1 1 0 0 0
1 1 1 1 1 1 1 0 0 0
1 1 1 1 1 1 1 1 1 0
0 0 0 0 0 1 2 0 0 0
0 0 0 0 0 0 0 0 0 0
Maze 13
89 931 2.7868852459 2.3230336243 50 0.378443222047651
60 99 42 74 87 38 24 62 65 28 69 33 63 71 23 60
59 92 72 84 37 34 22 400 25 68 63 400 61 21 53
402 401 401 401 402 401 402 400 402 401 401 400 402 402 401
0 0 0 0 0 0 0 0 0 0
0 0 0 0 0 0 0 0 0 0
1 1 1 1 1 1 1 1 0 0
1 1 1 1 1 1 1 1 0 0
1 1 1 0 1 0 1 1 0 0
1 1 1 1 1 1 1 1 1 2
1 1 1 1 1 1 1 1 1 0
1 1 1 1 0 0 1 0 1 0
0 1 0 1 1 1 1 0 1 0
0 1 1 1 1 1 1 1 1 0
Maze 14
89 177 2.9600000000 2.0876399738 56 0.387773300709560
85 64 15 37 73 70 100 34 42 35 88 96 22 65 43 85
84 14 35 33 63 400 94 32 32 85 86 92 62 63 83
401 402 401 402 402 400 401 402 402 401 402 401 401 401 401
0 0 0 0 0 0 0 0 0 0
0 0 0 1 1 0 0 0 0 0
0 1 0 1 1 0 0 0 0 0
0 1 1 1 1 1 1 0 0 0
0 1 1 1 1 0 0 0 0 0
0 1 1 1 1 0 0 0 0 0
0 1 1 1 1 1 1 1 1 1
0 1 1 1 1 0 0 0 0 1
0 1 1 1 2 1 1 1 0 1
0 1 1 1 1 1 1 1 1 1
Maze 15
105 201 2.7333333333 1.9811992235 105 0.372540135499685
88 5 3 9 4 95 8 80 45 53 27 10 62 53 71 88
85 400 400 400 94 5 78 75 43 23 7 2 52 51 81
401 400 400 400 401 402 401 401 402 402 402 402 402 402 401
0 1 1 1 1 1 1 1 1 1
0 1 0 1 1 0 1 1 0 0
0 1 1 1 1 1 1 1 0 0
0 1 1 1 1 0 0 1 0 0
0 1 1 1 1 0 0 1 0 0
1 1 1 1 1 0 0 1 0 0
1 1 0 1 1 0 0 1 0 0
1 0 0 1 1 1 1 1 1 1
1 1 1 1 1 1 1 2 0 0
0 0 0 1 1 0 0 0 0 0
Maze 16
107 447 3.6140350877 2.2131221382 105 0.385886879903232
72 12 25 95 29 32 37 11 72 90 6 45 3 32 58 72
400 22 400 25 22 400 31 71 82 86 5 43 2 52 52
400 401 400 402 402 400 401 401 401 401 402 401 402 401 402
0 1 1 0 1 1 0 0 0 0
1 1 1 0 1 1 0 0 0 0
1 1 1 1 1 1 1 1 1 0
1 1 1 1 1 1 1 0 0 0
1 1 1 1 1 1 0 0 0 0
1 1 1 1 1 1 1 1 0 0
1 1 0 0 1 1 0 0 0 0
1 2 0 0 1 1 0 0 0 0
0 1 1 1 1 1 1 1 1 1
0 0 0 0 1 0 0 0 0 0
Maze 17
105 105 3.2000000000 2.0675947945 76 0.377014526940127
34 63 49 84 78 59 100 24 91 74 87 44 31 99 72 34
33 43 44 74 58 99 94 21 71 84 84 41 91 92 32
402 402 402 402 402 401 401 402 402 401 401 401 401 401 402
0 0 0 0 0 0 0 0 0 0
0 0 0 0 0 0 0 0 0 0
1 1 1 1 0 0 0 0 0 0
1 1 1 2 0 0 0 0 0 0
1 1 1 1 1 1 1 1 1 0
1 1 1 1 0 0 0 1 1 0
1 1 1 1 0 0 0 1 1 0
1 1 1 1 1 1 1 1 1 0
1 1 0 1 1 1 1 0 1 0
1 1 1 1 1 1 1 1 1 1
Maze 18
113 24 3.7826086957 1.8984398466 70 0.409144748863612
18 61 16 41 68 92 44 76 94 96 61 92 58 44 92 18
11 11 11 61 62 42 74 74 400 91 91 52 54 42 12
402 402 402 401 402 402 401 402 400 401 401 402 401 402 402
0 0 0 0 0 0 0 0 0 0
1 1 1 1 1 1 1 2 0 0
1 1 0 0 0 0 0 0 0 0
1 1 0 0 0 0 0 0 0 0
1 1 1 1 0 0 0 0 0 0
1 1 1 1 1 1 1 1 0 0
1 1 1 1 1 1 1 1 0 0
1 1 0 1 1 1 0 0 0 0
1 1 0 1 0 0 0 0 0 0
1 1 1 1 1 1 0 0 0 0
Maze 19
119 72 3.3220338983 2.0430907776 123 0.384923286775201
65 5 34 74 1 100 71 8 72 84 24 89 100 33 43 65
400 4 400 71 91 91 1 2 82 400 84 99 93 400 63
400 402 400 401 401 401 402 402 401 400 401 401 401 400 401
1 1 1 1 1 1 1 1 0 0
1 1 0 1 1 0 0 0 0 0
1 1 0 1 1 0 0 0 0 0
1 1 1 1 1 0 0 0 0 0
1 1 1 1 1 0 0 0 0 0
1 1 1 1 1 0 0 0 0 0
1 1 1 1 2 0 0 0 0 0
1 1 1 1 0 0 0 0 0 0
1 1 1 1 1 1 1 1 1 0
1 1 1 1 1 1 1 1 1 1
Maze 20
117 3934 3.3015873016 2.1592585377 148 0.393373251476284
8 68 71 39 87 42 23 89 44 3 93 46 27 82 94 8
400 61 31 37 82 22 83 84 43 400 43 26 22 92 4
400 402 402 402 401 402 401 401 401 400 402 402 402 401 402
0 0 1 1 1 1 1 2 0 0
0 0 1 1 0 0 0 1 0 0
0 1 1 1 1 1 1 1 0 0
1 1 1 1 1 1 1 1 1 0
1 1 1 1 1 1 1 1 0 0
1 1 1 1 0 0 1 1 0 0
1 1 1 1 1 1 1 1 0 0
1 1 1 1 0 0 1 0 0 0
0 1 1 1 1 1 1 1 1 0
0 1 1 1 0 0 0 0 0 0
Maze 21
91 66 3.1153846154 2.0785037691 50 0.384872161709582
8 25 48 10 71 23 76 44 35 16 69 26 6 42 35 8
5 45 8 1 21 73 74 34 15 66 66 400 2 32 5
402 401 402 402 402 401 401 402 402 401 401 400 402 402 402
1 1 1 1 1 1 1 2 1 1
1 1 0 0 1 1 0 1 0 0
1 1 1 0 1 1 0 1 0 0
1 1 1 1 1 1 0 1 0 0
1 1 1 1 1 1 1 1 0 0
1 0 1 1 0 1 0 0 0 0
1 0 1 1 0 1 1 1 1 0
1 0 1 1 1 1 0 0 0 0
0 0 0 0 0 0 0 0 0 0
0 0 0 0 0 0 0 0 0 0
Maze 22
103 344 3.2142857143 2.0459614419 59 0.370418373289943
65 93 70 26 78 19 42 78 29 65 49 68 83 21 56 65
63 63 66 76 18 12 72 28 25 45 48 63 81 51 55
402 402 401 401 402 402 401 402 402 402 402 402 401 401 402
0 0 0 0 0 0 0 0 0 0
0 1 1 1 1 1 1 1 1 0
1 1 0 0 1 1 1 1 1 0
1 1 0 0 1 1 0 1 0 0
1 1 0 0 1 1 1 1 1 0
1 1 1 1 1 1 0 1 0 0
1 1 1 1 2 1 1 1 1 1
1 1 1 1 1 1 1 1 0 0
1 1 1 0 0 0 0 0 0 0
0 0 1 0 0 0 0 0 0 0
Maze 23
101 57 3.1785714286 2.0891132189 71 0.388438911214219
12 30 37 49 40 52 37 41 56 62 83 60 7 100 64 12
22 27 47 39 32 32 31 51 52 82 53 57 97 94 62
401 402 401 402 402 402 402 401 402 401 402 401 401 401 401
0 0 0 0 0 0 1 0 0 0
0 2 0 0 0 0 1 0 0 0
0 1 1 1 1 1 1 1 1 1
1 1 1 1 1 1 1 1 1 1
1 1 0 0 0 0 1 1 1 0
1 1 1 1 1 1 1 1 1 1
0 1 1 1 0 0 1 0 0 0
0 1 1 1 0 0 1 0 0 0
0 1 1 1 0 0 1 0 0 0
0 0 0 1 1 1 1 1 1 1
Maze 24
97 119 3.0357142857 2.1547848641 59 0.373977495768777
16 15 66 9 48 81 75 18 21 68 97 68 81 96 97 16
400 65 6 8 41 71 15 11 61 67 67 61 91 400 96
400 401 402 402 402 402 402 402 401 402 402 402 401 400 401
0 0 0 0 0 1 1 1 1 0
1 1 1 1 1 2 1 1 0 0
1 0 0 0 1 1 0 1 0 0
1 0 0 0 1 1 0 1 0 0
1 1 1 1 1 1 1 1 0 0
1 0 0 0 1 1 0 0 0 0
1 1 1 1 1 1 1 1 0 0
1 1 1 1 1 1 1 0 0 0
1 0 0 0 0 1 1 0 0 0
1 1 1 1 1 1 1 0 0 0
Maze 25
79 33 3.0612244898 2.2073402913 30 0.379009497576250
8 40 40 68 75 27 38 8 62 78 67 88 20 5 43 8
38 400 38 65 25 37 400 2 72 77 87 18 15 3 3
401 400 402 402 402 401 400 402 401 401 401 402 401 402 402
0 1 1 1 1 1 1 2 0 0
0 1 1 0 1 1 1 1 1 1
0 1 1 0 1 1 1 1 0 0
0 1 1 0 1 0 1 1 1 1
0 1 1 0 1 0 0 1 0 0
0 1 0 0 1 0 0 1 0 0
0 1 0 0 1 1 1 1 0 0
0 1 1 1 1 1 1 1 0 0
0 0 0 0 0 0 1 1 0 0
0 0 0 0 0 0 0 0 0 0
Maze 26
83 7 3.1250000000 2.1560348361 26 0.401358312707247
11 5 6 78 75 66 61 61 84 25 7 50 26 100 6 11
1 400 76 400 65 400 400 81 24 5 47 46 96 96 1
402 400 401 400 402 400 400 401 402 402 401 401 401 401 402
1 1 1 1 1 1 1 0 0 0
2 0 0 0 1 1 1 0 0 0
0 0 0 1 1 1 1 0 0 0
0 0 0 1 0 1 1 0 0 0
0 0 0 1 0 1 1 1 1 1
0 0 0 1 0 1 0 0 0 0
1 1 1 1 1 1 0 0 0 0
1 0 0 1 1 1 1 1 0 0
1 1 1 1 0 1 0 0 0 0
0 0 0 0 0 1 1 1 1 1
Maze 27
89 13 2.7142857143 2.0673024749 39 0.401670813280023
6 52 17 13 93 32 39 49 56 24 33 97 31 3 1 6
2 12 400 400 92 400 400 46 54 23 93 91 1 400 400
402 402 400 400 401 400 400 402 401 402 401 401 402 400 400
1 1 1 1 1 2 0 0 0 0
1 1 1 1 1 1 1 0 0 0
1 1 1 1 0 0 0 0 0 0
1 1 1 1 1 1 1 1 1 0
1 1 1 1 0 1 1 1 1 0
1 1 1 1 1 1 0 0 0 0
1 1 1 0 0 0 0 0 0 0
1 1 1 0 0 0 0 0 0 0
1 1 1 0 0 0 0 0 0 0
1 1 1 1 1 1 1 0 0 0
Maze 28
89 22 2.9615384615 2.1743949138 25 0.374369615179942
68 81 74 44 45 45 63 91 85 76 1 98 78 19 11 68
61 71 400 400 400 43 61 81 75 71 91 400 18 400 61
402 402 400 400 400 402 402 402 402 401 401 400 402 400 401
1 0 0 0 0 0 0 0 0 0
1 1 1 1 1 1 1 1 1 0
1 0 0 0 0 0 0 1 0 0
1 0 0 0 0 0 0 1 0 0
1 0 1 1 1 0 0 1 0 0
1 0 1 1 0 0 0 1 0 0
1 1 1 1 1 1 1 2 0 0
1 1 1 1 1 1 0 1 0 0
1 1 1 1 1 0 0 1 0 0
1 1 1 1 1 1 1 1 0 0
Maze 29
109 53 3.0714285714 2.0515663646 91 0.386360114111723
77 8 56 4 6 81 84 55 92 1 38 21 89 34 36 77
7 6 54 400 1 400 54 52 91 31 31 81 84 400 76
402 402 401 400 402 400 402 402 401 401 401 401 401 400 401
1 1 1 1 1 1 1 1 0 0
1 0 0 1 0 1 1 0 0 0
1 0 0 1 0 1 1 0 0 0
1 1 1 1 1 1 1 1 0 0
1 0 0 1 0 1 1 0 0 0
1 1 1 1 1 1 1 0 0 0
1 1 0 1 0 1 1 0 0 0
1 1 0 1 0 1 2 0 0 0
1 1 1 1 1 1 1 1 1 0
1 1 0 0 0 0 0 0 0 0
Maze 30
131 255 3.4333333333 2.0427806414 147 0.394963853999055
41 81 31 58 64 99 11 100 28 21 70 99 24 50 12 41
400 400 51 54 94 91 91 98 400 61 69 94 44 42 11
400 400 401 402 401 401 401 401 400 401 402 401 401 401 402
0 0 0 0 0 0 0 0 0 0
1 1 0 0 0 0 0 0 0 0
1 1 1 1 1 1 1 1 0 0
1 1 0 1 0 0 0 1 0 0
2 1 1 1 1 1 1 1 1 1
1 1 1 1 1 1 1 1 0 0
1 1 1 1 1 1 1 1 1 1
1 0 0 1 0 0 0 1 1 0
1 0 0 1 0 0 0 1 1 0
1 1 1 1 1 1 1 1 1 1
Maze 31
103 70 3.1836734694 1.9120158967 53 0.391963746501790
28 20 83 5 75 55 6 90 20 26 20 66 45 69 33 28
18 13 3 400 400 5 86 400 16 16 16 65 65 63 23
402 402 402 400 400 402 401 400 402 402 402 401 401 401 402
0 0 1 1 1 1 0 0 0 0
0 0 1 1 1 1 1 1 1 1
0 0 1 1 1 1 1 2 0 1
0 0 1 0 1 1 0 0 0 1
0 0 1 0 1 1 0 0 0 1
0 0 1 0 1 1 0 0 0 1
0 0 1 1 1 1 1 1 1 1
0 0 1 0 1 1 0 0 0 1
0 0 1 0 0 1 1 1 1 1
0 0 0 0 0 0 0 0 0 0
Maze 32
103 22 3.2000000000 2.0842658187 40 0.395671816265849
51 25 9 51 82 63 61 41 63 99 27 61 17 42 27 51
21 5 1 81 62 400 400 61 93 97 21 11 12 22 21
402 402 402 401 402 400 400 401 401 401 402 402 402 402 402
1 1 1 1 1 1 1 1 1 0
1 1 1 1 1 1 1 0 0 0
1 1 1 1 1 1 1 0 0 0
1 1 0 0 0 0 1 0 0 0
1 1 0 0 0 0 1 0 0 0
2 0 0 0 0 0 1 0 0 0
1 1 1 0 0 0 1 0 0 0
1 1 1 0 0 0 1 0 0 0
1 1 1 0 0 0 1 0 0 0
0 0 1 1 1 1 1 1 1 0
Maze 33
125 91 3.6896551724 2.1377597304 201 0.390125445616385
12 91 39 56 26 83 38 17 75 30 76 41 78 92 7 12
11 31 36 400 23 33 37 15 25 26 71 71 72 2 2
402 402 402 400 402 402 401 402 402 402 401 401 402 402 402
0 1 1 1 1 1 1 0 0 0
1 2 0 0 1 1 1 0 0 0
1 1 1 1 1 1 1 1 1 1
1 1 1 1 1 1 1 1 1 0
1 1 1 0 1 1 0 0 0 0
1 1 1 0 1 1 0 0 0 0
1 1 1 0 1 1 0 0 0 0
1 1 1 1 1 1 1 1 0 0
1 1 1 0 0 0 0 0 0 0
1 1 0 0 0 0 0 0 0 0
Maze 34
113 24 3.1724137931 1.9820013896 90 0.371527284213540
56 93 67 95 93 18 23 19 71 21 96 98 39 92 22 56
53 63 65 400 13 13 13 11 400 91 400 38 32 400 52
402 402 402 400 402 402 402 402 400 401 400 402 402 400 401
0 0 0 0 0 0 0 0 0 0
1 1 1 1 1 1 1 1 1 0
1 1 1 0 0 0 0 0 0 0
1 1 1 1 1 1 1 1 1 0
1 1 1 0 0 0 0 1 0 0
1 1 1 1 1 2 0 1 0 0
1 1 1 1 1 1 1 1 0 0
1 1 1 0 1 0 0 1 0 0
1 1 1 0 1 0 0 1 0 0
1 1 1 1 1 1 1 1 0 0
Maze 35
119 18 2.9714285714 2.2045460114 139 0.369965286579528
33 27 99 50 39 97 19 86 24 62 30 77 1 61 96 33
23 97 49 49 37 17 16 84 22 22 27 71 400 91 93
402 401 402 401 402 402 402 401 402 402 402 401 400 401 401
1 0 0 0 0 0 0 0 0 0
1 0 0 0 0 1 1 1 1 0
1 1 1 1 1 1 1 1 1 1
1 1 2 1 0 1 1 1 1 0
1 1 1 1 0 1 1 0 1 1
1 1 1 1 0 1 1 0 1 0
1 1 1 1 0 1 1 0 1 0
1 1 1 1 1 1 1 0 1 0
1 0 1 1 1 1 1 0 1 0
1 1 1 1 1 1 1 1 1 0
Maze 36
117 165 3.4576271186 2.1694379250 139 0.382385251785590
44 97 98 92 36 93 20 76 40 81 11 38 68 11 22 44
94 400 400 32 33 13 16 36 31 400 31 400 61 21 42
401 400 400 402 402 402 402 402 402 400 401 400 401 401 401
0 0 0 0 0 0 0 0 0 0
1 0 1 1 1 1 1 1 1 1
1 1 1 0 0 1 0 0 0 0
1 1 1 1 1 1 1 1 1 1
1 1 1 2 0 1 0 1 0 0
1 1 1 1 0 1 0 1 0 0
1 1 1 1 1 1 1 1 0 0
1 1 1 1 0 1 0 0 0 0
1 1 1 1 0 0 0 0 0 0
0 1 1 1 1 1 1 1 0 0
Maze 37
91 183 2.7857142857 2.1446459614 40 0.373414581469341
53 23 59 97 66 34 93 96 7 82 74 50 76 64 14 53
400 53 57 96 64 33 400 6 2 72 44 46 74 400 13
400 401 402 401 401 402 400 402 402 402 402 402 401 400 402
0 1 1 1 1 1 1 0 0 0
0 1 1 1 0 1 0 0 0 0
0 1 1 1 0 1 0 0 0 0
0 1 1 1 0 1 0 0 0 0
0 1 1 1 1 1 1 1 1 1
0 1 2 1 1 1 1 1 1 0
0 1 1 1 1 1 1 0 0 0
0 1 1 1 1 1 1 0 0 0
0 1 1 0 0 1 1 0 0 0
0 0 1 1 1 1 1 0 0 0
Maze 38
101 23 3.0800000000 1.8439066844 64 0.372402503040299
86 88 48 2 5 8 62 12 2 70 31 83 6 51 82 86
400 400 42 400 400 2 400 400 62 61 81 3 1 81 400
400 400 401 400 400 402 400 400 401 401 401 402 402 401 400
1 1 1 1 1 1 1 1 0 0
1 1 1 0 0 0 0 0 0 0
1 1 1 0 0 0 0 0 0 0
1 1 1 0 0 0 0 0 0 0
1 1 1 1 1 1 1 1 0 0
1 1 1 0 0 0 0 1 0 0
1 1 1 1 1 1 1 1 1 1
1 0 1 0 0 0 0 1 0 0
1 1 1 1 1 2 1 1 0 0
0 0 0 0 0 0 0 0 0 0
Maze 39
119 595 3.2580645161 2.1439433693 126 0.399360225654058
32 24 76 2 33 91 66 39 93 54 3 89 10 74 38 32
22 74 72 32 31 61 36 33 53 53 83 9 4 34 400
402 401 401 401 402 402 402 402 402 401 401 402 402 402 400
0 1 1 1 1 1 1 1 1 1
0 1 1 1 0 0 0 0 1 0
0 1 1 1 0 0 0 0 1 0
1 2 1 1 1 1 1 1 1 0
1 1 1 1 0 1 0 0 1 0
1 1 1 1 0 1 0 0 1 0
1 1 1 1 1 1 0 0 1 0
1 1 1 1 1 1 0 0 1 0
1 0 1 1 1 1 1 1 1 0
1 0 1 0 0 0 0 0 0 0
Maze 40
125 664 3.3142857143 2.2802770458 162 0.391470577674313
59 40 13 95 20 91 45 64 78 21 9 75 30 26 34 59
39 33 93 15 11 41 44 74 71 1 5 25 400 24 54
402 401 401 402 402 402 402 401 401 402 402 402 400 402 401
1 1 1 1 1 1 1 1 1 0
1 1 1 1 1 1 1 1 1 1
1 0 1 1 1 1 1 1 1 1
1 0 1 1 1 1 1 1 1 1
1 1 1 1 1 0 0 0 1 0
1 0 1 1 1 1 1 1 2 0
1 0 1 1 1 0 0 0 0 0
1 1 1 1 1 1 1 1 0 0
1 0 1 0 1 0 0 0 0 0
1 0 1 1 1 0 0 0 0 0
Maze 41
113 1180 3.3333333333 2.1010616463 105 0.392538737566371
4 41 30 61 68 16 51 43 85 39 25 59 31 33 59 4
1 21 21 400 66 11 41 83 35 35 55 51 400 53 54
402 402 402 400 401 402 402 401 402 401 401 401 400 401 401
1 1 1 2 0 0 0 0 0 0
1 1 1 1 1 1 0 0 0 0
1 1 1 1 1 1 1 1 1 1
1 1 1 1 1 1 1 1 1 0
1 1 1 1 1 1 0 0 0 0
1 1 1 1 1 1 1 1 1 0
1 1 1 1 1 1 1 1 0 0
0 0 1 0 1 0 0 0 0 0
0 0 1 1 1 0 0 0 0 0
0 0 0 0 0 0 0 0 0 0
Maze 42
73 34 3.0212765957 2.2428549213 20 0.415996157186601
11 41 35 95 23 74 95 86 69 76 18 17 77 59 44 11
400 31 400 93 73 94 85 66 66 16 400 400 57 54 41
400 402 400 401 401 401 402 402 402 402 400 400 402 401 401
0 0 0 0 0 0 0 0 0 0
2 0 0 0 0 1 1 1 0 0
1 0 1 0 0 1 1 0 0 0
1 1 1 1 1 1 1 0 0 0
1 1 1 1 1 1 1 0 0 0
0 0 1 1 1 1 1 1 1 0
0 0 1 0 1 1 1 1 1 0
0 0 1 1 1 1 1 0 0 0
0 0 1 1 1 1 0 0 0 0
0 0 1 1 1 0 0 0 0 0
Maze 43
123 124 3.4385964912 1.9502030584 110 0.380081465456911
61 49 21 6 8 18 79 52 1 9 41 79 22 97 27 61
41 41 1 400 400 78 72 51 400 1 71 72 92 400 21
402 401 402 400 400 401 401 401 400 402 401 401 401 400 402
1 1 1 1 1 1 1 1 1 0
1 0 0 0 0 0 0 1 0 0
1 1 1 1 1 1 1 1 0 0
1 1 0 0 0 0 1 1 0 0
1 1 1 1 1 1 1 1 1 0
1 1 0 0 0 0 1 1 0 0
2 1 0 0 0 0 1 1 0 0
1 1 1 1 1 1 1 1 1 0
0 1 0 0 0 0 1 0 0 0
0 1 1 1 1 1 1 0 0 0
Maze 44
77 24 3.4358974359 1.9652566686 35 0.402996780155068
14 4 74 14 45 51 4 40 49 75 38 35 33 50 29 14
400 400 400 44 41 1 34 39 45 35 400 400 43 49 24
400 400 400 401 402 402 401 402 402 402 400 400 401 401 401
1 1 1 1 0 0 0 0 0 0
1 0 0 2 0 0 0 0 0 0
1 0 0 1 1 1 1 1 1 0
1 0 1 1 1 1 1 1 1 1
1 1 1 1 1 1 1 1 1 1
1 0 0 1 1 0 0 0 0 0
0 0 0 1 1 0 0 0 0 0
0 0 0 1 1 0 0 0 0 0
0 0 0 0 0 0 0 0 0 0
0 0 0 0 0 0 0 0 0 0
Maze 45
99 320 2.9687500000 2.3129398117 77 0.378836470935965
65 12 16 40 66 19 60 6 7 97 14 83 87 31 73 65
62 400 36 36 16 59 56 400 400 94 13 400 81 71 63
401 400 401 402 402 401 401 400 400 401 402 400 401 401 402
0 0 0 0 0 1 1 0 0 0
0 1 1 1 1 1 1 1 1 0
0 1 1 1 0 1 1 0 1 0
1 1 1 1 0 1 1 1 1 1
1 1 1 1 0 1 1 0 1 0
1 1 1 1 0 1 1 1 1 1
1 1 1 1 2 1 1 0 0 0
1 1 1 1 0 0 1 0 0 0
1 1 1 1 1 1 1 0 0 0
0 0 0 1 1 1 1 0 0 0
Maze 46
109 176 3.0508474576 2.1567280784 65 0.367812391648073
1 90 70 65 20 26 72 47 45 92 19 15 31 75 34 1
81 400 400 15 16 22 42 400 42 12 400 11 71 74 31
401 400 400 402 402 402 402 400 402 402 400 402 401 401 401
2 0 0 0 0 0 0 0 0 0
1 1 1 1 1 1 1 1 1 1
1 1 1 1 1 1 0 0 0 0
1 1 1 1 1 0 0 0 0 0
1 1 1 1 1 1 1 0 0 0
1 1 0 1 1 0 0 0 0 0
1 1 0 1 1 1 1 1 1 1
1 1 1 1 1 0 0 0 0 1
1 1 1 1 1 1 1 1 1 1
0 1 0 0 0 0 0 0 0 0
Maze 47
103 27 3.1785714286 2.2126112110 48 0.390131019267111
43 40 44 42 38 11 70 100 72 61 9 5 93 45 32 43
33 34 400 32 31 61 400 92 71 1 400 3 43 42 42
402 402 400 402 401 401 400 401 401 402 400 402 402 401 401
1 1 1 1 1 1 1 1 1 0
1 0 1 0 0 0 0 0 0 0
1 0 1 0 0 0 0 0 0 0
1 1 1 1 1 1 1 1 1 1
1 1 2 1 1 0 0 0 0 0
1 0 1 0 0 0 0 0 0 0
1 1 1 1 1 1 1 1 1 1
1 1 1 0 0 0 0 0 0 1
0 1 1 0 0 0 0 0 0 1
0 1 1 1 1 1 1 1 1 1
Maze 48
81 311 3.0612244898 2.1263679275 23 0.390459760744120
41 24 88 88 68 25 65 79 85 39 96 31 45 25 12 41
21 84 400 400 65 400 75 75 35 36 91 41 400 22 11
402 401 400 400 401 400 401 402 402 402 401 401 400 401 402
0 0 0 0 0 0 0 0 0 0
1 1 0 0 0 0 0 0 0 0
1 1 1 1 1 0 0 0 0 0
1 0 0 1 1 1 1 1 1 0
2 1 1 1 1 1 0 0 0 0
1 0 0 1 1 1 0 0 0 0
1 0 0 1 1 1 1 1 0 0
1 0 0 1 1 1 1 1 1 0
1 0 0 1 1 1 1 1 0 0
1 1 1 1 1 1 0 0 0 0
Maze 49
83 678 2.7118644068 2.3807049908 26 0.353042658627395
91 34 40 9 25 29 16 54 77 57 38 7 72 85 68 91
31 400 39 5 400 26 14 74 400 37 37 2 82 65 61
402 400 401 402 400 401 402 401 400 402 401 402 401 402 402
0 1 1 1 1 1 1 1 1 0
0 1 0 1 1 1 1 0 1 0
0 1 0 1 1 1 1 1 1 0
1 1 1 1 1 1 1 1 1 1
1 1 0 1 0 0 1 0 0 0
1 1 0 1 0 0 1 0 0 0
1 1 1 1 1 1 1 1 0 0
1 1 0 1 1 1 1 0 0 0
1 1 1 1 1 0 0 0 0 0
2 0 0 0 0 0 0 0 0 0
Maze 50
105 64 3.2941176471 2.0022881626 98 0.382711878337536
15 85 70 27 54 50 61 20 95 43 45 68 45 26 67 15
400 65 67 24 44 41 11 15 93 400 65 65 25 66 65
400 402 401 402 402 402 402 402 401 400 401 401 402 401 401
0 0 0 0 0 0 0 0 0 0
1 1 1 1 2 1 1 1 1 1
1 0 0 1 1 1 1 0 0 0
1 0 0 1 1 1 1 0 0 0
1 1 1 1 1 1 1 1 1 1
1 0 1 1 1 1 1 0 0 0
1 0 1 0 1 1 1 1 1 1
0 0 1 0 1 0 0 0 0 0
0 0 1 0 1 0 0 0 0 0
0 0 1 1 1 0 0 0 0 0
Maze 51
99 124 3.2692307692 2.0789205828 64 0.372331746789477
87 95 100 47 26 5 16 62 19 95 12 30 19 74 47 87
85 400 97 46 25 15 12 12 15 92 22 29 14 44 400
402 400 401 401 401 401 402 402 402 401 401 401 402 402 400
0 0 0 0 1 0 0 0 0 0
0 1 1 1 1 1 1 1 1 0
0 1 1 1 1 1 1 1 1 1
0 1 0 1 1 1 0 0 0 0
0 1 0 1 1 1 1 0 0 0
0 1 0 1 1 0 1 0 0 0
0 1 0 1 1 0 1 0 0 0
0 1 0 1 1 0 1 0 0 0
0 1 0 0 1 1 2 0 0 0
0 1 1 1 1 1 1 1 1 1
Maze 52
77 269 3.2888888889 2.2655270979 26 0.372197021329234
87 83 81 37 82 98 44 49 27 66 52 61 93 84 64 87
400 400 31 32 92 94 400 47 26 62 51 91 83 400 84
400 400 402 402 401 401 400 401 402 401 402 401 402 400 401
0 0 0 0 0 0 0 0 0 0
0 0 0 0 0 0 0 0 0 0
0 0 0 0 0 1 1 0 0 0
1 1 1 1 1 1 1 0 0 0
1 1 0 1 1 1 1 1 1 0
1 1 0 1 0 1 0 0 0 0
1 1 1 1 1 1 0 0 0 0
1 1 0 1 0 0 0 0 0 0
1 1 1 1 1 1 2 0 0 0
1 1 1 1 1 1 1 1 0 0
Maze 53
99 169 3.2452830189 2.0302837069 64 0.375238088811607
72 65 80 6 16 3 66 28 50 50 1 9 94 16 64 72
62 75 76 400 13 63 26 48 400 41 400 4 14 14 62
402 401 401 400 401 401 402 401 400 401 400 402 402 402 402
1 1 1 1 1 1 1 1 1 0
1 0 1 1 1 1 0 0 0 0
1 0 1 1 0 1 1 1 0 0
1 0 1 1 0 1 0 1 0 0
1 1 1 1 1 1 1 1 1 1
0 0 1 1 0 1 0 0 0 0
0 1 1 1 1 1 0 0 0 0
0 2 0 1 1 1 1 1 1 1
0 0 0 1 0 0 0 0 0 0
0 0 0 1 0 0 0 0 0 0
Maze 54
117 102 3.3870967742 2.1586783508 107 0.380041801746824
31 71 27 51 84 40 38 88 9 82 5 86 77 90 2 31
400 21 21 81 34 400 400 8 2 2 85 76 87 82 1
400 402 402 401 402 400 400 402 402 402 401 402 401 401 402
1 1 1 1 1 1 1 1 1 0
1 1 0 0 1 0 0 1 0 0
1 1 1 1 1 1 1 1 0 0
2 1 0 1 1 1 1 1 1 1
1 1 0 1 1 0 0 1 0 0
1 1 0 1 1 0 0 1 0 0
1 1 0 1 1 0 0 1 0 0
1 1 0 1 1 1 1 1 0 0
1 1 1 1 1 1 1 1 1 1
0 0 0 0 0 0 0 0 0 0
Maze 55
123 1035 3.1470588235 2.1465517549 147 0.393196808818046
40 98 8 92 66 10 88 61 56 50 54 88 71 17 14 40
38 400 2 62 6 8 81 51 46 44 84 81 11 400 34
402 400 402 402 402 402 401 402 402 402 401 401 402 400 401
0 1 1 1 1 1 1 1 1 1
1 1 1 1 1 1 1 1 0 0
1 1 0 1 0 1 0 1 0 0
1 1 0 1 1 1 1 1 1 2
1 1 0 1 1 1 1 1 1 1
1 1 1 1 1 1 0 1 0 0
1 1 1 1 1 1 0 1 0 0
1 1 0 1 0 0 0 1 0 0
1 1 1 1 1 1 1 1 0 0
0 1 0 0 0 0 0 1 0 0
Maze 56
87 104 3.1764705882 2.1838364972 50 0.387844595452047
37 13 16 28 72 81 78 94 70 17 26 16 49 40 83 37
33 400 26 22 71 71 74 64 67 16 400 46 39 33 33
401 400 401 402 402 402 402 402 401 402 400 401 402 402 402
0 0 0 0 0 0 0 0 0 0
0 0 1 1 1 1 1 0 0 0
0 1 1 1 1 1 1 1 0 0
0 1 1 1 1 1 2 1 1 1
0 1 1 0 0 1 1 1 1 0
0 1 1 0 0 0 1 0 0 0
0 1 1 1 1 1 1 1 1 1
1 1 1 1 1 1 1 1 0 0
1 0 1 1 0 0 0 0 0 0
0 0 0 1 0 0 0 0 0 0
Maze 57
77 89 2.5818181818 2.2410821660 26 0.345993376165761
86 99 48 58 96 75 29 28 51 89 70 60 42 95 65 86
96 98 400 56 95 25 400 21 81 69 400 52 92 400 85
401 401 400 402 401 402 400 402 401 402 400 401 401 400 401
0 0 0 0 0 0 0 0 0 0
0 0 0 0 0 0 0 0 0 0
1 1 1 1 1 1 1 1 1 0
1 0 0 0 1 0 0 0 0 0
1 1 0 0 1 0 0 1 0 0
1 1 1 1 1 1 1 1 1 1
1 1 0 0 1 1 0 1 1 1
1 1 0 0 1 1 0 1 1 0
1 1 1 1 1 2 1 1 1 0
0 1 1 1 1 1 1 1 1 0
Maze 58
103 203 2.7936507937 2.1492103785 55 0.370764437011846
94 71 80 10 84 65 91 56 83 70 9 57 39 6 84 94
91 400 400 4 64 61 51 53 63 69 7 37 36 4 400
401 400 400 402 402 402 402 402 402 401 402 402 401 402 400
0 0 0 1 1 1 1 1 1 1
0 0 0 1 0 1 1 0 1 1
0 0 0 1 0 1 1 0 1 1
0 0 0 1 0 1 1 1 1 1
0 0 0 1 0 0 1 0 1 1
1 1 1 1 1 1 1 0 1 1
1 1 1 1 1 1 1 1 1 1
1 1 1 1 1 1 1 1 1 1
1 0 1 1 0 0 0 0 0 0
1 1 1 2 0 0 0 0 0 0
Maze 59
83 363 3.0384615385 2.1596899738 30 0.375971310438171
36 16 40 60 41 36 77 45 13 54 74 93 7 21 64 36
400 36 400 51 31 76 75 43 53 400 73 3 1 61 34
400 401 400 401 402 401 401 401 401 400 402 402 402 401 402
1 1 1 1 1 1 1 0 0 0
1 0 1 0 0 1 0 0 0 0
1 0 1 0 0 1 0 0 0 0
1 1 1 1 1 2 1 1 1 1
1 0 1 1 1 1 0 0 0 1
1 1 1 1 1 1 1 1 1 1
1 1 1 1 1 1 0 0 0 0
0 0 1 1 1 1 1 0 0 0
0 0 1 0 0 0 0 0 0 0
0 0 1 0 0 0 0 0 0 0
Maze 60
83 55 2.8235294118 2.0871934166 26 0.381108035072120
61 69 35 31 91 96 77 73 20 38 19 68 92 73 44 61
400 65 400 400 400 76 400 13 18 18 18 62 72 43 41
400 401 400 400 400 402 400 402 402 402 402 402 402 402 402
0 0 0 0 0 0 0 0 0 0
0 0 1 1 1 1 1 1 1 1
0 0 1 0 0 0 0 1 0 0
1 1 1 1 1 0 0 1 0 0
1 1 1 1 1 0 0 1 0 0
1 0 1 0 1 0 0 1 0 0
2 1 1 1 1 1 1 1 1 0
1 1 1 1 1 1 1 0 0 0
1 1 0 0 0 1 0 0 0 0
1 1 1 1 1 1 0 0 0 0
Maze 61
85 72 2.8727272727 2.3402175750 50 0.360311223533092
73 98 80 58 11 41 81 87 29 21 45 48 56 75 100 73
93 78 78 51 400 400 400 27 400 41 400 46 55 95 93
401 402 401 401 400 400 400 402 400 401 400 402 402 401 401
0 0 0 0 0 0 0 0 0 0
1 0 0 0 0 0 0 0 0 0
1 1 1 1 1 1 1 1 1 0
1 0 0 0 0 0 1 0 0 0
1 1 1 1 1 1 1 1 0 0
1 1 1 1 1 1 1 1 0 0
1 0 0 0 1 0 1 1 0 0
1 0 2 0 1 0 1 1 1 1
1 1 1 1 1 1 1 1 0 0
0 0 1 1 1 1 1 1 1 1
Maze 62
105 2586 3.2000000000 2.1891683911 90 0.396074320875948
75 67 54 5 49 12 97 57 81 46 23 93 8 57 36 75
65 64 4 45 42 92 400 51 41 43 400 3 7 56 35
402 401 402 401 401 401 400 402 402 401 400 402 402 401 402
0 0 1 1 1 1 1 1 0 0
0 1 1 1 1 0 1 0 0 0
0 1 1 1 1 0 1 0 0 0
0 1 1 1 1 1 1 0 0 0
1 1 1 1 1 1 1 1 1 0
1 1 1 1 1 1 1 0 0 0
1 1 1 1 1 1 1 0 0 0
1 1 1 0 2 0 1 0 0 0
1 1 1 0 0 0 1 0 0 0
0 1 1 1 1 1 1 0 0 0
Maze 63
127 424 3.2982456140 1.8613551559 144 0.387363663249673
97 62 99 31 82 39 96 12 46 58 97 18 51 39 85 97
92 92 91 81 32 36 92 42 56 57 17 11 31 35 95
401 401 401 401 402 402 401 401 401 402 402 402 402 402 401
0 0 0 0 0 0 0 0 0 0
1 1 1 1 1 1 1 1 0 0
1 1 0 0 0 0 1 0 0 0
1 1 1 1 1 1 1 1 1 0
1 1 1 1 1 1 1 0 0 0
1 1 0 0 1 1 1 1 0 0
1 1 0 0 1 1 1 0 0 0
1 1 0 0 1 1 1 0 0 0
1 1 0 0 1 1 1 0 0 0
1 1 1 1 1 1 2 1 1 0
Maze 64
119 66 3.1000000000 1.9643299746 115 0.384742812937797
17 72 53 36 62 80 65 85 12 44 21 95 49 21 100 17
12 52 33 32 72 75 400 82 42 41 91 45 41 91 97
402 402 402 402 401 401 400 401 401 401 401 402 401 401 401
0 0 0 0 0 0 0 0 0 0
0 1 1 1 1 1 2 0 0 0
1 1 0 0 0 0 1 0 0 0
1 1 1 1 1 1 1 0 0 0
1 1 1 1 1 1 1 1 1 0
1 1 1 0 1 0 1 0 0 0
1 1 0 0 1 0 1 0 0 0
1 1 1 1 1 1 1 1 1 1
1 1 1 1 1 0 1 0 0 0
1 1 1 1 1 1 1 1 1 1
Maze 65
73 6 3.3888888889 1.9661589573 20 0.401627629215096
47 25 25 29 64 96 72 48 48 46 24 46 55 98 5 47
45 400 400 24 94 92 42 400 400 44 44 45 95 95 45
401 400 400 402 401 401 402 400 400 401 401 402 401 401 401
0 0 0 0 1 0 0 0 0 0
0 0 0 0 1 0 0 0 0 0
0 0 0 1 1 1 1 1 1 0
0 0 0 1 1 0 0 0 0 0
0 1 1 1 1 1 2 1 0 0
0 1 0 1 1 0 0 0 0 0
0 1 0 1 1 0 0 0 0 0
0 1 0 1 1 0 0 0 0 0
0 1 0 1 1 0 0 0 0 0
0 1 1 1 1 1 1 1 0 0
Maze 66
83 517 3.1153846154 2.3108787080 30 0.371541814884592
96 69 60 35 9 10 44 27 57 19 78 62 50 39 50 96
66 59 55 5 400 4 24 400 17 18 72 42 49 49 46
402 402 401 402 400 402 402 400 402 402 401 402 401 401 402
0 0 0 1 1 1 1 1 1 1
0 0 0 1 1 0 1 1 1 0
0 0 0 1 1 1 1 1 0 0
0 0 0 1 1 0 1 1 1 0
0 1 1 1 1 1 1 1 1 1
0 1 0 0 1 1 1 1 1 1
0 1 0 0 0 1 1 1 1 0
0 1 1 1 1 1 1 1 0 0
0 0 0 0 0 1 0 0 0 0
0 0 0 0 0 2 0 0 0 0
Maze 67
81 6 2.8936170213 2.0988968341 26 0.346883556102689
48 43 47 32 40 9 61 91 4 42 44 44 44 71 87 48
400 400 42 400 39 1 400 1 2 400 400 400 41 81 47
400 400 401 400 401 402 400 402 402 400 400 400 402 401 402
1 1 1 1 1 1 1 1 1 0
1 1 0 0 0 0 0 0 1 0
1 1 0 0 0 0 0 0 1 0
1 1 1 1 1 1 1 1 1 1
1 1 1 1 1 1 1 2 0 0
1 0 0 0 0 0 1 0 0 0
1 0 0 0 0 0 1 0 0 0
1 0 0 0 0 0 1 0 0 0
1 1 1 1 1 1 1 0 0 0
1 0 0 0 0 0 0 0 0 0
Maze 68
83 1096 3.3478260870 2.1157132875 18 0.393944525551497
82 8 35 71 48 59 57 45 66 53 13 65 61 25 64 82
2 5 31 41 58 400 55 65 63 400 63 400 21 24 62
402 402 402 402 401 400 401 401 401 400 401 400 402 402 402
0 1 1 1 1 1 1 1 0 0
0 1 1 0 1 0 0 0 0 0
1 1 1 1 1 0 0 0 0 0
1 1 1 1 1 0 0 0 0 0
1 1 1 1 1 1 1 1 0 0
1 1 1 1 1 1 1 1 1 0
1 1 1 1 1 1 0 0 0 0
1 1 0 0 0 0 0 0 0 0
0 2 0 0 0 0 0 0 0 0
0 0 0 0 0 0 0 0 0 0
Maze 69
89 806 3.2075471698 2.1837316244 50 0.398138572873504
79 54 42 64 9 39 53 47 43 97 9 67 68 30 88 79
74 52 62 4 400 33 43 400 93 7 7 400 28 28 78
401 401 401 402 400 402 402 400 401 402 402 400 402 402 402
0 0 0 1 1 1 1 1 1 0
0 0 0 1 0 0 1 0 1 0
0 0 0 1 0 0 1 1 1 1
0 0 1 1 1 1 1 1 1 0
0 1 1 1 1 1 1 1 0 0
0 1 1 1 0 0 1 1 0 0
0 1 1 1 0 0 1 1 0 0
0 0 1 1 1 1 1 1 2 0
0 0 1 0 0 0 1 1 0 0
0 0 1 1 1 1 1 0 0 0
Maze 70
89 875 2.6451612903 2.2996439890 45 0.403432096861418
69 99 21 34 36 3 67 49 95 92 60 80 54 25 55 69
400 91 31 400 33 63 47 45 400 52 400 74 24 400 65
400 401 401 400 401 401 402 402 400 402 400 401 402 400 401
0 0 1 0 0 0 0 0 0 0
0 0 1 0 0 0 0 0 0 0
1 0 1 1 1 0 0 0 0 0
1 1 1 1 1 1 0 0 0 0
1 0 1 1 1 1 1 1 1 0
1 1 1 1 1 1 1 1 1 1
1 1 1 1 1 1 1 1 2 1
1 1 0 1 1 1 1 1 1 1
1 1 0 0 1 0 0 0 1 0
1 1 1 1 1 1 1 1 1 0
Maze 71
97 32 3.5319148936 2.0767881730 66 0.398317512862539
33 26 49 40 53 89 61 84 42 77 61 66 39 4 83 33
23 46 39 33 83 81 81 82 72 71 400 36 34 3 400
402 401 402 402 401 401 401 401 401 401 400 402 401 402 400
0 0 1 1 0 0 0 0 0 0
0 0 1 1 0 0 0 0 0 0
0 0 1 1 1 1 0 0 0 0
0 0 2 1 1 1 1 1 1 1
0 1 1 0 0 1 1 1 1 0
0 1 1 0 0 1 0 0 0 0
1 1 1 1 1 1 0 0 0 0
1 1 1 1 1 1 1 0 0 0
1 1 1 1 1 1 1 1 1 0
0 0 0 0 0 0 0 0 0 0
Maze 72
85 219 3.1600000000 2.2352163991 39 0.362426621531520
91 46 35 35 17 43 37 98 5 25 32 55 13 91 97 91
41 45 400 15 13 33 97 95 400 22 52 53 11 400 400
402 401 400 402 402 402 401 401 400 402 401 401 402 400 400
0 0 0 0 1 0 0 0 0 0
1 1 1 1 1 1 1 0 0 0
1 1 1 1 1 0 0 0 0 0
1 1 1 1 1 1 1 0 0 0
1 1 1 1 1 1 1 0 0 0
1 1 1 1 1 0 1 0 0 0
1 0 0 0 1 0 1 0 0 0
1 0 0 0 1 0 1 0 0 0
1 0 0 0 1 0 1 0 0 0
2 1 1 1 1 1 1 1 0 0
Maze 73
83 181 3.0588235294 2.2203940849 35 0.366722224766891
48 83 38 46 86 47 28 64 87 58 59 7 45 81 82 48
43 33 36 400 46 27 24 84 57 400 57 5 41 400 42
402 402 402 400 402 402 402 401 402 400 401 402 402 400 402
0 0 0 0 1 1 1 0 0 0
0 0 0 0 1 0 1 0 0 0
0 0 0 1 1 1 1 1 0 0
0 0 1 1 1 1 1 1 0 0
1 1 1 1 1 1 1 2 0 0
1 1 1 1 0 1 1 1 1 0
1 1 1 1 0 1 1 0 0 0
1 1 1 1 0 1 1 0 0 0
1 1 1 1 1 1 1 0 0 0
0 0 0 0 0 0 0 0 0 0
Maze 74
109 67 3.0000000000 2.1472172833 112 0.382990449415627
46 39 91 97 19 21 61 27 50 85 50 7 17 58 21 46
36 31 400 17 11 400 21 47 45 45 47 400 57 51 41
402 402 400 402 402 400 402 401 402 402 401 400 401 401 401
0 0 0 0 0 0 1 0 0 0
1 1 1 1 1 1 1 1 1 0
1 1 1 1 1 1 1 0 0 0
1 1 1 1 1 1 1 1 1 0
1 1 1 1 1 2 1 1 1 1
1 1 1 1 1 1 1 1 0 0
1 0 0 0 1 0 1 0 0 0
1 0 0 0 1 0 1 0 0 0
1 0 0 0 1 0 1 0 0 0
1 1 1 1 1 1 1 0 0 0
Maze 75
93 30 3.4000000000 1.7129560643 50 0.402647269328157
7 11 20 74 5 24 84 19 18 49 36 58 74 40 26 7
1 400 14 4 4 400 14 400 48 46 56 54 34 36 6
402 400 402 402 402 400 402 400 401 401 401 402 402 401 402
1 1 1 1 1 1 2 0 0 0
1 1 1 1 1 1 1 1 1 1
0 0 0 1 0 1 0 1 0 0
0 0 0 1 1 1 1 1 1 1
0 0 0 1 0 1 1 1 1 0
0 0 0 1 1 1 1 1 0 0
0 0 0 1 0 0 0 0 0 0
0 0 0 1 0 0 0 0 0 0
0 0 0 1 0 0 0 0 0 0
0 0 0 0 0 0 0 0 0 0
Maze 76
105 74 2.7297297297 2.4424596598 92 0.366885903593505
5 98 34 100 9 8 80 20 57 22 76 84 73 62 81 5
95 94 94 99 400 78 400 17 52 72 74 83 72 61 1
401 401 401 401 400 401 400 402 401 401 402 401 401 402 402
1 1 1 1 2 0 0 1 1 0
1 0 0 0 1 0 1 1 1 1
1 1 0 0 1 0 1 1 1 1
1 1 0 1 1 0 1 1 1 1
1 1 0 1 1 0 1 1 1 1
1 1 1 1 1 1 1 1 1 1
1 1 0 1 1 0 0 1 1 1
1 1 1 1 1 1 0 1 1 1
1 0 1 1 1 0 0 0 1 0
0 0 0 1 1 1 1 1 1 1
Maze 77
101 870 3.1111111111 2.3261592018 58 0.398479048534716
3 78 1 69 18 29 66 100 81 42 38 38 77 18 3 3
73 71 61 68 28 26 96 91 41 32 400 37 17 13 400
401 401 401 401 401 402 401 401 402 402 400 402 402 401 400
1 0 2 0 0 0 0 0 0 0
1 0 1 1 1 1 1 1 0 0
1 0 1 0 0 1 1 1 1 0
1 1 1 1 1 1 1 1 0 0
1 1 1 0 0 1 1 1 0 0
1 0 1 0 0 1 1 1 0 0
1 1 1 1 1 1 1 1 1 0
1 1 1 1 1 1 1 1 0 0
1 0 0 0 0 1 0 0 0 0
1 1 1 1 1 1 1 1 1 1
Maze 78
99 52 2.9508196721 2.2254194555 64 0.403610981813432
3 65 1 73 79 47 66 96 22 75 53 43 18 89 52 3
63 61 71 400 77 46 400 92 72 73 400 13 88 82 2
401 401 401 400 401 402 400 401 401 401 400 402 401 401 402
1 1 2 0 0 0 0 0 0 0
1 1 1 1 1 1 1 1 0 0
1 1 1 0 0 0 0 1 0 0
1 1 1 0 0 0 0 1 0 0
1 1 1 0 0 1 1 1 0 0
1 1 1 0 0 1 1 1 0 0
1 1 1 1 1 1 1 1 0 0
1 1 1 1 1 1 1 1 1 0
0 1 1 1 1 1 1 1 1 0
0 1 1 1 1 1 0 0 0 0
Maze 79
93 103 3.4693877551 2.0592451339 56 0.385700777043814
75 2 26 61 64 62 67 71 34 6 45 39 61 79 48 75
72 22 21 400 400 400 61 31 4 5 35 31 71 78 45
401 401 402 400 400 400 402 402 402 402 402 402 401 401 402
0 1 0 1 1 1 0 0 0 0
0 1 0 1 1 0 0 0 0 0
1 1 1 1 1 1 0 0 0 0
1 1 1 1 1 1 1 1 1 0
1 1 0 0 1 1 1 1 0 0
1 1 0 0 1 0 0 1 0 0
1 1 1 1 1 1 1 1 0 0
1 1 1 1 2 1 1 1 1 0
0 0 0 0 0 0 0 0 0 0
0 0 0 0 0 0 0 0 0 0
Maze 80
113 100 3.0000000000 1.9874666352 65 0.402892610009435
10 87 55 89 73 1 5 86 46 95 64 42 95 20 31 10
7 85 85 83 71 400 85 400 45 94 62 92 15 11 1
402 401 401 401 401 400 401 400 402 401 401 401 402 402 402
1 1 1 1 1 1 1 1 1 2
1 1 1 1 1 1 1 1 1 1
1 0 0 0 1 0 1 0 0 0
1 0 0 0 1 0 1 0 0 0
1 1 0 0 1 1 1 0 0 0
1 1 0 0 1 1 1 0 0 0
1 1 1 1 1 1 1 0 0 0
1 1 1 1 1 1 1 0 0 0
0 1 1 1 1 1 1 1 1 0
0 1 1 1 1 0 0 0 0 0
Maze 81
97 236 2.8965517241 2.1475332332 58 0.356470312614346
62 77 99 9 2 53 48 16 57 99 37 2 97 45 33 62
72 97 400 400 52 43 46 56 97 97 32 92 95 43 32
401 401 400 400 401 402 401 401 401 401 401 401 401 401 402
0 1 1 1 1 1 1 1 1 0
0 1 0 0 0 1 0 0 1 0
0 1 0 0 0 1 0 0 1 0
0 1 1 1 1 1 1 0 1 0
0 1 1 1 1 1 1 1 1 0
0 1 1 0 1 1 1 0 1 0
0 2 0 0 1 0 1 0 1 0
0 1 1 1 1 1 1 0 1 0
0 1 0 0 1 0 1 0 1 0
0 1 1 1 1 1 1 1 1 0
Maze 82
107 33 3.7333333333 1.8533000006 65 0.399297480491314
4 45 9 85 16 44 95 93 70 70 92 5 69 93 84 4
44 5 5 15 14 94 400 63 400 62 2 65 63 83 400
401 402 402 402 402 401 400 402 400 402 402 401 402 402 400
0 1 1 2 1 1 1 1 1 0
0 1 0 1 1 1 0 0 0 0
0 1 0 1 1 0 0 0 0 0
0 1 0 1 1 0 0 0 0 0
0 1 0 1 1 0 0 0 0 0
0 1 0 1 1 0 0 0 0 0
0 1 1 1 1 1 1 1 1 1
0 1 1 1 1 0 0 0 0 0
0 1 1 1 1 0 0 0 0 0
0 1 1 1 1 0 0 0 0 0
Maze 83
83 96 2.8421052632 2.2697194264 35 0.388385581706507
30 92 87 65 85 39 6 56 68 79 61 60 27 8 18 30
22 82 85 400 35 36 400 66 78 71 51 57 7 400 28
402 402 401 400 402 401 400 401 401 401 402 401 402 400 401
0 0 0 0 0 1 1 1 0 0
0 0 0 0 0 1 1 1 0 0
0 1 1 1 1 1 1 1 1 2
0 1 0 0 1 1 1 1 1 0
0 1 0 0 1 1 1 0 0 0
1 1 1 1 1 1 1 1 1 1
1 1 0 0 1 1 1 1 0 0
1 1 1 1 1 1 1 1 1 0
0 1 1 1 1 1 1 0 0 0
0 1 0 0 0 0 0 0 0 0
Maze 84
101 84 3.7551020408 2.1872580440 52 0.398136544800736
37 63 1 81 62 17 12 46 21 31 15 37 88 7 94 37
33 61 400 61 12 400 42 41 400 11 35 87 87 4 34
402 401 400 402 402 400 401 401 400 402 401 401 401 402 402
1 0 0 1 1 1 1 0 0 0
1 1 1 1 1 1 1 0 0 0
1 1 0 1 1 0 1 0 0 0
1 1 1 1 1 1 2 0 0 0
1 1 1 1 1 1 1 0 0 0
1 1 1 1 0 0 1 0 0 0
1 1 1 1 0 0 1 0 0 0
1 0 0 1 0 0 1 0 0 0
1 0 0 1 0 0 1 1 0 0
0 0 0 1 0 0 0 0 0 0
Maze 85
97 198 3.2000000000 2.2998822391 60 0.392544574766207
1 15 19 34 6 96 70 57 2 95 80 76 39 60 7 1
11 400 14 4 400 66 67 52 92 75 400 36 59 57 400
401 400 402 402 400 402 401 401 401 402 400 402 401 401 400
2 1 1 1 1 1 1 0 0 0
1 1 1 1 1 1 1 1 1 0
0 1 0 1 0 1 1 0 0 0
0 1 0 1 0 1 1 1 1 0
0 1 0 0 0 1 1 0 1 0
0 1 1 1 1 1 1 1 1 1
0 1 0 0 0 1 1 1 1 1
0 1 0 0 1 1 1 1 1 1
0 1 0 0 1 1 0 0 0 0
0 1 1 1 1 1 0 0 0 0
Maze 86
99 63 3.7674418605 1.8898410656 32 0.389137723769694
100 83 72 8 22 72 75 41 72 62 41 32 99 3 55 100
93 82 2 2 400 400 71 71 400 61 31 92 93 53 95
401 401 402 402 400 400 401 401 400 401 402 401 401 401 401
0 1 1 1 1 1 1 1 0 0
0 1 1 0 0 0 0 0 0 0
0 1 1 0 0 0 0 0 0 0
1 1 1 0 0 0 0 0 0 0
1 1 1 0 0 0 0 0 0 0
1 1 1 1 1 0 0 0 0 0
1 1 1 0 1 0 0 0 0 0
1 1 1 1 1 0 0 0 0 0
0 1 1 0 1 0 0 0 0 0
0 1 1 1 1 1 1 1 1 2
Maze 87
97 42 4.0000000000 1.7079400459 77 0.384050768311100
38 38 63 29 51 31 28 74 40 56 16 26 61 57 85 38
400 33 23 21 400 21 24 34 36 400 400 21 51 55 35
400 402 402 402 400 402 402 402 402 400 400 402 402 402 402
0 0 0 0 0 0 0 0 0 0
0 0 0 0 0 1 0 0 0 0
1 1 1 1 1 1 1 1 1 0
1 0 1 1 1 1 1 2 1 1
1 0 1 1 1 1 0 0 0 0
1 1 1 1 1 1 1 0 0 0
1 0 1 1 1 0 0 0 0 0
0 0 0 1 1 0 0 0 0 0
0 0 0 0 1 0 0 0 0 0
0 0 0 0 0 0 0 0 0 0
Maze 88
101 50 3.2608695652 1.8994609330 66 0.388607033096462
70 41 75 79 13 87 54 54 31 92 41 82 78 63 28 70
61 71 400 73 83 84 400 51 91 91 81 72 73 23 68
401 401 400 401 401 401 400 401 401 401 401 402 401 402 401
0 0 0 0 0 0 0 0 0 0
0 0 1 0 0 0 0 0 0 0
0 0 1 1 1 1 1 1 0 0
1 0 1 0 0 0 0 1 0 0
1 0 1 0 0 0 0 1 0 0
1 1 1 1 0 0 0 1 0 0
1 1 1 1 1 1 1 1 1 2
1 1 1 1 1 1 1 1 1 0
1 1 1 1 1 1 1 0 0 0
1 1 0 0 0 0 0 0 0 0
Maze 89
95 68 3.3090909091 2.2126880212 84 0.380441656648535
25 40 14 59 88 97 25 80 6 44 34 92 83 52 19 25
35 34 54 58 87 95 75 76 4 400 32 82 82 12 15
401 401 401 402 402 401 401 401 402 400 402 402 401 402 402
0 0 0 1 1 1 0 0 0 0
0 1 1 1 1 1 1 1 1 0
0 1 0 1 2 1 0 0 0 0
0 1 1 1 1 1 1 1 1 1
0 1 0 1 1 1 0 0 0 0
0 1 0 1 1 1 1 1 1 0
0 1 0 0 1 1 0 1 0 0
0 1 0 0 1 1 1 1 1 1
0 1 1 0 1 0 1 1 0 0
0 1 0 0 1 1 1 0 0 0
Maze 90
121 185 3.0625000000 2.1925852248 124 0.386029616328801
12 21 78 4 83 11 99 29 12 41 18 46 4 87 14 12
11 71 74 3 81 91 400 22 11 11 16 44 84 84 400
402 401 401 402 401 401 400 401 402 402 402 401 401 401 400
0 0 1 1 0 0 0 0 0 0
1 2 1 1 1 1 1 1 0 0
1 1 1 1 1 1 1 1 1 0
1 0 1 1 0 1 0 0 1 0
1 0 1 1 1 1 0 0 1 0
1 0 1 1 0 0 0 0 1 0
1 0 1 1 0 0 0 0 1 0
1 1 1 1 1 1 1 1 1 0
1 1 1 1 1 1 1 0 1 0
1 1 1 1 1 1 1 1 1 0
Maze 91
109 183 3.2413793103 2.0789043078 86 0.388493363001136
2 38 4 15 57 53 59 23 29 95 93 8 54 99 52 2
32 34 14 55 400 400 53 400 25 400 3 4 94 92 400
401 401 401 401 400 400 401 400 402 400 402 402 401 401 400
0 2 1 1 1 1 1 1 0 0
0 1 1 1 1 0 0 0 0 0
0 1 1 1 1 1 1 1 1 0
0 1 1 1 1 1 1 1 0 0
0 1 1 1 1 0 0 0 0 0
0 1 1 1 1 1 1 1 1 0
0 1 1 1 1 0 0 0 0 0
0 1 1 1 1 0 0 0 0 0
0 1 1 1 1 0 0 0 0 0
0 1 1 1 1 1 1 1 1 0
Maze 92
111 330 2.8620689655 1.8369412992 98 0.379600204851129
33 89 16 28 74 21 13 89 74 84 90 31 52 100 69 33
83 86 26 24 71 11 83 84 400 400 81 51 92 99 63
401 401 401 402 401 402 401 401 400 400 401 401 401 401 401
0 0 0 0 0 0 0 0 0 0
1 1 1 0 0 1 0 0 0 0
1 0 1 1 1 1 1 1 0 0
1 0 2 1 0 1 0 0 0 0
1 0 1 1 0 1 0 0 0 0
1 1 1 1 0 1 0 0 0 0
1 1 1 1 1 1 1 1 1 0
1 1 1 1 0 1 0 0 1 0
1 1 1 1 1 1 1 1 1 1
0 1 1 1 1 1 1 1 1 1
Maze 93
103 106 3.3818181818 2.1260765237 60 0.401840591030930
34 28 84 81 50 65 77 85 60 42 15 95 20 78 48 34
24 24 400 41 45 75 75 55 52 12 400 15 18 400 44
402 402 400 402 402 401 402 402 401 402 400 402 402 400 401
0 0 0 0 0 0 0 0 0 0
0 1 1 1 1 1 1 1 1 1
0 1 0 1 1 1 1 1 0 0
0 1 0 2 1 0 0 1 0 0
1 1 1 1 1 1 1 1 1 1
1 1 1 1 1 1 1 1 1 1
1 0 0 1 1 0 0 1 0 0
1 0 0 1 1 1 1 1 0 0
1 1 1 1 1 0 0 0 0 0
0 0 0 0 1 0 0 0 0 0
Maze 94
113 995 3.2903225806 2.2590819950 56 0.418092913519837
10 26 4 51 25 42 17 84 93 27 100 22 47 24 53 10
6 24 1 21 22 12 14 83 23 97 92 42 44 23 3
402 401 402 402 402 402 402 402 402 401 401 401 401 402 402
1 1 1 1 1 1 1 1 1 2
1 1 1 1 1 1 1 0 0 0
1 1 1 1 1 1 1 0 0 0
1 1 1 1 0 0 1 0 0 0
1 1 1 1 1 1 1 0 0 0
1 1 1 1 0 0 1 0 0 0
0 1 1 1 0 0 1 0 0 0
0 1 1 1 0 0 1 0 0 0
0 1 1 1 0 0 1 0 0 0
0 1 1 1 1 1 1 1 1 1
Maze 95
101 1683 3.0645161290 2.3524627648 71 0.374390964665075
52 99 39 47 69 31 25 52 60 78 29 44 82 39 79 52
92 400 37 67 61 21 22 400 58 28 24 42 32 400 72
401 400 402 401 401 402 402 400 402 402 402 402 402 400 401
0 0 0 0 0 0 0 0 0 0
0 0 0 0 0 0 0 0 0 0
1 1 1 1 1 1 1 1 1 0
1 1 1 1 1 1 1 1 1 0
1 1 1 1 0 0 1 1 1 0
1 2 1 1 1 1 1 1 1 1
1 1 1 1 1 1 1 1 1 0
0 1 1 1 1 1 1 1 1 0
0 1 0 0 0 0 0 0 1 0
0 1 1 1 1 1 1 1 1 0
Maze 96
127 15 3.4482758621 1.9238999273 123 0.394803492323214
16 67 96 19 68 21 82 100 46 87 3 90 81 96 10 16
66 66 16 18 61 81 92 96 86 83 83 400 91 6 6
401 402 402 402 401 401 401 401 401 401 401 400 401 402 402
0 0 1 0 0 1 1 1 1 1
0 0 1 0 0 2 1 1 1 0
1 0 1 0 0 1 0 1 0 0
1 0 1 0 0 1 0 1 0 0
1 0 1 0 0 1 0 1 0 0
1 0 1 0 0 1 0 1 0 0
1 1 1 1 1 1 1 1 0 0
1 0 1 0 0 1 0 0 0 0
1 1 1 1 1 1 1 1 1 1
1 1 1 1 1 1 1 1 1 1
Maze 97
93 371 2.7741935484 2.3246201751 35 0.375626096415214
37 89 11 3 72 63 97 90 9 36 37 69 41 74 59 37
87 81 1 2 62 93 87 89 6 400 67 61 71 54 57
401 401 402 402 402 401 402 401 402 400 401 401 401 402 401
1 1 1 0 0 1 1 1 1 0
1 1 0 0 0 1 0 0 1 0
1 1 0 0 0 1 0 0 1 0
1 1 0 0 0 1 2 0 1 0
1 1 0 0 0 0 1 0 1 0
1 1 0 1 1 1 1 1 1 0
1 1 1 1 1 1 1 1 1 0
1 1 1 1 0 0 1 0 1 0
1 1 1 1 1 1 1 1 1 1
0 0 1 1 1 1 1 0 0 0
Maze 98
73 41 2.9787234043 2.2428549213 10 0.381887947209075
56 39 32 51 46 62 51 80 28 70 48 46 16 3 3 56
36 400 31 41 42 61 71 78 68 68 400 400 13 400 53
402 400 402 402 402 401 401 401 401 401 400 400 401 400 401
0 0 1 0 0 0 0 0 0 0
0 0 1 1 1 1 0 0 0 0
0 0 1 0 0 1 0 1 0 0
1 1 1 1 1 1 1 1 1 0
1 1 1 1 1 1 1 1 0 0
1 1 1 1 1 2 0 1 0 0
1 1 0 0 0 0 0 1 1 1
1 1 1 1 1 1 1 1 1 1
0 0 0 0 0 0 0 0 0 0
0 0 0 0 0 0 0 0 0 0
Maze 99
125 867 2.9859154930 2.1527810721 161 0.380787403729712
21 69 38 99 50 11 6 100 1 5 53 18 72 75 95 21
61 68 98 49 41 1 96 91 400 3 13 12 400 400 91
401 401 401 402 401 402 401 401 400 402 402 402 400 400 401
1 1 1 1 1 1 0 0 0 0
1 1 1 1 1 1 1 1 0 0
2 1 1 0 0 1 0 0 0 0
1 1 1 0 0 1 0 1 0 0
1 1 1 1 1 1 1 1 1 1
1 1 1 0 0 1 0 1 1 0
1 1 1 1 1 1 1 1 1 0
1 1 1 1 1 1 0 1 1 0
1 0 0 0 1 1 0 1 1 0
1 1 1 1 1 1 1 1 1 1
Maze 100
107 128 3.1034482759 2.1529888848 84 0.396838720042897
6 40 4 81 79 24 82 71 47 99 81 72 22 78 37 6
36 34 1 71 74 22 81 41 97 91 71 400 72 77 36
401 401 402 402 401 402 401 402 401 401 402 400 401 401 401
1 1 1 1 0 2 0 0 0 0
1 0 0 1 0 1 0 0 0 0
1 1 1 1 0 1 0 0 0 0
1 1 0 1 1 1 1 1 1 1
1 1 1 1 1 1 1 0 0 0
1 1 0 1 0 0 1 0 0 0
1 1 0 1 0 0 1 0 0 0
1 1 1 1 1 1 1 1 1 0
1 1 0 0 0 0 1 0 0 0
1 1 1 1 1 1 1 1 1 0
Maze 101
119 885 3.5312500000 2.2452790075 156 0.382226091619321
47 7 78 44 37 53 88 72 69 31 8 2 50 15 81 47
400 77 74 34 33 83 82 62 61 1 400 42 45 11 41
400 401 401 402 402 401 401 402 401 402 400 401 401 402 402
1 1 1 1 1 1 1 1 0 0
1 1 1 1 1 0 1 0 0 0
1 1 0 0 1 0 1 0 0 0
1 1 1 1 1 1 1 0 0 0
1 1 1 1 1 1 2 1 1 1
1 0 1 1 0 0 1 0 0 0
1 1 1 1 1 1 1 1 1 0
1 1 1 1 1 1 1 1 0 0
1 1 1 1 1 1 1 1 0 0
0 0 0 0 0 0 0 0 0 0
Maze 102
73 30 2.5660377358 2.2119288269 20 0.378719741364664
68 46 20 6 7 4 62 64 97 50 10 79 60 98 47 68
66 16 16 400 400 2 400 94 47 400 9 59 58 97 67
401 402 401 400 400 402 400 401 402 400 402 402 402 401 401
0 1 1 1 1 1 1 0 1 1
0 1 0 0 0 1 1 1 1 1
0 1 0 0 0 1 0 0 1 1
0 1 0 0 0 1 0 0 1 1
0 1 0 0 0 1 1 1 1 1
0 1 0 0 0 1 1 1 1 1
0 1 1 1 0 1 1 2 1 0
0 0 0 1 0 0 1 1 1 0
0 0 0 1 0 0 1 1 0 0
0 0 0 1 1 1 1 1 0 0
Maze 103
97 172 3.2758620690 2.2346682662 77 0.375054958309090
95 44 99 86 50 26 47 32 51 79 33 6 32 40 39 95
94 94 96 46 46 46 42 31 71 73 3 2 400 400 35
401 401 401 402 401 401 401 402 401 401 402 402 400 400 402
0 1 1 1 1 1 0 0 0 0
0 1 1 0 0 0 0 0 0 0
0 1 1 0 0 1 0 0 0 0
1 1 1 1 1 1 1 1 1 1
1 1 1 1 1 1 1 1 1 1
1 0 1 1 1 1 0 0 0 0
1 0 1 1 1 1 0 0 0 0
1 1 1 1 1 1 1 1 1 0
0 0 0 1 1 1 0 0 0 0
0 0 0 1 2 1 1 1 1 0
Maze 104
87 36 3.4418604651 1.9633545216 36 0.378820111114113
90 34 17 24 43 46 47 46 45 71 16 61 3 65 25 90
84 14 14 23 400 400 400 400 41 11 11 1 63 400 85
401 402 402 402 400 400 400 400 402 402 402 402 401 400 401
1 1 1 0 0 0 0 0 0 0
1 1 1 1 1 1 1 0 0 0
1 0 1 1 1 0 0 0 0 0
1 0 1 1 1 0 0 0 0 0
1 1 1 1 1 1 1 0 0 0
1 0 1 1 1 0 0 0 0 0
1 0 1 1 1 0 0 0 0 0
1 0 0 1 1 0 0 0 0 0
0 0 0 1 1 1 1 1 1 2
0 0 0 0 0 0 0 0 0 0
Maze 105
105 5633 3.2592592593 2.1035508285 92 0.380026464212061
69 16 25 21 56 20 71 4 15 5 55 73 9 37 11 69
66 15 400 51 16 11 1 14 400 400 53 3 7 31 61
401 402 400 401 402 402 402 401 400 400 402 402 402 401 401
1 1 1 1 1 1 1 1 1 0
1 1 1 1 1 1 1 1 1 1
1 1 1 1 1 1 1 0 0 0
1 1 1 1 1 1 1 0 0 0
1 0 1 0 1 1 0 0 0 0
1 1 1 1 1 1 0 0 0 0
1 1 1 1 1 1 1 1 2 0
1 0 1 0 0 0 0 0 0 0
0 0 0 0 0 0 0 0 0 0
0 0 0 0 0 0 0 0 0 0
Maze 106
91 32 3.4883720930 1.8703771110 40 0.379086675498423
5 69 35 43 16 18 20 81 26 27 70 70 6 56 19 5
65 65 33 13 400 400 11 21 400 67 400 66 400 16 15
401 401 402 402 400 400 402 402 400 401 400 401 400 402 401
0 0 0 0 2 1 0 0 0 0
1 1 1 1 1 1 1 1 1 1
1 1 1 1 1 1 1 0 0 0
1 0 1 1 1 1 1 0 0 0
1 0 1 0 1 1 1 0 0 0
1 0 0 0 1 1 1 0 0 0
1 0 0 0 1 1 1 1 1 1
1 0 0 0 0 0 0 0 0 0
1 0 0 0 0 0 0 0 0 0
0 0 0 0 0 0 0 0 0 0
Maze 107
109 102 3.2666666667 2.1682475898 83 0.386618050190780
24 14 32 72 20 91 14 45 75 31 29 69 62 100 65 24
400 12 400 12 11 11 44 400 71 21 400 400 92 95 64
400 402 400 402 402 402 401 400 401 402 400 400 401 401 401
0 0 0 0 0 0 0 0 0 0
1 1 1 1 1 1 1 1 1 1
1 1 1 2 1 1 1 1 1 0
1 1 0 1 0 0 0 0 1 0
1 1 0 1 1 0 0 0 1 0
1 1 0 1 1 0 0 0 1 0
1 1 1 1 1 1 1 1 1 0
1 1 1 1 1 0 0 0 0 0
1 1 0 0 1 0 0 0 0 0
1 1 1 1 1 1 1 1 1 1
Maze 108
103 89 3.0000000000 2.2187493950 71 0.397927278021636
57 61 13 43 75 8 50 76 98 26 59 93 79 42 16 57
51 11 400 73 5 48 46 96 96 56 53 73 72 12 56
402 402 400 401 402 401 402 401 401 401 402 402 401 402 401
0 0 0 0 1 1 1 1 0 0
1 1 1 1 1 1 0 1 0 0
1 1 1 0 1 1 0 1 0 0
1 1 1 0 1 1 0 1 0 0
1 1 1 0 1 1 1 1 1 1
1 1 1 1 1 1 2 1 1 0
1 1 1 0 1 1 0 0 0 0
0 1 1 1 1 1 1 1 1 0
0 0 1 0 0 1 0 0 0 0
0 0 1 0 0 1 1 1 0 0
Maze 109
101 6 3.5416666667 1.9352667622 64 0.379935698969214
8 45 59 3 65 7 29 81 13 65 46 65 92 93 29 8
5 55 53 63 5 27 21 11 63 45 45 62 400 23 28
402 401 401 401 402 401 402 402 401 402 402 402 400 402 401
0 0 1 0 1 1 1 2 0 0
1 1 1 0 1 0 1 1 0 0
1 1 1 1 1 1 1 1 1 0
1 0 1 0 1 0 0 0 0 0
1 0 1 0 1 1 0 0 0 0
1 0 1 1 1 1 1 1 1 0
1 1 1 1 1 0 0 0 0 0
1 1 1 0 0 0 0 0 0 0
1 1 1 0 0 0 0 0 0 0
0 1 1 0 0 0 0 0 0 0
Maze 110
75 12 2.8085106383 2.0791233077 30 0.411664891971476
12 45 82 26 35 34 55 42 66 11 6 35 39 40 50 12
42 42 22 25 400 54 52 62 61 1 5 400 400 400 42
401 402 402 402 400 401 401 401 401 402 402 400 400 400 401
1 1 1 1 1 1 0 0 0 0
1 2 0 0 1 0 0 0 0 0
1 1 1 1 1 1 0 0 0 0
1 1 0 1 1 1 1 1 1 1
1 1 1 1 1 1 1 1 1 1
1 1 1 1 1 0 0 0 0 0
1 1 1 1 1 1 0 0 0 0
0 1 0 0 0 0 0 0 0 0
0 1 0 0 0 0 0 0 0 0
0 0 0 0 0 0 0 0 0 0
Maze 111
107 514 3.1428571429 2.2219970163 90 0.390462879083420
35 1 22 45 79 26 83 34 60 46 40 74 90 18 72 35
31 21 42 75 76 23 33 54 56 36 34 84 88 12 32
401 401 401 401 401 402 402 401 401 402 402 401 401 402 402
1 0 0 0 0 0 0 0 0 0
1 1 1 1 1 1 1 1 0 0
1 1 1 1 1 1 0 1 0 0
1 1 1 1 2 1 1 1 1 1
0 1 1 1 1 1 0 1 0 0
0 1 1 1 1 1 1 1 1 1
0 1 1 1 1 1 0 1 0 0
0 1 1 1 1 1 1 1 1 0
0 0 1 1 1 1 1 1 1 1
0 0 0 0 0 0 0 0 0 0
Maze 112
87 126 2.9655172414 2.2905166536 44 0.395974149508086
55 7 86 97 93 94 45 11 5 88 36 22 72 29 59 55
5 6 96 400 400 44 41 1 85 86 32 400 22 400 400
402 402 401 400 400 402 401 402 401 401 401 400 402 400 400
1 1 1 1 1 1 1 0 0 0
1 0 0 0 1 1 0 0 0 0
1 1 1 1 1 1 1 1 1 0
1 1 1 1 1 1 0 0 1 0
1 1 1 1 1 1 0 0 1 0
0 1 0 1 2 1 1 1 1 0
0 1 0 1 1 1 0 0 0 0
0 1 0 1 1 1 0 0 0 0
0 0 0 1 1 1 1 1 0 0
0 0 1 1 1 1 1 0 0 0
Maze 113
123 126 3.5172413793 2.1023477340 110 0.401900213047740
32 59 15 47 61 81 12 87 70 21 48 87 1 44 9 32
52 55 45 41 400 11 82 67 61 41 47 81 41 4 2
401 401 401 402 400 402 401 402 401 401 402 401 401 402 402
1 1 1 1 1 1 1 1 1 0
1 1 0 1 1 0 0 0 0 0
1 1 0 1 1 0 0 0 0 0
1 2 0 1 1 0 0 0 0 0
1 1 1 1 1 1 1 1 0 0
1 1 1 1 1 1 1 1 1 0
1 1 1 1 1 1 1 1 1 1
1 1 0 0 0 0 1 0 0 0
1 1 1 1 1 1 1 0 0 0
0 0 0 0 0 0 0 0 0 0
Maze 114
97 107 2.8813559322 2.1173913687 71 0.381948738817085
64 19 90 57 54 12 97 38 55 58 24 71 45 13 46 64
14 89 87 400 52 92 37 35 400 54 21 41 43 43 44
402 401 401 400 401 401 402 402 400 401 402 402 401 401 402
0 0 0 0 0 0 0 0 0 0
0 1 1 1 1 1 1 1 1 0
1 1 1 1 0 0 0 0 1 0
1 1 1 1 1 1 1 1 1 0
1 1 1 1 1 1 1 0 1 0
1 1 1 1 1 1 1 1 1 0
1 1 0 2 0 0 1 0 1 0
1 1 0 0 0 0 1 0 1 0
0 1 0 0 0 0 1 1 1 1
0 1 1 1 1 1 1 0 0 0
Maze 115
89 12 3.1200000000 2.1318275832 45 0.381718192955264
92 57 51 5 92 72 12 5 14 70 39 30 37 2 91 92
52 400 1 2 400 400 2 4 64 69 29 27 32 1 400
402 400 402 402 400 400 402 402 401 401 402 402 401 402 400
1 1 1 1 1 0 0 0 0 0
1 1 0 1 0 0 0 0 0 0
1 1 0 1 0 0 1 1 1 1
1 1 1 1 1 1 1 0 1 0
1 1 0 1 0 0 0 0 1 0
1 1 1 1 1 1 1 0 1 0
1 1 0 1 1 1 1 1 1 1
1 1 0 0 0 0 0 0 0 0
1 1 0 0 0 0 0 0 0 0
1 2 0 0 0 0 0 0 0 0
Maze 116
103 127 2.9655172414 2.1905847852 42 0.379264753697254
31 99 26 1 61 7 80 66 63 74 81 77 34 8 26 31
91 96 21 400 1 77 76 400 73 71 71 74 4 6 21
401 401 401 400 402 401 401 400 401 402 402 401 402 402 402
1 1 1 1 1 1 1 1 0 0
1 0 0 1 0 1 1 0 0 0
1 1 1 1 1 1 1 0 0 0
2 0 0 1 0 1 1 0 0 0
1 0 0 1 0 1 1 0 0 0
1 0 0 1 0 1 1 0 0 0
1 0 1 1 1 1 1 0 0 0
1 1 1 1 1 1 1 1 1 1
1 0 0 0 0 1 0 0 0 0
1 1 1 1 1 1 1 1 1 0
Maze 117
91 36 3.0344827586 2.3418601250 40 0.388788149594102
53 34 40 89 54 77 97 56 79 12 9 6 25 11 30 53
33 400 39 84 74 400 96 76 72 2 400 5 21 21 23
402 400 402 401 401 400 401 401 401 402 400 402 401 401 402
0 1 1 1 1 1 1 1 1 0
1 1 0 0 1 0 0 0 0 0
1 1 1 1 1 1 1 1 1 1
0 1 1 1 1 1 1 1 1 1
0 1 1 0 0 0 0 0 1 0
0 1 2 1 0 1 0 0 1 0
0 1 0 1 0 1 0 0 1 0
0 1 1 1 1 1 1 1 1 0
0 0 0 1 1 1 1 1 1 0
0 0 0 0 0 1 1 0 0 0
Maze 118
97 517 3.1923076923 2.0315511780 77 0.401667866863426
75 36 36 93 5 34 51 88 13 70 49 21 26 69 66 75
35 400 33 3 4 31 81 83 63 69 41 400 66 400 65
402 400 402 402 402 402 401 401 401 401 401 400 401 400 402
0 0 1 1 1 0 0 0 0 0
0 0 1 1 0 0 0 0 0 0
1 1 1 1 1 1 0 0 0 0
1 1 1 1 1 1 0 0 0 0
1 1 1 1 1 1 1 1 1 0
1 0 1 0 1 1 0 0 1 0
1 0 1 1 1 1 1 1 1 1
1 0 1 0 2 0 0 0 0 0
1 1 1 1 1 1 1 1 0 0
0 0 1 0 0 0 0 0 0 0
Maze 119
123 1340 3.8431372549 1.9985450506 148 0.388638525813542
12 68 89 45 84 55 31 86 73 27 91 12 69 11 38 12
62 88 85 44 54 51 81 83 23 21 11 62 61 31 32
401 401 401 402 402 401 401 401 402 402 402 401 401 401 401
0 0 0 0 0 0 0 0 0 0
1 2 0 0 0 0 0 0 0 0
1 1 1 1 1 1 1 0 0 0
1 1 1 1 1 1 1 1 0 0
1 1 1 1 1 0 0 0 0 0
1 1 1 1 1 0 0 0 0 0
1 1 1 1 1 1 1 1 1 0
1 0 1 1 1 0 0 1 0 0
1 1 1 1 1 1 1 1 1 0
1 0 0 0 0 0 0 0 0 0
Maze 120
109 728 3.5510204082 1.8760843753 94 0.388522079954081
66 4 57 3 74 36 90 17 54 6 30 27 73 50 86 66
64 54 53 73 34 86 87 14 4 26 400 23 43 46 400
401 401 401 401 402 401 401 402 402 401 400 402 402 402 400
0 0 1 1 1 1 0 0 0 0
0 0 1 1 1 1 1 0 0 0
0 0 1 1 1 1 1 1 1 1
0 0 1 1 1 1 1 0 0 0
0 0 1 1 1 1 1 1 1 1
0 0 1 1 1 1 1 0 0 0
0 0 1 1 1 2 1 0 0 0
0 0 1 1 0 1 1 0 0 0
0 0 0 0 0 1 1 1 1 1
0 0 0 0 0 0 0 0 0 0
Maze 121
93 973 2.9310344828 2.2225016104 50 0.386543890659959
80 12 20 88 64 6 32 34 86 38 44 4 7 65 70 80
72 400 18 84 4 2 400 84 36 34 400 400 5 400 400
401 400 402 401 402 402 400 401 402 402 400 400 402 400 400
0 1 1 1 1 1 1 0 0 0
0 1 1 1 1 1 1 1 1 1
0 1 0 1 1 0 0 1 0 0
0 1 1 1 1 1 1 1 0 0
0 1 0 1 1 1 0 1 0 0
0 1 0 1 1 1 0 1 0 0
0 1 0 1 1 1 1 1 1 1
0 1 1 1 1 1 1 1 1 2
0 0 0 1 1 1 1 1 0 0
0 0 0 0 0 0 0 0 0 0
Maze 122
91 3 2.9811320755 2.1771102584 32 0.360302776216521
95 53 71 55 84 27 57 52 23 9 92 55 52 98 78 95
93 51 51 54 24 400 400 22 3 2 52 400 92 400 75
401 402 402 402 402 400 400 402 402 402 402 400 401 400 402
0 1 1 1 1 1 1 1 1 0
0 1 1 0 0 0 0 0 0 0
0 1 1 1 1 1 1 0 0 0
0 1 0 1 0 0 1 0 0 0
0 1 0 1 0 0 1 0 0 0
1 1 1 1 1 1 1 0 0 0
1 1 1 1 0 0 0 0 0 0
1 1 1 1 1 1 1 1 0 0
0 1 1 1 1 0 0 1 0 0
0 1 1 1 2 1 1 1 0 0
Maze 123
121 505 3.4285714286 2.0428199297 132 0.386725079960563
77 85 56 96 51 28 85 39 91 38 52 77 49 72 13 77
75 55 400 91 21 25 35 31 31 32 72 47 42 12 73
402 402 400 401 402 402 402 402 402 402 401 402 402 402 401
0 0 0 0 0 0 0 0 0 0
0 1 1 0 0 0 0 0 0 0
1 1 1 1 1 1 1 1 0 0
1 1 1 1 1 1 1 1 1 0
1 1 1 1 1 1 1 1 1 0
1 1 1 0 1 1 1 0 0 0
1 1 1 0 1 1 1 0 0 0
1 1 1 1 1 1 2 0 0 0
1 0 0 0 1 1 0 0 0 0
1 1 1 1 1 1 0 0 0 0
Maze 124
91 75 2.7741935484 2.3303059088 50 0.351662543513126
87 54 70 66 29 78 7 45 51 25 17 81 67 86 100 87
84 64 400 26 28 77 5 41 21 15 11 61 66 96 97
401 401 400 402 402 401 402 402 402 402 402 402 402 401 401
0 0 0 0 1 1 1 0 0 0
1 1 1 1 1 1 1 0 0 0
1 1 1 1 1 1 1 1 1 0
1 0 0 0 1 1 1 1 0 0
1 1 1 1 1 1 1 1 0 0
1 0 0 1 0 1 1 1 0 0
1 1 1 1 1 1 1 1 1 1
1 0 0 1 0 1 1 1 0 0
1 0 0 1 1 1 2 0 0 0
0 0 0 0 0 1 1 1 1 1
Maze 125
87 72 2.8421052632 2.2595637259 50 0.366855553417729
14 20 89 13 49 79 30 20 46 81 97 96 39 29 23 14
400 19 83 43 400 29 400 16 41 91 400 36 400 400 13
400 402 401 401 400 402 400 402 402 401 400 402 400 400 402
0 0 0 0 0 0 0 0 0 0
0 0 1 2 1 1 1 1 1 1
0 0 1 1 1 1 1 1 1 1
0 0 1 0 0 1 1 1 1 0
1 1 1 1 1 1 1 1 1 0
1 0 1 0 0 1 0 0 1 0
1 0 1 0 0 1 0 0 1 0
1 0 1 0 0 1 0 0 1 0
1 0 1 1 1 1 1 1 1 0
1 1 1 1 1 1 1 0 0 0
Maze 126
75 21 3.0000000000 2.2674155304 30 0.382658305643796
44 39 98 14 34 36 68 39 85 94 63 87 42 34 32 44
34 38 94 400 400 66 38 35 84 93 83 82 32 400 42
402 402 401 400 400 401 402 402 402 401 401 401 402 400 401
0 0 0 0 0 0 0 0 0 0
0 0 0 1 0 0 0 0 0 0
0 0 0 1 0 0 0 0 0 0
0 1 1 1 1 1 1 1 1 0
0 1 1 2 1 1 0 1 0 0
0 1 0 1 1 1 0 1 0 0
0 1 1 1 1 1 1 1 0 0
0 1 1 1 1 0 0 1 0 0
0 1 1 1 1 1 1 1 0 0
0 0 1 1 1 1 1 1 0 0
Maze 127
71 2 3.6250000000 1.8955969017 11 0.377223196999283
72 85 68 46 85 87 89 73 53 67 33 87 11 51 72 72
82 65 66 45 400 400 83 400 63 63 83 81 400 71 400
401 402 401 402 400 400 401 400 401 401 401 401 400 401 400
0 0 0 0 0 0 0 0 0 0
1 0 0 0 0 0 0 0 0 0
1 0 0 0 0 0 0 0 0 0
1 0 1 0 0 0 0 0 0 0
1 0 1 0 1 1 0 0 0 0
1 0 1 0 1 1 0 0 0 0
1 0 1 1 1 1 1 1 0 0
1 2 1 0 1 0 0 0 0 0
1 1 1 1 1 1 1 1 1 0
0 0 0 0 0 0 0 0 0 0
Maze 128
93 19 3.4883720930 1.8972031393 25 0.384996329687841
20 53 21 11 53 67 62 16 27 27 79 36 7 20 72 20
13 51 400 51 63 400 12 26 400 77 76 6 17 12 12
402 401 400 401 401 400 402 401 400 401 401 402 401 402 402
0 0 0 0 0 1 1 0 0 0
1 1 1 1 1 1 1 1 1 2
1 1 1 0 0 1 1 0 0 0
1 1 1 0 0 1 1 0 0 0
1 1 1 0 0 1 1 0 0 0
1 1 1 0 0 1 1 0 0 0
0 1 1 1 1 1 1 0 0 0
0 1 0 0 0 1 1 1 1 0
0 0 0 0 0 0 0 0 0 0
0 0 0 0 0 0 0 0 0 0
Maze 129
77 7 2.5614035088 2.3183716393 25 0.374823195585121
46 89 48 100 81 1 8 26 86 92 54 44 34 37 65 46
86 88 98 91 400 400 6 400 82 52 400 400 400 35 45
401 401 401 401 400 400 402 400 402 402 400 400 400 402 402
1 1 1 1 1 1 1 1 0 0
1 0 0 0 0 1 0 0 0 0
1 0 0 0 0 1 0 0 0 0
1 0 0 1 1 1 1 0 0 0
1 0 0 1 1 2 0 1 0 0
1 1 1 1 1 1 0 1 0 0
1 1 0 0 1 1 0 1 0 0
1 1 0 0 0 1 0 1 0 0
1 1 1 1 1 1 1 1 1 0
1 1 1 1 1 1 1 1 1 1
Maze 130
101 592 3.3207547170 2.1048243521 70 0.398896482783320
27 97 4 28 64 80 46 93 77 75 7 88 36 52 36 27
400 94 24 24 74 76 43 73 400 5 87 86 32 32 26
400 401 401 402 401 401 402 402 400 402 401 401 402 402 402
0 0 0 1 1 1 1 0 0 0
0 0 0 1 1 0 1 0 0 0
0 0 0 1 1 1 2 1 0 0
0 1 1 1 1 1 1 0 0 0
0 1 1 1 1 1 1 0 0 0
0 1 1 1 1 1 1 0 0 0
0 0 1 1 1 1 1 0 0 0
0 0 1 1 1 1 1 1 1 1
0 0 1 1 0 1 1 1 0 0
0 0 1 1 1 1 1 0 0 0
Maze 131
87 372 3.1153846154 2.1838364972 45 0.375745065530196
100 60 47 24 26 43 75 70 15 99 78 49 14 11 49 100
400 57 44 400 23 73 65 65 95 98 48 44 400 41 99
400 401 401 400 402 401 402 401 401 401 402 401 400 401 401
0 0 0 0 0 0 0 0 0 0
1 1 1 1 1 0 0 0 0 0
1 0 1 1 1 1 0 0 0 0
1 0 1 1 1 0 0 0 0 0
1 1 1 1 1 1 1 1 1 0
0 0 1 0 1 0 1 1 1 1
0 0 1 0 1 1 1 1 1 1
0 0 1 1 1 0 0 1 1 1
0 0 0 0 1 0 0 1 1 1
0 0 0 0 1 1 1 1 1 2
Maze 132
93 22 3.1481481481 2.1936379531 50 0.384025197026553
46 96 72 2 33 99 16 58 80 44 38 39 36 17 83 46
400 92 400 32 93 96 56 78 74 34 400 400 16 13 43
400 401 400 401 401 401 401 401 401 402 400 400 402 402 402
0 1 0 0 0 0 0 0 0 0
0 1 1 1 1 1 1 0 0 0
0 1 1 0 0 1 0 0 0 0
0 1 1 1 1 1 1 1 1 0
0 1 1 1 1 2 0 0 0 0
0 1 1 1 0 1 1 1 0 0
0 1 1 1 0 1 0 1 0 0
0 1 1 1 1 1 1 1 1 1
0 1 1 0 0 1 0 0 0 0
0 1 1 1 1 1 1 1 1 0
Maze 133
75 6 2.8095238095 1.8105668495 16 0.363194342917454
81 85 68 89 75 97 45 90 77 98 95 55 54 75 6 81
400 65 88 85 95 95 85 87 97 400 400 400 74 5 1
400 402 401 401 401 401 401 401 401 400 400 400 401 402 402
1 1 1 1 1 1 0 0 0 0
1 0 0 0 1 0 0 0 0 0
1 0 0 0 1 0 0 0 0 0
1 0 0 0 1 0 0 0 0 0
1 0 0 0 1 0 0 0 0 0
1 0 0 1 1 0 0 0 0 0
1 0 0 1 1 1 1 1 0 0
1 0 0 1 1 0 1 1 0 0
2 1 1 1 1 1 1 1 1 1
0 0 0 0 1 1 1 1 0 0
Maze 134
101 21 3.3043478261 1.8675593402 60 0.382371283393227
35 61 81 88 12 1 88 47 97 1 83 96 85 60 36 35
31 400 400 82 11 81 87 400 91 81 93 95 55 56 400
402 400 400 401 401 401 401 400 401 401 401 401 402 401 400
1 0 0 0 0 0 0 0 0 0
1 1 0 0 0 0 0 0 0 0
1 1 0 0 0 0 0 0 0 0
1 1 1 1 2 1 0 0 0 0
1 1 0 0 0 1 1 0 0 0
1 1 0 0 1 1 1 1 1 1
1 1 0 0 1 0 1 0 0 0
1 1 0 0 1 0 1 0 0 0
1 1 1 1 1 1 1 1 0 0
1 1 1 1 1 1 1 0 0 0
Maze 135
79 141 2.8846153846 2.3126794439 35 0.368048953164262
21 42 93 53 30 49 78 27 5 34 66 23 83 86 48 21
41 92 400 23 29 48 77 25 4 64 63 400 400 46 41
401 401 400 402 402 402 401 401 402 401 401 400 400 402 401
0 0 0 1 1 0 0 0 0 0
0 0 0 1 1 0 0 0 0 0
2 0 1 1 1 1 1 1 1 1
1 0 1 1 0 0 1 0 1 0
1 1 1 1 1 1 1 1 1 0
0 1 1 1 0 1 1 1 0 0
0 1 1 1 1 1 1 1 0 0
0 1 1 0 0 1 1 1 0 0
0 1 1 1 1 1 0 0 0 0
0 1 1 0 0 0 0 0 0 0
Maze 136
119 403 3.0434782609 2.2451159921 127 0.382679142292470
95 40 88 1 98 63 14 50 79 6 30 26 63 51 21 95
35 38 81 91 93 13 44 49 76 26 400 23 61 400 91
402 402 401 401 401 402 401 402 401 401 400 402 401 400 401
1 0 0 0 0 1 0 0 0 0
1 0 1 1 0 1 0 0 0 0
1 0 1 1 1 1 1 1 1 1
1 0 1 1 1 1 1 1 1 1
1 0 1 1 1 1 1 1 1 1
1 0 1 0 1 1 0 1 1 0
1 1 1 0 1 1 0 1 1 0
1 0 1 0 1 1 1 1 1 0
1 1 1 1 1 1 1 1 0 0
1 1 1 1 2 1 1 1 0 0
Maze 137
75 242 2.7924528302 2.3017703112 35 0.387857490087113
18 23 48 97 86 26 24 22 56 90 79 88 80 53 70 18
13 43 47 96 400 400 400 52 86 89 78 78 73 63 68
402 401 402 401 400 400 400 401 401 401 402 402 401 401 401
0 0 0 0 0 0 0 0 0 0
0 0 1 1 1 1 1 2 0 0
0 1 1 1 1 1 0 1 0 0
0 1 1 0 0 1 0 1 0 0
0 1 1 1 1 1 1 1 0 0
0 1 1 1 1 1 1 1 0 0
0 0 1 1 1 1 1 1 1 1
0 0 1 1 1 1 1 1 1 1
0 0 0 0 0 1 1 1 1 1
0 0 0 0 0 1 1 0 0 0
Maze 138
103 19 3.2888888889 1.9326657525 62 0.379511231157911
33 63 95 99 100 1 58 49 48 91 21 93 91 5 58 33
400 93 400 400 91 51 48 400 41 400 91 400 1 55 53
400 401 400 400 401 401 402 400 402 400 401 400 402 401 401
1 1 1 1 1 0 0 0 0 0
1 0 0 0 1 0 0 0 0 0
1 0 0 0 1 0 0 0 0 0
1 0 2 0 1 0 0 0 0 0
1 1 1 1 1 1 1 1 1 0
1 1 1 1 1 1 1 1 0 0
1 0 1 0 0 0 0 0 0 0
1 0 1 0 0 0 0 0 0 0
1 0 1 0 0 0 0 0 0 0
1 1 1 1 1 1 1 1 1 1
Maze 139
87 14 2.9583333333 1.9690665352 39 0.396225351988044
13 27 30 81 27 22 44 98 30 45 44 47 39 36 18 13
23 400 21 21 400 42 94 28 25 400 400 37 400 16 400
401 400 402 402 400 401 401 402 402 400 400 402 400 402 400
0 0 0 0 0 0 0 0 0 0
0 0 2 1 1 1 1 1 0 0
1 1 1 1 1 1 1 1 1 1
1 1 0 0 1 1 1 1 1 0
1 1 1 1 1 1 1 1 0 0
1 0 0 1 0 0 0 1 0 0
1 0 0 1 0 0 0 1 0 0
1 0 0 1 0 0 0 1 0 0
1 0 0 1 0 0 0 1 0 0
0 0 0 1 1 1 1 1 0 0
Maze 140
89 37 3.0357142857 2.2453530182 28 0.358941719765713
54 46 13 95 72 24 52 36 9 16 25 12 6 31 88 54
44 43 93 92 22 22 32 6 6 15 22 2 1 81 84
402 401 401 401 402 402 402 402 402 402 401 402 402 401 401
1 1 1 1 1 1 1 1 1 0
1 1 1 0 1 1 0 0 0 0
1 1 1 1 1 1 0 0 0 0
1 1 1 1 1 1 0 0 0 0
1 1 1 1 1 1 0 0 0 0
1 1 1 2 0 0 0 0 0 0
1 1 1 1 0 0 0 0 0 0
1 1 1 1 0 0 0 0 0 0
1 1 1 1 1 1 1 1 0 0
0 1 1 1 1 0 0 0 0 0
Maze 141
93 197 3.2608695652 1.8761377231 50 0.386619538033234
29 58 84 37 75 49 40 23 22 88 94 30 22 49 40 29
28 54 34 35 45 39 33 400 82 84 24 400 42 39 39
402 402 402 402 402 402 401 400 401 402 402 400 401 402 401
0 0 0 0 0 0 0 0 0 0
0 0 0 0 0 0 0 0 0 0
0 1 1 1 1 1 1 1 2 1
0 1 1 1 1 1 1 1 1 1
0 1 1 1 1 1 1 1 1 0
0 1 0 1 1 1 1 1 0 0
0 1 0 1 1 0 0 0 0 0
0 1 0 1 1 0 0 0 0 0
0 1 1 1 1 1 1 1 0 0
0 0 0 1 0 0 0 0 0 0
Maze 142
127 11 2.9677419355 1.9958201669 122 0.382999295743778
93 21 100 42 3 34 4 10 3 80 60 71 5 22 8 93
91 91 92 2 33 400 400 400 73 400 51 1 2 2 3
401 401 401 402 401 400 400 400 401 400 402 402 402 402 402
1 1 1 1 1 1 1 1 1 1
1 1 1 1 0 0 0 0 0 0
1 1 1 1 0 0 0 0 0 0
1 1 1 1 0 0 0 0 0 0
1 1 1 0 0 0 0 0 0 0
1 1 1 1 1 1 1 1 1 1
1 1 1 0 0 0 0 0 0 1
1 1 1 1 1 1 1 1 1 1
1 1 1 0 0 0 0 0 0 0
1 1 2 1 1 1 1 1 1 1
Maze 143
95 158 3.0000000000 2.2069336866 71 0.391751520347450
86 38 15 27 83 42 41 48 69 21 79 31 43 50 90 86
36 35 25 23 82 400 400 68 61 71 71 41 400 400 400
402 401 401 402 401 400 400 401 401 401 401 401 400 400 400
0 0 0 0 0 0 0 0 0 0
0 0 0 0 1 0 0 0 0 0
1 0 1 1 1 1 1 0 0 0
1 0 1 0 1 1 1 1 0 0
1 1 1 1 1 1 1 1 1 1
1 1 1 0 0 1 0 1 0 1
1 1 1 1 1 1 1 1 1 1
1 1 1 1 1 1 1 1 1 1
0 1 1 0 0 2 1 1 1 1
0 0 0 0 0 0 0 0 0 0
Maze 144
89 193 2.7666666667 2.2964039712 40 0.396417113166901
40 56 4 13 58 73 22 9 77 66 43 55 100 80 75 40
36 54 3 53 53 72 2 7 76 63 53 95 400 400 35
402 401 402 401 402 401 402 402 401 401 401 401 400 400 402
0 1 1 1 1 1 1 1 1 0
0 1 1 1 0 0 1 0 0 0
0 1 1 1 0 0 1 0 0 0
0 1 1 1 1 1 1 1 1 2
0 1 1 1 1 1 1 0 0 0
0 1 1 1 1 1 1 1 0 0
0 1 1 1 1 1 1 0 0 0
0 1 1 0 1 1 1 1 1 1
0 0 0 0 1 0 0 0 0 1
0 0 0 0 1 1 1 1 1 1
Maze 145
107 337 2.8253968254 2.1336290192 76 0.389076901324479
40 53 62 26 31 100 46 31 99 70 70 11 55 57 90 40
33 52 22 21 91 96 41 91 69 400 61 51 400 87 400
402 402 402 402 401 401 401 401 402 400 401 401 400 401 400
0 0 0 0 0 0 0 0 0 0
1 0 0 0 0 0 0 0 0 0
1 1 1 1 1 1 0 0 0 0
1 1 1 1 1 1 1 1 1 2
1 1 1 1 1 1 0 0 0 1
1 1 1 1 1 1 1 0 0 1
1 1 1 1 1 1 1 1 1 1
1 0 0 0 0 1 1 0 1 1
1 0 0 0 0 1 1 1 1 1
1 1 1 1 1 1 1 1 1 1
Maze 146
87 558 2.8148148148 2.1250000000 45 0.372650655648816
63 55 22 45 54 67 18 51 71 81 98 59 12 68 25 63
53 52 42 44 64 17 11 400 400 91 58 52 62 65 23
402 401 401 402 401 402 402 400 400 401 402 401 401 401 402
0 0 0 0 0 0 0 0 0 0
1 1 1 1 1 1 1 1 0 0
1 1 1 1 1 0 1 0 0 0
1 1 1 0 1 0 1 0 0 0
1 1 1 1 1 0 1 0 0 0
1 1 1 1 1 1 1 1 1 0
1 1 2 1 1 1 1 1 0 0
1 0 0 0 0 0 0 1 0 0
1 0 0 0 0 0 0 1 0 0
1 1 1 1 1 1 1 1 0 0
Maze 147
113 42 3.2063492063 2.2339810839 85 0.382764467804314
42 99 32 91 88 42 19 53 14 32 59 100 20 37 31 42
92 92 31 81 82 12 13 13 12 52 99 400 17 400 41
401 401 402 402 401 402 402 402 402 401 401 400 402 400 401
0 0 0 0 0 0 0 0 0 0
0 1 1 1 1 1 1 1 1 1
0 1 1 0 0 0 1 0 0 1
1 1 1 1 1 1 1 0 0 1
1 2 1 0 0 0 0 0 0 1
1 1 1 1 1 1 1 1 1 1
1 1 0 0 0 0 0 0 1 1
1 1 0 0 0 0 0 0 1 1
1 1 1 1 1 1 1 1 1 1
1 1 1 1 1 1 1 1 1 1
Maze 148
111 360 3.6071428571 2.1457624873 92 0.379978594292135
3 93 80 38 82 28 42 58 91 45 30 49 73 74 84 3
400 73 78 32 22 22 52 51 41 25 29 43 400 400 83
400 402 401 402 402 402 401 402 402 402 402 402 400 400 401
0 0 2 0 0 0 0 0 0 0
0 0 1 0 0 0 0 0 0 0
0 1 1 1 1 1 1 1 1 1
0 1 1 1 1 1 1 1 1 0
1 1 1 1 1 1 1 1 1 0
1 1 1 1 1 1 1 1 0 0
1 1 1 0 0 0 0 1 0 0
1 1 1 1 1 1 1 1 1 1
1 1 1 1 0 0 0 0 0 0
1 0 1 0 0 0 0 0 0 0
Maze 149
87 15 2.8292682927 1.8694640575 40 0.387384115509769
43 17 59 91 21 83 73 35 35 25 91 94 53 26 71 43
13 57 51 400 81 400 33 400 400 21 400 93 23 21 41
402 401 402 400 401 400 402 400 400 402 400 401 402 402 402
0 0 0 0 0 0 0 0 0 0
0 0 1 1 1 1 1 0 0 0
1 1 1 1 1 1 1 0 0 0
1 0 1 1 1 0 1 0 0 0
1 1 2 0 0 0 1 0 0 0
1 1 1 1 1 1 1 1 1 0
1 0 1 0 0 0 0 0 0 0
1 0 1 0 0 0 0 0 0 0
1 1 1 0 0 0 0 0 0 0
1 1 1 1 0 0 0 0 0 0
Maze 150
113 366 3.2500000000 2.0535518162 91 0.406801456671735
73 14 55 73 48 74 71 21 93 36 79 90 13 87 20 73
13 54 53 43 44 400 400 91 33 76 89 83 83 17 13
402 401 402 402 402 400 400 401 402 401 401 401 401 402 402
0 0 0 0 0 0 0 0 0 0
0 0 1 1 1 1 1 1 1 1
1 0 1 1 0 0 1 0 0 0
1 0 1 1 1 1 1 0 0 0
1 0 1 1 1 1 1 1 0 0
1 0 1 1 1 1 1 0 0 0
1 0 1 1 0 1 1 0 0 0
1 1 2 1 0 1 1 1 1 0
1 0 1 1 1 1 1 1 1 1
1 1 1 0 0 0 0 0 0 0
Maze 151
127 327 3.1470588235 2.0977832113 153 0.394452010951713
60 75 29 20 63 47 99 11 34 100 96 2 55 12 93 60
55 25 19 13 43 97 91 31 94 400 92 52 52 92 53
402 402 402 402 402 401 401 401 401 400 401 401 401 401 402
0 1 0 0 0 0 0 0 0 0
1 1 1 1 1 1 1 1 1 1
1 1 1 0 1 1 1 1 1 0
1 1 1 1 1 0 0 0 0 0
1 1 1 1 1 1 1 0 0 0
1 1 1 1 1 1 1 1 1 2
1 1 1 1 1 0 1 0 0 0
1 1 1 1 1 0 1 0 0 0
1 1 1 1 0 0 1 0 0 0
1 1 1 1 1 1 1 1 1 1
Maze 152
103 323 3.5849056604 2.2346682662 65 0.383517197617620
77 5 46 43 84 61 72 41 70 64 92 4 96 21 94 77
75 45 400 83 81 71 71 61 400 62 2 94 91 91 74
401 401 400 401 401 401 401 401 400 402 402 401 401 401 402
0 1 1 1 1 0 0 0 0 0
0 1 0 1 1 0 0 0 0 0
1 1 0 1 1 0 0 0 0 0
1 1 0 1 1 0 0 0 0 0
1 1 1 1 1 1 0 0 0 0
1 1 1 1 1 0 0 0 0 0
1 1 1 1 1 1 1 1 1 1
1 1 1 1 1 1 2 0 0 0
1 1 1 1 0 0 0 0 0 0
1 1 1 1 1 1 0 0 0 0
Maze 153
95 32 3.5454545455 1.8439066844 65 0.390504832560312
5 63 38 14 72 36 59 56 65 17 84 34 93 45 39 5
3 33 34 12 32 56 400 55 15 14 400 33 43 35 35
402 402 401 402 402 401 400 402 402 402 400 402 402 402 401
0 0 1 1 2 0 0 0 0 0
0 1 1 1 1 1 1 0 0 0
0 1 1 1 1 0 0 0 0 0
0 1 1 1 1 1 1 1 1 0
0 1 1 1 1 1 0 0 0 0
0 1 1 1 1 1 1 1 1 0
0 1 1 1 1 0 0 0 0 0
0 1 1 1 0 0 0 0 0 0
0 0 1 1 0 0 0 0 0 0
0 0 1 0 0 0 0 0 0 0
Maze 154
95 336 3.1923076923 2.0141134552 77 0.387813900574968
79 80 13 30 73 45 59 97 3 7 84 95 45 36 27 79
400 73 23 23 43 55 57 93 400 4 94 400 35 26 77
400 401 401 402 402 401 402 401 400 402 401 400 402 402 401
0 0 1 1 1 1 1 0 0 0
0 0 1 1 0 0 0 0 0 0
0 0 1 1 1 1 1 1 1 1
0 0 1 1 1 1 1 0 0 0
0 0 1 1 1 0 1 0 0 0
0 0 1 1 1 1 1 1 1 0
0 0 1 1 1 0 1 0 0 0
0 0 1 1 1 1 1 1 2 1
0 0 1 1 1 0 1 0 0 0
0 0 1 1 1 1 1 0 0 0
Maze 155
101 1268 3.1636363636 2.1415321292 84 0.376084264228778
72 74 56 15 26 58 51 87 18 51 78 92 25 58 13 72
400 54 55 25 56 400 81 17 11 71 72 22 55 53 12
400 402 401 401 401 400 401 402 402 401 402 402 401 401 402
0 0 0 0 0 0 0 0 0 0
1 1 1 1 1 1 1 1 0 0
1 1 1 1 1 1 1 0 0 0
1 1 1 0 1 1 1 0 0 0
1 1 1 0 1 1 1 0 0 0
1 1 1 1 1 1 1 1 0 0
1 1 0 1 0 0 1 0 0 0
1 2 1 1 1 1 1 1 0 0
1 1 1 1 1 1 1 0 0 0
0 1 0 0 0 0 0 0 0 0
Maze 156
129 1822 3.9310344828 2.1405584293 154 0.394900736995935
60 78 1 56 92 18 53 51 49 24 70 11 42 78 16 60
58 71 51 52 12 13 400 41 44 64 61 41 72 76 56
402 401 401 402 402 402 400 402 401 401 401 401 401 401 401
1 0 0 0 0 0 0 0 0 0
1 1 1 1 1 1 1 1 0 0
1 1 1 1 0 1 0 0 0 0
1 1 1 1 0 1 0 0 0 0
1 1 1 1 1 1 1 1 1 0
1 1 1 1 1 1 1 1 1 2
1 1 1 1 1 1 1 1 1 1
1 1 1 1 1 1 1 1 0 0
0 1 0 0 0 0 0 0 0 0
0 1 0 0 0 0 0 0 0 0
Maze 157
79 66 2.7692307692 2.2674155304 19 0.360190207475575
24 39 9 23 28 12 53 44 60 10 7 45 42 44 91 24
34 400 3 400 22 52 43 54 400 400 5 400 400 41 21
401 400 402 400 401 401 402 401 400 400 402 400 400 402 402
0 0 1 1 1 1 1 1 1 1
0 1 1 0 1 0 0 0 1 1
1 1 1 2 1 1 1 1 1 1
1 1 0 1 1 1 1 1 1 1
1 1 1 1 1 0 0 0 0 1
1 1 1 1 1 1 1 1 1 1
1 0 0 0 0 0 0 0 0 0
1 0 0 0 0 0 0 0 0 0
1 0 0 0 0 0 0 0 0 0
1 0 0 0 0 0 0 0 0 0
Maze 158
91 177 2.7301587302 2.3693893844 56 0.364229281382053
37 100 60 29 3 11 23 66 81 61 30 88 5 43 48 37
97 400 59 23 1 21 63 61 400 21 28 85 3 400 47
401 400 401 401 402 401 401 402 400 402 402 401 402 400 401
1 1 1 1 1 0 0 0 0 0
1 0 1 0 1 0 0 0 0 0
1 1 1 1 1 1 1 1 1 1
1 0 1 0 1 0 2 1 1 0
1 0 1 1 1 1 1 1 1 0
1 0 1 0 1 0 1 1 1 1
1 1 1 1 1 1 1 1 0 1
1 0 0 0 1 0 1 1 0 1
1 0 0 0 1 1 1 1 0 1
0 0 0 0 0 0 1 1 1 1
Maze 159
73 403 3.0222222222 2.1787914423 20 0.401361845832725
26 33 42 54 3 41 82 55 45 2 7 29 44 17 65 26
23 32 52 53 1 81 52 400 42 400 27 24 14 15 25
402 402 401 401 402 401 402 400 401 400 401 402 402 402 402
1 1 1 1 1 1 1 0 0 0
1 1 1 1 1 1 1 0 0 0
1 1 1 1 1 2 1 1 1 0
1 1 1 1 1 0 0 0 0 0
1 1 1 1 1 0 0 0 0 0
1 1 1 1 1 0 0 0 0 0
1 1 0 0 1 0 0 0 0 0
1 1 0 0 0 0 0 0 0 0
1 1 0 0 0 0 0 0 0 0
0 0 0 0 0 0 0 0 0 0
Maze 160
99 40 3.2244897959 1.9683736906 66 0.385308536245366
41 5 12 18 74 55 81 13 20 5 32 51 77 40 75 41
1 2 400 14 54 51 11 400 15 2 31 71 37 35 71
402 402 400 402 402 402 402 400 401 402 402 401 402 402 401
1 1 1 1 1 0 0 0 0 0
1 1 1 1 1 1 1 1 1 1
1 1 0 1 0 0 0 0 0 0
1 1 0 1 1 1 1 1 1 1
2 0 0 1 1 0 1 0 0 0
1 1 1 1 1 0 1 0 0 0
1 0 0 1 1 0 1 0 0 0
1 1 1 1 1 1 1 0 0 0
1 0 0 0 0 0 0 0 0 0
0 0 0 0 0 0 0 0 0 0
Maze 161
99 161 3.3061224490 2.0638631072 53 0.387411562601730
62 53 49 61 34 90 32 65 27 22 62 7 26 72 54 62
52 43 41 31 84 82 62 25 400 400 2 6 22 52 52
402 402 402 402 401 401 401 402 400 400 402 402 402 402 402
0 1 1 1 1 1 1 0 0 0
0 1 0 0 0 1 0 0 0 0
0 1 1 1 1 1 1 0 0 0
1 1 1 1 1 0 0 0 0 0
1 1 1 1 1 1 1 1 1 0
1 1 1 1 1 0 0 0 0 0
1 2 1 1 1 0 0 0 0 0
0 1 0 1 0 0 0 0 0 0
0 1 1 1 1 1 1 1 1 1
0 0 0 0 0 0 0 0 0 0
Maze 162
117 24 3.6956521739 1.7764844894 107 0.392971870504151
89 61 38 83 41 24 33 89 2 67 68 83 7 4 83 89
81 31 33 81 21 23 83 82 62 400 63 3 400 3 400
401 402 402 401 402 402 401 401 401 400 402 402 400 402 400
0 1 1 1 1 1 1 0 0 0
0 1 1 0 0 0 0 0 0 0
1 1 1 1 0 0 0 0 0 0
1 1 1 1 1 1 1 1 0 0
1 1 1 0 0 0 0 0 0 0
1 1 1 0 0 0 0 0 0 0
1 1 1 1 1 1 1 1 0 0
1 1 1 0 0 0 0 0 0 0
1 1 1 1 1 1 1 1 2 0
0 0 0 0 0 0 0 0 0 0
Maze 163
105 629 2.9855072464 2.4561401461 104 0.375696047479339
31 96 40 29 9 97 24 85 9 26 27 22 4 63 60 31
91 36 39 400 7 94 84 5 6 400 400 2 3 53 51
401 402 401 400 402 401 401 402 402 400 400 402 402 402 401
0 1 1 1 1 1 1 1 1 0
0 1 1 0 1 1 1 0 1 0
0 1 1 1 1 1 1 0 1 0
2 0 1 1 1 1 1 1 1 1
1 0 1 1 1 1 1 0 0 0
1 1 1 1 1 1 1 1 1 1
1 0 1 1 1 1 1 0 0 0
1 0 0 1 1 1 1 0 0 0
1 0 0 1 1 1 1 0 0 0
1 1 1 1 1 1 1 0 0 0
Maze 164
91 105 3.3061224490 2.0939892289 56 0.385695720708587
48 87 58 56 46 37 93 6 86 6 17 64 49 77 31 48
47 57 400 400 36 33 3 400 400 16 14 44 47 71 41
402 402 400 400 402 402 402 400 400 401 402 402 402 401 401
0 0 1 1 1 1 0 0 0 0
0 0 1 1 1 1 1 0 0 0
0 0 1 1 0 1 0 0 0 0
1 0 1 1 1 1 1 0 0 0
1 1 1 1 1 1 1 2 1 0
1 0 1 1 0 1 1 1 0 0
1 0 1 1 0 1 1 0 0 0
1 1 1 1 1 1 1 0 0 0
0 0 1 0 0 1 1 0 0 0
0 0 1 0 0 0 0 0 0 0
Maze 165
79 39 3.5897435897 2.0069485833 23 0.397403645623071
65 44 41 62 52 73 34 31 1 75 22 80 5 25 86 65
64 400 61 400 72 33 400 400 71 72 72 75 400 85 85
401 400 401 400 401 402 400 400 401 401 401 401 400 401 401
1 0 0 0 1 0 0 0 0 0
1 0 0 0 1 0 0 0 0 0
1 1 0 0 1 0 0 0 0 0
1 1 1 1 1 0 0 0 0 0
1 1 1 1 1 0 0 0 0 0
1 1 1 1 1 0 0 0 0 0
1 1 1 1 2 0 0 0 0 0
1 1 1 1 1 1 1 1 1 1
0 0 0 0 1 1 0 0 0 0
0 0 0 0 0 0 0 0 0 0
Maze 166
105 1275 2.9333333333 2.1318092796 105 0.380034825074527
19 51 78 44 32 68 55 80 18 31 60 65 25 7 69 19
11 71 74 42 62 65 75 78 11 51 55 400 5 67 400
402 401 401 401 401 401 401 401 402 401 402 400 402 401 400
0 0 0 0 1 1 1 0 0 0
1 1 1 1 1 1 1 1 2 0
1 0 0 0 1 0 1 1 1 0
1 1 0 0 1 0 1 1 1 0
1 1 1 1 1 0 1 1 1 0
1 1 1 1 1 1 1 1 1 1
1 1 1 1 1 1 1 1 1 0
1 1 1 1 1 1 1 1 1 1
0 0 0 0 0 0 0 0 0 0
0 0 0 0 0 0 0 0 0 0
Maze 167
119 717 3.3448275862 1.9533406295 124 0.370060375636837
90 42 100 30 65 57 63 70 24 62 93 34 87 70 23 90
82 92 400 25 55 53 400 64 22 92 33 84 67 63 83
401 401 400 402 402 402 400 401 402 401 402 401 402 401 401
0 0 0 0 0 0 0 0 0 0
0 0 0 0 0 0 0 0 0 0
0 1 1 1 1 1 1 1 1 1
0 1 1 1 1 0 0 0 0 1
0 1 1 1 1 0 0 0 0 1
0 1 1 1 1 1 1 0 0 1
0 1 1 1 1 1 1 1 1 1
0 1 1 1 0 0 1 0 0 1
0 1 1 1 1 1 1 1 1 2
0 1 1 1 1 1 1 1 1 1
Maze 168
139 116 3.5737704918 1.9839555492 147 0.372946203587302
44 91 12 98 20 82 10 11 57 43 3 94 72 4 93 44
41 11 92 18 12 2 1 51 53 400 93 92 2 3 43
402 402 401 402 402 402 402 401 401 400 401 401 402 402 402
1 1 1 1 1 1 1 1 1 1
1 1 1 1 1 1 1 1 1 1
1 1 1 0 0 0 0 1 0 0
1 1 1 0 0 0 0 1 0 0
1 1 1 2 0 0 0 1 0 0
1 1 1 1 1 1 1 1 0 0
1 1 1 0 0 0 0 1 0 0
1 1 1 0 0 0 0 1 0 0
1 1 1 0 0 0 0 1 0 0
1 1 1 1 1 1 1 1 0 0
Maze 169
99 52 2.5079365079 2.1154937302 65 0.382050529125111
20 90 66 31 59 63 71 59 85 99 59 8 43 35 79 20
400 86 61 51 53 61 51 55 95 400 58 3 33 75 19
400 401 401 401 402 402 402 402 401 400 401 402 402 401 402
0 0 1 1 1 1 1 1 0 0
0 0 1 0 0 0 0 1 1 2
0 0 1 0 0 0 0 1 1 1
1 0 1 1 1 0 0 1 1 1
1 0 1 0 1 0 0 1 1 1
1 1 1 1 1 1 1 1 1 1
1 1 1 1 1 1 0 0 1 1
1 0 0 0 1 1 1 1 1 1
0 0 0 0 1 1 1 1 1 1
0 0 0 0 1 1 1 1 1 0
Maze 170
125 605 2.9142857143 2.0888802468 131 0.374142639992219
93 100 6 8 11 77 100 10 85 7 63 18 48 75 27 93
400 96 400 1 71 97 400 5 5 3 13 400 45 25 23
400 401 400 402 401 401 400 402 402 402 402 400 402 402 402
1 1 1 1 1 1 1 1 1 1
1 0 1 1 1 1 1 1 0 1
1 0 1 1 1 1 1 1 0 1
1 0 1 0 1 1 0 1 0 1
1 0 1 0 1 1 1 1 0 1
1 0 1 0 1 1 0 0 0 1
1 0 1 0 1 1 0 0 0 1
1 1 1 1 1 1 1 0 0 1
0 0 1 0 1 1 1 0 0 1
0 0 2 1 1 1 1 1 1 1
Maze 171
93 13 3.3333333333 1.8845903060 40 0.392310553783671
34 38 38 33 13 38 34 95 5 48 52 39 35 97 1 34
400 400 400 400 33 400 94 400 45 42 32 400 95 91 31
400 400 400 400 401 400 401 400 401 402 402 400 401 401 401
1 0 0 0 1 0 0 0 0 0
1 0 1 0 1 0 0 0 0 0
1 0 1 0 1 0 0 0 0 0
1 1 1 2 1 1 1 1 1 0
1 1 1 1 1 1 1 1 0 0
1 1 0 1 1 0 0 0 0 0
1 0 0 1 1 0 0 0 0 0
1 0 0 1 1 0 0 0 0 0
1 0 0 1 1 0 0 0 0 0
1 1 1 1 1 1 1 0 0 0
Maze 172
107 524 3.1147540984 2.2277379314 84 0.387260885423645
46 98 31 49 39 89 93 96 24 82 81 6 34 77 2 46
96 91 41 400 400 83 400 94 22 400 1 4 74 72 42
401 401 401 400 400 402 400 401 402 400 402 402 401 401 401
1 1 1 1 1 1 0 0 0 0
1 1 0 1 0 0 0 0 0 0
1 1 1 1 0 0 0 0 0 0
1 1 0 1 0 0 0 0 1 0
1 1 1 1 1 2 1 1 1 0
1 1 0 1 0 1 0 0 1 0
1 1 0 1 0 1 0 0 1 0
1 1 1 1 1 1 1 0 1 0
1 1 1 1 1 1 1 1 1 0
1 1 1 1 1 1 1 1 0 0
Maze 173
105 174 2.9310344828 2.0340312028 112 0.394258712019214
36 4 94 92 20 59 73 64 90 4 64 44 21 37 90 36
34 400 400 12 19 53 63 84 84 400 400 41 31 87 86
401 400 400 402 402 402 402 401 401 400 400 401 401 401 401
0 0 0 1 0 0 0 0 0 0
0 1 1 1 1 1 1 1 1 1
1 1 0 1 0 0 0 0 1 0
1 1 1 1 1 2 1 0 1 0
1 1 1 1 0 1 1 0 1 0
0 1 1 1 1 1 1 1 1 0
0 1 1 1 0 1 1 0 0 0
0 1 1 1 0 1 1 0 0 0
0 1 0 1 1 1 1 1 1 1
0 1 1 1 0 0 0 0 0 0
Maze 174
109 4338 3.5714285714 2.2250274892 112 0.394001998980137
28 86 7 48 37 93 15 75 67 91 47 28 67 2 60 28
26 6 47 47 33 13 400 65 61 41 27 27 62 52 58
402 402 401 401 402 402 400 402 402 402 402 402 401 401 401
0 1 0 0 0 1 1 0 0 0
0 1 1 1 1 1 1 0 0 0
0 1 1 0 1 1 1 2 0 0
0 1 1 1 1 1 1 1 0 0
1 1 1 1 1 1 1 1 0 0
1 1 1 1 1 1 1 1 1 1
1 1 1 1 1 1 1 0 0 0
1 0 1 0 1 1 0 0 0 0
1 0 1 0 0 1 0 0 0 0
1 0 1 0 0 0 0 0 0 0
Maze 175
67 4 2.5200000000 2.3318155451 20 0.383222679365144
83 74 53 87 83 63 9 50 18 36 68 49 40 80 72 83
73 73 83 400 400 3 49 48 16 66 48 39 400 400 82
402 401 401 400 400 402 401 401 402 401 402 402 400 400 401
0 0 1 1 1 1 1 1 1 0
0 0 1 0 0 1 1 1 1 0
0 0 1 0 0 1 0 1 1 0
0 0 1 0 0 1 0 1 1 1
0 0 1 0 0 1 0 1 1 1
0 0 1 0 0 1 0 1 0 1
0 0 1 0 0 1 1 1 0 1
0 1 1 1 1 1 1 1 1 1
0 1 2 1 1 1 1 0 0 0
0 0 0 0 0 0 0 0 0 0
Maze 176
97 420 3.1636363636 2.0917531492 58 0.385717492084635
47 35 69 44 54 3 94 67 39 8 57 32 80 9 97 47
45 65 64 400 53 93 64 37 38 7 52 72 79 7 400
401 401 401 400 401 401 402 402 401 402 401 401 401 402 400
0 0 1 0 0 0 1 1 1 0
0 0 1 0 0 0 1 1 1 0
0 0 1 0 0 0 1 1 1 0
0 1 1 0 1 0 1 1 1 0
0 1 1 1 1 1 2 0 1 0
0 1 1 1 1 1 1 0 1 0
0 1 1 1 1 1 1 1 1 0
0 1 1 1 1 1 1 1 1 1
0 0 1 1 0 0 1 0 0 0
0 0 1 1 0 0 1 0 0 0
Maze 177
97 10 3.1304347826 1.9039467177 77 0.396290929437947
33 48 51 29 72 71 98 66 70 66 69 51 73 51 29 33
43 41 21 22 400 91 96 400 400 400 61 71 71 21 23
401 402 402 402 400 401 401 400 400 400 401 401 401 402 402
0 0 0 0 0 0 0 0 0 0
0 0 0 0 0 0 0 0 0 0
1 1 1 1 1 1 1 1 1 0
1 1 2 0 0 0 0 0 0 0
1 1 1 1 1 1 1 1 0 0
1 1 0 0 0 0 0 0 0 0
1 1 1 1 1 1 1 1 1 1
1 1 1 0 0 1 0 0 0 0
1 0 0 0 0 1 0 0 0 0
1 1 1 1 1 1 1 1 0 0
Maze 178
91 72 3.2244897959 1.9683736906 44 0.371999714742701
60 30 88 62 88 19 90 68 19 20 49 83 74 77 32 60
400 28 82 82 18 89 88 18 400 19 43 73 400 72 52
400 402 401 401 402 401 401 402 400 402 402 402 400 401 401
0 0 0 0 0 0 0 0 0 0
0 0 0 0 0 0 0 1 1 1
0 0 0 0 0 0 0 1 1 1
0 1 0 0 0 0 0 1 1 1
0 1 1 1 1 1 1 1 1 1
0 1 1 1 1 1 1 1 1 2
0 1 1 0 0 0 0 1 1 0
0 1 1 1 1 1 1 1 1 0
0 1 1 1 1 1 1 1 1 1
0 0 0 0 0 0 0 0 0 0
Maze 179
105 1592 3.6000000000 2.1950160786 92 0.401435415180317
19 59 77 37 21 15 54 71 50 92 14 39 37 30 73 19
400 57 400 31 11 14 51 41 42 12 34 400 27 23 13
400 402 400 401 402 402 402 402 402 402 401 400 402 402 402
0 0 0 0 0 0 0 0 0 0
1 1 1 1 1 1 1 1 2 0
1 1 1 1 1 1 1 1 1 1
1 1 1 1 1 1 1 1 1 0
1 1 1 1 1 1 1 1 1 1
1 1 1 1 0 0 1 1 1 0
1 1 1 0 0 0 1 0 0 0
1 1 1 0 0 0 1 0 0 0
0 1 0 0 0 0 0 0 0 0
0 1 0 0 0 0 0 0 0 0
Maze 180
95 795 2.9285714286 2.1559524309 64 0.391651888935084
57 63 30 19 85 62 13 20 36 14 70 39 25 19 86 57
53 23 29 15 82 12 400 16 34 64 69 35 15 16 56
402 402 401 402 401 402 400 402 401 401 401 401 402 402 402
0 0 0 0 0 0 0 0 0 0
0 1 1 1 1 1 1 1 1 1
0 1 1 1 1 1 1 1 1 1
0 1 1 1 1 1 1 1 1 0
0 1 1 1 1 1 0 0 1 0
0 1 1 1 1 1 2 0 1 0
0 1 1 1 1 1 1 1 1 1
0 1 0 0 1 1 0 0 0 0
0 1 1 1 1 1 0 0 0 0
0 0 0 0 0 0 0 0 0 0
Maze 181
87 206 3.1250000000 2.1269673984 25 0.388449060746412
34 23 75 21 8 46 31 51 91 25 44 74 26 78 95 34
33 73 71 1 6 41 400 400 21 24 400 24 76 75 94
401 401 401 402 402 401 400 400 402 402 400 402 401 402 401
1 1 1 1 1 1 1 1 0 0
1 0 0 0 0 1 0 0 0 0
1 1 1 1 1 1 0 0 0 0
1 0 1 2 0 1 0 0 0 0
1 1 1 1 1 1 0 0 0 0
1 0 1 1 0 1 0 0 0 0
1 0 1 1 0 1 0 0 0 0
1 1 1 1 1 1 1 1 0 0
1 0 0 1 1 0 0 0 0 0
1 0 0 1 1 0 0 0 0 0
Maze 182
87 249 3.2916666667 2.0720409095 56 0.399255597603977
2 39 43 92 46 24 83 73 43 35 86 18 77 94 2 2
32 33 42 42 44 23 400 400 33 85 16 17 74 92 400
401 402 402 402 401 402 400 400 402 401 402 402 402 401 400
0 2 0 0 0 0 0 0 0 0
0 1 0 0 0 1 1 1 0 0
0 1 1 1 0 1 1 0 0 0
0 1 1 1 1 1 1 1 1 0
0 1 1 1 1 1 1 0 0 0
0 1 1 0 1 1 1 0 0 0
0 1 1 0 1 1 1 0 0 0
0 1 1 1 1 1 1 0 0 0
0 1 1 1 1 1 0 0 0 0
0 1 1 1 0 0 0 0 0 0
Maze 183
109 772 3.0422535211 2.4366828560 112 0.369625695527024
22 75 89 9 91 20 59 34 53 69 64 46 97 79 13 22
72 85 400 1 11 19 54 33 63 400 44 96 77 73 12
401 401 400 402 402 402 401 402 401 400 402 401 402 401 402
1 1 1 1 1 1 1 1 1 0
1 1 1 1 1 1 1 1 1 1
1 2 1 0 0 0 0 0 1 0
1 1 1 1 0 0 0 0 1 0
1 1 1 1 1 1 0 0 1 0
1 1 1 1 1 1 1 1 1 0
1 1 1 1 1 1 1 1 1 0
1 1 1 1 1 1 1 1 1 0
1 0 0 0 1 1 1 1 1 0
1 0 0 0 0 1 1 0 0 0
Maze 184
87 24 3.3846153846 1.8282713908 44 0.371766581972523
54 72 68 52 28 3 6 52 67 17 18 44 5 62 23 54
52 62 62 22 23 400 2 62 400 400 14 4 2 22 53
402 402 401 402 401 400 402 401 400 400 402 402 402 402 401
0 1 1 1 1 1 0 0 0 0
0 1 1 1 1 1 1 1 0 0
0 1 1 1 1 1 1 1 0 0
0 1 1 1 0 0 1 0 0 0
0 1 1 1 0 0 1 0 0 0
0 1 1 2 0 0 1 0 0 0
0 1 1 1 1 1 1 1 0 0
0 1 0 0 0 0 0 0 0 0
0 0 0 0 0 0 0 0 0 0
0 0 0 0 0 0 0 0 0 0
Maze 185
93 105 3.5555555556 1.9977524024 45 0.388169094854468
69 32 2 96 84 42 58 54 66 94 56 3 73 31 24 69
62 400 92 94 82 52 400 64 64 54 53 400 71 21 64
401 400 401 401 401 401 400 401 402 402 401 400 401 402 401
0 1 1 0 0 0 0 0 0 0
0 1 1 0 0 0 0 0 0 0
1 1 1 1 0 0 0 0 0 0
1 1 1 1 0 0 0 0 0 0
1 1 1 1 0 0 0 0 0 0
1 1 1 1 1 1 1 1 0 0
1 1 1 1 1 1 1 1 2 0
1 1 1 1 0 0 0 0 0 0
0 1 1 1 0 0 0 0 0 0
0 1 1 1 1 1 0 0 0 0
Maze 186
81 116 2.7719298246 2.3471194283 26 0.375630114881084
69 89 89 18 36 82 14 70 84 13 31 71 72 65 39 69
400 400 88 16 32 12 64 64 83 11 400 400 62 35 400
400 400 401 402 402 402 401 402 401 402 400 400 402 402 400
0 0 0 0 0 0 0 0 0 0
1 1 1 1 0 1 1 1 0 0
1 1 1 1 0 1 0 1 0 0
1 1 1 1 1 1 1 1 1 0
1 1 1 1 1 0 0 1 1 0
1 1 1 1 1 0 0 1 1 0
1 1 1 1 1 1 1 1 2 1
1 1 1 1 0 0 0 1 1 0
0 1 1 1 0 0 0 1 1 0
0 0 0 0 0 0 0 0 0 0
Maze 187
101 456 3.3684210526 2.2308259625 60 0.372099108702192
57 50 69 10 84 6 40 18 57 29 85 79 91 89 50 57
47 49 9 4 4 36 38 17 27 25 75 71 81 49 47
402 402 402 402 402 401 401 402 402 402 402 402 402 402 402
0 0 0 1 1 1 1 1 1 1
0 0 0 1 0 1 1 1 1 0
0 0 0 1 1 1 1 1 1 0
0 0 0 1 1 1 1 1 1 1
0 0 0 1 1 0 1 1 1 1
0 0 0 1 1 0 2 0 1 0
0 0 0 1 1 0 0 0 1 0
1 1 1 1 1 1 1 1 1 0
1 1 1 1 1 1 1 1 1 0
1 0 0 0 0 0 0 0 0 0
Maze 188
105 29 3.5416666667 2.0024716013 94 0.386006972077536
24 27 51 6 51 47 40 52 17 54 26 72 91 49 47 24
400 21 1 1 41 37 32 12 14 24 22 71 41 400 44
400 402 402 402 402 402 402 402 402 402 402 402 402 400 401
1 1 1 1 1 1 0 0 0 0
1 1 1 1 1 1 1 0 0 0
1 1 1 2 1 1 1 0 0 0
1 1 1 1 1 1 1 1 1 1
1 1 1 1 1 1 1 1 1 0
1 1 0 1 0 0 0 0 0 0
1 1 0 0 0 0 0 0 0 0
1 1 0 0 0 0 0 0 0 0
1 0 0 0 0 0 0 0 0 0
1 0 0 0 0 0 0 0 0 0
Maze 189
113 258 3.7358490566 2.0180385297 83 0.388451220137216
85 14 59 4 2 78 37 86 69 51 76 8 76 11 54 85
84 54 54 400 72 77 36 66 61 71 6 6 71 51 84
401 401 401 400 401 401 402 402 401 401 402 402 401 401 401
0 1 1 1 0 1 1 1 0 0
1 1 0 1 0 1 0 0 0 0
1 1 0 1 0 1 0 0 0 0
1 1 0 1 0 1 1 0 0 0
1 1 0 1 0 1 1 0 0 0
1 1 1 1 1 1 1 1 1 0
1 1 1 1 1 1 1 1 1 0
1 1 1 1 1 1 1 1 0 0
0 0 0 1 2 1 0 0 0 0
0 0 0 0 0 0 0 0 0 0
Maze 190
103 90 3.3559322034 2.2402688511 77 0.385085687287777
8 24 66 5 32 20 21 74 77 39 73 85 94 78 61 8
4 64 65 2 12 11 71 400 37 33 83 84 74 71 1
402 401 401 402 402 402 401 400 402 402 401 402 402 401 402
1 1 1 1 1 1 1 2 0 0
1 1 1 1 1 1 1 1 1 1
1 1 0 1 1 0 0 0 0 0
1 1 1 1 1 1 1 1 1 0
1 0 1 1 1 0 1 0 0 0
1 0 1 1 1 0 1 0 0 0
1 0 1 1 1 1 1 0 0 0
1 1 1 1 1 1 1 1 0 0
0 0 1 1 1 0 0 0 0 0
0 0 0 1 0 0 0 0 0 0
Maze 191
105 2692 2.9687500000 2.3187563008 99 0.372507364661831
90 41 69 7 28 3 31 92 5 79 57 82 67 88 59 90
81 61 67 27 23 1 91 2 75 77 52 62 87 58 89
401 401 401 401 401 402 401 402 401 401 402 402 401 402 401
1 1 1 1 1 0 1 0 0 0
1 1 1 0 1 0 1 0 0 0
1 1 1 1 1 1 1 1 0 0
1 1 0 0 1 0 1 0 0 0
1 1 0 0 1 0 1 0 0 0
1 1 1 1 1 1 1 1 1 0
1 1 1 1 1 1 1 1 1 0
1 1 0 0 1 1 1 1 1 0
1 1 1 1 1 1 1 1 1 2
1 1 0 0 0 0 0 0 0 0
Maze 192
83 23 2.7547169811 2.1985564626 25 0.400980571533591
45 18 46 76 74 61 62 90 54 88 83 8 9 10 87 45
15 16 400 400 71 400 82 84 84 400 3 400 400 7 85
402 402 400 400 401 400 401 401 401 400 402 400 400 402 401
0 0 1 1 1 1 1 1 1 1
0 0 1 0 1 1 1 1 0 0
0 0 1 0 1 1 1 0 0 0
0 0 1 0 1 1 1 0 0 0
0 0 1 0 2 1 1 0 0 0
0 0 1 1 1 1 1 0 0 0
1 1 1 1 1 1 1 0 0 0
1 1 1 1 1 1 1 0 0 0
0 1 1 1 1 1 1 1 1 1
0 0 0 0 0 0 0 0 0 0
Maze 193
87 19 3.5416666667 2.1456267315 45 0.386813046275831
51 50 12 3 21 65 72 79 53 29 23 43 39 39 41 51
41 42 2 1 61 62 400 73 23 400 400 33 400 31 400
402 401 402 402 401 402 400 401 402 400 400 402 400 402 400
1 1 1 0 0 0 0 0 0 0
1 1 0 0 0 0 0 0 0 0
1 1 1 1 1 1 1 1 1 0
1 1 1 1 1 1 1 1 1 0
1 1 1 1 1 1 1 1 1 1
2 0 1 0 0 0 0 0 0 0
1 1 1 1 1 0 0 0 0 0
0 1 1 1 1 1 1 1 1 0
0 0 0 0 0 0 0 0 0 0
0 0 0 0 0 0 0 0 0 0
Maze 194
71 7 2.3333333333 2.2671628232 16 0.379741419029989
11 72 56 8 55 76 8 7 27 100 44 24 24 22 1 11
71 52 6 5 75 6 400 400 97 94 400 400 400 21 400
401 402 402 402 401 402 400 400 401 401 400 400 400 401 400
1 0 0 0 1 1 1 1 0 0
2 0 0 0 1 1 1 0 0 0
1 1 1 1 1 1 1 0 0 0
1 0 0 1 1 1 1 0 0 0
1 0 0 1 1 1 1 0 0 0
1 1 1 1 1 1 1 0 0 0
1 1 0 1 1 1 1 0 0 0
1 1 0 1 1 1 1 0 0 0
0 0 0 1 0 0 1 0 0 0
0 0 0 1 1 1 1 1 1 1
Maze 195
91 175 3.4347826087 2.0289621172 56 0.380716457970289
26 43 57 2 2 97 46 44 28 44 92 64 76 21 64 26
23 53 52 400 92 96 400 24 24 42 62 74 71 61 24
402 401 401 400 401 401 400 402 402 402 402 401 401 401 402
0 1 0 0 0 0 0 0 0 0
0 1 0 0 0 0 0 0 0 0
1 1 1 1 1 2 1 1 0 0
1 1 1 1 0 0 0 0 0 0
1 1 1 1 1 1 0 0 0 0
1 1 1 1 1 1 1 0 0 0
1 1 1 1 0 1 0 0 0 0
1 1 1 1 1 1 0 0 0 0
0 1 0 0 0 1 0 0 0 0
0 1 1 1 1 1 1 0 0 0
Maze 196
83 35 2.5283018868 2.0755587813 25 0.387913077336219
30 57 81 87 47 60 54 81 81 35 100 70 58 42 27 30
27 51 400 400 57 400 51 400 31 95 400 68 52 22 400
402 402 400 400 401 400 402 400 402 401 400 401 401 402 400
0 0 0 0 0 0 0 0 0 0
0 0 0 0 0 0 0 0 0 0
0 1 1 1 1 1 1 1 1 2
1 1 1 1 1 0 1 0 0 0
1 1 0 0 1 0 1 0 0 0
1 1 1 1 1 1 1 1 1 1
1 0 0 0 1 0 1 1 1 1
1 0 0 0 1 0 1 0 0 1
1 1 1 1 1 1 1 0 0 1
0 0 0 0 1 1 1 1 1 1
Maze 197
73 22 3.2631578947 1.9310489759 20 0.377610780713348
69 47 50 37 7 50 60 23 87 36 83 44 43 36 45 69
67 400 47 400 47 400 53 83 86 33 43 400 33 35 65
401 400 401 400 401 400 401 401 401 402 402 400 402 402 401
0 0 0 0 0 0 1 0 0 0
0 0 0 0 0 0 1 0 0 0
0 0 1 0 0 0 1 0 0 0
0 0 1 1 1 1 1 0 0 0
0 0 1 1 1 1 1 1 1 1
0 0 1 1 1 1 1 1 1 1
0 0 1 0 1 1 1 1 2 0
0 0 1 0 0 1 0 0 0 0
0 0 1 1 1 1 1 0 0 0
0 0 0 0 0 0 0 0 0 0
Maze 198
91 37 3.0980392157 2.1667049426 50 0.377738584886299
92 3 19 33 11 34 61 88 28 38 50 3 15 51 65 92
2 13 13 31 31 31 81 400 400 48 43 13 11 61 62
402 401 402 401 401 402 401 400 400 401 401 401 402 401 402
0 1 1 0 0 0 0 0 0 0
1 1 1 1 1 1 1 1 1 0
1 1 1 0 0 0 0 1 0 0
1 1 1 1 0 0 0 1 0 0
1 1 1 1 1 1 1 1 1 1
1 1 0 0 0 0 0 1 0 0
1 1 1 1 1 0 0 1 0 0
1 1 0 0 0 0 0 1 0 0
1 1 1 1 1 1 1 1 0 0
0 2 0 0 0 0 0 0 0 0
Maze 199
115 15 3.4545454545 2.0380831768 117 0.379810593996353
72 3 45 65 30 2 12 27 3 8 51 17 82 20 79 72
2 43 400 25 22 400 22 23 400 1 11 12 12 19 400
402 401 400 402 401 400 401 401 400 402 402 402 402 402 400
1 1 1 1 1 1 1 1 0 0
1 1 1 1 1 1 1 1 1 1
1 1 1 1 1 1 1 1 1 1
1 1 1 0 1 0 0 0 1 0
1 1 1 1 1 0 0 0 1 0
1 1 0 0 1 0 0 0 1 0
0 1 0 0 1 0 0 0 1 0
0 2 1 1 1 1 1 1 1 0
0 1 0 0 0 0 0 0 0 0
0 0 0 0 0 0 0 0 0 0
Maze 200
103 20 3.3207547170 2.0813772350 65 0.384656839058363
32 30 1 63 19 27 51 47 85 58 86 51 88 64 33 32
22 21 61 13 17 21 41 45 55 56 81 81 84 63 400
402 401 401 402 402 402 402 402 402 402 401 401 401 401 400
1 0 0 0 0 0 0 0 0 0
1 0 1 1 1 1 1 1 1 0
1 1 1 1 1 1 1 1 1 1
1 2 1 0 0 0 0 0 0 0
1 1 1 1 1 1 1 0 0 0
1 0 1 0 1 1 1 1 0 0
1 1 1 1 1 1 0 0 0 0
1 0 0 1 1 1 0 0 0 0
1 1 1 1 1 1 1 1 0 0
0 0 0 0 0 0 0 0 0 0
