numMazes: 200
mazeSize: 10
Maze 1
77 45 3.1904761905 2.0853103103 35 0.383564048447474
32 38 63 37 36 42 77 10 19 20 26 44 14 35 50 32
400 33 33 400 32 72 7 9 400 16 24 400 34 45 42
400 402 402 400 402 401 402 402 400 402 402 400 401 401 401
0 0 0 0 0 0 1 1 1 1
0 0 0 1 0 1 1 1 1 1
0 0 0 1 1 1 1 0 0 0
0 2 1 1 1 1 1 1 0 0
0 1 1 1 1 1 1 1 1 1
0 1 1 0 0 0 1 0 0 0
0 1 1 0 0 0 1 0 0 0
0 1 1 1 1 1 1 0 0 0
0 0 0 0 0 0 0 0 0 0
0 0 0 0 0 0 0 0 0 0
Maze 2
109 47 2.8529411765 2.2162384708 79 0.363596091733583
39 63 46 25 100 10 81 56 22 53 5 55 29 75 77 39
33 43 45 95 400 1 51 52 52 3 400 25 25 400 37
402 402 401 401 400 402 402 401 401 402 400 402 402 400 402
1 1 1 1 1 1 1 1 1 1
1 0 1 0 1 0 0 0 0 1
1 1 1 0 1 1 1 1 1 1
1 1 1 1 1 1 1 1 2 1
1 1 1 1 1 1 1 0 0 1
1 1 1 1 1 1 1 0 0 1
1 0 1 0 1 0 1 0 0 1
1 0 0 0 1 1 1 0 0 1
1 0 0 0 1 0 0 0 0 1
0 0 0 0 1 1 1 1 1 1
Maze 3
83 13 2.8928571429 2.3349467373 17 0.367212934311498
19 90 90 49 58 9 24 83 73 100 45 26 52 46 42 19
89 400 89 48 8 4 23 400 93 95 25 22 42 400 12
401 400 401 402 402 402 402 400 401 401 402 402 402 400 402
0 0 0 1 1 1 1 1 1 0
0 1 1 1 1 1 1 1 2 0
0 1 1 1 1 1 0 1 1 0
0 1 1 0 1 0 0 1 1 0
0 1 1 1 1 1 0 1 1 0
0 1 1 0 1 0 0 1 1 0
0 0 1 0 1 0 0 0 1 0
0 0 1 0 1 0 0 0 1 0
0 0 1 0 1 0 0 0 1 1
0 0 1 1 1 1 1 1 1 1
Maze 4
97 42 3.0384615385 2.0424812504 84 0.385830636639574
29 60 41 86 47 66 94 16 92 54 54 22 44 18 42 29
59 51 81 46 46 64 14 12 52 400 52 42 14 12 22
401 401 401 402 402 402 402 402 402 400 401 401 402 402 402
0 0 0 0 0 0 0 0 0 0
0 1 1 1 1 1 1 1 0 0
0 1 1 1 1 1 1 1 2 0
0 1 0 1 0 0 0 0 1 0
1 1 1 1 0 1 1 0 1 0
1 1 1 1 1 1 1 1 1 1
1 1 0 1 1 1 0 0 0 0
1 1 0 1 0 1 0 0 0 0
1 1 1 1 1 1 0 0 0 0
0 1 0 1 0 0 0 0 0 0
Maze 5
73 17 2.9565217391 2.2093001291 16 0.388839708756379
26 21 58 7 46 90 56 58 59 70 76 56 82 35 28 26
400 51 57 6 86 86 400 400 69 66 400 52 32 25 400
400 401 401 402 401 401 400 400 401 402 400 402 402 402 400
0 0 0 0 0 1 1 0 0 0
0 0 0 0 0 1 1 0 0 0
1 1 1 1 1 2 1 1 0 0
1 1 1 1 1 1 1 0 0 0
1 1 0 0 0 1 1 0 0 0
1 1 1 1 1 1 1 1 1 0
0 1 0 0 0 1 1 1 1 1
0 1 0 0 0 1 0 0 0 0
0 1 0 0 0 1 1 1 1 1
0 0 0 0 0 0 0 0 0 0
Maze 6
105 283 3.4117647059 1.9488938116 98 0.399160104907957
19 55 11 42 30 68 4 44 67 2 12 70 20 4 32 19
15 51 41 22 28 64 400 64 62 400 62 400 14 2 12
402 401 401 402 402 401 400 401 401 400 401 400 401 402 402
0 1 1 1 0 0 0 0 0 0
1 1 1 1 1 1 1 1 2 1
1 1 1 1 1 1 1 1 1 1
1 1 0 1 1 0 0 1 0 1
1 1 0 1 1 0 0 1 0 1
1 1 1 1 1 0 0 1 0 1
0 1 1 1 1 1 1 1 1 1
0 0 0 0 0 0 0 0 0 0
0 0 0 0 0 0 0 0 0 0
0 0 0 0 0 0 0 0 0 0
Maze 7
129 36 4.0000000000 1.8082709821 147 0.389959334162633
17 52 30 31 58 21 71 96 81 17 51 41 85 21 93 17
12 22 21 51 51 400 91 91 11 11 400 81 81 91 13
402 402 402 401 401 400 401 401 402 402 400 401 401 401 402
0 0 0 0 0 0 0 0 0 0
1 1 1 1 1 1 2 0 0 0
1 1 1 1 1 1 1 1 1 1
1 1 1 0 0 0 0 0 0 0
1 1 1 0 0 0 0 0 0 0
1 1 1 1 1 1 1 1 0 0
1 0 1 0 0 0 0 0 0 0
1 0 1 0 0 0 0 0 0 0
1 1 1 1 1 0 0 0 0 0
1 1 1 1 1 1 0 0 0 0
Maze 8
83 24 2.4923076923 2.4785421822 30 0.378957271051642
98 50 99 45 23 13 12 51 10 37 63 69 28 20 100 98
48 49 95 43 400 400 11 1 7 33 400 68 18 400 400
402 402 401 401 400 400 402 402 402 402 400 401 402 400 400
1 1 1 1 1 1 1 1 1 1
1 1 1 0 0 0 1 1 1 1
1 0 1 0 0 0 1 1 0 1
1 0 1 1 1 1 1 1 0 1
1 0 1 1 1 0 0 1 1 1
1 0 1 0 1 0 0 1 1 1
0 0 1 1 1 1 1 1 1 1
0 0 0 0 1 0 0 1 1 1
0 0 0 0 1 0 0 1 1 1
0 0 0 0 1 1 1 2 1 1
Maze 9
117 979 2.8493150685 2.2671110554 127 0.372402932516508
40 70 96 23 91 90 19 10 63 37 60 32 80 88 93 40
400 66 93 21 81 89 9 3 33 57 52 72 78 83 33
400 402 401 402 402 401 402 402 402 401 401 401 402 402 402
0 0 1 1 1 1 1 1 1 1
0 0 1 0 0 0 0 0 1 0
1 1 1 0 0 0 0 0 1 0
1 1 1 1 1 1 1 1 1 2
1 1 1 0 0 0 1 0 1 1
1 1 1 1 1 1 1 1 1 1
1 1 1 0 0 1 1 1 1 1
1 1 1 1 1 1 1 1 1 1
1 1 1 1 1 1 1 1 1 1
1 0 1 1 1 1 0 0 0 0
Maze 10
99 419 3.3214285714 2.2254194555 71 0.365106548255704
39 49 79 86 19 10 47 80 20 6 70 1 80 44 49 39
400 400 76 16 9 7 77 400 16 66 61 71 74 400 400
400 400 402 402 402 402 401 400 401 401 401 401 401 400 400
1 0 0 0 0 1 1 1 1 1
1 0 0 0 0 1 1 1 1 1
1 0 0 0 0 1 1 0 0 1
1 0 0 0 0 1 1 0 2 1
1 0 0 1 1 1 1 1 1 1
1 0 0 1 0 1 1 0 1 1
1 1 1 1 1 1 1 1 1 1
1 1 1 1 1 1 1 1 1 1
0 0 0 0 0 1 0 0 0 0
0 0 0 0 0 0 0 0 0 0
Maze 11
101 710 3.3454545455 2.2782642707 77 0.386677273983753
86 1 31 62 63 92 50 72 69 39 92 94 27 85 46 86
81 400 61 400 62 42 42 62 400 32 400 24 25 45 400
401 400 401 400 402 402 402 402 400 402 400 402 402 402 400
1 0 0 0 0 0 0 0 0 0
1 0 0 0 0 0 0 0 0 0
1 0 0 1 1 1 1 0 0 0
1 1 1 1 1 1 1 1 1 0
1 1 1 1 1 1 1 1 1 1
1 1 0 1 1 1 0 0 1 0
1 1 1 1 1 1 1 1 1 0
1 1 0 1 1 1 0 0 0 0
1 1 1 1 1 2 0 0 0 0
0 1 1 1 0 0 0 0 0 0
Maze 12
97 113 2.6969696970 2.2847360612 84 0.384849105494831
17 72 92 68 30 63 87 86 51 17 76 95 61 11 9 17
12 400 62 28 23 83 400 81 11 16 75 91 400 1 7
402 400 402 402 402 401 400 401 402 402 402 401 400 402 402
1 1 1 1 1 1 1 1 1 0
1 1 1 1 1 1 2 0 0 0
1 1 1 1 1 1 1 1 1 1
1 1 1 0 0 1 0 1 0 0
1 1 1 0 0 1 0 1 0 0
1 1 1 0 0 1 0 1 0 0
1 1 1 1 1 1 1 1 0 0
1 1 1 0 1 1 0 0 0 0
1 1 1 1 1 1 1 0 0 0
1 1 1 1 1 0 0 0 0 0
Maze 13
91 33 3.4782608696 2.0858885378 50 0.373839188059881
64 6 99 96 6 52 73 43 63 59 93 42 12 37 59 64
4 96 400 400 2 72 400 400 53 53 92 400 32 57 54
402 401 400 400 402 401 400 400 402 402 401 400 401 401 402
0 1 1 1 1 1 0 0 0 0
0 1 0 1 0 1 0 0 0 0
0 1 0 1 0 1 0 0 0 0
0 1 1 1 1 1 1 0 0 0
0 1 1 1 0 1 1 0 0 0
0 1 1 1 1 1 1 1 1 0
0 1 1 2 0 1 0 0 0 0
0 1 1 0 0 1 0 0 0 0
0 1 1 0 0 1 0 0 0 0
0 1 1 0 0 1 1 1 1 0
Maze 14
123 41 3.0909090909 2.1586783508 113 0.387743335210175
44 91 68 76 57 91 20 100 15 61 85 1 27 65 49 44
41 61 66 56 51 11 400 95 11 81 81 21 25 45 400
402 402 402 402 402 402 400 401 402 401 401 401 402 402 400
1 0 0 0 0 0 0 0 0 0
1 1 1 1 1 1 1 1 1 1
1 1 1 1 1 1 1 0 0 1
1 0 0 0 1 0 0 0 0 1
1 1 1 2 1 1 1 1 1 1
1 1 1 1 1 1 1 0 0 1
1 1 1 1 1 1 1 1 0 1
1 0 0 0 1 1 0 0 0 1
1 1 1 1 1 0 0 0 0 1
1 0 0 0 1 1 1 1 1 1
Maze 15
95 12 2.8888888889 2.0323207542 51 0.362990636428813
90 66 49 20 10 54 47 33 52 64 2 92 48 12 31 90
86 46 19 400 4 44 43 32 62 62 400 42 42 11 81
401 402 402 400 402 402 401 402 401 401 400 402 401 402 401
0 1 0 1 1 1 1 1 1 1
1 1 0 1 0 0 0 0 1 1
1 1 0 1 0 0 0 0 1 0
1 1 1 1 0 0 0 0 1 0
1 1 1 1 1 1 1 1 1 0
1 1 0 1 0 1 0 0 0 0
1 1 1 1 0 1 0 0 0 0
1 1 0 0 0 1 0 0 0 0
1 1 1 1 1 1 1 1 1 2
0 1 0 0 0 0 0 0 0 0
Maze 16
73 11 2.6938775510 2.1688600619 20 0.389340412615820
19 88 60 100 83 74 16 99 40 20 46 46 76 76 18 19
18 58 400 93 73 14 96 39 400 16 400 400 400 16 400
402 402 400 401 402 402 401 402 400 402 400 400 400 402 400
0 0 0 0 0 0 0 0 0 0
0 0 0 1 1 1 1 1 2 1
0 0 0 1 0 1 0 1 0 1
0 0 0 1 0 1 0 1 1 1
0 0 0 1 0 1 0 1 1 0
0 0 0 1 0 1 0 1 1 1
0 0 0 1 0 1 0 1 1 1
0 0 1 1 0 1 0 1 1 1
0 0 1 0 0 1 0 1 1 1
0 0 1 1 1 1 1 1 1 1
Maze 17
111 193 3.5438596491 2.1042567993 91 0.385058486888088
65 20 89 54 85 2 40 84 6 55 55 71 44 82 59 65
15 19 84 84 82 32 34 4 5 400 51 41 42 52 55
402 402 401 401 401 401 402 402 402 400 402 402 402 402 402
0 1 0 1 1 1 0 0 0 0
0 1 0 1 1 1 1 1 1 1
0 1 0 1 1 0 0 0 1 0
0 1 1 1 1 1 1 1 1 1
1 1 1 1 1 0 0 0 1 0
1 1 1 1 1 1 1 1 1 0
1 1 0 1 2 0 0 0 1 0
1 1 0 1 0 0 0 0 1 0
0 1 1 1 1 1 1 1 1 0
0 0 0 0 0 0 0 0 0 0
Maze 18
99 32 3.9523809524 1.9801757283 66 0.378688269187724
11 24 56 48 24 32 49 62 41 21 59 2 11 82 90 11
21 54 46 44 22 42 42 61 400 51 52 1 81 400 81
401 401 402 401 402 401 402 401 400 401 401 402 401 400 401
1 1 0 0 0 0 0 0 0 0
2 1 0 0 0 0 0 0 0 0
1 1 1 1 0 0 0 0 0 0
1 1 0 1 0 0 0 0 0 0
1 1 1 1 1 1 1 1 1 0
1 1 1 1 1 1 1 1 1 0
1 1 0 0 0 0 0 0 0 0
1 0 0 0 0 0 0 0 0 0
1 1 1 1 1 1 1 1 1 1
0 0 0 0 0 0 0 0 0 0
Maze 19
99 37 3.5714285714 1.8355989679 77 0.385832528910021
99 35 98 34 100 83 61 34 45 26 25 69 98 85 33 99
95 95 94 94 93 81 31 44 25 400 65 68 95 83 93
401 401 401 401 401 401 402 401 402 400 401 402 401 401 401
0 0 0 0 0 0 0 0 0 0
0 0 0 0 0 0 0 0 0 0
0 0 0 0 1 1 0 0 0 0
1 1 1 1 1 0 0 0 0 0
1 0 1 1 1 0 0 0 0 0
1 0 1 1 1 0 0 0 0 0
1 0 1 1 1 1 1 1 1 0
1 0 1 1 1 0 0 1 0 0
1 1 1 1 1 0 0 1 0 0
0 0 1 1 1 1 1 1 2 1
Maze 20
103 52 3.4545454545 2.2279068081 48 0.367196309681063
91 92 12 13 80 42 93 10 31 34 18 46 62 91 64 91
400 400 400 73 72 92 3 1 400 14 16 42 61 61 61
400 400 400 401 401 401 402 402 400 402 402 402 402 402 402
1 1 1 1 1 1 1 1 1 1
1 1 1 1 1 1 1 1 0 0
1 1 1 1 0 1 0 0 0 0
1 1 1 1 0 1 0 0 0 0
0 1 1 1 1 1 0 0 0 0
0 1 1 0 0 0 0 0 0 0
1 1 1 1 0 0 0 0 0 0
1 1 1 1 1 1 1 1 1 1
1 1 1 0 0 0 0 0 0 0
2 1 1 0 0 0 0 0 0 0
Maze 21
93 469 3.3333333333 2.0688403132 41 0.393540089080483
68 40 37 35 39 1 50 36 15 46 68 90 25 94 17 68
38 400 400 400 31 41 46 35 45 66 88 85 24 14 67
402 400 400 400 401 401 401 401 401 401 401 401 402 402 401
1 0 0 0 0 0 0 0 0 0
1 0 0 1 1 1 1 0 0 0
1 0 0 1 1 0 1 0 0 0
1 1 1 1 1 1 1 1 1 1
1 1 1 1 1 1 1 1 1 1
0 0 0 1 1 1 1 1 0 0
0 0 0 1 1 1 1 2 0 0
0 0 0 1 1 0 0 1 0 0
0 0 0 1 1 1 1 1 1 1
0 0 0 1 0 0 0 0 0 0
Maze 22
91 10 2.9642857143 2.2034033850 36 0.399907708921674
66 20 42 94 74 93 45 65 14 10 86 48 67 78 7 66
16 12 92 400 73 43 400 64 4 6 46 47 77 77 6
402 402 401 400 402 402 400 401 402 402 402 402 401 401 402
0 0 0 1 1 1 1 1 1 1
0 1 1 1 1 1 1 1 1 1
0 1 0 1 0 1 1 0 0 0
0 1 0 1 0 1 1 0 0 0
0 1 1 1 1 1 1 1 0 0
0 1 1 1 1 1 1 0 0 0
0 1 1 1 1 2 1 0 0 0
0 1 1 1 0 1 1 1 0 0
0 1 1 1 0 1 0 0 0 0
0 1 1 1 0 0 0 0 0 0
Maze 23
119 39 3.0312500000 2.1098870959 131 0.398624538124663
15 52 64 41 10 99 62 17 7 87 15 87 69 12 92 15
12 62 61 1 9 92 12 400 400 85 85 67 62 400 12
402 401 401 402 402 401 402 400 400 401 401 402 401 400 402
1 1 1 1 1 1 1 1 1 1
1 1 1 1 2 1 1 0 1 0
1 1 0 0 1 0 1 0 1 0
1 1 0 0 1 0 1 0 1 0
1 1 0 0 1 0 1 0 1 0
1 1 0 0 1 0 1 0 1 0
1 1 1 1 1 1 1 1 1 0
0 1 0 0 1 0 1 0 1 0
0 1 0 0 1 1 1 0 1 0
0 1 1 1 1 1 1 1 1 0
Maze 24
135 4354 3.2500000000 2.1592443850 175 0.399075914881730
10 89 4 19 49 8 18 98 1 69 63 100 31 59 85 10
9 84 14 400 48 400 400 91 61 400 93 91 51 55 5
402 401 401 400 401 400 400 401 401 400 401 401 401 402 402
1 0 0 1 1 1 1 1 1 2
1 0 0 1 1 1 1 1 1 0
1 0 0 1 1 0 0 1 1 0
1 0 0 1 1 0 0 1 1 0
1 0 0 1 1 0 0 1 1 0
1 1 1 1 1 1 1 1 1 0
1 1 1 1 1 1 1 1 1 0
1 0 1 1 1 0 0 1 1 0
1 0 1 1 1 1 1 1 1 0
1 1 1 1 1 1 1 1 1 1
Maze 25
85 56 3.1111111111 2.3092827998 50 0.391370771195361
12 73 84 91 47 65 3 31 36 27 84 15 28 78 38 12
72 83 81 41 45 63 1 400 26 24 14 25 400 400 32
401 401 402 402 402 401 402 400 402 402 402 401 400 400 401
1 1 1 0 0 0 0 0 0 0
1 2 1 1 1 0 0 0 0 0
1 1 1 1 1 1 1 1 0 0
1 1 1 1 1 1 1 1 0 0
1 1 1 1 1 1 1 1 0 0
1 1 1 1 1 0 0 1 0 0
1 1 1 1 1 0 0 1 0 0
1 1 1 1 0 0 0 1 0 0
1 1 1 1 0 0 0 0 0 0
1 0 0 0 0 0 0 0 0 0
Maze 26
81 39 3.1020408163 2.2433568690 35 0.363442175915696
73 58 39 25 42 41 52 69 75 95 27 21 6 61 34 73
53 38 35 22 400 51 62 65 400 25 400 1 1 31 33
402 402 401 402 400 401 401 402 400 402 400 402 402 402 402
1 1 1 1 1 1 0 0 0 0
1 0 0 0 0 0 0 0 0 0
1 1 1 1 1 1 1 0 0 0
1 1 1 1 1 1 1 1 1 0
1 1 1 0 1 0 0 1 0 0
1 1 1 1 1 1 1 1 0 0
1 1 1 1 1 1 1 1 1 0
0 0 2 0 1 0 0 0 0 0
0 0 0 0 1 0 0 0 0 0
0 0 0 0 1 0 0 0 0 0
Maze 27
87 512 3.4347826087 2.1329832892 50 0.401565266896443
5 85 40 84 58 64 46 27 99 66 28 18 50 70 45 5
400 35 34 54 54 44 26 97 96 26 400 48 400 65 400
400 402 402 402 402 402 402 401 401 402 400 401 400 401 400
0 0 0 0 2 0 0 0 0 0
0 0 0 0 1 0 0 1 0 0
0 0 0 0 1 1 1 1 0 0
0 0 0 1 1 1 1 1 1 1
0 0 0 1 1 1 1 1 1 1
0 0 0 1 1 1 1 1 0 1
0 0 0 1 1 1 1 1 1 1
0 0 0 1 1 1 1 0 0 0
0 0 0 1 1 1 1 0 0 0
0 0 0 0 0 1 1 1 1 0
Maze 28
97 311 3.7391304348 1.9800441945 77 0.384058353036551
30 37 76 14 68 61 31 37 56 26 22 25 41 80 92 30
27 36 74 64 400 400 400 36 400 400 400 21 71 72 22
402 402 401 401 400 400 400 402 400 400 400 402 401 402 402
0 0 0 0 0 0 0 0 0 0
0 0 0 1 0 0 0 0 0 0
1 1 1 1 1 1 1 1 1 2
1 1 1 1 1 1 1 0 0 0
1 1 0 1 0 1 0 0 0 0
1 1 0 1 0 1 0 0 0 0
1 1 1 1 1 1 1 1 0 0
1 1 1 1 1 1 1 1 1 1
0 1 0 0 0 0 0 0 0 0
0 1 0 0 0 0 0 0 0 0
Maze 29
115 33 3.6470588235 1.9060153595 130 0.390702931422245
44 7 84 8 12 54 35 60 63 61 37 4 63 100 3 44
4 4 4 2 52 34 55 53 400 31 34 3 93 93 43
402 402 402 402 401 402 401 402 400 402 401 402 401 401 401
0 1 1 1 1 1 1 1 0 0
0 1 1 1 0 0 0 0 0 0
0 1 1 1 0 0 0 0 0 0
1 1 1 1 1 1 1 0 0 0
1 1 1 2 1 0 0 0 0 0
1 1 1 1 1 1 1 1 1 1
1 1 1 1 0 0 0 0 0 0
0 0 1 1 0 0 0 0 0 0
0 0 1 1 0 0 0 0 0 0
0 0 1 1 1 1 1 1 1 1
Maze 30
91 183 3.0175438596 2.2002656259 50 0.390115084762399
48 64 67 49 45 55 14 92 6 98 81 60 77 38 29 48
44 400 47 400 400 54 12 2 96 91 51 57 37 28 28
402 400 402 400 400 401 402 402 401 401 402 402 402 402 402
0 1 1 1 1 1 0 0 0 0
0 1 1 1 0 1 0 0 0 0
0 1 0 1 0 1 0 1 1 0
0 1 0 1 0 1 1 1 0 0
0 1 0 1 1 1 1 2 1 0
1 1 1 1 1 1 1 1 1 1
1 1 0 1 1 1 1 0 0 0
1 1 0 0 0 1 1 0 0 0
1 1 0 0 0 1 0 0 0 0
1 1 1 1 1 1 1 1 0 0
Maze 31
81 5 3.0980392157 2.3113373802 26 0.353566947462868
67 93 97 94 81 90 53 1 28 7 5 31 54 45 52 67
63 400 400 91 400 83 51 21 27 400 1 51 44 42 62
402 400 400 401 400 401 401 401 401 400 402 401 402 402 401
1 1 1 1 1 1 1 0 0 0
1 0 0 0 0 0 1 0 0 0
1 1 1 1 1 1 1 1 0 0
1 0 0 0 0 0 0 0 0 0
1 1 1 1 1 0 0 0 0 0
1 1 1 1 0 0 0 0 0 0
0 1 1 1 1 1 2 0 0 0
0 0 1 0 0 0 0 0 0 0
1 1 1 1 1 1 1 1 1 1
1 1 1 1 1 1 1 0 0 0
Maze 32
85 79 3.1818181818 1.9960770970 50 0.390379104621730
2 1 63 44 36 7 84 11 23 36 10 15 28 63 36 2
400 61 43 34 6 4 81 21 33 6 5 25 23 33 32
400 401 402 402 402 402 401 401 401 402 402 401 402 402 401
1 2 0 1 1 1 1 1 1 1
1 1 0 1 1 1 0 0 0 0
1 1 1 1 1 1 1 1 0 0
1 1 1 1 1 1 0 0 0 0
1 0 1 1 0 0 0 0 0 0
1 0 1 1 0 0 0 0 0 0
1 1 1 1 0 0 0 0 0 0
1 0 0 1 0 0 0 0 0 0
1 1 1 1 0 0 0 0 0 0
0 0 0 0 0 0 0 0 0 0
Maze 33
105 375 3.2131147541 2.2766398377 112 0.385199598046456
7 1 53 31 19 22 92 74 5 39 65 49 13 41 78 7
400 51 51 11 12 400 72 4 35 35 45 43 11 71 77
400 401 401 402 402 400 402 402 401 402 402 401 402 401 401
1 1 1 1 1 1 2 0 0 0
1 1 1 1 1 1 1 1 1 0
1 1 1 1 1 0 1 0 0 0
1 1 1 1 1 1 1 1 1 0
1 1 1 1 1 1 1 1 1 0
1 1 1 1 1 0 1 0 0 0
1 1 0 1 1 0 1 0 0 0
1 1 1 1 1 1 1 1 0 0
0 1 0 0 0 0 0 0 0 0
0 1 0 0 0 0 0 0 0 0
Maze 34
131 228 3.4285714286 2.0382430764 145 0.392506776693438
52 6 6 61 30 11 90 70 47 81 59 80 37 2 90 52
2 400 1 21 21 81 400 67 41 51 79 77 32 82 82
402 400 402 402 401 401 400 401 402 402 401 401 401 401 401
1 1 1 1 1 1 0 0 0 0
1 1 0 0 0 0 0 0 0 0
1 1 1 1 1 1 1 1 1 1
1 1 1 1 1 1 1 0 0 0
1 1 1 1 1 1 1 0 0 0
1 2 1 1 1 1 1 1 1 0
1 1 0 0 0 0 1 1 1 1
1 1 0 0 0 0 1 1 1 1
1 1 1 1 1 1 1 1 1 1
0 0 0 0 0 0 0 0 0 0
Maze 35
93 108 3.0000000000 2.0921215796 50 0.395041240303102
56 7 12 6 8 82 63 14 64 63 69 54 98 16 1 56
6 2 2 400 2 62 13 400 400 400 64 94 96 11 51
402 402 402 400 402 402 402 400 400 400 401 401 401 401 401
1 1 1 1 1 1 1 1 0 0
1 1 1 1 1 1 0 0 0 0
1 1 1 1 0 1 0 0 0 0
1 1 1 1 0 1 0 0 0 0
1 1 1 1 0 1 0 0 0 0
1 1 1 1 1 2 0 0 0 0
0 1 1 1 1 1 1 1 1 0
0 1 0 1 0 1 0 0 0 0
0 1 0 1 0 1 0 0 0 0
0 0 0 1 1 1 1 1 0 0
Maze 36
99 72 3.4509803922 2.0846340683 71 0.388515837296870
19 53 30 66 17 48 36 88 69 22 92 83 22 44 94 19
13 23 26 16 47 46 86 68 62 400 82 82 42 400 14
402 402 402 402 401 401 401 402 401 400 402 401 401 400 402
0 0 0 0 0 0 0 0 0 0
0 0 1 1 1 1 1 1 2 0
0 1 1 1 1 1 1 1 1 1
0 1 1 1 0 1 1 0 0 0
0 1 1 1 0 1 1 1 0 0
0 1 1 1 0 1 0 0 0 0
0 1 1 1 1 1 1 1 1 0
0 1 0 1 0 1 0 1 0 0
0 1 1 1 0 1 1 1 0 0
0 1 0 1 0 0 0 0 0 0
Maze 37
87 551 2.7096774194 2.4139812339 44 0.363783139109441
40 38 73 79 18 42 11 31 21 49 99 88 64 32 95 40
400 33 400 78 12 41 400 400 41 400 98 84 62 92 35
400 402 400 401 402 401 400 400 401 400 401 401 401 401 402
0 0 0 0 0 0 0 0 0 0
1 1 1 1 1 1 1 1 0 0
1 1 0 0 0 0 0 1 0 0
1 1 1 1 1 1 1 1 1 2
1 1 1 1 1 1 1 1 1 0
0 1 1 0 1 0 0 1 1 0
0 1 1 1 1 0 0 1 1 0
0 1 1 1 1 1 1 1 1 0
0 1 0 1 1 1 1 1 1 0
0 1 1 1 1 0 0 1 1 0
Maze 38
113 98 3.4827586207 2.0921563268 112 0.389990811588597
59 4 90 95 13 98 72 86 18 49 43 8 3 45 76 59
54 84 85 93 93 92 82 16 48 400 3 400 43 75 56
401 401 402 401 401 401 401 402 401 400 402 400 401 401 402
0 0 1 1 1 1 1 1 0 0
0 0 1 1 0 1 1 1 0 0
0 0 1 1 0 1 0 1 0 0
0 0 1 1 0 1 0 1 0 0
0 0 1 1 1 1 1 1 1 0
0 0 1 1 1 1 1 1 2 0
0 0 1 1 1 1 0 0 0 0
0 1 1 1 1 1 0 0 0 0
0 1 1 1 1 1 1 1 1 1
0 1 1 1 1 1 1 1 0 0
Maze 39
119 172 3.4062500000 2.2206056118 140 0.403271529472108
75 20 61 2 97 32 46 78 11 13 53 7 6 60 18 75
15 11 1 92 92 42 76 71 400 400 3 400 56 58 15
402 402 402 401 401 401 401 401 400 400 402 400 401 401 402
1 1 1 1 1 1 1 0 0 0
1 1 1 1 1 1 1 1 1 1
1 1 1 0 1 1 0 1 0 0
1 1 1 0 1 1 0 1 0 0
1 1 1 1 1 1 0 1 0 0
1 1 1 0 1 1 1 1 1 1
1 1 0 0 1 1 0 0 0 0
1 1 1 1 2 1 1 1 0 0
0 1 0 0 0 0 0 0 0 0
0 1 1 1 1 1 1 0 0 0
Maze 40
85 54 3.5121951220 1.9251786428 36 0.398860264159020
36 24 32 9 24 4 54 39 62 17 24 57 19 59 54 36
34 22 2 4 400 400 34 32 12 14 54 17 400 400 34
401 402 402 402 400 400 402 402 402 402 401 402 400 400 402
0 1 1 1 1 1 1 1 1 0
0 1 1 1 1 1 1 1 1 0
0 1 1 1 0 0 1 0 1 0
0 1 1 1 1 2 1 1 1 0
0 1 0 1 0 0 1 0 1 0
0 1 0 1 1 1 1 1 1 0
0 1 0 0 0 0 0 0 0 0
0 0 0 0 0 0 0 0 0 0
0 0 0 0 0 0 0 0 0 0
0 0 0 0 0 0 0 0 0 0
Maze 41
97 82 3.2916666667 1.8884841937 62 0.385571301400853
41 11 37 28 95 63 19 92 88 63 33 75 19 16 21 41
400 31 27 25 93 13 12 82 83 400 73 15 400 11 400
400 401 402 402 401 402 402 402 401 400 401 402 400 402 400
0 0 0 0 0 0 0 0 0 0
1 1 1 1 1 1 1 1 1 0
1 1 1 0 1 1 1 1 0 0
1 1 1 1 1 1 1 0 0 0
2 1 1 0 1 0 0 0 0 0
0 1 1 0 1 0 0 0 0 0
0 1 1 0 1 0 0 0 0 0
0 1 1 1 1 0 0 0 0 0
0 1 1 1 1 1 1 1 0 0
0 1 1 1 1 0 0 0 0 0
Maze 42
141 343 3.4516129032 1.9600542378 229 0.375983028242599
92 97 18 82 68 41 60 1 86 5 81 2 99 57 85 92
400 17 12 62 61 51 51 81 85 1 1 92 97 55 82
400 402 402 402 401 401 401 401 401 402 402 401 401 402 402
1 1 1 1 1 0 0 0 0 0
1 1 1 1 1 1 1 1 0 0
1 1 0 0 1 0 1 0 0 0
1 1 0 0 1 0 1 0 0 0
1 1 0 0 1 0 1 0 0 0
1 1 1 1 1 1 1 1 1 1
1 1 1 1 1 1 1 1 0 0
1 1 0 0 1 0 1 0 0 0
1 1 1 1 1 1 1 0 0 0
0 2 1 1 1 1 1 1 1 0
Maze 43
105 208 3.2413793103 2.1764155732 120 0.381163947044403
73 7 56 77 29 47 63 98 63 14 81 78 56 81 69 73
3 6 76 27 27 43 93 93 13 11 71 76 51 61 63
402 402 401 402 402 402 401 401 402 402 402 401 402 402 402
0 0 1 1 1 1 1 0 0 0
1 1 1 1 0 1 0 0 0 0
1 0 1 0 0 1 1 1 1 0
1 0 1 0 0 1 1 0 0 0
1 0 1 1 1 1 1 0 0 0
1 1 1 1 1 1 1 0 0 0
1 1 1 1 1 1 1 1 1 0
1 1 2 1 1 1 1 1 0 0
1 0 1 0 0 0 0 0 0 0
0 0 1 1 1 1 1 1 0 0
Maze 44
93 382 2.7058823529 2.4234986526 56 0.368359668665079
55 40 16 85 34 54 58 8 42 64 70 96 3 71 76 55
35 36 15 84 400 400 400 2 62 400 66 93 1 400 75
402 401 402 401 400 400 400 402 401 400 402 401 402 400 401
1 1 1 1 1 1 1 1 0 0
1 1 1 0 1 1 0 1 0 0
1 1 1 0 1 1 0 1 0 0
1 1 1 1 1 1 1 1 1 1
1 1 1 1 1 0 0 1 0 0
1 1 1 1 2 1 1 1 0 0
1 1 1 1 1 1 1 1 1 1
1 1 1 1 1 1 0 0 0 0
0 0 1 1 1 1 0 0 0 0
0 0 1 1 1 1 0 0 0 0
Maze 45
99 527 3.0476190476 2.3773185414 65 0.377141980641832
97 12 38 18 50 80 39 89 36 43 89 44 28 11 66 97
92 32 400 48 400 79 400 86 33 83 84 24 21 61 96
401 401 400 401 400 401 400 401 402 401 401 402 401 401 401
0 0 0 0 0 0 0 0 0 0
1 1 0 0 0 0 0 1 0 0
1 1 1 1 1 1 1 1 0 0
1 1 1 1 1 1 1 1 1 0
1 1 1 1 0 1 0 1 1 1
1 1 1 1 0 1 0 0 1 1
1 1 1 1 1 1 0 0 1 1
0 1 1 1 0 1 0 0 1 1
0 1 1 1 1 1 1 1 1 0
0 1 1 1 1 1 2 0 0 0
Maze 46
87 52 3.1481481481 2.2215787790 50 0.384319847750139
82 76 65 90 86 92 51 59 10 99 82 68 60 55 22 82
72 75 85 400 82 91 400 9 9 92 62 58 400 52 400
402 401 401 400 402 401 400 402 402 401 402 402 400 401 400
0 0 0 0 0 0 0 0 1 1
0 0 0 0 0 0 0 0 1 0
0 1 0 0 0 0 0 0 1 0
0 1 0 0 0 0 0 0 1 0
0 1 0 0 0 0 0 0 1 0
1 1 1 1 1 1 1 1 1 1
1 1 1 1 1 1 1 1 1 0
1 1 1 1 1 1 0 0 1 0
1 2 1 1 1 1 1 1 1 1
1 1 1 1 1 1 1 1 1 0
Maze 47
105 106 3.3898305085 2.3251085466 59 0.371538653075613
83 58 31 100 88 32 20 17 15 71 43 66 74 49 92 83
53 51 91 98 82 12 400 400 11 41 63 64 44 42 82
402 401 401 401 401 402 400 400 402 402 401 402 402 402 402
0 0 0 0 0 0 0 0 0 0
1 1 1 1 1 1 1 1 1 1
1 1 0 0 0 0 0 0 0 0
1 1 0 0 0 0 0 0 0 0
1 1 1 1 1 1 1 1 1 0
1 1 1 1 1 1 1 1 0 0
1 1 1 1 1 1 0 0 0 0
1 1 1 1 0 0 0 0 0 0
1 1 2 1 1 1 1 1 0 0
1 1 1 1 1 1 1 1 1 1
Maze 48
105 182 3.4385964912 2.1810563358 105 0.403013369578378
72 9 74 59 97 87 13 95 86 98 32 50 23 31 33 72
2 4 54 57 400 83 93 85 96 92 42 43 21 400 32
402 402 402 402 400 401 401 402 401 401 401 401 402 400 402
0 1 1 1 1 1 1 1 1 0
0 1 1 1 0 0 0 0 0 0
1 1 1 1 0 0 0 0 0 0
1 1 1 1 0 0 0 0 0 0
0 1 1 1 1 1 1 1 1 1
0 1 1 1 1 1 1 1 1 0
0 1 1 1 0 0 1 0 0 0
0 2 1 1 0 0 1 0 0 0
0 1 1 1 1 1 1 0 0 0
0 1 1 1 1 1 1 1 0 0
Maze 49
83 32 3.2653061224 2.2159110899 23 0.369102362209520
90 93 54 57 57 19 5 44 97 48 97 2 86 88 87 90
83 53 400 400 17 15 4 94 47 47 92 82 400 400 400
402 402 400 400 402 401 402 401 402 402 401 401 400 400 400
0 1 0 1 1 0 0 0 0 0
0 1 0 1 1 1 1 1 1 0
0 1 0 1 0 0 1 0 0 0
0 1 0 1 0 0 1 0 0 0
0 1 0 1 0 0 1 1 0 0
0 1 1 1 1 1 1 0 0 0
0 1 1 1 0 0 1 0 0 0
0 1 1 1 0 0 1 0 0 0
0 1 1 1 1 1 1 1 1 2
0 1 1 1 1 1 1 0 0 0
Maze 50
105 574 3.0909090909 2.2814183635 97 0.373256952557443
68 16 73 98 75 10 31 80 37 31 22 43 36 20 25 68
66 13 93 95 5 1 71 77 400 21 42 33 16 15 65
401 402 401 401 402 402 401 401 400 402 401 402 402 402 401
1 1 1 1 1 1 1 1 1 1
1 0 1 1 1 1 1 1 1 1
1 1 1 0 1 1 0 0 0 0
1 1 1 1 1 1 1 0 0 0
1 1 1 0 1 1 1 0 0 0
1 0 1 0 1 1 1 0 0 0
1 0 1 0 1 1 1 2 0 0
1 1 1 1 1 1 1 1 1 1
0 0 1 0 1 0 0 0 0 0
0 0 1 1 1 1 1 1 0 0
Maze 51
109 838 3.1578947368 2.0180481879 120 0.389282080793885
75 78 65 37 80 41 96 28 72 59 79 28 96 27 3 75
400 75 35 77 71 91 26 22 52 400 78 26 26 23 73
400 401 402 401 401 401 402 402 402 400 401 402 402 401 401
0 0 1 0 0 0 0 0 0 0
0 0 1 0 0 0 0 0 0 0
0 1 1 1 1 1 1 1 0 0
0 1 1 0 1 1 1 1 0 0
1 1 1 0 1 1 1 1 0 0
1 1 1 1 1 1 1 1 1 0
1 1 1 0 1 1 1 1 1 0
1 1 1 1 2 1 1 1 1 1
1 0 0 0 0 1 0 0 0 0
1 1 1 1 1 1 0 0 0 0
Maze 52
99 52 3.4230769231 2.0466653702 65 0.369959866482054
72 86 14 30 34 75 28 80 20 84 91 77 52 58 57 72
82 84 24 24 74 25 78 400 14 81 71 72 400 400 52
401 401 401 402 401 402 401 400 402 402 402 401 400 400 402
0 0 0 0 0 0 0 0 0 0
0 0 0 1 1 1 1 1 1 1
0 0 0 1 1 1 1 1 1 1
0 0 0 1 1 0 0 1 0 1
0 0 0 1 1 0 0 1 0 1
0 1 1 1 1 1 1 1 0 1
0 1 0 1 1 0 0 1 0 1
1 2 1 1 1 1 1 1 1 1
1 1 1 1 1 1 0 0 0 0
1 0 0 0 0 0 0 0 0 0
Maze 53
117 145 3.0943396226 1.7939842267 120 0.364586231587596
53 97 7 92 57 87 10 72 93 64 84 28 72 99 76 53
93 400 2 52 400 7 2 92 63 400 24 22 92 96 73
401 400 402 402 400 402 402 401 402 400 402 402 401 401 401
0 1 1 1 1 1 1 1 1 1
0 1 0 0 0 0 1 0 0 0
0 1 1 1 1 1 1 1 0 0
0 1 0 1 0 0 1 0 0 0
0 1 0 1 0 0 1 0 0 0
0 1 2 1 1 1 1 0 0 0
0 1 1 1 0 0 1 0 0 0
0 1 1 1 1 1 1 0 0 0
0 1 1 1 0 1 1 0 0 0
0 1 1 1 1 1 1 1 1 0
Maze 54
99 19 3.1428571429 1.9625296936 84 0.386463900846057
39 79 81 33 76 42 41 16 14 79 80 36 55 38 91 39
400 71 31 73 72 400 11 400 74 400 76 35 35 31 31
400 402 402 401 401 400 402 400 401 400 401 402 402 402 402
0 0 0 0 0 0 0 0 0 0
1 1 1 1 1 1 0 0 0 0
1 0 0 1 0 0 0 0 0 0
1 1 1 1 1 1 1 1 2 0
1 1 1 1 1 1 0 0 1 0
1 1 1 1 1 1 0 0 1 0
1 1 1 1 0 1 0 0 1 0
1 1 1 1 1 1 1 1 1 1
1 0 0 0 0 0 0 0 0 0
1 0 0 0 0 0 0 0 0 0
Maze 55
105 184 2.8493150685 2.3369083181 65 0.398086911188474
57 69 24 15 84 91 50 72 99 28 32 6 10 99 85 57
67 64 14 14 81 41 42 92 98 22 2 400 9 95 55
401 401 402 402 402 402 402 401 401 402 402 400 402 401 402
0 1 1 1 1 1 1 1 1 1
0 1 0 1 1 0 0 0 1 0
0 1 1 1 1 1 1 1 1 0
0 1 0 1 0 0 0 1 1 0
1 1 1 1 1 1 1 1 1 1
1 1 0 1 1 1 2 1 1 0
1 1 0 1 1 1 1 1 1 0
1 1 0 1 1 0 0 1 1 0
1 1 1 1 1 0 0 1 1 0
1 1 1 1 1 1 1 1 1 0
Maze 56
99 3 3.2156862745 2.0297752770 49 0.393668089483913
92 18 38 8 40 44 89 83 97 42 52 70 70 23 68 92
12 400 400 38 34 84 400 93 92 400 62 400 63 63 62
402 400 400 401 402 401 400 401 401 400 401 400 401 401 402
0 0 0 0 0 0 0 1 0 0
0 1 1 1 1 1 1 1 0 0
0 1 1 0 0 0 0 1 0 0
0 1 1 1 1 1 1 1 1 1
0 1 1 1 0 0 0 0 0 0
0 1 1 1 0 0 0 0 0 0
0 1 1 1 1 1 1 1 1 1
0 1 0 1 0 0 0 0 0 0
0 1 1 1 1 1 1 1 1 0
0 2 1 1 1 1 1 0 0 0
Maze 57
111 2698 3.3225806452 2.2507286381 98 0.383349821109002
50 28 96 22 58 19 23 68 91 78 26 47 3 22 84 50
48 26 92 52 18 13 63 61 71 76 46 43 2 82 44
401 402 401 401 402 402 401 402 402 401 401 401 402 401 402
0 1 1 0 0 0 0 0 0 0
0 1 1 1 1 1 1 1 1 0
0 1 1 0 0 1 1 1 0 0
0 1 1 0 0 1 0 1 0 0
0 1 1 1 1 1 1 1 1 2
0 1 1 1 1 1 1 1 0 0
1 1 1 1 1 1 1 1 0 0
1 1 1 1 1 1 1 1 0 0
1 1 1 1 0 1 0 0 0 0
1 1 1 1 1 1 0 0 0 0
Maze 58
83 27 3.0476190476 1.8161988169 23 0.375281378944544
38 25 22 37 40 68 100 56 14 12 39 32 3 18 31 38
35 400 32 400 38 98 96 54 400 32 400 2 13 11 400
401 400 401 400 402 401 401 401 400 401 400 402 401 402 400
0 1 1 0 0 0 0 0 0 0
1 1 1 1 1 1 1 1 0 0
1 1 1 1 1 0 0 0 0 0
1 1 1 1 1 1 1 2 1 1
0 0 0 1 0 0 0 1 0 0
0 0 0 1 1 1 0 1 0 0
0 0 0 0 0 1 0 1 0 0
0 0 0 0 0 1 0 1 0 0
0 0 0 0 0 1 0 1 0 0
0 0 0 0 0 1 1 1 1 1
Maze 59
79 39 3.1904761905 1.9652566686 26 0.369194733097997
88 83 33 38 66 89 82 31 23 56 38 13 41 68 96 88
400 400 400 36 86 400 81 21 53 36 33 11 61 66 86
400 400 400 402 401 400 401 402 401 402 401 402 401 402 402
0 0 0 0 0 0 0 0 0 0
1 1 1 0 0 0 0 0 0 0
1 1 1 0 0 0 0 0 0 0
1 0 1 1 1 1 1 1 0 0
1 0 1 0 0 1 0 0 0 0
1 0 1 1 1 1 0 0 0 0
1 1 1 1 1 1 1 1 0 0
1 0 1 0 0 1 0 0 0 0
1 1 1 1 1 1 1 2 1 0
0 0 0 0 0 1 0 0 0 0
Maze 60
107 343 3.1147540984 2.2850533409 83 0.394252211375181
97 88 84 59 30 63 100 52 99 20 76 98 28 10 88 97
87 400 54 29 23 93 92 92 19 16 96 400 8 8 87
402 400 402 402 402 401 401 401 402 402 401 400 402 402 402
0 0 0 0 0 0 0 1 1 1
0 0 0 0 0 1 1 1 1 1
0 0 1 1 1 1 1 1 1 1
0 0 1 0 0 1 0 1 1 0
0 0 1 0 0 1 0 1 1 0
0 1 1 1 1 1 1 1 1 0
0 1 1 1 0 1 0 1 1 0
0 1 1 1 0 1 0 1 1 0
0 1 1 1 1 1 1 1 1 0
0 1 1 1 1 1 2 1 1 1
Maze 61
101 135 3.5600000000 2.0572046726 77 0.384378575727055
38 63 83 64 66 94 20 97 85 23 57 31 69 32 54 38
33 400 63 400 64 14 17 95 83 53 51 61 62 52 34
402 400 402 400 402 402 402 401 401 401 401 401 401 401 402
0 0 0 0 0 0 0 0 0 0
0 0 0 1 1 1 1 1 1 1
0 0 1 1 0 0 1 0 0 0
1 1 1 1 1 1 1 2 0 0
1 1 1 1 0 0 1 0 0 0
1 1 1 1 1 1 1 0 0 0
1 1 1 1 1 1 1 1 1 0
0 0 1 1 0 0 1 0 0 0
0 0 1 1 1 0 1 0 0 0
0 0 0 1 1 1 1 0 0 0
Maze 62
103 42 3.3913043478 1.7906684733 58 0.387491993905639
100 56 81 36 42 39 24 39 26 99 86 18 33 3 27 100
96 51 31 32 32 34 34 36 96 96 16 13 400 23 97
401 402 402 402 402 401 401 401 401 401 402 402 400 401 401
0 0 1 0 0 0 0 0 0 0
0 0 1 1 1 1 1 1 0 0
0 0 1 1 1 1 1 0 0 0
1 1 1 1 1 1 1 1 1 0
1 1 0 0 0 1 1 0 0 0
1 1 1 1 1 1 1 0 0 0
1 0 0 0 0 1 1 0 0 0
1 0 0 0 0 1 1 0 0 0
1 0 0 0 0 1 1 0 0 0
0 0 0 0 0 1 1 1 1 2
Maze 63
97 73 2.9836065574 2.2802289250 70 0.392913735815607
72 55 33 24 94 93 74 28 71 14 10 45 50 80 4 72
52 53 23 400 400 73 24 21 11 4 5 400 400 74 2
402 401 402 400 400 402 402 402 402 402 402 400 400 401 402
0 1 1 1 1 1 1 1 1 1
1 1 1 1 1 0 0 0 0 0
1 1 1 1 1 1 1 1 0 0
1 1 1 1 1 0 0 0 0 0
1 1 1 1 1 1 1 1 1 1
1 1 1 1 1 0 0 0 0 1
1 1 0 1 0 0 0 0 0 1
1 2 1 1 1 1 1 1 1 1
0 0 1 1 0 0 0 0 0 0
0 0 1 1 0 0 0 0 0 0
Maze 64
91 78 3.2272727273 1.9385228328 56 0.380035508623527
84 45 95 87 47 17 94 14 36 65 61 24 49 14 60 84
44 400 85 400 400 14 400 34 35 400 21 44 44 54 54
402 400 402 400 400 402 400 401 402 400 402 401 401 401 402
0 0 0 0 0 0 0 0 0 0
0 0 0 1 1 1 1 0 0 0
1 1 1 1 0 0 1 0 0 0
1 0 0 1 1 1 1 0 0 0
1 0 0 1 1 1 1 1 1 0
1 0 0 1 1 1 1 1 1 1
1 1 1 1 1 0 1 0 0 0
0 0 0 1 1 0 1 0 0 0
0 0 0 2 1 1 1 0 0 0
0 0 0 1 1 0 0 0 0 0
Maze 65
119 297 3.2666666667 2.1148579047 127 0.381584079259259
65 100 24 9 85 29 15 69 91 40 8 47 85 69 49 65
95 94 4 5 25 25 65 61 31 38 7 45 65 400 45
401 401 402 402 402 401 401 402 402 401 402 402 402 400 402
0 0 0 1 1 1 1 1 1 0
0 0 0 1 1 0 1 1 0 0
0 0 0 1 1 1 1 1 1 0
1 1 1 1 1 1 1 1 1 1
1 0 0 1 1 1 1 1 1 0
1 0 0 1 1 0 0 0 1 0
1 1 1 1 2 1 1 1 1 0
1 0 0 1 1 0 0 0 0 0
1 0 0 1 1 0 0 0 0 0
1 0 0 1 1 1 1 1 1 1
Maze 66
87 104 2.8474576271 2.3598964008 44 0.394100048783438
77 40 28 61 77 92 35 86 54 14 19 43 38 78 80 77
37 38 21 71 72 32 85 84 400 400 13 33 400 400 400
402 401 402 401 402 402 401 401 400 400 402 402 400 400 400
0 0 0 0 0 0 0 0 0 0
0 0 1 1 1 1 1 1 1 0
1 1 1 1 1 1 1 1 0 0
1 1 1 1 1 1 1 1 1 1
1 1 1 1 1 0 1 1 0 0
1 1 0 1 1 0 1 1 0 0
1 1 0 1 1 0 1 1 0 0
1 1 1 1 1 1 2 1 1 1
0 1 0 1 1 1 0 0 0 0
0 1 0 0 0 0 0 0 0 0
Maze 67
79 8 2.3461538462 2.0426134039 17 0.385005507756872
82 15 85 53 55 96 78 9 90 84 42 32 45 97 85 82
12 400 83 400 95 76 8 89 400 82 400 42 95 95 400
402 400 401 400 401 402 402 401 400 401 400 401 401 401 400
0 0 0 0 0 0 0 1 1 0
0 1 1 1 1 0 0 1 1 0
0 1 0 0 1 0 0 1 1 0
0 1 0 0 1 0 0 1 1 0
0 1 1 1 1 0 0 1 1 0
0 1 1 1 1 0 0 1 1 0
0 1 1 0 1 0 0 1 1 0
0 1 1 0 1 1 1 1 1 0
0 2 1 1 1 1 1 1 1 1
0 0 0 0 1 1 1 0 0 0
Maze 68
89 69 2.8965517241 2.2453530182 56 0.386440751157704
60 54 27 66 74 81 54 21 23 90 97 70 8 27 3 60
400 24 26 64 71 51 51 400 83 87 67 68 7 23 53
400 402 402 402 402 402 401 400 401 402 402 401 402 401 401
0 0 1 0 0 0 1 1 0 0
0 0 1 0 0 0 1 1 0 0
1 1 1 1 1 1 1 1 0 0
1 0 1 1 0 1 0 1 0 0
1 0 1 1 0 1 0 1 0 0
1 1 1 1 1 1 1 1 1 2
1 0 1 1 1 1 1 1 1 1
1 1 1 1 0 0 1 0 0 0
1 0 1 1 1 1 1 1 1 1
0 0 0 0 0 0 1 0 0 0
Maze 69
101 3132 2.9375000000 2.2340692958 70 0.388969962774540
8 63 37 59 89 74 29 71 91 87 26 9 78 83 35 8
3 33 57 400 84 24 21 400 81 86 6 8 73 33 5
402 402 401 400 401 402 402 400 402 401 402 402 402 402 402
0 0 1 1 1 1 1 2 1 0
0 0 1 0 1 1 0 1 0 0
1 1 1 1 1 1 1 1 1 0
1 0 1 1 1 1 1 1 0 0
1 0 1 1 0 1 1 1 0 0
1 0 1 1 0 1 1 1 1 0
1 0 1 1 0 1 0 1 1 0
1 0 1 1 1 1 1 1 1 0
1 1 1 1 1 1 1 1 1 0
1 0 0 0 0 0 0 0 0 0
Maze 70
83 333 2.9795918367 2.0916755873 30 0.375960335033276
67 17 88 68 38 50 34 88 38 61 52 68 36 2 6 67
400 87 400 400 48 44 84 400 31 51 62 66 32 400 66
400 401 400 400 401 401 401 400 402 402 401 401 401 400 401
0 1 1 1 1 1 0 0 0 0
0 1 0 0 0 1 1 0 0 0
0 1 0 0 0 1 1 0 0 0
1 1 1 1 1 1 1 1 0 0
1 0 0 1 1 1 1 1 1 1
1 1 0 1 0 1 1 1 0 0
1 1 1 1 1 1 2 1 0 0
0 0 0 1 0 0 1 1 0 0
0 0 0 1 1 1 1 1 0 0
0 0 0 0 0 0 0 0 0 0
Maze 71
103 138 3.4893617021 1.8323485676 50 0.379604710731796
96 32 5 36 14 46 13 25 82 73 8 52 86 28 42 96
92 2 35 34 44 43 23 22 72 3 2 82 26 22 92
401 402 401 401 401 401 401 402 402 402 402 401 402 402 401
0 1 1 1 1 1 1 1 0 0
0 1 1 1 1 0 0 0 0 0
0 1 1 1 1 1 1 1 0 0
0 1 1 1 1 1 0 0 0 0
0 1 1 1 1 1 0 0 0 0
0 1 1 0 0 1 0 0 0 0
0 1 1 0 0 1 0 0 0 0
0 1 1 0 0 1 0 0 0 0
0 1 1 1 1 1 0 0 0 0
0 1 1 1 1 2 0 0 0 0
Maze 72
109 1586 3.1746031746 2.2307568096 104 0.382236976944547
96 74 93 20 68 86 58 13 77 26 61 64 7 21 39 96
94 73 13 18 66 56 53 73 76 21 400 4 1 31 36
401 402 402 402 402 402 401 401 401 402 400 402 402 401 402
1 1 1 1 1 1 1 0 0 0
1 0 1 1 1 1 1 1 1 1
1 1 1 1 1 1 0 1 0 0
1 1 1 1 1 1 1 1 1 0
1 0 1 1 0 1 0 1 0 0
1 0 1 1 1 1 1 1 0 0
1 1 1 1 0 1 1 1 0 0
0 0 1 1 1 1 1 0 0 0
0 0 1 1 0 1 0 0 0 0
0 0 1 1 1 2 0 0 0 0
Maze 73
119 22 2.7887323944 2.1465854247 127 0.371579369060949
85 2 51 88 91 85 27 40 97 84 10 71 85 100 50 85
82 1 81 81 81 25 37 37 94 4 1 81 95 400 45
401 402 401 402 402 402 401 402 401 402 402 401 401 400 402
1 1 1 1 1 1 1 1 1 1
1 1 0 1 0 0 0 0 0 0
1 1 0 1 1 1 1 0 0 0
1 1 0 1 1 0 1 1 1 1
1 1 0 1 1 1 1 1 1 1
1 1 0 1 1 0 1 0 0 1
1 1 0 1 1 0 1 0 0 1
1 1 0 1 1 0 1 0 0 1
1 1 1 1 2 1 1 1 0 1
1 0 0 1 1 1 1 1 1 1
Maze 74
77 10 2.9130434783 2.0780597902 19 0.400293702801937
40 74 32 92 26 24 28 37 26 100 66 55 55 99 40 40
34 72 400 22 400 400 27 36 96 96 65 400 95 39 400
402 401 400 402 400 400 402 401 401 401 401 400 401 402 400
0 0 0 0 0 0 0 0 0 0
0 0 0 0 0 0 0 0 0 0
0 1 1 1 1 1 1 1 0 0
0 1 0 1 1 1 1 1 1 2
0 1 0 1 0 1 0 0 1 0
0 1 0 1 1 1 0 0 1 0
0 1 0 1 1 1 0 0 1 0
0 1 1 1 1 1 0 0 1 0
0 1 0 0 1 1 0 0 1 0
0 1 0 0 1 1 1 1 1 1
Maze 75
105 142 3.0333333333 2.1958558750 84 0.397584684531972
42 28 44 22 77 39 15 98 24 98 75 76 99 39 10 42
22 24 42 72 37 35 95 94 94 95 400 96 400 9 2
402 402 401 401 402 401 401 401 401 401 400 401 400 402 402
0 1 1 1 1 1 1 1 1 1
0 1 0 0 1 0 0 0 1 0
0 1 1 1 1 1 1 1 1 0
0 1 0 1 1 1 1 1 1 0
0 2 1 1 1 0 1 0 1 0
0 1 0 1 1 0 1 0 1 0
0 1 0 1 1 0 1 0 1 0
0 1 1 1 1 1 1 0 1 0
0 0 0 1 1 1 0 0 1 0
0 0 0 1 1 1 1 1 1 0
Maze 76
97 14 3.6818181818 1.9210660051 42 0.392201450520669
31 15 12 35 13 72 19 55 82 100 92 83 51 21 85 31
11 400 32 33 12 12 15 52 92 400 82 81 400 81 81
402 400 401 401 402 402 402 402 401 400 402 401 400 401 401
0 0 0 0 0 0 0 0 0 0
1 1 1 1 1 1 1 1 1 0
1 1 1 0 1 0 0 0 0 0
2 1 1 1 1 0 0 0 0 0
1 1 0 0 1 0 0 0 0 0
1 1 1 1 1 0 0 0 0 0
1 1 0 0 0 0 0 0 0 0
1 1 0 0 0 0 0 0 0 0
1 1 1 1 1 0 0 0 0 0
0 1 1 1 1 1 1 1 1 1
Maze 77
119 358 3.3571428571 1.9888840993 124 0.370308418906077
32 60 14 72 86 20 6 12 36 91 43 88 34 31 87 32
52 54 12 82 16 16 2 32 31 41 83 84 400 81 82
401 401 402 401 402 401 402 401 402 402 401 401 400 401 401
0 1 1 1 1 1 0 0 0 0
0 1 1 1 0 1 1 1 1 1
0 1 0 1 0 1 0 0 0 0
1 2 1 1 1 1 0 0 0 0
1 1 1 1 0 1 0 0 0 0
1 1 1 1 1 1 1 1 1 1
1 1 1 1 0 1 0 0 0 0
1 1 1 1 0 1 0 0 0 0
1 1 1 1 1 1 1 1 0 0
1 0 0 0 0 0 0 0 0 0
Maze 78
87 676 3.6000000000 2.0526958220 40 0.376271609089646
57 34 37 20 54 65 71 26 32 15 81 76 16 35 84 57
54 400 17 14 64 61 21 22 12 11 71 400 15 34 54
401 400 402 402 401 402 402 402 402 402 402 400 402 402 402
0 0 0 0 0 0 0 0 0 0
1 1 1 1 1 1 1 1 1 1
1 1 1 1 1 1 1 0 0 0
1 1 0 1 1 1 1 0 0 0
1 0 0 1 0 1 0 0 0 0
1 0 0 1 1 1 2 0 0 0
1 1 1 1 1 1 0 0 0 0
1 1 1 1 1 1 0 0 0 0
1 0 0 1 0 0 0 0 0 0
0 0 0 0 0 0 0 0 0 0
Maze 79
119 546 3.7307692308 2.0050208700 100 0.380427554923934
87 32 99 93 57 80 77 82 20 66 18 96 14 85 63 87
82 92 400 53 77 400 72 12 16 16 16 94 84 83 83
401 401 400 402 401 400 402 402 402 402 402 401 401 401 401
0 0 0 0 0 0 0 0 0 0
0 1 1 1 1 1 1 1 1 1
0 1 0 1 0 1 0 0 0 0
0 1 0 1 0 1 0 0 0 0
0 1 0 1 0 1 0 0 0 0
0 1 1 1 1 1 1 0 0 0
0 1 1 1 0 1 1 0 0 0
0 1 1 1 1 1 1 1 1 1
0 1 1 1 1 1 2 0 0 0
0 1 1 1 1 1 1 1 1 0
Maze 80
113 2506 3.5000000000 2.2152243460 104 0.390164770022529
32 30 73 37 57 40 16 4 9 74 7 99 6 19 69 32
22 23 33 400 37 36 14 400 4 4 97 96 16 400 62
402 402 402 400 402 401 401 400 402 402 401 401 401 400 401
0 0 0 1 1 1 1 1 1 0
0 0 0 1 1 1 1 1 1 0
0 1 1 1 1 1 1 1 1 1
0 2 1 1 1 1 1 1 1 1
0 1 1 1 0 1 1 0 1 0
0 1 1 1 0 1 1 0 1 0
0 1 1 1 1 1 1 1 1 0
0 0 1 1 0 1 1 0 0 0
0 0 0 0 0 1 1 0 0 0
0 0 0 0 0 1 1 1 1 0
Maze 81
99 578 3.3207547170 2.0302837069 77 0.392262444483389
3 47 26 83 17 86 96 40 44 19 5 68 98 43 11 3
43 46 23 13 16 400 36 34 14 15 65 400 93 41 1
401 401 402 402 402 400 402 402 402 401 401 400 401 401 402
1 1 2 0 1 0 0 0 0 0
1 0 1 1 1 1 1 1 1 0
1 0 1 1 1 1 0 0 0 0
1 0 1 1 1 1 1 1 1 1
1 1 1 1 1 1 1 0 0 0
0 0 1 0 1 1 0 0 0 0
0 0 1 0 1 1 1 1 0 0
0 0 1 0 0 1 0 1 0 0
0 0 1 0 0 1 0 1 0 0
0 0 1 1 1 1 1 1 0 0
Maze 82
105 54 3.5000000000 2.0789205828 91 0.406282872867869
1 67 22 42 87 62 90 75 41 71 57 40 17 95 15 1
61 62 400 82 82 82 85 71 400 51 37 37 15 400 11
401 401 400 401 401 401 401 401 400 402 402 401 402 400 401
2 0 0 0 0 0 0 0 0 0
1 1 1 1 1 1 1 0 0 0
1 1 0 0 1 0 1 0 0 0
1 1 0 0 1 0 1 1 1 1
1 1 0 0 1 0 1 0 0 0
1 1 1 1 1 1 1 0 0 0
1 1 1 1 1 1 1 0 0 0
1 1 1 1 1 0 0 0 0 0
0 1 1 1 1 1 1 1 1 1
0 0 0 0 1 0 0 0 0 0
Maze 83
77 41 2.8800000000 2.3267703992 25 0.381751167267287
95 67 11 43 24 45 30 76 28 29 67 89 89 54 43 95
65 61 41 23 44 25 26 26 400 27 87 400 84 53 93
402 401 401 402 401 402 402 402 400 402 401 400 401 401 401
0 0 0 0 0 0 0 0 0 0
1 0 0 0 0 0 0 0 0 0
1 0 1 1 1 1 1 1 1 1
1 0 1 1 1 1 1 0 0 0
1 1 1 1 1 1 1 0 0 0
1 0 1 1 0 1 1 0 0 0
1 1 1 1 1 1 1 0 0 0
0 0 1 1 1 1 1 0 0 0
0 0 1 1 1 1 1 1 1 0
0 0 1 1 2 0 0 0 0 0
Maze 84
103 63 2.9393939394 2.2217810464 71 0.365505381554923
90 94 72 98 86 98 13 62 52 78 59 7 61 19 55 90
84 92 92 96 96 93 12 400 72 58 57 1 11 15 85
402 401 401 401 401 401 402 400 401 402 401 402 402 402 401
1 1 1 1 1 1 1 0 0 0
1 1 1 1 1 1 1 1 1 0
1 1 1 0 1 0 1 0 0 0
1 1 1 0 1 0 1 0 0 0
1 1 1 0 1 0 1 0 0 0
1 1 1 0 1 0 1 1 1 0
1 1 1 0 1 0 0 1 0 0
0 1 1 1 1 1 1 1 0 0
0 1 1 1 1 1 1 1 1 2
0 1 1 1 1 1 1 1 0 0
Maze 85
91 127 3.2156862745 2.1343535317 56 0.389850338796914
4 70 33 52 88 65 75 73 28 59 38 11 13 38 75 4
64 63 32 82 85 400 400 23 58 58 31 400 33 35 74
401 401 402 401 401 400 400 402 401 401 401 400 401 402 401
0 0 0 2 0 0 0 0 0 0
1 1 1 1 0 0 0 0 0 0
1 0 1 1 1 1 1 1 0 0
1 1 1 1 1 1 1 1 0 0
0 1 1 1 1 0 0 1 0 0
0 1 1 1 1 0 0 1 1 0
0 1 1 1 1 1 1 1 1 1
0 1 1 1 1 0 0 0 0 0
0 1 1 1 1 1 1 1 0 0
0 0 0 0 0 0 0 0 0 0
Maze 86
87 27 3.4418604651 1.9130261708 36 0.400386688839500
34 64 8 24 86 62 62 34 67 81 72 18 43 4 37 34
400 4 4 84 82 400 32 64 61 71 12 13 3 34 400
400 402 402 401 401 400 402 401 402 402 402 402 402 401 400
0 0 1 1 1 1 1 1 0 0
0 1 1 1 1 1 1 1 0 0
0 1 1 1 0 0 0 0 0 0
0 1 1 2 1 1 1 0 0 0
0 1 1 1 0 0 0 0 0 0
0 1 0 1 0 0 0 0 0 0
1 1 1 1 1 1 1 0 0 0
1 1 0 1 0 0 0 0 0 0
1 1 1 1 1 1 0 0 0 0
0 0 0 0 0 0 0 0 0 0
Maze 87
91 27 2.5161290323 2.1771102584 41 0.393578512188338
65 7 58 85 24 16 88 14 13 97 100 92 62 31 13 65
5 57 55 84 14 86 84 400 93 400 400 400 61 11 63
402 401 402 401 402 401 401 400 401 400 400 400 401 402 401
0 0 0 0 1 1 1 0 0 0
1 1 1 1 1 1 1 0 0 0
1 0 1 1 1 1 1 0 0 0
1 0 1 1 1 1 1 0 0 0
1 0 1 1 1 1 1 0 0 0
1 0 1 1 1 1 1 1 0 0
1 1 1 1 2 1 0 0 0 0
0 1 1 1 1 1 0 0 0 0
0 1 1 1 1 1 1 1 0 0
0 1 1 1 1 1 1 1 1 1
Maze 88
97 157 3.2800000000 1.9244128973 77 0.396303844090065
9 46 27 69 36 17 40 25 85 6 80 82 47 39 33 9
6 26 67 66 16 37 35 400 5 76 72 42 37 400 3
402 402 401 401 402 401 401 400 402 401 402 402 402 400 402
0 0 1 1 1 1 1 1 2 0
0 0 1 0 1 1 1 0 0 0
0 0 1 0 1 1 1 0 0 0
0 0 1 1 1 1 1 1 1 1
0 1 1 1 1 1 1 0 0 0
0 1 0 0 1 1 1 0 0 0
0 1 0 0 1 1 1 1 1 0
0 1 1 1 1 1 1 1 1 1
0 1 0 0 1 0 0 0 0 0
0 0 0 0 0 0 0 0 0 0
Maze 89
87 90 3.1153846154 2.3274120741 56 0.375515675121576
7 57 67 46 85 97 42 95 58 19 50 1 57 68 35 7
400 400 66 45 95 92 92 55 18 49 41 51 67 65 5
400 400 401 402 401 401 401 402 402 401 401 401 401 401 402
1 0 0 0 1 1 2 0 0 0
1 0 0 0 1 0 1 1 1 0
1 0 0 0 1 0 1 1 1 0
1 0 0 0 1 0 1 1 1 0
1 1 1 1 1 1 1 1 1 1
1 1 1 1 1 1 1 1 0 0
0 1 0 0 1 1 1 1 0 0
0 1 0 0 1 0 0 0 0 0
0 1 0 0 1 0 0 0 0 0
0 1 1 1 1 1 1 0 0 0
Maze 90
115 51 3.5652173913 1.9005627022 116 0.384818719392153
71 66 78 75 72 11 79 94 81 28 91 88 91 86 3 71
61 76 400 400 71 71 74 91 21 21 81 81 81 83 1
402 401 400 400 401 401 402 401 402 402 402 402 402 401 402
1 1 1 0 0 0 0 0 0 0
1 0 1 0 0 0 0 0 0 0
1 1 1 1 1 1 1 1 0 0
1 0 1 0 0 0 0 0 0 0
1 0 1 0 0 0 0 0 0 0
1 0 1 0 0 0 0 0 0 0
1 1 1 1 1 1 0 0 0 0
2 1 1 1 1 1 1 1 1 0
1 1 1 1 1 1 1 1 0 0
1 1 1 1 0 0 0 0 0 0
Maze 91
89 30 3.4583333333 2.1369116885 50 0.397748203649644
18 25 50 16 97 13 99 47 51 53 42 48 7 7 39 18
15 45 46 96 93 93 97 41 400 52 400 47 400 37 38
402 401 401 401 401 401 401 402 400 401 400 401 400 401 401
0 0 0 0 0 0 1 0 0 0
0 0 1 0 1 1 1 2 0 0
0 0 1 0 1 1 1 1 0 0
0 0 1 0 1 1 1 1 1 0
1 1 1 1 1 1 1 1 1 1
1 1 1 0 0 1 1 0 0 0
0 0 1 0 0 1 1 0 0 0
0 0 1 0 0 1 1 0 0 0
0 0 1 0 0 1 1 0 0 0
0 0 1 1 1 1 1 1 1 0
Maze 92
97 201 3.1186440678 2.1971563403 49 0.376973611735030
8 64 100 78 82 73 90 94 27 46 78 18 83 49 49 8
4 94 98 72 72 83 84 24 26 76 400 13 43 400 48
402 401 401 402 402 401 402 402 402 401 400 402 402 400 401
0 0 0 1 1 1 1 2 0 0
0 0 1 1 1 1 1 1 0 0
0 0 1 1 1 1 1 1 0 0
0 0 1 1 0 1 0 1 0 0
0 0 1 1 1 1 1 1 1 0
0 0 1 1 0 1 0 1 0 0
0 0 1 1 0 1 0 1 0 0
0 1 1 1 1 1 1 1 0 0
0 1 1 1 1 1 1 1 1 1
0 0 0 1 1 1 1 1 1 1
Maze 93
85 2632 3.0000000000 2.1269673984 56 0.389869760060048
71 32 33 41 70 86 45 53 27 46 43 76 49 88 4 71
31 400 31 61 66 85 43 23 26 400 73 46 48 84 1
402 400 402 401 402 401 402 402 402 400 401 402 402 401 402
1 1 1 1 0 0 0 0 0 0
1 0 0 1 0 0 0 0 0 0
1 0 1 1 1 1 1 0 0 0
1 1 1 1 0 1 0 0 0 0
1 0 1 1 1 1 1 1 1 0
1 0 1 1 1 1 0 1 0 0
1 1 1 1 1 1 1 1 1 1
2 0 1 1 1 1 0 1 0 0
0 0 0 1 1 1 1 1 0 0
0 0 0 0 0 0 0 0 0 0
Maze 94
95 114 2.7419354839 2.2346682662 64 0.384934321482597
43 9 89 97 86 8 30 98 100 90 10 99 48 82 2 43
3 400 87 96 6 28 28 400 400 400 9 98 42 400 42
402 400 402 401 402 401 402 400 400 400 402 401 402 400 401
0 1 1 1 1 1 1 1 1 1
0 1 1 0 0 1 0 1 1 1
0 1 1 0 0 1 0 1 1 1
0 1 1 0 0 1 0 1 1 1
0 1 2 1 1 1 1 1 1 1
0 1 0 0 0 1 0 1 1 1
0 1 0 0 0 1 0 1 1 1
0 1 0 0 0 1 0 1 1 1
0 1 0 0 0 1 1 1 1 1
0 0 0 0 0 1 1 1 1 1
Maze 95
89 15 2.8196721311 2.2619011605 56 0.361751105257631
83 82 20 56 27 10 70 80 19 33 55 38 31 81 78 83
400 12 16 26 7 400 400 79 13 53 35 400 400 71 73
400 402 402 402 402 400 400 401 402 401 402 400 400 402 402
0 0 0 0 0 0 1 1 1 1
0 1 1 1 1 1 1 1 1 1
0 1 1 0 0 1 1 0 1 1
1 1 1 1 1 1 1 1 1 1
1 1 1 0 1 1 0 0 1 1
1 1 1 1 1 1 0 0 1 1
1 1 0 0 0 0 0 0 1 1
1 1 1 1 1 1 1 1 1 1
1 1 2 0 0 0 0 0 0 0
0 0 0 0 0 0 0 0 0 0
Maze 96
117 298 3.4909090909 1.9753186099 148 0.393020180646301
70 27 26 64 57 27 97 54 100 42 70 81 80 60 2 70
67 400 24 54 400 400 94 94 92 62 61 71 400 52 62
401 400 402 402 400 400 401 401 401 401 402 402 400 401 401
0 1 0 0 0 0 0 0 0 0
0 1 0 0 0 0 0 0 0 0
0 1 0 1 1 1 1 0 0 0
0 1 0 1 0 0 1 0 0 0
0 1 0 1 0 0 1 0 0 0
0 1 1 1 1 1 1 1 1 1
1 1 1 1 1 1 1 1 1 2
1 1 1 1 1 1 1 1 1 1
1 1 0 1 0 0 1 0 0 0
0 1 1 1 1 1 1 1 1 1
Maze 97
81 11 3.3636363636 2.0871934166 26 0.364000012306598
64 61 90 17 50 87 79 15 23 23 85 73 25 27 53 64
400 81 87 47 47 77 75 13 400 83 83 23 400 23 63
400 401 401 401 402 402 401 402 400 401 401 402 400 402 401
0 0 0 0 0 0 0 0 0 0
0 0 1 1 1 0 1 0 0 0
0 0 1 1 1 1 1 0 0 0
0 0 1 0 1 0 1 0 0 0
0 0 1 0 1 0 1 1 1 1
0 0 1 0 1 0 1 0 0 0
1 1 1 2 1 0 1 0 0 0
1 0 1 0 1 1 1 1 1 0
1 1 1 1 1 1 1 1 1 1
0 0 0 0 0 0 0 0 0 0
Maze 98
101 301 3.2280701754 2.1529888848 71 0.385775667623171
65 19 59 57 72 68 27 100 26 90 34 56 26 17 82 65
15 400 400 52 62 67 97 96 86 84 54 400 16 12 62
402 400 400 402 402 401 401 401 401 401 401 400 402 402 402
0 0 0 0 0 0 0 0 0 0
0 1 1 1 1 1 1 1 1 0
0 1 0 0 1 1 1 0 1 0
0 1 0 1 1 1 1 0 1 0
0 1 0 1 1 1 1 0 1 0
0 1 1 1 1 1 1 1 1 0
0 1 1 1 2 1 1 1 0 0
0 1 0 1 0 1 1 0 0 0
0 1 0 1 1 1 1 1 1 1
0 0 0 0 0 1 1 1 1 1
Maze 99
69 1 2.5416666667 2.2747162820 20 0.349921759629194
84 97 84 35 38 5 37 13 51 92 40 59 67 85 84 84
94 94 34 400 35 35 33 11 91 32 39 57 65 400 400
401 401 402 400 401 401 401 402 401 402 402 402 402 400 400
0 0 0 0 1 0 0 0 0 0
1 1 1 0 1 0 0 0 0 0
1 0 1 0 1 0 0 0 0 0
1 1 1 1 1 1 1 1 1 1
1 1 0 1 0 0 0 0 1 0
1 1 0 1 0 0 1 1 1 0
1 1 0 1 1 1 1 0 0 0
1 1 0 1 1 0 0 0 0 0
1 1 0 2 1 0 0 0 0 0
1 1 0 1 1 1 1 0 0 0
Maze 100
81 23 3.3478260870 2.1862124221 26 0.365574237891785
89 97 87 72 73 91 11 48 98 48 73 4 15 3 100 89
87 400 82 400 71 400 41 400 400 43 3 14 13 93 99
402 400 401 400 402 400 401 400 400 402 402 401 401 401 401
0 0 1 1 0 0 0 0 0 0
1 0 1 1 1 0 0 0 0 0
1 0 1 0 0 0 0 0 0 0
1 0 1 0 0 0 0 0 0 0
1 1 1 1 1 1 1 1 0 0
1 0 1 0 0 0 0 1 0 0
1 0 1 0 0 0 0 1 0 0
1 1 1 0 0 0 0 1 0 0
1 1 1 1 1 1 1 1 2 0
1 0 1 1 1 1 1 1 1 1
Maze 101
101 46 3.6666666667 2.0374367799 55 0.380697434045371
45 79 85 72 41 73 15 34 91 5 22 87 62 24 93 45
75 75 82 71 71 13 14 31 1 2 82 82 22 23 43
401 402 401 401 401 402 402 402 402 402 401 401 402 402 402
1 1 1 1 1 0 0 0 0 0
1 1 1 1 1 0 0 0 0 0
1 1 1 1 0 0 0 0 0 0
1 1 1 1 0 0 0 0 0 0
1 1 1 1 2 0 0 0 0 0
1 1 1 0 1 0 0 0 0 0
1 1 1 0 1 0 0 0 0 0
1 1 1 0 1 1 1 1 1 0
1 1 1 1 1 1 1 0 0 0
1 0 1 0 0 0 0 0 0 0
Maze 102
123 947 2.8421052632 2.3554231239 124 0.383246360053953
31 16 80 29 51 1 53 40 90 77 91 8 84 63 98 31
11 76 79 21 400 51 33 400 87 71 1 4 83 93 91
402 401 401 402 400 401 402 400 401 402 402 402 401 401 401
1 1 1 1 1 1 1 1 0 0
1 1 1 1 1 1 0 0 0 0
1 1 1 1 1 1 1 1 1 0
2 0 1 1 1 1 1 1 1 1
1 0 1 1 0 1 0 0 1 1
1 1 1 1 0 1 0 0 1 1
1 0 1 1 0 1 0 0 1 1
1 1 1 1 1 1 1 1 1 1
1 0 1 1 0 0 1 1 1 1
1 1 1 1 1 1 1 1 0 0
Maze 103
91 50 2.8000000000 2.2313349286 50 0.389550706063036
46 50 80 23 16 92 57 69 79 97 11 66 59 46 50 46
400 400 73 13 12 52 67 400 77 91 61 56 56 400 400
400 400 401 402 402 402 401 400 402 401 401 402 401 400 400
0 0 0 0 0 0 0 0 0 0
1 1 1 1 1 1 0 0 0 0
1 1 1 0 0 0 0 0 0 0
1 1 1 0 0 0 0 0 0 0
1 1 1 0 0 2 1 1 1 1
1 1 1 1 1 1 1 1 1 1
1 1 1 1 1 1 1 1 1 1
1 1 1 1 1 1 1 1 1 1
1 1 0 0 0 0 1 0 0 0
1 1 1 1 1 1 1 0 0 0
Maze 104
101 3517 3.5925925926 2.2492104421 77 0.396977809555830
71 49 88 15 83 75 63 39 46 53 29 85 86 19 58 71
41 48 85 13 73 73 33 36 43 23 25 400 16 18 51
402 402 401 402 402 401 402 402 402 402 402 400 402 402 402
0 0 0 0 0 0 0 0 0 0
0 0 1 1 1 1 1 1 1 0
0 0 1 1 1 1 1 1 1 0
0 0 1 1 1 1 1 1 1 0
1 1 1 1 1 1 1 1 1 0
1 1 1 1 1 1 1 1 0 0
1 0 1 0 1 1 0 1 0 0
2 0 1 1 1 1 0 1 0 0
0 0 1 0 1 1 1 1 0 0
0 0 0 0 0 0 0 0 0 0
Maze 105
93 458 2.9000000000 2.3015092673 41 0.385250035741292
63 30 68 87 48 31 98 97 67 81 56 42 79 88 81 63
23 28 67 47 41 91 400 400 61 51 52 72 78 400 61
402 402 402 402 401 401 400 400 402 402 401 401 402 400 402
0 0 0 0 0 0 0 0 0 0
0 0 0 0 0 0 0 0 0 0
0 0 1 1 1 1 1 1 1 1
1 0 1 0 0 0 0 1 0 0
1 1 1 1 1 1 1 1 0 0
1 1 1 1 1 1 1 1 0 0
1 1 2 1 1 1 1 1 0 0
1 1 1 1 1 1 1 1 1 0
1 1 1 1 1 1 1 1 0 0
1 1 1 1 1 1 1 1 0 0
Maze 106
111 70 3.1515151515 2.2479421668 90 0.400464273737179
57 36 44 30 13 14 48 70 13 95 99 62 8 84 19 57
56 34 24 23 400 44 68 63 93 400 92 2 4 14 17
401 402 402 401 400 401 401 401 401 400 401 402 402 402 402
0 1 1 1 1 1 1 1 0 0
0 1 1 1 1 1 1 1 1 0
0 1 1 1 1 1 1 1 1 1
0 1 1 1 1 1 1 0 0 0
0 1 1 1 1 1 1 1 0 0
0 1 1 1 0 1 2 1 0 0
0 1 1 1 1 1 1 1 1 1
0 1 1 1 0 0 0 0 0 0
0 1 1 1 0 0 0 0 0 0
0 1 1 1 1 1 1 1 1 0
Maze 107
113 152 3.6226415094 2.0231268657 81 0.382713929682279
32 61 64 97 67 14 37 61 40 22 95 64 30 43 80 32
31 400 94 400 64 34 31 31 32 92 94 24 23 73 72
402 400 401 400 401 401 402 402 401 401 401 402 402 401 401
0 0 0 0 0 0 0 0 0 0
0 0 0 1 0 0 0 0 0 0
0 1 1 1 1 1 1 1 1 1
1 2 1 1 1 1 1 1 1 1
1 1 1 1 0 0 0 0 0 0
1 1 1 1 0 0 0 0 0 0
1 1 1 1 1 1 1 0 0 0
0 1 1 1 1 1 1 1 1 1
0 1 0 1 0 0 1 0 0 0
0 1 1 1 1 1 1 0 0 0
Maze 108
71 45 3.3684210526 2.0258044450 11 0.360067004837456
32 65 15 20 12 11 22 2 35 72 55 22 36 8 23 32
62 400 400 400 400 21 400 32 32 52 52 32 6 3 22
401 400 400 400 400 401 400 401 402 402 401 401 402 402 402
0 1 1 1 1 1 1 1 0 0
1 1 1 1 1 1 1 1 1 1
1 1 1 0 1 1 0 0 0 0
0 2 1 1 1 1 0 0 0 0
0 1 0 0 1 0 0 0 0 0
0 1 1 1 1 0 0 0 0 0
0 1 1 1 1 0 0 0 0 0
0 1 0 0 0 0 0 0 0 0
0 0 0 0 0 0 0 0 0 0
0 0 0 0 0 0 0 0 0 0
Maze 109
91 37 3.5111111111 2.0271311142 45 0.382772185309522
75 92 47 37 32 6 30 82 40 15 26 54 49 63 73 75
72 42 400 400 2 26 22 32 35 25 24 44 43 400 400
402 402 400 400 402 401 402 402 401 401 402 402 402 400 400
0 1 1 1 1 1 0 0 0 0
0 1 0 0 1 1 0 0 0 0
0 1 1 1 1 1 1 1 1 1
0 1 1 1 1 1 1 1 1 1
0 1 1 1 1 1 1 1 1 0
0 1 1 1 0 0 0 0 0 0
0 1 1 0 0 0 0 0 0 0
0 1 1 1 2 0 0 0 0 0
0 1 0 0 0 0 0 0 0 0
0 1 0 0 0 0 0 0 0 0
Maze 110
91 138 3.1020408163 2.1168425665 45 0.386879745845125
41 2 85 80 31 12 71 33 33 94 87 28 77 14 1 41
1 82 75 71 11 11 31 400 93 84 27 27 74 11 400
402 401 402 401 402 402 402 400 401 402 402 402 401 401 400
1 1 0 0 0 0 0 0 0 0
1 1 1 1 0 0 0 0 0 0
1 1 0 1 0 0 1 1 0 0
1 1 1 1 0 0 1 0 0 0
2 1 1 1 0 0 1 0 0 0
1 1 1 1 0 0 1 0 0 0
1 1 1 1 0 0 1 0 0 0
1 1 1 1 1 1 1 1 1 1
0 1 1 1 1 1 1 0 0 0
0 0 1 1 0 0 0 0 0 0
Maze 111
95 164 3.6000000000 2.0466196453 71 0.390280626629435
4 74 61 77 14 71 64 17 75 43 19 26 26 83 81 4
400 71 71 74 11 61 14 15 73 13 16 400 23 400 1
400 401 401 401 402 402 402 402 401 402 402 400 402 400 402
1 1 1 2 0 0 0 0 0 0
1 1 1 1 1 1 1 1 1 0
1 0 1 1 1 1 0 0 0 0
1 0 1 1 1 0 0 0 0 0
1 0 1 1 1 0 0 0 0 0
1 0 1 1 1 0 0 0 0 0
1 1 1 1 1 0 0 0 0 0
1 1 1 1 1 1 1 0 0 0
1 1 1 0 0 0 0 0 0 0
0 0 0 0 0 0 0 0 0 0
Maze 112
127 382 3.1428571429 1.9450305666 200 0.384112445096886
79 8 53 99 80 12 79 52 38 16 68 12 94 88 44 79
78 3 93 79 72 72 72 32 36 66 62 92 84 84 74
401 402 401 402 401 401 401 402 401 401 401 401 402 401 401
0 0 1 1 1 1 1 1 0 0
0 1 1 0 0 1 0 1 0 0
0 1 1 0 0 1 0 1 0 0
0 1 1 1 1 1 1 1 0 0
0 1 1 1 0 1 0 1 0 0
0 1 1 1 0 1 0 1 0 0
0 1 1 1 1 1 1 1 0 0
0 1 1 1 1 1 1 1 2 1
0 1 1 1 1 1 1 1 1 0
0 1 1 1 1 1 1 1 1 0
Maze 113
121 11 3.7500000000 2.0522931505 141 0.380367547339805
92 6 8 2 27 93 49 2 16 51 29 92 71 95 67 92
2 400 400 22 23 43 42 12 11 21 22 91 91 65 62
402 400 400 401 402 402 401 401 402 402 402 401 401 402 402
0 1 1 1 1 1 1 1 0 0
1 1 1 1 1 1 0 0 0 0
1 1 1 1 1 1 1 1 1 0
1 1 1 0 0 0 0 0 0 0
1 1 1 1 1 1 1 1 1 0
1 1 1 0 0 0 0 0 0 0
0 1 1 1 1 1 1 0 0 0
1 1 1 0 1 0 0 0 0 0
1 1 1 0 1 0 0 0 0 0
1 2 1 1 1 0 0 0 0 0
Maze 114
91 42 3.2156862745 2.1174634020 27 0.371327404057519
100 91 36 9 42 4 93 88 85 74 74 93 99 36 76 100
400 31 6 2 2 3 83 400 84 400 73 400 96 400 96
400 402 402 402 402 402 402 400 401 400 402 400 401 400 401
0 1 1 1 1 1 1 1 1 0
0 1 1 0 0 1 0 0 0 0
0 1 1 0 0 1 0 0 0 0
1 1 1 1 1 1 0 0 0 0
1 1 1 0 0 1 0 0 0 0
1 0 1 0 0 1 0 0 0 0
1 0 1 0 0 1 0 0 0 0
1 0 1 1 0 1 0 0 0 0
1 0 1 1 1 1 1 1 0 0
1 1 1 1 1 1 1 1 1 2
Maze 115
91 55 3.0833333333 2.1238552117 36 0.360748061164164
3 84 11 11 14 49 26 14 8 21 85 82 52 11 92 3
83 81 400 400 44 46 24 4 1 81 400 400 51 91 2
401 401 400 400 401 401 401 402 402 401 400 400 401 401 402
1 1 2 1 1 1 1 1 0 0
1 1 1 1 0 0 0 0 0 0
1 1 1 1 1 1 0 0 0 0
1 1 1 1 0 1 0 0 0 0
1 1 1 1 1 1 1 1 1 0
1 1 1 0 0 0 0 0 0 0
1 1 1 0 0 0 0 0 0 0
1 1 1 0 0 0 0 0 0 0
1 1 1 1 1 0 0 0 0 0
1 1 0 0 0 0 0 0 0 0
Maze 116
107 63 3.5000000000 2.0917531492 90 0.390641867977389
67 15 32 71 49 73 1 100 99 62 55 71 77 91 74 67
65 12 31 41 43 71 91 400 92 52 51 400 71 71 64
401 402 402 402 402 401 401 400 401 402 402 400 402 402 402
1 0 0 0 0 0 0 0 0 0
1 1 1 1 1 0 0 0 0 0
1 1 0 0 1 0 0 0 0 0
1 1 0 0 1 0 0 0 0 0
1 1 1 1 1 1 1 1 1 0
1 1 1 1 1 0 0 0 0 0
1 1 1 1 1 1 2 0 0 0
1 1 1 1 1 1 1 0 0 0
1 1 0 0 0 0 0 0 0 0
1 1 1 1 1 1 1 1 1 1
Maze 117
83 40 3.2340425532 2.1842552171 30 0.389682997879901
38 19 33 86 46 25 70 74 46 53 83 98 43 38 69 38
18 13 83 400 45 65 64 44 43 400 93 93 33 68 68
402 402 401 400 401 401 402 402 402 400 401 401 402 401 401
0 0 0 0 0 0 0 0 0 0
0 0 1 1 1 1 1 1 1 0
0 0 1 0 1 0 0 1 0 0
0 0 1 1 1 1 1 2 0 0
0 0 1 1 1 1 0 1 0 0
0 0 1 1 1 1 0 1 0 0
0 0 1 1 1 1 1 1 1 1
0 0 1 1 0 1 0 0 0 0
0 0 1 1 1 1 0 0 0 0
0 0 1 1 1 1 1 1 0 0
Maze 118
107 286 2.9629629630 1.8940543615 105 0.399271390208385
2 87 41 85 93 52 87 59 91 86 24 6 87 48 21 2
82 81 81 83 92 82 57 51 81 84 4 86 47 41 1
401 401 401 402 401 401 402 402 402 401 402 401 402 401 402
1 2 0 1 1 1 0 0 0 0
1 1 0 1 0 1 0 0 0 0
1 1 0 1 0 1 0 0 0 0
1 1 0 1 0 1 0 0 0 0
1 1 1 1 1 1 1 1 0 0
1 1 1 1 1 1 1 1 1 0
1 1 0 1 0 1 1 0 0 0
1 1 0 1 0 1 1 0 0 0
1 1 1 1 1 1 1 0 0 0
1 1 1 0 0 0 0 0 0 0
Maze 119
87 40 3.2653061224 2.1771800658 45 0.405448374250886
14 54 33 81 40 59 44 88 74 72 59 80 70 82 36 14
400 53 31 31 39 54 84 84 400 52 79 400 62 32 34
400 401 402 402 402 401 401 401 400 402 401 400 402 402 401
0 0 0 0 0 0 0 0 0 0
0 0 0 2 0 0 0 0 0 0
0 0 0 1 0 0 0 0 0 0
1 1 1 1 1 1 1 1 1 1
1 1 1 1 0 0 0 0 1 0
1 1 1 1 1 1 1 1 1 0
1 1 1 1 1 1 1 1 1 1
1 1 1 1 0 0 0 0 1 1
1 1 0 1 1 1 1 1 0 0
0 0 0 0 0 0 0 0 0 0
Maze 120
107 189 3.4509803922 1.9305208340 90 0.388843023360145
8 5 58 78 10 55 43 79 25 82 20 78 55 3 22 8
400 55 400 8 5 53 73 75 22 12 18 75 53 2 2
400 401 400 402 402 401 401 401 402 402 402 401 401 402 402
0 1 1 1 1 1 1 2 1 1
0 1 1 1 1 1 1 1 1 1
0 1 1 1 1 0 0 1 0 0
0 1 1 0 1 0 0 1 0 0
0 1 1 0 1 0 0 1 0 0
0 1 1 1 1 1 1 1 0 0
0 1 1 0 1 0 0 1 0 0
0 1 1 1 1 1 1 1 1 0
0 1 0 0 0 0 0 0 0 0
0 0 0 0 0 0 0 0 0 0
Maze 121
93 834 3.1578947368 2.3573200897 36 0.391985109716679
77 31 16 89 13 37 80 69 42 73 42 22 43 70 99 77
71 11 86 83 33 77 79 62 72 72 400 42 63 69 97
401 402 401 401 401 401 401 401 401 401 400 401 401 402 401
0 0 0 0 0 0 0 0 0 0
1 1 1 1 1 1 0 0 0 0
1 1 1 0 0 1 0 0 0 0
1 1 1 1 1 1 1 0 0 0
1 1 1 0 0 1 1 0 0 0
1 1 1 0 0 1 1 0 0 0
1 1 1 1 1 1 1 1 1 1
1 1 1 1 1 1 2 1 1 1
0 0 1 1 1 1 1 1 1 0
0 0 0 0 0 0 1 1 1 0
Maze 122
71 5 3.0434782609 2.2495163017 20 0.355218055935541
4 70 89 68 67 76 65 17 19 50 6 55 81 81 56 4
64 69 88 400 66 75 15 400 49 46 5 51 400 51 54
401 402 401 400 402 401 402 400 401 401 402 402 400 402 401
0 0 0 2 1 1 0 0 0 0
0 0 0 1 1 1 1 1 1 0
0 0 0 1 1 1 0 0 1 0
0 0 0 1 1 1 0 0 1 0
0 0 0 1 1 1 1 1 1 1
1 1 1 1 1 1 0 0 0 0
1 0 0 1 1 1 1 1 1 1
1 0 0 0 1 1 0 1 1 0
1 0 0 0 0 0 0 1 1 0
0 0 0 0 0 0 0 0 0 0
Maze 123
99 159 3.0740740741 2.0474561397 53 0.384048855944774
54 25 7 17 10 73 54 10 46 84 88 72 16 94 31 54
24 5 400 7 3 53 4 6 44 400 82 12 14 91 51
402 402 400 402 402 402 402 402 402 400 401 402 402 401 401
0 0 1 1 1 1 1 1 1 1
0 1 1 1 1 1 1 0 0 0
0 1 1 1 1 1 0 0 0 0
1 1 1 1 0 1 0 0 0 0
1 1 1 1 1 1 0 0 0 0
1 1 1 2 0 0 0 0 0 0
1 1 1 1 0 0 0 0 0 0
1 1 1 1 0 0 0 0 0 0
1 1 1 1 1 1 1 1 0 0
1 1 1 1 0 0 0 0 0 0
Maze 124
75 1 3.6153846154 1.4800538801 22 0.381054063418014
61 62 32 22 58 25 41 22 54 58 82 28 72 52 72 61
400 400 400 52 55 21 21 52 400 52 22 22 400 400 71
400 400 400 401 401 402 402 401 400 402 402 402 400 400 401
0 0 0 0 0 0 0 0 0 0
0 0 0 0 0 0 0 0 0 0
1 1 1 1 1 1 1 1 0 0
1 1 0 0 1 0 0 0 0 0
1 1 0 0 1 0 0 0 0 0
0 1 1 1 1 1 1 1 0 0
2 1 0 0 0 0 0 0 0 0
1 1 0 0 0 0 0 0 0 0
0 1 0 0 0 0 0 0 0 0
0 0 0 0 0 0 0 0 0 0
Maze 125
95 32 3.0588235294 2.0257023249 66 0.388619566242159
93 81 72 93 58 47 66 4 93 57 72 9 97 59 54 93
91 71 92 53 57 46 64 3 53 52 2 7 57 400 53
401 402 401 402 401 402 401 402 402 402 402 402 402 400 402
0 1 1 1 1 1 1 1 1 0
0 1 1 1 0 0 1 0 0 0
0 1 1 1 0 0 1 0 0 0
0 1 1 1 0 0 1 0 0 0
0 1 1 1 0 1 1 0 0 0
0 1 1 1 1 1 1 1 1 0
0 1 1 1 1 1 1 0 0 0
1 1 1 0 0 0 1 0 0 0
1 1 1 0 0 0 1 0 0 0
1 1 2 0 0 0 1 0 0 0
Maze 126
83 76 2.8627450980 2.1209434717 30 0.383640570498412
55 70 90 4 68 8 36 48 76 36 19 79 87 25 64 55
65 400 84 64 400 6 46 46 400 16 400 77 85 24 54
401 400 401 401 400 402 401 402 400 402 400 402 401 402 402
0 0 0 1 0 1 1 1 0 0
0 0 0 1 0 1 1 1 1 0
0 0 0 1 1 1 0 1 1 0
0 0 0 1 1 1 0 1 1 0
0 0 0 1 1 1 1 1 1 0
0 0 0 1 2 1 0 1 1 0
0 0 0 1 1 1 1 1 1 1
0 0 0 1 1 1 1 1 1 1
0 0 0 1 1 1 1 1 1 1
0 0 0 0 0 0 0 0 0 0
Maze 127
103 79 3.2786885246 2.3314986290 70 0.360603312133790
97 12 67 80 74 74 9 44 35 29 21 16 39 61 41 97
92 62 77 400 400 4 4 34 25 400 11 36 31 400 91
401 401 401 400 400 402 402 402 402 400 402 401 402 400 401
0 0 0 1 1 1 1 1 1 0
1 1 1 1 1 1 0 0 0 0
1 1 1 1 1 1 1 1 1 0
1 1 1 1 1 1 1 1 1 0
1 1 0 1 0 0 0 0 0 0
1 1 0 1 0 0 0 0 0 0
1 1 1 1 1 1 1 0 0 0
1 1 0 1 1 1 1 1 1 1
1 1 0 0 0 0 0 0 0 0
1 1 1 1 1 1 2 0 0 0
Maze 128
97 44 3.8723404255 2.1154937302 71 0.385565706126891
62 27 72 51 68 48 7 70 72 36 44 14 7 74 80 62
22 22 71 61 400 47 67 62 32 34 400 4 4 400 72
402 402 401 401 400 401 401 402 402 402 400 402 402 400 401
0 0 0 1 1 1 1 0 0 0
0 0 0 1 0 0 1 0 0 0
0 1 1 1 1 1 1 0 0 0
0 1 1 1 1 1 1 0 0 0
0 1 0 1 0 0 1 1 0 0
1 1 0 1 0 0 1 1 0 0
1 2 1 1 1 1 1 1 1 1
1 1 1 1 1 1 1 1 1 1
0 0 0 0 0 0 0 0 0 0
0 0 0 0 0 0 0 0 0 0
Maze 129
129 366 3.3529411765 2.0795919675 182 0.385289536678778
2 79 13 10 56 59 58 24 76 8 80 1 84 5 47 2
72 73 3 6 400 400 54 74 6 78 71 81 4 45 42
401 401 402 402 400 400 401 401 402 401 401 401 402 401 401
1 2 1 1 1 1 1 1 1 1
1 1 1 1 1 1 0 1 0 0
1 1 1 1 1 1 0 1 0 0
1 1 1 1 1 1 0 1 0 0
1 1 1 1 1 1 1 1 0 0
1 1 1 1 1 1 1 1 1 0
1 1 1 1 0 1 0 1 0 0
1 1 1 1 1 1 1 1 1 1
1 1 1 1 0 0 0 0 0 0
0 0 0 0 0 0 0 0 0 0
Maze 130
101 37 3.0384615385 1.9691594222 71 0.379231648491691
20 37 74 21 39 32 41 33 78 5 10 63 76 82 85 20
17 34 71 31 400 31 31 73 75 400 3 73 72 400 15
402 402 401 401 400 402 402 401 401 400 402 401 402 400 402
0 0 1 1 1 1 1 1 1 1
0 0 1 0 1 1 1 1 1 2
1 0 1 0 1 0 1 0 0 0
1 1 1 1 1 1 1 1 1 0
1 0 1 1 1 0 0 0 0 0
1 0 1 1 1 0 0 0 0 0
1 0 1 1 1 0 0 0 0 0
1 1 1 1 1 1 1 1 0 0
0 1 1 1 1 0 0 0 0 0
0 0 0 0 0 0 0 0 0 0
Maze 131
93 7 3.2692307692 2.2232849288 36 0.376485000644999
31 73 52 45 72 99 64 62 16 10 7 15 62 40 76 31
71 72 42 42 92 94 400 12 6 400 5 12 32 36 71
401 401 402 402 401 401 400 402 402 400 402 402 402 402 401
0 0 0 0 1 1 1 1 1 1
0 1 1 1 1 1 0 0 0 0
0 1 0 0 0 0 0 0 0 0
2 1 1 1 1 1 1 1 1 1
1 1 1 1 1 1 0 0 0 0
1 1 0 0 0 1 0 0 0 0
1 1 1 1 0 1 0 0 0 0
1 1 1 1 1 1 0 0 0 0
0 1 0 1 0 0 0 0 0 0
0 1 1 1 1 1 1 1 1 0
Maze 132
75 35 3.3170731707 2.0269320651 25 0.371445970458170
43 57 59 46 76 7 84 26 79 96 43 52 44 64 72 43
53 400 56 400 6 4 24 76 76 93 42 42 400 62 42
401 400 401 400 402 402 402 401 402 401 402 402 400 402 402
0 0 0 1 1 1 1 0 0 0
0 0 0 1 0 1 0 0 0 0
0 0 0 1 1 1 0 0 0 0
0 0 0 1 0 1 0 0 0 0
0 1 2 1 0 1 0 0 0 0
0 1 1 1 1 1 1 1 1 0
0 1 1 1 0 1 0 0 0 0
0 1 1 1 0 1 1 1 1 0
0 0 1 1 0 1 0 0 0 0
0 0 1 1 1 1 0 0 0 0
Maze 133
85 10 3.0181818182 2.3425345807 45 0.367750460938945
54 93 96 71 40 17 60 37 4 72 48 69 66 49 54 54
53 400 91 31 37 57 57 34 2 42 68 400 46 44 400
402 400 401 402 401 401 401 401 402 402 401 400 402 402 400
0 1 1 1 0 0 0 0 0 0
0 1 0 1 0 0 1 0 0 0
0 1 0 1 0 0 1 0 0 0
1 1 1 1 1 1 1 1 1 1
1 1 1 1 1 1 1 1 1 0
1 1 1 2 0 1 1 1 1 1
1 1 1 0 0 1 1 1 1 0
1 1 1 0 0 0 0 0 0 0
1 0 1 0 0 0 0 0 0 0
1 1 1 1 1 1 0 0 0 0
Maze 134
89 17 3.1555555556 1.9683462610 40 0.387334337690006
64 48 14 50 66 87 67 19 86 85 100 48 27 52 27 64
44 44 44 46 86 400 17 16 400 95 98 47 22 22 24
402 401 401 402 401 400 402 402 400 401 401 401 402 402 402
0 0 0 0 0 0 0 0 0 0
0 0 0 1 0 1 1 1 1 0
0 1 1 1 1 1 1 0 0 0
0 1 0 1 0 1 1 0 0 0
0 1 0 1 1 1 1 1 1 1
0 1 0 1 0 1 1 1 0 0
0 0 0 2 0 1 1 1 0 0
0 0 0 0 0 1 1 1 0 0
0 0 0 0 1 1 1 1 0 0
0 0 0 0 1 1 1 1 1 1
Maze 135
113 493 3.6521739130 1.8438908807 112 0.385251910938071
12 73 48 23 72 43 16 71 34 54 71 58 2 96 49 12
72 43 43 22 42 13 11 31 400 51 51 52 92 46 42
401 402 401 402 402 402 402 402 400 402 402 401 401 402 401
0 1 0 0 0 0 0 0 0 0
1 2 1 1 1 1 0 0 0 0
1 1 1 0 0 0 0 0 0 0
1 1 1 1 0 0 0 0 0 0
1 1 1 1 1 1 1 1 1 0
1 1 1 1 1 1 1 1 0 0
1 1 1 0 0 1 0 0 0 0
1 1 1 0 0 1 0 0 0 0
0 1 0 0 0 1 0 0 0 0
0 1 1 1 1 1 0 0 0 0
Maze 136
79 29 3.5555555556 1.9767226489 26 0.402457689393577
6 30 35 62 26 84 29 96 94 86 16 5 46 27 27 6
26 25 32 22 24 24 26 400 84 400 15 45 26 400 26
401 402 402 402 402 402 402 400 402 400 401 401 402 400 401
0 0 0 0 1 2 0 0 0 0
0 0 0 0 1 1 0 0 0 0
0 1 1 1 1 1 1 1 1 1
0 1 1 1 1 1 0 0 0 0
0 1 0 1 1 1 0 0 0 0
0 1 0 1 0 1 0 0 0 0
0 1 0 1 0 1 0 0 0 0
0 0 0 1 0 1 0 0 0 0
0 0 0 1 1 1 0 0 0 0
0 0 0 1 1 1 0 0 0 0
Maze 137
105 40 3.8636363636 1.8965228553 99 0.407948074186827
83 36 91 73 63 65 73 1 93 22 73 29 5 66 29 83
33 31 71 400 400 63 71 91 92 72 23 25 65 26 23
402 402 402 400 400 402 401 401 401 401 402 401 401 402 402
1 0 0 0 1 0 0 0 0 0
1 0 0 0 1 0 0 0 0 0
1 1 1 1 1 1 1 1 1 0
1 1 1 1 1 1 0 0 0 0
1 1 1 0 1 1 0 0 0 0
1 1 1 0 1 1 0 0 0 0
1 1 1 1 1 1 0 0 0 0
1 1 1 0 0 0 0 0 0 0
1 1 2 0 0 0 0 0 0 0
1 1 1 0 0 0 0 0 0 0
Maze 138
97 191 2.8000000000 2.2957034139 46 0.360949862223781
2 98 6 20 2 37 63 53 91 65 99 9 29 23 11 2
92 96 16 12 32 33 400 51 61 95 400 400 400 21 1
401 401 401 401 401 402 400 402 402 401 400 400 400 401 402
1 2 0 0 0 1 0 0 1 0
1 1 1 1 1 1 1 1 1 1
1 1 1 1 1 1 1 1 1 0
0 1 1 1 1 1 1 0 1 0
0 1 1 0 0 1 0 0 1 0
1 1 1 0 0 1 0 0 1 0
1 1 1 1 1 1 0 0 1 0
1 1 0 0 1 1 0 0 1 0
1 1 0 0 1 1 0 0 1 0
1 1 1 1 1 1 1 1 1 0
Maze 139
85 315 3.0384615385 2.1701545015 50 0.385604009122350
33 18 36 50 77 15 72 97 56 34 51 62 27 34 28 33
13 16 46 47 75 12 92 96 54 31 61 22 24 24 23
402 402 401 402 401 402 401 401 401 402 401 402 402 402 402
0 0 0 0 0 0 0 0 0 0
0 1 1 1 1 1 1 1 0 0
0 1 1 1 1 1 1 1 0 0
1 1 2 1 1 1 0 0 0 0
1 1 0 1 1 1 1 1 1 1
1 1 0 1 1 1 1 0 0 0
1 1 0 0 1 1 1 0 0 0
0 1 0 0 1 1 1 0 0 0
0 1 0 0 0 1 0 0 0 0
0 1 1 1 1 1 1 0 0 0
Maze 140
71 33 2.4905660377 2.3219609610 13 0.332467042923157
89 41 75 65 86 50 80 89 39 30 71 96 96 68 79 89
81 71 400 85 46 400 79 400 29 21 91 400 66 78 400
401 401 400 401 402 400 402 400 402 402 401 400 402 401 400
0 0 0 0 0 0 0 0 0 0
0 0 0 0 0 0 0 0 0 0
1 1 1 1 1 1 1 1 1 1
1 0 0 0 0 0 0 0 1 0
1 0 0 0 0 1 1 1 1 1
1 0 0 0 0 1 0 0 1 1
1 0 0 0 1 1 1 1 1 1
1 1 1 1 1 1 0 1 1 1
1 1 1 1 1 1 1 1 2 0
1 1 1 1 1 1 0 0 0 0
Maze 141
103 10857 3.0322580645 2.1775736601 65 0.389443675925157
40 89 95 58 100 89 43 74 26 98 4 68 7 1 3 40
39 85 55 98 99 83 73 24 96 94 64 67 400 400 33
402 402 402 401 401 401 401 402 401 401 401 401 400 400 401
1 1 1 1 1 1 1 0 0 0
0 0 1 1 0 0 1 0 0 0
0 0 1 1 1 1 1 0 0 0
0 0 1 1 1 1 1 1 1 2
0 0 1 1 0 1 1 0 1 0
0 0 1 1 1 1 1 1 1 0
0 0 1 1 1 1 1 1 1 0
0 0 1 1 1 1 0 1 1 0
0 0 1 1 1 1 1 1 1 0
0 0 0 1 1 1 1 1 1 1
Maze 142
97 67 3.2142857143 2.1460047655 55 0.391361813950527
12 29 82 89 63 6 11 19 65 75 67 67 41 8 2 12
22 22 400 83 3 1 400 15 400 65 400 61 1 400 400
401 402 400 401 402 402 400 402 400 402 400 401 402 400 400
1 1 1 1 1 1 1 1 0 0
1 2 1 1 1 1 1 1 1 0
1 1 1 1 1 1 1 1 1 0
1 1 1 0 1 0 0 0 0 0
1 1 1 0 1 0 0 0 0 0
1 1 1 0 1 0 0 0 0 0
1 1 1 1 1 1 1 0 0 0
0 1 1 0 1 0 0 0 0 0
0 1 1 1 1 1 1 1 1 0
0 0 0 0 0 0 0 0 0 0
Maze 143
111 8370 3.7142857143 1.9232394094 105 0.383587624616531
26 66 73 48 92 36 80 96 27 94 2 55 5 72 75 26
400 63 43 42 32 76 76 26 24 92 52 400 2 400 25
400 402 402 402 402 401 402 402 402 401 401 400 402 400 402
0 1 1 1 1 0 0 0 0 0
0 1 0 0 1 0 0 0 0 0
0 1 0 1 1 2 1 0 0 0
0 1 1 1 1 1 0 0 0 0
0 1 1 1 1 1 1 1 0 0
0 1 1 1 1 1 0 0 0 0
0 1 1 1 1 1 0 0 0 0
0 1 1 1 1 1 1 1 1 1
0 1 0 1 0 1 0 0 0 0
0 1 1 1 0 1 0 0 0 0
Maze 144
97 51 3.2549019608 2.0638631072 64 0.383125444504883
60 13 94 89 99 12 15 47 58 83 79 62 42 22 98 60
53 93 84 400 92 400 45 57 53 73 72 400 400 92 58
401 401 402 400 401 400 401 401 402 402 401 400 400 401 402
0 0 0 0 0 0 0 0 0 0
0 1 1 1 1 0 0 0 0 0
0 1 1 0 1 0 0 0 0 0
0 1 1 0 1 0 0 0 0 0
0 1 1 0 1 1 1 0 0 0
0 1 1 1 1 1 1 1 1 2
0 1 1 0 0 0 0 1 0 0
0 1 1 1 1 1 1 1 1 0
0 1 1 1 1 1 1 1 1 0
0 1 1 1 1 1 1 1 1 0
Maze 145
81 191 2.8888888889 1.9043468112 35 0.389942556360301
8 31 48 87 67 39 78 28 26 97 58 30 55 57 87 8
1 41 47 400 37 38 400 400 96 57 28 25 400 400 7
402 401 402 400 402 402 400 400 401 402 402 402 400 400 402
1 1 1 1 1 1 1 2 0 0
1 0 0 0 0 0 1 0 0 0
1 0 0 0 1 1 1 1 1 1
1 0 0 0 1 1 1 1 1 0
1 1 1 1 1 1 1 1 0 0
0 0 0 0 1 1 1 1 0 0
0 0 0 0 0 1 1 1 0 0
0 0 0 0 0 1 1 1 0 0
0 0 0 0 0 1 1 0 0 0
0 0 0 0 0 1 1 0 0 0
Maze 146
111 114 3.5438596491 2.0743772408 79 0.401230824626478
3 24 84 46 52 35 98 11 32 88 12 39 52 75 17 3
23 400 44 42 32 95 91 31 82 82 32 32 72 15 13
401 400 402 402 402 401 401 401 401 401 401 402 401 402 401
0 0 2 0 0 0 0 0 0 0
1 1 1 1 1 1 1 0 0 0
1 1 1 1 1 0 0 0 0 0
1 1 1 1 1 1 1 1 1 0
1 1 1 1 1 1 0 0 0 0
1 1 0 1 1 0 0 0 0 0
1 1 0 1 1 0 0 0 0 0
1 1 1 1 1 0 0 0 0 0
1 1 1 1 1 1 1 1 0 0
1 1 1 1 1 1 1 1 0 0
Maze 147
91 36 2.8750000000 2.0408497557 35 0.395469908865543
74 32 51 7 43 47 89 11 44 49 86 85 85 92 21 74
72 31 1 3 400 87 81 41 400 46 400 400 82 91 71
401 402 402 402 400 401 401 401 400 402 400 400 402 401 401
1 1 1 1 1 1 1 0 0 0
1 0 1 0 0 0 0 0 0 0
1 0 1 0 0 0 0 0 0 0
1 1 1 0 0 0 0 0 0 0
1 1 1 1 1 1 1 1 1 0
1 1 0 0 0 1 1 0 0 0
1 1 0 0 0 1 1 0 0 0
1 1 1 2 0 1 1 0 0 0
1 1 1 1 1 1 1 1 1 0
1 1 0 0 0 0 0 0 0 0
Maze 148
111 1537 3.1692307692 2.2024252186 87 0.386966146587679
12 7 67 10 61 38 77 28 2 23 96 20 38 50 69 12
2 400 7 1 31 37 27 22 22 93 16 18 48 49 62
402 400 402 402 402 402 402 401 401 401 402 402 401 402 401
1 1 1 1 1 1 1 1 1 1
1 2 0 0 0 1 1 1 1 1
1 1 1 1 1 1 1 1 0 0
1 1 1 1 1 1 1 1 0 0
1 1 1 0 0 1 1 1 1 1
1 1 1 0 0 1 1 0 1 0
1 1 1 1 1 1 1 1 1 0
0 0 1 0 0 1 1 0 0 0
0 0 1 0 0 1 0 0 0 0
0 0 1 1 1 1 0 0 0 0
Maze 149
105 159 3.5510204082 1.9864262413 97 0.393008019054538
33 40 65 77 12 55 72 73 12 67 41 23 97 22 17 33
400 35 75 72 52 52 400 72 62 61 21 93 92 12 13
400 402 401 401 401 402 400 401 401 401 402 401 401 402 402
0 0 0 0 0 0 0 0 0 0
0 1 1 1 1 1 1 0 0 0
1 1 1 0 0 0 0 0 0 0
1 1 2 1 1 1 1 1 1 1
1 1 1 0 1 0 0 0 0 0
1 1 1 1 1 0 0 0 0 0
1 1 1 1 1 1 1 0 0 0
0 1 1 1 1 1 1 0 0 0
0 1 1 0 0 0 0 0 0 0
0 1 1 1 1 1 1 0 0 0
Maze 150
87 9 3.1836734694 2.1004771775 45 0.376510274698044
65 45 81 42 65 90 48 79 39 68 74 5 94 18 65 65
400 41 41 62 85 88 78 400 38 64 4 4 14 15 400
400 402 402 401 401 401 401 400 402 402 402 402 402 402 400
0 0 0 1 1 0 0 0 0 0
0 0 0 1 1 1 1 1 0 0
0 0 0 1 1 0 0 0 0 0
0 0 0 1 1 0 0 1 1 0
1 1 1 1 1 0 0 1 1 0
1 1 0 1 1 0 0 1 1 0
1 1 1 1 2 1 1 1 1 0
1 0 0 1 1 0 0 1 1 0
1 0 0 1 1 1 1 1 1 1
0 0 0 1 0 0 0 0 0 0
Maze 151
103 60 3.3454545455 2.0556825136 77 0.382775551249015
82 57 41 46 60 25 40 28 88 10 84 10 49 98 94 82
52 51 400 56 55 35 38 400 8 4 4 9 48 400 92
402 401 400 401 401 401 401 400 402 402 402 402 402 400 401
0 0 0 1 1 1 1 1 1 1
0 0 0 1 0 0 0 1 1 0
0 0 0 1 1 0 0 1 1 0
0 0 0 1 1 1 1 1 1 1
1 1 1 1 1 1 0 1 1 0
1 1 1 1 1 1 1 1 1 1
0 1 0 1 0 0 0 1 0 0
0 1 0 1 0 0 0 1 0 0
0 2 0 1 0 0 0 1 0 0
0 1 1 1 1 1 1 1 0 0
Maze 152
107 215 3.2542372881 2.2340692958 97 0.407834439812755
29 81 11 95 81 41 50 8 40 19 80 97 64 9 56 29
21 400 91 91 400 400 48 38 39 79 77 94 4 6 26
402 400 401 401 400 400 401 401 401 401 402 401 402 402 402
0 0 0 1 1 1 1 1 1 0
1 0 0 1 0 1 0 1 1 0
1 1 1 1 1 1 1 1 2 0
1 0 0 1 0 1 0 1 1 1
1 1 1 1 1 1 1 1 1 1
1 0 0 1 0 1 0 0 1 0
1 0 0 1 0 0 0 0 1 0
1 0 0 1 0 0 1 1 1 1
1 0 0 1 0 0 1 0 0 0
1 1 1 1 1 1 1 0 0 0
Maze 153
103 7 3.0000000000 1.9488938116 60 0.377721878334124
35 79 9 5 56 68 91 100 3 53 3 54 93 36 52 35
75 400 400 55 66 61 400 93 400 400 53 53 33 32 32
401 400 400 401 401 402 400 401 400 400 401 402 402 402 402
0 0 1 0 1 1 1 1 1 0
0 0 1 0 1 0 0 0 1 0
0 0 1 0 1 0 0 0 1 0
0 1 1 1 2 1 0 0 1 0
0 1 1 0 1 0 0 0 1 0
0 1 1 1 1 1 0 0 1 0
1 1 1 1 1 1 1 1 1 0
1 0 1 0 1 1 1 1 1 0
1 0 1 0 0 0 0 0 0 0
1 1 1 1 1 1 1 1 1 1
Maze 154
103 21605 3.0461538462 2.3604266239 71 0.396722272883961
28 42 95 18 39 32 64 70 61 59 80 9 67 77 71 28
22 92 15 38 400 62 400 400 51 79 79 7 400 400 21
402 401 402 401 400 401 400 400 402 401 401 402 400 400 402
0 0 0 0 0 0 1 1 1 0
0 0 0 0 1 1 1 1 1 0
1 1 1 1 1 1 1 2 1 0
1 1 1 1 1 1 1 1 1 0
1 1 0 0 1 0 1 0 1 0
1 1 1 1 1 1 1 1 1 0
1 1 1 1 1 1 1 1 1 1
1 1 1 1 1 1 1 0 1 1
0 1 0 0 1 0 0 0 0 0
0 1 1 1 1 0 0 0 0 0
Maze 155
113 1068 3.2982456140 1.9635191582 112 0.396002211351064
90 5 31 38 92 66 25 94 90 6 86 28 49 46 83 90
85 1 400 32 62 65 24 84 86 400 26 48 400 43 400
401 402 400 402 402 401 402 402 401 400 402 401 400 402 400
1 1 1 1 1 1 0 0 0 0
1 0 0 0 1 1 0 0 0 0
1 0 0 1 1 1 1 1 0 0
1 1 1 1 1 1 1 1 0 0
0 1 1 1 1 1 1 1 1 0
0 1 1 1 1 1 0 0 0 0
0 1 1 1 1 1 0 0 0 0
0 1 1 1 1 1 0 0 0 0
0 1 1 1 1 1 1 1 1 2
0 1 0 1 0 0 0 0 0 0
Maze 156
95 32 2.8148148148 2.0424812504 64 0.364791038856298
4 56 80 78 49 6 74 59 66 97 59 88 10 32 84 4
54 76 400 48 46 4 54 56 96 57 58 8 2 82 400
401 401 400 402 401 402 402 402 401 402 402 402 402 401 400
0 1 1 2 1 1 1 1 1 1
0 1 0 1 0 1 0 1 0 0
0 1 0 1 0 1 0 1 0 0
0 1 0 1 0 1 0 1 0 0
0 1 0 1 0 1 1 1 1 0
0 1 0 1 1 1 1 1 1 0
0 1 0 1 0 1 1 1 0 0
0 1 0 1 0 1 1 1 1 1
0 1 1 1 0 1 1 1 0 0
0 0 0 0 0 1 1 0 0 0
Maze 157
101 174 3.5769230769 2.1318092796 77 0.392404514366973
69 10 96 65 3 59 84 7 15 39 32 55 53 56 9 69
9 6 95 63 53 54 4 5 35 400 52 400 400 6 400
402 402 401 401 401 402 402 402 401 400 401 400 400 402 400
0 0 1 1 1 1 1 1 1 1
0 0 1 1 1 1 0 0 1 0
0 0 1 1 1 1 0 0 1 0
0 1 1 1 1 1 1 1 1 0
0 1 1 1 0 1 0 0 1 0
0 1 1 1 1 1 1 1 1 0
0 0 1 1 1 1 0 0 2 0
0 0 0 1 1 1 0 0 0 0
0 0 0 1 1 1 0 0 0 0
0 0 0 0 1 1 0 0 0 0
Maze 158
77 378 2.8627450980 2.2456452571 26 0.385474476159490
37 92 98 48 36 77 97 100 65 82 89 24 5 48 37 37
32 400 400 46 76 400 400 95 62 400 84 4 45 47 400
402 400 400 401 401 400 400 401 402 400 401 402 401 401 400
0 0 0 1 1 0 0 0 0 0
0 0 0 1 1 0 0 0 0 0
0 0 0 1 1 0 0 0 0 0
0 1 1 1 1 1 2 0 0 0
0 1 0 1 1 1 1 1 0 0
0 1 0 1 0 1 0 1 0 0
0 1 1 1 1 1 0 1 0 0
0 1 0 1 1 1 1 1 0 0
0 1 1 1 1 1 1 1 1 0
0 1 1 1 1 1 1 1 1 1
Maze 159
145 644 3.7101449275 2.1375679221 257 0.397087840065669
100 9 91 7 100 82 59 74 50 97 79 7 72 71 19 100
99 1 1 97 92 52 54 44 47 77 77 2 400 11 99
401 402 402 401 401 402 402 402 402 402 401 402 400 402 401
1 1 1 1 1 1 1 1 1 0
1 1 1 1 1 1 1 1 1 0
1 1 0 0 0 0 1 0 1 0
1 1 0 0 0 0 1 0 1 0
1 1 0 1 1 1 1 1 1 1
1 1 1 1 1 1 1 1 1 0
1 1 0 1 0 0 1 0 1 0
1 1 0 1 0 0 1 1 1 0
1 1 0 0 0 0 1 0 1 0
1 1 1 1 1 1 1 1 1 2
Maze 160
105 115 2.8813559322 2.1154937302 84 0.391405298594602
2 91 5 85 78 78 99 57 64 96 29 95 21 56 74 2
1 1 400 75 400 98 97 54 94 26 25 91 51 54 72
402 402 400 402 400 401 401 402 401 402 402 401 401 402 401
1 2 1 1 1 0 0 0 0 0
1 1 0 0 1 0 0 0 0 0
1 1 0 0 1 1 1 1 1 0
1 1 0 0 1 1 0 0 0 0
1 1 0 0 1 1 0 0 0 0
1 1 1 1 1 1 1 0 0 0
1 1 0 1 1 1 1 0 0 0
1 1 1 1 1 1 1 1 0 0
1 0 0 1 1 1 1 1 0 0
1 1 1 1 1 1 1 1 1 0
Maze 161
73 18 2.9361702128 2.2877310144 11 0.352666681880123
67 96 8 27 48 47 37 67 23 48 91 61 54 62 97 67
66 6 7 47 400 400 400 63 43 41 400 51 52 92 400
402 402 402 401 400 400 400 401 401 402 400 402 402 401 400
0 0 0 0 0 1 1 1 0 0
0 0 0 0 0 1 1 0 0 0
0 0 1 0 0 1 1 0 0 0
0 0 1 0 0 1 1 0 0 0
1 1 1 1 1 1 1 1 0 0
1 1 1 1 0 1 1 0 0 0
1 1 1 1 1 1 2 0 0 0
1 1 0 0 0 1 1 0 0 0
1 1 0 0 0 1 1 0 0 0
1 1 1 1 1 1 1 0 0 0
Maze 162
105 384 3.2131147541 2.2397489900 97 0.370181808578215
74 78 9 36 27 32 50 38 82 7 31 26 56 20 11 74
400 8 6 26 22 42 48 32 2 1 21 400 16 400 71
400 402 402 402 402 401 401 402 402 402 402 400 402 400 401
1 1 1 1 1 1 1 1 1 0
1 1 1 1 1 1 1 1 1 1
1 1 1 1 1 1 1 1 0 0
1 1 1 1 1 1 1 1 0 0
1 1 1 1 1 1 1 1 1 1
1 1 0 0 0 1 0 1 0 0
1 1 0 0 0 0 0 1 0 0
1 1 1 2 1 1 1 1 0 0
0 1 0 0 0 0 0 0 0 0
0 0 0 0 0 0 0 0 0 0
Maze 163
121 149 3.4920634921 2.1937287166 114 0.378731988878845
2 53 87 9 90 73 48 7 69 49 31 100 87 34 97 2
52 83 7 89 83 43 47 67 400 41 91 97 84 94 92
401 401 402 401 401 402 401 401 400 401 401 401 401 401 401
0 2 0 0 0 0 1 1 1 0
0 1 0 0 0 0 1 0 1 0
0 1 0 0 0 0 1 0 1 0
1 1 0 1 0 0 1 0 1 0
1 1 1 1 1 1 1 1 1 0
1 1 1 1 0 0 1 0 1 0
1 1 1 1 0 0 1 1 1 0
1 1 1 1 0 0 1 0 1 0
1 1 1 1 1 1 1 1 1 1
1 1 1 1 1 1 1 1 1 1
Maze 164
93 21 3.1428571429 2.0781833240 56 0.394803057356000
54 18 22 16 29 14 78 45 84 26 89 49 27 83 76 54
14 12 12 26 24 74 75 44 24 86 400 47 23 73 74
402 402 402 401 401 401 401 402 402 401 400 401 402 402 401
0 0 0 0 0 0 0 0 0 0
0 1 1 1 1 1 1 1 0 0
0 1 1 1 1 1 1 1 1 0
0 0 1 1 0 1 1 0 0 0
0 0 1 1 1 1 1 1 1 0
0 0 1 2 1 1 0 0 1 0
0 0 1 1 1 1 0 0 1 0
0 0 1 1 1 1 1 1 1 0
0 0 1 1 0 1 1 1 1 0
0 0 0 0 0 0 0 0 0 0
Maze 165
111 37 3.2812500000 2.2620455801 97 0.386081593491753
46 39 88 18 87 44 51 3 93 90 26 87 10 74 97 46
36 38 400 17 84 41 1 400 83 86 86 7 4 94 96
402 402 400 402 401 402 402 400 402 401 401 402 402 401 401
1 1 1 1 1 1 1 1 1 1
1 0 1 1 0 0 1 1 0 0
1 0 1 1 0 1 1 1 0 0
1 0 1 1 0 1 1 1 1 0
1 1 1 1 0 2 1 1 0 0
1 0 1 1 0 1 1 1 0 0
0 0 1 1 0 1 1 1 0 0
0 0 1 1 0 1 1 1 0 0
0 0 1 1 1 1 1 1 1 1
0 0 1 1 1 1 1 0 0 0
Maze 166
139 5735 3.3972602740 2.3026220808 218 0.379697292314148
51 98 61 26 65 88 10 91 48 34 88 82 8 86 80 51
91 91 21 25 85 8 1 41 44 84 400 2 6 76 71
401 401 402 402 401 402 402 402 401 401 400 402 402 402 401
1 1 1 1 1 1 1 1 1 1
1 1 0 0 0 1 0 1 0 0
1 1 1 1 1 1 0 1 0 0
1 1 0 1 1 1 0 1 0 0
1 1 1 1 1 1 1 1 0 0
2 1 0 1 1 1 0 1 0 0
1 1 0 1 1 1 0 1 0 0
1 1 1 1 1 1 1 1 1 1
1 1 1 1 1 1 1 1 0 0
1 1 1 1 1 1 1 1 0 0
Maze 167
77 21 3.3750000000 1.5471657141 17 0.395055023915315
35 65 53 7 52 63 15 18 22 32 19 55 18 9 35 35
400 63 3 2 62 13 400 12 400 12 15 15 8 5 400
400 401 402 402 401 402 400 402 400 402 402 402 402 402 400
0 1 1 1 1 1 1 1 1 0
0 1 1 1 1 1 1 1 1 0
0 1 1 0 1 0 0 0 0 0
0 1 1 0 2 0 0 0 0 0
0 1 1 0 1 0 0 0 0 0
0 1 1 0 1 0 0 0 0 0
0 1 1 1 1 0 0 0 0 0
0 0 0 0 0 0 0 0 0 0
0 0 0 0 0 0 0 0 0 0
0 0 0 0 0 0 0 0 0 0
Maze 168
71 15 2.8936170213 2.1955732290 20 0.372676666369218
45 38 28 37 20 74 46 51 22 13 48 97 78 82 45 45
35 400 27 17 14 44 41 21 12 43 47 77 72 42 400
402 400 402 402 402 402 402 402 402 401 402 402 402 402 400
0 0 0 0 0 0 0 0 0 0
0 1 1 1 1 1 1 1 1 1
1 1 1 1 0 0 1 1 0 0
1 0 1 1 1 1 1 1 0 0
1 1 1 1 2 1 1 1 0 0
1 1 0 1 0 0 1 0 0 0
0 1 0 1 0 0 1 0 0 0
0 1 1 1 1 1 1 1 0 0
0 1 0 0 0 0 1 0 0 0
0 0 0 0 0 0 1 0 0 0
Maze 169
99 60 3.5121951220 1.7217775605 65 0.385327618392029
60 72 14 74 35 57 24 59 61 11 81 64 27 42 76 60
52 12 400 34 55 54 54 51 400 400 61 24 22 72 56
402 402 400 402 401 401 401 402 400 400 402 402 402 401 402
0 0 0 0 0 0 0 0 0 0
1 1 1 1 0 0 0 0 0 0
1 1 1 1 1 1 1 0 0 0
1 1 0 1 1 0 0 0 0 0
1 1 0 1 1 0 0 0 0 0
1 1 1 1 1 1 1 1 1 2
1 1 1 1 0 1 0 0 0 0
1 1 1 1 1 1 0 0 0 0
1 0 0 0 0 0 0 0 0 0
0 0 0 0 0 0 0 0 0 0
Maze 170
93 116 3.5652173913 2.0479375372 36 0.370610239548053
75 49 67 83 71 31 69 76 22 22 32 48 12 9 81 75
45 47 63 81 400 61 66 72 400 400 42 42 2 1 71
402 402 402 401 400 401 402 401 400 400 401 401 402 402 402
1 1 1 1 1 1 1 1 1 0
1 1 0 0 0 0 0 0 0 0
1 1 0 0 0 0 0 0 0 0
1 1 0 0 0 0 0 0 0 0
1 1 1 1 1 1 1 1 1 0
1 1 0 0 1 0 1 0 0 0
1 1 1 1 1 1 1 1 1 0
1 1 1 1 2 1 0 0 0 0
1 1 1 0 0 0 0 0 0 0
0 0 0 0 0 0 0 0 0 0
Maze 171
115 721 3.4736842105 2.0877925226 98 0.393505616789596
75 33 61 66 41 4 26 53 30 94 32 100 6 43 14 75
73 31 400 61 1 24 23 23 24 92 92 96 3 13 74
401 402 400 401 402 401 402 402 402 401 401 401 402 402 401
1 1 1 1 1 1 0 0 0 0
1 0 1 1 0 1 0 0 0 0
1 0 1 1 1 1 1 1 1 1
1 1 1 1 0 1 0 0 0 0
1 1 1 1 0 1 0 0 0 0
1 1 1 1 0 1 0 0 0 0
1 1 1 1 1 1 0 0 0 0
0 1 1 1 2 1 0 0 0 0
0 1 0 1 0 1 0 0 0 0
0 1 1 1 1 1 1 1 1 1
Maze 172
105 577 4.0000000000 2.0823796891 92 0.397866446112368
68 24 78 12 74 59 61 36 65 99 68 79 100 34 41 68
64 74 72 72 54 51 31 35 95 98 78 99 94 31 61
401 401 401 401 402 402 402 402 401 401 401 401 401 402 401
0 0 0 0 0 0 0 0 0 0
0 1 0 0 0 0 0 0 0 0
0 1 0 1 0 0 0 0 0 0
1 1 1 1 1 1 0 0 0 0
1 1 0 1 1 0 0 0 0 0
1 1 1 1 1 1 1 1 1 0
1 1 1 1 1 1 1 2 0 0
0 1 1 1 1 1 1 1 1 0
0 0 0 1 1 0 0 1 1 0
0 0 0 1 1 1 1 1 1 1
Maze 173
93 320 2.9180327869 2.3348340677 44 0.380904228450555
76 54 40 79 26 56 99 15 61 82 59 20 46 6 65 76
74 34 39 76 400 96 95 11 81 52 19 16 400 5 75
401 402 402 401 400 401 401 402 401 402 402 402 400 402 401
0 0 0 0 1 1 0 0 0 0
1 1 1 1 1 1 1 1 1 1
1 0 0 0 1 1 0 0 1 0
1 0 0 1 1 1 1 1 1 1
1 0 0 1 1 1 0 0 1 0
1 1 1 1 1 1 1 1 1 0
1 1 0 1 1 1 0 0 1 0
1 1 0 1 1 2 1 1 1 0
1 1 0 0 1 1 0 0 0 0
0 0 0 0 1 1 1 1 1 0
Maze 174
95 82 2.9180327869 2.2782590234 71 0.393718792220079
1 63 21 89 79 98 61 64 4 48 32 56 80 90 28 1
61 61 81 400 78 91 400 400 44 42 52 76 400 88 21
401 401 401 400 402 401 400 400 401 401 401 401 400 401 401
2 0 0 1 0 0 0 0 0 0
1 0 0 1 0 0 0 0 0 0
1 1 1 1 1 1 1 1 0 0
1 1 0 1 0 0 0 1 0 0
1 1 1 1 1 1 1 1 0 0
1 1 1 1 1 1 0 1 0 0
1 1 1 1 0 1 0 1 0 0
1 0 0 0 0 1 1 1 1 1
1 1 1 1 1 1 1 1 1 1
1 1 1 1 1 1 1 1 0 0
Maze 175
85 12 3.0740740741 2.1596213612 41 0.350813080276571
89 9 79 96 16 9 8 33 3 23 21 97 4 14 44 89
400 400 76 400 6 400 3 400 400 400 91 94 400 400 84
400 400 402 400 402 400 402 400 400 400 401 401 400 400 401
0 0 1 1 1 1 1 1 1 0
0 0 1 1 0 1 0 0 1 0
1 1 1 1 0 1 0 0 1 0
1 0 1 1 0 1 0 0 1 0
1 0 0 1 0 1 0 0 1 0
1 0 0 1 0 1 0 0 1 0
1 0 0 1 0 1 0 0 1 0
1 0 0 1 0 1 1 1 1 0
1 0 0 1 1 1 1 1 2 0
1 1 1 1 1 1 1 0 0 0
Maze 176
119 179 3.1290322581 2.0945459762 132 0.380640618057917
86 7 80 98 5 88 35 100 8 37 72 88 37 13 95 86
6 77 78 95 85 85 95 98 7 32 82 87 33 93 85
402 401 402 401 401 401 401 401 402 402 401 401 401 401 402
0 0 0 0 1 1 1 1 0 0
0 0 1 0 1 1 1 1 0 0
0 0 1 0 1 1 1 1 0 0
0 1 1 1 1 1 1 1 0 0
0 1 1 0 1 1 1 1 0 0
0 1 1 0 1 1 1 1 0 0
0 1 1 0 1 1 1 1 0 0
0 1 1 0 1 1 1 1 1 1
0 1 1 1 1 2 1 1 0 0
0 0 1 1 1 1 1 1 1 1
Maze 177
113 6052 3.1562500000 2.1659971383 105 0.376640749644564
26 94 95 29 43 39 9 72 48 30 73 16 68 27 88 26
24 400 25 23 33 400 2 42 28 23 13 66 67 87 86
402 400 402 402 402 400 402 402 402 402 402 401 401 401 401
0 1 1 1 1 1 1 1 1 0
0 1 1 1 1 1 0 0 1 0
0 1 1 1 1 2 1 1 1 1
0 1 1 1 1 1 1 1 1 0
0 1 1 1 1 1 1 1 0 0
0 1 1 1 1 1 1 0 0 0
0 1 1 1 1 1 1 1 0 0
0 1 1 1 1 1 1 0 0 0
0 0 0 1 1 1 1 1 0 0
0 0 0 1 1 0 0 0 0 0
Maze 178
85 33 2.8888888889 2.2427085094 41 0.406952135031651
5 1 71 13 12 55 16 90 86 73 43 84 92 68 96 5
400 400 11 400 52 15 86 400 83 400 83 82 62 66 95
400 400 402 400 401 402 401 400 401 400 401 402 402 402 401
1 1 1 1 2 0 0 0 0 0
1 1 1 0 1 1 0 0 0 0
1 1 0 0 1 1 0 0 0 0
1 1 0 0 1 1 0 0 0 0
1 1 1 0 1 1 0 0 0 0
1 1 1 1 1 1 0 0 0 0
1 1 1 1 1 1 1 1 0 0
1 1 1 0 1 1 0 0 0 0
0 1 1 1 1 1 1 1 1 1
0 1 0 0 1 1 0 0 0 0
Maze 179
115 1791 3.5862068966 2.1116547227 104 0.395831924153587
83 72 30 85 23 86 68 42 71 96 72 99 4 55 80 83
82 22 25 83 83 66 62 41 91 92 92 94 54 75 73
401 402 402 401 401 402 401 402 401 401 401 401 401 401 402
0 0 0 1 0 0 0 0 0 0
0 0 0 1 0 0 0 0 0 0
0 1 1 1 1 1 1 1 1 1
0 1 1 1 1 0 0 0 0 0
1 1 1 1 1 0 0 0 0 0
1 1 1 1 1 0 0 0 0 0
1 1 1 1 1 1 1 1 0 0
1 1 1 1 1 1 1 1 1 1
1 1 2 1 1 1 0 0 0 0
1 1 1 1 1 1 1 1 1 0
Maze 180
89 40 3.0800000000 2.1182197251 35 0.356419528627399
80 52 50 87 44 46 30 44 34 54 44 28 43 1 84 80
72 42 47 84 400 26 24 400 400 400 24 23 41 81 74
401 402 402 401 400 402 402 400 400 400 402 402 401 401 402
1 0 0 0 0 0 0 0 0 0
1 0 0 0 0 0 0 0 0 0
1 0 1 1 1 1 1 1 1 1
1 0 1 1 0 1 0 0 0 0
1 1 1 1 1 1 1 1 1 1
1 1 0 1 0 0 1 0 0 0
1 1 0 1 0 0 1 0 0 0
1 1 1 1 1 1 1 1 1 2
1 1 1 1 1 1 1 0 0 0
0 0 0 0 0 0 0 0 0 0
Maze 181
143 2196 3.1948051948 2.2334544590 209 0.391375900997149
50 11 74 3 98 61 94 30 60 98 7 10 99 2 91 50
41 71 73 93 91 91 24 400 58 97 400 9 92 1 41
401 401 401 401 401 401 402 400 402 401 400 402 401 402 402
1 1 1 0 0 0 1 1 1 1
1 1 1 0 0 0 1 0 1 0
1 1 1 1 1 1 1 1 1 1
1 1 1 1 0 0 1 0 1 1
1 1 1 1 1 1 1 1 1 2
1 1 1 1 0 0 1 1 1 1
1 1 1 1 0 0 1 1 1 0
1 1 1 1 0 0 1 1 1 0
1 1 1 1 0 0 1 1 1 0
1 1 1 1 1 1 1 1 1 0
Maze 182
113 51 3.3220338983 2.1491602539 86 0.377024566933997
93 20 35 83 39 28 24 75 1 81 48 61 98 57 77 93
13 15 33 33 38 400 74 71 400 41 41 91 97 400 73
402 402 402 402 401 400 401 401 400 402 402 401 401 400 402
1 0 0 0 0 0 0 0 0 0
1 0 1 1 1 1 1 1 1 1
1 0 1 1 1 1 1 1 0 0
1 0 1 1 1 1 1 1 1 0
1 1 1 1 1 1 1 1 0 0
1 0 1 1 0 0 1 0 0 0
1 0 1 1 0 0 1 0 0 0
1 1 1 1 1 1 1 0 0 0
1 0 1 0 0 0 1 0 0 0
1 1 2 1 1 1 1 1 0 0
Maze 183
99 200 3.4615384615 2.1120634639 55 0.375809485995017
83 68 47 58 72 30 95 78 43 3 15 82 66 97 70 83
63 67 57 52 22 25 75 73 400 13 12 62 96 67 63
402 401 401 402 402 402 402 401 400 401 402 402 401 402 402
0 0 1 0 0 0 0 0 0 0
0 1 1 1 1 0 0 0 0 0
0 1 1 1 1 1 1 1 1 1
0 1 1 0 1 0 0 0 0 0
0 1 1 0 1 0 1 0 0 0
0 1 1 1 1 1 1 1 0 0
0 1 1 1 1 1 1 1 1 1
0 1 1 1 1 1 1 1 0 0
0 1 2 0 1 1 1 0 0 0
0 0 0 0 1 1 1 0 0 0
Maze 184
121 180 3.5254237288 1.9906159924 140 0.388164013041911
90 36 70 2 80 22 95 35 60 68 18 68 49 21 77 90
86 66 62 72 72 92 400 55 58 400 400 48 41 71 87
401 401 401 401 401 401 400 401 402 400 400 402 401 401 401
0 1 0 0 0 0 0 0 0 0
0 1 0 0 0 0 0 1 0 0
1 1 0 0 0 0 0 1 0 0
1 1 0 0 1 1 0 1 0 0
1 1 1 1 1 1 1 1 1 0
1 1 0 0 1 1 1 1 1 1
1 1 1 1 1 1 1 1 1 1
1 1 1 1 1 1 1 1 1 1
0 1 0 0 1 1 1 1 1 2
0 1 1 1 1 0 0 0 0 0
Maze 185
71 7 3.1363636364 2.2101918335 16 0.376734405135519
74 94 34 26 52 38 79 78 94 31 41 93 83 96 36 74
400 400 24 22 32 78 400 74 91 400 91 400 93 400 34
400 400 402 402 402 401 400 402 401 400 401 400 401 400 402
0 0 0 0 0 0 0 0 0 0
0 0 0 0 0 0 0 0 0 0
0 1 1 1 1 1 0 0 0 0
1 1 1 1 1 1 1 1 0 0
1 1 0 1 0 1 0 1 0 0
1 1 0 1 0 1 0 1 0 0
1 0 0 1 0 1 0 1 0 0
1 0 0 2 1 1 1 1 1 0
1 0 1 1 0 1 0 0 0 0
1 1 1 1 1 1 0 0 0 0
Maze 186
99 102 3.2765957447 1.8254042491 46 0.383984681222406
85 26 33 36 8 14 53 88 14 89 24 96 71 92 52 85
25 23 400 6 4 13 83 84 84 84 94 91 91 400 82
402 402 400 402 402 402 401 401 401 401 401 401 401 400 401
0 0 0 1 1 1 1 1 0 0
0 0 1 1 0 1 0 0 0 0
0 0 1 1 1 1 0 0 0 0
0 0 1 1 1 1 0 0 0 0
0 0 1 1 1 0 0 0 0 0
0 1 1 1 1 0 0 0 0 0
0 1 1 1 1 0 0 0 0 0
1 1 1 1 1 0 0 0 0 0
1 1 1 1 2 1 1 1 1 0
1 1 1 1 1 1 0 0 0 0
Maze 187
105 99 3.1034482759 2.1453403406 105 0.400809253896981
5 98 96 25 24 85 62 88 46 61 85 30 22 9 67 5
95 400 95 400 84 82 82 86 41 81 25 400 2 7 65
401 400 401 400 401 401 401 401 402 401 402 400 402 402 401
0 1 1 1 2 1 1 1 1 0
0 1 0 0 1 0 1 0 0 0
0 1 1 1 1 1 1 1 1 1
0 0 0 1 1 0 1 0 0 0
1 1 1 1 1 1 1 0 0 0
1 0 0 1 1 1 1 0 0 0
1 1 0 1 1 1 1 0 0 0
1 1 0 1 1 1 0 0 0 0
1 1 1 1 1 1 1 1 0 0
0 0 0 0 1 1 1 1 0 0
Maze 188
103 374 2.8450704225 2.4146893049 77 0.372478958520299
67 12 20 70 59 8 10 82 48 89 41 73 98 98 7 67
62 400 400 69 58 400 2 42 88 81 71 93 400 97 400
401 400 400 401 401 400 402 402 401 401 401 401 400 401 400
0 1 1 1 1 1 1 1 1 1
0 1 1 1 1 1 1 1 1 1
0 1 0 0 0 0 1 1 0 1
0 1 0 0 0 0 1 1 0 1
1 1 1 1 1 1 1 1 0 1
1 1 0 0 0 0 1 1 1 1
1 1 1 1 1 1 2 1 1 1
1 1 1 0 0 0 1 1 0 0
1 1 1 1 1 1 1 1 1 0
0 0 1 1 1 1 1 1 0 0
Maze 189
111 228 3.2631578947 2.1064880490 87 0.389031207056915
39 2 48 32 95 1 15 55 10 62 52 11 9 7 78 39
32 42 42 92 91 11 400 5 2 400 51 1 400 77 38
401 401 401 401 401 401 400 402 402 400 401 402 400 401 402
1 1 1 1 1 1 1 1 1 1
1 1 1 1 1 0 1 0 0 0
1 1 0 0 1 0 1 0 0 0
1 1 1 1 1 1 1 1 2 0
1 1 1 1 1 1 1 1 0 0
1 1 0 0 1 0 1 1 0 0
1 1 0 0 0 0 1 1 0 0
1 1 0 0 0 0 1 1 0 0
1 1 0 0 0 0 0 0 0 0
1 1 1 1 1 0 0 0 0 0
Maze 190
97 140 3.4509803922 2.1805210830 71 0.375205896876732
31 73 71 97 68 53 32 80 66 86 3 65 39 91 33 31
71 400 91 67 63 52 72 76 400 83 63 35 31 31 400
401 400 401 402 401 401 401 401 400 401 401 402 402 402 400
0 0 1 0 0 0 0 0 0 0
0 0 1 0 0 0 0 0 0 0
0 0 1 0 0 0 0 0 0 0
2 1 1 1 1 1 1 1 1 0
1 1 1 0 1 0 0 0 0 0
1 1 1 0 1 0 0 0 0 0
1 1 1 1 1 1 1 1 0 0
1 1 1 1 1 1 1 1 1 1
1 0 1 1 1 1 1 0 0 0
1 1 1 1 1 1 1 0 0 0
Maze 191
77 52 3.1627906977 2.0807604048 30 0.406322480418141
28 3 65 87 81 53 35 35 57 93 75 15 45 73 7 28
23 63 85 400 51 33 400 55 53 73 400 400 43 3 27
401 401 401 400 402 402 400 401 402 402 400 400 402 402 401
0 0 1 1 1 1 1 0 0 0
0 0 1 0 1 0 1 0 0 0
0 0 1 1 1 1 1 2 0 0
0 0 1 1 1 0 0 0 0 0
0 0 1 1 1 0 0 0 0 0
1 1 1 1 1 1 1 0 0 0
1 0 1 1 1 0 0 0 0 0
1 0 1 1 1 0 0 0 0 0
1 1 1 1 1 1 1 0 0 0
0 0 1 0 0 0 0 0 0 0
Maze 192
103 121 3.0384615385 2.0029377812 71 0.382579928795775
11 59 79 74 8 33 43 68 21 55 27 70 31 71 44 11
51 400 400 4 3 400 63 61 51 25 67 61 400 41 41
401 400 400 402 402 400 401 401 401 402 401 401 400 402 401
0 0 1 1 1 1 1 1 0 0
2 0 1 1 0 0 0 0 0 0
1 0 1 1 1 1 1 0 0 0
1 0 1 1 1 0 1 0 0 0
1 1 1 1 1 0 1 0 0 0
1 1 1 1 1 1 1 1 1 0
1 1 1 1 1 1 1 1 1 1
1 0 0 1 1 1 1 1 1 0
0 0 0 0 0 0 0 0 0 0
0 0 0 0 0 0 0 0 0 0
Maze 193
91 24 3.1111111111 1.9145044378 41 0.368910372324901
82 51 74 39 22 33 10 2 37 53 64 58 7 33 3 82
81 71 34 32 32 3 400 32 33 63 54 57 3 400 2
401 401 402 401 401 402 400 401 402 401 402 401 402 400 402
0 1 1 1 1 1 1 1 1 1
0 1 1 0 0 0 1 0 0 0
0 1 1 0 0 0 1 0 0 0
0 1 1 1 1 1 1 1 1 0
0 1 1 1 0 0 1 0 0 0
1 1 1 1 1 1 1 1 0 0
1 1 1 1 0 0 0 0 0 0
1 1 1 1 0 0 0 0 0 0
1 2 0 0 0 0 0 0 0 0
0 0 0 0 0 0 0 0 0 0
Maze 194
81 35 3.2608695652 2.0986318815 22 0.395580041513110
46 85 87 82 37 53 90 8 70 58 68 48 36 57 4 46
45 400 400 32 33 83 88 68 68 400 400 46 56 54 44
402 400 400 402 402 401 401 401 401 400 400 401 401 401 401
0 0 0 1 0 0 0 1 0 0
0 0 0 1 0 0 0 1 0 0
0 0 0 1 0 0 0 1 0 0
0 1 1 1 1 1 1 1 0 0
0 1 1 1 1 2 1 1 0 0
0 1 1 1 1 1 1 1 0 0
0 1 1 0 1 0 0 1 1 1
0 1 1 0 1 0 0 1 0 0
0 1 1 1 1 1 1 1 1 1
0 0 0 0 0 0 0 0 0 0
Maze 195
123 119 3.2812500000 2.1973148891 125 0.387158138161478
22 49 12 72 56 96 8 99 75 12 35 6 81 40 61 22
42 42 400 52 400 6 98 95 72 32 5 1 31 31 21
401 401 400 402 400 402 401 401 401 401 402 402 402 402 402
1 1 1 1 1 1 1 1 0 0
1 1 0 0 1 1 0 1 0 0
1 2 0 0 1 1 0 1 0 0
1 1 1 1 1 1 1 1 1 1
1 1 1 1 1 1 1 1 1 0
1 1 1 1 1 1 0 1 0 0
1 1 0 0 0 1 0 1 0 0
1 1 1 1 1 1 0 1 0 0
1 0 0 0 1 1 0 1 0 0
0 0 0 0 1 1 1 1 1 0
Maze 196
99 190 2.9454545455 2.0023458814 60 0.384815706496587
24 6 78 75 37 30 52 85 4 10 39 56 90 92 78 24
4 76 400 35 27 22 82 84 400 9 36 86 82 72 74
402 401 400 402 402 402 401 401 400 402 402 401 402 402 401
0 0 0 1 1 1 1 1 1 1
0 0 0 1 0 1 0 0 1 0
0 1 1 2 1 1 1 1 1 1
0 1 0 1 1 1 1 1 1 0
0 1 0 1 1 1 0 0 0 0
0 1 0 1 1 1 0 0 0 0
0 1 0 1 1 1 0 0 0 0
0 1 1 1 1 1 1 1 0 0
0 1 1 1 1 1 1 1 1 1
0 1 0 0 0 0 0 0 0 0
Maze 197
119 100 3.5932203390 2.2369205600 120 0.370563337871269
32 100 65 27 39 82 39 18 41 63 6 91 19 28 33 32
92 95 25 37 32 32 38 11 61 3 1 11 18 23 400
401 401 402 401 402 402 401 402 401 402 402 402 402 402 400
1 1 1 1 1 1 0 0 0 0
1 1 1 1 1 1 1 1 1 0
1 0 1 1 1 1 1 1 0 0
1 2 1 1 1 1 1 1 1 0
1 1 1 0 1 0 0 0 0 0
1 1 1 0 1 0 0 0 0 0
1 1 1 0 1 0 0 0 0 0
1 1 0 0 1 0 0 0 0 0
1 1 0 0 1 0 0 0 0 0
1 1 1 1 1 1 1 1 1 1
Maze 198
101 120 2.9333333333 2.1296382906 53 0.408573405659784
48 34 42 5 8 58 93 31 3 98 84 13 53 89 72 48
44 32 2 400 400 53 91 1 93 94 83 400 83 82 42
401 402 402 400 400 402 401 402 401 401 401 400 401 401 402
1 1 1 1 1 1 1 1 0 0
1 1 1 0 0 0 0 1 0 0
1 1 1 0 0 0 0 1 0 0
1 1 1 1 0 0 0 1 0 0
1 1 1 1 1 1 1 2 0 0
1 1 1 1 1 1 1 1 0 0
1 1 1 0 0 0 0 0 0 0
1 1 1 0 0 0 0 0 0 0
1 1 1 1 1 1 1 1 1 0
1 1 1 1 1 1 1 1 0 0
Maze 199
115 34 3.4000000000 1.8779143176 104 0.387780615878063
94 84 49 20 81 40 74 17 24 47 16 99 87 64 18 94
400 44 19 11 31 34 14 14 44 46 96 97 84 14 14
400 402 402 402 402 402 402 402 401 401 401 401 401 402 402
0 0 0 0 0 0 0 0 0 0
1 1 1 1 1 1 1 1 1 1
1 0 0 1 0 1 0 0 1 0
1 1 1 1 1 1 1 1 1 1
1 0 0 1 1 1 1 1 1 0
1 0 0 1 0 1 0 0 0 0
1 0 0 1 0 1 0 0 0 0
1 0 0 1 0 1 0 0 0 0
1 0 0 1 1 1 1 0 0 0
0 0 0 2 0 1 1 1 1 0
Maze 200
103 33 3.5384615385 2.0182390020 45 0.381945305718304
63 56 22 10 52 49 86 59 4 22 96 84 65 53 38 63
53 52 2 2 42 46 56 54 2 92 94 64 63 33 33
402 401 402 402 402 402 402 401 402 401 401 402 401 402 402
0 1 1 1 1 1 1 1 1 1
0 1 0 1 0 0 0 0 0 0
0 1 0 1 0 0 0 0 0 0
0 1 1 1 1 1 1 1 0 0
0 1 1 1 1 1 1 1 1 0
0 1 1 1 1 1 1 1 1 0
0 1 2 1 1 1 0 0 0 0
0 1 0 1 0 1 0 0 0 0
0 1 0 1 0 1 0 0 0 0
0 1 1 1 1 1 0 0 0 0
