numMazes: 200
mazeSize: 10
Maze 1
107 95 3.1111111111 1.9233085249 85 0.379345723537991
60 23 95 77 69 3 13 97 23 5 34 61 17 94 99 60
53 93 75 67 63 400 93 93 3 4 31 11 14 400 59
401 401 402 402 401 400 401 401 402 402 402 402 402 400 402
0 0 1 1 1 0 0 0 0 0
1 1 1 1 1 1 1 0 0 0
1 0 1 1 0 0 0 0 0 0
1 1 1 1 0 0 0 0 0 0
1 0 1 1 0 0 0 0 0 0
1 0 1 1 1 1 1 1 1 2
1 0 1 1 1 1 1 1 1 0
0 0 1 1 1 1 1 0 1 0
0 0 1 1 1 0 0 0 1 0
0 0 1 1 1 1 1 1 1 0
Maze 2
87 46 3.0612244898 2.0110985298 50 0.373157314612640
94 23 50 86 68 20 77 27 36 42 28 18 97 47 75 94
93 43 46 66 18 17 400 26 32 22 400 17 400 45 74
401 401 402 402 402 402 400 402 402 402 400 402 400 402 402
0 0 0 0 0 0 0 0 0 0
0 0 0 0 0 0 1 1 1 1
0 1 1 1 1 1 1 1 0 0
0 1 1 1 1 1 1 1 0 0
0 1 1 1 1 1 1 1 1 1
0 0 1 0 1 1 1 1 0 0
0 0 1 0 1 1 1 1 0 0
0 0 1 1 1 1 1 0 0 0
0 0 1 1 0 1 1 0 0 0
0 0 1 2 0 0 1 0 0 0
Maze 3
85 73 2.7017543860 2.2356913271 39 0.378857454114080
8 48 55 67 99 84 84 99 82 19 46 13 77 27 35 8
400 45 65 97 94 400 94 92 12 16 43 73 400 25 5
400 402 401 401 401 400 401 401 402 402 401 401 400 402 402
0 0 0 0 1 1 1 2 0 0
0 1 1 1 1 1 1 1 1 0
0 1 1 0 1 1 1 1 0 0
0 1 1 0 1 1 1 1 0 0
0 1 1 1 1 1 1 1 0 0
0 1 1 0 1 0 1 0 0 0
0 1 1 0 1 1 1 0 0 0
0 1 1 1 1 1 1 0 0 0
0 1 0 1 0 0 1 0 0 0
0 1 1 1 1 1 1 1 1 0
Maze 4
93 213 3.5111111111 1.9564907374 36 0.368082928827052
85 85 48 83 98 18 59 88 46 1 49 94 65 58 83 85
400 45 43 93 400 58 58 86 41 41 44 64 55 53 400
400 402 402 401 400 401 402 401 401 401 402 402 402 402 400
1 0 0 0 0 0 0 0 0 0
1 0 0 0 0 0 0 1 0 0
1 0 0 0 0 0 0 1 0 0
1 0 0 0 0 0 0 1 0 0
1 1 1 1 1 1 1 1 1 0
0 0 1 1 1 1 1 1 1 0
0 0 1 1 1 1 0 1 0 0
0 0 1 1 1 1 0 1 0 0
0 0 1 1 2 1 1 1 0 0
0 0 1 1 1 1 1 1 0 0
Maze 5
99 30 3.6585365854 1.8634110734 42 0.390886817382903
30 66 34 54 32 66 42 97 32 29 93 85 61 82 27 30
26 64 400 52 62 62 92 92 22 23 83 81 81 22 400
402 401 400 401 401 401 401 401 402 402 402 401 401 402 400
0 0 0 0 0 0 0 0 0 0
0 0 0 0 0 0 0 0 0 0
0 1 1 1 1 1 1 1 1 2
0 1 1 1 0 1 0 0 0 0
0 1 1 1 0 1 0 0 0 0
0 1 1 1 0 1 0 0 0 0
1 1 1 1 1 1 0 0 0 0
1 1 1 0 0 0 0 0 0 0
1 1 1 1 1 0 0 0 0 0
0 1 1 1 1 1 1 0 0 0
Maze 6
91 54 3.1272727273 2.2924673924 56 0.388785372103765
76 1 17 50 26 96 79 99 34 57 43 45 51 80 58 76
71 11 47 46 400 76 400 94 54 53 400 41 71 78 56
401 401 401 401 400 402 400 401 401 401 400 402 401 401 402
1 0 0 0 0 0 0 0 0 0
1 1 1 1 1 1 1 0 0 0
1 0 0 0 0 1 1 0 0 0
1 0 0 1 0 1 1 0 0 0
1 1 1 1 1 1 1 1 1 1
1 0 1 1 1 1 1 1 0 0
1 0 0 1 0 1 0 1 0 0
1 1 1 1 1 2 1 1 1 1
0 0 0 1 0 1 0 0 1 0
0 0 0 1 1 1 1 1 1 0
Maze 7
89 23 2.9600000000 2.0273163384 41 0.372618445443509
41 33 84 17 13 61 19 1 61 93 29 28 40 50 43 41
31 83 14 400 11 11 11 400 91 23 400 38 400 400 400
402 401 402 400 402 402 401 400 401 402 400 401 400 400 400
1 0 0 0 0 0 0 0 0 0
1 1 1 1 1 1 1 1 1 0
1 0 1 1 1 1 1 1 1 0
1 1 1 1 0 0 0 1 1 1
2 1 1 1 1 1 1 1 1 1
1 0 1 1 0 0 0 0 0 0
1 0 1 1 0 0 0 0 0 0
1 0 1 1 0 0 0 0 0 0
1 0 1 1 0 0 0 0 0 0
1 1 1 0 0 0 0 0 0 0
Maze 8
103 172 3.0847457627 2.0991641627 53 0.393950812164400
52 40 31 85 89 48 60 33 100 85 47 27 83 49 57 52
32 400 81 400 88 58 53 93 95 45 400 23 43 47 400
402 400 401 400 401 401 401 401 401 402 400 402 402 402 400
0 0 0 0 0 0 0 0 0 0
0 0 0 0 0 0 0 0 0 0
0 0 1 1 1 1 1 0 0 0
1 1 1 1 1 1 1 1 1 1
1 1 1 1 1 1 1 1 1 0
1 2 1 1 1 1 1 1 1 1
1 0 1 0 1 0 0 1 0 0
1 0 1 0 1 0 0 1 0 0
1 1 1 1 1 1 1 1 1 0
0 0 1 1 1 1 1 1 1 1
Maze 9
117 198 3.5000000000 1.9853425442 85 0.388833511704219
26 35 29 12 98 15 47 76 93 90 16 72 97 32 10 26
25 25 22 92 95 45 46 73 83 86 12 92 92 2 6
402 402 401 401 401 401 402 402 402 401 402 401 401 402 402
0 1 1 1 1 1 1 1 1 1
0 1 1 1 1 1 0 0 0 0
0 1 1 1 1 2 1 1 1 0
0 1 0 0 1 1 0 0 0 0
0 1 0 0 1 1 1 0 0 0
0 1 0 0 1 1 0 0 0 0
0 1 0 0 1 1 0 0 0 0
0 1 1 1 1 1 0 0 0 0
0 1 1 1 1 1 1 1 1 1
0 1 1 1 1 1 1 1 0 0
Maze 10
97 927 2.7941176471 2.3907711483 84 0.394441659590281
20 86 4 28 6 42 42 59 90 81 65 97 83 9 38 20
16 84 24 26 2 400 52 89 400 61 95 93 3 8 18
402 401 401 401 402 400 401 401 400 402 401 401 402 402 402
0 1 1 1 1 1 1 1 1 0
0 1 1 1 0 1 1 1 1 2
0 1 1 1 1 1 1 1 0 0
0 1 1 1 0 1 0 1 0 0
0 1 1 1 0 1 0 0 0 0
0 1 1 1 1 1 1 1 1 0
1 1 1 1 1 1 0 0 1 0
1 0 1 1 1 1 0 0 1 0
1 1 1 1 1 1 1 1 1 1
0 0 1 1 1 1 1 0 0 0
Maze 11
79 117 3.0612244898 2.1721257916 30 0.382175540501364
12 11 5 93 48 26 5 56 49 46 61 66 57 96 91 12
400 1 3 43 46 25 55 46 400 41 400 56 56 400 11
400 402 402 402 401 401 401 402 400 402 400 402 402 400 402
1 1 1 1 1 0 0 0 0 0
1 2 1 0 1 0 0 0 0 0
1 0 1 0 1 1 0 0 0 0
1 0 1 0 1 1 0 0 0 0
1 1 1 1 1 1 1 1 1 0
1 0 1 0 1 1 1 0 0 0
1 1 1 1 1 1 0 0 0 0
1 0 1 0 0 1 0 0 0 0
1 0 1 0 0 1 0 0 0 0
1 1 1 1 1 1 0 0 0 0
Maze 12
103 33 3.0370370370 1.9534565163 50 0.393656691246698
27 53 85 95 3 98 30 100 11 21 25 40 39 34 83 27
23 83 400 93 93 28 400 91 400 400 35 400 400 33 23
402 401 400 401 401 402 400 401 400 400 401 400 400 402 402
0 0 1 0 0 0 0 0 0 0
1 0 1 0 0 0 0 0 0 0
1 1 1 1 1 1 2 1 1 1
1 0 1 1 1 1 1 1 1 1
1 0 1 0 0 0 0 1 0 1
1 0 1 0 0 0 0 1 0 1
1 0 1 0 0 0 0 1 0 1
1 0 1 0 0 0 0 1 0 1
1 0 1 1 1 0 0 1 0 1
1 1 1 1 1 1 1 1 1 1
Maze 13
79 40 3.1739130435 2.2433568690 26 0.368742440268287
61 75 89 100 87 97 76 73 6 47 86 60 64 91 57 61
71 85 99 97 400 96 400 3 46 46 56 54 61 51 51
401 401 401 401 400 401 400 402 401 402 402 402 402 402 402
0 0 1 1 1 1 0 0 0 0
0 0 1 0 0 1 0 0 0 0
0 0 1 0 0 1 0 0 0 0
0 0 1 0 0 1 0 0 0 0
0 0 1 0 0 1 1 0 0 0
1 1 1 1 1 1 1 1 1 1
2 1 1 1 0 1 0 0 0 0
1 1 1 1 1 1 0 0 0 0
1 0 0 0 1 1 1 1 1 0
1 0 0 0 0 1 1 1 1 1
Maze 14
105 106 3.0714285714 2.0129119245 71 0.374321738883434
94 100 13 34 64 19 38 88 27 41 77 20 25 84 23 94
400 93 33 400 14 18 400 87 21 71 17 15 24 83 93
400 401 401 400 402 402 400 401 402 401 402 402 402 401 401
0 0 0 0 0 0 0 0 0 0
0 0 1 1 1 1 1 1 1 1
1 1 1 1 1 1 1 1 0 0
1 0 1 1 0 0 1 1 0 0
1 0 1 1 0 0 1 1 0 0
1 0 1 1 0 0 1 1 0 0
1 0 1 1 0 0 1 1 0 0
1 1 1 1 1 1 1 1 0 0
0 0 1 1 0 0 1 1 0 0
0 0 1 2 1 1 1 1 1 1
Maze 15
101 63 3.6000000000 2.1048243521 51 0.374712813768769
55 80 84 32 68 33 12 9 23 8 27 42 20 63 74 55
75 74 82 62 63 32 2 3 3 7 22 12 13 73 54
401 402 401 401 401 401 402 402 402 402 402 402 402 401 402
0 1 1 1 1 1 1 1 1 0
0 1 1 1 1 1 1 1 1 1
0 1 1 1 1 1 1 0 0 0
0 1 1 0 0 0 0 0 0 0
0 1 1 0 0 0 0 0 0 0
0 1 1 1 2 0 0 0 0 0
0 1 1 1 1 1 1 1 0 0
0 1 1 1 1 1 1 1 1 1
0 1 1 1 0 0 0 0 0 0
0 0 0 0 0 0 0 0 0 0
Maze 16
107 114 2.9841269841 2.1491602539 86 0.390460053384698
63 79 9 59 75 45 47 9 100 41 11 19 87 63 19 63
73 400 400 55 400 400 7 99 91 400 400 17 83 13 13
401 400 400 402 400 400 402 401 401 400 400 402 401 402 402
0 0 0 0 0 0 1 1 1 0
1 1 1 1 1 1 1 1 1 0
1 0 1 0 0 0 1 0 1 0
1 0 1 0 0 0 1 0 1 0
1 0 1 0 1 1 1 0 1 0
1 0 1 0 1 1 1 1 1 0
1 0 2 0 1 0 1 0 1 0
1 0 1 1 1 1 1 1 1 0
1 0 1 1 1 1 1 0 1 0
1 1 1 1 1 1 1 1 1 1
Maze 17
91 10 3.2000000000 1.8870908709 36 0.395009590921004
26 47 68 86 96 1 53 99 11 15 53 23 13 56 88 26
46 67 66 400 91 51 93 91 400 13 400 400 53 86 86
401 401 402 400 401 401 401 401 400 402 400 400 401 401 401
1 0 0 0 0 0 0 0 0 0
1 1 1 1 1 0 0 0 0 0
1 0 1 0 0 2 0 0 0 0
1 0 1 0 0 1 0 0 0 0
1 0 1 0 0 1 1 0 0 0
1 1 1 1 1 1 1 0 0 0
1 0 1 0 0 1 1 1 0 0
1 0 1 0 0 1 0 0 0 0
1 0 1 0 0 1 1 1 0 0
1 1 1 1 1 1 1 1 1 0
Maze 18
127 10346 3.4626865672 2.2438139710 175 0.392336778770291
91 26 85 16 51 82 29 9 76 61 87 30 93 50 84 91
21 25 15 11 81 22 400 6 71 81 27 23 43 44 81
402 402 402 402 401 402 400 402 401 401 402 402 402 402 402
0 0 0 0 0 1 1 1 1 0
1 1 1 1 1 1 0 0 1 0
1 1 1 1 1 1 1 1 1 1
1 1 1 0 1 1 1 0 0 0
1 1 1 1 1 1 1 1 1 1
1 1 1 1 1 1 1 0 0 0
1 1 1 1 1 1 1 0 0 0
1 1 1 1 1 1 1 0 0 0
1 1 1 1 1 1 1 0 0 0
2 0 1 0 0 0 0 0 0 0
Maze 19
111 14609 2.8695652174 2.2365181755 98 0.407089020618527
64 72 29 87 21 24 87 23 17 56 50 61 9 59 38 64
62 22 27 81 400 84 83 13 16 46 41 1 400 58 34
402 402 402 401 400 401 401 402 402 402 402 402 400 401 402
1 1 1 1 1 1 1 1 1 0
1 0 1 1 1 1 1 0 1 0
1 1 1 1 1 1 1 1 1 0
1 1 1 1 1 1 1 1 1 0
1 1 1 1 1 1 1 1 1 1
1 1 1 1 0 1 1 1 1 0
1 1 1 2 0 0 1 0 0 0
1 1 1 1 0 0 1 0 0 0
1 1 1 1 1 1 1 0 0 0
0 0 0 0 0 0 0 0 0 0
Maze 20
85 19 3.1818181818 1.9251786428 35 0.365693386124340
74 83 66 37 29 17 87 80 89 23 75 56 9 83 89 74
73 63 36 27 27 400 77 79 83 73 55 6 3 400 84
402 402 402 402 401 400 402 402 401 401 402 402 402 400 401
0 0 1 1 1 1 1 1 1 0
0 0 1 0 0 1 1 0 0 0
0 0 1 0 0 1 1 1 1 0
0 0 1 0 0 1 1 0 0 0
0 0 1 0 0 1 1 0 0 0
0 0 1 0 1 1 1 0 0 0
0 0 1 1 1 1 1 0 0 0
0 0 1 2 1 0 1 1 1 1
0 0 1 1 1 1 1 1 1 0
0 0 0 0 0 0 0 0 0 0
Maze 21
103 110 3.5600000000 2.0961637837 55 0.376546318636852
83 48 61 34 93 3 32 55 10 8 37 27 62 29 91 83
43 41 31 33 400 2 52 5 400 7 400 22 22 21 81
402 402 402 402 400 402 401 402 400 402 400 402 402 402 402
0 1 1 0 1 1 1 1 1 1
0 1 1 0 1 0 1 0 0 0
1 1 1 1 1 1 1 1 1 0
1 1 1 1 1 0 1 0 0 0
1 1 1 1 1 1 1 1 0 0
1 1 1 1 1 0 0 0 0 0
1 1 1 0 0 0 0 0 0 0
1 0 1 0 0 0 0 0 0 0
1 1 2 0 0 0 0 0 0 0
1 0 1 0 0 0 0 0 0 0
Maze 22
79 10 3.0909090909 1.9305785166 26 0.400907462208842
68 13 2 9 26 65 95 63 61 99 97 96 55 9 35 68
63 12 400 6 25 400 93 400 91 400 400 95 5 5 65
401 401 400 402 402 400 401 400 401 400 400 401 402 402 401
0 1 1 1 1 1 1 1 1 0
0 1 1 0 1 1 0 0 0 0
0 0 1 0 1 1 0 0 0 0
0 0 1 0 1 0 0 0 0 0
0 0 1 0 1 0 0 0 0 0
0 0 1 0 1 0 0 0 0 0
1 1 1 1 1 1 1 2 0 0
1 0 1 0 1 0 0 0 0 0
1 0 1 0 1 0 0 0 0 0
1 1 1 1 1 1 1 1 1 0
Maze 23
79 178 2.8148148148 2.3061764237 19 0.372092498903064
10 36 54 63 99 48 87 26 27 14 33 67 52 45 64 10
6 34 53 93 98 47 86 400 24 13 63 62 42 44 4
402 402 402 401 401 402 401 400 401 402 401 401 402 402 402
0 0 0 1 1 1 1 1 1 2
0 0 1 1 0 1 0 0 0 0
0 0 1 1 1 1 1 0 0 0
0 0 1 1 1 1 0 0 0 0
0 1 1 1 1 1 1 1 0 0
0 1 1 1 0 1 1 1 0 0
0 1 1 1 1 1 1 1 0 0
0 0 1 0 0 1 1 1 0 0
0 0 1 0 0 1 1 1 0 0
0 0 1 1 1 1 1 1 1 0
Maze 24
101 169 3.3571428571 2.1178867188 71 0.372098447095852
19 15 89 47 77 68 19 71 76 6 48 82 47 76 84 19
400 85 87 400 67 18 11 400 400 46 42 42 46 74 14
400 401 401 400 402 402 402 400 400 401 402 402 402 402 402
0 0 0 0 0 1 0 0 0 0
1 1 1 1 1 1 1 1 2 0
1 0 0 1 1 1 0 1 0 0
1 0 0 1 1 1 0 1 0 0
1 1 1 1 1 1 1 1 0 0
1 1 0 1 1 1 1 1 0 0
1 1 0 1 1 1 1 1 0 0
1 1 1 1 1 1 1 0 0 0
0 1 0 1 1 1 1 1 1 0
0 0 0 0 0 0 0 0 0 0
Maze 25
129 225 3.2580645161 1.9253794551 183 0.402521557952838
25 71 8 74 7 57 93 38 69 72 23 87 51 81 9 25
21 1 4 4 400 53 33 68 62 22 83 81 400 1 5
402 402 402 402 400 402 402 401 402 402 401 401 400 402 402
1 1 1 1 1 1 1 1 1 0
1 0 0 1 1 0 1 0 0 0
1 1 1 1 2 0 1 0 0 0
1 1 1 1 1 1 1 1 0 0
1 1 1 1 0 0 1 1 0 0
1 1 1 1 1 1 1 1 0 0
1 1 1 1 1 1 1 1 1 0
1 1 1 1 0 0 0 0 0 0
1 1 1 1 1 1 1 0 0 0
0 0 1 0 0 0 0 0 0 0
Maze 26
93 140 3.2941176471 2.1359106386 50 0.366919905640900
45 13 52 36 80 66 28 59 6 62 57 94 35 98 85 45
43 12 32 76 76 26 58 56 2 52 54 34 95 95 400
401 402 402 401 401 402 401 401 402 402 402 402 401 401 400
0 1 1 1 1 1 0 0 0 0
0 1 1 0 0 1 0 0 0 0
0 1 1 0 0 1 1 1 0 0
0 1 1 1 1 1 0 1 0 0
0 1 1 1 2 1 0 1 0 0
0 1 1 1 1 1 1 1 1 0
0 1 0 1 1 1 0 0 0 0
0 0 0 1 1 1 1 1 1 1
0 0 0 1 1 0 0 0 0 0
0 0 0 1 1 1 1 1 0 0
Maze 27
93 41 2.7924528302 2.0097305899 39 0.396134387908860
71 3 27 76 86 16 88 26 47 52 88 99 37 20 72 71
1 23 26 400 400 86 86 46 42 82 98 97 17 12 400
402 401 402 400 400 401 401 401 402 401 401 401 402 402 400
1 1 1 0 0 0 0 0 0 0
1 1 1 1 1 1 1 1 1 1
1 1 1 1 1 1 1 0 0 0
1 1 0 0 0 1 1 0 0 0
1 1 1 1 1 1 1 0 0 0
1 1 0 0 0 1 1 0 0 0
1 1 0 0 0 1 1 0 0 0
2 1 0 0 0 1 1 0 0 0
0 1 1 1 1 1 1 1 0 0
0 0 0 0 0 0 1 1 1 0
Maze 28
89 163 3.1272727273 2.2689820691 50 0.371846743677946
85 6 34 34 9 88 38 1 44 37 95 53 43 4 12 85
5 4 400 4 8 400 31 41 34 35 93 400 3 2 82
402 402 400 402 402 400 401 401 402 402 401 400 402 402 401
1 1 1 1 1 1 1 1 1 0
1 1 1 1 1 0 0 1 0 0
1 1 1 1 1 0 0 1 0 0
1 1 1 1 1 1 1 1 0 0
1 1 1 1 1 0 0 1 0 0
0 1 1 0 1 0 0 1 0 0
0 1 1 0 1 0 0 1 0 0
0 1 1 0 1 0 0 1 0 0
0 1 1 1 2 0 0 1 0 0
0 0 1 1 1 0 0 0 0 0
Maze 29
99 361 3.1636363636 2.1359106386 48 0.390455923275413
6 74 33 62 84 24 4 55 71 20 33 25 68 94 91 6
4 73 32 82 400 400 54 51 11 13 23 65 64 400 1
402 401 402 401 400 400 401 402 402 402 402 401 402 400 402
1 1 1 1 1 2 0 0 0 0
1 1 1 1 1 1 1 1 1 1
1 0 1 1 1 0 0 0 0 0
1 1 1 1 1 0 0 0 0 0
1 1 1 1 1 0 0 0 0 0
1 1 1 1 1 0 0 0 0 0
1 1 1 1 1 1 1 1 0 0
1 1 1 1 0 0 0 0 0 0
1 1 1 1 0 0 0 0 0 0
1 1 1 1 0 0 0 0 0 0
Maze 30
89 19 3.0800000000 2.0110985298 36 0.383379475857480
53 16 33 19 31 7 12 44 24 66 36 38 25 8 95 53
13 13 13 11 1 2 42 400 64 400 400 35 5 5 93
402 402 402 402 402 402 401 400 401 400 400 401 402 402 401
1 1 1 1 1 1 1 1 0 0
1 1 1 1 1 1 1 1 1 0
1 1 1 1 1 0 0 0 0 0
1 1 1 1 1 1 1 1 0 0
0 1 1 1 1 1 0 0 0 0
0 0 2 1 1 1 0 0 0 0
0 0 1 1 1 1 0 0 0 0
0 0 1 0 1 0 0 0 0 0
0 0 1 0 1 0 0 0 0 0
0 0 1 1 1 0 0 0 0 0
Maze 31
93 70 3.1785714286 2.2621608086 56 0.382506041149772
82 29 6 34 49 91 87 40 40 63 12 32 67 77 89 82
22 26 4 44 41 81 37 400 33 62 400 62 400 87 400
402 401 402 401 402 402 402 400 402 401 400 401 400 401 400
0 0 0 1 1 1 0 0 0 0
0 1 0 1 0 1 0 0 0 0
0 1 1 1 1 1 1 1 1 0
0 1 1 1 1 1 1 1 1 1
1 1 1 1 1 1 1 1 1 0
1 1 1 0 0 0 1 0 0 0
1 1 1 1 1 1 1 0 0 0
1 1 0 0 0 0 1 0 0 0
1 2 1 1 1 1 1 1 1 0
1 0 0 0 0 0 0 0 0 0
Maze 32
83 257 3.0384615385 2.2475669626 26 0.369339655410239
5 99 87 59 49 17 59 24 69 80 97 26 72 74 35 5
95 97 57 400 47 57 54 64 79 77 96 22 400 34 400
401 401 402 400 401 401 401 401 401 402 401 402 400 402 400
0 0 0 0 2 0 0 0 0 0
0 0 0 0 1 0 1 0 0 0
0 1 1 1 1 1 1 0 0 0
0 1 0 1 1 1 1 0 0 0
0 1 0 1 1 1 1 1 1 0
0 1 0 1 1 1 1 1 1 0
0 1 0 1 1 1 1 1 1 0
0 1 1 1 1 1 1 1 1 1
0 0 0 0 1 1 1 0 0 0
0 0 0 0 1 1 1 1 1 0
Maze 33
89 7 3.5813953488 1.9743327015 50 0.383559885035817
73 32 77 49 24 84 14 48 66 59 13 55 65 60 97 73
72 72 47 44 400 400 44 46 56 53 53 400 55 57 93
401 401 402 401 400 400 401 402 402 401 401 400 402 402 401
0 0 0 0 0 0 0 0 0 0
0 0 1 1 0 0 0 0 0 0
0 0 1 1 0 0 0 0 0 0
0 1 1 1 0 0 0 0 0 0
0 1 1 1 1 1 1 1 1 0
0 1 1 1 1 1 1 1 1 1
0 1 0 1 1 1 1 0 0 0
0 1 2 1 1 1 1 0 0 0
0 0 1 1 0 0 1 0 0 0
0 0 1 1 1 1 1 0 0 0
Maze 34
91 22 4.0000000000 1.8508588434 22 0.377732554144932
57 89 79 70 15 56 34 26 44 69 4 26 83 19 43 57
87 400 69 65 55 54 24 24 64 64 24 23 13 13 53
401 400 402 401 401 401 402 402 401 401 401 402 402 402 401
0 0 0 1 0 0 0 0 0 0
0 0 1 1 1 1 1 1 1 0
0 0 1 1 1 1 0 0 0 0
0 0 1 1 1 0 0 0 0 0
0 0 1 1 1 0 0 0 0 0
0 0 1 1 1 1 2 0 0 0
0 0 1 1 1 1 1 1 1 1
0 0 1 0 0 0 1 0 1 0
0 0 1 0 0 0 1 1 1 0
0 0 0 0 0 0 0 0 0 0
Maze 35
93 25 3.0416666667 1.8635977203 56 0.391516264489498
6 83 83 33 51 60 94 3 65 35 69 79 59 35 97 6
3 400 400 31 400 54 93 63 400 65 400 400 55 95 96
402 400 400 402 400 402 401 401 400 401 400 400 401 401 401
0 0 1 1 1 2 0 0 0 0
0 0 1 0 0 1 0 0 0 0
0 0 1 0 0 1 0 0 0 0
1 1 1 0 1 1 0 0 0 0
1 0 1 0 1 1 0 0 0 0
1 1 1 1 1 1 1 1 1 1
0 0 1 1 1 1 1 1 1 0
0 0 1 1 1 1 0 0 1 0
0 0 1 1 1 1 0 0 0 0
0 0 1 1 1 1 1 0 0 0
Maze 36
111 549 2.9846153846 2.2566958423 105 0.386865543347646
91 17 40 52 82 68 40 67 63 8 14 94 93 18 30 91
11 37 32 400 62 38 37 400 3 4 400 400 13 28 21
402 401 402 400 402 402 402 400 402 402 400 400 402 401 402
0 0 1 1 1 1 1 1 0 0
1 1 1 1 1 1 1 1 0 0
1 1 1 1 1 1 1 1 1 1
1 1 1 1 1 1 1 1 1 1
1 1 1 1 0 0 1 1 0 0
1 1 1 1 0 0 1 1 0 0
1 1 1 1 1 1 1 1 0 0
1 1 1 1 0 0 0 0 0 0
1 1 1 1 0 0 0 0 0 0
2 0 1 1 0 0 0 0 0 0
Maze 37
103 106 3.6326530612 1.9968940619 60 0.385990980191696
74 86 64 48 71 78 72 4 49 77 13 61 7 22 13 74
84 84 44 41 400 400 2 44 47 73 11 1 2 12 73
401 401 402 402 400 400 402 401 402 401 402 402 402 402 401
1 1 1 1 1 1 1 0 0 0
1 1 1 1 0 0 0 0 0 0
1 1 1 1 0 0 0 0 0 0
1 1 1 1 0 0 0 0 0 0
1 1 1 1 1 1 1 1 1 0
1 1 1 1 0 0 1 0 0 0
1 1 1 1 0 0 1 0 0 0
1 1 1 2 1 1 1 1 0 0
0 0 0 1 1 1 0 0 0 0
0 0 0 0 0 0 0 0 0 0
Maze 38
69 125 2.7234042553 2.2122807294 11 0.377157895037899
35 56 68 66 41 55 13 11 79 39 32 42 11 47 37 35
55 66 400 61 51 53 400 71 400 400 400 41 41 400 400
401 401 400 401 401 401 400 401 400 400 400 401 401 400 400
0 0 0 0 0 0 0 0 0 0
1 1 1 0 0 0 0 0 0 0
1 0 1 0 0 0 0 0 0 0
1 1 1 1 2 1 1 1 1 0
1 1 1 1 1 1 1 0 1 0
1 1 1 1 1 1 0 0 1 0
1 1 1 1 1 1 1 1 1 0
1 1 1 1 1 1 1 1 1 0
0 0 0 0 0 0 0 0 0 0
0 0 0 0 0 0 0 0 0 0
Maze 39
83 7 2.6206896552 2.2102054875 26 0.391394158874577
10 93 55 2 21 72 58 67 20 16 45 85 95 87 67 10
3 53 52 1 71 52 57 17 400 15 400 400 85 400 7
402 402 401 402 401 402 402 402 400 402 400 400 402 400 402
1 1 1 1 1 1 1 1 1 2
1 1 1 0 1 1 1 1 1 1
1 1 1 0 1 0 1 0 0 0
1 1 1 0 1 0 1 0 0 0
1 1 1 0 1 0 1 0 0 0
1 1 1 1 1 1 1 1 0 0
1 1 1 0 1 0 1 0 0 0
1 1 1 0 1 0 1 0 0 0
0 0 1 0 1 1 1 0 0 0
0 0 1 0 1 0 0 0 0 0
Maze 40
89 243 3.2400000000 2.1114862534 40 0.373644005797041
12 11 50 62 44 65 40 96 78 54 24 91 85 56 66 12
400 41 42 42 64 35 36 76 74 400 21 81 55 400 62
400 401 402 402 401 402 402 402 401 400 402 402 402 400 401
0 0 0 0 0 0 0 0 0 0
1 2 0 0 0 0 0 0 0 0
1 1 1 1 0 0 0 0 0 0
1 1 0 1 1 1 1 1 1 1
1 1 1 1 1 1 1 1 1 1
1 1 0 1 1 1 0 0 0 0
1 1 1 1 1 1 0 0 0 0
1 0 0 1 1 1 1 1 0 0
1 1 1 1 1 1 0 0 0 0
1 0 0 0 0 1 0 0 0 0
Maze 41
93 197 3.5744680851 2.1047097326 44 0.386579543569434
25 55 89 90 45 71 74 57 22 93 95 23 40 51 38 25
400 85 400 85 41 400 54 52 92 400 93 33 31 31 35
400 401 400 401 402 400 402 401 401 400 401 401 402 402 401
0 0 0 0 0 0 0 0 0 0
0 0 0 0 0 0 0 0 0 0
0 1 1 0 2 0 0 0 0 0
1 1 1 1 1 1 1 1 1 1
1 1 1 1 1 0 0 0 0 0
1 1 1 1 1 1 1 0 0 0
1 1 1 1 1 0 0 0 0 0
1 1 1 1 1 0 0 0 0 0
0 1 1 0 1 1 1 1 1 1
0 1 1 1 1 0 0 0 0 0
Maze 42
83 97 3.5121951220 2.0273163384 21 0.386865020148126
66 32 25 22 23 69 38 82 48 57 39 87 79 66 41 66
62 22 400 400 63 68 32 42 47 37 37 77 76 61 61
401 402 400 400 401 401 402 402 402 402 402 402 401 401 401
0 0 0 0 0 0 0 0 0 0
0 0 0 0 0 0 0 0 0 0
0 1 1 1 1 0 0 0 0 0
0 1 1 1 1 1 1 1 1 0
1 1 1 1 1 1 1 1 0 0
1 1 1 0 0 0 1 1 0 0
1 1 1 1 1 2 1 1 1 0
0 1 0 0 0 1 1 1 1 0
0 1 0 0 0 0 1 0 0 0
0 0 0 0 0 0 0 0 0 0
Maze 43
91 22 2.6885245902 2.2327820968 38 0.378426016985950
99 18 10 45 90 15 75 24 14 5 63 57 89 20 90 99
98 8 5 85 85 400 74 400 4 3 53 87 19 400 89
401 402 402 401 401 400 401 400 402 402 402 401 402 400 402
0 0 1 1 1 1 1 1 1 1
0 0 1 1 1 0 0 1 1 1
0 0 1 1 1 0 0 1 1 1
0 0 1 1 1 0 0 1 1 1
0 0 1 1 1 0 0 1 1 1
0 0 1 1 1 1 1 1 1 1
0 0 1 1 1 0 1 1 1 1
0 0 0 1 1 0 1 1 1 1
0 0 0 0 1 1 1 1 1 1
0 0 0 0 0 0 0 1 2 0
Maze 44
81 14 2.7307692308 2.1413861022 26 0.374807347173386
40 59 74 49 29 20 10 60 41 92 84 31 67 34 8 40
39 54 44 400 19 400 400 51 91 82 81 61 64 4 38
402 402 402 400 402 400 400 401 401 402 401 401 401 402 401
0 0 0 1 1 1 1 1 0 1
0 0 0 1 0 0 0 1 1 1
0 0 0 1 0 0 0 1 1 1
1 0 0 1 0 0 0 1 1 2
1 0 0 1 1 1 1 1 1 1
1 1 1 1 1 1 1 1 1 1
1 1 1 1 1 1 1 0 0 0
1 0 0 1 0 0 0 0 0 0
1 1 1 1 0 0 0 0 0 0
1 1 0 0 0 0 0 0 0 0
Maze 45
105 270 3.3333333333 2.0353716518 76 0.391442527844549
81 44 65 7 49 21 95 45 72 44 97 32 53 55 40 81
41 64 5 47 41 91 400 42 42 94 92 52 400 35 31
402 401 402 401 401 401 400 402 402 401 401 401 400 402 402
0 0 0 0 1 1 1 0 0 0
0 0 0 0 1 0 1 0 0 0
1 0 0 0 1 0 1 0 0 0
1 1 1 1 1 1 1 1 1 1
1 1 1 1 1 1 1 1 1 0
1 1 1 1 1 0 0 0 0 0
1 1 0 1 1 0 0 0 0 0
1 1 0 1 1 0 0 0 0 0
2 1 0 1 1 0 0 0 0 0
1 1 1 1 1 1 1 0 0 0
Maze 46
91 59 2.9473684211 2.1670090362 44 0.391042015585944
29 99 35 42 55 98 98 94 4 77 51 2 28 54 48 29
400 95 32 52 95 400 400 400 74 71 1 22 24 44 28
400 401 402 401 401 400 400 400 401 401 402 401 402 402 402
1 1 0 1 0 0 0 0 0 0
1 1 0 1 0 0 0 0 0 0
1 1 1 1 1 1 1 1 2 0
1 1 1 1 1 0 0 1 1 0
1 1 0 1 1 1 1 1 1 0
1 1 1 1 1 0 0 0 1 0
1 0 0 1 1 0 0 0 1 0
1 1 1 1 1 1 1 0 1 0
0 0 0 1 1 0 0 0 1 0
0 0 0 1 1 1 1 1 1 0
Maze 47
81 12 2.9565217391 2.0912557827 21 0.388517207416085
94 83 34 1 17 47 61 88 41 65 75 85 61 96 73 94
93 33 31 11 400 41 81 81 61 400 400 81 91 93 93
401 402 401 401 400 402 401 401 401 400 400 401 401 401 401
1 0 0 0 0 0 0 0 0 0
1 1 1 1 1 1 1 0 0 0
1 0 0 0 0 0 1 0 0 0
1 1 1 1 0 0 1 0 0 0
1 1 1 1 1 1 1 0 0 0
1 0 1 0 0 0 0 0 0 0
1 1 1 1 1 0 0 0 0 0
1 0 1 0 1 0 0 0 0 0
1 1 1 1 1 1 1 1 0 0
1 1 1 2 1 1 0 0 0 0
Maze 48
99 59 2.8750000000 2.2977543284 60 0.405322035596344
8 38 84 13 83 42 6 26 14 89 48 77 6 100 77 8
400 34 83 400 82 2 400 24 84 88 47 76 96 97 7
400 402 401 400 401 402 400 401 401 401 402 401 401 401 402
0 1 1 1 1 1 1 2 0 0
0 1 1 1 0 1 1 1 0 0
0 1 1 1 1 1 1 1 0 0
0 1 1 1 1 1 1 1 0 0
0 1 1 1 0 1 1 1 0 0
0 1 1 1 0 1 1 1 0 0
0 1 1 1 0 1 1 1 0 0
0 1 1 1 0 1 1 1 0 0
0 1 1 1 1 1 1 1 1 0
0 0 0 0 0 1 1 1 1 1
Maze 49
77 40 3.0434782609 2.1413861022 23 0.362707788444783
76 100 68 54 92 36 67 68 17 69 37 36 28 51 57 76
96 98 64 52 32 66 400 67 67 67 400 26 21 400 56
401 401 401 402 402 401 400 401 401 401 400 402 402 400 402
0 0 0 0 0 0 0 0 0 0
0 0 0 0 0 0 1 0 0 0
1 1 1 1 1 1 1 1 0 0
1 1 1 1 1 1 1 0 0 0
1 1 0 0 0 1 1 0 0 0
1 1 1 1 1 1 1 0 0 0
0 1 0 1 1 1 1 1 1 0
0 1 0 0 0 2 0 1 0 0
0 1 0 0 0 1 0 1 0 0
0 1 0 0 0 1 1 1 1 1
Maze 50
87 21 3.6097560976 1.9501561501 40 0.378390592254076
96 29 26 96 37 98 57 38 15 78 15 24 7 87 93 96
26 400 400 36 97 97 37 35 75 75 14 4 400 83 400
402 400 400 402 401 401 402 401 401 401 402 402 400 402 400
0 0 0 1 1 1 1 0 0 0
0 0 0 1 1 0 1 0 0 0
0 0 0 1 1 1 1 1 1 0
0 0 0 0 1 1 1 1 0 0
0 0 0 0 1 1 1 0 0 0
0 0 0 0 1 1 1 0 0 0
0 0 0 0 1 1 1 0 0 0
0 0 0 0 1 1 1 1 0 0
0 0 1 1 1 1 1 0 0 0
0 0 1 1 1 2 1 1 0 0
Maze 51
121 313 3.2500000000 2.1751567775 126 0.390444940276694
84 24 50 19 22 75 41 93 10 64 45 100 82 24 7 84
400 44 49 12 72 71 91 3 4 44 95 92 22 4 4
400 401 401 402 401 401 401 402 402 402 401 401 402 402 402
0 0 1 1 1 1 1 1 1 1
0 1 1 1 1 1 1 1 1 0
0 1 1 1 0 0 0 0 1 0
0 1 1 1 0 0 0 0 1 0
1 1 1 1 1 1 1 1 1 1
1 1 1 1 1 0 0 0 0 0
1 1 1 1 1 0 0 0 0 0
1 1 1 1 1 0 0 0 0 0
1 1 1 2 1 0 0 0 0 0
1 1 1 1 1 1 1 1 1 1
Maze 52
93 10 3.3636363636 1.8415822166 56 0.383144388070175
82 41 22 12 48 12 44 80 2 11 77 27 80 96 84 82
81 21 400 42 42 42 74 72 1 71 400 77 76 94 400
401 402 400 401 401 401 401 401 402 401 400 401 402 401 400
1 1 0 0 0 0 0 0 0 0
1 1 0 0 0 0 0 0 0 0
1 1 0 0 0 0 1 0 0 0
1 1 0 0 0 0 1 0 0 0
1 1 1 1 1 1 1 1 0 0
1 1 0 1 0 0 1 0 0 0
1 1 0 1 0 0 1 0 0 0
1 1 1 1 1 1 1 1 1 1
1 2 1 1 0 1 0 0 0 0
0 0 0 1 1 1 0 0 0 0
Maze 53
95 271 2.9180327869 2.3379562395 77 0.376369596473610
7 12 21 66 18 40 40 4 78 67 4 19 43 96 69 7
2 11 61 16 38 400 34 74 77 64 14 13 93 66 67
402 402 401 402 401 400 401 401 401 401 401 402 401 402 401
0 1 1 1 1 1 2 0 0 0
1 1 1 1 1 1 1 1 1 0
1 0 1 1 0 1 1 1 0 0
1 0 1 1 1 1 1 1 1 1
1 0 1 1 0 1 1 0 0 0
1 0 1 1 0 1 1 0 0 0
1 1 1 1 1 1 1 1 1 0
0 0 1 1 1 1 1 1 0 0
0 0 1 0 0 1 0 0 0 0
0 0 1 1 1 1 0 0 0 0
Maze 54
89 57 2.6181818182 1.9986791005 50 0.405766803906192
27 13 19 90 25 66 66 66 51 73 38 19 99 15 59 27
23 400 89 85 65 400 400 61 71 33 18 400 95 55 57
401 400 401 401 401 400 400 401 401 402 402 400 401 401 401
0 0 0 0 0 0 0 0 0 0
0 0 1 1 1 1 1 1 1 0
0 0 1 1 1 1 2 1 1 0
0 0 1 1 1 1 1 1 1 0
0 0 1 0 1 0 1 0 1 0
1 0 1 0 1 1 1 1 1 0
1 1 1 1 1 1 0 0 1 0
1 1 1 0 1 0 0 0 1 0
0 0 0 0 1 1 1 1 1 1
0 0 0 0 1 1 1 1 1 0
Maze 55
81 22 3.2727272727 2.0445426968 19 0.386056176294356
49 97 48 32 24 61 6 58 87 36 78 88 18 59 38 49
47 47 42 22 21 1 56 57 86 76 400 400 58 58 48
402 402 401 402 402 402 401 402 401 401 400 400 401 401 401
1 1 1 1 1 1 0 0 0 0
1 0 0 0 0 1 0 1 0 0
1 1 1 1 0 1 0 1 0 0
1 1 0 0 0 1 0 1 0 0
1 1 1 1 1 1 1 1 2 0
1 0 0 0 0 1 1 1 1 0
1 0 0 0 0 1 1 1 0 0
0 0 0 0 0 1 1 1 0 0
0 0 0 0 0 1 1 1 0 0
0 0 0 0 0 0 1 0 0 0
Maze 56
81 26 2.6153846154 2.0970076991 30 0.381436351425300
63 85 67 46 69 33 5 38 57 78 88 11 6 44 69 63
83 65 66 66 63 3 35 37 77 400 81 1 4 64 400
401 402 401 401 401 402 401 402 401 400 401 402 402 401 400
1 1 1 1 1 1 0 0 0 0
1 0 1 1 1 0 0 0 0 0
1 0 1 1 1 0 0 0 0 0
1 0 1 1 1 1 1 1 0 0
1 0 1 1 0 1 1 0 0 0
1 0 1 1 0 1 1 0 0 0
1 0 2 1 1 1 1 1 1 0
1 0 1 0 1 0 1 1 0 0
1 1 1 1 1 1 1 1 0 0
0 0 0 0 0 0 0 0 0 0
Maze 57
75 7 2.9230769231 1.7203890876 26 0.395234744016495
49 15 21 65 22 53 63 64 70 68 22 44 38 64 70 49
45 11 61 62 52 400 400 400 400 62 42 34 34 400 69
401 402 401 401 401 400 400 400 400 401 401 402 402 400 401
0 0 0 0 0 0 0 0 0 0
1 1 1 1 1 0 0 0 0 0
1 1 0 0 1 0 0 0 0 0
1 1 0 1 1 1 1 1 0 0
1 1 1 1 1 1 1 1 2 0
1 1 1 1 0 0 0 0 1 0
1 1 1 1 1 1 1 1 1 1
0 0 0 0 0 0 0 0 0 0
0 0 0 0 0 0 0 0 0 0
0 0 0 0 0 0 0 0 0 0
Maze 58
117 977 3.5000000000 2.1413835345 139 0.381285636831403
99 42 74 13 97 29 41 67 22 85 69 81 48 47 60 99
92 72 73 93 27 21 61 62 82 65 61 41 400 57 59
401 401 401 401 402 402 401 401 401 402 402 402 400 401 402
0 0 0 0 0 0 0 0 0 0
0 0 1 0 0 0 0 0 0 0
1 1 1 1 1 1 1 1 1 0
1 1 1 0 0 0 1 0 0 0
1 1 1 1 1 1 1 1 0 0
1 1 1 0 0 0 1 1 1 1
1 1 1 1 1 1 1 1 1 0
1 1 1 1 1 0 1 0 1 0
1 1 1 1 1 0 1 0 1 0
0 1 1 1 1 1 1 1 2 0
Maze 59
89 161 3.1923076923 2.2428208854 50 0.393963290179237
78 19 86 43 53 46 44 35 71 44 80 61 37 50 97 78
18 16 83 400 43 400 34 31 41 74 71 31 47 47 77
402 402 401 400 402 400 402 402 402 401 401 402 401 402 402
0 0 0 0 0 0 0 0 0 0
0 0 0 0 0 1 1 1 1 0
0 0 0 0 0 1 0 1 0 0
1 1 1 1 1 1 1 1 0 0
1 1 1 1 1 1 1 1 1 1
1 0 1 1 0 1 1 1 0 0
1 0 1 1 0 1 1 1 0 0
1 1 1 1 1 1 1 2 1 1
0 0 1 1 1 1 1 0 0 0
0 0 0 0 0 0 1 0 0 0
Maze 60
103 1168 2.8450704225 2.3952001343 84 0.383699639634545
18 75 55 59 51 68 99 89 10 90 57 6 100 61 74 18
15 400 400 400 61 98 400 9 400 87 56 96 91 71 14
402 400 400 400 401 401 400 402 400 401 401 401 401 401 402
0 0 0 0 0 1 0 0 1 1
0 0 0 1 1 1 1 2 1 1
0 0 0 1 1 1 0 0 1 1
0 0 0 1 1 1 0 0 1 1
0 0 0 1 1 1 0 0 1 1
1 1 1 1 1 1 1 1 1 1
1 1 1 1 1 1 1 1 1 1
1 1 1 1 1 1 1 1 1 1
1 0 0 0 0 1 1 1 1 1
1 1 1 1 1 1 1 1 1 1
Maze 61
77 57 3.2857142857 2.0714889014 30 0.372332312707707
3 14 43 99 15 52 42 56 51 71 32 15 56 25 31 3
13 13 93 95 12 400 52 400 400 31 12 55 55 21 1
401 402 401 401 402 400 401 400 400 402 402 401 401 402 402
1 1 2 0 0 0 0 0 0 0
1 1 1 1 1 0 0 0 0 0
1 1 1 1 1 0 0 0 0 0
1 1 1 0 1 0 0 0 0 0
1 1 1 0 1 0 0 0 0 0
1 1 1 1 1 1 0 0 0 0
1 0 1 0 1 0 0 0 0 0
1 0 1 0 1 0 0 0 0 0
0 0 1 0 1 0 0 0 0 0
0 0 1 1 1 1 1 1 1 0
Maze 62
101 90 3.1578947368 2.1005204137 77 0.383456254060846
87 10 7 22 28 65 30 78 54 60 77 60 71 67 93 87
7 400 2 400 25 25 28 74 400 57 57 51 61 63 83
402 400 402 400 402 402 402 401 400 402 402 402 402 402 402
0 1 1 1 1 1 1 1 1 1
0 1 0 0 0 0 1 0 0 0
0 1 1 1 1 1 1 1 1 1
0 0 0 0 1 0 1 1 0 0
0 0 0 0 1 0 1 1 0 0
1 1 1 1 1 1 1 1 1 1
1 1 1 1 1 1 1 1 0 0
1 0 1 1 1 1 1 1 0 0
0 0 1 1 1 1 2 0 0 0
0 0 1 0 0 0 0 0 0 0
Maze 63
87 193 3.2500000000 2.0961030859 36 0.388258476718797
36 15 31 43 71 78 23 82 43 93 87 16 26 20 41 36
35 11 41 41 400 73 22 42 400 83 86 400 16 11 31
401 402 401 402 400 401 402 402 400 402 401 400 402 402 402
0 0 0 0 0 0 0 0 0 0
1 1 1 1 1 1 1 1 1 1
1 1 1 0 1 1 0 0 0 0
1 1 1 1 1 2 0 0 0 0
1 1 1 0 0 1 0 0 0 0
1 1 1 0 0 1 0 0 0 0
1 1 1 0 0 1 0 0 0 0
1 1 1 1 1 1 1 1 0 0
0 1 1 1 1 1 1 0 0 0
0 0 1 0 0 0 0 0 0 0
Maze 64
85 36 2.6885245902 2.3184170496 56 0.384660540039658
70 10 11 51 44 63 84 76 89 87 52 27 59 4 89 70
400 1 400 41 43 83 74 86 400 82 22 57 54 84 69
400 402 400 402 402 401 402 401 400 401 402 401 401 401 402
1 1 1 1 1 1 1 1 1 1
1 0 0 1 0 0 0 0 0 1
1 1 1 1 1 1 1 0 0 1
1 1 0 1 0 0 1 0 0 1
1 1 1 1 0 0 1 0 0 1
1 1 1 1 1 1 1 1 1 1
0 1 1 1 0 0 0 0 1 2
0 1 1 1 1 1 0 0 1 0
0 1 1 1 1 1 1 1 1 0
0 0 0 0 0 0 0 0 0 0
Maze 65
97 4067 3.1186440678 2.2312033591 70 0.382549850854184
40 55 99 59 54 92 6 69 33 84 72 49 89 65 67 40
35 95 400 400 52 2 66 63 83 82 42 400 85 400 37
402 401 400 400 402 402 401 401 401 401 402 400 401 400 402
0 1 1 1 1 1 0 0 0 0
0 1 0 0 0 1 0 0 0 0
0 1 0 0 0 1 0 0 0 0
0 1 1 0 1 1 1 1 1 2
0 1 1 1 1 1 1 1 1 0
0 1 1 1 1 1 1 1 1 0
0 1 1 1 1 1 1 1 1 0
0 1 1 0 1 0 0 0 1 0
0 1 1 1 1 1 1 1 1 0
0 1 0 0 1 1 1 1 1 0
Maze 66
97 169 3.1272727273 2.0366596856 84 0.391171603545517
11 31 25 75 69 96 4 48 82 15 67 88 37 96 23 11
400 21 400 65 66 94 44 42 12 65 87 87 36 93 21
400 402 400 402 402 401 401 402 402 401 401 401 402 401 401
0 0 0 1 0 0 0 0 0 0
2 1 1 1 1 0 0 0 0 0
1 1 1 1 1 0 0 0 0 0
1 1 1 1 1 1 1 0 0 0
0 1 1 1 1 1 1 1 0 0
0 1 1 1 1 1 1 0 0 0
0 1 1 1 1 1 1 1 1 0
0 1 1 1 1 1 1 0 0 0
0 1 1 1 0 1 1 1 0 0
0 0 1 1 1 1 0 0 0 0
Maze 67
97 35 3.4400000000 2.1275846358 70 0.387013153558948
10 15 70 35 34 44 49 43 61 36 42 79 67 48 92 10
5 65 65 400 400 400 400 41 31 32 72 77 47 42 2
402 401 401 400 400 400 400 402 402 402 401 401 402 402 402
0 1 1 1 1 1 1 1 1 2
0 1 0 0 1 0 0 0 0 0
0 1 0 0 1 0 0 0 0 0
1 1 1 1 1 1 0 0 0 0
1 1 1 1 1 1 1 1 1 0
1 1 0 0 1 0 1 0 0 0
1 1 0 0 1 1 1 1 1 1
0 1 1 1 1 1 1 1 1 0
0 1 0 0 0 0 0 0 0 0
0 1 0 0 0 0 0 0 0 0
Maze 68
87 110 3.0434782609 1.9501561501 56 0.395668506846894
43 16 78 24 73 32 22 98 16 78 57 93 94 45 55 43
13 76 74 23 72 400 92 96 76 77 53 400 44 400 53
402 401 401 402 401 400 401 401 401 401 402 400 402 400 401
0 0 0 0 0 0 0 0 0 0
0 0 1 1 1 1 0 0 0 0
0 1 1 1 0 1 0 0 0 0
0 1 1 1 0 1 0 0 0 0
0 1 2 1 1 1 0 0 0 0
0 1 1 1 1 1 1 0 0 0
0 1 1 1 0 1 1 0 0 0
0 1 1 1 1 1 1 1 0 0
0 1 1 1 0 1 0 0 0 0
0 1 1 1 1 1 1 1 0 0
Maze 69
87 154 3.0740740741 2.3349467373 50 0.377567578783088
45 55 11 74 36 46 68 85 79 35 44 7 49 62 89 45
400 51 71 34 400 66 65 75 75 34 4 47 42 82 85
400 401 401 402 400 401 402 402 401 402 402 401 402 401 401
0 0 0 1 1 1 1 0 0 0
1 0 0 1 0 0 1 0 0 0
1 0 0 1 0 0 1 0 0 0
1 0 0 1 1 1 1 0 0 0
1 1 1 1 2 1 1 1 1 0
1 1 1 1 1 1 0 0 0 0
1 1 0 1 1 1 1 1 0 0
1 1 1 1 1 1 1 1 1 0
0 1 1 1 1 1 1 1 1 0
0 0 0 0 0 0 0 0 0 0
Maze 70
87 14 2.8936170213 1.9196849603 44 0.370792927776477
73 66 19 78 70 53 18 26 35 53 19 10 33 17 52 73
63 16 18 68 63 13 16 25 33 13 9 3 13 12 72
402 402 402 402 401 402 402 402 402 402 402 402 402 402 401
0 0 1 1 1 1 1 1 1 1
0 1 1 1 1 1 1 1 1 0
0 1 1 0 1 1 0 1 0 0
0 1 1 1 1 1 0 1 0 0
0 1 1 0 0 1 0 1 0 0
0 1 1 0 0 1 0 1 0 0
0 1 1 1 1 1 1 1 1 1
0 1 2 0 0 0 0 1 0 0
0 0 0 0 0 0 0 0 0 0
0 0 0 0 0 0 0 0 0 0
Maze 71
117 8056 3.2463768116 2.3991497671 140 0.399024838152404
72 48 98 11 17 33 100 68 91 54 3 24 87 86 8 72
42 400 91 400 13 93 98 61 51 53 23 84 400 6 2
402 400 401 400 402 401 401 402 402 401 401 401 400 402 402
0 1 1 1 1 1 1 1 0 0
1 1 1 1 1 1 1 0 0 0
1 1 1 1 0 1 0 0 0 0
1 1 1 1 0 1 0 0 0 0
1 1 1 1 1 1 1 1 0 0
1 1 1 1 0 1 0 1 0 0
1 1 1 1 1 1 1 1 0 0
1 2 1 1 0 1 0 1 0 0
1 0 1 1 1 1 1 1 0 0
1 1 1 1 1 1 1 1 1 1
Maze 72
111 965 3.4909090909 2.0697930132 94 0.402247991015362
41 24 33 94 25 62 48 5 90 72 48 100 35 71 23 41
21 23 93 24 22 42 45 85 82 42 98 95 31 21 21
402 402 401 402 402 402 401 401 401 402 401 401 402 402 402
0 0 0 0 1 0 0 0 0 0
0 0 0 0 1 0 0 0 0 0
1 1 1 1 1 0 0 0 0 0
1 1 1 1 1 0 0 0 0 0
2 1 1 1 1 1 1 1 0 0
1 1 1 1 1 0 0 1 0 0
1 1 1 1 1 0 0 1 0 0
1 1 1 1 1 0 0 1 0 0
0 1 1 1 1 1 1 1 1 1
0 0 1 1 1 1 1 1 1 1
Maze 73
97 37 3.4222222222 1.8563634798 60 0.385471004234492
46 73 40 74 50 43 84 84 53 10 45 66 38 64 61 46
43 33 34 44 400 83 400 83 3 5 65 36 34 400 41
402 402 402 402 400 401 400 401 402 402 401 402 402 400 402
0 0 1 1 1 1 1 1 1 1
0 0 1 0 1 0 0 0 0 0
0 0 1 0 1 0 0 0 0 0
0 0 1 1 1 1 1 1 1 1
1 1 1 1 1 2 1 1 1 1
1 0 1 1 1 1 0 0 0 0
1 1 1 1 1 1 0 0 0 0
0 0 1 1 0 0 0 0 0 0
0 0 1 1 0 0 0 0 0 0
0 0 0 0 0 0 0 0 0 0
Maze 74
101 25 3.5652173913 1.9235119253 77 0.393500210218037
59 25 21 78 72 51 69 92 61 29 69 12 68 59 56 59
55 400 71 400 71 61 62 91 21 400 62 62 58 400 400
401 400 401 400 401 401 402 401 402 400 401 401 402 400 400
0 0 0 0 0 0 0 0 0 0
0 1 0 0 0 0 0 0 0 0
1 1 1 1 1 1 1 1 1 0
1 1 0 0 1 0 0 0 1 0
1 1 0 0 1 0 0 0 1 0
1 1 0 0 1 1 1 1 2 0
1 1 1 1 1 1 1 1 1 0
1 1 1 1 1 1 1 1 0 0
1 1 0 0 0 0 0 0 0 0
1 1 0 0 0 0 0 0 0 0
Maze 75
109 95 3.0588235294 2.2658155225 76 0.357682967432791
28 30 42 100 10 77 66 15 68 46 54 4 41 97 81 28
400 22 92 400 7 76 65 65 66 44 400 1 91 91 21
400 402 401 400 402 401 401 401 401 402 400 402 401 401 402
1 1 1 1 0 0 1 1 1 1
1 0 0 1 1 0 1 0 0 1
1 1 1 1 1 1 1 2 1 1
1 1 0 1 1 0 1 0 0 1
1 1 0 1 1 1 1 0 0 1
1 1 0 1 1 1 1 0 0 1
1 1 0 0 1 1 1 1 0 1
1 1 0 0 0 1 1 0 0 1
1 1 0 0 0 0 0 0 0 1
1 1 1 1 1 1 1 1 1 1
Maze 76
95 17 3.5263157895 1.7020677086 50 0.383952191678177
92 2 26 12 73 43 9 32 68 15 14 26 55 27 2 92
400 22 22 72 400 3 2 62 65 400 24 25 25 22 400
400 401 401 401 400 402 402 401 401 400 401 402 402 401 400
0 1 1 1 1 1 1 1 1 0
0 1 1 1 1 0 0 0 0 0
0 1 1 1 1 1 1 0 0 0
0 1 1 0 1 0 0 0 0 0
0 1 1 0 1 0 0 0 0 0
0 1 1 0 1 0 0 0 0 0
0 1 1 1 1 1 1 1 0 0
0 1 1 0 0 0 0 0 0 0
0 1 0 0 0 0 0 0 0 0
0 2 0 0 0 0 0 0 0 0
Maze 77
117 1498 3.3333333333 2.1296092909 115 0.383053350442192
96 37 73 49 44 41 11 100 69 71 40 37 99 14 31 96
36 33 43 400 400 400 91 99 61 31 400 97 94 11 91
402 402 402 400 400 400 401 401 402 402 400 401 401 402 401
0 0 0 0 0 0 0 0 0 0
1 1 1 1 0 0 0 0 0 0
1 0 0 1 0 0 0 0 0 0
1 1 1 1 1 1 1 1 1 1
1 1 1 1 1 1 1 1 1 0
1 0 1 1 0 1 1 0 0 0
1 1 1 1 1 1 1 1 1 0
1 0 1 1 0 1 1 0 1 0
1 0 0 1 0 1 1 0 1 0
1 1 1 1 1 2 1 1 1 1
Maze 78
119 16 3.4035087719 2.0231479501 147 0.399456369945214
72 30 11 21 57 31 80 96 53 1 54 12 48 14 7 72
22 21 400 51 51 71 76 93 51 51 52 42 44 4 2
402 401 400 401 401 401 402 401 401 401 401 401 401 402 402
1 1 1 1 1 1 1 0 0 0
1 1 0 1 0 0 0 0 0 0
1 1 1 1 1 1 1 1 1 1
1 1 0 1 0 0 0 0 0 0
1 1 1 1 1 1 1 1 0 0
1 1 1 1 1 1 1 0 0 0
1 1 1 0 0 0 0 0 0 0
1 2 1 1 1 1 1 1 1 1
0 0 1 0 0 1 0 0 0 0
0 0 1 1 1 1 0 0 0 0
Maze 79
113 775 3.0140845070 2.3577817149 90 0.393224512803091
29 43 37 69 68 12 100 73 42 74 1 10 49 41 85 29
23 33 67 400 62 92 93 72 72 71 400 9 400 81 25
402 402 401 400 401 401 401 401 401 401 400 402 400 401 402
1 1 1 1 1 1 1 1 1 1
1 1 0 0 0 0 0 0 1 0
1 1 1 1 1 1 1 1 2 0
1 1 1 1 1 1 1 0 1 0
1 1 1 1 1 1 1 1 1 0
1 1 0 0 1 0 1 0 0 0
1 1 1 1 1 1 1 1 1 0
1 1 1 1 1 0 0 0 0 0
1 1 1 1 1 0 0 0 0 0
0 1 1 1 1 1 1 1 1 1
Maze 80
93 515 3.3333333333 2.2136457562 50 0.381243611560959
34 77 43 88 15 16 71 92 61 59 89 67 12 18 55 34
74 73 83 85 400 11 91 91 51 400 87 62 400 15 54
401 401 401 401 400 402 401 401 402 400 401 401 400 402 401
0 0 0 0 0 0 0 0 0 0
1 1 1 1 1 1 1 1 0 0
1 1 0 0 1 0 0 0 0 0
1 1 0 2 1 0 0 0 0 0
1 1 1 1 1 0 0 0 0 0
1 1 1 1 1 1 1 1 1 0
1 1 1 1 1 1 1 0 1 0
1 0 1 1 1 1 1 0 1 0
1 0 1 1 1 1 1 1 1 0
1 1 0 0 0 0 0 0 0 0
Maze 81
89 72 3.6744186047 2.0640750970 41 0.364641117829314
22 44 57 89 27 83 18 23 34 22 76 62 80 54 22 22
42 54 87 87 23 13 13 33 32 72 72 72 74 52 400
401 401 401 401 402 402 402 401 401 401 401 401 401 401 400
0 0 0 0 0 0 0 0 0 0
0 0 1 1 1 1 1 1 0 0
0 2 1 1 1 1 1 0 0 0
0 1 1 1 0 0 1 0 0 0
0 1 1 1 0 0 1 0 0 0
0 1 1 1 1 1 1 0 0 0
0 1 1 1 0 0 1 0 0 0
0 1 1 1 1 1 1 1 1 1
0 0 1 0 0 0 1 1 1 0
0 0 0 0 0 0 0 0 0 0
Maze 82
93 14 3.6279069767 1.9986791005 50 0.390807597754897
42 55 41 83 60 59 96 69 75 4 65 87 35 59 1 42
52 51 81 53 400 56 66 65 74 64 85 85 55 51 41
401 401 401 402 400 402 402 402 401 401 401 401 401 401 401
1 0 0 1 0 0 0 0 0 0
1 0 0 1 0 0 0 0 0 0
1 0 0 1 0 0 0 0 0 0
1 0 0 1 1 0 0 0 0 0
1 2 0 1 1 0 0 0 0 0
1 1 1 1 1 1 1 1 1 1
1 0 1 1 1 1 1 1 1 0
1 0 1 1 1 1 0 0 0 0
1 1 1 0 1 1 1 0 0 0
0 0 0 0 0 1 0 0 0 0
Maze 83
115 1465 3.3750000000 2.2175009660 112 0.381430005818181
83 79 38 47 37 9 78 91 2 84 38 19 92 5 50 83
73 78 37 400 7 8 71 1 82 34 18 12 2 45 43
402 401 402 400 402 402 402 402 401 402 402 402 402 401 402
1 1 1 1 1 0 1 1 1 0
1 1 1 1 1 1 1 1 1 0
1 1 0 0 1 0 1 1 0 0
1 1 0 1 1 1 1 1 0 0
1 1 1 1 1 1 1 1 1 1
1 1 1 1 0 0 0 1 0 0
1 1 1 1 0 0 0 1 0 0
1 1 1 1 1 1 1 1 1 0
1 1 2 1 0 0 0 0 0 0
1 1 0 0 0 0 0 0 0 0
Maze 84
117 9 3.1884057971 2.2699524031 115 0.374494282294163
85 12 86 26 100 97 18 88 20 55 99 64 34 73 11 85
82 82 400 96 400 17 400 18 15 95 94 400 33 71 81
401 401 400 401 400 402 400 402 402 401 401 400 402 401 401
0 0 0 0 0 0 0 0 0 0
1 1 0 0 1 1 1 1 1 1
1 1 0 0 1 1 1 1 0 0
1 1 1 1 1 1 1 1 0 0
1 1 1 1 1 1 1 1 0 0
1 1 1 1 1 1 1 1 0 0
1 1 1 1 1 1 1 1 0 0
1 1 1 1 1 1 1 1 0 0
1 1 1 1 2 1 1 1 0 0
0 0 0 1 1 1 1 1 1 1
Maze 85
99 97 3.2631578947 2.2869834431 77 0.369838889387566
92 86 65 91 70 82 57 93 66 28 28 10 32 24 98 92
82 85 61 61 62 52 53 63 26 400 8 2 22 94 400
402 401 402 402 402 402 402 402 402 400 402 402 402 401 400
0 1 1 1 1 1 1 1 1 1
0 1 0 0 0 0 0 1 0 0
0 1 1 1 0 1 1 1 0 0
0 1 0 1 0 1 0 0 0 0
0 0 0 1 0 1 0 0 0 0
0 1 1 1 1 1 1 0 0 0
1 1 1 1 1 1 1 1 1 1
1 1 1 1 1 0 0 0 0 0
1 1 1 1 1 1 0 0 0 0
1 2 1 1 1 1 1 1 0 0
Maze 86
115 324 3.2413793103 2.0330813216 125 0.405716074132403
1 9 86 92 39 82 70 94 72 87 53 34 5 69 37 1
400 6 82 32 32 62 64 92 82 83 33 4 65 67 31
400 402 402 402 402 402 402 401 401 401 402 402 401 401 401
2 1 1 1 1 1 1 1 1 0
1 0 0 1 1 1 0 0 0 0
1 0 0 1 1 1 0 0 0 0
1 1 1 1 1 1 1 1 1 0
0 1 1 0 1 1 1 0 0 0
0 1 1 0 1 1 1 0 0 0
0 1 1 1 1 1 1 1 1 1
0 1 1 1 0 1 0 0 0 0
0 1 1 1 1 1 1 0 0 0
0 1 1 1 0 0 0 0 0 0
Maze 87
107 898 3.0303030303 2.2852363519 98 0.367112216584222
57 72 63 94 69 13 20 46 11 6 23 21 79 29 81 57
52 62 93 64 63 400 16 41 1 3 400 71 400 21 51
402 402 401 402 401 400 402 401 402 402 400 401 400 402 402
1 1 1 1 1 1 0 0 0 0
1 0 1 1 1 1 1 1 1 1
1 1 1 1 1 1 1 1 1 0
1 0 1 0 0 1 0 0 1 0
1 1 1 1 1 1 0 0 1 0
1 1 1 1 1 1 2 0 1 0
1 1 1 1 1 1 1 1 1 0
1 1 1 1 1 1 1 1 1 0
1 0 1 1 0 0 0 0 0 0
0 0 1 1 0 0 0 0 0 0
Maze 88
99 92 3.2830188679 2.1774865224 56 0.408586512152614
58 8 35 2 71 54 67 1 36 92 72 7 30 4 6 58
400 5 32 1 51 64 61 31 32 400 2 27 24 400 56
400 402 401 402 402 401 401 401 402 400 402 401 401 400 401
1 1 1 1 1 1 1 1 0 0
1 1 0 1 1 1 1 1 0 0
1 1 0 1 1 1 1 1 1 1
1 1 1 1 1 1 0 1 0 0
1 1 0 0 0 1 0 1 0 0
1 1 1 1 0 1 1 2 0 0
1 1 1 1 1 1 1 0 0 0
1 1 0 0 0 0 0 0 0 0
0 1 0 0 0 0 0 0 0 0
0 1 0 0 0 0 0 0 0 0
Maze 89
103 182 3.1250000000 2.4052869948 60 0.366966980732105
80 79 98 66 63 91 17 70 29 89 18 91 92 46 3 80
400 78 96 400 61 11 67 69 400 88 11 400 42 43 73
400 402 401 400 402 402 401 401 400 401 402 400 402 401 401
0 0 1 0 0 0 0 0 0 0
1 1 1 1 1 1 1 1 0 0
1 0 1 0 0 0 1 1 1 0
1 0 1 0 0 0 1 1 1 0
1 1 1 1 1 1 1 1 1 0
1 1 1 0 0 0 1 1 1 0
1 1 1 1 1 1 1 1 1 1
1 1 1 1 1 1 1 1 1 2
1 1 0 0 0 1 0 1 1 0
1 1 0 0 0 1 1 1 0 0
Maze 90
127 24 3.6271186441 1.9723399296 141 0.372380492266246
96 79 14 44 7 14 63 10 51 29 81 22 68 12 94 96
76 74 400 4 4 13 3 1 21 21 21 62 62 92 400
402 401 400 402 402 402 402 402 402 402 402 401 401 401 400
1 1 1 1 1 1 1 1 1 1
1 1 1 1 0 0 0 0 0 0
1 1 1 1 1 1 1 1 1 0
1 1 1 1 0 0 0 0 0 0
1 1 1 1 0 0 0 0 0 0
1 1 1 1 0 0 0 0 0 0
1 1 1 1 1 1 1 1 0 0
1 1 0 1 1 1 1 1 1 0
1 1 0 0 0 1 0 0 0 0
0 1 1 1 1 2 0 0 0 0
Maze 91
115 28 3.5925925926 2.0980793557 117 0.379697559100269
93 80 55 68 62 30 71 18 34 22 49 12 16 34 27 93
73 75 65 400 22 21 11 14 32 42 42 400 14 24 23
402 401 401 400 402 402 402 402 401 401 401 400 402 402 402
0 0 0 0 0 0 0 0 0 0
1 1 1 1 1 1 1 1 0 0
1 1 1 1 1 1 1 1 1 1
1 1 1 1 0 0 0 0 0 0
1 1 1 1 1 1 1 1 1 0
1 1 1 0 1 0 0 0 0 0
1 1 1 1 1 1 1 1 0 0
1 0 1 1 1 1 1 1 1 1
0 0 1 0 0 0 0 0 0 0
0 0 2 0 0 0 0 0 0 0
Maze 92
99 1260 3.1785714286 2.2157402060 53 0.382471449100804
44 93 74 64 11 34 58 82 97 10 88 63 32 74 90 44
43 73 400 61 31 54 52 92 7 8 83 62 72 84 84
402 402 400 401 401 401 402 401 402 402 401 401 401 401 401
0 0 0 0 0 0 1 1 1 1
1 0 0 0 0 0 1 1 0 0
1 0 0 0 0 0 1 1 0 0
1 1 1 1 0 0 1 1 0 0
1 1 1 2 0 0 1 1 0 0
1 1 1 1 1 1 1 1 0 0
1 1 1 1 0 0 1 1 0 0
0 1 1 1 0 0 1 1 0 0
0 1 1 1 1 1 1 1 1 1
0 1 1 1 1 1 1 0 0 0
Maze 93
107 44 3.2203389831 2.2539973394 78 0.377227701927414
4 41 30 79 88 96 53 9 32 24 42 2 80 92 36 4
1 21 29 78 86 93 3 2 22 22 400 72 72 32 34
402 402 402 402 402 401 402 402 402 402 400 401 402 402 401
1 1 1 2 1 1 1 1 1 0
1 1 1 1 0 0 0 0 0 0
1 1 1 1 1 1 1 1 1 1
1 1 1 1 1 1 0 0 1 0
1 1 1 0 0 0 0 0 1 0
0 1 1 0 0 0 0 0 1 0
0 1 1 0 0 0 0 0 1 0
0 1 1 1 1 1 1 1 1 1
0 1 1 0 0 1 1 1 0 0
0 1 1 1 1 1 0 0 0 0
Maze 94
89 201 2.9019607843 2.0048679406 56 0.379895354049925
44 47 78 42 31 70 96 18 53 44 46 4 7 78 82 44
400 77 72 41 61 66 16 13 43 400 44 400 77 72 42
400 401 401 401 401 402 402 402 402 400 401 400 401 402 402
0 0 0 1 1 1 1 0 0 0
0 0 1 1 1 1 1 1 0 0
0 0 1 1 0 1 1 0 0 0
1 0 1 1 0 1 1 0 0 0
1 1 1 2 1 1 1 0 0 0
1 1 1 0 0 1 1 0 0 0
1 1 1 1 1 1 1 1 1 1
0 1 1 1 1 1 1 1 0 0
0 1 0 0 0 1 0 0 0 0
0 0 0 0 0 1 0 0 0 0
Maze 95
127 198 3.5555555556 2.0159777136 166 0.390869497926710
35 92 79 15 65 91 60 16 6 100 2 94 75 9 33 35
32 72 75 400 61 51 56 400 96 92 92 74 5 3 400
402 402 401 400 402 402 401 400 401 401 401 402 402 402 400
0 1 1 1 1 1 1 1 1 0
0 1 1 0 1 1 0 0 0 0
0 1 1 0 1 1 0 0 0 0
0 1 1 1 2 1 0 0 0 0
0 1 0 0 1 1 0 0 0 0
1 1 1 1 1 1 1 1 1 1
1 1 1 1 1 1 0 0 0 0
1 1 1 1 1 1 1 1 1 0
1 1 0 1 0 1 0 0 0 0
1 1 1 1 1 1 1 1 1 1
Maze 96
85 98 3.2608695652 2.0493837165 56 0.381801358083722
12 54 86 96 58 10 49 45 59 95 59 96 97 64 29 12
52 84 400 56 8 9 400 55 55 55 56 400 94 24 22
401 401 400 402 402 402 400 401 402 402 402 400 401 402 401
0 0 0 0 0 0 0 1 1 1
0 2 0 0 0 0 0 1 1 0
0 1 1 1 1 1 1 1 1 0
0 1 0 1 0 0 0 1 1 0
0 1 0 1 1 1 1 1 1 0
0 1 1 1 1 1 1 1 1 0
0 0 0 1 1 1 0 0 0 0
0 0 0 1 1 1 0 0 0 0
0 0 0 1 1 1 0 0 0 0
0 0 0 1 1 1 1 0 0 0
Maze 97
95 19 3.2244897959 2.0366596856 46 0.385291308336670
55 54 8 48 100 3 25 93 44 6 84 97 42 45 15 55
400 4 400 98 93 23 23 43 4 4 94 92 400 400 400
400 402 400 401 401 401 402 402 402 402 401 401 400 400 400
0 0 1 1 1 1 1 1 0 0
0 0 1 1 1 0 0 1 0 0
0 0 1 1 1 0 0 1 0 0
0 0 1 1 1 0 0 1 0 0
0 1 1 1 1 0 0 1 0 0
0 1 1 1 2 0 0 1 0 0
0 1 1 1 0 0 0 1 0 0
0 1 1 1 0 0 0 1 0 0
0 1 1 1 0 0 0 1 0 0
0 1 1 1 1 1 1 1 1 1
Maze 98
89 360 2.8000000000 2.3750000000 45 0.393213308952176
14 30 31 5 46 21 99 70 37 46 25 43 40 59 56 14
24 21 1 45 41 91 69 67 36 45 23 33 39 400 54
401 402 402 401 401 401 402 401 402 401 402 402 402 400 401
1 1 1 1 1 0 0 0 0 0
1 0 0 2 1 0 0 0 0 0
1 1 1 1 1 1 1 1 1 1
1 0 1 1 1 1 1 1 1 1
1 1 1 1 1 1 1 0 1 0
1 0 0 1 1 1 1 1 1 0
1 0 0 0 0 0 1 1 1 1
1 0 0 0 0 0 0 0 1 0
1 0 0 0 0 0 0 0 1 0
1 1 1 1 1 1 1 1 1 0
Maze 99
83 62 3.7560975610 2.1771800658 19 0.386476422794343
25 75 83 13 27 68 62 32 2 56 23 66 57 95 100 25
400 73 400 23 67 400 400 400 52 53 63 56 55 400 95
400 402 400 401 401 400 400 400 401 401 401 402 402 400 401
0 1 0 0 0 0 0 0 0 0
0 1 1 0 0 0 0 0 0 0
0 1 1 1 2 1 1 0 0 0
0 1 1 0 1 0 1 0 0 0
0 1 1 0 1 0 1 0 0 0
0 1 1 1 1 1 1 0 0 0
0 1 1 1 1 1 1 1 0 0
0 0 1 1 1 0 0 0 0 0
0 0 1 0 1 0 0 0 0 0
0 0 0 0 1 1 1 1 1 1
Maze 100
97 20 3.3333333333 1.8871549861 64 0.374907808167005
52 97 3 95 73 59 51 53 37 36 67 60 4 1 91 52
92 93 93 93 53 400 400 33 400 66 57 54 400 400 51
401 401 401 401 402 400 400 402 400 401 402 401 400 400 402
1 1 1 1 0 0 0 0 0 0
1 0 1 1 0 0 0 0 0 0
1 0 1 1 0 0 0 0 0 0
1 0 1 1 1 1 1 0 0 0
1 0 1 1 0 1 0 0 0 0
1 2 1 1 1 1 1 1 1 1
1 1 1 0 0 1 1 0 0 0
1 1 1 0 0 0 0 0 0 0
1 1 1 0 0 0 0 0 0 0
1 1 1 1 1 1 1 0 0 0
Maze 101
95 60 3.5909090909 1.9218351490 59 0.402915156590107
9 44 13 25 17 93 79 63 61 31 53 41 40 16 73 9
4 43 23 15 13 73 73 400 400 51 51 31 36 13 3
402 401 401 402 402 402 401 400 400 401 401 402 401 402 402
0 0 1 1 1 1 1 1 2 0
0 0 1 1 1 1 1 0 0 0
0 0 1 1 1 1 0 0 0 0
1 1 1 1 1 1 1 1 1 1
1 0 1 1 0 0 0 0 0 0
1 1 1 0 0 0 0 0 0 0
1 1 1 0 0 0 0 0 0 0
0 0 1 1 1 1 1 1 1 0
0 0 1 0 0 0 0 0 0 0
0 0 1 0 0 0 0 0 0 0
Maze 102
91 22 3.2173913043 1.9096162670 45 0.372221187520488
26 68 50 70 67 8 66 65 7 37 73 39 23 86 3 26
66 48 400 400 7 6 400 5 400 33 33 33 83 83 23
401 402 400 400 402 402 400 402 400 402 402 401 401 401 401
0 0 1 0 1 1 1 1 0 0
0 0 1 0 1 1 1 0 0 0
0 0 1 1 1 2 1 0 0 0
0 0 1 1 1 1 1 1 1 0
0 0 1 0 1 1 1 1 1 1
0 0 1 0 1 1 1 1 0 1
0 0 1 0 1 1 1 1 1 1
0 0 1 0 0 0 0 0 0 0
0 0 1 1 1 1 0 0 0 0
0 0 0 0 0 0 0 0 0 0
Maze 103
87 116 3.2000000000 2.1701545015 34 0.378564719453365
46 72 75 73 36 18 98 42 27 44 41 48 18 25 71 46
42 400 400 33 16 400 92 22 24 400 400 400 15 21 41
402 400 400 402 402 400 401 402 402 400 400 400 402 402 402
0 0 0 0 0 0 0 0 0 0
0 0 0 0 1 1 1 1 0 0
1 1 1 1 1 1 1 1 0 0
1 1 1 1 1 1 0 1 0 0
1 1 1 1 1 2 1 1 0 0
1 1 1 0 0 0 0 1 0 0
1 1 1 0 0 0 0 1 0 0
1 1 1 1 1 0 0 1 0 0
0 1 0 0 0 0 0 1 0 0
0 1 1 1 1 1 1 1 0 0
Maze 104
123 354 3.0625000000 2.1730107613 65 0.370260745712716
85 39 54 71 2 99 9 33 86 1 82 22 34 93 41 85
35 34 51 1 92 400 3 83 81 81 400 32 33 91 81
402 402 402 402 401 400 402 401 401 401 400 401 402 401 401
1 1 1 1 1 1 1 1 1 0
1 1 1 0 0 0 0 0 1 0
1 1 1 0 0 0 0 0 1 0
1 1 1 1 1 1 1 1 1 0
1 1 1 1 1 0 0 0 1 0
1 1 1 1 1 0 0 0 1 0
1 1 1 0 1 0 0 0 1 0
1 1 1 0 1 0 0 0 1 0
1 1 1 1 2 1 0 0 1 0
1 1 1 1 1 1 1 1 1 0
Maze 105
87 33 3.4634146341 1.9960770970 33 0.399019247943121
31 85 85 95 52 41 13 98 81 47 63 95 87 90 91 31
81 400 400 92 51 11 93 91 41 43 93 85 400 81 400
401 400 400 401 401 402 401 401 402 402 401 402 400 402 400
0 0 0 0 0 0 0 0 0 0
1 1 1 0 0 0 0 0 0 0
1 0 1 0 0 0 0 0 0 0
2 0 1 0 0 0 0 0 0 0
1 1 1 1 1 1 1 0 0 0
1 1 1 0 0 0 0 0 0 0
1 1 1 0 0 0 0 0 0 0
1 1 1 0 0 0 0 0 0 0
1 1 1 1 1 1 1 1 1 1
1 1 1 1 1 1 1 1 0 0
Maze 106
105 507 2.9333333333 2.1414791011 87 0.385136133374534
96 33 87 39 62 68 95 21 4 70 99 45 62 33 65 96
93 83 37 32 400 65 91 1 64 69 95 42 32 63 95
401 401 402 402 400 402 401 402 401 402 401 402 402 401 401
1 1 1 1 0 0 0 0 0 0
1 0 0 1 0 0 0 0 0 0
1 0 0 1 0 0 0 0 0 0
1 1 1 1 1 1 1 1 1 0
1 1 1 1 1 0 1 0 0 0
1 1 1 1 1 0 1 0 0 0
1 1 1 1 1 1 1 1 1 1
1 0 1 0 1 0 1 0 1 0
1 0 1 1 1 1 1 0 1 0
1 1 1 1 1 2 1 1 1 0
Maze 107
91 156 2.9473684211 2.2734740199 41 0.393067414499067
30 64 16 10 35 87 40 40 85 87 91 50 69 69 36 30
24 14 6 5 85 37 400 35 400 81 41 49 400 66 26
402 402 402 402 401 402 400 402 400 402 402 402 400 401 402
0 0 0 0 1 1 1 1 1 1
0 0 0 1 1 1 0 0 0 0
0 0 0 1 1 1 1 1 1 2
0 0 0 1 1 1 1 1 1 1
1 1 1 1 1 1 1 1 1 1
1 0 0 1 1 1 1 0 1 0
1 0 0 1 1 1 1 1 1 0
1 0 0 0 1 0 1 0 0 0
1 1 1 1 1 1 1 0 0 0
1 0 0 0 0 0 0 0 0 0
Maze 108
109 287 3.6666666667 2.0544759984 104 0.389899943158215
26 35 90 22 85 74 11 46 68 25 40 35 69 33 97 26
25 85 82 82 84 71 41 66 65 35 400 65 63 93 96
402 401 401 401 401 401 401 401 401 401 400 401 401 401 401
0 0 0 0 0 0 0 0 0 0
1 0 0 0 0 0 0 0 0 0
1 1 0 0 1 2 0 0 0 0
1 1 1 0 1 1 1 1 1 1
1 1 1 1 1 1 0 0 0 0
1 1 1 0 1 1 0 0 0 0
1 1 1 1 1 1 1 1 1 0
1 1 1 1 1 1 0 0 0 0
0 1 1 1 1 1 1 1 1 1
0 0 1 1 1 1 1 0 0 0
Maze 109
111 58 3.3898305085 2.0956654259 97 0.374866525317933
17 16 68 23 88 22 70 20 28 52 49 22 24 91 23 17
400 66 63 83 82 62 400 18 22 42 42 400 21 21 13
400 401 401 401 401 401 400 402 402 402 401 400 402 402 402
0 0 0 0 0 0 0 0 0 0
0 0 1 1 1 1 2 1 1 1
1 1 1 1 1 1 1 1 0 1
1 1 1 0 0 1 0 0 0 1
1 1 1 1 1 1 1 1 1 1
1 1 1 0 0 1 0 0 0 1
1 1 1 1 1 1 1 1 1 1
1 1 1 0 0 0 0 0 0 0
1 1 1 1 1 1 1 1 0 0
1 0 0 0 0 0 0 0 0 0
Maze 110
91 17 3.0952380952 1.8737891222 50 0.365818528658932
76 67 78 96 77 56 58 32 78 74 11 66 6 72 11 76
66 77 76 76 76 400 52 72 400 71 61 400 2 71 71
402 401 402 402 401 400 401 401 400 401 401 400 402 401 401
0 1 1 1 1 1 0 0 0 0
1 1 0 0 0 1 0 0 0 0
1 1 0 0 0 1 0 0 0 0
1 1 0 0 0 1 0 0 0 0
1 1 0 0 0 1 0 0 0 0
1 1 1 1 1 1 1 1 0 0
1 1 1 1 1 1 1 0 0 0
1 1 1 1 1 2 1 1 0 0
0 0 0 0 0 1 0 0 0 0
0 0 0 0 0 1 0 0 0 0
Maze 111
107 191 3.4800000000 2.0508544969 92 0.386338635590469
21 37 81 45 7 59 37 16 3 47 89 27 19 13 89 21
31 31 41 5 57 57 36 13 43 87 87 17 400 83 81
401 402 402 402 401 401 401 401 401 401 401 402 400 401 401
0 0 1 0 1 1 1 0 0 0
0 0 1 1 1 1 1 1 1 0
2 0 1 0 1 1 1 0 0 0
1 1 1 1 1 1 1 0 0 0
1 1 1 1 1 1 1 0 0 0
1 0 1 0 0 0 1 1 1 0
1 0 1 0 0 0 1 0 0 0
1 0 1 0 0 0 1 0 0 0
1 1 1 1 1 1 1 1 1 0
0 0 0 0 0 0 0 0 0 0
Maze 112
113 374 3.1147540984 2.1034755332 105 0.385012573409636
41 59 23 77 16 91 61 56 65 39 61 89 30 51 12 41
51 53 73 76 11 400 51 55 35 31 81 29 21 11 11
401 401 401 401 402 400 402 402 402 402 401 402 402 402 402
0 0 0 0 0 0 0 0 0 0
1 1 1 1 1 1 0 0 0 0
1 1 1 1 1 1 1 1 1 1
1 1 1 1 1 1 1 1 1 0
2 0 1 0 1 1 0 0 1 0
1 1 1 1 1 1 1 1 1 0
1 0 1 0 1 1 0 0 1 0
1 0 1 1 1 1 1 0 1 0
1 1 1 1 1 1 1 1 1 0
1 0 0 0 0 0 0 0 0 0
Maze 113
85 10 3.0000000000 2.1525783848 56 0.398517583002072
51 3 18 14 85 11 21 41 95 54 5 46 27 89 81 51
1 13 400 84 81 400 400 91 94 4 45 26 87 400 400
402 401 400 401 401 400 400 401 401 402 401 402 401 400 400
1 1 1 1 1 0 0 0 0 0
1 0 1 1 1 1 1 1 0 0
1 0 0 1 1 1 1 0 0 0
1 0 0 1 1 1 1 0 0 0
1 0 0 1 1 1 1 0 0 0
2 0 0 1 0 0 1 0 0 0
1 0 0 1 0 0 1 0 0 0
1 0 0 1 0 0 1 0 0 0
1 1 1 1 1 1 1 1 1 0
1 1 1 1 1 0 0 0 0 0
Maze 114
97 2024 3.3090909091 2.2312033591 77 0.374379199949077
40 97 76 52 63 57 32 88 80 27 7 83 17 25 88 40
37 96 72 62 53 52 82 78 77 400 3 13 15 85 38
402 401 401 401 402 401 401 402 401 400 402 402 402 401 402
0 0 1 1 1 1 1 0 0 0
0 0 1 1 1 1 1 0 0 0
0 0 1 0 1 0 1 0 0 0
0 1 1 0 1 0 1 1 1 2
0 1 1 0 1 0 1 1 0 0
0 1 1 1 1 1 1 1 0 0
0 1 1 0 1 0 1 1 0 0
0 1 1 1 1 1 1 1 1 1
0 1 1 1 1 1 1 1 0 0
0 0 0 0 0 1 1 0 0 0
Maze 115
85 18 3.0188679245 2.2130626831 36 0.377225496541699
12 66 84 95 28 57 90 35 33 41 10 1 34 15 2 12
62 64 94 25 27 87 85 400 31 1 400 31 14 12 400
401 402 401 402 402 401 401 400 402 402 400 401 402 401 400
1 1 1 1 1 1 1 1 1 1
1 2 1 1 1 0 0 0 0 0
1 1 0 1 1 1 1 1 0 0
1 1 1 1 1 0 1 0 0 0
1 1 0 0 1 0 1 0 0 0
0 1 0 0 1 0 1 0 0 0
0 1 1 1 1 1 1 0 0 0
0 0 0 1 1 0 1 0 0 0
0 0 0 1 1 1 1 1 1 1
0 0 0 1 1 0 0 0 0 0
Maze 116
103 1136 2.9354838710 2.1857791348 77 0.381340700793584
78 31 16 80 50 100 28 86 93 45 50 17 73 75 6 78
71 11 76 400 400 98 26 83 43 400 47 13 400 5 76
401 402 401 400 400 401 402 402 402 400 401 402 400 402 401
0 0 0 0 1 1 0 0 0 0
1 1 1 1 1 1 1 0 0 0
1 0 1 0 1 1 1 1 0 0
1 0 1 0 1 1 1 1 0 0
1 0 1 1 1 1 1 1 1 1
1 0 1 0 1 1 0 1 0 1
1 0 1 0 1 1 0 1 0 1
1 1 1 1 1 1 1 2 1 1
0 0 1 1 1 1 0 1 0 1
0 0 1 0 0 0 0 1 1 1
Maze 117
101 10 3.4716981132 2.1843202261 64 0.380068209082450
62 37 32 93 90 31 6 51 92 37 6 48 50 59 80 62
32 400 92 83 81 1 1 91 32 36 46 400 49 79 72
402 400 401 402 401 402 402 401 402 401 401 400 402 401 401
1 1 1 1 1 1 0 0 0 0
1 0 0 0 0 1 0 0 0 0
1 0 0 0 0 1 0 0 0 0
1 1 1 1 1 1 1 0 0 0
1 1 0 0 0 1 1 1 1 1
1 1 0 0 0 0 0 0 1 0
1 2 0 0 0 0 0 0 1 0
1 1 1 1 1 1 1 1 1 1
1 1 1 1 1 1 1 1 1 1
1 1 1 0 0 0 0 0 0 0
Maze 118
95 120 3.4468085106 1.9801757283 66 0.385620930167960
59 44 94 52 69 53 24 25 68 65 92 52 33 96 1 59
54 400 92 62 63 23 400 65 400 62 400 32 93 91 51
401 400 401 401 401 402 400 401 400 402 400 402 401 401 401
1 0 0 0 0 0 0 0 0 0
1 0 0 0 0 0 0 0 0 0
1 0 1 1 1 0 0 0 0 0
1 1 1 0 1 0 0 0 0 0
1 1 1 1 1 0 0 0 0 0
1 1 1 1 1 1 1 1 2 0
1 1 1 1 1 1 1 1 1 0
1 1 1 1 0 0 0 0 0 0
1 1 1 1 0 0 0 0 0 0
1 1 1 1 1 1 0 0 0 0
Maze 119
109 66 3.2452830189 2.0028468331 76 0.381982483774164
14 23 23 75 8 53 60 5 87 98 10 45 58 92 48 14
13 400 73 5 3 400 55 85 97 8 5 55 52 42 44
402 400 401 402 402 400 401 401 401 402 402 401 402 402 401
0 0 1 1 1 1 1 1 1 1
0 0 1 2 1 0 0 1 0 0
0 0 1 1 1 0 0 1 0 0
0 0 1 1 1 0 0 1 0 0
0 1 1 1 1 1 1 1 0 0
0 1 1 1 1 1 1 1 1 1
0 1 1 0 1 0 0 1 0 0
0 1 1 1 1 0 0 1 0 0
0 1 0 0 1 1 1 1 0 0
0 1 0 0 0 0 1 1 0 0
Maze 120
123 22 3.5833333333 1.6783192808 117 0.392273632816811
6 43 19 39 92 37 11 61 23 68 53 8 61 68 83 6
3 13 400 32 32 31 400 21 63 63 3 1 400 63 3
402 402 400 402 402 401 400 402 401 401 402 402 400 402 402
1 1 1 1 1 2 1 1 0 0
1 0 1 1 1 1 1 1 1 0
1 1 1 0 0 0 0 0 1 0
1 1 1 1 1 1 1 1 1 0
1 1 1 0 0 0 0 0 0 0
1 1 1 0 0 0 0 0 0 0
1 1 1 1 1 1 1 1 0 0
0 1 1 0 0 0 0 0 0 0
0 1 1 0 0 0 0 0 0 0
0 1 0 0 0 0 0 0 0 0
Maze 121
119 93 3.5087719298 2.0189953010 98 0.385350185855941
14 68 51 69 95 19 93 3 43 10 65 90 69 76 62 14
64 61 61 65 15 13 400 400 3 5 85 89 66 72 12
401 401 401 402 402 402 400 400 402 402 401 401 402 401 402
0 0 1 1 1 1 1 1 1 1
0 1 1 2 1 1 1 1 1 0
0 1 1 1 1 0 0 0 0 0
0 1 1 1 1 0 0 0 0 0
0 1 1 1 1 0 0 0 0 0
1 1 1 1 1 0 0 0 0 0
1 1 1 1 1 1 1 1 1 0
0 1 1 1 1 1 0 0 1 0
0 0 1 0 1 1 1 1 1 1
0 0 1 0 1 0 0 0 0 0
Maze 122
137 187 2.9014084507 2.1405584293 216 0.389918032134999
71 1 95 1 86 18 61 4 52 73 45 100 20 23 40 71
400 91 91 81 16 11 1 2 72 43 95 400 13 33 31
400 401 401 401 402 402 402 402 401 402 401 400 402 401 402
1 1 1 1 0 0 0 0 0 0
1 1 1 1 1 1 1 1 1 1
1 1 1 0 0 1 0 0 0 1
1 1 1 1 1 1 1 1 1 1
1 1 1 1 1 1 0 0 0 1
1 1 1 0 1 1 0 0 0 1
1 1 1 0 1 1 0 0 0 1
2 1 1 0 1 1 0 0 0 1
1 1 1 1 1 1 0 0 0 1
1 1 1 1 1 1 1 1 1 1
Maze 123
85 3 2.8936170213 1.9826843344 39 0.368978238683939
63 60 58 31 52 12 58 68 85 19 8 34 56 2 71 63
53 400 51 51 400 52 400 65 15 18 4 54 52 1 61
402 400 401 401 400 401 400 402 402 401 402 401 401 402 402
1 1 0 1 1 1 1 1 0 0
1 1 0 1 1 1 1 1 1 0
1 1 0 1 1 0 0 0 0 0
1 1 0 1 1 0 0 0 0 0
1 1 0 1 1 0 0 0 0 0
1 1 1 1 1 1 1 1 1 1
1 1 2 0 1 1 1 1 0 0
1 0 0 0 1 0 0 0 0 0
0 0 0 0 1 0 0 0 0 0
0 0 0 0 0 0 0 0 0 0
Maze 124
63 13 2.8095238095 2.2101190789 10 0.386791849145174
67 68 78 47 84 39 30 59 44 41 17 47 17 20 47 67
400 400 77 44 34 29 29 54 400 11 400 400 400 17 400
400 400 401 402 402 402 402 401 400 402 400 400 400 402 400
0 0 0 0 0 0 0 0 0 0
1 1 1 1 1 1 1 1 1 1
1 0 0 0 0 0 1 0 1 1
1 0 0 1 1 1 1 1 1 0
1 1 1 1 1 1 1 0 1 0
0 0 0 1 1 1 1 1 1 0
0 0 0 1 0 0 2 1 0 0
0 0 0 1 0 0 1 1 0 0
0 0 0 1 0 0 0 0 0 0
0 0 0 0 0 0 0 0 0 0
Maze 125
81 100 3.5263157895 1.9049120155 18 0.386134137445651
38 54 44 47 42 16 38 72 64 59 54 55 12 86 53 38
34 400 400 400 12 36 32 62 54 400 400 52 82 83 33
402 400 400 400 402 401 402 402 402 400 400 401 401 401 402
0 0 0 0 0 0 0 0 0 0
0 1 1 1 1 1 0 0 0 0
0 1 0 0 0 1 0 0 0 0
0 1 1 1 1 1 1 2 0 0
0 1 1 1 1 1 1 0 0 0
0 1 1 1 1 1 1 1 1 0
0 1 1 1 0 0 0 0 0 0
0 1 1 0 0 0 0 0 0 0
0 1 1 1 1 1 0 0 0 0
0 0 0 0 0 0 0 0 0 0
Maze 126
107 54 3.4482758621 2.2187493950 94 0.381890830895307
8 80 29 91 5 77 9 14 23 5 11 26 67 30 69 8
78 79 21 1 75 7 4 13 3 1 21 66 27 29 68
401 401 402 402 401 402 402 402 402 402 401 401 402 402 401
1 1 1 1 1 1 1 2 1 0
1 0 1 1 1 0 1 1 0 0
1 1 1 1 1 1 1 1 1 1
1 0 0 0 1 1 1 1 1 0
1 0 0 0 1 1 1 1 1 0
1 0 0 0 1 1 1 1 1 0
1 0 0 0 1 1 1 1 1 0
1 0 0 0 1 1 1 1 1 1
1 0 0 0 0 0 0 0 0 0
1 0 0 0 0 0 0 0 0 0
Maze 127
97 29 3.0666666667 2.2063813261 48 0.416381809374539
32 17 46 83 63 90 71 46 57 64 20 78 86 10 3 32
12 16 43 400 83 81 41 56 54 14 18 76 6 400 2
402 402 402 400 401 401 402 401 402 402 402 402 402 400 402
0 1 1 1 1 1 1 1 1 1
0 1 1 1 1 1 1 1 1 1
0 1 0 1 0 1 0 1 0 0
0 2 0 1 0 1 0 1 0 0
1 1 1 1 1 1 0 1 0 0
1 0 1 1 1 1 1 1 0 0
1 0 1 1 0 1 0 1 0 0
1 0 1 0 0 1 1 1 0 0
1 1 1 1 1 1 1 1 1 1
0 0 0 0 0 0 0 0 0 0
Maze 128
93 13 3.0588235294 2.0640750970 36 0.401261128892518
76 56 68 34 1 82 74 3 56 69 70 5 80 99 25 76
400 66 64 31 81 72 73 53 66 400 65 75 79 95 75
400 401 401 401 401 402 401 401 401 400 401 401 402 401 401
1 0 1 0 1 0 0 0 0 0
1 0 1 0 1 0 0 0 0 0
1 0 1 0 1 0 0 0 0 0
1 1 1 1 1 0 0 0 0 0
1 0 1 1 1 0 0 0 0 0
1 0 1 1 1 1 0 0 0 0
1 0 1 1 1 1 1 1 1 1
1 1 1 1 1 2 1 1 1 1
1 1 0 0 1 0 0 0 1 0
0 0 0 0 1 1 1 1 1 0
Maze 129
105 63 3.1111111111 1.9593357710 92 0.365210402361431
78 80 22 89 25 53 77 20 26 1 75 95 26 42 64 78
400 72 82 85 23 73 17 16 21 71 400 25 22 62 74
400 401 401 401 402 401 402 402 401 401 400 402 402 401 401
1 0 0 0 0 0 0 0 0 0
1 0 0 0 0 1 1 1 1 1
1 1 1 1 1 1 1 0 0 0
1 1 1 0 1 0 1 0 0 0
1 1 1 0 1 0 1 0 0 0
1 1 1 0 1 0 1 0 0 0
1 1 1 1 1 0 1 0 0 0
1 1 1 1 1 1 1 2 1 1
0 1 1 1 1 1 1 1 1 0
0 0 0 0 1 0 0 0 0 0
Maze 130
95 33 3.0169491525 2.2195666242 55 0.391902675647792
50 41 45 86 2 71 63 74 43 48 20 53 19 80 56 50
400 400 85 82 1 61 73 73 400 18 13 13 79 76 46
400 400 401 401 402 402 401 401 400 402 402 402 401 401 402
1 1 0 0 0 0 0 0 0 0
1 1 1 1 1 1 1 1 1 1
1 1 1 0 0 0 0 1 1 0
1 1 1 0 0 0 0 1 1 0
1 1 1 1 1 1 1 1 1 2
1 1 1 0 1 1 0 0 1 0
1 1 1 0 1 1 0 0 1 0
1 1 1 1 1 1 1 1 1 1
0 1 1 1 1 1 0 0 0 0
0 0 0 0 0 0 0 0 0 0
Maze 131
75 25 3.1363636364 1.9807097453 35 0.373577897126107
35 83 3 53 44 6 23 31 47 45 71 68 69 77 98 35
33 400 400 43 4 3 21 41 400 41 61 400 67 97 95
402 400 400 402 402 402 402 401 400 402 402 400 402 401 401
0 0 1 1 1 1 0 0 0 0
0 0 1 1 0 0 0 0 0 0
1 1 1 1 0 0 0 0 0 0
1 0 1 1 2 0 0 0 0 0
1 1 1 1 1 1 1 0 0 0
1 0 1 0 1 0 0 0 0 0
1 1 1 1 1 1 1 1 1 0
1 0 1 0 1 0 1 0 0 0
0 0 1 0 1 0 1 0 0 0
0 0 0 0 1 1 1 1 0 0
Maze 132
99 437 3.1785714286 2.1394928595 56 0.395075531564300
6 82 95 29 66 33 86 44 29 40 54 55 86 60 74 6
2 92 25 26 63 83 84 24 39 34 400 85 56 54 4
402 401 402 402 401 401 401 402 401 402 400 401 402 402 402
0 1 1 1 1 2 0 0 0 0
0 1 0 1 0 0 0 0 0 0
0 1 0 1 1 1 1 1 1 0
0 1 1 1 1 1 1 1 1 1
0 1 1 1 1 1 0 0 0 0
0 1 1 1 1 1 1 1 1 1
0 1 1 1 1 1 0 0 0 0
0 1 1 1 1 1 0 0 0 0
0 1 1 1 1 1 0 0 0 0
0 1 1 1 1 0 0 0 0 0
Maze 133
117 1208 3.3432835821 2.2810413410 102 0.379160971601887
6 88 21 66 38 39 10 63 31 28 65 100 67 22 93 6
86 81 61 36 400 9 3 61 21 25 95 97 62 92 3
401 401 401 402 400 402 402 401 402 402 401 401 401 401 402
0 0 1 1 1 2 1 1 1 1
0 0 1 0 0 1 0 0 1 0
1 1 1 1 1 1 1 1 1 0
1 1 1 0 1 1 1 1 1 0
1 1 1 0 1 1 0 0 0 0
1 1 1 0 1 1 0 0 0 0
1 1 1 1 1 1 1 0 0 0
1 1 1 0 1 1 1 0 0 0
1 1 1 1 1 1 1 1 0 0
0 1 1 0 1 1 1 1 1 1
Maze 134
105 2757 3.5185185185 2.1472172833 105 0.389985719195041
87 52 72 31 95 76 94 2 28 38 93 30 62 55 16 87
82 400 71 91 75 74 92 22 400 33 23 22 52 15 86
401 400 401 401 402 402 401 401 400 402 402 402 402 402 401
0 1 0 0 0 0 0 0 0 0
0 1 0 0 1 1 0 0 0 0
0 1 1 1 1 1 1 1 1 1
1 1 1 1 1 1 1 1 0 0
1 1 1 0 1 1 0 0 0 0
1 1 1 1 1 1 0 0 0 0
1 1 1 0 0 1 0 0 0 0
1 1 1 1 1 1 0 0 0 0
1 1 1 1 1 1 2 0 0 0
1 1 1 1 1 0 0 0 0 0
Maze 135
77 275 3.0434782609 2.1189443476 35 0.378790588728247
14 63 96 67 36 66 73 87 65 16 59 26 52 49 35 14
13 93 66 66 400 63 83 85 15 56 56 22 42 45 34
402 401 402 401 400 402 401 401 402 401 401 402 402 401 401
0 0 0 0 0 0 0 0 0 0
0 0 1 2 1 1 0 0 0 0
0 1 1 1 1 1 0 0 0 0
0 1 1 1 1 1 0 0 0 0
0 1 1 1 1 1 1 1 1 0
0 1 1 0 1 1 1 1 1 0
0 0 1 1 1 1 1 0 0 0
0 0 1 0 1 1 0 0 0 0
0 0 1 1 1 1 1 0 0 0
0 0 1 1 1 1 0 0 0 0
Maze 136
93 15 3.5918367347 2.1567518755 45 0.384021098876495
61 56 36 2 40 17 37 25 83 43 80 82 87 1 32 61
51 400 32 32 37 400 35 23 400 73 72 400 81 31 31
402 400 401 401 401 400 401 402 400 401 402 400 401 401 402
1 1 0 0 0 0 0 0 0 0
1 1 0 0 0 0 1 0 0 0
1 1 1 1 1 0 1 0 0 0
1 1 1 1 1 1 1 1 1 1
1 0 1 0 0 1 0 0 0 0
1 1 1 1 1 1 0 0 0 0
2 0 1 0 0 0 0 0 0 0
1 1 1 1 1 1 1 1 1 1
1 1 1 1 1 1 1 0 0 0
0 0 0 0 0 0 0 0 0 0
Maze 137
85 96 2.6785714286 2.2356913271 38 0.392360073514902
32 2 67 76 52 46 56 15 43 56 92 90 20 44 57 32
400 62 66 72 42 400 55 13 53 52 82 400 14 54 52
400 401 402 401 402 400 401 402 401 402 402 400 402 401 401
0 1 0 0 0 0 0 0 0 0
0 1 1 1 1 1 1 1 1 1
0 1 1 1 1 0 0 0 0 1
0 2 1 1 1 0 0 0 0 1
0 1 1 1 1 1 0 0 0 1
0 1 1 1 1 1 1 0 0 1
0 1 1 1 1 1 1 0 0 1
0 1 1 1 1 1 0 0 0 1
0 1 1 1 1 1 1 1 1 1
0 1 0 0 0 0 0 0 0 0
Maze 138
99 6589 3.6923076923 2.1394928595 77 0.384383037603604
64 94 39 36 85 6 80 33 26 53 18 57 42 68 70 64
400 34 400 35 5 76 73 23 23 13 17 52 62 400 400
400 402 400 402 402 401 401 402 402 402 402 401 401 400 400
0 0 0 0 1 1 0 0 0 0
0 0 1 1 1 1 1 1 0 0
0 0 1 1 1 1 1 0 0 0
0 0 1 1 1 1 1 1 1 0
0 1 1 1 1 1 1 0 0 0
0 1 1 1 1 1 1 0 0 0
0 1 1 2 1 1 1 1 1 1
0 0 1 1 1 1 1 1 1 1
0 0 0 1 1 0 0 0 0 0
0 0 0 1 0 0 0 0 0 0
Maze 139
89 14 3.1111111111 2.1938716713 24 0.376089472738076
62 23 91 32 43 14 23 75 78 98 52 1 31 8 91 62
22 21 31 42 13 13 73 400 400 92 51 400 1 1 61
402 402 402 401 402 402 401 400 400 401 401 400 402 402 402
1 1 1 1 1 1 1 1 0 0
1 0 1 1 0 0 0 0 0 0
1 1 1 0 0 0 0 0 0 0
1 1 1 0 0 0 0 0 0 0
1 1 1 0 0 0 0 0 0 0
1 1 1 0 0 0 0 0 0 0
1 2 1 0 0 0 0 0 0 0
1 1 1 1 1 1 1 1 0 0
1 1 0 0 0 0 0 1 0 0
1 1 1 1 1 1 1 1 0 0
Maze 140
125 227 3.9245283019 1.9753186099 106 0.384173600847686
8 83 20 92 10 18 1 83 81 21 54 63 77 69 61 8
3 13 12 2 8 11 81 400 400 51 53 73 67 400 1
402 402 402 402 402 401 401 400 400 401 402 401 402 400 402
1 1 1 1 1 1 1 2 1 1
1 1 1 1 1 1 1 1 1 1
1 1 1 0 0 0 0 0 0 0
1 1 1 0 0 0 0 0 0 0
1 1 1 0 0 0 0 0 0 0
1 1 1 1 0 0 0 0 0 0
1 1 1 1 1 1 1 1 1 0
1 1 1 1 1 1 1 0 0 0
1 1 1 0 0 0 0 0 0 0
0 1 0 0 0 0 0 0 0 0
Maze 141
99 425 2.9491525424 2.0708490455 47 0.382849703097898
1 22 27 6 63 95 56 9 73 42 32 16 90 61 46 1
21 400 26 3 93 55 6 3 72 400 12 86 81 41 41
401 400 401 402 401 402 402 402 401 400 402 401 401 402 401
2 0 1 1 1 1 1 1 1 0
1 1 1 1 1 1 0 0 0 0
1 1 1 1 1 1 1 0 0 0
1 1 1 0 0 1 0 0 0 0
1 1 1 1 1 1 0 0 0 0
1 1 1 0 1 1 0 0 0 0
1 1 1 0 1 1 0 0 0 0
1 1 1 0 1 1 0 0 0 0
1 1 1 1 1 1 1 1 1 1
0 0 1 1 1 0 0 0 0 0
Maze 142
113 24 3.2903225806 2.1549617825 92 0.410932968675754
21 3 1 66 5 99 70 92 65 99 16 40 54 9 43 21
1 400 61 65 95 69 62 62 95 96 36 34 4 3 41
402 400 401 401 401 402 402 402 401 401 401 402 402 402 401
1 1 1 1 1 1 1 1 1 0
1 0 1 1 1 1 0 0 0 0
2 0 1 1 1 1 0 0 0 0
1 0 1 1 1 1 1 1 1 1
1 1 1 1 1 1 0 0 0 0
1 0 0 1 1 1 0 0 0 0
1 1 1 1 1 1 1 1 1 1
0 1 0 0 1 1 0 0 1 0
0 1 0 0 1 1 0 0 1 0
0 1 0 0 1 1 1 1 1 0
Maze 143
95 92 2.7547169811 1.9395251368 71 0.376132729570268
9 11 16 75 66 60 88 26 10 41 48 10 19 40 76 9
1 400 15 65 56 58 86 6 1 400 8 9 39 36 6
402 400 402 402 402 402 401 402 402 400 402 402 401 402 402
1 1 1 1 1 1 1 1 2 1
1 1 1 1 1 1 0 1 1 0
1 0 0 0 1 1 0 1 1 0
1 0 0 0 1 1 1 1 1 1
1 1 1 1 1 1 1 1 0 0
0 0 0 0 1 1 1 1 1 1
0 0 0 0 1 1 0 1 0 0
0 0 0 0 1 1 0 1 0 0
0 0 0 0 0 1 1 1 0 0
0 0 0 0 0 0 0 0 0 0
Maze 144
119 5254 3.2835820896 2.3002157561 115 0.379941735796314
65 35 39 98 27 61 100 8 94 46 91 5 58 19 56 65
400 400 38 97 21 91 98 4 44 41 1 55 18 16 55
400 400 402 401 402 401 401 402 402 402 402 401 402 402 402
1 1 1 1 1 1 1 1 0 0
1 0 0 1 1 1 1 1 1 0
1 1 1 1 1 1 1 1 0 0
1 0 0 1 1 1 1 1 1 0
1 1 1 1 1 1 1 1 0 0
1 0 0 1 1 1 1 1 0 0
1 0 0 1 2 0 1 1 0 0
1 0 0 1 0 0 1 1 0 0
1 0 0 1 0 0 1 1 0 0
1 1 1 1 1 1 1 1 1 1
Maze 145
97 53 3.6444444444 1.9517988654 49 0.382931747649257
25 44 55 75 91 66 59 4 70 22 62 34 72 94 20 25
24 54 400 71 61 56 54 64 62 400 32 32 92 14 15
402 401 400 402 402 402 401 401 401 400 402 402 401 402 402
0 0 0 1 0 0 0 0 0 0
0 0 0 1 1 1 1 1 1 1
0 1 0 1 2 0 0 0 0 0
0 1 1 1 0 0 0 0 0 0
0 1 0 1 0 0 0 0 0 0
0 1 0 1 1 1 1 1 1 0
1 1 1 1 1 1 1 1 1 1
1 1 1 1 1 0 0 0 0 0
1 1 0 1 0 0 0 0 0 0
1 1 1 1 0 0 0 0 0 0
Maze 146
73 90 3.1219512195 1.9598630177 20 0.385706553129573
33 52 2 24 62 79 87 47 35 69 57 71 69 70 36 33
32 400 22 22 72 77 400 45 65 67 51 61 400 66 400
402 400 401 402 401 402 400 401 401 401 402 402 400 401 400
0 1 0 0 0 0 0 0 0 0
0 1 0 0 0 0 0 0 0 0
0 1 1 1 0 0 0 0 0 0
0 1 2 1 1 1 0 0 0 0
0 1 0 0 1 1 1 0 0 0
1 1 1 1 1 1 1 0 0 0
1 1 1 1 1 1 1 1 1 1
1 1 1 1 1 1 1 1 1 0
0 0 0 0 0 0 1 0 0 0
0 0 0 0 0 0 0 0 0 0
Maze 147
89 136 3.3600000000 2.1538174925 36 0.369593947092948
4 60 77 56 78 99 89 66 4 43 6 52 15 70 50 4
54 57 76 76 98 400 86 64 3 3 2 12 65 400 44
401 402 401 401 401 400 401 401 402 402 402 402 401 400 401
0 1 1 2 1 1 0 0 0 0
0 1 1 1 1 0 0 0 0 0
0 1 1 1 1 0 0 0 0 0
0 1 1 1 1 0 0 0 0 0
0 1 1 1 1 1 1 1 1 1
0 1 0 1 1 1 1 1 1 1
0 0 0 1 1 1 1 1 1 1
0 0 0 0 0 1 1 1 0 0
0 0 0 0 0 1 1 1 1 0
0 0 0 0 0 0 0 1 1 0
Maze 148
103 127 3.2982456140 2.1120634639 77 0.375757959451120
64 30 15 77 34 77 49 1 72 32 35 62 23 97 70 64
24 25 75 74 74 47 41 71 400 400 32 22 93 67 400
402 401 401 401 401 402 401 401 400 400 402 402 401 402 400
1 0 0 0 0 0 0 0 0 0
1 0 0 0 1 0 0 0 0 0
1 1 1 1 1 1 1 1 1 1
1 1 1 1 1 0 0 0 0 0
1 1 1 1 1 1 1 1 1 0
1 1 1 1 1 0 1 0 0 0
1 1 1 2 1 1 1 1 1 1
1 1 1 1 1 1 1 0 0 0
0 0 1 0 0 0 1 0 0 0
0 0 1 1 1 1 1 0 0 0
Maze 149
83 281 2.8148148148 2.1842552171 22 0.367386511639765
67 2 96 47 6 2 16 18 47 84 63 85 35 84 89 67
62 92 46 46 400 12 400 17 44 83 83 400 34 400 87
401 401 402 401 400 401 400 402 402 401 401 400 402 400 401
0 1 1 1 1 1 0 0 0 0
0 1 1 1 1 1 1 1 0 0
0 1 0 0 0 1 1 0 0 0
0 1 0 1 1 1 1 0 0 0
0 1 0 1 1 1 1 0 0 0
0 1 0 1 1 1 0 0 0 0
0 1 1 1 1 1 2 0 0 0
0 1 1 1 1 1 1 0 0 0
0 1 1 1 1 1 1 1 1 0
0 1 1 1 1 1 0 0 0 0
Maze 150
123 69 3.0169491525 1.9212235053 75 0.389180121770191
7 41 5 22 74 10 82 61 18 65 44 33 63 100 71 7
1 1 2 72 4 2 81 11 15 64 43 400 93 91 1
402 402 402 401 402 402 401 402 402 401 401 400 401 401 402
1 1 1 1 1 1 2 1 1 1
1 1 1 1 1 1 1 1 0 0
1 1 0 1 1 0 0 0 0 0
1 1 1 1 1 0 0 0 0 0
1 1 1 1 1 0 0 0 0 0
1 1 1 1 1 0 0 0 0 0
1 1 1 1 1 0 0 0 0 0
1 1 1 1 0 0 0 0 0 0
1 1 1 0 0 0 0 0 0 0
1 1 1 1 1 1 1 1 1 1
Maze 151
97 71 3.5686274510 2.1256661497 77 0.389379490470425
8 17 10 73 14 26 2 46 86 94 18 22 25 81 11 8
7 7 3 13 24 22 42 400 84 14 12 400 21 400 1
402 402 402 402 401 401 401 400 402 402 402 400 402 400 402
1 1 1 1 1 1 1 2 1 1
1 1 1 1 1 1 1 1 0 0
1 1 1 1 1 1 0 0 0 0
1 1 1 1 0 0 0 0 0 0
1 1 1 1 1 1 0 0 0 0
1 0 1 1 0 1 0 0 0 0
1 0 1 1 0 1 0 0 0 0
1 0 1 1 0 1 0 0 0 0
1 0 0 1 1 1 0 0 0 0
0 0 0 1 0 0 0 0 0 0
Maze 152
83 124 3.2653061224 2.2159110899 11 0.391200125301868
12 6 73 92 53 18 32 63 99 87 8 7 24 74 54 12
2 3 72 52 13 12 62 93 97 7 400 4 400 400 52
402 402 402 402 402 402 401 401 401 402 400 402 400 400 401
0 1 1 1 1 1 1 1 0 0
0 2 1 1 1 1 1 1 0 0
0 1 1 1 0 0 1 0 0 0
0 1 1 1 0 0 1 0 0 0
0 1 1 1 0 0 1 0 0 0
0 1 1 1 0 0 1 0 0 0
0 1 1 1 0 0 1 0 0 0
0 1 1 1 0 0 1 0 0 0
0 1 1 0 0 0 1 0 0 0
0 1 1 1 1 1 1 1 1 0
Maze 153
89 73 3.0877192982 2.2136457562 50 0.372950694997599
57 50 68 45 20 20 83 26 80 49 28 12 62 35 97 57
47 48 65 15 400 13 23 76 79 48 22 400 32 95 400
402 402 401 402 400 402 402 401 401 401 401 400 402 401 400
0 0 0 0 0 0 0 0 0 0
0 1 1 1 1 1 1 1 1 1
0 1 1 1 1 1 1 1 0 0
0 1 1 1 1 1 0 1 0 0
0 1 1 0 1 1 1 1 1 1
0 1 1 0 1 1 2 1 1 0
0 1 1 0 1 1 1 1 1 0
0 0 1 0 1 1 1 1 1 1
0 0 1 0 1 0 1 0 0 0
0 0 0 0 1 1 1 0 0 0
Maze 154
109 11 3.1636363636 1.9924937382 62 0.384588766327747
24 57 71 98 14 100 87 54 27 40 48 16 20 32 60 24
54 51 91 94 94 97 84 24 37 38 46 400 12 52 54
401 402 401 401 401 401 401 402 401 402 401 400 402 401 401
0 0 0 0 0 0 0 0 0 0
0 1 1 1 1 1 1 1 1 1
0 1 0 2 1 1 1 0 0 0
0 1 0 1 0 1 1 1 1 1
0 1 0 1 0 1 1 1 0 0
1 1 1 1 1 1 1 1 1 1
1 0 0 1 0 0 0 0 0 0
1 0 0 1 0 0 0 0 0 0
1 0 0 1 1 1 1 0 0 0
1 1 1 1 1 1 1 1 1 1
Maze 155
105 730 3.4181818182 2.1754232752 54 0.387682162832111
3 44 42 11 22 34 10 62 87 1 25 76 31 70 45 3
43 400 41 21 32 4 2 82 81 21 75 71 61 65 43
401 400 401 401 401 402 402 401 401 401 401 401 401 401 401
1 1 2 1 1 1 1 1 1 1
1 1 1 1 0 0 0 0 0 0
1 1 1 1 1 0 0 0 0 0
1 1 1 1 1 0 0 0 0 0
1 1 1 1 1 0 0 0 0 0
1 1 0 0 1 0 0 0 0 0
1 1 1 1 1 1 1 1 1 1
1 1 1 1 1 1 0 0 0 0
1 1 1 1 1 1 1 0 0 0
0 0 0 0 0 0 0 0 0 0
Maze 156
99 410 3.4035087719 2.2977914067 71 0.372074270904321
79 41 56 97 35 11 5 72 29 43 62 65 81 95 92 79
71 51 96 95 31 1 2 22 23 42 400 61 91 400 72
401 401 401 401 401 402 402 402 402 402 400 402 401 400 402
1 1 1 1 1 0 0 0 0 0
1 1 0 0 0 0 0 0 0 0
1 1 1 1 1 1 1 1 1 0
1 1 1 1 1 0 0 0 0 0
1 1 1 0 1 0 0 0 0 0
1 1 1 1 1 1 0 0 0 0
1 1 1 1 1 1 0 0 0 0
1 1 1 1 1 1 1 1 2 0
1 1 0 0 1 1 0 0 0 0
1 1 1 1 1 1 1 0 0 0
Maze 157
87 21 3.2608695652 1.9501561501 32 0.389875454201297
7 13 45 24 12 90 93 47 48 2 63 5 28 49 49 7
3 43 44 22 82 83 43 400 42 62 3 25 48 400 47
402 401 401 401 401 402 402 400 401 401 402 401 401 400 401
0 1 1 1 1 1 2 0 0 0
0 1 1 0 1 0 1 0 0 0
0 1 1 1 1 1 1 1 0 0
0 1 1 1 0 0 1 1 0 0
0 1 1 1 1 1 1 1 1 0
0 1 1 0 0 0 0 0 0 0
0 1 1 0 0 0 0 0 0 0
0 1 1 0 0 0 0 0 0 0
0 1 1 1 1 1 1 1 1 1
0 0 1 0 0 0 0 0 0 0
Maze 158
107 2692 3.3103448276 2.1833543510 92 0.390029157074413
16 57 3 75 60 15 61 39 90 52 26 31 58 16 5 16
56 53 73 55 55 11 31 89 82 22 21 51 56 15 15
401 401 401 402 401 402 402 401 401 402 402 401 401 401 401
0 0 1 0 1 0 0 0 0 0
1 1 1 1 1 2 0 0 0 0
1 1 1 1 1 1 0 0 0 0
1 1 1 1 1 1 1 1 1 0
1 1 1 0 1 1 0 0 1 0
1 1 1 1 1 1 1 1 1 1
1 1 1 0 1 0 0 0 1 0
0 1 1 1 1 0 0 0 1 0
0 1 1 1 1 1 1 1 1 1
0 0 0 0 0 0 0 0 0 0
Maze 159
109 97 3.4666666667 1.8227480426 99 0.396440768081215
91 13 12 97 34 65 21 78 61 77 32 79 68 35 81 91
11 400 92 94 64 61 71 71 71 72 72 78 65 31 400
402 400 401 401 401 401 401 401 401 401 401 401 401 402 400
0 0 0 0 0 0 0 0 0 0
1 1 1 0 0 0 0 0 0 0
1 1 0 0 0 0 0 0 0 0
1 1 1 1 1 0 0 0 0 0
1 1 0 1 1 0 0 0 0 0
1 1 0 1 1 0 0 0 0 0
1 1 1 1 1 1 1 1 0 0
1 1 1 1 1 1 1 1 1 0
1 1 0 1 0 0 0 0 0 0
2 1 1 1 1 1 1 0 0 0
Maze 160
81 60 3.1627906977 1.9794912351 26 0.364646777531095
72 1 59 34 55 50 6 24 1 55 67 46 14 73 73 72
71 51 54 54 45 46 4 21 51 65 66 44 13 400 400
401 401 401 401 402 401 402 401 401 401 401 401 402 400 400
1 0 0 1 1 1 0 0 0 0
1 0 1 1 0 1 0 0 0 0
1 1 1 1 0 1 0 0 0 0
1 0 1 1 0 1 0 0 0 0
1 0 1 1 1 1 1 1 1 1
1 1 1 1 1 1 1 1 1 0
1 0 1 0 1 1 1 0 0 0
1 2 1 0 0 0 0 0 0 0
0 0 0 0 0 0 0 0 0 0
0 0 0 0 0 0 0 0 0 0
Maze 161
71 12 3.3333333333 2.1230685299 16 0.365610166882245
96 55 33 3 33 73 12 5 32 41 91 51 59 51 94 96
95 53 400 400 400 72 2 2 31 400 400 400 400 91 400
401 401 400 400 400 401 402 402 402 400 400 400 400 401 400
0 1 1 1 1 0 0 0 0 0
0 1 1 0 0 0 0 0 0 0
0 1 1 0 0 0 0 0 0 0
1 1 1 0 0 0 0 0 0 0
1 1 1 0 0 0 0 0 0 0
1 1 1 1 1 1 1 1 1 0
1 1 1 0 1 0 0 0 0 0
1 1 1 0 1 0 0 0 0 0
1 0 0 0 1 0 0 0 0 0
1 1 1 1 1 2 0 0 0 0
Maze 162
101 1335 3.3214285714 2.2465058196 66 0.393540538004334
93 58 81 23 47 66 74 40 57 96 68 87 12 56 15 93
53 51 21 43 46 64 34 37 56 66 67 82 52 55 13
402 402 402 401 402 402 402 402 402 402 402 401 401 401 402
0 0 0 0 0 0 0 0 0 0
0 1 1 1 1 0 0 0 0 0
1 1 1 0 1 0 0 0 0 0
1 1 1 1 1 1 1 1 1 1
1 1 1 1 1 1 1 0 0 0
1 1 1 1 1 1 1 1 0 0
1 1 1 1 1 1 1 1 0 0
1 1 1 1 0 1 1 0 0 0
1 1 1 1 1 1 1 0 0 0
0 0 2 0 0 1 0 0 0 0
Maze 163
125 127 3.0588235294 1.6127412917 162 0.395652541186617
65 21 56 100 21 38 98 52 38 23 66 100 2 56 96 65
61 51 96 91 31 400 92 32 33 63 96 92 52 400 95
401 401 401 401 401 400 401 402 401 401 401 401 401 400 401
0 1 0 0 0 0 0 0 0 0
0 1 0 0 0 0 0 0 0 0
1 1 1 0 0 0 0 0 0 0
1 1 1 1 1 1 1 1 0 0
1 1 1 0 0 0 0 1 0 0
1 1 1 1 1 1 0 1 0 0
1 1 1 1 2 1 0 1 0 0
1 1 0 0 1 1 0 1 0 0
1 1 0 0 1 1 0 1 0 0
1 1 1 1 1 1 1 1 1 1
Maze 164
99 213 2.9333333333 1.7233157463 50 0.398382896568200
57 26 95 13 58 100 44 83 63 5 59 78 79 88 3 57
56 25 93 53 98 94 43 400 3 55 58 400 78 83 53
401 402 401 401 401 401 402 400 402 401 402 400 402 401 401
0 0 1 1 1 0 0 0 0 0
0 0 1 0 1 0 0 0 0 0
0 0 1 0 1 1 0 0 0 0
0 0 1 0 1 1 0 0 0 0
0 0 1 1 1 1 0 0 0 0
0 0 1 1 1 1 2 1 1 0
0 0 1 1 1 0 0 1 0 0
0 0 1 1 1 0 0 1 1 0
0 0 1 1 1 1 1 1 0 0
0 0 1 1 1 1 1 1 1 1
Maze 165
131 109 3.5081967213 2.0429707908 143 0.377677612401057
87 1 80 59 18 57 3 60 61 6 22 47 12 8 12 87
81 71 79 58 17 53 53 51 1 2 42 42 2 2 82
401 401 401 401 402 401 401 402 402 402 401 401 402 402 401
1 1 1 1 1 1 1 1 0 0
1 1 1 0 0 0 1 1 0 0
1 1 1 0 0 0 1 1 0 0
1 1 1 0 0 0 1 1 0 0
1 1 1 1 1 1 1 1 0 0
1 1 1 1 1 1 1 1 1 1
1 1 0 0 0 0 0 0 1 0
1 1 1 1 1 1 1 1 1 1
1 1 1 1 1 1 2 0 0 0
0 0 0 0 0 0 0 0 0 0
Maze 166
119 494 3.0882352941 2.2254395523 147 0.395996541271396
6 92 69 98 1 91 45 43 19 56 24 60 83 91 35 6
2 62 68 91 400 41 400 13 16 54 54 53 81 31 5
402 402 402 401 400 402 400 402 402 401 401 402 402 402 402
1 1 1 1 1 2 0 0 0 0
1 1 1 1 1 1 1 1 1 0
1 1 1 1 1 1 0 0 0 0
1 1 1 1 1 1 0 0 0 0
1 1 1 1 1 1 0 0 0 0
1 1 1 1 1 1 1 1 1 1
1 1 1 1 1 1 1 1 1 0
1 1 1 0 0 0 0 1 0 0
1 1 1 0 0 0 0 1 0 0
1 1 1 1 1 1 1 1 0 0
Maze 167
87 127 3.1020408163 2.1842552171 36 0.407495594179255
73 36 98 97 61 44 65 41 58 96 39 100 100 44 61 73
33 96 400 91 41 64 61 51 56 36 99 400 94 41 71
402 401 400 401 402 401 401 401 402 402 401 400 401 402 401
0 0 0 0 0 0 0 0 0 0
0 0 0 0 0 0 0 0 0 0
0 0 0 0 0 0 0 0 0 0
0 0 1 1 1 1 1 1 1 0
1 1 1 1 0 1 0 0 1 0
1 1 1 1 1 1 1 1 1 0
1 1 1 1 1 1 0 0 1 0
1 1 2 1 0 1 0 0 1 0
1 0 0 1 0 1 0 0 1 0
1 1 1 1 1 1 1 1 1 1
Maze 168
81 74 3.0434782609 2.2655270979 17 0.370807454591530
87 96 75 41 35 81 98 67 60 44 37 23 71 21 26 87
86 95 71 31 31 91 97 57 54 34 33 21 400 400 86
402 401 401 402 402 401 401 402 401 402 401 402 400 400 401
0 0 0 0 0 0 0 0 0 0
0 0 0 0 0 0 0 0 0 0
1 1 1 1 1 1 0 0 0 0
1 1 1 1 1 1 1 0 0 0
1 0 0 1 0 1 0 0 0 0
1 0 0 1 1 1 1 1 1 1
1 0 0 0 0 1 1 0 0 0
1 1 1 1 1 1 1 0 0 0
1 0 0 0 1 1 2 0 0 0
1 1 1 1 1 1 1 1 0 0
Maze 169
101 97 3.5744680851 1.9633141066 66 0.381253450175756
93 48 95 3 78 55 11 91 73 13 42 88 95 45 45 93
43 45 93 73 75 51 400 71 400 12 82 85 400 400 43
402 402 401 401 401 401 400 402 400 402 401 402 400 400 402
0 0 1 0 0 0 0 0 0 0
1 1 1 0 0 0 0 0 0 0
1 1 1 0 0 0 0 0 0 0
1 1 1 0 0 0 0 0 0 0
1 1 1 1 1 1 1 1 0 0
1 1 1 1 1 0 0 0 0 0
1 1 1 0 1 0 0 0 0 0
1 1 1 1 1 1 1 1 0 0
1 1 1 1 1 1 1 1 0 0
1 0 2 1 1 0 0 0 0 0
Maze 170
117 27 3.2800000000 1.8560210372 118 0.389594181370037
91 17 17 15 62 56 98 82 21 26 91 20 12 94 35 91
11 400 400 12 52 96 92 81 400 21 11 400 92 34 31
402 400 400 402 402 401 401 401 400 402 402 400 401 402 402
0 0 0 0 0 0 0 0 0 0
1 1 1 1 1 1 1 1 1 1
1 1 1 1 1 1 0 0 0 0
1 1 1 1 1 0 0 0 0 0
1 1 0 1 0 0 0 0 0 0
1 1 1 1 1 1 0 0 0 0
1 1 0 1 0 1 0 0 0 0
1 1 0 1 0 1 0 0 0 0
1 1 0 1 0 1 0 0 0 0
2 1 1 1 1 1 1 1 0 0
Maze 171
111 120 3.1272727273 1.9755909871 99 0.377664338544192
25 54 98 11 80 37 17 61 5 94 64 54 37 80 98 25
24 94 91 71 77 400 11 1 4 400 400 34 77 78 95
402 401 401 401 401 400 402 402 402 400 400 402 401 402 401
1 1 1 1 1 0 0 0 0 0
1 1 1 1 1 1 1 0 0 0
1 0 0 1 2 0 1 0 0 0
1 0 0 1 1 1 1 0 0 0
1 0 0 1 1 0 1 0 0 0
1 0 0 1 1 0 1 0 0 0
1 0 0 1 1 0 1 0 0 0
1 1 1 1 1 1 1 1 1 1
1 0 0 1 1 0 0 1 0 0
1 1 1 1 1 1 1 1 0 0
Maze 172
101 120 3.5600000000 2.0732409278 66 0.386350243744027
49 92 92 87 43 28 96 48 94 82 48 54 71 59 100 49
42 400 82 83 23 26 46 44 92 42 44 51 51 99 99
402 400 402 401 402 402 402 402 401 402 402 402 402 401 401
0 0 0 0 0 0 0 0 0 0
0 0 0 0 0 0 0 0 0 0
0 0 1 1 1 1 1 1 0 0
0 0 1 0 0 1 0 0 0 0
0 1 1 1 1 1 1 1 2 0
1 1 1 1 1 1 1 1 1 0
1 1 1 1 0 1 0 0 1 0
1 1 1 1 0 1 0 0 1 0
0 1 1 1 1 1 1 0 1 0
0 1 1 1 0 1 0 0 1 1
Maze 173
63 135 2.8571428571 2.1206288280 10 0.387402812743142
3 34 67 58 54 51 33 38 5 5 70 87 76 47 17 3
33 64 57 400 400 31 400 35 400 65 67 86 46 400 13
401 401 402 400 400 402 400 401 400 401 402 401 402 400 401
0 0 2 0 1 0 0 0 0 0
0 0 1 1 1 1 1 0 0 0
0 0 1 0 1 0 1 0 0 0
1 1 1 1 1 1 1 1 0 0
1 0 0 1 1 1 1 0 0 0
1 1 1 1 1 1 1 1 0 0
0 0 0 1 1 1 1 1 1 1
0 0 0 0 0 1 1 0 0 0
0 0 0 0 0 1 1 0 0 0
0 0 0 0 0 0 0 0 0 0
Maze 174
117 69 3.3030303030 2.2314534858 125 0.390440157284786
7 73 43 90 41 11 98 58 79 54 29 3 57 94 72 7
3 400 83 81 400 91 400 78 74 24 23 53 54 92 2
402 400 401 401 400 401 400 401 401 402 401 401 402 401 402
0 1 1 1 1 1 2 0 0 0
1 1 1 0 0 0 0 0 0 0
1 1 1 1 1 1 1 1 1 0
1 1 1 1 0 0 0 0 0 0
1 1 1 1 0 0 0 0 0 0
1 1 1 1 1 1 1 1 0 0
1 1 1 1 0 0 0 1 0 0
1 1 1 1 1 1 1 1 1 0
1 1 1 1 1 1 1 1 1 1
1 1 1 1 1 1 1 1 0 0
Maze 175
85 515 3.0566037736 2.2046400587 45 0.399161359260078
20 96 43 67 25 28 98 65 45 4 15 39 87 99 17 20
16 93 63 65 400 400 95 400 44 14 35 37 97 97 400
402 401 401 401 400 400 401 400 401 401 401 402 401 401 400
0 0 0 1 0 0 0 0 0 0
0 0 0 1 1 1 1 1 1 2
0 0 0 1 1 1 1 1 0 0
0 0 0 1 1 1 1 1 1 0
0 0 1 1 1 1 1 1 0 0
0 0 1 0 1 1 1 1 0 0
0 0 1 1 1 1 1 1 0 0
0 0 1 0 1 1 1 1 0 0
0 0 1 0 1 1 1 1 0 0
0 0 1 1 1 1 1 1 1 0
Maze 176
119 313 3.1935483871 2.1148579047 133 0.382286737844703
62 49 22 15 20 55 32 64 79 12 86 27 91 90 47 62
42 42 12 400 15 52 62 74 72 82 26 21 81 87 42
402 401 402 400 402 401 401 401 401 401 402 402 402 401 402
0 0 0 0 0 0 0 0 0 0
0 1 1 1 1 1 1 1 1 1
1 1 1 1 1 1 1 0 0 0
1 1 0 0 1 1 0 0 0 0
1 1 1 1 1 1 1 1 1 0
1 1 1 1 1 1 1 0 0 0
1 2 1 1 0 1 1 0 0 0
1 1 1 1 1 1 1 1 1 0
1 1 1 1 1 1 1 1 1 1
1 0 0 0 0 0 0 0 0 0
Maze 177
91 1933 3.0000000000 2.1903968493 50 0.373118183295867
44 89 58 75 91 48 19 65 3 65 63 56 87 29 43 44
84 88 55 71 41 18 15 63 63 400 53 86 27 23 400
401 401 402 402 402 402 402 401 401 400 402 401 402 402 400
0 0 1 0 0 0 0 0 0 0
0 0 1 0 1 1 1 1 1 0
0 0 1 1 1 1 1 1 1 0
0 0 1 0 1 0 1 1 0 0
1 1 1 2 1 1 1 1 0 0
1 0 1 1 1 1 1 1 0 0
1 0 1 1 1 1 1 1 0 0
1 1 1 1 1 1 1 1 0 0
1 0 0 1 1 1 1 1 1 0
1 0 0 0 0 0 0 0 0 0
Maze 178
109 578 3.3703703704 1.9971118255 112 0.381812975568395
79 16 88 51 44 98 29 84 89 50 81 46 4 57 58 79
76 86 81 41 94 28 24 400 49 41 41 44 54 400 78
401 401 401 402 401 402 402 400 402 402 402 401 401 400 401
0 0 0 1 0 0 0 0 0 0
0 0 0 1 0 1 0 0 0 0
0 0 0 1 1 1 1 1 1 0
0 0 0 1 0 1 0 1 0 0
1 1 1 1 1 1 1 1 1 1
1 0 0 1 1 1 1 1 1 0
1 0 0 1 0 1 0 1 1 0
1 0 0 1 0 1 1 1 2 0
1 1 1 1 1 1 1 1 1 0
0 0 0 1 1 1 1 1 0 0
Maze 179
77 6 3.0434782609 2.1189443476 26 0.372388923487009
12 62 82 34 14 35 10 3 36 44 18 58 53 69 67 12
400 400 32 400 34 5 400 33 34 14 400 400 63 400 62
400 400 402 400 401 402 400 401 402 402 400 400 401 400 401
0 0 1 1 1 1 1 1 1 1
0 2 1 1 1 1 1 1 0 0
0 1 1 1 1 0 0 1 0 0
0 1 1 1 1 1 0 1 0 0
0 1 0 1 0 0 0 1 0 0
0 1 1 1 1 1 1 1 0 0
0 1 1 1 1 1 1 1 1 0
0 1 0 0 0 0 0 0 0 0
0 1 0 0 0 0 0 0 0 0
0 0 0 0 0 0 0 0 0 0
Maze 180
93 119 3.5555555556 1.6452284648 44 0.380795428111012
54 90 92 95 49 84 76 43 90 89 47 33 87 97 33 54
84 82 400 45 44 74 73 83 400 87 43 83 400 93 53
401 402 400 402 402 402 401 401 400 401 401 401 400 401 401
0 0 0 0 0 0 0 0 0 0
0 0 0 0 0 0 0 0 0 0
0 0 0 0 0 0 0 0 0 0
0 0 1 0 0 0 0 0 0 0
0 0 1 1 1 1 1 1 1 0
0 0 1 2 1 0 1 0 0 0
0 0 1 1 1 0 1 0 0 0
0 0 1 1 1 1 1 0 0 0
0 1 1 1 1 1 1 1 1 1
0 1 1 1 1 1 1 0 0 0
Maze 181
119 140 3.2631578947 1.9786802203 103 0.387750487816776
65 14 57 34 30 32 61 59 12 8 54 71 10 88 51 65
64 54 54 24 22 31 51 52 2 4 51 1 8 81 61
401 401 401 402 402 402 402 401 402 402 402 402 402 401 401
1 1 1 1 1 1 1 1 1 1
1 1 0 1 0 0 0 1 0 0
1 1 1 1 1 1 1 1 1 1
1 1 0 1 0 0 0 1 0 0
1 1 0 1 0 0 0 1 0 0
1 1 1 1 1 1 1 1 1 0
1 1 1 1 2 0 0 1 0 0
1 0 0 0 0 0 0 1 0 0
1 1 1 1 1 1 1 1 0 0
0 0 0 0 0 0 0 0 0 0
Maze 182
91 80 2.9152542373 2.2853392385 50 0.381374032820352
80 57 43 3 42 81 76 20 85 51 53 56 51 64 6 80
77 53 400 2 41 71 16 15 81 400 400 400 61 4 76
401 401 400 402 402 402 402 402 401 400 400 400 401 402 401
0 1 1 1 1 1 0 0 0 0
0 1 1 1 1 1 1 1 1 1
0 1 1 1 1 1 0 0 0 0
0 1 1 1 1 1 0 0 0 0
1 1 1 1 1 1 0 0 0 0
1 1 1 1 1 1 1 0 0 0
1 1 1 1 1 1 1 0 0 0
1 1 1 1 1 1 1 1 1 2
1 1 1 1 1 0 0 0 0 0
0 0 0 0 0 0 0 0 0 0
Maze 183
81 125 2.8070175439 2.4214705767 18 0.390228680066290
14 27 59 100 75 88 20 90 66 44 79 89 39 14 31 14
24 57 99 95 85 18 400 86 64 74 400 400 34 11 11
401 401 401 401 401 402 400 401 401 401 400 400 401 402 402
0 0 0 0 0 0 0 0 0 0
1 1 1 2 0 0 0 1 1 1
1 0 0 1 1 1 1 1 0 1
1 0 0 1 1 1 1 1 1 1
0 0 0 1 0 0 1 1 1 1
0 0 0 1 0 0 1 1 1 1
0 0 0 1 1 1 0 1 1 1
0 0 0 1 1 1 1 1 1 1
0 0 0 0 1 1 1 1 1 1
0 0 0 0 1 1 1 1 1 1
Maze 184
103 1135 2.9666666667 2.2068136069 84 0.398458407016100
25 100 71 35 56 22 48 55 90 65 95 73 38 98 7 25
95 91 31 55 52 42 45 85 85 400 93 33 400 97 5
401 401 402 401 401 401 402 401 401 400 401 402 400 401 402
0 0 0 0 1 1 1 0 0 0
0 0 0 0 1 0 1 0 0 0
0 1 0 0 2 0 1 0 0 0
1 1 1 1 1 1 1 1 0 0
1 1 1 1 1 1 1 1 0 0
1 1 1 1 1 1 1 1 0 0
1 0 1 0 1 0 1 1 0 0
1 0 1 0 1 0 1 1 0 0
1 0 1 0 1 1 1 1 1 1
1 1 1 1 1 1 1 1 1 1
Maze 185
81 100 3.5263157895 1.9049120155 17 0.354577341397697
95 97 62 64 97 83 8 84 14 16 52 83 54 52 82 95
400 92 400 94 93 3 4 400 400 12 82 53 400 400 92
400 401 400 401 401 402 402 400 400 402 401 402 400 400 401
0 0 1 1 1 1 1 1 0 0
0 1 1 1 1 1 0 0 0 0
0 1 1 1 0 0 0 0 0 0
0 1 1 1 0 0 0 0 0 0
0 1 1 1 0 0 0 0 0 0
0 1 1 1 0 0 0 0 0 0
0 1 1 1 0 0 0 0 0 0
0 1 1 1 0 0 0 0 0 0
0 1 1 1 0 0 0 0 0 0
0 1 1 1 2 1 1 0 0 0
Maze 186
103 128 3.5510204082 1.9385716730 46 0.380416601358286
90 25 52 60 54 5 82 67 87 63 56 82 16 22 23 90
85 22 400 400 4 2 62 400 83 53 52 12 12 400 83
401 402 400 400 402 402 402 400 401 402 402 402 402 400 401
0 1 1 1 1 0 0 0 0 0
0 1 1 1 1 1 0 0 0 0
0 1 1 1 1 0 0 0 0 0
0 1 1 1 1 0 0 0 0 0
0 1 1 1 1 0 0 0 0 0
0 1 1 1 1 1 1 1 1 1
0 1 1 1 1 1 1 0 0 0
0 1 1 0 1 0 1 0 0 0
0 1 1 1 1 1 1 1 1 2
0 0 0 0 0 0 0 0 0 0
Maze 187
97 138 2.5671641791 2.2912421463 64 0.391018978069484
65 92 6 18 9 25 11 47 96 12 15 24 9 99 28 65
62 2 16 8 5 21 41 46 92 400 14 4 400 98 25
402 402 401 402 402 401 401 402 401 400 402 402 400 401 402
0 1 1 1 1 1 1 1 1 0
1 1 1 1 1 1 1 1 1 0
1 1 1 1 1 1 1 1 1 0
1 1 0 0 1 0 0 1 1 0
1 1 1 1 1 1 1 1 1 0
0 1 0 0 1 1 0 1 1 0
0 1 1 1 2 1 0 1 1 0
0 1 0 0 0 1 0 1 1 0
0 1 0 0 0 1 0 1 1 0
0 1 1 1 1 1 0 1 1 0
Maze 188
79 98 2.8301886792 2.2755603531 26 0.372340101608016
64 26 18 19 67 24 73 90 77 99 89 60 1 44 61 64
24 16 400 17 64 23 83 87 97 400 59 51 41 41 400
402 402 400 402 401 402 401 401 401 400 402 401 401 402 400
1 0 0 0 0 0 0 0 0 0
1 0 0 0 0 1 1 1 1 0
1 0 1 1 1 1 1 0 0 0
1 0 1 1 0 0 1 0 0 0
1 1 1 1 0 0 1 0 0 0
1 1 1 1 1 1 1 1 1 1
1 1 1 2 1 1 1 0 1 0
0 0 1 0 0 0 1 0 1 0
0 0 1 1 1 1 1 1 1 1
0 0 0 0 0 0 1 1 1 0
Maze 189
111 200 3.8490566038 2.1310048011 92 0.382669614034975
62 64 3 70 92 14 60 52 49 66 24 76 31 91 85 62
400 63 63 62 12 54 400 42 46 64 74 71 400 81 82
400 401 401 402 402 401 400 402 402 401 401 401 400 402 401
0 0 1 0 0 0 0 0 0 0
0 1 1 1 0 0 0 0 0 0
0 1 1 1 0 0 0 0 0 0
1 1 1 1 0 0 0 0 0 0
1 1 1 1 1 1 1 1 1 0
1 1 1 1 1 1 1 1 1 1
1 2 1 1 1 1 1 1 1 1
1 1 1 1 1 1 0 0 0 0
1 1 1 1 1 0 0 0 0 0
1 1 0 0 0 0 0 0 0 0
Maze 190
107 525 3.1864406780 2.0868631820 112 0.383777602004977
87 17 27 44 1 59 62 19 64 12 15 56 26 98 52 87
400 400 24 41 51 52 12 14 62 400 55 400 96 92 82
400 400 402 401 401 402 402 402 401 400 401 400 401 401 401
1 0 0 0 0 0 0 0 0 0
1 1 1 1 1 1 1 1 1 0
1 1 0 1 1 1 1 0 0 0
1 1 0 1 1 1 1 0 0 0
1 1 1 1 1 1 1 0 0 0
1 1 1 1 1 1 1 1 1 0
0 1 1 1 0 1 1 0 0 0
0 1 0 0 0 1 1 0 0 0
0 1 1 1 1 1 2 0 0 0
0 1 1 1 1 1 1 1 0 0
Maze 191
123 225 3.6727272727 1.9355492336 113 0.393686682785077
9 75 17 1 60 85 15 48 25 3 47 23 70 32 72 9
5 15 11 51 55 400 45 45 23 43 43 63 62 400 2
402 402 401 401 402 400 401 401 401 401 401 401 401 400 402
1 1 1 1 1 1 1 1 2 0
1 1 1 1 1 1 1 0 0 0
1 1 1 1 1 0 0 0 0 0
1 1 1 0 1 0 0 0 0 0
1 1 1 1 1 1 1 1 0 0
1 1 1 1 1 1 1 1 1 1
0 1 1 1 1 1 1 1 1 1
0 1 0 0 1 0 0 0 0 0
0 0 0 0 1 0 0 0 0 0
0 0 0 0 0 0 0 0 0 0
Maze 192
77 330 3.0434782609 2.1189443476 35 0.393328077595827
93 42 2 47 36 3 62 68 96 93 34 27 67 26 76 93
92 400 42 46 33 2 400 66 400 33 24 400 66 400 73
401 400 401 401 401 402 400 402 400 402 402 400 401 400 402
0 1 1 0 0 0 0 0 0 0
0 1 1 0 0 0 0 0 0 0
0 1 1 1 1 1 1 0 0 0
0 1 1 1 1 1 1 0 0 0
0 1 1 1 1 1 1 0 0 0
0 1 1 0 0 1 1 0 0 0
0 1 1 1 1 1 1 1 0 0
0 1 1 1 1 1 0 0 0 0
0 1 1 0 0 1 0 0 0 0
0 1 2 1 1 1 0 0 0 0
Maze 193
105 166 3.1851851852 1.9294311392 87 0.390276127941572
16 3 48 32 52 72 18 74 97 49 55 78 62 22 100 16
13 43 42 400 400 12 14 94 47 45 75 72 400 92 96
401 401 401 400 400 402 402 401 402 402 401 401 400 401 401
0 0 1 0 0 0 0 0 0 0
0 1 1 1 1 2 1 1 0 0
0 1 1 1 0 1 0 0 0 0
0 1 1 1 0 1 0 0 0 0
0 1 1 1 1 1 1 1 1 0
0 1 0 1 1 1 1 0 0 0
0 1 0 1 1 1 1 0 0 0
0 1 1 1 1 1 1 1 0 0
0 1 0 1 0 1 1 0 0 0
0 1 1 1 1 1 1 1 1 1
Maze 194
119 102 3.5161290323 2.2025345948 111 0.389170151235946
6 82 99 32 63 89 91 28 29 52 23 41 48 20 85 6
2 92 92 62 83 81 21 400 22 22 21 400 18 15 5
402 401 401 401 401 402 402 400 402 402 402 400 402 402 402
0 1 1 1 1 2 0 0 0 0
0 1 0 0 1 1 1 1 1 1
1 1 1 1 1 1 1 1 1 0
1 1 0 0 1 0 0 1 0 0
1 1 1 1 1 1 1 1 0 0
1 1 0 0 1 0 0 0 0 0
1 1 1 0 1 0 0 0 0 0
1 1 1 0 1 0 0 0 0 0
1 1 1 1 1 1 1 1 1 0
1 1 1 1 1 1 1 1 1 0
Maze 195
115 188 3.6595744681 1.8394794418 126 0.388996346641180
57 25 33 89 42 24 100 93 2 78 12 44 75 89 94 57
55 23 83 82 22 94 400 92 72 72 42 74 85 84 54
401 402 401 401 402 401 400 401 401 401 401 401 401 402 402
0 1 0 0 0 0 0 0 0 0
0 1 0 0 0 0 0 0 0 0
0 1 1 1 1 0 0 0 0 0
0 1 1 1 1 0 0 0 0 0
0 1 1 1 1 0 0 0 0 0
0 1 1 1 1 1 2 0 0 0
0 1 1 1 0 0 0 0 0 0
0 1 1 1 1 1 1 1 0 0
0 1 1 1 1 1 1 1 1 0
0 1 1 1 1 1 1 1 1 1
Maze 196
97 37 3.0322580645 2.3243997066 71 0.403064162953564
9 36 20 99 73 1 24 23 83 58 86 79 14 87 79 9
6 16 19 93 71 21 400 400 53 56 76 74 84 77 400
402 402 402 401 401 401 400 400 402 402 402 401 401 402 400
1 0 0 0 0 1 1 1 2 0
1 0 0 1 0 1 1 1 1 1
1 1 1 1 0 1 0 0 1 0
1 0 1 1 0 1 0 0 1 0
1 0 1 1 0 0 0 0 1 0
1 0 1 1 1 1 1 1 1 0
1 0 1 1 0 1 0 0 1 0
1 1 1 1 1 1 1 1 1 0
0 0 1 1 1 1 1 0 1 0
0 0 1 1 1 1 1 1 1 0
Maze 197
91 54 3.4000000000 2.1446459614 39 0.391880897470524
72 74 52 23 93 69 34 27 18 96 17 99 93 12 23 72
400 72 22 400 63 64 24 17 16 16 97 400 92 22 22
400 401 402 400 402 401 402 402 402 402 401 400 401 401 402
0 0 0 0 0 0 0 0 0 0
0 1 0 0 0 1 1 1 0 0
0 1 1 1 1 1 1 0 0 0
0 1 1 1 0 1 1 0 0 0
0 1 1 1 0 1 1 0 0 0
0 1 1 1 0 1 1 0 0 0
0 1 1 1 1 1 1 1 1 0
0 2 1 1 0 1 1 0 0 0
0 1 1 0 0 1 1 0 0 0
0 1 1 1 1 1 1 1 1 0
Maze 198
107 99 2.6753246753 2.4431314235 81 0.399907695050049
38 63 64 8 16 61 2 27 17 86 91 100 32 9 89 38
33 400 4 6 11 1 22 400 16 81 400 92 2 400 88
402 400 402 402 402 402 401 400 402 402 400 401 402 400 401
1 1 1 1 1 1 1 1 1 0
1 1 1 1 1 1 1 0 1 0
1 1 1 1 1 1 1 0 1 0
1 1 1 1 1 1 1 2 1 0
1 1 1 1 0 1 0 1 1 0
1 1 1 1 0 1 0 1 1 0
1 1 1 1 0 1 0 1 1 0
0 1 0 0 0 1 0 1 1 0
1 1 1 1 1 1 0 1 1 0
1 1 1 1 1 1 1 1 1 1
Maze 199
95 325 3.4285714286 2.0932335658 65 0.386062577498777
76 56 82 86 54 69 49 92 94 42 75 30 66 6 100 76
400 52 400 84 64 400 42 400 92 72 25 26 400 96 96
400 402 400 401 401 400 402 400 401 401 402 402 400 401 401
0 0 0 0 0 1 0 0 0 0
0 0 0 0 0 1 0 0 0 0
0 0 0 0 1 1 1 1 1 1
0 0 0 0 1 1 0 0 0 0
0 1 1 1 1 1 1 1 1 0
0 1 1 1 1 1 0 0 1 0
0 1 0 1 1 1 1 1 1 0
0 1 1 1 1 2 0 0 0 0
0 1 1 1 1 1 0 0 0 0
0 1 1 1 0 1 1 1 1 1
Maze 200
97 391 3.3877551020 2.0080830232 71 0.376707171516149
47 45 70 88 10 67 36 93 88 15 57 7 25 70 74 47
400 65 68 8 7 66 33 83 85 55 400 5 65 64 44
400 401 402 402 402 401 402 402 401 401 400 402 401 402 402
0 0 0 0 1 1 1 1 1 1
0 0 0 0 1 0 1 1 0 0
0 0 0 0 1 0 1 1 0 0
0 0 1 1 1 1 1 1 0 0
0 0 1 1 1 1 2 1 0 0
0 0 1 1 1 1 1 1 0 0
0 0 1 1 1 1 1 1 1 1
0 0 1 1 1 0 0 1 0 0
0 0 1 1 1 1 1 1 0 0
0 0 1 0 0 0 0 0 0 0
