numMazes: 200
mazeSize: 10
Maze 1
99 466 3.0476190476 2.3084047626 55 0.394381524101654
10 8 72 29 67 65 90 17 35 97 80 86 91 57 56 10
400 2 22 27 400 85 87 15 95 77 76 81 51 400 6
400 402 402 402 400 401 401 402 401 402 402 402 402 400 402
0 1 1 1 1 1 1 1 1 2
0 1 0 0 1 1 1 0 0 0
0 1 1 1 1 1 1 1 1 0
0 1 0 0 1 1 1 0 0 0
0 1 0 0 1 1 1 0 0 0
1 1 1 1 1 1 1 0 0 0
1 1 0 0 1 1 1 0 0 0
1 1 0 0 1 1 1 1 1 1
1 1 1 1 1 1 1 1 1 1
1 0 0 0 1 1 1 0 0 0
Maze 2
97 78 3.7727272727 2.0323207542 53 0.388103763759506
81 69 24 27 44 45 57 55 81 29 25 100 15 27 67 81
61 64 400 24 400 55 400 51 21 400 95 95 25 400 61
402 401 400 402 400 401 400 402 402 400 401 401 401 400 402
0 0 0 0 0 0 0 0 0 0
0 0 0 0 1 0 0 0 0 0
1 1 1 1 1 1 1 1 1 0
1 0 0 1 1 0 1 0 0 0
1 0 0 1 1 0 1 0 0 0
1 1 1 1 1 1 1 0 0 0
1 1 1 1 1 1 1 1 1 0
1 0 0 0 1 0 0 0 0 0
2 0 0 0 1 0 0 0 0 0
0 0 0 0 1 1 1 1 1 1
Maze 3
99 191 3.4230769231 2.0846340683 71 0.399748844564641
15 48 26 5 84 89 2 63 28 87 44 46 59 96 59 15
45 46 25 4 400 82 62 23 27 84 400 56 56 56 55
401 401 401 402 400 401 401 402 402 401 400 401 402 402 401
0 1 0 1 1 0 0 0 0 0
0 1 0 1 2 0 0 0 0 0
0 1 1 1 1 1 1 1 0 0
0 1 1 1 1 1 1 0 0 0
0 1 1 1 1 1 1 1 0 0
0 1 1 1 1 1 1 1 1 0
0 1 1 1 0 1 1 0 0 0
0 1 0 1 0 1 1 0 0 0
0 1 1 1 1 1 1 1 1 0
0 0 0 0 0 1 0 0 0 0
Maze 4
77 5 2.7500000000 2.3100385403 30 0.366702838490339
59 10 88 29 29 62 83 87 94 31 31 44 12 23 74 59
9 8 28 400 22 82 400 84 91 400 41 42 22 73 54
402 402 402 400 402 401 400 402 401 400 401 401 401 401 402
0 0 0 0 0 0 0 1 1 1
0 1 0 0 0 0 0 1 1 0
0 1 1 1 1 1 1 1 1 0
1 1 1 0 0 0 0 1 1 0
1 1 1 1 0 0 0 1 1 0
1 1 1 1 1 1 1 1 2 0
1 1 1 1 0 0 0 1 0 0
1 1 1 1 0 0 0 1 0 0
1 1 1 1 1 1 1 1 0 0
1 1 1 1 0 0 0 0 0 0
Maze 5
95 653 3.3777777778 1.8419015107 65 0.391297519808665
81 63 56 53 73 18 76 95 57 62 14 36 82 19 67 81
61 53 400 400 13 16 75 55 52 12 34 32 12 17 61
402 402 400 400 402 402 402 402 402 402 401 402 402 402 402
0 0 0 0 0 0 0 0 0 0
0 1 1 1 1 1 1 1 1 0
0 1 1 1 0 1 1 0 0 0
0 1 1 1 1 1 1 0 0 0
0 1 1 0 0 1 1 0 0 0
0 1 1 1 1 1 1 0 0 0
1 1 1 1 1 1 1 0 0 0
1 1 1 0 1 1 0 0 0 0
2 1 0 0 1 0 0 0 0 0
0 0 0 0 1 0 0 0 0 0
Maze 6
97 176 3.3571428571 2.2033133171 65 0.397993188942563
45 39 62 82 76 73 16 63 42 19 99 34 14 86 70 45
35 32 400 72 400 13 13 62 12 400 94 400 84 66 65
402 402 400 402 400 402 402 401 402 400 401 400 401 402 401
0 0 0 0 0 0 0 0 0 0
0 1 1 1 1 1 1 1 1 0
0 1 1 1 0 0 0 0 1 0
0 1 1 1 1 1 1 1 1 0
0 1 1 1 2 0 0 0 1 0
0 1 1 1 1 0 0 0 1 0
0 1 1 1 1 1 1 1 1 1
0 1 1 1 1 1 0 0 1 0
0 1 0 1 1 1 0 0 1 0
0 0 0 1 1 1 1 1 1 0
Maze 7
83 90 3.3953488372 2.0892875990 26 0.380951445179488
94 64 72 74 88 92 18 56 74 64 15 73 14 18 29 94
400 62 400 84 82 12 16 54 400 14 13 13 400 28 24
400 402 400 401 402 402 402 402 400 402 402 402 400 401 402
0 0 0 0 0 0 0 0 0 0
0 1 1 1 1 1 1 1 0 0
0 1 1 1 1 1 1 1 1 0
0 1 1 1 0 1 0 0 0 0
0 1 1 1 0 1 0 0 0 0
0 1 1 1 1 1 0 0 0 0
0 1 1 1 0 0 0 0 0 0
0 1 1 1 0 0 0 0 0 0
0 1 1 1 1 1 1 1 0 0
0 1 0 2 0 0 0 0 0 0
Maze 8
103 279 3.4583333333 1.9800441945 71 0.396791678442606
60 72 79 83 11 84 71 22 85 49 77 94 51 35 43 60
52 400 73 81 81 81 21 82 45 47 74 91 31 33 53
402 400 402 401 401 401 402 401 402 402 402 401 402 402 401
0 0 0 0 0 0 0 0 0 0
1 0 0 0 0 0 0 0 0 0
1 1 0 0 0 0 0 0 0 0
1 1 1 1 1 0 0 0 0 0
1 1 1 0 1 1 1 1 1 0
1 1 1 1 1 1 1 1 1 2
1 1 0 0 1 0 1 0 0 0
1 1 1 1 1 1 1 1 1 0
1 1 1 1 1 0 0 0 0 0
1 1 1 1 0 0 0 0 0 0
Maze 9
115 197 3.4193548387 2.1800510557 113 0.392877079917378
5 33 90 5 98 61 59 82 44 68 75 23 70 68 8 5
3 83 85 95 91 51 52 42 64 65 73 63 400 400 400
402 401 401 401 401 402 402 402 401 402 401 401 400 400 400
0 0 1 1 2 1 1 1 0 0
0 0 1 0 1 0 0 1 0 0
0 0 1 0 1 0 0 1 0 0
0 0 1 0 1 0 0 1 0 0
0 1 1 1 1 0 0 1 0 0
1 1 1 1 1 1 1 1 1 0
1 1 1 1 1 1 1 1 1 1
1 1 1 1 1 0 0 0 0 0
1 1 1 1 1 1 1 1 1 1
1 1 1 1 1 1 1 1 0 0
Maze 10
87 93 3.3636363636 1.9501561501 45 0.383094533076500
15 65 39 72 68 49 14 93 34 33 44 88 13 14 33 15
400 35 32 62 48 44 13 33 400 43 84 83 400 13 13
400 402 402 402 402 401 402 402 400 401 401 401 400 402 402
0 0 0 0 0 0 0 0 0 0
0 0 1 1 2 0 0 0 0 0
0 0 1 1 1 0 0 0 0 0
0 1 1 1 1 1 1 1 1 0
0 1 1 1 1 1 1 1 1 0
0 1 1 1 1 0 0 1 0 0
0 1 1 1 1 1 1 1 0 0
0 1 1 1 0 0 0 0 0 0
0 0 1 1 1 1 1 1 0 0
0 0 1 0 0 0 0 0 0 0
Maze 11
99 7 3.3333333333 2.0218657103 65 0.383637447476758
51 70 1 63 23 33 98 31 42 81 88 76 27 67 69 51
61 61 61 400 400 93 91 41 41 400 86 26 400 400 61
401 401 401 400 400 401 401 401 402 400 401 402 400 400 401
1 0 0 0 0 0 0 0 0 0
1 0 0 0 0 0 0 0 0 0
1 0 1 0 0 1 1 0 0 0
1 0 1 0 0 1 1 0 0 0
1 1 1 0 0 1 1 0 0 0
2 0 1 0 0 1 1 0 0 0
1 1 1 1 1 1 1 1 1 1
1 0 1 0 0 1 0 0 0 0
1 1 1 1 1 1 1 1 0 0
1 1 1 1 1 1 1 1 0 0
Maze 12
89 94 3.2888888889 2.0826552674 36 0.377725337703413
60 23 21 67 71 42 14 51 4 71 43 34 74 36 79 60
53 400 61 61 41 12 11 1 1 41 33 400 34 76 59
401 400 401 402 402 402 402 402 402 402 402 400 402 401 402
1 1 1 1 0 0 0 0 0 0
1 1 1 1 0 0 0 0 0 0
1 1 1 0 0 0 0 0 0 0
1 1 1 1 1 1 0 0 0 0
1 1 1 1 0 1 0 0 0 0
1 0 1 1 1 1 1 1 1 2
1 1 1 1 1 1 1 0 1 0
1 0 0 1 0 1 1 1 1 0
0 0 0 0 0 0 0 0 0 0
0 0 0 0 0 0 0 0 0 0
Maze 13
107 196 3.6190476190 1.7298119116 92 0.385576741938338
74 19 49 63 21 24 49 74 13 19 83 5 52 51 49 74
14 400 43 61 400 44 44 73 400 13 3 2 400 41 44
402 400 402 401 400 401 402 401 400 402 402 402 400 402 402
0 1 1 1 1 0 0 0 0 0
0 1 1 1 1 1 1 1 1 0
1 1 1 1 0 0 0 0 1 0
1 1 1 1 0 0 0 0 1 0
1 1 1 1 1 1 1 1 1 0
1 1 1 1 0 0 0 0 0 0
1 1 1 1 0 0 0 0 0 0
0 0 1 2 0 0 0 0 0 0
0 0 1 0 0 0 0 0 0 0
0 0 0 0 0 0 0 0 0 0
Maze 14
95 840 3.2830188679 2.0983951748 60 0.374220879583045
40 56 95 60 90 38 66 54 77 88 11 67 96 81 95 40
36 55 55 400 88 36 64 74 87 81 61 66 91 91 35
402 402 402 400 401 402 401 401 401 401 401 402 401 401 402
0 0 0 0 0 0 0 0 0 0
1 0 0 0 0 0 0 0 0 0
1 0 0 0 0 0 0 0 0 0
1 0 0 0 1 1 1 1 1 2
1 0 0 0 1 1 0 1 0 0
1 0 0 1 1 1 1 1 1 1
1 1 1 1 1 1 1 1 0 1
1 0 0 1 1 1 1 1 0 1
1 1 1 1 1 1 1 1 1 1
1 1 1 1 1 1 0 0 0 0
Maze 15
87 422 3.1200000000 2.0312500000 45 0.377161792287094
36 70 48 46 62 88 4 62 33 56 63 57 1 24 43 36
66 68 400 42 82 84 2 32 53 53 53 51 21 23 33
401 401 400 402 401 401 402 402 401 402 402 401 401 402 402
1 1 1 1 0 0 0 0 0 0
1 1 0 1 0 0 0 0 0 0
1 1 1 1 0 0 0 0 0 0
1 1 1 1 1 2 0 0 0 0
1 1 1 1 1 1 1 1 0 0
1 1 1 1 1 1 1 1 0 0
0 1 1 1 0 1 1 1 1 1
0 1 0 1 0 0 0 0 0 0
0 1 1 1 1 1 1 1 0 0
0 0 0 0 0 0 0 0 0 0
Maze 16
71 40 2.9333333333 2.1182331603 20 0.390372197642196
44 24 58 83 27 15 17 55 65 22 29 50 69 89 34 44
400 54 53 23 25 400 15 400 62 400 49 49 400 84 400
400 401 402 402 401 400 402 400 401 400 401 402 400 401 400
0 0 0 0 0 0 0 0 0 0
0 0 0 0 1 1 1 0 0 0
0 1 1 1 1 1 1 1 1 0
0 1 1 1 1 0 0 0 1 0
0 1 1 2 1 0 0 0 1 1
0 1 1 1 1 1 1 1 1 0
0 1 1 1 1 0 0 0 1 0
0 0 1 1 0 0 0 0 1 0
0 0 1 1 1 1 1 1 1 0
0 0 0 0 0 0 0 0 0 0
Maze 17
103 11 3.3962264151 2.1415321292 60 0.381243015659846
9 34 81 58 51 40 23 1 27 63 55 13 65 58 89 9
4 31 51 400 31 33 21 21 23 53 53 63 55 88 400
402 402 402 400 402 401 401 401 402 402 401 401 402 401 400
1 0 0 1 1 1 1 1 2 0
1 0 1 1 0 0 0 0 1 0
1 1 1 1 1 1 1 0 1 0
1 1 1 1 1 1 1 1 1 1
1 0 1 0 0 0 0 0 1 0
1 1 1 1 1 1 1 1 1 0
1 0 1 1 1 0 0 1 1 0
1 0 0 0 0 0 0 1 1 0
1 0 0 0 0 0 0 1 1 0
0 0 0 0 0 0 0 0 0 0
Maze 18
85 94 3.0740740741 2.2356913271 45 0.374102681609633
66 15 85 97 91 93 90 99 49 27 86 12 60 88 64 66
65 400 95 400 400 83 89 400 47 26 82 52 58 84 400
401 400 401 400 400 402 402 400 401 402 401 401 402 401 400
0 0 0 0 0 0 0 0 0 0
0 1 0 0 1 0 0 0 0 0
0 1 0 0 1 1 1 0 0 0
0 1 0 0 1 1 1 0 0 0
0 1 0 0 1 1 1 1 1 0
0 1 1 1 1 1 1 1 1 1
0 1 0 1 1 2 0 1 1 0
0 1 0 1 1 1 0 1 1 0
0 1 1 1 1 1 1 1 1 1
1 1 1 1 1 1 1 0 1 0
Maze 19
101 263 3.0322580645 2.3395435301 71 0.360538372558612
95 12 74 73 50 10 43 71 25 29 37 51 51 59 31 95
92 72 400 43 400 3 41 21 400 27 31 400 400 51 91
401 401 400 402 400 402 402 402 400 402 402 400 400 401 401
0 0 1 1 1 1 1 1 1 1
0 1 1 0 0 0 0 0 0 1
1 1 1 1 1 1 1 1 1 1
1 1 1 1 1 1 1 0 0 1
1 1 1 1 1 1 1 1 1 1
1 1 1 1 1 1 1 1 1 0
1 1 1 0 0 0 0 0 0 0
1 1 1 1 0 0 0 0 0 0
1 1 0 0 0 0 0 0 0 0
1 1 1 1 2 0 0 0 0 0
Maze 20
85 128 3.6585365854 1.9872811796 56 0.386956171844385
60 82 72 99 26 80 63 73 65 75 57 97 58 85 93 60
52 400 92 96 76 73 400 63 400 55 400 57 55 83 53
402 400 401 401 401 401 400 402 400 402 400 402 402 402 402
0 0 0 0 0 0 0 0 0 0
0 0 0 0 0 0 0 0 0 0
0 0 0 0 0 1 0 0 0 0
0 0 0 0 0 1 0 0 0 0
0 0 0 0 0 1 0 0 0 0
0 1 1 1 1 1 1 1 1 2
0 1 1 1 1 1 1 0 0 0
0 1 1 1 1 1 1 1 1 1
0 1 1 1 1 1 1 0 0 0
0 1 1 1 1 1 1 1 1 0
Maze 21
91 117 2.9655172414 2.2853392385 50 0.375019195031337
40 77 57 48 41 55 100 26 31 85 91 66 89 69 16 40
37 400 47 400 51 95 96 21 81 81 61 86 400 66 36
402 400 402 400 401 401 401 402 401 402 402 401 400 401 401
0 0 0 0 0 0 0 0 0 0
0 0 0 0 0 1 0 0 0 0
1 1 1 1 1 1 0 0 0 0
1 0 0 0 0 1 1 1 1 2
1 1 1 1 1 1 1 1 0 0
1 1 1 1 1 1 1 0 0 0
1 1 1 1 1 1 1 1 1 0
1 0 0 0 1 1 1 0 1 0
1 1 1 1 1 1 1 1 1 0
1 0 0 0 1 1 1 1 1 1
Maze 22
87 300 3.2307692308 2.2782590234 44 0.360899691299700
80 100 36 13 35 59 7 35 37 5 20 52 46 54 14 80
400 96 33 33 55 57 5 400 35 15 12 42 44 400 74
400 401 401 401 401 401 402 400 401 401 402 402 402 400 401
0 0 0 0 1 1 1 0 0 0
0 1 1 1 1 1 1 1 1 1
0 1 1 1 1 0 1 0 0 0
0 1 1 1 1 1 1 0 0 0
0 1 1 1 1 1 1 0 0 0
0 1 0 1 1 1 1 1 1 0
0 0 0 1 0 1 0 0 0 0
0 0 0 1 1 1 1 1 1 2
0 0 0 0 0 1 0 0 0 1
0 0 0 0 0 1 1 1 1 1
Maze 23
91 183 3.1063829787 2.0271311142 44 0.390159250623693
76 48 99 25 68 57 92 39 48 58 42 34 12 39 7 76
46 98 95 65 67 52 32 38 400 52 32 32 32 37 6
402 401 401 401 401 402 402 402 400 401 402 401 401 401 402
0 0 0 0 0 1 1 0 0 0
0 1 0 0 0 1 1 0 0 0
0 1 0 0 1 1 1 0 0 0
0 1 1 1 1 1 1 1 1 0
0 1 0 0 1 1 1 1 0 0
0 1 1 1 1 1 1 1 0 0
0 1 0 0 1 1 1 1 0 0
0 1 0 0 1 2 0 1 0 0
0 1 0 0 1 0 0 1 0 0
0 1 0 0 1 1 1 1 1 0
Maze 24
95 487 2.6865671642 2.3261592018 71 0.385046525133868
76 68 95 52 29 88 47 75 3 10 54 69 80 29 7 76
66 65 92 22 28 87 45 73 400 4 64 79 79 27 6
402 402 401 402 402 401 402 401 400 402 401 401 401 401 402
0 0 1 1 1 1 1 1 1 1
0 0 1 1 0 1 1 0 0 0
0 1 1 1 1 1 1 1 1 0
0 1 1 1 0 1 0 1 1 0
0 1 1 1 1 1 1 1 1 0
0 1 1 1 1 1 1 1 1 0
0 1 1 1 1 1 1 1 1 0
0 1 1 1 1 2 1 1 1 1
0 1 0 0 1 0 1 1 0 0
0 1 1 1 1 0 0 0 0 0
Maze 25
99 313 3.0344827586 2.1943516508 70 0.382088891455283
38 65 9 99 17 16 3 2 60 54 68 45 67 24 82 38
35 5 400 97 400 13 400 52 400 64 65 65 64 22 32
402 402 400 401 400 401 400 401 400 401 401 401 401 402 402
0 1 1 0 1 1 1 1 1 0
0 1 1 1 1 1 1 0 1 0
0 1 1 1 1 0 1 0 1 0
0 1 1 1 1 1 1 2 1 0
0 1 0 1 1 0 1 0 1 0
0 1 1 1 1 1 1 1 1 1
0 1 0 1 1 1 1 1 1 0
0 1 0 0 0 0 1 0 1 0
0 1 0 0 0 0 1 0 1 0
0 0 0 0 0 0 1 1 1 0
Maze 26
109 124 3.5769230769 2.0283057745 97 0.396406812505041
92 28 13 48 24 14 32 92 61 45 80 3 57 64 6 92
22 23 43 44 400 12 400 91 41 75 73 53 54 4 2
402 401 401 401 400 402 400 401 402 401 401 401 402 402 402
0 1 1 1 1 1 0 0 0 0
0 1 1 1 0 0 0 0 0 0
0 1 1 1 1 1 1 1 0 0
0 1 1 1 0 0 0 0 0 0
1 1 1 1 1 1 1 1 0 0
1 1 1 1 1 1 1 0 0 0
1 1 1 1 1 0 0 0 0 0
1 1 1 1 1 1 1 1 1 1
1 1 0 0 0 0 0 0 0 0
1 2 0 0 0 0 0 0 0 0
Maze 27
89 18 3.2500000000 1.9992869340 36 0.363595377633483
24 63 14 80 97 90 13 42 3 71 86 68 66 68 86 24
23 13 74 77 87 83 12 2 1 81 66 400 400 66 84
402 402 401 402 402 401 402 402 402 401 402 400 400 402 401
1 1 1 0 0 0 0 0 0 0
1 1 1 1 0 0 0 0 0 0
1 1 1 2 0 0 0 0 0 0
1 1 1 1 0 0 0 0 0 0
1 1 1 1 0 0 0 0 0 0
1 0 1 1 0 0 0 0 0 0
1 0 1 1 0 1 1 1 0 0
1 0 1 1 1 1 1 1 1 1
1 1 1 1 1 1 1 1 1 1
0 0 0 0 0 0 1 0 0 0
Maze 28
79 123 2.8750000000 2.1042648818 35 0.382444966127354
34 49 5 31 35 24 63 49 97 82 54 78 35 35 52 34
44 45 1 400 34 23 43 47 92 52 74 75 400 32 32
401 401 402 400 401 402 402 402 401 402 401 401 400 402 402
1 1 1 1 1 0 0 0 0 0
1 0 0 0 1 0 0 0 0 0
1 0 1 1 1 0 0 0 0 0
1 1 1 2 1 0 0 0 0 0
0 1 1 1 1 1 1 1 1 0
0 1 1 1 1 0 1 0 0 0
0 1 1 1 1 0 1 0 0 0
0 1 0 1 1 1 1 1 0 0
0 1 0 0 0 0 1 0 0 0
0 1 1 1 1 1 1 0 0 0
Maze 29
99 374 3.3928571429 2.3462985437 55 0.387133624828876
65 55 34 91 29 47 90 52 70 84 55 32 93 71 79 65
400 54 31 21 27 87 82 62 64 54 52 92 91 400 75
400 401 402 402 402 401 401 401 402 402 401 401 401 400 401
0 0 0 0 0 0 0 0 0 0
0 0 0 0 0 0 0 0 0 0
1 1 1 1 1 1 1 1 1 0
1 1 1 1 0 0 1 0 0 0
1 1 0 1 0 0 1 0 0 0
1 1 1 1 1 0 1 0 0 0
1 1 1 1 2 1 1 1 1 1
1 1 1 1 1 1 1 1 1 0
1 1 1 1 1 1 1 1 1 1
1 1 1 0 0 0 0 0 0 0
Maze 30
117 225 3.5409836066 2.1694379250 107 0.380214755283877
44 70 72 32 34 12 93 59 1 49 17 71 24 89 90 44
64 62 400 400 32 92 53 51 41 47 11 21 84 400 84
401 402 400 400 401 401 402 401 401 401 402 402 401 400 401
1 0 0 0 0 0 0 0 0 0
1 1 1 1 1 1 1 0 0 0
1 1 1 1 0 0 1 0 0 0
1 1 1 1 0 0 1 0 0 0
1 1 1 2 1 1 1 1 1 0
1 1 1 1 1 1 1 1 1 0
1 1 1 1 1 1 1 1 1 1
1 1 1 1 0 0 0 0 0 0
0 1 1 1 1 1 1 1 1 1
0 1 1 0 0 0 0 0 0 0
Maze 31
99 39 2.7586206897 2.1971063840 64 0.382820212662658
15 51 40 20 61 71 10 5 15 75 58 99 88 11 42 15
11 31 400 11 400 1 400 400 400 55 98 98 81 41 12
402 402 400 402 400 402 400 400 400 402 401 401 401 401 402
1 1 1 1 1 1 1 1 1 1
1 1 1 1 2 1 1 1 1 1
1 1 0 0 1 0 0 0 0 1
1 1 1 1 1 1 1 1 1 1
1 1 0 0 1 0 0 0 0 0
1 0 0 0 1 1 1 1 0 0
1 0 0 0 1 0 0 1 0 0
1 0 0 0 1 0 0 1 0 0
1 1 1 1 1 1 1 1 0 0
0 0 0 0 0 0 0 1 1 0
Maze 32
135 47 3.1935483871 1.8406536832 254 0.383575217277689
99 23 13 96 28 90 41 83 18 75 33 92 44 99 33 99
93 400 93 26 88 81 81 13 15 73 32 42 94 93 93
401 400 401 402 401 401 401 402 402 401 402 402 401 401 401
0 0 0 0 0 0 0 0 0 0
0 0 1 1 1 1 1 1 0 0
0 0 1 0 1 1 1 1 0 0
0 1 1 0 1 1 0 1 0 0
1 1 1 1 1 1 0 1 0 0
1 1 1 1 1 1 0 1 0 0
1 1 1 1 1 1 0 1 0 0
1 1 1 1 1 1 0 1 0 0
1 1 1 1 1 1 1 1 1 1
0 1 1 1 1 1 1 1 2 0
Maze 33
101 102 2.8059701493 2.3043813974 41 0.383897593751753
15 20 60 99 52 31 26 2 12 56 70 63 9 27 91 15
400 400 59 92 51 21 22 400 52 66 400 3 7 21 11
400 400 402 401 401 402 401 400 401 401 400 402 402 402 402
0 1 1 1 1 1 1 1 1 0
1 1 1 1 2 1 1 1 1 1
1 1 1 1 1 1 1 0 0 1
1 1 1 0 0 0 0 0 0 1
1 1 1 0 0 0 0 0 0 1
1 1 1 1 1 1 0 0 1 1
1 1 1 1 1 1 1 1 1 1
1 1 0 0 0 0 0 0 1 0
1 1 0 0 0 0 0 0 1 0
1 1 1 1 1 1 1 1 1 0
Maze 34
107 127 3.2075471698 1.9394860827 92 0.393418274275195
92 59 25 26 93 53 92 22 91 99 45 65 42 60 4 92
52 55 400 23 400 52 400 21 400 95 400 62 52 54 2
402 401 400 402 400 402 400 402 400 401 400 401 401 401 402
0 1 1 1 0 0 0 0 0 0
0 1 0 1 0 0 0 0 0 0
1 1 1 1 1 1 0 0 0 0
1 1 1 1 1 0 0 0 0 0
1 1 1 1 1 0 0 0 0 0
1 1 1 1 1 1 1 1 1 1
1 1 1 1 1 0 0 0 0 0
1 1 1 0 1 0 0 0 0 0
1 1 1 0 1 0 0 0 0 0
1 2 1 1 1 1 1 1 1 0
Maze 35
93 4 3.0000000000 2.0625000000 50 0.399760863506620
37 49 18 44 55 63 41 81 36 91 67 43 88 80 31 37
47 48 14 54 53 61 400 31 31 61 63 83 78 71 400
401 401 402 401 402 401 400 402 402 402 401 401 402 401 400
0 0 0 0 0 0 0 0 0 0
0 0 0 1 1 1 1 1 0 0
0 0 0 1 0 0 0 1 0 0
1 1 1 1 1 1 2 1 0 0
1 0 1 1 0 0 1 1 1 0
1 0 1 1 1 0 0 0 0 0
1 1 1 1 1 1 1 0 0 0
1 1 1 1 1 1 1 1 1 1
1 0 1 1 1 1 1 1 0 0
1 0 0 0 0 0 0 0 0 0
Maze 36
89 17 2.8813559322 2.3524225091 39 0.388220032183493
15 31 28 76 65 49 90 83 97 60 18 13 18 39 51 15
11 21 26 75 45 89 400 93 57 58 400 400 38 31 11
402 402 402 401 402 401 400 401 402 401 400 400 401 402 402
0 0 0 0 0 0 0 0 0 0
1 1 1 1 2 1 1 1 0 0
1 1 1 1 1 1 1 1 0 0
1 1 1 1 1 1 1 1 1 0
1 0 0 0 1 1 1 1 1 0
1 0 0 0 1 1 1 1 1 1
0 0 0 0 1 1 1 0 1 0
0 0 0 0 1 1 1 0 1 0
0 0 1 1 1 1 1 1 1 1
0 0 1 1 1 1 1 0 0 0
Maze 37
111 450 3.3103448276 2.1053300445 105 0.378526356779475
87 30 7 53 9 18 31 58 83 74 7 39 13 38 71 87
27 27 3 3 8 11 51 53 73 4 37 33 33 31 81
402 401 402 402 402 402 401 402 402 402 401 401 401 402 401
0 0 1 1 1 1 1 1 1 0
1 1 1 1 1 1 1 1 0 0
1 0 1 1 0 0 1 1 1 1
1 1 1 1 1 1 1 1 1 0
1 0 1 1 0 0 1 0 0 0
1 1 1 1 1 1 1 1 0 0
1 0 1 1 0 0 1 0 0 0
1 0 1 1 0 0 1 0 0 0
1 1 1 1 1 1 2 0 0 0
0 0 0 0 0 0 0 0 0 0
Maze 38
113 1393 2.9014084507 2.3420796719 98 0.392082731069092
92 63 51 15 57 96 7 79 2 100 50 30 54 38 80 92
62 61 11 55 56 6 77 72 92 400 400 24 34 78 72
402 401 402 401 402 402 401 401 401 400 400 402 402 401 402
0 1 0 0 0 1 1 0 0 0
1 1 1 1 1 1 1 0 0 0
1 1 0 1 1 1 1 1 1 1
1 1 0 1 1 1 1 1 0 1
1 1 0 1 1 1 1 1 0 1
1 1 0 1 1 1 1 1 0 1
1 1 1 0 0 1 1 1 0 1
0 1 1 1 1 1 1 1 1 1
0 1 0 0 0 1 0 0 0 1
0 2 1 1 1 1 1 1 1 1
Maze 39
105 100 3.4117647059 1.9344444613 99 0.378446023747573
50 72 40 19 16 54 46 82 85 10 73 85 55 85 3 50
42 32 39 400 14 44 42 400 5 3 83 400 400 83 43
402 402 401 400 402 402 402 400 402 402 401 400 400 401 401
0 0 1 1 1 1 1 1 1 1
0 0 1 1 1 1 1 1 1 0
0 0 1 1 1 0 0 0 1 0
0 1 1 1 1 1 1 1 1 1
0 1 1 1 1 1 1 1 1 2
0 1 1 1 1 0 0 0 0 0
0 1 1 0 1 0 0 0 0 0
0 1 1 0 1 0 0 0 0 0
0 1 1 1 1 0 0 0 0 0
0 0 0 0 0 0 0 0 0 0
Maze 40
95 1009 3.1111111111 2.1398263995 60 0.384688436142159
80 60 73 81 87 3 48 90 19 29 75 57 30 88 55 80
400 53 71 400 83 43 88 89 400 25 55 27 28 85 75
400 402 402 400 401 401 401 401 400 402 402 402 402 401 401
0 0 1 0 0 0 0 0 0 0
0 0 1 0 0 0 0 0 1 0
0 0 1 0 1 1 1 1 1 1
0 0 1 0 1 0 1 1 1 0
0 0 1 1 1 1 1 1 1 0
0 0 1 1 1 1 1 1 1 1
0 0 1 0 1 0 0 1 1 1
1 1 1 0 1 1 1 1 1 2
1 1 1 1 1 1 1 1 1 1
0 0 0 0 0 0 0 0 0 0
Maze 41
111 42 2.6969696970 2.1529888848 104 0.364569453323783
80 30 41 89 63 61 54 50 9 5 41 79 37 67 11 80
400 21 81 83 400 51 44 49 400 1 71 77 400 61 71
400 402 401 401 400 402 402 401 400 402 401 401 400 401 401
1 1 1 1 1 1 1 1 1 0
1 0 0 0 0 0 0 0 1 0
1 1 1 1 1 1 1 1 1 1
1 0 0 0 0 0 1 0 1 1
1 0 0 1 1 1 1 1 1 1
1 1 1 1 0 0 1 0 0 1
1 1 1 1 1 1 1 0 0 1
1 1 1 1 1 1 1 1 1 2
1 1 1 1 1 1 1 1 1 0
0 0 0 0 0 0 0 0 0 0
Maze 42
99 156 3.1272727273 2.0580958125 77 0.392592938624924
80 33 7 86 33 51 41 59 28 67 96 14 34 95 33 80
73 3 6 83 31 400 51 58 27 66 94 400 94 93 73
401 402 402 401 402 400 401 401 402 402 401 400 401 401 401
0 0 1 1 1 1 1 0 0 0
0 0 1 1 0 1 0 0 0 0
0 0 1 1 0 1 1 1 0 0
1 1 1 1 0 1 1 1 0 0
1 0 1 1 0 1 1 1 0 0
1 1 1 1 1 1 1 1 1 0
0 0 1 1 0 1 1 0 0 0
0 0 1 1 1 1 1 1 1 2
0 0 1 1 1 1 0 0 0 0
0 0 1 1 1 1 0 0 0 0
Maze 43
91 11 3.2765957447 1.9743327015 44 0.367162308729985
84 96 50 28 42 29 41 76 46 10 45 47 26 96 78 84
94 46 48 22 22 21 71 400 6 5 400 46 400 76 74
401 402 401 402 402 402 401 400 402 402 400 401 400 402 402
0 0 0 0 1 1 1 1 1 1
0 0 0 0 1 1 0 0 0 0
1 1 1 1 1 1 1 1 1 0
1 1 0 0 1 1 0 1 0 0
1 1 0 0 1 1 1 1 1 1
1 0 0 0 0 1 0 0 0 0
1 0 0 0 0 1 0 0 0 0
1 1 1 1 1 1 1 1 0 0
0 0 0 2 0 1 0 0 0 0
0 0 0 1 1 1 0 0 0 0
Maze 44
83 25 2.5555555556 2.0892875990 30 0.377784544817793
37 35 33 13 36 77 86 52 4 14 98 18 56 4 97 37
400 400 400 33 76 76 82 2 400 94 400 16 54 94 400
400 400 400 401 401 402 401 402 400 401 400 402 401 401 400
0 1 1 1 0 0 0 0 0 0
0 1 1 1 0 1 1 1 0 0
0 1 1 1 0 1 0 1 0 0
0 1 1 1 1 1 2 1 0 0
0 1 0 1 0 1 1 1 0 0
0 1 0 1 1 1 1 1 0 0
0 1 0 1 0 1 1 1 0 0
0 1 0 1 0 1 1 1 0 0
0 1 1 1 1 1 1 1 0 0
0 0 0 1 1 1 1 1 0 0
Maze 45
105 3188 3.1851851852 2.0459614419 90 0.405695747597360
50 81 27 45 72 91 68 46 42 87 27 85 99 36 14 50
41 21 25 42 71 61 66 400 82 400 25 95 96 34 44
402 402 402 402 402 402 401 400 401 400 402 401 401 401 401
0 0 0 0 0 0 0 0 0 0
0 0 0 1 0 0 0 0 0 0
1 1 1 1 1 1 1 0 0 0
1 0 0 1 1 1 1 0 0 0
1 1 1 1 1 1 1 1 1 2
1 1 0 0 1 1 1 0 0 0
1 1 1 1 1 1 1 1 0 0
1 1 0 0 1 1 1 0 0 0
1 1 1 1 1 1 1 0 0 0
1 0 0 0 1 1 1 1 1 0
Maze 46
97 1543 3.4000000000 2.1052373260 60 0.387546931910370
32 56 94 91 50 96 88 93 92 73 2 67 61 57 79 32
52 54 400 41 46 86 83 400 72 72 62 400 51 77 72
401 402 400 402 402 402 402 400 402 401 401 400 402 401 401
0 1 0 0 0 0 0 0 0 0
0 1 0 0 0 0 0 0 0 0
0 1 0 0 0 0 0 0 0 0
0 2 0 0 0 0 0 0 0 0
1 1 1 1 1 1 1 1 1 1
1 1 1 1 1 1 1 0 0 0
1 1 1 1 1 1 1 0 0 0
1 1 1 1 1 1 1 1 1 0
1 1 1 1 1 1 1 1 0 0
1 1 1 1 0 1 0 0 0 0
Maze 47
103 4629 3.0163934426 2.2337259680 77 0.390052997850748
55 26 97 47 41 86 23 17 68 72 3 75 39 4 73 55
25 96 400 400 81 83 13 67 62 2 73 35 34 3 53
402 401 400 400 401 401 402 401 402 402 401 402 401 402 402
0 1 1 1 0 0 0 0 0 0
0 1 1 1 1 1 1 0 0 0
0 1 1 1 1 1 1 0 0 0
0 1 1 1 1 1 1 1 1 0
1 1 1 1 1 1 1 0 0 0
1 1 1 1 2 1 1 0 0 0
1 1 1 1 1 1 1 1 0 0
1 1 1 1 1 1 1 0 0 0
1 1 1 1 1 1 1 0 0 0
0 0 0 0 0 1 1 0 0 0
Maze 48
95 48 2.8307692308 2.3786655415 84 0.381890023596860
29 25 25 58 9 81 21 20 49 43 47 96 45 22 74 29
400 400 55 8 1 400 11 19 400 400 46 95 42 72 24
400 400 401 402 402 400 402 402 400 400 402 401 401 401 402
1 1 1 1 1 1 1 1 1 0
1 1 1 1 1 1 1 1 1 1
1 1 0 1 1 1 1 1 2 0
1 1 0 1 1 0 0 1 1 0
1 1 1 1 1 1 1 1 1 0
1 1 0 1 1 1 1 1 0 0
1 1 0 1 1 1 0 0 0 0
1 1 1 1 1 1 0 0 0 0
1 0 0 0 1 1 0 0 0 0
0 0 0 0 1 1 0 0 0 0
Maze 49
73 7 3.0000000000 2.2119288269 20 0.356194374742434
68 98 18 13 24 70 32 46 52 52 52 22 85 87 27 68
400 400 400 23 64 62 42 42 400 400 400 82 400 400 67
400 400 400 401 401 401 401 402 400 400 400 401 400 400 401
0 0 0 0 0 0 0 0 0 0
0 0 1 1 1 1 1 1 0 0
0 1 1 1 0 0 1 1 0 0
0 1 0 1 0 0 1 1 0 0
0 1 1 1 1 1 1 1 0 0
0 1 0 1 0 0 1 1 0 0
0 1 1 1 1 1 1 2 1 1
0 1 0 0 0 0 1 1 0 0
0 1 1 1 1 1 1 1 0 0
0 0 0 0 0 0 0 1 0 0
Maze 50
107 45 3.2580645161 2.3187563008 112 0.393918584164194
20 21 94 97 31 5 31 47 60 76 80 2 45 75 87 20
11 91 400 91 1 1 41 57 56 400 72 42 400 85 17
402 401 400 401 402 402 401 401 402 400 401 401 400 401 402
1 1 1 1 1 0 0 0 0 0
1 1 1 1 1 1 1 1 1 2
1 1 0 0 0 0 1 0 0 0
1 1 0 0 0 0 1 0 0 0
1 1 1 1 1 1 1 0 0 0
1 1 0 0 1 1 1 1 1 1
1 1 0 0 1 1 1 0 0 0
1 1 1 1 1 1 1 1 1 1
1 0 0 0 1 1 1 0 0 0
1 1 1 1 1 1 1 0 0 0
Maze 51
71 45 3.1363636364 2.1541354173 13 0.377915942152972
50 75 52 63 53 68 25 7 78 38 28 47 27 32 5 50
45 72 62 400 63 65 5 77 400 400 27 400 22 2 45
402 401 401 400 401 401 402 401 400 400 402 400 402 402 401
0 1 1 1 1 1 1 0 0 0
0 1 0 0 1 0 1 0 0 0
0 1 1 1 1 1 1 1 0 0
0 1 0 0 1 0 1 1 0 0
0 0 0 0 1 1 1 1 1 2
0 1 1 0 1 0 1 1 0 0
0 1 1 1 1 1 1 1 0 0
0 1 1 1 1 0 1 1 0 0
0 0 0 0 0 0 0 0 0 0
0 0 0 0 0 0 0 0 0 0
Maze 52
87 57 2.9056603774 2.1939256689 36 0.377572606334682
62 30 59 56 59 18 26 82 74 99 8 14 59 99 92 62
22 29 400 400 58 16 22 72 94 98 4 54 400 400 400
402 402 400 400 401 402 402 402 401 401 402 401 400 400 400
0 0 0 1 1 1 1 1 0 0
0 0 0 1 0 1 1 1 0 0
0 1 1 1 1 1 1 1 1 1
0 1 0 1 0 0 0 1 1 0
0 1 0 1 0 0 0 1 1 0
0 1 0 1 1 1 1 1 1 0
0 2 0 0 0 0 0 1 1 0
0 1 1 1 0 0 0 1 1 0
0 1 0 1 0 0 0 1 1 0
0 1 1 1 1 1 1 1 1 0
Maze 53
77 18 2.4000000000 2.3380720909 23 0.359380525224295
95 74 35 46 69 100 48 78 29 2 43 73 75 20 100 95
94 34 45 66 99 98 400 28 22 42 400 400 15 400 400
401 402 401 401 401 401 400 402 401 401 400 400 402 400 400
0 1 0 0 0 0 0 0 0 0
0 1 0 0 1 1 1 1 1 1
0 1 1 1 1 1 1 1 1 1
0 1 0 1 1 0 0 1 0 1
0 1 1 1 1 1 0 1 0 1
0 0 1 1 1 1 0 1 0 1
0 0 1 1 1 1 1 1 1 1
0 0 1 1 1 0 0 1 1 1
0 0 0 1 0 0 0 1 1 1
0 0 0 1 2 1 1 1 1 1
Maze 54
79 86 3.2000000000 2.0180422358 30 0.367300037718679
79 48 76 29 36 84 14 27 61 56 46 16 57 67 93 79
78 46 26 26 34 400 24 21 51 400 400 56 400 63 73
401 402 402 402 402 400 401 402 402 400 400 401 400 402 402
0 0 0 0 0 0 0 0 0 0
0 0 0 1 0 1 0 0 0 0
1 1 1 1 1 1 1 1 1 0
1 0 0 1 1 1 0 0 0 0
1 0 0 1 0 1 1 1 0 0
1 1 1 1 1 1 1 1 0 0
1 0 1 1 1 1 1 1 0 0
0 0 1 1 1 1 1 1 2 0
0 0 1 1 0 0 0 0 0 0
0 0 1 0 0 0 0 0 0 0
Maze 55
81 12 2.5517241379 2.3877578416 25 0.389733107331710
88 98 52 71 11 61 34 85 22 8 4 13 49 100 70 88
400 92 51 400 400 31 84 82 2 400 3 43 99 400 68
400 401 402 400 400 402 401 401 402 400 402 401 401 400 402
0 1 1 1 1 1 1 1 0 0
1 1 1 0 0 0 0 0 0 0
1 1 1 0 0 0 0 0 0 0
1 1 1 1 0 0 0 0 0 0
1 1 1 1 1 1 1 1 1 0
1 1 0 1 0 0 0 0 1 0
1 1 0 1 0 0 0 1 1 1
1 1 0 1 0 0 0 1 1 1
0 1 1 1 1 0 0 2 1 1
0 1 1 1 1 1 1 1 1 1
Maze 56
103 24 3.6888888889 1.8804835084 44 0.380182567462174
90 8 100 74 9 84 98 15 25 48 44 85 28 88 80 90
88 98 94 4 4 94 95 400 45 400 84 25 400 78 400
401 401 401 402 402 401 401 400 401 400 401 402 400 402 400
0 0 0 1 1 1 1 1 1 0
0 0 0 1 1 0 0 1 0 0
0 0 0 1 1 1 1 1 0 0
0 0 0 1 1 0 0 1 0 0
0 0 0 1 1 1 1 1 0 0
0 0 0 1 1 0 0 1 0 0
0 0 0 1 1 0 0 1 0 0
0 0 0 1 1 0 0 1 1 1
0 0 0 1 1 0 0 1 1 2
0 0 0 1 1 1 1 1 1 1
Maze 57
109 27 3.5000000000 1.9454274503 77 0.379943754959435
87 72 89 11 27 35 14 10 65 98 37 95 5 74 34 87
82 82 81 21 25 34 4 5 95 97 35 400 4 400 84
401 401 401 401 402 401 402 402 401 401 402 400 402 400 401
0 0 0 1 1 1 1 1 1 1
1 0 0 1 1 0 0 0 0 0
1 1 1 1 1 1 1 0 0 0
1 0 0 1 1 1 1 0 0 0
1 0 0 1 1 0 1 0 0 0
1 0 0 1 1 0 1 0 0 0
1 0 0 1 1 0 1 0 0 0
1 1 0 1 1 0 1 0 0 0
1 1 1 1 1 1 2 1 1 0
0 0 0 0 1 1 1 1 0 0
Maze 58
97 34 2.8571428571 2.1735887902 60 0.401139851697293
95 11 25 1 83 2 81 71 19 10 9 76 94 45 57 95
91 21 21 81 82 1 400 11 9 400 6 74 44 55 55
401 401 401 401 401 402 400 402 402 400 402 402 402 401 402
1 1 0 0 0 1 1 1 1 1
1 1 1 1 1 1 1 1 1 0
1 1 1 1 1 1 0 0 0 0
1 1 0 0 0 1 0 0 0 0
1 1 0 1 1 1 0 0 0 0
1 1 0 1 1 1 1 0 0 0
1 1 0 1 1 1 0 0 0 0
1 1 0 1 1 1 0 0 0 0
1 1 1 1 1 0 0 0 0 0
1 1 1 1 2 0 0 0 0 0
Maze 59
95 67 2.7187500000 2.2554445732 60 0.385109165653554
98 76 38 84 95 1 27 42 34 20 20 69 62 5 24 98
96 36 34 94 91 21 22 32 14 400 19 400 2 4 94
401 402 402 401 401 401 402 402 402 400 402 400 402 402 401
1 1 1 1 1 0 0 0 0 0
1 1 0 1 1 1 1 1 1 1
1 1 1 1 1 1 1 0 1 0
1 1 1 1 1 1 1 1 1 0
1 1 0 1 0 1 0 0 1 0
1 1 0 1 0 1 0 0 1 0
1 1 1 1 1 1 1 1 1 0
1 0 0 1 0 1 0 0 0 0
1 0 0 1 0 1 0 0 0 0
1 1 1 1 1 1 1 2 0 0
Maze 60
85 125 3.2307692308 2.2402867344 50 0.380416708946456
56 17 69 63 61 26 47 29 23 96 60 24 82 67 57 56
16 67 400 400 21 46 27 400 93 56 54 22 62 400 400
402 401 400 400 402 401 402 400 401 402 401 402 402 400 400
0 0 0 0 0 0 0 0 0 0
0 0 0 0 0 1 1 0 0 0
1 1 1 1 1 1 1 1 1 0
1 1 1 1 0 1 1 0 0 0
1 1 1 1 0 1 1 0 0 0
1 1 1 1 1 2 1 1 1 1
1 1 1 1 1 1 1 1 1 0
0 1 1 0 0 1 0 0 0 0
0 1 1 0 0 1 0 0 0 0
0 0 1 1 1 1 0 0 0 0
Maze 61
89 249 3.3076923077 2.1837316244 50 0.375275081617556
76 34 89 38 72 48 7 30 88 96 33 2 52 57 75 76
74 84 88 32 42 47 27 28 86 93 32 400 400 55 400
401 401 401 402 402 401 401 402 402 401 401 400 400 402 400
0 1 0 0 0 0 1 0 0 0
0 1 0 0 0 0 1 0 0 0
0 1 0 0 0 0 1 1 1 1
0 1 1 1 1 1 1 1 0 0
0 1 1 1 1 1 1 1 0 0
0 1 1 1 1 1 1 1 0 0
0 1 1 1 1 0 0 1 0 0
0 1 1 1 1 2 0 1 0 0
0 0 1 1 1 1 1 1 1 0
0 0 1 1 1 1 0 0 0 0
Maze 62
91 12 2.9411764706 2.0813323489 32 0.360305886567864
52 69 29 65 7 32 76 22 66 67 25 47 43 95 91 52
62 400 25 5 2 72 72 62 400 65 45 400 93 400 51
401 400 402 402 402 401 401 401 400 401 401 400 401 400 402
0 1 1 1 1 1 1 0 0 0
0 1 0 0 1 0 0 0 0 0
0 1 0 0 1 1 1 1 1 0
0 1 0 0 1 0 0 0 1 0
0 1 1 1 1 1 1 0 1 0
1 2 1 0 1 0 0 0 1 0
1 1 1 1 1 1 1 1 1 0
1 1 1 1 1 1 0 0 0 0
1 0 1 0 0 0 0 0 0 0
1 1 1 1 1 0 0 0 0 0
Maze 63
113 150 3.5849056604 1.9975484541 112 0.388818220727987
63 18 57 15 23 39 62 70 11 61 19 43 87 44 25 63
13 17 55 13 33 32 400 61 400 11 13 83 84 24 23
402 402 401 402 401 402 400 401 400 402 402 401 401 402 402
0 0 0 0 0 0 0 0 0 0
1 1 1 1 1 1 1 1 1 0
1 0 1 1 1 0 1 0 0 0
1 1 1 1 1 1 1 1 1 0
1 1 1 1 1 0 1 0 0 0
1 1 1 1 1 1 1 0 0 0
1 1 2 1 1 1 1 1 1 1
0 0 1 1 0 0 0 0 0 0
0 0 1 1 1 1 1 0 0 0
0 0 0 0 0 0 0 0 0 0
Maze 64
93 7 2.7187500000 2.2621608086 39 0.365809923885782
24 20 88 24 54 100 60 80 30 64 31 5 23 62 92 24
14 18 84 400 94 400 400 400 24 61 1 3 22 400 22
402 402 401 400 401 400 400 400 402 401 402 402 402 400 402
1 1 1 1 1 0 0 0 0 0
1 0 1 1 1 1 1 1 1 1
1 1 1 2 1 1 1 1 1 1
1 1 0 1 0 0 0 1 0 1
1 1 0 1 0 0 0 1 0 1
1 1 0 1 0 0 0 1 0 1
1 1 1 1 0 0 0 1 0 1
0 1 0 1 0 0 0 1 0 1
0 1 0 1 1 1 1 1 0 1
0 1 0 1 1 1 1 1 1 1
Maze 65
105 306 2.9846153846 2.2337259680 87 0.375896065440742
99 91 67 76 43 57 33 45 70 10 99 7 87 41 80 99
400 61 66 73 53 53 43 65 400 9 97 400 81 71 79
400 402 402 401 401 401 401 401 400 402 401 400 401 401 402
0 0 0 0 0 0 1 0 1 1
0 0 0 0 0 0 1 0 1 1
0 0 0 0 0 0 1 0 1 1
0 0 1 0 0 0 1 0 1 1
1 0 1 1 1 0 1 0 1 1
1 0 1 1 1 1 1 0 1 1
1 1 1 1 1 1 1 1 1 1
1 1 1 1 1 1 1 1 1 1
1 1 1 1 1 1 1 0 1 0
1 1 1 1 1 1 1 1 2 0
Maze 66
121 29 3.4545454545 1.9444747037 95 0.383870465565381
1 11 68 95 31 82 6 20 2 82 16 74 99 83 68 1
400 61 65 91 81 2 16 12 400 12 14 94 93 63 61
400 401 402 401 401 402 401 401 400 402 402 401 401 402 401
2 1 1 1 1 1 0 0 0 0
1 1 1 1 1 1 1 1 1 1
1 1 0 1 0 0 0 0 0 0
1 1 0 1 0 0 0 0 0 0
1 1 0 1 0 0 0 0 0 0
1 1 0 1 0 0 0 0 0 0
1 1 1 1 1 1 1 1 0 0
1 1 1 1 1 0 0 0 0 0
1 1 1 1 1 0 0 0 0 0
1 1 1 1 1 1 1 1 1 0
Maze 67
57 53 2.7222222222 2.0339642590 7 0.384087226587777
35 35 26 78 76 42 71 33 14 74 22 51 41 12 25 35
400 25 76 400 72 41 31 13 400 72 21 400 11 22 400
400 402 401 400 401 402 402 402 400 401 402 400 402 401 400
0 0 0 0 0 0 0 0 0 0
1 1 1 1 0 0 0 0 0 0
1 1 1 1 1 1 0 0 0 0
1 1 1 1 2 1 0 0 0 0
1 1 0 1 0 1 0 0 0 0
1 1 0 1 0 1 0 0 0 0
1 1 0 1 0 1 0 0 0 0
1 1 1 1 1 1 1 1 0 0
0 0 0 0 0 0 0 0 0 0
0 0 0 0 0 0 0 0 0 0
Maze 68
113 197 3.9111111111 1.8533000006 68 0.390256299181285
17 89 17 52 56 38 53 59 81 19 55 27 58 16 41 17
87 87 12 400 36 33 400 51 11 15 25 57 56 11 11
401 401 402 400 402 402 400 402 402 402 402 401 401 402 402
0 0 0 0 0 0 0 0 0 0
1 1 1 1 1 1 2 1 1 0
1 1 0 0 1 1 1 0 0 0
1 1 1 1 1 1 1 1 0 0
1 1 1 0 1 1 1 0 0 0
1 1 1 1 1 1 1 1 1 0
1 0 0 0 0 0 1 0 0 0
1 0 0 0 0 0 1 0 0 0
1 0 0 0 0 0 1 1 1 0
0 0 0 0 0 0 0 0 0 0
Maze 69
77 62 2.8627450980 2.2513145364 26 0.373294292085623
29 68 40 89 100 24 31 3 22 64 13 44 16 16 32 29
28 38 39 99 94 21 1 2 62 63 43 14 400 12 22
402 402 402 401 401 402 402 402 401 401 401 402 400 402 402
1 1 1 0 0 0 0 0 0 0
1 1 1 1 1 1 0 0 0 0
1 1 1 1 1 1 1 1 2 0
1 1 1 1 0 0 0 1 1 1
0 1 1 1 0 0 0 1 1 0
0 1 1 1 0 0 0 1 1 0
0 1 1 1 0 0 0 1 1 0
0 0 0 1 0 0 0 0 1 0
0 0 0 1 0 0 0 0 1 0
0 0 0 1 1 1 1 1 1 1
Maze 70
83 67 3.2000000000 2.2130626831 30 0.365486590274577
80 29 96 58 83 55 88 48 62 14 15 1 22 46 45 80
79 26 56 53 53 85 400 42 12 400 11 21 42 400 75
401 402 402 402 402 401 400 402 402 400 401 401 401 400 401
1 0 0 0 0 0 0 0 0 0
1 1 1 1 1 0 0 0 0 0
1 1 0 0 0 1 1 1 1 0
0 1 0 0 0 1 0 0 1 0
0 1 1 1 1 1 1 1 1 0
0 1 1 1 1 1 1 1 1 0
0 1 1 0 1 1 0 1 1 0
0 0 1 0 1 1 1 1 1 2
0 0 1 0 1 1 1 1 0 0
0 0 0 0 0 1 0 0 0 0
Maze 71
103 147 3.3220338983 2.2527805515 65 0.376503141215735
29 14 52 95 50 18 11 84 15 54 69 37 95 82 11 29
24 12 92 45 48 400 81 14 14 64 67 35 92 81 21
401 402 401 402 401 400 401 402 402 401 401 402 401 401 401
0 0 0 0 0 0 0 0 0 0
1 1 1 1 1 1 1 1 0 0
1 1 1 1 1 1 1 1 2 0
1 1 0 1 1 1 1 1 0 0
1 1 0 1 1 1 1 1 1 1
1 1 0 1 1 0 1 0 0 0
1 1 0 1 1 1 1 1 1 0
1 1 0 1 1 0 0 0 0 0
1 1 1 1 1 0 0 0 0 0
0 1 1 1 1 0 0 0 0 0
Maze 72
89 253 2.9818181818 2.2667425955 44 0.382740368041394
21 75 59 29 29 94 34 55 21 38 66 78 30 90 39 21
71 55 400 400 24 400 54 51 31 36 76 28 400 89 31
401 402 400 400 402 400 401 401 401 402 401 402 400 401 401
0 0 0 0 0 0 0 0 0 0
0 0 0 0 0 0 0 0 0 0
2 0 0 1 1 1 1 1 1 1
1 1 1 1 1 1 1 1 1 1
1 0 0 1 0 1 0 1 1 1
1 1 1 1 1 1 1 1 1 1
1 0 0 1 1 1 0 1 1 1
1 1 1 1 1 1 1 1 1 1
0 0 0 1 0 0 0 0 1 1
0 0 0 1 0 0 0 0 0 0
Maze 73
107 182 3.6071428571 2.1718260238 112 0.382745021943969
36 64 77 8 80 44 27 92 86 41 71 49 62 57 22 36
34 74 7 78 74 24 22 82 81 400 41 42 52 52 32
402 401 402 401 401 402 402 402 401 400 402 402 402 401 401
0 0 0 0 0 0 1 1 0 0
0 0 0 0 0 0 1 1 0 0
0 1 1 1 1 1 1 1 0 0
0 1 1 1 1 2 1 1 0 0
1 1 1 1 1 1 1 1 1 0
1 1 1 1 1 1 1 1 0 0
1 1 0 1 0 0 1 1 0 0
1 1 0 1 1 1 1 1 1 1
1 1 1 1 1 1 0 0 0 0
0 1 0 0 0 0 0 0 0 0
Maze 74
101 44 3.1020408163 1.9018548331 59 0.375029684623310
73 35 51 61 40 49 85 31 40 17 92 76 35 52 88 73
33 31 400 31 39 45 81 400 37 12 72 75 32 82 83
402 402 400 402 402 402 401 400 401 402 402 401 402 401 401
0 0 0 0 0 0 0 0 0 0
0 1 1 1 1 1 1 0 0 0
0 1 0 0 0 0 1 0 0 0
1 1 1 1 1 1 1 1 1 1
1 1 1 0 1 1 1 1 1 0
1 1 1 0 1 0 0 0 0 0
1 1 1 0 1 0 0 0 0 0
1 1 2 1 1 1 0 0 0 0
1 1 1 1 1 1 1 1 0 0
0 1 0 0 0 0 0 0 0 0
Maze 75
69 25 2.8695652174 2.2408046504 5 0.396738082011069
28 23 43 17 18 38 27 76 64 23 52 99 6 23 28 28
400 400 13 400 400 37 26 74 63 22 92 96 3 400 400
400 400 402 400 400 401 402 401 401 402 401 401 402 400 400
0 0 1 1 1 1 0 0 0 0
0 0 1 1 1 1 1 1 0 0
0 1 1 1 1 1 1 2 0 0
0 1 1 0 0 1 1 1 0 0
0 1 1 0 0 1 0 0 0 0
0 1 1 0 0 1 0 0 0 0
0 1 1 1 0 1 0 0 0 0
0 1 0 1 1 1 0 0 0 0
0 1 0 0 0 1 0 0 0 0
0 1 1 1 1 1 1 1 1 0
Maze 76
101 86 3.1000000000 2.1789070910 55 0.370587885259468
95 95 32 10 94 58 16 19 18 29 63 84 18 53 31 95
400 92 2 4 54 56 400 400 28 23 83 14 13 51 91
400 401 402 402 402 401 400 400 401 402 401 402 402 401 401
0 1 1 1 1 1 1 1 1 1
0 1 1 1 1 1 1 1 1 0
0 1 1 1 1 1 1 1 1 0
1 1 1 1 0 1 0 0 0 0
1 1 1 1 0 1 0 0 0 0
1 1 1 1 1 1 1 1 0 0
1 1 1 1 0 0 0 0 0 0
1 1 1 1 0 0 0 0 0 0
1 1 1 1 0 0 0 0 0 0
1 1 1 1 2 0 0 0 0 0
Maze 77
101 96 2.9824561404 2.0722518016 77 0.385188022193994
97 23 30 80 54 64 100 36 5 73 90 83 23 30 50 97
93 400 400 74 400 94 96 35 3 83 400 400 400 400 47
401 400 400 401 400 401 401 401 402 401 400 400 400 400 402
0 0 1 1 1 0 0 0 0 0
0 0 1 0 1 0 0 0 0 0
0 0 1 1 1 1 1 1 1 1
0 0 1 0 1 1 0 0 0 1
0 0 1 0 0 1 1 1 1 1
0 0 1 1 0 1 1 0 0 1
0 0 1 1 0 1 1 0 0 1
0 0 1 1 1 1 1 1 1 1
0 0 1 1 1 1 1 1 1 1
0 0 1 1 1 1 2 1 1 1
Maze 78
97 4 3.6923076923 1.8053602915 48 0.371309432713602
71 83 61 16 6 74 14 6 46 7 82 7 12 86 51 71
81 81 11 400 4 400 4 400 6 2 2 2 82 81 400
401 401 402 400 402 400 402 400 402 402 402 402 401 401 400
0 1 1 1 1 1 1 0 0 0
1 1 1 1 1 1 0 0 0 0
1 1 0 1 0 1 0 0 0 0
1 1 0 1 0 1 0 0 0 0
1 1 0 1 0 1 0 0 0 0
1 1 0 1 0 0 0 0 0 0
1 1 0 1 0 0 0 0 0 0
2 1 0 1 0 0 0 0 0 0
1 1 1 1 1 1 0 0 0 0
0 0 0 0 0 0 0 0 0 0
Maze 79
71 19 2.7600000000 2.2863936181 13 0.346628653744144
4 3 83 89 54 54 58 9 2 2 55 61 14 14 37 4
400 400 400 84 400 400 8 400 400 52 51 11 400 34 34
400 400 400 401 400 400 402 400 400 401 402 402 400 401 401
0 1 1 2 1 1 1 1 1 0
1 1 1 1 0 0 0 1 0 0
1 1 1 1 0 0 0 1 0 0
1 1 1 1 1 1 1 1 0 0
1 1 1 0 0 0 0 1 0 0
1 1 1 1 1 1 1 1 0 0
1 0 1 1 0 0 0 0 0 0
0 0 1 1 0 0 0 0 0 0
0 0 1 1 1 1 1 1 1 0
0 0 0 0 0 0 0 0 0 0
Maze 80
99 86 3.4716981132 2.1112953808 71 0.394606167438895
29 77 13 81 96 70 6 78 57 38 96 83 41 38 34 29
27 73 11 91 66 66 76 77 37 36 93 81 31 400 24
402 401 402 401 402 401 401 401 402 402 401 401 402 400 402
0 0 0 0 0 1 0 0 0 0
1 1 1 0 0 1 0 0 0 0
1 0 1 1 1 1 1 1 2 0
1 1 1 1 1 1 1 1 0 0
1 0 1 0 0 1 1 0 0 0
1 0 1 0 0 1 1 0 0 0
1 0 1 0 0 1 1 1 1 1
1 0 1 1 1 1 1 1 0 0
1 1 1 0 0 1 0 0 0 0
1 1 1 1 1 1 0 0 0 0
Maze 81
89 195 3.0384615385 2.0640750970 39 0.365631315121522
33 79 4 18 3 37 59 8 33 14 25 56 18 32 73 33
73 74 14 13 33 57 58 3 13 24 55 16 12 72 400
401 401 401 401 401 401 401 402 402 401 401 402 402 401 400
0 0 1 1 1 1 1 1 0 0
0 1 1 1 1 1 1 1 0 0
0 1 1 1 1 1 0 1 0 0
0 1 2 1 1 1 1 1 0 0
0 1 1 1 1 1 1 1 0 0
0 1 1 1 1 1 1 1 1 0
0 1 1 1 0 0 0 0 0 0
0 1 1 1 1 1 1 1 1 0
0 0 0 0 0 0 0 0 0 0
0 0 0 0 0 0 0 0 0 0
Maze 82
133 190 3.5272727273 1.7985074430 128 0.400279803298277
73 94 16 41 93 1 77 2 94 18 39 1 42 10 52 73
93 14 11 91 91 71 72 92 14 38 31 41 2 2 72
401 402 402 401 401 401 401 401 402 401 401 401 402 402 401
1 1 1 1 1 1 1 1 1 1
1 1 1 1 1 1 1 1 0 0
1 1 0 1 0 0 0 1 0 0
1 1 1 1 1 1 1 1 1 0
1 1 0 1 0 0 0 0 0 0
1 1 0 1 0 0 0 0 0 0
1 1 0 1 0 0 0 0 0 0
1 1 2 1 1 1 1 0 0 0
1 1 1 1 0 0 0 0 0 0
1 1 1 1 0 0 0 0 0 0
Maze 83
119 393 3.4666666667 2.0770680200 125 0.382101176876982
98 93 61 19 97 45 80 77 19 45 91 73 40 93 36 98
400 91 11 17 95 75 400 17 15 41 71 33 33 33 96
400 401 402 402 401 401 400 402 402 402 402 402 402 402 401
0 0 0 0 0 0 0 0 0 0
1 1 1 1 1 1 1 1 1 0
1 0 0 0 1 0 1 0 0 0
1 0 1 1 1 1 1 1 1 1
1 1 1 1 1 1 1 0 0 0
1 0 1 0 1 1 1 0 0 0
1 0 1 0 1 1 1 0 0 0
1 1 1 0 1 1 1 1 1 1
1 0 1 0 1 1 1 0 0 0
1 1 1 1 1 1 1 2 0 0
Maze 84
99 307 3.1333333333 2.2217810464 84 0.377873661578250
50 23 38 55 5 36 68 76 9 82 95 70 84 18 58 50
43 33 35 400 35 66 66 6 2 92 65 64 14 400 48
401 401 402 400 401 401 402 402 402 401 402 402 402 400 402
0 1 1 1 1 1 1 1 1 0
0 1 0 1 1 1 1 1 0 0
0 1 1 1 1 1 0 1 0 0
0 1 1 1 1 1 1 1 0 0
0 1 1 1 1 1 1 1 1 2
0 1 0 1 1 1 0 1 0 0
0 1 0 1 1 1 1 1 1 1
0 1 0 1 1 1 0 0 0 0
0 1 0 1 1 0 0 0 0 0
0 1 1 1 1 0 0 0 0 0
Maze 85
71 37 3.2105263158 1.9387218755 20 0.375109987339274
39 4 54 26 17 6 26 66 4 46 2 13 62 74 85 39
34 400 24 16 16 400 400 64 44 42 12 12 72 84 35
401 400 402 402 401 400 400 401 401 401 401 402 401 401 402
0 1 0 1 0 1 0 0 0 0
0 1 1 1 0 1 1 0 0 0
0 1 0 1 1 1 0 0 0 0
0 1 0 1 1 1 1 1 2 0
0 1 1 1 1 1 0 0 0 0
0 1 0 1 1 1 0 0 0 0
0 1 0 1 1 1 0 0 0 0
0 1 1 1 1 0 0 0 0 0
0 0 0 1 1 0 0 0 0 0
0 0 0 0 0 0 0 0 0 0
Maze 86
89 42 3.0169491525 2.3158104283 50 0.412650717354216
31 62 52 39 98 96 83 13 75 80 65 19 90 89 20 31
61 400 32 38 400 93 400 73 400 75 15 89 400 19 11
401 400 402 402 400 401 400 401 400 401 402 401 400 402 402
0 0 0 0 0 0 0 0 0 0
1 1 1 1 1 1 1 1 1 1
1 0 1 0 1 0 0 0 1 0
2 1 1 1 1 1 1 1 1 0
1 1 1 0 1 0 0 1 1 0
1 1 1 0 1 0 0 1 1 0
1 1 1 0 1 0 0 1 1 0
0 0 1 1 1 1 1 1 1 1
0 0 1 0 0 0 0 1 1 1
0 0 1 1 1 1 1 1 0 0
Maze 87
85 37 3.2888888889 1.9562299112 34 0.377622238734972
66 86 9 34 12 73 79 77 53 26 69 48 79 43 87 66
400 6 4 32 72 400 400 73 23 66 68 78 73 83 86
400 402 402 401 401 400 400 401 402 401 401 401 401 401 401
0 0 0 1 1 1 1 1 1 0
0 1 0 1 0 1 0 0 0 0
0 1 1 1 1 1 0 0 0 0
0 1 1 1 0 1 0 0 0 0
0 1 1 0 0 1 0 1 0 0
0 1 1 0 0 1 0 1 0 0
0 1 1 0 0 2 1 1 1 0
0 1 1 1 1 1 1 1 1 0
0 0 1 1 1 1 1 0 0 0
0 0 0 0 0 0 0 0 0 0
Maze 88
119 197 2.9180327869 1.9676297459 140 0.386808238568147
7 52 41 20 11 95 66 7 70 70 59 1 20 41 83 7
2 51 11 400 91 65 6 67 400 69 51 11 11 81 3
402 401 402 400 401 402 402 401 400 401 401 401 402 401 402
1 1 1 1 1 1 2 0 0 0
1 1 1 1 1 1 1 1 1 1
1 1 1 0 0 1 1 0 0 0
1 1 1 0 0 1 1 0 0 0
1 1 1 0 0 1 1 0 0 0
1 1 1 1 1 1 1 1 1 0
1 0 1 0 1 1 1 1 1 1
1 0 1 0 1 0 0 0 0 0
1 1 1 0 1 0 0 0 0 0
1 1 1 1 1 0 0 0 0 0
Maze 89
131 3891 3.3424657534 2.2651434985 210 0.382905668866472
76 92 6 5 92 60 40 85 74 20 61 95 70 91 28 76
72 2 400 2 52 400 35 84 14 11 91 65 61 21 26
402 402 400 402 402 400 402 401 402 402 401 402 402 402 402
0 1 1 1 1 1 0 0 0 0
1 1 1 1 1 1 1 1 1 1
1 1 1 1 1 1 1 1 0 0
1 1 0 1 1 1 1 1 1 1
1 1 0 1 1 1 0 0 0 1
1 1 1 1 1 1 1 1 1 1
1 1 1 1 1 1 1 1 1 1
1 1 1 1 1 2 0 0 0 0
1 1 0 1 1 0 0 0 0 0
1 1 1 1 1 0 0 0 0 0
Maze 90
91 321 2.7666666667 2.3303059088 41 0.374030485843983
72 37 46 88 83 10 77 84 54 56 11 16 56 22 91 72
32 36 86 400 3 7 74 400 400 51 400 400 52 21 71
402 402 401 400 402 402 402 400 400 401 400 400 401 402 402
0 0 1 1 1 1 1 1 1 1
1 1 1 1 1 1 1 0 0 0
1 1 1 0 0 1 1 0 0 0
1 1 1 1 1 1 1 0 0 0
1 1 1 0 0 1 1 0 0 0
1 1 1 1 1 1 1 0 0 0
1 1 1 1 0 1 1 0 0 0
1 2 1 1 1 1 1 0 0 0
1 0 1 1 1 1 1 1 0 0
1 0 0 0 0 0 0 0 0 0
Maze 91
97 1450 3.0158730159 2.3195290864 71 0.391265561704603
8 89 91 54 19 45 54 38 62 62 72 68 9 76 23 8
88 81 51 14 15 44 34 32 400 400 62 8 6 73 3
401 402 402 402 402 402 402 402 400 400 402 402 402 401 402
0 0 1 1 1 1 1 2 1 0
0 0 1 1 1 1 1 1 1 0
0 0 1 1 1 1 0 1 0 0
0 1 1 1 1 1 1 1 0 0
0 1 1 1 1 1 0 1 0 0
1 1 1 1 0 1 0 1 0 0
1 1 1 1 1 1 1 1 0 0
1 1 1 1 1 1 0 1 0 0
1 1 1 1 1 1 1 1 1 0
1 0 0 0 0 0 0 0 0 0
Maze 92
101 117 3.0000000000 2.1857791348 71 0.385623962188177
32 89 34 87 9 98 54 72 52 57 46 95 59 10 26 32
82 84 84 7 8 94 52 400 400 56 45 55 9 6 22
401 401 401 402 402 401 402 400 400 401 402 402 402 402 402
0 0 0 0 0 1 1 1 1 1
0 0 0 0 0 1 1 1 1 0
0 1 1 1 1 1 1 1 1 0
0 2 0 1 0 0 1 1 1 0
0 1 0 1 1 1 1 1 1 0
0 1 1 1 1 1 1 1 1 0
0 1 0 1 1 0 1 1 0 0
0 1 0 1 1 0 1 1 0 0
0 1 1 1 1 1 1 1 1 0
0 0 0 1 1 1 1 1 0 0
Maze 93
109 1019 2.9846153846 2.1340820619 90 0.397766639614864
30 89 50 71 88 22 61 16 76 87 78 60 84 6 87 30
29 49 41 81 82 21 11 400 86 77 58 54 4 86 27
402 402 402 401 401 402 402 400 401 402 402 402 402 401 402
0 0 0 1 1 1 0 0 0 0
1 1 1 1 1 1 0 0 0 0
1 1 0 1 0 1 1 1 1 2
1 1 0 1 0 1 1 0 1 0
1 1 1 1 1 1 1 1 1 1
1 1 0 1 1 1 1 1 1 1
1 1 0 1 0 1 1 1 1 0
1 1 0 1 0 1 1 1 1 0
1 1 1 1 1 1 1 1 1 0
0 0 0 0 0 0 0 0 0 0
Maze 94
103 32 3.4716981132 2.1910365402 46 0.377576909770898
75 1 87 62 57 49 19 77 58 50 2 79 88 17 78 75
71 81 82 52 47 400 17 57 48 42 72 78 87 77 400
401 401 401 402 402 400 402 402 402 401 401 402 401 401 400
1 1 0 0 0 0 0 0 0 0
1 1 0 0 0 0 1 1 1 0
1 1 0 0 0 0 1 0 1 0
1 1 0 0 0 0 1 0 1 0
1 1 1 1 1 1 1 1 1 1
1 1 1 1 1 1 1 1 0 0
1 1 0 0 0 0 1 0 0 0
1 1 1 1 2 1 1 1 1 0
1 1 1 1 1 1 1 1 0 0
0 0 0 0 0 0 0 0 0 0
Maze 95
97 10 3.3181818182 1.8686328133 71 0.375361582104372
99 26 70 73 67 14 16 94 68 58 34 5 93 70 87 99
96 66 63 63 64 400 14 64 400 54 4 3 63 67 97
401 401 402 402 401 400 402 402 400 401 402 402 402 402 401
0 0 1 1 1 0 0 0 0 0
0 0 1 1 1 1 0 0 0 0
0 0 1 1 0 1 0 0 0 0
0 0 1 1 0 1 0 0 0 0
0 0 1 1 0 1 0 0 0 0
0 0 1 1 1 1 1 1 0 0
0 0 1 1 1 1 1 1 1 1
0 0 1 1 0 1 1 0 0 0
0 0 1 1 0 1 1 0 0 0
0 0 1 1 0 1 1 1 2 0
Maze 96
65 6 2.7906976744 2.2311153372 10 0.355570343322529
16 19 90 59 56 1 24 62 93 53 73 56 46 57 34 16
400 89 89 400 51 21 22 92 400 400 53 400 56 54 14
400 401 401 400 401 401 402 401 400 400 402 400 401 401 402
1 0 0 0 0 0 0 0 0 0
1 0 0 1 1 2 1 1 1 0
1 1 1 1 0 0 0 0 1 0
1 1 0 1 0 0 0 0 1 0
1 1 0 1 0 1 0 0 1 0
1 1 1 1 1 1 1 1 1 0
0 1 1 0 0 0 0 0 1 0
0 1 1 0 0 0 0 0 1 0
0 1 1 0 0 0 0 0 1 1
0 1 1 0 0 0 0 0 0 0
Maze 97
129 115 3.2121212121 2.1869553332 182 0.386154135916330
6 51 29 70 91 59 16 71 55 26 22 78 61 97 51 6
1 21 69 61 51 56 11 51 25 400 72 71 91 91 1
402 402 401 402 402 401 402 402 402 400 401 401 401 401 402
1 1 1 1 1 2 0 0 0 0
1 1 1 1 1 1 0 0 0 0
1 1 1 1 1 1 1 1 1 0
1 1 0 0 1 1 0 0 1 0
1 1 0 0 1 1 0 0 1 0
1 1 1 1 1 1 1 1 1 0
1 1 1 1 1 1 1 1 1 1
1 1 1 1 1 1 1 1 0 0
1 0 0 0 0 0 0 0 0 0
1 1 1 1 1 1 1 0 0 0
Maze 98
87 23 3.3125000000 1.5379610420 45 0.405509229407209
41 18 74 33 51 1 11 51 19 65 24 45 19 18 54 41
11 14 73 31 400 400 400 11 15 64 44 15 400 14 51
402 402 401 402 400 400 400 402 402 401 401 402 400 402 401
1 0 0 0 0 0 0 0 0 0
1 1 1 1 1 1 1 1 1 0
1 0 0 1 1 0 0 0 0 0
1 1 1 1 1 0 0 0 0 0
2 0 1 1 1 0 0 0 0 0
1 1 1 1 1 0 0 0 0 0
0 0 1 1 1 0 0 0 0 0
0 0 1 1 0 0 0 0 0 0
0 0 0 0 0 0 0 0 0 0
0 0 0 0 0 0 0 0 0 0
Maze 99
85 64 3.3953488372 2.0304360261 32 0.363326583056900
71 58 47 99 28 48 69 65 61 76 1 73 80 66 82 71
51 57 97 98 400 68 400 400 71 71 71 400 76 62 81
402 401 401 401 400 401 400 400 401 401 401 400 401 402 401
1 0 0 0 0 0 0 0 0 0
1 0 0 0 0 0 0 0 0 0
1 0 0 0 0 0 0 1 0 0
1 0 0 0 0 0 0 1 0 0
1 0 0 0 0 0 1 1 0 0
1 1 1 1 1 1 1 1 0 0
1 1 1 1 1 1 1 1 1 0
2 1 1 1 1 1 1 1 1 1
1 1 0 0 0 0 1 1 0 0
0 0 0 0 0 0 1 1 1 0
Maze 100
89 6 3.3333333333 2.1174634020 29 0.370141906664636
33 33 100 33 40 2 62 35 15 16 33 36 87 19 19 33
400 93 93 400 32 400 32 400 400 13 400 86 17 400 13
400 401 401 400 401 400 402 400 400 402 400 401 402 400 402
0 1 0 0 0 0 0 0 0 0
0 1 1 1 1 1 1 1 1 0
0 1 1 0 1 0 1 0 0 0
0 1 2 1 1 1 1 1 1 1
0 1 1 0 0 1 1 0 0 0
0 1 1 0 0 1 1 0 0 0
0 1 1 0 0 1 1 0 0 0
0 0 1 0 0 1 1 0 0 0
0 0 1 0 0 1 1 0 0 0
0 0 1 1 1 1 1 1 1 1
Maze 101
105 651 2.9275362319 2.3746736280 99 0.366273227639797
78 28 62 13 94 15 10 36 80 7 39 7 61 91 67 78
400 22 12 93 14 5 6 76 77 37 37 1 400 61 77
400 402 402 401 402 402 402 401 401 401 401 402 400 402 401
1 1 1 1 1 1 1 1 1 1
1 1 1 1 1 1 1 0 0 0
1 1 1 1 1 1 1 1 0 0
1 1 1 1 0 1 1 1 1 0
1 1 1 1 0 1 1 1 0 0
1 1 1 1 0 1 1 1 0 0
1 1 1 1 1 1 1 1 0 0
1 0 1 1 0 1 1 2 1 1
1 0 1 1 0 0 0 0 0 0
1 0 1 1 0 0 0 0 0 0
Maze 102
83 13 2.9166666667 2.0206224498 26 0.367562933738288
17 16 5 64 70 32 20 39 9 94 61 74 36 17 13 17
400 15 4 400 62 12 19 400 4 91 71 34 16 400 400
400 401 402 400 401 402 402 400 402 401 401 402 402 400 400
0 0 0 1 1 1 1 1 1 0
0 1 1 1 1 1 2 1 1 1
0 1 0 1 0 1 0 0 1 0
0 1 0 1 1 1 0 0 1 0
0 1 0 1 0 0 0 0 0 0
0 1 0 1 0 0 0 0 0 0
1 1 1 1 1 1 1 1 1 1
1 1 1 1 0 0 0 0 0 0
1 0 0 1 0 0 0 0 0 0
1 1 1 1 0 0 0 0 0 0
Maze 103
109 72 3.1746031746 2.1935237776 84 0.385950522605893
17 95 59 20 93 51 95 9 5 29 80 70 76 55 92 17
15 55 19 13 91 91 5 400 25 79 400 66 75 52 12
402 402 402 402 401 401 402 400 401 401 400 402 401 402 402
0 0 0 0 1 1 1 1 1 0
0 1 1 1 1 1 2 1 1 1
0 1 1 0 1 1 1 1 1 0
0 1 1 0 1 0 0 0 1 0
0 1 1 0 1 0 0 0 1 0
1 1 1 1 1 1 1 1 1 0
1 1 1 0 1 1 1 1 1 1
1 1 1 0 1 1 0 0 1 1
1 1 1 0 1 0 0 0 0 0
1 1 1 1 1 0 0 0 0 0
Maze 104
89 54 3.1304347826 1.9203479227 36 0.397451091002147
19 60 36 64 99 36 34 98 81 94 49 68 96 35 5 19
59 56 34 94 96 400 94 91 91 44 48 66 95 400 15
401 401 402 401 401 400 401 401 401 402 402 402 401 400 401
0 0 0 0 1 0 0 0 0 0
0 0 0 0 1 1 1 1 2 0
0 0 0 0 1 0 0 0 1 0
0 0 0 1 1 1 0 0 1 0
0 0 0 1 1 1 1 1 1 0
0 0 0 1 1 1 1 1 1 1
0 0 0 1 1 1 1 1 0 0
0 0 0 1 1 1 0 0 0 0
1 0 0 1 1 1 0 0 0 0
1 1 1 1 1 1 1 1 1 0
Maze 105
91 22 2.9230769231 2.1098800302 56 0.352797912937126
51 52 60 70 27 16 28 11 54 93 82 4 81 41 98 51
400 400 400 67 26 26 21 51 53 92 2 1 400 91 91
400 400 400 401 401 401 401 401 402 401 402 402 400 401 401
1 1 1 1 0 0 0 0 0 0
1 1 0 0 0 1 0 0 0 0
1 1 1 1 1 1 1 1 0 0
1 1 0 0 0 0 1 0 0 0
1 1 0 0 0 0 1 0 0 0
2 1 1 1 1 1 1 1 1 1
1 1 1 0 0 0 1 1 1 1
1 1 1 0 0 0 0 0 0 0
1 1 1 0 0 0 0 0 0 0
1 1 1 1 1 1 1 1 0 0
Maze 106
71 33 2.9361702128 2.1900376742 16 0.393985342731784
29 96 87 89 88 42 33 12 67 37 55 39 70 79 65 29
26 86 400 400 82 32 32 62 400 35 35 69 69 75 25
402 402 400 400 401 402 401 401 400 402 402 401 402 401 402
0 0 0 0 0 0 0 0 0 0
0 1 0 0 0 0 0 0 0 0
0 1 0 0 1 1 1 1 2 0
0 1 1 0 1 1 1 1 1 0
0 1 0 0 1 1 1 0 1 0
0 1 0 0 1 1 1 0 1 0
0 1 1 1 1 1 1 0 1 1
0 1 0 0 1 1 1 1 1 0
0 1 1 1 1 1 1 1 1 0
0 0 0 0 0 1 0 0 0 0
Maze 107
113 342 3.2727272727 2.0823796891 92 0.381134384090994
97 90 42 13 19 77 31 64 27 62 1 77 85 11 37 97
87 82 12 400 17 71 61 24 22 61 71 75 81 31 400
402 401 402 400 402 401 401 402 402 401 401 402 401 401 400
1 0 0 0 0 0 0 0 0 0
1 1 1 1 1 1 1 1 1 0
1 1 1 1 1 1 1 0 0 0
1 1 1 1 1 1 1 0 0 0
1 1 0 1 0 0 1 0 0 0
1 1 0 1 0 0 1 0 0 0
1 1 1 1 0 0 1 0 0 0
1 1 1 1 1 1 1 0 0 0
1 1 1 1 1 1 1 1 1 1
0 0 0 0 0 0 2 0 0 0
Maze 108
91 142 3.1851851852 2.2136457562 50 0.370978115514562
76 26 14 5 74 58 36 65 19 31 66 99 23 69 66 76
400 24 4 4 54 56 35 15 11 61 96 93 63 400 400
400 401 402 402 402 401 402 402 402 401 401 401 401 400 400
0 0 0 1 1 0 0 0 0 0
1 1 1 1 1 1 1 1 1 0
1 0 1 1 1 1 0 0 0 0
1 0 1 1 1 1 0 0 0 0
1 0 1 1 1 1 0 0 0 0
1 0 1 1 1 1 1 1 0 0
1 1 1 1 1 1 1 1 1 0
0 0 1 1 0 2 0 0 0 0
0 0 1 0 0 1 0 0 0 0
0 0 1 1 1 1 1 1 1 0
Maze 109
85 64 3.2500000000 2.0937500000 36 0.372007177570691
77 86 48 46 73 9 47 76 16 79 17 24 85 91 83 77
76 46 400 43 3 7 46 400 76 77 14 84 81 81 73
402 402 400 402 402 402 402 400 401 401 402 401 402 402 402
0 0 1 1 1 1 1 1 1 0
0 0 1 1 1 1 1 0 0 0
0 0 1 1 0 1 1 0 0 0
0 0 1 1 0 1 1 0 0 0
0 0 1 1 1 1 1 1 0 0
0 0 1 1 0 1 1 0 0 0
0 0 1 1 0 1 1 0 0 0
0 0 1 1 1 1 2 1 1 0
1 1 1 1 1 1 0 0 0 0
1 0 0 0 0 0 0 0 0 0
Maze 110
97 30 2.8524590164 2.1968884368 54 0.361104225942313
86 50 79 27 34 56 88 17 21 27 51 100 43 57 75 86
46 49 77 24 54 86 87 11 400 21 91 93 53 55 85
402 402 401 402 401 401 401 402 400 402 401 401 401 402 401
0 0 0 0 0 0 0 0 0 0
1 1 1 1 1 1 1 0 0 0
1 1 1 1 1 1 1 0 0 0
1 0 0 1 0 0 1 0 0 0
1 0 1 1 0 1 1 1 1 1
1 0 1 1 1 1 1 0 1 0
1 0 1 0 1 1 1 0 1 0
1 0 1 0 1 1 1 1 1 0
1 0 1 0 1 2 1 1 0 0
1 1 1 1 1 1 1 1 1 1
Maze 111
91 72 3.2800000000 2.0720409095 44 0.360549731108402
46 76 28 15 80 29 16 92 47 52 72 11 68 65 76 46
400 26 25 75 79 26 12 42 42 400 71 61 400 75 400
400 402 401 401 401 401 402 402 402 400 401 401 400 401 400
0 0 0 0 0 0 0 0 0 0
1 1 1 1 1 1 0 0 0 0
1 1 0 0 1 1 1 1 1 0
1 1 0 0 1 1 0 0 1 0
1 1 1 1 1 2 1 0 1 0
1 1 0 0 1 1 0 0 1 0
1 1 1 1 1 1 1 1 1 0
1 1 0 0 1 1 1 1 1 1
0 1 0 0 0 0 0 0 0 0
0 1 0 0 0 0 0 0 0 0
Maze 112
115 1521 3.2580645161 2.1533417509 156 0.384750334344357
65 2 88 30 36 21 78 88 16 95 89 72 7 51 56 65
62 82 28 26 31 71 400 86 15 85 82 2 1 400 55
401 401 402 402 401 401 400 401 402 402 401 402 402 400 402
1 1 1 1 1 1 1 0 0 0
1 1 0 0 1 1 0 0 0 0
1 1 0 0 1 1 1 1 1 1
1 1 1 1 1 1 0 1 0 0
1 1 0 0 1 1 0 1 0 0
1 1 1 1 1 1 0 1 0 0
1 1 1 1 2 1 0 1 0 0
1 1 1 1 1 1 1 1 0 0
0 1 1 1 1 1 1 1 1 0
0 0 0 0 1 0 0 0 0 0
Maze 113
85 23 3.1200000000 2.1596213612 45 0.381091118508654
41 26 26 46 18 25 24 18 79 67 84 58 12 30 92 41
21 400 400 16 15 400 14 78 77 64 54 52 22 22 91
402 400 400 402 402 400 402 401 401 402 402 401 401 402 401
0 0 0 0 0 0 0 0 0 0
0 1 0 1 1 1 1 1 0 0
1 1 1 1 1 1 1 1 1 1
1 1 0 0 0 1 0 1 0 0
2 1 0 0 0 1 0 1 0 0
1 1 1 1 1 1 1 1 0 0
1 1 0 1 1 1 1 1 0 0
1 1 0 1 0 0 1 1 1 0
1 1 0 1 0 0 0 0 0 0
1 1 0 0 0 0 0 0 0 0
Maze 114
105 797 3.3461538462 1.9651274493 90 0.394448301502049
68 16 59 45 80 33 62 88 63 79 71 89 58 39 61 68
66 56 55 75 73 32 82 83 73 400 81 88 38 31 400
401 401 401 401 401 402 401 401 401 400 401 401 402 402 400
0 0 0 0 0 0 0 0 0 0
0 0 0 0 0 1 0 0 0 0
0 0 0 0 0 1 0 0 0 0
1 1 1 1 1 1 1 1 1 0
1 1 1 0 1 1 0 1 0 0
1 1 1 0 1 1 1 1 1 0
1 1 1 1 1 1 1 2 0 0
1 1 1 1 1 1 1 1 1 1
1 1 1 1 1 1 1 1 1 0
0 0 0 0 0 0 0 0 0 0
Maze 115
73 11 3.2105263158 1.8959389945 20 0.389437047762249
32 26 65 60 97 87 29 27 48 45 98 89 57 8 30 32
22 25 55 57 400 27 400 47 400 95 88 87 7 28 22
402 402 402 402 400 402 400 401 400 401 402 401 402 401 402
0 0 0 0 0 0 1 1 0 0
0 0 0 0 0 0 1 1 0 0
0 1 1 1 1 1 1 1 1 1
0 2 0 0 1 0 1 0 0 0
0 0 0 0 1 1 1 1 0 0
0 0 0 0 1 1 1 1 1 1
0 0 0 0 1 0 1 0 0 0
0 0 0 0 1 0 1 0 0 0
0 0 0 0 1 0 1 1 1 0
0 0 0 0 1 1 1 1 0 0
Maze 116
75 115 3.6315789474 2.0956416266 35 0.370810738347445
75 58 62 62 82 24 19 12 83 65 97 75 23 32 14 75
55 52 400 400 22 14 400 82 63 95 95 73 22 12 74
402 402 400 400 402 402 400 401 402 401 401 401 402 402 401
0 0 0 0 0 0 0 0 0 0
0 1 1 1 1 1 1 1 1 0
0 1 1 1 0 0 0 0 0 0
0 1 1 1 0 0 0 0 0 0
0 1 1 1 0 0 0 0 0 0
0 1 1 1 1 1 1 1 0 0
0 1 1 1 1 0 0 0 0 0
0 1 1 1 2 0 0 0 0 0
0 1 1 0 1 0 0 0 0 0
0 0 0 0 1 1 1 0 0 0
Maze 117
85 519 3.1200000000 2.2130626831 41 0.381102600559559
75 6 67 51 33 58 89 13 13 46 91 82 83 68 94 75
5 66 61 31 53 88 83 400 43 41 81 400 63 64 74
402 401 401 402 401 401 401 400 401 402 402 400 402 402 402
0 0 0 0 1 1 0 0 0 0
0 0 1 0 1 1 0 0 0 0
0 0 1 0 1 1 0 0 0 0
1 1 1 0 1 1 0 0 0 0
1 1 1 1 1 1 0 0 0 0
1 0 1 1 1 1 1 1 0 0
1 1 1 1 1 1 1 1 0 0
1 0 1 1 2 0 0 1 0 0
1 1 1 1 1 1 1 1 1 0
1 0 0 1 0 0 0 0 0 0
Maze 118
107 73 3.2400000000 1.9534565163 105 0.388195816530889
21 52 79 91 18 79 73 15 84 93 64 85 33 89 41 21
51 72 71 11 78 400 13 14 83 63 84 83 83 81 400
401 401 402 402 401 400 402 402 402 402 401 401 401 401 400
0 0 0 0 0 0 0 0 0 0
1 1 1 1 1 1 1 1 0 0
2 0 1 1 0 0 0 1 0 0
1 0 1 1 0 0 0 1 0 0
1 0 1 1 0 0 0 1 0 0
1 1 1 1 0 0 0 1 0 0
1 1 1 1 0 0 0 1 0 0
1 1 1 1 1 1 1 1 1 0
1 1 1 1 1 1 1 1 1 0
1 0 1 0 0 0 0 0 0 0
Maze 119
131 354 2.9565217391 2.0754684553 153 0.384549291197926
77 19 21 79 49 54 14 50 83 1 75 19 90 10 11 77
17 11 71 400 44 400 44 43 81 71 15 89 400 1 71
402 402 401 400 402 400 401 402 401 401 402 401 400 402 401
1 1 1 1 1 1 1 1 1 1
1 1 1 1 1 1 1 1 1 1
1 0 0 1 1 0 1 0 1 1
1 0 0 1 1 0 1 0 1 1
1 0 1 1 1 1 1 1 1 1
1 0 1 1 1 0 1 0 1 1
1 0 1 0 1 0 1 0 1 1
1 1 1 1 1 1 2 1 1 1
1 1 1 0 0 0 0 0 1 1
0 0 0 0 0 0 0 0 0 0
Maze 120
97 39 3.1272727273 2.1070469813 60 0.361792984939668
89 20 37 54 87 25 46 95 20 6 22 51 95 91 49 89
19 17 34 84 85 45 45 15 16 2 21 91 400 41 400
402 402 402 401 401 401 402 402 401 402 402 401 400 402 400
0 1 1 1 1 1 0 0 0 0
0 1 0 0 1 1 1 1 1 1
1 1 0 0 1 0 1 0 1 0
1 0 0 1 1 1 1 0 1 0
1 1 1 1 1 1 1 1 1 0
1 0 0 1 1 0 0 0 1 0
1 0 0 1 1 0 0 0 1 0
1 0 0 1 1 0 0 0 1 0
1 0 0 1 1 1 1 0 2 0
1 1 1 1 1 0 0 0 0 0
Maze 121
83 194 3.0000000000 2.3233028506 35 0.357964417259521
97 69 49 80 99 44 5 39 41 64 79 38 64 72 51 97
67 400 79 79 94 4 35 31 61 74 78 34 62 71 91
402 400 401 402 401 402 401 402 401 401 401 402 402 401 401
0 0 0 1 1 0 0 0 0 0
0 0 0 1 1 0 0 0 0 0
0 0 0 1 1 0 0 0 0 0
1 1 1 1 1 1 1 1 1 0
1 0 0 1 0 0 0 1 1 0
1 0 0 1 0 0 0 1 1 0
1 1 1 1 0 0 1 1 1 0
1 1 0 1 1 1 1 1 1 1
1 0 0 1 0 0 1 0 1 0
1 1 1 1 1 1 2 1 1 0
Maze 122
109 177 3.3114754098 2.2814183635 91 0.383460979249220
47 50 36 87 59 92 28 97 55 81 19 71 53 34 41 47
400 46 86 57 52 22 27 95 51 11 11 51 33 31 400
400 401 401 402 402 402 402 401 402 402 402 402 402 402 400
0 0 0 0 0 0 0 0 0 0
1 1 1 1 1 1 1 1 1 0
1 1 1 1 1 1 1 1 0 0
1 1 1 1 0 1 1 0 0 0
1 1 1 1 1 1 2 1 1 1
1 1 1 1 1 1 1 1 1 0
1 1 0 0 1 1 1 0 0 0
1 1 0 0 1 1 1 0 0 0
1 1 0 0 1 1 1 0 0 0
0 1 0 0 1 1 1 0 0 0
Maze 123
81 22 2.8400000000 2.0663452372 30 0.383215202579606
97 40 30 39 88 75 74 4 56 80 87 22 8 24 57 97
37 400 29 38 85 400 400 54 76 77 82 2 4 54 400
402 400 402 402 401 400 400 401 401 402 401 402 402 401 400
0 1 1 1 1 1 1 1 0 0
0 1 0 1 0 0 0 0 0 0
0 1 0 1 0 0 0 0 1 1
0 1 0 1 0 0 1 1 1 1
0 1 0 1 0 0 1 1 0 0
0 1 0 1 1 1 1 1 0 0
0 1 0 1 0 1 1 1 0 0
0 1 0 1 1 1 1 1 1 1
0 1 1 1 1 1 1 1 0 0
0 0 0 0 0 0 2 0 0 0
Maze 124
89 62 2.9824561404 2.1769963096 50 0.403820637939893
61 32 5 4 93 89 83 12 65 47 7 97 90 59 29 61
31 2 400 3 83 400 82 62 45 400 400 87 89 400 21
402 402 400 402 402 400 401 401 402 400 400 402 401 400 402
0 1 1 1 1 0 1 0 0 0
0 1 1 0 0 0 1 0 0 0
1 1 1 1 1 1 1 1 1 0
1 1 1 0 0 0 1 0 1 0
1 1 1 0 1 1 1 0 1 0
1 1 1 0 1 0 1 0 1 0
2 1 1 1 1 0 1 0 1 0
0 1 1 0 0 0 1 0 1 0
0 1 1 1 1 1 1 1 1 1
0 0 1 0 0 0 1 0 0 0
Maze 125
99 132 2.9811320755 2.0297752770 65 0.400442801656245
52 5 30 52 64 29 85 46 68 96 84 12 47 9 55 52
2 25 22 62 24 25 45 66 66 94 82 42 7 5 400
402 401 402 401 402 402 402 401 402 401 401 401 402 402 400
0 1 1 1 1 1 1 1 1 0
0 1 0 0 1 0 1 0 0 0
0 1 1 1 1 1 1 1 1 1
0 1 0 1 1 0 1 0 0 0
0 1 1 1 1 1 1 0 0 0
0 2 1 1 1 1 0 0 0 0
0 1 1 1 1 1 1 1 0 0
0 1 0 0 1 1 0 0 0 0
0 1 1 1 1 1 0 0 0 0
0 0 0 1 1 1 0 0 0 0
Maze 126
127 1110 3.2571428571 2.1904898345 182 0.386242430747550
56 91 80 93 14 26 19 71 93 97 20 82 37 2 10 56
51 71 73 13 24 16 11 91 400 17 12 32 32 400 6
402 402 402 402 401 402 402 401 400 402 402 402 401 400 402
0 1 1 1 1 1 1 1 1 1
1 1 1 1 1 1 1 1 1 1
1 1 1 1 1 1 1 0 0 0
1 1 1 1 1 1 1 0 0 0
1 1 1 0 0 1 1 0 0 0
1 1 1 1 1 2 1 0 0 0
1 1 1 0 0 0 1 0 0 0
1 1 1 1 1 1 1 1 1 1
1 1 1 0 0 0 1 0 0 0
1 1 1 1 1 1 1 0 0 0
Maze 127
117 850 3.0277777778 2.2534971811 126 0.388419627358520
46 50 13 19 5 94 1 20 39 11 89 30 25 66 100 46
400 43 400 15 4 91 11 19 31 81 29 400 65 96 96
400 401 400 401 402 401 401 402 401 401 402 400 401 401 401
1 0 0 1 1 0 0 0 0 0
1 1 1 1 1 1 1 1 1 1
1 0 1 1 1 1 1 1 1 1
1 1 1 1 1 1 1 1 1 0
1 0 1 1 1 2 1 1 1 1
1 0 0 1 1 1 0 0 1 0
1 0 0 1 1 1 0 0 1 0
1 0 0 1 0 1 0 0 1 0
1 1 1 1 1 1 1 1 1 0
1 1 1 1 0 1 1 1 1 1
Maze 128
87 43 3.4666666667 2.1387029870 56 0.383706588303507
43 66 11 15 39 65 92 25 21 52 78 63 93 26 45 43
63 61 400 35 35 62 22 400 51 72 73 400 23 25 400
401 401 400 401 402 402 402 400 401 401 401 400 402 402 400
0 0 0 0 0 0 0 0 0 0
1 1 1 1 1 0 0 0 0 0
1 1 1 1 1 1 0 0 0 0
1 1 1 0 1 1 1 1 1 0
1 1 2 1 1 0 0 0 0 0
1 1 1 0 1 0 0 0 0 0
1 1 1 1 1 1 0 0 0 0
0 1 1 1 1 1 1 1 0 0
0 1 1 0 0 0 0 0 0 0
0 1 1 0 0 0 0 0 0 0
Maze 129
127 904 3.4333333333 2.0344572593 180 0.392695895023958
32 13 80 52 90 36 62 45 7 88 65 15 80 6 98 32
12 73 72 82 86 32 42 5 87 85 400 75 76 96 92
402 401 401 401 401 402 402 402 401 401 400 401 401 401 401
0 0 0 0 1 1 1 0 0 0
0 1 1 0 1 1 1 0 0 0
0 1 1 0 1 1 1 0 0 0
0 2 1 1 1 1 1 0 0 0
0 1 1 1 1 1 1 0 0 0
0 1 1 0 1 1 1 0 0 0
0 1 1 0 1 1 1 0 0 0
0 1 1 1 1 1 1 1 1 1
0 1 1 1 1 1 1 1 1 1
0 1 1 1 1 1 1 1 0 0
Maze 130
109 499 3.4736842105 2.2458073144 99 0.391576126247056
71 48 15 59 34 93 71 35 81 83 17 7 89 20 91 71
41 45 55 54 33 91 31 31 400 13 400 87 19 11 400
402 401 401 401 402 401 402 402 400 402 400 401 402 402 400
0 0 0 0 0 0 1 0 0 0
1 1 1 1 1 1 1 1 1 1
1 0 1 0 1 0 1 0 1 0
1 1 1 1 1 0 1 0 1 0
1 1 1 1 1 1 1 1 1 0
1 0 1 1 1 1 1 1 1 0
1 0 1 0 0 0 1 0 1 0
2 0 1 0 0 0 1 0 1 0
1 1 1 0 0 0 1 1 1 0
1 1 1 0 0 0 0 0 0 0
Maze 131
85 73 2.9285714286 2.3169329582 45 0.356481287797463
34 79 60 68 92 75 28 25 15 3 35 6 71 50 55 34
74 59 58 62 72 25 400 400 13 33 5 1 41 45 54
401 402 402 402 402 402 400 400 401 401 402 402 402 402 401
1 1 1 1 1 1 0 0 0 0
1 0 1 1 1 0 0 0 0 0
1 0 1 0 1 1 1 1 0 0
1 0 1 2 1 0 0 0 0 0
1 1 1 1 1 1 1 1 1 1
1 0 0 1 1 0 0 1 1 1
1 1 1 1 1 1 1 1 1 0
1 1 1 1 1 1 1 1 1 0
0 1 0 0 0 0 0 0 0 0
0 1 0 0 0 0 0 0 0 0
Maze 132
91 338 3.0566037736 2.0565098260 44 0.378603694445230
35 86 6 95 39 23 24 29 19 33 53 27 78 87 2 35
85 400 5 35 33 400 400 400 13 400 23 77 77 82 32
401 400 402 402 401 400 400 400 402 400 402 401 402 401 401
0 1 0 0 1 1 0 0 0 0
0 1 1 1 1 1 1 1 1 0
0 1 1 1 1 1 1 1 1 0
0 1 1 1 2 1 1 1 1 0
0 1 1 0 1 1 1 0 0 0
0 1 1 0 1 1 1 0 0 0
0 1 0 0 1 1 1 0 0 0
0 1 0 0 1 1 1 1 0 0
0 1 1 1 1 1 1 0 0 0
0 0 0 0 1 0 0 0 0 0
Maze 133
99 73 3.0943396226 2.0024716013 84 0.369690151446912
7 53 84 17 30 63 65 69 10 31 47 74 73 48 53 7
3 83 14 27 23 400 400 9 1 41 44 400 43 43 3
402 401 402 401 402 400 400 402 402 401 402 400 402 402 402
1 1 1 1 1 1 2 1 1 1
1 0 1 1 1 1 1 0 1 0
1 0 1 1 1 1 1 1 1 1
1 0 1 1 0 0 0 0 1 0
1 1 1 1 1 1 1 1 1 0
0 0 1 1 0 0 0 0 1 0
0 0 1 1 1 1 1 1 1 0
0 0 1 1 0 0 0 0 0 0
0 0 1 1 0 0 0 0 0 0
0 0 0 0 0 0 0 0 0 0
Maze 134
89 21 2.9795918367 2.0576317263 38 0.384211278611023
21 81 58 38 14 61 42 63 65 100 43 68 63 58 15 21
400 51 400 34 11 41 62 400 95 93 63 400 53 55 11
400 402 400 401 402 402 401 400 401 401 401 400 402 401 402
0 0 0 0 0 0 0 0 0 0
1 1 1 1 1 0 0 0 0 0
2 0 0 1 1 0 0 0 0 0
1 0 0 1 1 1 1 1 0 0
1 1 1 0 1 0 0 1 0 0
1 1 1 1 1 1 1 1 0 0
1 1 1 1 1 1 1 1 0 0
1 0 1 0 1 0 0 0 0 0
1 0 1 0 1 0 0 0 0 0
0 0 1 1 1 1 1 1 1 1
Maze 135
97 390 3.5294117647 2.2232849288 77 0.397097087662131
21 31 46 85 91 33 82 58 14 51 64 50 41 29 2 21
400 41 45 81 31 32 52 54 11 61 44 400 21 22 1
400 401 402 402 402 402 402 401 402 401 402 400 402 401 402
1 1 0 0 0 0 0 0 0 0
1 1 1 1 0 0 0 0 0 0
2 1 1 1 1 1 1 1 1 0
1 1 1 1 0 0 0 0 0 0
1 1 1 1 1 1 1 1 1 1
1 1 1 1 1 1 1 1 0 0
1 1 1 1 1 0 0 0 0 0
1 1 0 0 1 0 0 0 0 0
1 1 1 1 1 0 0 0 0 0
1 0 0 0 0 0 0 0 0 0
Maze 136
101 78 3.2666666667 2.2064881934 77 0.398858404558096
17 6 54 47 83 66 2 83 88 33 29 23 56 95 41 17
16 4 44 43 63 62 82 400 83 23 400 53 55 91 11
401 402 402 402 402 401 401 400 401 402 400 401 402 401 402
0 1 0 1 1 1 0 0 0 0
1 1 1 1 1 1 2 0 0 0
1 1 1 1 1 1 1 1 1 0
1 1 1 1 0 0 0 0 0 0
1 1 1 1 1 1 1 0 0 0
1 1 1 1 1 1 0 0 0 0
1 1 1 1 1 1 0 0 0 0
1 1 1 0 1 0 0 0 0 0
1 1 1 1 1 1 1 1 0 0
1 1 1 1 1 0 0 0 0 0
Maze 137
115 297 3.4074074074 2.0281474630 126 0.402200072578359
55 38 43 61 7 92 78 33 56 81 96 3 54 7 63 55
35 33 41 1 2 72 73 53 51 91 93 53 4 3 53
402 402 402 402 402 402 401 401 402 401 401 401 402 402 402
1 1 1 1 1 1 1 0 0 0
1 1 1 1 0 0 0 0 0 0
1 1 1 1 0 0 0 0 0 0
1 1 1 1 1 1 1 1 0 0
1 1 1 1 1 0 0 0 0 0
1 1 1 1 2 1 0 0 0 0
1 1 1 0 0 0 0 0 0 0
1 1 1 1 1 1 1 1 0 0
1 1 1 0 0 0 0 0 0 0
1 1 1 1 1 1 0 0 0 0
Maze 138
121 21 3.3114754098 2.0189953010 106 0.398804474166912
7 11 88 54 68 94 4 70 64 23 97 42 9 34 19 7
1 81 84 64 64 400 64 400 63 93 92 2 4 14 17
402 401 401 401 402 400 401 400 401 401 401 402 402 402 401
1 1 1 1 1 1 2 1 1 0
1 1 0 1 1 1 1 1 1 0
1 1 1 1 0 0 0 0 0 0
1 1 1 1 0 0 0 0 0 0
1 1 1 1 0 0 0 0 0 0
1 1 1 1 0 0 0 0 0 0
1 1 1 1 1 1 1 1 1 1
1 1 1 1 0 0 0 0 0 0
1 1 1 1 1 1 1 1 0 0
0 1 1 1 1 1 1 0 0 0
Maze 139
105 86 3.2459016393 2.2425627421 112 0.371356925399568
96 59 10 20 19 96 4 58 62 15 23 50 83 55 31 96
56 9 400 400 16 94 54 52 12 13 43 43 53 51 91
402 402 400 400 402 401 401 402 402 402 401 402 402 401 401
0 0 0 1 0 0 0 0 1 1
0 1 1 1 1 1 1 1 1 1
0 1 1 1 0 1 0 0 1 0
1 1 1 1 0 1 0 0 1 0
1 1 1 1 1 1 1 1 1 1
1 1 1 1 1 1 1 1 1 0
1 1 1 1 0 1 0 0 0 0
1 0 1 1 0 1 0 0 0 0
1 0 1 1 0 1 0 0 0 0
1 1 1 1 1 2 0 0 0 0
Maze 140
111 43 3.3703703704 2.0556825136 98 0.392957857583397
2 33 39 19 16 86 51 68 1 50 63 21 74 2 37 2
32 400 400 400 400 81 61 61 41 43 61 71 72 32 32
401 400 400 400 400 401 401 401 401 402 401 401 401 401 401
1 2 0 0 0 0 0 0 0 0
1 1 0 0 0 1 1 1 1 0
1 1 0 0 0 1 0 0 1 0
1 1 1 1 1 1 1 1 1 0
1 1 1 1 1 1 1 1 1 1
1 1 1 0 0 1 0 0 0 0
1 1 1 1 1 1 1 1 0 0
1 1 1 1 0 1 0 0 0 0
1 1 1 1 1 1 0 0 0 0
0 0 0 0 0 0 0 0 0 0
Maze 141
107 43 3.7272727273 1.8031281910 71 0.385333541637512
86 16 16 87 41 40 71 48 72 34 21 40 89 62 73 86
400 400 86 81 31 31 41 42 32 31 31 39 82 72 83
400 400 401 401 402 402 402 402 402 401 401 402 401 401 401
0 0 0 0 0 0 0 0 0 0
0 0 0 0 0 1 0 0 0 0
1 0 0 0 0 1 0 0 0 0
1 1 1 1 1 1 1 1 1 1
1 1 1 1 1 1 1 1 1 0
1 1 0 0 0 1 0 0 1 0
1 1 0 0 0 1 0 0 1 0
1 1 1 0 0 1 0 0 1 0
1 1 1 1 1 2 1 1 1 0
0 0 0 0 0 0 0 0 0 0
Maze 142
77 53 2.8571428571 2.1958185718 23 0.381958671649542
57 29 11 51 33 39 9 97 84 72 46 51 52 73 38 57
27 21 400 31 400 400 7 94 82 42 41 400 72 33 37
402 401 400 402 400 400 402 401 401 402 402 400 401 402 402
0 0 0 0 0 0 1 1 1 0
1 0 0 0 0 0 1 0 1 0
1 1 1 1 1 1 1 1 1 0
1 1 1 1 1 1 1 1 1 0
1 1 1 1 1 1 1 0 0 0
1 1 1 0 0 0 2 0 0 0
0 1 1 0 0 0 1 0 0 0
0 1 1 0 0 0 1 0 0 0
0 1 1 1 0 0 1 0 0 0
0 0 0 1 1 1 1 0 0 0
Maze 143
109 48 3.4385964912 2.0592222229 112 0.379178985315756
48 73 69 3 40 80 26 53 83 73 7 42 18 41 24 48
43 63 63 33 400 76 23 400 400 3 2 12 11 21 44
402 402 401 401 400 401 402 400 400 402 402 402 402 402 401
0 1 1 1 1 1 1 0 0 0
1 1 1 1 1 1 1 1 0 0
1 1 1 1 1 1 0 0 0 0
1 1 1 1 1 1 1 1 1 1
1 1 1 1 1 1 1 2 0 1
0 0 1 0 0 1 0 0 0 1
0 0 1 1 1 1 1 1 1 1
0 0 1 0 0 1 1 1 1 1
0 0 1 0 0 0 0 0 0 0
0 0 0 0 0 0 0 0 0 0
Maze 144
99 596 3.5769230769 2.1319521522 71 0.391492692661208
13 24 69 4 41 22 82 59 91 42 20 19 77 66 31 13
23 64 64 1 21 400 52 51 41 12 400 17 76 61 11
401 401 401 402 402 400 402 402 402 402 400 402 401 401 402
1 1 1 1 0 0 0 0 0 0
1 1 2 1 1 1 1 1 1 1
1 1 1 1 0 0 1 0 0 0
1 1 0 1 0 0 1 0 0 0
1 1 0 1 0 0 1 0 0 0
1 1 1 1 1 1 1 1 1 0
1 1 1 1 1 1 1 1 1 0
1 1 0 0 0 1 1 0 0 0
1 1 0 0 0 0 0 0 0 0
1 0 0 0 0 0 0 0 0 0
Maze 145
99 189 2.8474576271 2.1669222552 70 0.369448391423436
99 8 85 80 45 25 52 77 44 49 63 65 48 17 32 99
98 5 75 75 400 22 72 74 400 43 400 45 47 12 92
401 402 402 401 400 402 401 401 400 402 400 402 401 402 401
0 0 0 0 1 1 1 1 0 0
0 1 1 1 1 1 1 1 0 0
0 1 1 1 1 0 1 1 0 0
0 1 0 0 1 0 1 1 0 0
0 1 1 1 1 1 1 1 1 0
0 1 1 1 1 0 0 1 0 0
0 1 1 1 1 0 0 1 0 0
0 1 1 1 1 1 1 1 1 1
0 1 0 0 1 0 0 1 0 0
0 1 1 1 1 1 1 1 2 0
Maze 146
97 105 3.1000000000 2.2474830913 77 0.374865887008336
95 81 31 49 90 10 70 97 79 18 86 5 89 46 96 95
91 400 41 89 400 400 67 77 78 16 85 85 86 400 400
401 400 401 401 400 400 402 402 401 402 401 401 401 400 400
0 0 0 0 1 0 0 0 0 1
0 0 0 0 1 1 1 1 0 1
0 0 0 0 1 1 0 1 0 1
1 0 0 0 1 1 0 1 0 1
1 1 1 1 1 1 1 1 1 1
1 0 0 0 1 1 0 1 1 1
1 0 0 0 1 1 1 1 1 1
1 0 0 0 1 1 1 1 1 1
1 0 0 0 1 1 1 1 1 1
1 1 1 1 2 1 1 0 0 0
Maze 147
77 41 2.9795918367 2.2491665157 23 0.360890489954688
81 74 18 10 52 81 64 52 57 48 33 5 7 74 85 81
71 14 8 2 51 61 62 400 47 43 3 400 4 84 400
402 402 402 402 402 402 401 400 402 401 402 400 402 401 400
0 1 1 1 1 1 1 1 1 1
0 1 1 1 1 1 1 1 0 0
0 1 1 1 0 0 0 0 0 0
0 1 1 1 0 0 0 0 0 0
0 1 1 1 1 1 1 1 0 0
1 1 1 1 1 1 1 0 0 0
1 1 1 1 0 0 0 0 0 0
1 1 1 1 0 0 0 0 0 0
2 1 1 1 1 0 0 0 0 0
0 0 0 0 0 0 0 0 0 0
Maze 148
71 4 3.4857142857 1.9714207777 11 0.380354149243817
55 65 57 48 32 82 43 82 11 74 43 75 90 86 88 55
400 55 47 42 400 42 42 81 71 73 73 85 400 400 85
400 402 402 401 400 402 402 401 401 401 401 401 400 400 401
0 0 0 0 0 0 0 0 0 0
1 0 0 0 0 0 0 0 0 0
1 0 0 0 0 0 0 0 0 0
1 1 0 0 0 0 0 0 0 0
1 1 1 1 1 1 1 1 0 0
1 1 1 0 2 1 1 0 0 0
1 1 1 0 1 0 0 0 0 0
1 1 1 1 1 0 0 0 0 0
1 1 0 0 1 1 1 1 1 1
0 0 0 0 0 0 0 0 0 0
Maze 149
99 21 3.3750000000 1.9360348096 71 0.358557986347636
71 97 89 49 72 35 29 82 2 84 24 87 74 96 97 71
91 87 400 42 32 25 22 400 82 400 84 84 94 400 91
401 402 400 402 402 402 402 400 401 400 401 401 401 400 401
0 1 0 0 0 0 0 0 0 0
0 1 0 0 0 0 0 0 0 0
0 1 1 1 1 1 1 1 1 0
0 1 1 1 1 0 0 0 0 0
0 1 1 1 1 1 1 1 1 0
0 1 0 1 0 0 0 0 1 0
0 1 0 1 0 0 0 0 1 0
2 1 0 1 0 0 0 0 1 0
1 1 1 1 1 1 1 1 1 0
1 1 1 1 1 1 1 0 0 0
Maze 150
93 110 3.2692307692 2.1538174925 50 0.402976790210905
68 36 31 50 65 97 11 33 63 48 88 99 67 80 6 68
66 400 41 45 95 91 31 400 43 400 98 97 77 76 66
401 400 401 402 401 401 401 400 402 400 401 401 401 401 401
0 0 0 0 0 1 0 0 0 0
1 0 0 0 0 1 0 0 0 0
1 0 0 0 0 1 0 0 0 0
1 1 1 1 1 1 0 0 0 0
1 1 1 1 1 1 1 1 1 1
1 0 1 0 1 1 0 1 0 0
1 0 1 0 1 1 1 2 0 0
1 0 0 0 1 1 1 1 1 1
1 0 0 0 1 0 1 1 0 0
1 1 1 1 1 1 1 1 1 0
Maze 151
119 707 2.9846153846 2.2056667656 111 0.369239248981838
52 100 38 91 1 75 29 9 47 7 1 95 17 4 75 52
92 98 31 400 71 25 400 7 400 400 91 15 14 74 72
401 401 402 400 401 402 400 402 400 400 401 402 401 401 401
1 1 1 1 1 1 1 1 1 0
1 0 0 1 1 1 1 0 1 0
1 0 0 1 1 1 1 1 1 0
1 1 1 1 1 1 1 1 0 0
1 0 0 1 1 0 1 1 0 0
1 2 0 1 1 0 0 1 0 0
1 1 0 1 1 0 0 1 0 0
1 1 1 1 1 0 0 1 0 0
1 1 0 0 1 0 0 1 0 0
1 1 1 1 1 1 1 1 1 1
Maze 152
103 71 2.8333333333 2.1244621074 77 0.378018963266076
15 52 79 97 42 90 50 58 37 76 24 64 7 38 92 15
12 72 77 92 82 400 48 57 36 74 400 4 37 32 12
402 401 402 401 401 400 402 401 402 401 400 402 401 402 402
0 0 0 1 1 1 1 0 0 0
0 1 1 1 2 0 1 0 0 0
0 1 0 1 0 0 1 0 0 0
0 1 1 1 1 1 1 1 0 0
0 1 0 1 0 1 1 1 1 1
0 1 0 1 0 1 1 1 0 1
0 1 0 1 0 1 0 0 0 1
0 1 1 1 1 1 1 1 1 1
0 1 1 1 1 1 1 1 1 1
0 1 1 1 1 1 1 0 0 0
Maze 153
141 220 3.2835820896 1.9676137901 168 0.387363696997103
22 15 74 36 71 100 27 62 16 29 61 30 41 10 96 22
12 14 34 31 91 97 22 12 26 21 21 21 1 6 92
402 402 402 402 401 401 402 402 401 402 402 402 402 402 401
1 1 1 1 1 1 1 1 1 1
1 1 1 1 1 1 0 0 0 0
1 2 1 1 1 1 1 1 1 1
1 1 1 1 1 1 1 0 0 0
1 1 0 1 0 1 1 0 0 0
1 1 0 1 0 1 1 0 0 0
1 1 0 1 0 1 1 0 0 0
1 1 0 1 0 1 1 0 0 0
1 1 0 0 0 1 1 0 0 0
1 1 1 1 1 1 1 1 1 1
Maze 154
95 2206 2.9841269841 2.3867865908 71 0.360614635929306
61 86 79 10 85 52 13 53 59 31 71 64 39 66 93 61
81 76 9 5 82 12 400 400 51 400 61 34 36 63 91
401 402 402 402 401 402 400 400 401 400 402 402 402 402 401
0 0 0 0 1 1 1 1 1 1
0 1 1 0 1 0 0 0 1 0
0 1 1 0 1 0 0 0 1 0
1 1 1 1 1 1 1 1 1 0
1 1 1 1 1 1 0 0 1 0
1 1 1 1 1 1 1 1 1 0
2 1 1 1 1 1 0 0 1 0
1 1 1 0 1 1 1 1 1 0
1 1 1 1 1 1 0 0 0 0
1 1 1 0 0 0 0 0 0 0
Maze 155
97 84 2.7118644068 2.0383100066 48 0.386505637041531
79 85 72 76 39 95 82 77 9 40 78 1 41 18 10 79
75 82 400 36 35 92 72 7 39 38 71 400 11 8 9
402 401 400 402 402 401 402 402 401 402 401 400 402 402 402
1 0 0 0 0 0 1 1 1 1
1 1 1 1 1 1 1 1 1 0
1 0 0 0 0 0 1 0 1 0
1 0 0 0 1 1 1 1 1 1
1 0 0 0 1 1 1 1 1 0
1 0 0 0 1 1 1 1 1 0
1 0 0 0 1 1 1 1 1 0
1 1 1 1 1 1 1 1 2 0
0 1 1 1 1 0 0 0 0 0
0 1 1 1 1 0 0 0 0 0
Maze 156
75 4 2.8571428571 2.0363789200 30 0.356051670012022
73 55 2 62 66 89 48 58 52 52 36 23 41 96 100 73
53 52 400 400 86 88 400 400 400 32 33 21 91 400 93
402 401 400 400 401 401 400 400 400 402 401 402 401 400 401
0 1 0 0 0 0 0 0 0 0
0 1 0 0 0 0 0 0 0 0
1 1 1 0 0 0 0 0 0 0
1 1 1 1 1 1 0 0 0 0
1 1 0 0 0 0 0 1 0 0
1 1 1 1 1 1 1 1 0 0
1 1 1 1 1 1 0 1 0 0
1 0 2 0 0 1 0 1 0 0
1 0 1 0 0 1 1 1 1 0
1 1 1 1 1 1 1 1 1 1
Maze 157
107 33 3.3818181818 2.0508544969 98 0.385699746014556
78 26 21 46 91 45 31 10 15 47 12 59 40 59 42 78
76 400 41 41 41 41 1 5 45 42 52 39 39 52 72
401 400 401 402 402 401 402 402 401 401 401 402 402 401 401
1 1 1 1 1 1 1 1 1 1
1 1 0 0 1 0 0 0 0 0
1 1 1 1 1 1 0 0 0 0
1 1 0 0 1 1 0 0 1 1
1 1 1 1 1 1 1 0 1 0
1 1 1 1 1 1 1 1 1 0
1 1 0 0 0 1 0 0 0 0
1 1 1 1 1 1 1 2 0 0
1 0 0 0 0 0 0 0 0 0
1 0 0 0 0 0 0 0 0 0
Maze 158
105 33 3.3061224490 1.8442684485 87 0.392641261891484
79 88 17 43 39 57 90 62 38 78 70 88 91 78 12 79
78 87 13 33 37 87 82 32 400 68 68 81 71 72 72
402 401 402 402 402 401 401 402 400 402 402 402 402 401 401
0 0 0 0 0 0 0 0 0 0
0 1 1 1 1 1 1 0 0 0
0 1 1 0 0 0 1 0 0 0
0 1 1 1 1 1 1 1 1 0
0 1 1 0 0 0 1 1 0 0
0 1 0 0 0 0 1 1 0 0
0 1 0 0 0 0 1 1 1 1
1 1 1 1 1 1 1 1 2 0
1 1 1 1 1 1 1 1 1 1
1 0 0 0 0 0 0 0 0 0
Maze 159
99 18 2.7719298246 2.0315511780 64 0.360038764868392
73 43 84 90 19 93 93 20 60 58 4 21 66 3 31 73
400 83 400 89 13 400 13 400 400 54 1 61 63 1 71
400 401 400 401 402 400 402 400 400 401 402 401 401 402 401
1 1 1 1 0 0 0 0 0 0
1 0 1 1 1 1 1 1 1 1
1 0 1 1 0 0 0 0 1 1
1 0 1 1 0 0 0 0 1 1
1 0 1 1 0 0 0 0 1 1
1 0 1 1 1 1 1 1 1 1
1 1 1 1 1 1 0 0 1 0
1 1 2 0 0 0 0 0 1 0
0 0 1 1 1 1 1 1 1 1
0 0 1 0 0 0 0 0 0 0
Maze 160
91 334 3.2452830189 2.2435598881 41 0.382367079741027
17 56 73 9 37 25 38 11 46 84 5 34 53 68 98 17
16 53 3 7 35 35 31 41 44 4 4 33 63 400 97
402 402 402 402 401 401 401 401 402 402 402 402 401 400 401
0 0 1 1 1 1 1 1 1 0
1 0 1 1 0 1 2 0 0 0
1 0 1 1 1 1 1 0 0 0
1 1 1 1 1 1 1 1 0 0
1 1 1 1 1 1 1 0 0 0
0 0 1 1 1 1 1 0 0 0
0 0 1 1 1 1 1 1 0 0
0 0 1 1 0 0 1 1 0 0
0 0 0 1 0 0 1 1 0 0
0 0 0 0 0 0 1 1 0 0
Maze 161
105 37 3.6785714286 2.2068136069 61 0.376227996341507
39 13 99 99 73 32 30 30 55 47 71 9 32 73 24 39
33 93 400 93 72 22 400 25 45 41 1 2 72 23 34
401 401 400 401 401 402 400 402 402 402 402 402 401 402 401
1 1 1 1 1 1 1 1 1 0
1 1 1 0 0 0 0 0 0 0
1 1 1 1 1 1 1 1 1 1
1 1 1 1 1 1 1 1 2 0
1 1 1 1 1 1 1 0 0 0
1 1 1 0 1 0 0 0 0 0
1 1 1 0 0 0 0 0 0 0
1 1 1 0 0 0 0 0 0 0
0 0 1 0 0 0 0 0 0 0
0 0 1 1 1 1 1 1 1 0
Maze 162
69 268 3.1219512195 2.1306011430 16 0.388304843169590
45 34 40 75 83 95 58 43 35 44 89 59 96 98 77 45
44 400 35 73 93 55 53 33 34 84 400 56 400 97 75
401 400 402 402 401 402 401 402 402 401 400 402 400 401 401
0 0 0 0 0 0 0 0 0 0
0 0 0 0 0 0 0 0 0 0
0 0 0 0 0 0 0 0 0 0
0 0 1 1 1 1 1 1 1 1
0 0 1 1 2 0 0 0 0 0
0 0 1 1 1 1 1 1 1 0
0 0 0 1 1 1 0 0 1 0
0 0 1 1 1 1 1 0 1 0
0 0 1 1 1 1 1 1 1 0
0 0 1 1 1 1 1 1 0 0
Maze 163
87 43 3.3636363636 2.0110985298 39 0.387742308334390
83 29 29 38 84 2 15 53 32 77 62 13 45 55 49 83
23 400 28 34 82 12 13 52 72 72 12 43 400 45 43
402 400 402 402 401 401 402 401 401 401 402 401 400 402 402
0 1 0 0 0 0 0 0 0 0
0 1 1 1 1 0 0 0 0 0
0 1 1 1 1 1 1 1 1 0
0 1 1 1 1 1 1 1 0 0
0 1 1 1 1 1 1 1 1 0
0 1 1 1 1 0 0 0 0 0
0 1 1 1 0 0 0 0 0 0
0 1 1 1 1 1 1 0 0 0
0 1 2 1 0 0 0 0 0 0
0 0 0 0 0 0 0 0 0 0
Maze 164
95 81 3.3200000000 2.0504041575 51 0.367895238645567
91 79 65 18 19 75 94 12 33 21 63 79 44 88 69 91
71 75 15 400 15 74 92 32 31 61 73 74 84 68 61
402 401 402 400 402 402 401 401 401 401 401 401 401 402 402
0 0 0 0 0 0 0 0 0 0
0 1 0 0 1 1 1 1 1 0
1 1 0 0 1 0 0 0 0 0
1 1 1 0 1 0 0 0 0 0
1 1 0 1 1 0 0 0 0 0
1 1 0 1 1 0 0 0 0 0
1 1 1 1 1 1 1 1 1 0
1 1 1 1 1 1 1 1 1 0
1 1 0 1 1 1 1 1 0 0
2 1 1 1 0 0 0 0 0 0
Maze 165
91 440 3.2916666667 1.9977524024 50 0.390281241171108
6 68 68 67 7 84 73 47 12 40 29 20 84 39 13 6
66 400 400 400 4 83 43 42 32 39 19 14 34 33 3
401 400 400 400 402 401 402 401 401 401 402 402 402 401 402
0 0 1 1 1 2 1 0 0 0
0 1 1 1 1 1 1 1 1 1
0 1 1 1 0 1 1 0 1 0
0 1 1 1 1 1 1 1 1 1
0 1 1 1 1 1 1 0 0 0
0 0 1 1 0 1 1 0 0 0
0 0 1 1 0 1 1 1 0 0
0 0 1 1 0 0 0 0 0 0
0 0 1 1 0 0 0 0 0 0
0 0 0 0 0 0 0 0 0 0
Maze 166
101 11 3.6744186047 1.8079901486 64 0.376947134597524
87 78 36 60 95 57 12 76 72 17 22 95 22 35 25 87
77 76 56 55 55 52 72 400 12 12 92 92 32 400 85
402 401 401 402 402 401 401 400 402 402 401 401 401 400 401
0 0 0 0 0 0 0 0 0 0
0 1 1 1 1 1 1 0 0 0
0 1 0 0 1 0 0 0 0 0
0 1 1 1 1 1 0 0 0 0
0 1 0 0 1 1 0 0 0 0
0 1 1 1 1 1 1 1 1 1
0 1 0 0 1 1 0 0 0 0
0 1 1 1 1 1 1 1 0 0
0 1 0 0 1 1 2 0 0 0
0 1 1 1 1 0 0 0 0 0
Maze 167
97 42 3.3076923077 2.1936411298 70 0.393850467572560
55 7 49 29 59 57 74 99 51 85 59 71 81 29 21 55
5 47 400 400 400 54 94 91 81 55 51 400 21 400 51
402 401 400 400 400 402 401 401 401 402 402 400 402 400 401
0 0 0 0 1 1 1 0 0 0
0 0 0 0 1 0 1 0 0 0
1 1 1 1 1 1 1 1 1 0
1 0 0 0 1 0 1 0 1 0
1 0 0 0 1 0 1 1 1 0
1 1 1 1 2 1 1 1 1 0
1 0 0 1 1 0 0 0 0 0
1 0 0 1 1 0 0 0 0 0
1 1 1 1 1 0 0 0 0 0
1 1 1 1 1 1 1 1 1 0
Maze 168
75 11 2.8235294118 2.2790300007 26 0.381462720441339
20 10 69 46 35 33 24 59 75 79 78 11 84 57 67 20
400 9 66 45 400 23 54 55 400 400 71 81 54 400 17
400 402 401 401 400 402 401 402 400 400 401 401 402 400 402
0 0 0 0 0 0 0 0 1 1
1 0 0 0 0 0 1 1 1 2
1 0 1 1 0 0 1 0 1 0
1 0 1 1 1 0 1 0 1 0
1 0 0 1 1 1 1 0 1 0
1 0 0 1 1 1 1 1 1 0
1 0 0 1 1 1 1 1 1 0
1 1 1 1 1 1 1 1 1 0
1 1 1 1 0 0 0 0 0 0
0 0 0 0 0 0 0 0 0 0
Maze 169
93 12 3.5111111111 1.9921323910 56 0.420582452717726
37 14 51 4 92 24 64 75 12 54 68 34 14 49 6 37
34 11 1 2 22 400 74 72 52 64 64 400 44 46 36
401 402 402 402 402 400 401 401 401 401 401 400 401 401 401
1 1 1 1 0 1 0 0 0 0
1 1 1 1 0 1 0 0 0 0
1 1 1 1 0 1 0 0 0 0
1 1 0 1 1 1 2 0 0 0
1 1 0 1 1 1 1 1 1 0
1 1 1 1 0 0 0 0 0 0
0 1 0 1 1 1 1 1 0 0
0 1 1 1 1 0 0 0 0 0
0 1 0 0 0 0 0 0 0 0
0 1 0 0 0 0 0 0 0 0
Maze 170
97 33 3.4444444444 2.2160377551 70 0.370329517946741
3 30 53 70 75 93 77 28 6 11 35 36 71 59 63 3
23 23 63 65 73 73 27 26 1 31 400 31 51 53 400
401 402 401 402 402 402 402 401 402 401 400 402 402 402 400
1 1 2 1 1 1 0 0 0 0
1 0 1 0 0 1 0 0 0 0
1 0 1 1 1 1 1 1 1 1
1 1 1 1 1 1 1 0 0 0
1 0 1 0 0 0 1 0 0 0
1 1 1 1 1 1 1 1 1 0
1 0 1 1 1 1 1 1 1 1
1 0 1 1 1 1 1 0 0 0
0 0 1 0 0 0 0 0 0 0
0 0 1 0 0 0 0 0 0 0
Maze 171
115 194 3.0140845070 2.3245760279 95 0.384412334626664
2 10 100 65 22 16 47 8 81 68 96 23 71 26 20 2
400 400 95 62 12 46 7 1 61 66 93 21 21 16 12
400 400 401 401 402 401 402 402 402 402 401 402 402 402 401
1 2 1 1 1 1 1 1 1 1
1 1 1 1 1 1 1 1 1 1
1 1 1 1 1 1 1 0 0 1
1 1 1 0 0 1 1 0 0 1
1 1 1 0 0 1 1 0 0 1
1 1 1 0 0 0 0 0 0 1
1 1 1 1 1 1 1 1 0 1
1 0 1 0 1 1 0 0 0 1
1 0 1 0 1 1 0 0 0 1
0 0 1 1 1 1 1 1 1 1
Maze 172
109 72 3.2280701754 2.0705324397 98 0.391699663384521
6 67 5 22 88 54 94 73 11 73 87 25 9 93 47 6
66 65 2 82 84 400 93 71 71 83 85 5 3 43 46
401 401 402 401 401 400 401 401 401 401 401 402 402 402 401
0 1 1 1 1 2 1 1 1 0
1 1 1 0 1 1 0 0 0 0
1 1 1 0 1 1 0 0 0 0
1 1 1 0 1 1 0 0 0 0
1 1 1 1 1 1 1 0 0 0
1 1 1 1 1 1 0 0 0 0
1 1 1 1 1 1 1 0 0 0
1 1 1 1 1 0 0 0 0 0
0 1 1 1 1 1 1 1 0 0
0 0 1 1 0 0 0 0 0 0
Maze 173
81 22 3.1555555556 2.1115768835 26 0.399730825958450
54 31 33 53 38 76 74 79 41 31 4 50 75 46 40 54
51 400 400 33 36 400 400 71 400 1 44 45 45 36 34
401 400 400 402 402 400 400 401 400 402 401 402 402 402 402
1 1 1 1 0 0 0 0 0 0
1 0 0 1 0 0 0 0 0 0
1 0 0 1 0 0 0 0 0 0
1 1 1 1 1 1 1 1 1 1
1 0 1 1 1 1 1 1 1 1
1 1 1 2 1 1 0 0 0 0
1 0 0 0 1 1 0 0 0 0
1 1 1 1 1 1 1 1 1 0
0 0 0 0 0 0 0 0 0 0
0 0 0 0 0 0 0 0 0 0
Maze 174
89 25 2.8421052632 2.2409432339 56 0.369109902833860
76 100 66 3 9 28 53 90 50 61 46 42 43 15 14 76
96 96 63 400 8 23 83 400 41 41 400 400 13 400 74
401 401 401 400 402 402 401 400 402 402 400 400 402 400 401
0 0 1 1 1 1 1 1 1 0
0 0 1 1 1 0 0 1 0 0
0 0 1 1 1 1 1 1 0 0
0 0 1 1 0 0 0 0 0 0
1 1 1 1 1 1 1 1 1 1
1 0 1 1 0 0 0 0 0 1
1 0 1 1 1 1 0 0 0 1
0 0 1 1 1 2 0 0 0 1
0 0 1 1 1 1 1 1 1 1
0 0 0 0 0 1 1 1 1 1
Maze 175
85 7 3.5384615385 1.9251786428 50 0.387620420190306
95 25 97 84 33 54 39 13 68 63 38 47 37 8 36 95
400 95 94 83 53 34 33 63 400 33 37 400 7 6 35
400 401 401 401 401 402 401 401 400 402 402 400 402 402 402
0 0 0 0 0 1 1 1 0 0
0 0 1 0 0 1 1 0 0 0
0 0 1 0 1 1 1 0 0 0
0 0 1 1 1 1 1 1 1 0
0 0 1 1 1 0 1 0 0 0
0 0 1 1 1 0 0 0 0 0
0 0 1 1 1 1 1 1 0 0
0 0 1 0 1 0 0 0 0 0
0 0 1 1 1 0 0 0 0 0
0 0 0 1 2 1 1 0 0 0
Maze 176
125 1477 3.3333333333 2.2749982365 174 0.375479459879062
15 100 72 40 67 60 13 80 17 81 43 53 88 60 87 15
95 92 32 37 57 53 73 77 11 41 400 83 58 57 85
401 401 402 402 402 401 401 401 402 402 400 401 402 402 401
0 0 0 0 0 0 0 0 0 0
1 1 1 1 2 1 1 0 0 0
1 0 1 0 1 0 1 0 0 0
1 1 1 1 1 1 1 1 1 1
1 1 1 0 1 0 1 0 0 0
1 1 1 1 1 1 1 1 1 1
1 1 1 0 1 0 1 1 0 0
1 1 1 1 1 1 1 1 1 1
1 1 1 1 1 1 1 1 0 0
0 1 1 1 1 1 1 1 1 1
Maze 177
127 2757 3.5000000000 2.1245622153 182 0.397922515924350
97 36 3 84 2 30 67 51 95 37 96 12 78 63 7 97
96 33 83 82 22 27 61 91 35 36 92 72 73 3 400
401 401 401 401 401 402 401 401 402 402 401 401 401 402 400
0 1 1 1 1 1 1 0 0 0
0 1 1 0 0 0 1 0 0 0
0 1 1 1 1 1 1 1 1 1
0 1 1 1 1 1 1 0 0 0
0 1 1 0 1 1 1 0 0 0
1 1 1 0 1 1 1 0 0 0
1 1 1 1 1 1 1 0 0 0
1 1 1 1 1 1 1 1 0 0
1 1 1 1 1 1 1 0 0 0
1 1 1 1 1 1 2 0 0 0
Maze 178
89 108 3.7333333333 2.0341609652 41 0.387131450713051
13 32 67 44 2 87 50 86 82 43 46 4 96 36 33 13
12 62 64 42 82 47 46 400 42 400 44 94 400 400 400
402 401 401 401 401 402 402 400 402 400 401 401 400 400 400
0 1 0 1 0 0 0 0 0 0
0 1 2 1 0 0 0 0 0 0
0 1 1 1 0 0 0 0 0 0
0 1 1 1 1 1 0 0 0 0
0 1 1 1 1 1 1 1 1 1
0 1 0 1 0 1 1 0 0 0
0 1 1 1 1 1 1 0 0 0
0 1 0 1 0 1 1 0 0 0
0 1 1 1 1 1 1 0 0 0
0 0 0 1 1 1 0 0 0 0
Maze 179
69 114 2.9302325581 2.1306011430 16 0.383948268874079
58 64 32 55 18 12 46 40 68 86 54 32 22 12 37 58
54 62 52 15 400 42 36 38 66 84 52 400 400 32 57
402 401 401 402 400 401 402 402 402 401 401 400 400 401 401
0 0 0 0 0 0 0 0 0 0
0 1 1 1 1 1 1 1 0 0
0 1 0 0 1 0 0 0 0 0
0 1 1 1 1 1 1 1 1 1
0 1 1 1 1 1 1 1 0 0
0 1 1 1 1 1 1 2 0 0
0 1 1 1 0 1 1 1 0 0
0 0 0 1 0 1 0 0 0 0
0 0 0 1 1 1 0 0 0 0
0 0 0 0 0 0 0 0 0 0
Maze 180
99 613 2.9433962264 1.9474870901 64 0.383421657245174
19 46 86 23 83 43 93 35 99 54 29 19 73 92 67 19
16 400 83 400 400 400 33 95 94 24 400 13 72 62 17
402 400 401 400 400 400 402 401 401 402 400 402 402 402 402
0 0 0 0 0 0 0 0 0 0
0 0 1 1 1 1 1 1 2 0
0 0 1 1 1 1 1 1 1 0
0 0 1 1 1 1 1 0 0 0
0 0 1 1 1 1 1 0 0 0
0 0 1 1 1 1 1 0 0 0
0 1 1 1 1 1 1 0 0 0
0 1 1 1 1 1 0 0 0 0
0 1 1 1 1 1 0 0 0 0
0 1 1 1 1 1 1 1 1 0
Maze 181
111 703 2.9090909091 2.2366293377 81 0.399347028629533
54 37 87 76 61 3 10 56 4 99 86 19 100 65 8 54
34 400 86 71 1 400 6 54 94 96 16 99 95 5 4
402 400 401 401 402 400 402 401 401 401 402 401 401 402 402
1 1 1 1 1 1 1 1 1 1
1 0 0 1 1 1 1 1 1 0
1 0 0 1 1 1 0 0 1 0
1 0 0 1 1 1 1 0 1 0
1 0 0 1 1 1 1 0 1 0
1 0 0 2 1 1 1 0 1 0
1 0 0 1 1 1 1 0 1 0
1 1 1 1 1 1 1 0 1 0
0 0 0 1 1 1 1 0 1 0
0 0 0 1 1 1 1 1 1 1
Maze 182
99 1278 3.3846153846 2.0466653702 70 0.386430167255967
53 12 65 26 9 11 29 8 48 82 6 57 77 40 7 53
52 62 25 6 1 21 28 400 42 2 56 400 37 37 3
401 401 402 402 402 401 401 400 402 402 401 400 402 401 402
1 1 1 1 1 1 1 1 1 0
1 1 1 0 0 1 1 1 0 0
1 1 1 1 1 1 1 1 1 0
0 1 1 0 1 1 1 1 1 1
0 1 1 1 1 1 1 1 0 0
0 1 2 0 1 1 1 0 0 0
0 1 1 1 1 0 1 0 0 0
0 1 0 0 0 0 1 0 0 0
0 1 0 0 0 0 0 0 0 0
0 0 0 0 0 0 0 0 0 0
Maze 183
89 21 3.5102040816 2.2524340398 45 0.389522193397184
96 51 40 18 39 41 70 34 59 77 6 6 18 8 16 96
91 31 38 38 31 61 64 54 57 76 400 16 400 6 400
401 402 401 401 402 401 401 401 402 401 400 401 400 402 400
0 0 0 0 0 1 1 1 0 0
0 0 0 0 0 1 1 1 0 0
0 0 0 0 0 1 0 1 0 0
1 1 1 1 1 1 1 1 1 1
1 0 0 1 0 1 0 0 0 0
1 0 0 1 1 1 1 1 1 0
1 1 1 1 1 1 1 1 1 1
1 0 0 0 0 1 1 0 0 0
1 0 0 0 0 1 0 0 0 0
1 1 1 1 1 2 0 0 0 0
Maze 184
83 70 3.0980392157 2.2057836679 25 0.383204525805643
1 13 10 7 79 65 74 64 63 6 3 22 70 96 18 1
11 3 400 77 75 64 400 400 3 400 2 62 66 16 11
401 402 400 401 401 402 400 400 402 400 402 401 402 402 401
2 1 1 1 1 1 1 1 1 1
1 1 1 1 1 1 1 1 0 0
0 1 1 0 0 1 1 0 0 0
0 1 1 0 0 1 1 0 0 0
0 1 1 0 0 1 1 0 0 0
0 1 1 0 0 1 1 0 0 0
0 1 1 1 1 1 1 1 1 1
0 0 0 1 1 1 1 1 1 0
0 0 0 0 0 1 0 0 0 0
0 0 0 0 0 1 0 0 0 0
Maze 185
89 17 3.0357142857 2.1701545015 32 0.350016239445406
79 86 67 99 59 46 74 9 71 61 83 81 48 33 13 79
76 66 97 400 56 44 4 1 400 81 400 41 43 400 73
402 402 401 400 401 402 402 402 400 401 400 402 401 400 401
1 1 1 1 1 1 1 1 1 0
1 0 1 1 0 0 0 0 0 0
1 0 1 1 0 0 0 0 0 0
1 0 1 1 0 0 0 0 0 0
1 1 1 1 1 1 1 1 0 0
1 0 1 1 0 1 1 1 1 0
1 0 1 1 0 1 1 0 1 0
1 0 1 1 1 1 1 1 2 0
1 1 1 0 0 1 1 0 1 0
0 0 0 0 0 0 1 1 1 0
Maze 186
83 21 3.2558139535 2.0151873563 26 0.403094928732267
95 85 31 17 44 24 99 64 85 54 45 96 46 74 90 95
400 81 11 14 400 94 94 84 84 44 95 400 44 84 85
400 401 402 402 400 401 401 401 401 402 401 400 402 401 402
0 0 0 0 0 0 0 0 0 0
1 1 1 1 1 1 1 0 0 0
1 0 0 1 0 0 0 0 0 0
1 0 0 1 0 0 0 0 0 0
1 0 0 1 1 1 0 0 0 0
1 0 0 1 1 1 0 0 0 0
1 0 0 1 1 1 0 0 0 0
1 0 0 1 1 1 0 0 0 0
1 1 1 1 1 1 1 1 1 1
0 0 0 1 2 1 1 1 1 0
Maze 187
105 113 2.8813559322 1.9755909871 86 0.379261523799381
14 33 93 95 8 12 9 63 89 78 65 36 99 21 38 14
13 400 400 5 2 2 3 83 88 75 35 96 91 31 34
402 400 400 402 402 402 402 401 401 401 402 401 401 401 401
0 1 1 1 1 1 1 1 1 0
0 1 1 2 1 0 0 0 0 0
1 0 1 1 1 0 0 0 0 0
1 1 1 1 1 1 1 1 0 0
1 0 1 0 1 1 0 0 0 0
1 0 1 0 1 1 0 0 0 0
1 0 1 0 1 1 0 0 0 0
1 0 1 0 1 1 1 1 0 0
1 0 1 1 1 1 1 1 1 0
1 1 1 1 1 1 1 1 1 0
Maze 188
109 589 3.6071428571 2.1403486841 92 0.383094251415450
60 63 71 89 24 100 6 27 73 75 5 60 97 27 26 60
53 61 81 84 94 96 26 23 400 400 55 57 400 400 56
402 402 401 401 401 401 401 402 400 400 401 402 400 400 401
0 0 0 0 1 1 0 0 0 0
0 0 0 0 1 1 0 0 0 0
0 0 1 1 1 1 1 0 0 0
0 0 1 1 1 1 1 0 0 0
0 0 1 1 1 1 1 0 0 0
0 0 1 1 1 1 1 1 1 2
1 1 1 1 1 1 1 0 0 0
1 0 1 1 1 1 1 0 0 0
1 1 1 1 1 1 1 1 1 0
0 0 0 1 1 1 1 1 1 1
Maze 189
99 12 3.0714285714 2.1315981729 84 0.394859564048721
93 81 18 17 36 2 48 69 84 50 13 60 68 44 87 93
91 11 400 16 32 42 68 64 44 43 53 58 64 84 83
401 402 400 402 401 401 401 402 402 401 401 402 401 401 402
0 1 0 0 0 0 0 0 0 0
1 1 1 1 1 1 1 1 0 0
1 1 1 0 0 1 0 0 0 0
1 1 1 1 1 1 0 0 0 0
1 1 1 1 1 1 1 1 1 1
1 0 1 1 1 1 1 1 1 1
1 0 0 1 1 1 1 1 1 0
1 0 0 1 0 0 0 0 0 0
1 0 1 1 1 1 1 0 0 0
1 1 2 0 0 0 0 0 0 0
Maze 190
89 140 2.8666666667 2.3333022836 50 0.365254346865158
73 44 76 58 98 4 30 7 22 89 77 26 27 35 49 73
43 74 56 400 94 24 27 2 82 87 76 400 25 45 43
402 401 402 400 401 401 401 402 401 401 401 400 402 401 402
0 1 1 1 1 1 1 0 0 0
0 1 0 1 0 0 1 0 0 0
0 1 0 1 1 1 1 1 1 1
0 1 0 1 1 1 0 0 0 0
0 1 1 1 1 1 1 1 1 0
0 1 1 1 0 1 1 1 0 0
0 1 1 1 0 1 0 1 0 0
0 1 2 1 1 1 1 1 0 0
0 1 1 1 1 1 1 1 1 0
0 0 0 1 1 1 1 1 0 0
Maze 191
115 69 3.5517241379 2.0826899201 116 0.385459221534153
80 90 53 78 72 40 51 88 25 11 23 30 73 89 9 80
400 83 73 400 32 31 81 85 21 21 400 23 83 400 79
400 401 401 400 402 402 401 401 401 401 400 402 401 400 401
0 0 0 0 0 0 0 0 1 0
1 0 0 0 0 0 0 0 1 0
1 1 1 1 1 1 1 1 1 1
1 1 1 1 1 1 1 1 1 1
1 1 1 0 1 0 0 0 1 0
1 1 1 0 1 0 0 0 1 0
1 1 1 0 1 0 0 0 1 0
1 1 1 1 1 1 1 1 1 2
1 1 1 1 1 1 1 1 1 1
0 0 0 0 0 0 0 0 0 0
Maze 192
93 517 3.5000000000 1.9747366924 36 0.392796192196335
93 11 36 93 33 95 25 91 46 47 27 24 37 6 75 93
91 31 33 400 93 400 21 41 400 400 400 34 36 5 73
401 401 402 400 401 400 402 402 400 400 400 401 401 402 402
0 0 0 0 1 1 0 0 0 0
1 0 0 0 1 1 0 0 0 0
1 1 1 1 1 1 1 0 0 0
1 1 1 1 1 1 1 0 0 0
1 1 1 1 1 1 1 0 0 0
1 0 1 0 1 0 0 0 0 0
1 0 1 0 1 0 0 0 0 0
1 0 1 1 1 0 0 0 0 0
1 0 1 0 1 0 0 0 0 0
1 1 2 1 1 0 0 0 0 0
Maze 193
89 102 2.9090909091 2.2106602173 40 0.399034726467678
98 5 44 21 12 25 72 97 24 63 54 75 84 8 20 98
95 4 41 11 22 22 92 94 23 53 74 74 4 18 18
401 402 401 402 401 402 401 401 402 402 401 402 402 401 402
0 0 0 1 1 1 1 1 0 0
1 1 0 1 1 0 0 1 1 1
1 1 1 1 1 0 0 1 0 0
1 1 1 1 1 0 0 1 0 0
1 1 1 1 1 0 0 1 0 0
0 1 1 1 1 0 0 1 0 0
0 1 1 1 1 0 0 1 0 0
0 1 0 1 1 0 0 1 0 0
0 1 0 1 1 0 0 1 0 0
0 1 1 1 1 1 1 2 0 0
Maze 194
129 19 3.2549019608 1.6237621153 192 0.390222999237305
18 56 3 100 3 43 96 45 75 100 58 11 96 58 83 18
16 53 93 93 400 93 95 400 95 98 51 91 56 53 13
402 401 401 401 400 401 401 400 401 401 401 401 402 402 402
0 0 1 0 0 0 0 0 0 0
1 0 1 1 1 1 1 2 0 0
1 0 1 0 0 1 0 0 0 0
1 0 1 0 0 1 0 0 0 0
1 0 1 0 1 1 0 0 0 0
1 1 1 1 1 1 1 1 0 0
1 0 1 0 1 1 0 1 0 0
1 0 1 0 1 1 0 1 0 0
1 0 1 0 1 1 0 1 0 0
1 1 1 1 1 1 1 1 1 1
Maze 195
99 125 3.0769230769 1.9974214096 46 0.379810711716005
8 2 83 94 83 75 95 1 45 8 42 71 54 99 93 8
400 82 93 93 73 400 91 41 5 2 41 51 94 400 3
400 401 401 401 402 400 401 401 402 402 402 402 401 400 402
1 1 1 1 1 1 1 2 0 0
1 1 1 0 1 0 0 0 0 0
1 1 1 0 1 0 0 0 0 0
1 1 1 0 1 0 0 0 0 0
1 1 1 1 1 0 0 0 0 0
1 1 1 1 0 0 0 0 0 0
1 1 1 1 0 0 0 0 0 0
1 1 1 1 1 0 0 0 0 0
1 1 1 1 1 0 0 0 0 0
1 1 1 1 1 1 1 1 1 0
Maze 196
95 148 3.2962962963 2.1774865224 77 0.382652442467148
69 51 96 93 64 13 86 99 99 25 41 47 60 82 60 69
61 91 400 63 63 83 96 400 95 21 400 57 52 52 59
401 401 400 402 401 401 401 400 401 402 400 401 402 402 402
0 0 0 0 0 0 0 0 0 0
0 0 1 0 0 0 0 0 0 0
1 1 1 1 1 0 0 0 0 0
1 0 1 0 1 0 0 0 0 0
1 1 1 1 1 1 1 0 0 0
1 1 1 1 1 1 1 1 1 1
1 1 1 1 1 1 1 1 2 0
1 1 1 0 1 0 0 0 0 0
1 1 1 1 1 1 0 0 0 0
1 1 1 1 1 1 1 1 1 0
Maze 197
119 10 3.2424242424 2.2012817450 117 0.396319032569255
38 75 8 95 60 96 99 61 92 11 84 30 26 62 50 38
35 5 5 55 56 400 91 91 91 81 24 400 22 42 48
402 402 402 402 402 400 401 401 401 401 402 400 402 402 401
0 0 0 0 1 1 1 1 0 0
1 0 0 0 1 0 0 0 0 0
1 1 1 1 1 1 1 1 1 1
1 1 0 1 1 1 1 2 0 0
1 1 1 1 1 1 1 1 1 1
1 1 0 1 1 1 1 1 1 1
1 1 0 1 1 1 0 0 0 0
1 0 0 1 1 1 0 0 0 0
1 1 1 1 1 1 0 0 0 0
1 1 1 1 1 1 1 1 1 0
Maze 198
95 204 3.0508474576 2.2579546369 77 0.368025376030613
63 6 45 77 9 83 67 11 22 95 87 65 54 86 36 63
3 5 75 7 3 63 61 21 92 85 85 64 84 400 33
402 402 401 402 402 402 401 401 401 402 401 401 401 400 402
0 0 1 1 1 1 1 1 1 0
1 0 1 0 1 0 1 0 0 0
1 1 1 0 1 0 1 0 0 0
1 1 1 1 1 1 1 0 0 0
1 1 1 0 1 1 1 0 0 0
1 1 1 1 1 1 1 0 0 0
1 1 2 1 1 1 1 0 0 0
0 1 1 1 1 1 1 0 0 0
0 1 1 1 1 1 1 0 0 0
0 1 1 1 1 0 0 0 0 0
Maze 199
103 831 3.1803278689 2.3207037728 60 0.369138866789499
83 84 46 30 11 55 10 64 3 98 48 23 82 65 82 83
400 44 26 21 51 5 4 63 93 400 43 22 62 62 400
400 402 402 401 401 402 402 401 401 400 401 402 402 402 400
0 0 1 1 1 1 1 1 1 1
1 0 1 1 1 0 0 0 0 0
1 1 1 1 1 1 1 1 1 1
1 1 1 1 1 1 0 0 0 0
1 1 1 1 1 1 1 1 0 0
1 1 1 1 1 0 0 1 0 0
0 1 1 1 1 0 0 1 0 0
0 1 1 1 0 0 0 1 0 0
0 1 2 1 0 0 0 1 0 0
0 0 1 1 1 1 1 1 0 0
Maze 200
71 6 2.9047619048 1.9991526191 16 0.362742330704601
69 64 64 79 28 68 57 17 78 41 4 32 47 17 69 69
400 400 74 78 400 67 400 77 71 1 2 42 400 67 400
400 400 401 401 400 401 400 401 401 402 402 401 400 401 400
1 1 1 1 0 0 0 0 0 0
1 1 0 0 0 0 1 0 0 0
1 1 0 0 0 0 1 1 0 0
1 1 0 0 0 0 1 1 0 0
1 1 1 1 1 1 1 1 0 0
1 0 0 0 0 0 1 1 0 0
1 0 0 1 1 1 1 1 2 0
1 1 1 1 1 1 1 1 1 0
0 0 0 0 0 0 0 0 0 0
0 0 0 0 0 0 0 0 0 0
