numMazes: 200
mazeSize: 10
Maze 1
97 3 3.1914893617 2.0000000000 66 0.363797964198670
75 75 71 53 61 81 1 97 28 44 26 20 91 57 51 75
400 400 51 51 400 400 91 27 24 24 16 11 51 400 71
400 400 402 402 400 400 401 402 402 402 402 402 402 400 401
1 0 0 0 0 0 0 0 0 0
1 1 1 1 1 1 1 1 1 1
1 0 0 1 1 1 1 1 0 0
1 0 0 1 0 0 1 0 0 0
1 0 0 1 0 0 1 0 0 0
1 1 1 1 1 1 1 0 0 0
1 0 0 0 0 0 1 0 0 0
1 1 1 1 2 0 1 0 0 0
1 0 0 0 0 0 1 0 0 0
1 1 1 1 1 1 1 0 0 0
Maze 2
85 43 3.1063829787 2.0219686223 39 0.401045865767177
9 45 15 46 59 71 17 74 72 41 22 24 53 20 48 9
5 400 45 56 51 11 14 400 71 21 400 23 13 18 8
402 400 401 401 402 402 402 400 401 402 400 402 402 402 402
0 0 0 0 1 1 1 1 2 0
1 1 1 1 1 1 1 1 1 1
1 1 1 1 1 0 0 1 0 0
1 0 1 1 1 0 0 1 0 0
1 0 1 1 1 1 0 1 0 0
1 1 1 1 1 1 1 1 1 0
1 0 0 1 0 0 0 0 0 0
1 1 1 1 0 0 0 0 0 0
0 0 0 0 0 0 0 0 0 0
0 0 0 0 0 0 0 0 0 0
Maze 3
99 15 3.1034482759 2.1910365402 51 0.365263763296964
55 61 95 35 44 12 20 92 27 13 6 12 90 87 58 55
51 91 400 34 42 400 12 22 23 3 2 82 400 57 400
402 401 400 402 401 400 402 402 401 402 402 401 400 402 400
0 1 1 1 1 1 0 0 0 0
0 1 1 1 1 1 1 1 1 1
0 1 1 1 1 1 1 0 0 0
0 1 0 1 1 0 0 0 0 0
0 1 1 1 1 0 0 0 0 0
1 1 1 1 2 1 1 1 0 0
1 1 0 0 1 0 1 0 0 0
1 1 0 0 1 0 1 0 0 0
1 1 1 1 1 1 1 1 1 1
1 1 1 1 1 0 0 0 0 0
Maze 4
83 39 3.1538461538 2.3425345807 26 0.383618225360640
15 36 88 80 78 77 99 36 42 95 22 28 9 98 7 15
35 86 78 400 400 97 96 32 92 92 400 8 8 97 5
401 401 402 400 400 401 401 402 401 401 400 402 402 401 402
0 0 0 0 1 1 1 1 1 0
0 0 0 0 2 0 1 1 0 0
0 1 1 1 1 1 1 1 0 0
0 1 1 1 1 1 1 1 0 0
0 1 0 0 0 1 1 1 0 0
0 1 0 0 0 1 1 1 0 0
0 1 0 0 0 1 1 1 0 0
0 1 0 0 0 1 1 1 1 1
0 1 0 0 0 1 1 1 0 0
0 1 1 1 1 1 1 1 1 0
Maze 5
111 564 3.7241379310 2.1803142740 104 0.395146402314701
78 25 49 21 69 58 19 70 43 100 16 96 24 55 44 78
75 45 41 61 68 18 69 63 93 96 400 94 54 54 74
401 401 401 401 401 402 401 401 401 401 400 401 401 401 401
0 0 0 0 0 0 0 0 0 0
0 0 0 0 0 1 0 1 1 0
1 0 0 1 1 1 0 1 1 0
1 0 0 1 1 1 0 1 1 0
1 1 1 1 1 1 1 1 1 0
1 0 1 1 1 1 0 1 1 0
1 1 1 1 1 1 1 1 1 1
0 0 1 1 1 1 1 2 0 0
0 0 1 1 0 1 0 0 0 0
0 0 1 1 1 1 1 1 1 1
Maze 6
95 15 3.6326530612 2.1559524309 58 0.361915759461389
93 73 69 53 68 8 43 30 13 4 58 83 89 49 90 93
400 63 63 63 400 3 23 23 3 54 53 400 400 89 83
400 402 401 401 400 402 402 401 402 401 402 400 400 401 402
0 0 1 1 1 1 1 1 0 0
0 0 1 1 0 0 0 1 0 0
0 0 1 1 1 1 1 1 1 1
0 0 1 1 0 0 0 1 0 0
0 0 1 1 0 0 0 1 1 0
0 0 1 1 1 1 1 1 1 0
0 0 1 1 1 1 1 1 1 0
0 0 1 0 0 0 0 0 1 0
0 0 1 1 1 1 1 1 1 1
0 0 2 0 0 0 0 0 0 0
Maze 7
103 139 3.6956521739 1.9345424077 55 0.390344069671284
1 16 1 92 71 55 31 33 19 93 59 18 72 76 64 1
11 11 91 91 51 51 400 13 13 53 58 12 400 74 61
401 401 401 401 402 401 400 402 402 402 401 402 400 401 401
2 0 0 0 0 0 0 0 0 0
1 1 1 1 1 1 1 1 1 0
1 1 1 0 0 0 0 1 0 0
1 1 1 0 0 0 0 1 0 0
1 1 1 0 0 0 0 1 0 0
1 1 1 1 1 1 1 1 1 0
1 1 1 1 0 0 0 0 0 0
1 1 1 1 1 1 0 0 0 0
1 0 1 0 0 0 0 0 0 0
1 1 1 0 0 0 0 0 0 0
Maze 8
83 21 3.1627906977 1.9241314309 22 0.360185563300279
10 16 27 7 70 86 10 45 41 51 26 41 52 73 76 10
6 26 400 67 66 6 5 400 400 21 21 51 72 400 6
402 401 400 401 402 402 402 400 400 402 402 401 401 400 402
0 0 0 0 1 1 1 1 1 2
0 0 0 0 1 1 1 0 0 0
1 1 1 1 1 1 1 0 0 0
1 0 0 0 1 1 1 0 0 0
1 1 1 1 1 1 1 0 0 0
1 1 0 0 0 1 1 0 0 0
0 1 0 0 0 1 1 1 1 1
0 1 1 1 1 1 0 0 0 0
0 0 0 0 0 1 0 0 0 0
0 0 0 0 0 0 0 0 0 0
Maze 9
95 169 3.3846153846 2.1275846358 39 0.395995035460260
22 58 72 94 22 36 89 8 47 33 69 8 39 13 25 22
52 52 92 92 32 86 88 7 43 63 68 38 33 23 400
401 402 401 401 401 401 401 402 401 401 401 401 401 401 400
0 0 0 0 0 0 1 1 0 0
0 0 1 0 0 0 1 1 0 0
0 2 1 1 1 0 1 1 0 0
0 1 1 1 1 1 1 1 1 0
0 1 1 1 1 1 1 1 0 0
0 1 1 1 1 1 1 1 0 0
0 1 1 1 1 1 1 1 1 0
0 1 0 0 0 1 0 1 0 0
0 1 0 0 0 1 1 1 1 0
0 1 1 1 0 0 0 0 0 0
Maze 10
107 210 3.1724137931 2.1188546574 97 0.387037097066109
3 60 81 57 16 43 22 8 67 95 3 21 15 36 87 3
53 51 51 56 13 42 2 7 65 93 1 11 35 86 83
401 402 402 401 402 401 402 402 402 401 402 402 401 401 401
1 1 2 1 1 1 1 1 0 0
1 1 1 1 1 1 1 0 0 0
1 1 1 0 1 1 1 0 0 0
0 1 1 0 1 1 1 0 0 0
0 1 1 0 0 1 1 0 0 0
1 1 1 1 1 1 1 1 1 1
1 0 1 0 1 1 1 0 0 0
1 0 1 0 1 1 0 0 0 0
1 0 1 1 1 1 1 0 0 0
0 0 1 1 1 0 0 0 0 0
Maze 11
101 1062 3.0163934426 2.2068136069 55 0.373016946783345
45 3 69 89 65 78 86 5 9 97 78 66 40 82 100 45
43 63 400 85 75 76 85 400 7 77 76 36 32 92 95
401 401 400 401 401 402 401 400 402 402 401 402 402 401 401
0 0 1 0 1 1 1 1 1 0
0 0 1 0 1 0 1 0 0 0
0 0 1 0 1 0 1 0 0 0
0 1 1 1 1 1 1 1 1 1
0 1 1 1 2 1 1 0 0 0
0 1 1 0 1 1 1 0 0 0
0 1 1 1 1 1 1 1 1 0
0 1 0 0 1 1 1 1 1 0
0 1 0 0 1 1 1 1 1 0
0 1 1 1 1 1 1 1 1 1
Maze 12
93 84 3.4166666667 2.0915617156 45 0.398041880536509
48 51 17 51 2 44 78 60 35 27 53 22 1 29 56 48
41 11 11 1 42 74 58 55 25 23 52 21 21 26 46
402 402 402 402 401 401 402 401 402 402 401 401 401 402 402
1 1 0 0 0 0 0 0 0 0
1 1 1 1 1 1 1 0 0 0
1 1 1 1 1 1 1 1 1 0
1 1 1 0 1 1 0 0 0 0
1 1 1 1 1 1 1 2 0 0
1 1 1 1 1 1 1 1 1 1
0 0 0 1 0 0 0 1 0 0
0 0 0 1 1 1 1 1 0 0
0 0 0 0 0 0 0 0 0 0
0 0 0 0 0 0 0 0 0 0
Maze 13
77 60 3.6216216216 2.0069485833 30 0.392571067610132
92 85 94 72 86 41 71 73 95 36 95 62 57 63 13 92
82 84 92 82 81 400 400 93 35 35 92 52 53 400 12
402 402 401 401 401 400 400 401 402 402 401 402 402 400 402
0 0 0 0 0 0 0 0 0 0
0 1 1 0 0 0 0 0 0 0
0 1 1 0 0 0 0 0 0 0
0 1 1 0 1 1 0 0 0 0
1 1 1 0 1 0 0 0 0 0
1 1 1 1 1 1 1 0 0 0
1 1 1 0 1 0 0 0 0 0
1 1 1 0 1 0 0 0 0 0
1 1 1 1 1 1 0 0 0 0
0 2 1 1 1 0 0 0 0 0
Maze 14
97 11 3.3478260870 1.9683960839 53 0.384847678766953
71 87 11 48 71 15 55 81 66 56 50 66 100 87 72 71
81 81 41 41 11 400 51 61 400 46 46 96 97 82 400
401 401 401 402 402 400 402 402 400 402 402 401 401 401 400
0 0 0 0 0 0 0 0 0 0
1 1 1 1 1 0 0 0 0 0
1 0 0 0 1 0 0 0 0 0
1 0 0 0 1 0 0 0 0 0
1 1 1 1 1 1 1 1 1 1
1 1 1 1 1 1 0 0 0 0
1 1 1 1 1 1 0 0 0 0
2 1 0 0 0 1 0 0 0 0
1 1 1 1 1 1 1 0 0 0
0 0 0 0 0 1 1 1 1 1
Maze 15
97 550 3.6666666667 2.0359730652 54 0.385610283138471
57 95 18 15 38 13 96 26 46 86 13 34 58 19 62 57
55 15 400 35 33 93 400 400 400 83 33 54 18 12 52
402 402 400 401 401 401 400 400 400 401 401 401 402 402 402
0 0 0 0 0 0 0 0 0 0
0 1 1 1 1 1 1 1 1 0
0 1 1 0 1 1 0 1 0 0
0 1 1 1 1 1 1 1 0 0
0 1 1 1 1 1 0 1 0 0
0 1 1 1 1 1 2 1 0 0
0 1 1 0 1 1 0 0 0 0
0 0 1 0 1 1 0 0 0 0
0 0 1 1 1 1 0 0 0 0
0 0 1 1 1 1 0 0 0 0
Maze 16
117 891 3.3333333333 2.1992484917 111 0.379919708977339
51 79 57 45 51 40 23 89 18 2 90 63 47 9 38 51
71 77 55 41 31 33 83 88 12 82 83 43 7 8 31
401 401 401 402 402 401 401 401 401 401 401 402 402 402 402
0 1 0 0 0 0 1 1 1 0
0 1 1 1 1 1 1 1 0 0
0 1 1 0 0 0 1 1 0 0
1 1 1 1 1 1 1 1 1 1
1 1 1 1 1 1 1 1 0 0
2 1 1 0 1 1 1 1 0 0
1 1 1 0 0 0 1 1 0 0
1 1 1 1 1 1 1 1 1 0
0 1 1 1 1 1 1 1 1 1
0 0 0 0 0 0 0 0 0 0
Maze 17
83 197 2.8571428571 2.1341817712 26 0.379995291076099
73 62 43 97 52 38 86 51 45 2 31 56 39 76 75 73
72 42 93 92 32 36 81 41 42 1 51 36 36 400 400
401 402 401 401 402 402 401 402 401 402 401 402 402 400 400
1 1 0 0 0 0 0 0 0 0
1 1 0 0 0 0 0 0 0 0
1 1 0 0 0 0 0 0 0 0
1 1 1 1 1 1 1 1 1 0
1 1 1 1 1 1 0 0 0 0
1 1 1 1 1 1 0 0 0 0
1 1 1 0 0 1 0 0 0 0
1 1 2 1 1 1 0 0 0 0
1 1 1 1 1 1 0 0 0 0
0 1 1 1 1 1 1 0 0 0
Maze 18
87 37 3.3750000000 2.1976578704 50 0.384531337900510
19 22 84 87 72 41 41 53 56 85 50 5 38 4 75 19
12 82 400 82 71 400 51 400 55 45 45 35 34 74 15
402 401 400 401 401 400 401 400 402 402 401 401 401 401 402
0 0 0 1 1 0 0 0 0 0
0 1 1 1 1 1 1 1 2 0
0 1 0 1 1 0 0 0 0 0
0 1 0 1 1 1 1 1 0 0
1 1 0 1 1 1 1 1 1 1
1 1 1 1 1 1 0 0 0 0
1 1 0 1 1 0 0 0 0 0
1 1 0 1 1 0 0 0 0 0
0 1 1 1 1 1 1 0 0 0
0 0 0 0 0 0 0 0 0 0
Maze 19
117 343 2.8787878788 2.0233356731 147 0.377597251616868
81 12 72 87 48 4 90 50 82 34 42 98 38 23 99 81
11 400 82 47 44 84 400 42 32 32 92 400 33 93 91
402 400 401 402 401 401 400 402 402 402 401 400 401 401 401
0 0 0 1 0 0 0 0 0 0
1 1 0 1 0 0 0 0 0 0
1 1 1 1 0 0 0 0 0 0
1 1 1 1 1 1 1 1 0 0
1 1 1 1 1 1 1 1 1 1
1 1 1 1 0 0 1 1 0 1
1 1 1 1 0 0 1 1 0 1
1 1 1 1 0 0 1 1 0 1
2 1 1 1 1 1 1 1 1 1
1 1 1 1 1 1 1 1 1 0
Maze 20
107 193 3.1111111111 2.2790326024 105 0.373472873603519
94 39 69 11 65 97 8 27 38 6 51 30 63 57 63 94
34 400 61 61 95 7 7 37 36 1 21 23 53 53 93
402 400 401 401 401 402 402 401 401 402 402 402 402 402 401
1 1 1 1 1 1 1 1 0 0
1 0 0 0 0 1 1 0 0 0
1 1 1 1 1 1 1 1 1 1
1 0 1 1 1 1 1 1 1 0
1 0 1 1 0 0 1 0 1 0
1 0 1 1 1 1 1 0 1 0
1 1 1 1 1 1 1 1 1 0
0 0 1 1 1 0 1 0 0 0
0 0 1 1 1 0 1 0 0 0
0 0 1 2 1 1 1 0 0 0
Maze 21
91 215 3.2244897959 2.1387029870 40 0.373171810410851
62 11 61 100 64 94 78 62 88 58 16 65 21 73 93 62
61 400 91 94 400 74 72 82 400 56 15 61 71 400 92
401 400 401 401 400 402 401 401 400 401 402 401 401 400 401
0 0 0 0 0 0 0 0 0 0
1 0 0 0 1 1 0 0 0 0
1 0 0 0 1 1 0 0 0 0
1 0 0 0 1 1 0 0 0 0
1 0 0 0 1 1 0 0 0 0
1 0 0 0 1 1 1 1 0 0
1 2 1 1 1 0 0 1 0 0
1 1 1 1 1 1 1 1 0 0
1 1 1 1 1 1 1 1 0 0
1 1 1 1 1 1 1 1 1 1
Maze 22
133 24 3.0000000000 1.5537199979 159 0.393645671100682
92 9 62 92 10 72 41 36 88 28 21 10 26 53 15 92
2 2 400 2 2 71 31 86 400 400 1 6 23 13 12
402 402 400 402 402 401 402 401 400 400 402 402 402 402 402
1 1 1 1 1 1 1 1 1 1
1 1 1 1 1 1 0 0 0 0
1 1 1 1 1 1 1 1 0 0
1 1 1 1 1 1 0 1 0 0
1 1 1 0 0 1 0 1 0 0
1 1 1 0 0 1 0 1 0 0
1 1 0 0 0 1 0 1 0 0
1 1 0 0 0 1 0 1 0 0
0 1 0 0 0 1 1 1 0 0
0 2 0 0 0 0 0 0 0 0
Maze 23
73 40 2.6808510638 2.0363789200 11 0.381680450319383
10 23 6 6 33 56 54 8 56 55 37 82 87 39 20 10
3 3 400 3 53 400 4 6 400 35 32 400 37 19 400
402 402 400 402 401 400 402 402 400 402 402 400 402 402 400
0 0 1 1 1 1 1 1 1 2
0 0 1 1 0 1 0 0 1 1
0 0 1 1 0 1 0 0 1 0
0 1 1 1 1 1 1 1 1 0
0 1 1 1 1 1 1 0 0 0
0 1 1 1 1 1 1 0 0 0
0 1 0 0 0 0 1 0 0 0
0 1 0 0 0 0 1 0 0 0
0 1 1 1 1 1 1 0 0 0
0 0 0 0 0 0 0 0 0 0
Maze 24
101 27 3.3461538462 1.9968940619 60 0.364138039335703
88 86 5 89 68 38 13 10 85 72 15 52 1 47 55 88
400 85 85 88 400 33 3 5 82 12 12 51 41 45 85
400 401 401 401 400 401 402 402 401 402 402 401 401 402 401
1 0 1 1 1 1 1 1 1 1
1 1 1 1 1 0 0 0 0 0
1 1 1 0 1 0 0 0 0 0
1 1 1 1 1 1 1 1 0 0
1 1 1 1 1 1 1 1 0 0
1 1 0 0 1 0 0 1 0 0
0 1 0 0 1 0 0 1 0 0
0 1 0 0 1 0 0 1 0 0
0 1 1 1 1 1 1 2 1 0
0 0 0 0 0 0 0 0 0 0
Maze 25
89 171 3.0638297872 1.8762538919 50 0.372781540429567
69 93 83 4 6 70 63 42 25 37 12 7 56 45 11 69
63 400 3 400 66 400 62 22 35 32 2 6 55 41 61
402 400 402 400 401 400 401 402 401 401 402 402 401 401 401
0 1 1 1 1 1 1 0 0 0
1 1 1 0 0 1 0 0 0 0
1 1 1 1 1 1 0 0 0 0
1 1 1 1 1 1 1 0 0 0
1 1 1 1 1 1 0 0 0 0
1 1 1 0 1 1 0 0 0 0
1 1 1 1 1 1 1 1 2 1
0 0 1 0 0 0 0 0 0 0
0 0 1 0 0 0 0 0 0 0
0 0 1 0 0 0 0 0 0 0
Maze 26
111 1634 3.3770491803 2.2479421668 98 0.397276633976406
17 76 23 10 48 67 4 97 39 32 69 45 60 97 34 17
16 73 3 8 47 64 94 37 400 62 65 55 57 94 14
402 401 402 402 402 401 401 402 400 401 401 401 402 401 402
0 0 1 1 1 1 1 1 1 1
0 0 1 1 1 1 2 1 0 0
0 0 1 1 0 1 0 1 0 0
0 1 1 1 1 1 1 1 1 0
0 1 1 1 1 1 1 1 0 0
0 1 1 1 1 1 1 1 1 1
0 1 1 1 1 1 1 1 1 0
0 0 1 1 1 1 1 0 0 0
0 0 0 1 0 0 1 0 0 0
0 0 0 1 1 1 1 0 0 0
Maze 27
111 39 3.0000000000 1.9663033625 112 0.403040500730698
1 66 41 93 17 56 74 88 55 30 77 35 30 95 6 1
61 61 91 13 16 54 84 85 25 27 75 25 25 5 400
401 401 401 402 402 402 401 401 402 402 401 402 402 402 400
2 1 1 1 1 1 0 0 0 0
1 0 1 1 1 1 1 0 0 0
1 0 1 0 1 1 1 1 1 1
1 0 1 0 1 1 1 0 0 0
1 0 1 0 1 1 1 0 0 0
1 0 1 1 1 1 1 0 0 0
1 1 1 1 1 1 1 0 0 0
1 0 1 1 1 1 1 0 0 0
1 0 1 1 1 1 1 1 0 0
1 1 1 0 1 0 0 0 0 0
Maze 28
89 128 3.2608695652 2.0236867103 50 0.394562570160821
39 30 37 57 64 37 32 44 2 85 36 81 69 53 12 39
29 27 400 54 34 400 42 42 82 35 31 61 63 52 32
402 402 400 402 402 400 401 401 401 402 402 402 401 401 401
0 1 0 0 0 0 0 0 0 0
0 1 0 0 0 0 0 0 0 0
0 1 0 0 0 0 1 1 1 1
1 1 1 1 1 1 1 1 2 0
1 1 1 1 1 0 1 0 0 0
1 1 1 1 1 1 1 0 0 0
1 1 1 1 1 1 1 1 1 0
1 1 0 0 1 0 0 0 0 0
1 1 1 1 1 0 0 0 0 0
0 0 0 0 0 0 0 0 0 0
Maze 29
91 20 3.0612244898 2.0110985298 41 0.375039652829531
75 93 29 37 29 6 5 76 1 48 25 97 96 83 58 75
73 23 27 27 26 400 75 71 41 45 95 400 93 53 55
402 402 402 402 401 400 401 401 401 401 401 400 401 402 402
1 0 0 0 1 1 0 0 0 0
1 0 0 0 1 1 0 0 0 0
1 0 1 1 1 1 1 1 1 0
1 0 1 0 1 0 1 0 0 0
1 1 1 1 1 1 1 1 0 0
1 0 1 1 1 1 1 1 0 0
1 0 1 0 1 0 0 0 0 0
1 1 1 1 2 1 0 0 0 0
0 0 1 0 1 0 0 0 0 0
0 0 1 1 1 1 1 0 0 0
Maze 30
103 277 3.2982456140 2.1705072404 84 0.374344525384496
96 19 65 59 99 37 99 30 35 94 66 21 59 98 67 96
16 15 55 400 97 97 29 25 34 64 61 51 58 97 66
402 402 402 400 401 401 402 402 402 402 401 401 402 401 402
0 0 0 0 0 0 0 0 0 0
0 0 0 0 1 1 1 1 1 0
1 0 0 0 1 1 1 1 1 1
1 0 0 1 1 1 1 0 1 0
1 0 0 1 1 1 1 0 1 0
1 1 1 1 1 1 1 1 1 0
1 1 1 1 1 1 1 1 1 0
0 0 0 1 0 1 1 1 1 0
0 0 0 1 0 1 1 1 1 0
0 0 0 1 0 2 1 1 1 0
Maze 31
105 153 3.2941176471 1.9019512545 105 0.389944448872620
80 29 5 34 58 95 16 58 4 89 25 75 79 81 67 80
79 25 4 54 55 15 56 54 84 85 400 400 71 61 77
401 401 402 401 402 402 401 401 401 401 400 400 402 402 401
0 0 0 1 1 0 0 0 0 0
0 0 0 1 1 1 0 0 0 0
0 0 0 1 1 1 1 1 1 0
0 0 0 1 1 1 0 0 1 0
0 0 0 1 1 1 0 0 1 0
0 0 0 1 1 1 1 1 1 0
1 1 1 1 1 1 1 0 1 0
1 1 1 1 1 1 1 1 1 2
1 0 0 1 1 1 1 1 1 0
0 0 0 0 1 0 0 0 0 0
Maze 32
105 32 3.5744680851 1.8491192752 99 0.403955555697913
89 65 16 21 32 72 42 96 12 86 79 77 71 80 4 89
85 15 11 31 400 400 92 92 82 76 400 400 400 74 84
401 402 402 401 400 400 401 401 401 402 400 400 400 401 401
0 0 0 1 0 0 0 0 0 0
1 1 1 1 1 1 0 0 0 0
1 1 0 1 1 0 0 0 0 0
1 1 0 1 1 0 0 0 0 0
0 1 0 1 1 0 0 0 0 0
0 1 0 1 1 0 0 0 0 0
0 1 0 1 1 0 0 0 0 0
1 1 1 1 1 1 1 1 1 1
0 1 1 1 1 1 1 1 2 0
0 1 1 1 1 1 0 0 0 0
Maze 33
113 3 3.1272727273 1.8713923508 90 0.382329256422398
36 18 59 11 11 72 6 10 82 8 15 92 59 79 84 36
16 58 51 400 71 2 400 2 2 5 12 52 400 74 34
402 401 401 400 401 402 400 402 402 402 402 402 400 402 402
0 1 1 1 1 1 1 1 1 1
1 1 1 1 1 1 1 1 0 0
1 1 0 0 0 1 0 1 0 0
1 1 0 1 1 2 0 1 0 0
1 1 0 1 0 0 0 1 0 0
1 1 1 1 1 1 1 1 1 0
1 1 0 1 0 0 0 0 1 0
1 1 0 1 1 1 1 1 1 0
0 1 0 1 0 0 0 0 0 0
0 1 0 0 0 0 0 0 0 0
Maze 34
93 13 3.7500000000 1.8106990882 50 0.381586950012909
36 23 36 96 47 37 3 52 13 73 39 1 3 70 74 36
33 33 400 46 400 33 2 12 400 33 31 400 63 64 34
401 401 400 402 400 401 402 402 400 402 401 400 401 402 402
1 1 1 0 0 0 0 0 0 0
1 1 1 0 0 0 0 0 0 0
1 1 1 0 0 0 0 0 0 0
1 1 1 1 1 2 1 1 1 0
0 1 1 1 0 1 1 0 0 0
0 1 1 1 0 1 0 0 0 0
0 0 1 1 1 1 1 1 1 1
0 0 1 1 0 1 0 0 0 0
0 0 0 0 0 1 0 0 0 0
0 0 0 0 0 1 0 0 0 0
Maze 35
101 183 3.2068965517 2.2004017857 51 0.380973928205475
76 37 47 30 85 20 87 52 75 79 100 27 42 46 21 76
36 400 27 25 15 17 82 72 400 99 97 22 400 41 71
402 400 402 402 402 402 401 401 400 401 401 402 400 401 401
0 0 0 0 0 0 0 0 0 0
0 0 0 0 1 1 1 1 1 1
1 1 1 1 1 1 1 1 1 1
1 1 0 0 1 1 1 0 0 0
1 1 1 1 1 1 1 0 0 0
1 1 0 0 1 1 1 0 0 0
1 1 0 0 1 1 1 0 0 0
1 1 1 1 1 2 1 1 1 0
0 1 1 1 1 1 1 0 1 0
0 0 0 0 0 0 1 1 1 1
Maze 36
89 126 3.2592592593 2.3015092673 44 0.372743869883085
32 23 98 28 76 89 6 6 40 39 62 69 30 68 41 32
22 93 400 26 86 86 400 36 400 32 400 29 28 61 31
402 401 400 402 401 401 400 401 400 402 400 402 402 401 402
0 0 0 0 0 1 0 0 0 0
0 0 0 0 0 1 0 0 0 0
0 1 1 0 0 1 1 1 1 1
1 2 1 1 1 1 1 1 1 1
1 1 1 0 0 1 0 1 1 0
1 1 1 0 0 1 0 1 1 0
1 1 1 1 1 1 1 1 1 0
0 0 1 0 0 1 0 1 0 0
0 0 1 0 0 1 1 1 1 0
0 0 1 1 1 1 1 1 0 0
Maze 37
89 195 3.3207547170 2.1939256689 36 0.375275607358956
54 42 65 49 97 58 4 46 17 31 10 56 70 85 54 54
52 62 45 47 57 54 44 16 11 1 6 66 65 84 400
401 401 402 402 402 401 401 402 402 402 402 401 402 401 400
1 1 1 1 1 1 1 1 1 1
1 1 1 1 1 1 1 0 0 0
1 0 0 1 0 1 0 0 0 0
1 0 0 1 0 1 0 0 0 0
0 1 0 1 1 1 1 1 1 0
0 1 1 2 1 1 1 1 0 0
0 1 1 1 1 1 1 1 1 1
0 0 0 1 1 0 1 0 0 0
0 0 0 1 1 0 1 0 0 0
0 0 0 0 0 0 1 0 0 0
Maze 38
115 62 3.1475409836 1.9829719734 139 0.388848734194894
58 95 13 98 53 19 56 99 94 11 71 79 50 18 64 58
55 93 93 93 13 16 96 400 91 400 400 49 48 14 54
402 401 401 401 402 402 401 400 401 400 400 402 401 402 402
0 0 0 0 0 0 0 0 0 0
1 0 1 1 1 1 1 1 1 0
1 0 1 1 0 1 0 1 0 0
1 0 1 1 0 1 0 1 0 0
1 0 1 1 0 1 0 1 1 1
1 0 1 1 1 1 1 2 1 0
1 0 1 1 1 1 0 0 1 0
1 1 1 1 1 1 1 1 1 0
1 0 1 0 1 1 0 0 0 0
1 1 1 1 1 1 1 1 1 0
Maze 39
109 549 3.5769230769 2.0675947945 92 0.403593981114859
1 38 82 35 81 48 33 41 61 57 53 83 77 28 90 1
31 32 32 31 41 43 31 400 51 400 400 73 27 88 81
401 402 402 402 402 401 402 400 402 400 400 402 402 401 401
2 0 0 0 0 0 0 0 0 0
1 0 0 0 0 0 0 0 0 0
1 0 0 0 0 0 1 1 0 0
1 1 1 1 1 1 1 1 0 0
1 1 1 1 1 1 1 1 0 0
1 1 1 1 1 1 1 1 0 0
1 1 1 0 0 0 1 1 0 0
1 1 1 1 1 1 1 1 0 0
1 1 1 1 1 1 1 1 1 1
0 0 0 0 0 0 0 0 0 0
Maze 40
109 25 3.2131147541 2.2898594413 97 0.386487406803443
95 53 91 17 27 17 33 10 84 90 26 76 89 31 47 95
93 51 11 400 400 13 3 4 400 86 400 86 81 41 45
401 402 402 400 400 402 402 402 400 401 400 401 401 401 402
0 0 1 1 1 1 1 1 1 1
1 1 1 1 1 1 1 0 0 0
1 0 1 1 0 1 1 0 0 0
1 0 1 1 0 1 0 0 0 0
1 1 1 1 1 1 1 0 0 0
1 1 1 1 1 1 0 0 0 0
1 0 1 1 1 1 0 0 0 0
1 0 1 1 1 1 0 0 0 0
1 1 1 1 1 1 1 1 1 1
1 0 1 1 2 0 0 0 0 0
Maze 41
97 1115 3.1481481481 2.1256661497 77 0.374360659904531
28 4 65 29 24 39 27 3 82 93 13 21 68 75 91 28
24 64 25 400 34 37 23 2 92 400 11 61 65 71 21
401 401 402 400 401 401 401 402 401 400 402 401 402 402 402
0 1 1 1 0 0 0 0 0 0
1 1 1 1 0 0 0 0 0 0
1 1 1 1 1 1 1 2 1 0
1 1 1 1 1 1 1 1 1 0
1 1 1 1 1 0 0 0 0 0
1 1 1 1 1 0 0 0 0 0
1 1 1 1 1 1 1 1 0 0
1 1 1 1 1 0 0 0 0 0
1 1 1 0 0 0 0 0 0 0
1 1 1 0 0 0 0 0 0 0
Maze 42
87 24 3.3333333333 1.8587425806 36 0.383635334336387
68 35 80 79 53 70 78 3 35 87 89 73 60 48 45 68
65 75 400 73 63 68 73 33 85 400 83 53 58 400 65
401 401 400 401 401 402 401 401 401 400 401 402 401 400 401
0 0 1 0 0 0 0 0 0 0
0 0 1 0 0 0 0 0 0 0
0 0 1 0 0 0 0 0 0 0
0 0 1 1 1 0 0 0 0 0
0 0 1 0 1 1 1 1 0 0
0 0 1 1 1 1 1 1 1 1
0 0 1 1 1 1 1 2 1 1
0 0 1 1 1 1 1 1 1 1
0 0 1 1 1 1 1 1 1 0
0 0 0 0 0 0 0 0 0 0
Maze 43
93 116 2.9473684211 2.1359106386 41 0.375455643036838
6 62 85 83 46 65 9 58 69 18 43 94 35 88 20 6
2 82 400 43 45 5 8 68 68 13 93 34 85 18 16
402 401 400 402 402 402 402 401 401 402 401 402 401 402 401
0 1 1 1 1 2 1 1 1 0
0 1 1 1 1 1 1 1 1 1
0 1 1 0 1 0 0 1 0 0
0 1 1 1 1 0 0 1 0 0
0 1 1 1 1 1 0 1 0 0
0 1 1 1 1 0 0 1 0 0
0 1 1 1 1 0 0 1 1 0
0 1 1 1 1 0 0 1 0 0
0 1 1 1 1 1 1 1 0 0
0 0 1 1 0 0 0 0 0 0
Maze 44
83 107 2.7037037037 2.0732441963 35 0.367439452038780
57 67 83 96 57 6 21 66 63 60 7 8 59 42 84 57
400 63 93 56 56 1 61 400 53 57 400 58 52 82 54
400 402 401 402 401 402 401 400 402 401 400 401 401 401 402
1 1 1 1 1 1 1 1 0 0
1 0 0 0 0 1 1 1 0 0
1 0 0 0 0 1 1 1 0 0
1 0 0 0 0 1 1 1 0 0
1 1 0 0 0 1 1 1 0 0
1 1 1 1 1 1 2 1 1 1
1 1 1 1 1 1 1 0 0 0
0 1 1 1 0 1 0 0 0 0
0 1 1 1 0 1 0 0 0 0
0 0 1 1 1 1 0 0 0 0
Maze 45
81 171 3.0196078431 2.2073402913 26 0.370820000236015
39 76 80 26 11 55 19 50 50 54 62 74 53 12 60 39
36 400 76 21 51 15 49 400 44 52 72 73 52 52 59
402 400 401 401 401 402 401 400 402 402 401 401 401 401 401
0 0 0 0 0 0 0 0 0 0
1 1 0 0 1 1 1 1 1 0
1 1 1 1 1 1 0 0 1 0
1 1 0 0 1 1 1 1 2 0
1 1 0 1 1 1 1 1 1 1
1 1 1 1 1 1 1 1 1 1
0 1 1 0 0 1 0 0 0 0
0 1 1 1 0 1 1 1 1 1
0 0 0 0 0 0 0 0 0 0
0 0 0 0 0 0 0 0 0 0
Maze 46
103 122 2.7500000000 2.1336290192 77 0.386563791989652
94 52 29 19 37 88 48 99 12 62 15 85 11 47 59 94
92 22 400 17 87 400 98 92 400 12 400 81 41 57 54
401 402 400 402 401 400 401 401 400 402 400 401 401 401 402
0 0 0 0 0 0 0 0 0 0
1 1 1 1 1 0 1 1 1 0
1 1 1 1 1 1 1 1 1 0
1 1 0 0 1 0 1 0 0 0
1 1 1 1 1 1 1 1 0 0
1 1 0 1 1 1 1 1 1 0
1 1 0 1 1 0 1 1 0 0
1 1 0 1 1 0 1 1 0 0
1 1 1 1 1 0 1 1 0 0
0 1 1 2 1 1 1 1 1 0
Maze 47
117 4 3.8297872340 1.9394860827 102 0.368204346967989
44 17 13 80 53 39 41 10 71 6 21 43 91 31 32 44
14 400 73 73 33 31 1 1 1 1 41 41 400 400 42
402 400 401 401 402 402 402 402 402 402 401 402 400 400 401
1 1 1 1 1 1 1 1 1 1
1 0 1 1 1 1 1 0 0 0
1 0 1 1 0 0 0 0 0 0
1 1 1 1 1 1 1 1 1 0
1 1 1 2 0 0 0 0 0 0
1 0 1 0 0 0 0 0 0 0
1 0 1 0 0 0 0 0 0 0
1 0 1 1 1 1 1 1 1 1
1 0 0 0 0 0 0 0 0 0
1 0 0 0 0 0 0 0 0 0
Maze 48
93 326 3.6000000000 1.9981696892 56 0.393873978405866
67 7 42 11 66 25 72 43 27 52 13 50 46 31 35 67
400 2 41 61 65 22 42 23 22 12 43 400 41 400 65
400 402 401 401 401 402 402 402 402 402 401 400 401 400 401
0 1 1 1 1 1 1 0 0 0
1 1 1 0 0 0 1 0 0 0
1 1 1 1 1 1 1 0 0 0
1 1 1 1 1 0 1 0 0 0
1 1 1 1 1 1 1 1 1 1
1 1 0 0 1 0 1 0 0 0
1 1 1 1 1 1 2 0 0 0
0 1 0 0 0 0 0 0 0 0
0 0 0 0 0 0 0 0 0 0
0 0 0 0 0 0 0 0 0 0
Maze 49
71 38 3.4054054054 1.9760159061 13 0.361659203260212
66 82 82 9 7 83 74 71 52 25 21 33 44 92 66 66
62 400 2 400 3 73 400 51 22 400 31 43 42 62 400
402 400 402 400 402 402 400 402 402 400 401 401 402 402 400
0 1 1 1 1 1 1 1 1 0
0 1 1 0 0 0 0 0 0 0
1 1 1 1 1 0 0 0 0 0
1 1 1 0 0 0 0 0 0 0
0 1 1 1 0 0 0 0 0 0
1 1 1 0 0 0 0 0 0 0
1 1 1 1 1 2 0 0 0 0
1 1 1 1 0 0 0 0 0 0
0 1 1 0 0 0 0 0 0 0
0 1 0 0 0 0 0 0 0 0
Maze 50
105 321 3.0000000000 2.3350987956 87 0.390423790771273
53 20 47 77 36 39 61 10 28 84 16 47 6 58 98 53
13 17 400 76 400 31 1 8 24 14 46 46 56 400 93
402 402 400 401 400 402 402 402 402 402 401 401 401 400 401
1 1 1 1 1 1 1 1 1 1
1 0 1 1 1 1 1 1 1 1
1 0 1 1 1 1 1 1 0 0
1 1 1 1 1 1 1 1 1 0
1 0 1 1 0 1 1 0 0 0
1 0 2 1 0 1 1 1 0 0
1 0 1 1 0 1 1 1 0 0
0 0 1 1 0 1 1 1 0 0
0 0 1 1 0 0 0 1 0 0
0 0 1 1 1 1 1 1 0 0
Maze 51
85 93 3.0384615385 2.1735887902 50 0.391556648000840
72 55 3 84 26 78 25 16 89 29 70 69 74 62 94 72
52 53 83 24 76 75 15 86 400 69 400 64 72 92 92
402 401 401 402 401 401 402 401 400 401 400 402 401 401 401
0 0 1 0 0 0 0 0 0 0
0 0 1 0 1 1 0 0 0 0
0 0 1 1 1 1 0 0 1 0
0 0 1 1 1 1 0 0 1 0
0 0 1 1 1 1 0 0 1 0
0 1 1 1 1 1 0 0 1 0
0 1 1 1 1 1 1 1 1 1
0 2 1 1 1 1 1 1 1 0
0 1 1 1 0 1 1 1 1 0
0 1 1 1 0 0 0 0 0 0
Maze 52
77 59 2.8000000000 2.1525783848 30 0.394482734253722
26 49 12 24 98 85 89 40 27 77 76 18 57 78 39 26
46 42 22 94 95 400 39 37 400 400 16 17 77 38 36
401 401 401 401 401 400 402 401 400 400 402 402 401 402 401
0 0 0 0 0 0 0 0 0 0
0 1 0 0 0 1 1 1 0 0
0 1 1 1 0 2 1 0 0 0
0 1 0 1 0 1 1 1 1 1
0 1 1 1 1 1 1 1 1 0
0 0 0 1 0 1 1 1 1 0
0 0 0 1 0 1 1 1 1 0
0 0 0 1 0 1 1 1 1 0
0 0 0 1 1 1 1 1 1 0
0 0 0 1 1 1 1 1 0 0
Maze 53
79 204 2.9230769231 2.2935661738 26 0.369672280472237
98 58 84 62 56 17 34 33 87 75 69 1 43 34 74 98
400 54 82 52 16 14 400 83 85 65 61 41 33 400 94
400 402 401 402 402 402 400 401 401 402 401 401 402 400 401
1 0 0 0 0 0 0 0 0 0
1 0 0 1 1 1 1 0 0 0
1 0 0 1 0 1 0 0 0 0
1 0 1 1 0 1 0 0 0 0
1 1 1 1 0 1 0 0 0 0
1 1 1 1 1 1 1 1 0 0
1 1 1 1 1 1 1 1 1 0
0 1 1 1 1 0 0 1 0 0
0 1 1 1 1 1 1 1 0 0
0 0 0 1 1 1 1 2 0 0
Maze 54
111 398 3.0303030303 2.2742792991 98 0.393856380817889
28 44 56 87 11 40 70 44 33 100 85 42 76 31 80 28
24 54 86 81 31 400 64 43 93 95 82 72 71 71 78
402 401 401 401 401 400 401 401 401 401 401 401 401 401 401
0 0 0 0 0 0 0 0 0 0
1 0 0 0 0 0 0 0 0 0
1 0 0 1 1 1 1 2 0 0
1 1 1 1 1 1 1 1 1 1
1 1 1 1 0 0 0 1 0 1
1 1 1 1 1 1 0 1 0 1
1 1 1 1 1 1 1 1 1 1
1 1 1 1 1 1 1 1 1 1
1 1 1 1 1 1 1 0 0 0
0 0 1 1 1 1 1 1 1 1
Maze 55
109 25 3.1186440678 2.3104218750 79 0.373426878165116
87 100 84 81 20 7 67 27 51 78 31 35 47 96 21 87
97 94 400 11 17 400 400 21 71 71 400 45 46 91 81
401 401 400 402 401 400 400 402 401 401 400 401 402 401 401
0 0 0 0 0 0 1 0 0 0
1 1 1 1 1 1 1 1 1 1
1 1 1 1 1 1 1 0 0 0
1 1 1 1 1 0 1 0 0 0
1 0 0 0 1 1 1 0 0 0
1 0 0 0 0 1 1 0 0 0
1 0 0 0 0 1 1 0 0 0
1 1 1 1 1 1 1 1 0 0
1 1 1 1 1 1 2 0 0 0
1 1 1 1 1 1 1 1 1 1
Maze 56
103 259 3.4909090909 2.2217810464 56 0.377556750632071
97 84 39 61 32 9 34 41 17 73 75 93 66 87 6 97
94 34 31 31 2 4 31 11 13 400 73 63 86 86 96
401 402 402 402 402 402 402 402 402 400 402 402 401 401 401
0 1 1 1 1 1 1 1 1 0
1 1 1 1 1 1 1 0 0 0
1 1 1 1 0 1 0 0 0 0
1 1 1 1 1 1 1 1 1 0
1 0 1 1 0 1 0 0 0 0
1 0 1 1 0 1 0 0 0 0
1 0 1 1 1 1 0 0 0 0
0 0 1 1 1 1 0 0 0 0
0 0 1 1 0 1 1 0 0 0
0 0 1 1 1 1 2 0 0 0
Maze 57
111 607 3.1803278689 2.1396951613 81 0.380391606188551
44 85 45 94 5 55 99 6 91 29 100 94 75 61 14 44
84 400 44 4 400 95 96 1 21 99 400 74 71 11 400
401 400 402 402 400 401 401 402 402 401 400 402 401 402 400
1 1 1 1 1 1 0 0 0 0
1 1 1 1 1 1 0 0 0 0
1 1 1 1 1 1 1 1 1 0
1 0 0 1 1 1 0 0 1 0
1 0 0 2 1 1 0 0 1 0
1 0 0 1 1 1 0 0 1 0
1 0 0 1 1 1 0 0 1 0
1 1 1 1 1 1 0 0 1 0
1 0 0 1 1 1 0 0 1 0
1 0 0 1 1 1 1 1 1 1
Maze 58
95 33 3.2800000000 1.9858000663 77 0.369957825620102
22 48 95 5 20 41 58 55 37 49 40 20 32 78 75 22
42 45 400 15 11 51 400 35 47 39 400 12 72 400 72
401 402 400 401 402 401 400 402 401 402 400 402 401 400 401
0 0 0 0 1 0 0 0 0 0
1 1 1 1 1 1 1 1 1 1
1 2 0 0 1 0 0 0 0 1
1 1 0 0 1 1 1 0 1 1
1 1 1 1 1 1 1 1 1 0
1 1 1 1 1 1 1 1 0 0
0 1 0 0 1 0 0 0 0 0
0 1 1 1 1 1 1 1 0 0
0 0 0 0 1 0 0 0 0 0
0 0 0 0 1 0 0 0 0 0
Maze 59
83 53 2.9615384615 2.2304195997 21 0.370592522480098
55 52 57 66 71 74 89 30 25 10 76 48 5 50 40 55
400 400 56 61 400 84 29 400 5 6 46 45 45 400 35
400 400 402 402 400 401 402 400 402 402 402 401 401 400 402
0 0 0 0 1 1 1 1 1 1
0 0 0 0 1 1 0 0 0 0
0 0 0 0 1 1 1 1 1 1
0 0 0 0 1 1 1 1 1 1
0 0 0 0 1 1 1 1 1 1
0 1 1 1 2 1 1 0 1 0
1 1 1 1 1 1 0 0 1 0
1 1 1 1 0 1 0 0 1 0
0 0 0 1 1 1 1 1 1 0
0 0 0 0 0 0 0 0 0 0
Maze 60
87 3 3.0000000000 1.8703771110 56 0.373189485216209
22 65 68 95 62 45 31 36 60 27 82 82 53 92 68 22
62 400 65 92 42 41 400 56 57 22 400 52 52 62 62
401 400 402 401 402 401 400 401 401 402 400 402 402 402 401
0 0 0 0 0 0 0 0 0 0
0 0 0 0 0 0 0 0 0 0
0 2 1 1 1 1 1 0 0 0
1 1 1 1 1 1 1 0 0 0
1 1 1 1 1 1 1 0 0 0
0 1 1 0 0 1 1 1 1 1
0 1 1 1 1 1 1 1 0 0
0 1 0 0 1 0 0 0 0 0
0 1 0 0 1 0 0 0 0 0
0 1 1 1 1 0 0 0 0 0
Maze 61
85 2447 3.1428571429 2.1114862534 50 0.389452776631341
16 32 94 49 18 66 52 58 35 30 37 59 63 48 7 16
12 92 44 48 16 62 400 55 25 27 57 53 43 47 6
402 401 402 401 402 401 400 401 402 402 401 402 402 401 402
0 0 0 0 0 1 1 0 0 0
0 1 1 1 1 2 1 1 0 0
0 1 0 0 1 1 1 1 1 1
0 1 0 0 1 1 1 1 0 0
0 1 1 1 1 1 1 1 1 0
0 1 1 1 1 1 1 1 1 0
0 1 1 1 1 1 0 0 0 0
0 1 0 1 0 0 0 0 0 0
0 1 0 1 0 0 0 0 0 0
0 1 1 1 0 0 0 0 0 0
Maze 62
117 61 3.6206896552 2.1503763030 118 0.385295813558075
22 39 88 41 89 24 35 95 9 82 63 67 32 17 52 22
32 38 81 81 84 34 400 5 2 62 400 62 12 12 400
401 402 401 401 401 401 400 402 402 402 400 401 402 402 400
0 1 1 1 1 1 1 1 1 0
0 1 1 1 1 1 1 0 0 0
0 2 0 1 1 0 0 0 0 0
0 1 1 1 1 1 1 1 1 0
1 1 0 1 1 0 0 1 0 0
1 1 0 1 1 0 0 1 0 0
1 1 1 1 1 1 1 1 0 0
1 1 0 1 1 0 0 1 0 0
1 1 1 1 1 1 1 1 1 0
0 0 0 0 1 0 0 0 0 0
Maze 63
77 72 2.4074074074 2.2119288269 30 0.382363078357246
94 71 53 36 46 96 3 2 61 74 99 19 36 97 75 94
91 51 33 400 400 93 400 1 71 94 400 16 96 95 74
401 402 402 400 400 401 400 402 401 401 400 402 401 401 402
1 1 1 0 0 0 0 0 0 0
1 0 1 0 0 1 1 1 1 0
1 0 1 0 0 1 0 0 1 0
1 0 1 1 1 1 0 0 1 0
1 0 1 0 0 1 0 0 1 0
1 1 1 0 0 1 0 0 1 0
1 0 1 0 0 1 0 0 1 0
1 1 1 1 1 1 0 0 1 0
1 0 1 1 1 1 0 0 1 0
1 1 1 2 1 1 1 1 1 0
Maze 64
81 54 2.7407407407 2.2121281637 25 0.353643621195903
65 55 39 20 56 99 28 36 16 91 92 56 61 60 66 65
400 35 19 16 96 98 26 400 11 400 52 51 51 56 400
400 402 402 402 401 401 402 400 402 400 402 402 402 402 400
0 0 0 0 0 0 0 0 0 0
1 1 1 1 1 1 1 1 1 1
1 0 0 0 0 1 1 1 1 0
1 0 0 0 1 1 1 1 1 0
1 0 0 0 1 1 0 1 0 0
1 1 1 1 1 1 1 1 1 1
1 1 0 0 2 1 0 1 0 0
1 1 0 0 0 1 0 1 0 0
1 1 0 0 0 1 0 1 0 0
1 1 0 0 0 1 1 1 1 0
Maze 65
101 383 3.1186440678 2.2539504741 71 0.370081002800950
73 100 94 39 25 93 11 55 23 81 62 76 7 19 48 73
93 400 34 35 23 91 51 53 21 61 72 6 17 18 43
401 400 402 401 402 401 401 401 402 402 401 402 401 402 402
0 0 0 0 0 1 1 0 0 0
1 0 0 0 0 1 1 1 1 0
1 1 1 1 1 1 0 1 0 0
1 0 1 1 1 1 1 1 1 0
1 0 1 1 1 1 1 1 0 0
1 1 1 1 1 1 0 0 0 0
1 1 1 1 0 1 0 0 0 0
1 1 2 1 1 1 0 0 0 0
1 0 1 1 0 0 0 0 0 0
1 1 1 1 1 1 1 1 1 1
Maze 66
93 70 3.2156862745 2.0218657103 36 0.400760170900766
33 15 19 53 84 1 13 97 36 35 78 73 47 86 69 33
13 400 13 83 81 11 93 96 400 75 400 43 46 66 63
402 400 402 401 401 401 401 401 400 401 400 402 402 402 401
1 0 0 0 0 0 0 0 0 0
1 1 1 1 1 1 1 1 1 0
1 0 1 0 0 0 0 0 0 0
1 0 2 0 1 1 0 0 0 0
1 0 1 1 1 1 1 0 0 0
1 0 1 0 1 1 0 0 0 0
1 0 1 1 1 1 1 1 1 0
1 0 1 1 1 1 1 1 0 0
1 1 1 1 0 1 0 0 0 0
0 0 1 1 1 1 1 0 0 0
Maze 67
115 285 3.3333333333 2.2366293377 133 0.393757142209747
27 66 94 50 64 32 27 91 82 38 87 35 70 81 8 27
26 64 44 44 62 22 21 81 32 37 85 65 61 1 7
402 402 402 402 401 402 402 402 402 402 401 401 402 402 402
1 1 1 1 1 1 1 1 0 0
1 0 0 0 0 0 1 0 0 0
1 1 1 1 1 1 2 0 0 0
1 1 1 1 1 1 1 1 0 0
1 1 0 1 1 1 1 1 1 1
1 1 0 1 1 1 1 0 0 0
1 1 1 1 1 1 1 1 1 1
1 1 0 1 1 0 1 0 0 0
1 1 0 1 1 1 1 0 0 0
1 0 0 1 0 0 0 0 0 0
Maze 68
105 862 3.4285714286 2.2430458920 92 0.376539567552029
31 99 64 30 22 67 71 91 55 59 36 96 55 38 72 31
91 94 24 400 62 61 400 51 400 56 400 95 35 32 71
401 401 402 400 401 402 400 402 400 401 400 401 402 402 401
0 0 0 0 0 0 0 0 0 0
0 0 0 0 0 0 0 0 0 0
0 1 1 1 1 1 1 1 1 1
2 1 1 1 1 1 1 1 0 0
1 1 0 1 1 1 0 0 0 0
1 1 1 1 1 1 1 1 1 0
1 1 1 1 1 1 1 0 0 0
1 1 0 1 1 1 0 0 0 0
1 0 0 1 1 1 0 0 0 0
1 1 1 1 1 1 1 1 1 0
Maze 69
97 959 3.1864406780 2.2126880212 84 0.374196486033538
63 67 22 59 59 10 38 97 33 51 88 56 15 98 45 63
400 62 52 400 9 8 37 93 31 81 86 55 95 95 43
400 401 401 400 402 402 402 401 402 401 401 401 401 401 402
0 0 0 0 0 0 0 1 1 1
0 0 0 0 1 0 0 1 1 0
0 1 0 0 1 0 0 1 1 0
1 1 1 0 1 0 1 1 1 0
1 1 1 1 1 0 1 0 1 0
1 1 1 1 1 1 1 1 1 0
1 1 2 1 1 1 1 0 0 0
1 0 1 0 1 1 1 0 0 0
1 1 1 1 1 1 1 1 0 0
0 0 1 1 1 1 1 1 0 0
Maze 70
91 33 2.8571428571 2.2941458740 25 0.375737668932490
10 41 89 4 14 64 12 12 11 52 1 68 8 17 40 10
1 81 84 400 400 62 400 400 51 51 61 400 7 37 400
402 401 401 400 400 401 400 400 401 401 401 400 402 401 400
1 1 1 1 1 1 1 1 1 2
1 1 0 1 0 0 1 1 0 1
1 1 0 1 0 0 1 1 0 1
1 1 0 1 0 0 1 1 1 1
1 1 0 1 0 0 0 1 0 0
1 1 0 1 0 0 0 1 0 0
1 1 1 1 1 1 1 1 0 0
1 0 0 1 0 0 0 0 0 0
1 1 1 1 1 1 1 1 1 0
0 0 0 0 0 0 0 0 0 0
Maze 71
107 175 3.0819672131 2.0979063311 112 0.391552223347933
74 7 61 15 38 67 83 53 95 19 19 29 2 85 29 74
4 1 11 35 37 63 400 93 15 400 400 22 82 25 24
402 402 402 401 402 402 400 401 402 400 400 401 401 402 402
1 1 1 1 1 1 1 0 0 0
1 1 1 1 1 1 1 1 1 0
1 1 1 1 1 1 1 1 1 0
1 1 0 1 1 1 1 1 0 0
1 1 0 1 1 0 1 0 0 0
1 1 1 1 1 0 1 0 0 0
1 1 1 1 1 1 1 0 0 0
0 1 1 2 1 0 0 0 0 0
0 1 1 1 1 0 0 0 0 0
0 0 1 1 1 0 0 0 0 0
Maze 72
99 72 3.5319148936 1.9746594957 77 0.385200851510772
61 43 89 5 69 23 85 81 89 48 87 14 14 75 52 61
41 83 85 65 63 83 400 400 88 47 84 400 74 72 51
402 401 401 401 401 401 400 400 401 402 401 400 401 401 402
0 0 0 0 1 0 0 0 0 0
0 0 0 1 1 0 0 0 0 0
0 0 1 1 1 0 0 0 0 0
0 0 1 1 1 0 0 0 0 0
1 1 1 1 1 0 1 1 0 0
1 1 1 1 1 0 1 1 0 0
2 1 1 1 1 1 1 1 1 0
0 1 1 1 1 0 1 1 0 0
1 1 1 1 1 1 1 1 1 0
0 0 0 0 0 0 0 0 0 0
Maze 73
99 21 3.3928571429 2.1876928616 66 0.385329308335181
15 19 13 89 84 23 51 20 80 7 36 32 83 2 35 15
400 400 83 400 83 21 11 400 77 6 400 82 82 32 400
400 400 401 400 401 402 402 400 401 402 400 401 401 401 400
0 1 0 0 0 1 1 0 0 0
1 1 1 1 2 1 1 1 1 1
1 1 1 0 1 1 1 0 0 1
1 1 1 1 1 1 1 0 0 1
1 1 1 0 0 0 1 0 0 1
1 1 1 0 0 0 1 0 0 1
0 1 1 0 0 0 1 0 0 1
0 1 1 0 0 0 1 1 1 1
0 1 1 1 1 1 1 1 1 0
0 0 0 0 0 0 0 0 0 0
Maze 74
99 54 3.1333333333 2.2126880212 62 0.377618060727416
72 56 15 95 90 79 53 35 1 95 17 6 8 23 70 72
52 55 400 85 89 73 33 31 91 15 16 400 3 63 62
402 401 400 402 401 401 402 401 401 402 401 400 402 401 402
1 0 1 1 1 1 1 1 0 0
1 0 1 0 1 1 1 0 0 0
1 0 1 0 1 0 0 0 0 0
1 1 1 1 1 0 0 0 0 0
1 0 1 0 1 0 0 0 0 0
1 1 1 1 1 1 0 0 0 0
1 1 1 1 1 1 1 1 1 1
1 2 1 1 1 1 1 1 1 0
1 0 0 0 1 1 1 1 1 1
1 1 1 1 1 0 0 0 0 0
Maze 75
103 81 3.1186440678 2.2869834431 70 0.404400196910631
49 71 15 21 9 97 80 53 50 77 86 81 57 45 79 49
41 11 11 1 7 77 73 43 47 76 400 51 55 75 400
402 402 402 402 402 402 401 402 402 402 400 402 401 401 400
1 1 1 1 1 1 1 1 1 0
1 1 1 1 1 0 1 0 0 0
1 0 0 0 0 0 1 0 0 0
1 0 0 0 0 0 1 0 0 0
1 1 1 1 1 1 1 1 2 1
1 1 1 1 1 1 1 0 1 0
1 0 1 0 1 0 1 0 1 0
1 0 1 1 1 1 1 1 1 1
1 1 1 1 1 1 1 0 0 0
0 0 0 0 0 0 1 0 0 0
Maze 76
83 2 3.3809523810 2.0259758536 21 0.389029958070973
65 74 19 50 39 13 98 33 33 43 23 58 60 64 4 65
64 14 49 49 33 93 93 400 400 400 53 400 54 400 64
402 402 401 401 401 401 401 400 400 400 401 400 402 400 401
0 0 0 1 0 0 0 0 0 0
0 0 1 1 1 1 1 1 1 0
0 0 1 1 0 0 0 0 1 0
0 0 1 1 1 1 1 1 1 0
0 0 1 1 0 0 0 0 1 1
0 0 1 1 1 1 1 1 1 1
0 0 1 1 2 0 0 0 0 0
0 0 1 1 0 0 0 0 0 0
0 0 1 0 0 0 0 0 0 0
0 0 1 1 1 1 1 1 0 0
Maze 77
85 38 2.7407407407 2.2427085094 40 0.359818035075879
15 71 66 59 86 60 9 12 22 56 18 41 41 26 38 15
11 61 56 56 56 59 2 400 52 16 11 400 21 36 35
402 402 402 402 402 401 402 400 401 402 402 400 402 401 401
0 1 1 1 1 1 1 1 1 0
1 1 1 1 2 1 1 1 1 0
1 1 1 1 1 1 0 0 1 0
1 1 0 0 1 1 1 1 1 0
1 1 0 0 0 1 0 0 1 0
1 1 1 1 1 1 1 1 1 1
1 1 1 1 1 1 0 0 0 0
1 0 0 0 0 1 0 0 0 0
0 0 0 0 0 1 0 0 0 0
0 0 0 0 0 0 0 0 0 0
Maze 78
107 318 2.9855072464 2.3823954999 74 0.376779570385350
85 58 70 61 2 100 24 9 88 72 63 7 21 41 51 85
55 68 400 1 92 94 4 8 82 62 3 1 400 400 81
402 401 400 402 401 401 402 402 401 402 402 402 400 400 401
1 1 1 1 1 1 1 1 1 0
1 1 1 1 0 0 0 1 0 0
1 1 1 1 0 0 0 1 0 0
1 1 1 1 0 0 0 1 0 0
1 1 1 1 0 0 0 1 0 0
1 1 1 1 1 1 1 1 0 0
1 1 1 1 1 1 1 1 1 1
1 1 0 1 1 0 0 1 0 0
1 1 1 1 2 1 1 1 0 0
0 1 1 1 1 1 1 1 1 1
Maze 79
95 42 3.1666666667 1.9567232082 66 0.392566967484082
77 40 47 84 97 57 97 51 77 48 41 78 52 16 49 77
37 37 44 94 400 400 91 71 47 400 71 72 12 46 47
402 402 402 401 400 400 401 401 402 400 401 401 402 401 402
0 0 0 0 0 0 0 0 0 0
0 1 1 1 1 1 0 0 0 0
0 1 0 0 0 1 0 0 0 0
0 1 0 0 0 1 1 1 1 1
1 1 1 1 1 1 1 1 1 0
1 1 0 1 0 0 1 0 0 0
1 1 0 1 0 0 1 0 0 0
1 1 1 1 1 1 2 1 0 0
1 0 0 1 0 0 1 0 0 0
1 1 1 1 1 1 1 0 0 0
Maze 80
77 34 3.1818181818 2.0612868458 26 0.380570868572528
85 29 36 31 83 68 73 63 47 46 54 76 65 82 12 85
25 26 400 81 63 63 400 43 400 44 74 75 62 400 82
402 402 400 401 402 402 400 402 400 402 401 401 402 400 401
0 0 0 0 0 0 0 0 0 0
0 1 0 0 0 0 0 0 0 0
0 1 0 0 1 1 1 1 1 0
1 1 1 1 1 1 0 0 0 0
1 1 1 1 1 1 1 0 0 0
1 1 1 1 1 0 0 0 0 0
1 1 1 1 1 1 1 1 0 0
1 1 1 1 1 1 0 0 0 0
1 1 1 1 2 0 0 0 0 0
0 0 0 0 0 0 0 0 0 0
Maze 81
103 230 3.1724137931 2.1048243521 64 0.399032510607004
36 54 35 92 76 22 19 86 53 97 82 58 60 99 81 36
34 34 32 72 72 12 16 83 93 92 52 400 59 91 31
402 402 402 402 401 402 402 401 401 401 402 400 402 401 402
0 0 0 0 0 0 0 0 0 0
0 1 1 1 1 1 1 1 1 0
0 1 0 0 0 1 0 0 0 0
1 1 1 1 1 2 0 0 0 0
1 1 0 1 0 1 0 0 0 0
1 1 1 1 1 1 1 1 1 1
1 1 1 0 0 1 0 0 1 0
1 1 1 1 1 1 0 0 1 0
1 1 1 1 1 1 0 0 1 0
1 1 1 1 1 1 1 1 1 0
Maze 82
99 498 2.9032258065 2.2437875504 58 0.382333975062748
78 71 6 58 27 56 53 17 75 59 22 30 8 83 87 78
400 1 56 57 26 400 13 15 55 52 400 28 3 400 77
400 402 401 401 402 400 402 402 402 401 400 401 402 400 402
1 1 1 1 1 1 1 1 0 0
1 0 1 1 1 1 1 1 0 0
1 1 1 1 1 1 1 1 1 1
1 1 1 0 1 1 1 0 0 0
1 1 1 0 1 1 1 0 0 0
1 1 1 1 1 1 1 1 1 0
1 0 1 0 1 0 0 0 0 0
1 1 1 1 1 1 1 2 0 0
0 0 1 1 1 1 1 0 0 0
0 0 0 0 0 0 0 0 0 0
Maze 83
107 1831 3.2131147541 2.2458073144 90 0.389491190659666
42 18 70 67 79 73 66 11 88 17 38 11 45 89 16 42
12 68 400 77 400 63 61 81 87 37 31 41 85 86 12
402 401 400 401 400 402 401 401 401 401 401 401 401 401 402
0 0 0 0 0 0 0 0 0 0
1 1 1 1 1 1 1 1 0 0
1 1 0 0 0 1 1 1 0 0
1 1 1 1 1 1 1 1 0 0
1 2 1 1 1 1 1 1 0 0
1 0 0 0 1 1 1 1 0 0
1 1 1 1 1 1 1 1 1 1
1 0 1 1 1 1 1 1 1 0
1 1 1 1 1 1 1 1 1 0
0 0 0 0 0 0 0 0 0 0
Maze 84
105 62 3.3617021277 1.8421051096 98 0.395139104640809
1 50 6 78 98 66 87 14 50 14 7 44 50 77 38 1
41 46 76 400 96 86 84 44 44 4 4 400 47 37 31
401 401 401 400 401 401 401 401 401 402 402 400 402 402 401
2 0 0 1 1 1 1 0 0 0
1 0 0 1 0 1 0 0 0 0
1 0 0 1 0 1 0 0 0 0
1 1 1 1 1 1 1 1 0 0
1 1 1 1 1 1 1 1 1 1
0 0 0 1 0 1 1 0 0 0
0 0 0 1 0 1 1 0 0 0
0 0 0 1 0 1 1 1 0 0
0 0 0 1 1 1 1 1 0 0
0 0 0 0 0 1 1 1 0 0
Maze 85
113 365 3.3870967742 2.1768156230 104 0.394296650241697
20 97 56 94 64 100 1 93 29 64 76 76 70 73 65 20
17 96 54 400 94 91 91 23 24 74 400 66 63 63 15
402 401 402 400 401 401 401 402 402 401 400 402 402 402 402
1 0 0 0 0 0 0 0 0 0
1 0 0 0 1 1 1 1 1 2
1 0 1 1 1 1 1 1 1 0
1 0 1 1 1 0 1 0 0 0
1 0 1 1 1 0 1 0 0 0
1 0 1 1 1 1 1 0 0 0
1 0 1 1 1 1 1 1 1 1
1 0 1 1 1 1 1 0 0 0
1 0 1 1 0 1 1 0 0 0
1 1 1 1 1 1 1 1 1 1
Maze 86
61 7 3.0526315789 2.1960874697 7 0.410186921882881
3 45 65 31 43 12 2 47 17 46 97 56 58 54 44 3
43 400 61 41 42 400 42 400 16 96 96 400 400 400 43
401 400 401 401 401 400 401 400 402 401 401 400 400 400 401
0 1 2 0 0 0 0 0 0 0
0 1 1 0 0 1 1 0 0 0
0 1 1 0 0 1 1 0 0 0
1 1 1 0 0 1 1 0 0 0
1 1 1 1 1 1 1 0 0 0
1 0 0 1 1 1 1 1 0 0
1 1 1 1 1 1 0 0 0 0
0 0 0 0 0 1 0 0 0 0
0 0 0 0 0 1 0 0 0 0
0 0 0 0 0 1 1 0 0 0
Maze 87
79 11 2.7777777778 2.2198464594 26 0.358789528092103
24 33 62 100 78 30 15 46 94 66 87 75 98 65 71 24
23 32 92 98 28 25 45 44 64 86 85 95 95 61 21
402 402 401 401 402 401 401 402 402 401 401 401 401 402 402
0 0 0 0 0 0 0 0 0 0
0 0 0 0 1 0 0 0 0 0
1 1 1 2 1 1 1 1 1 1
1 1 1 0 1 0 0 1 0 0
1 1 0 1 1 1 0 1 0 0
1 1 0 1 0 0 0 1 0 0
1 1 1 1 1 1 0 1 0 0
1 1 0 1 1 1 0 1 0 0
0 1 0 1 1 1 1 1 0 0
0 1 1 1 1 1 1 1 1 1
Maze 88
93 267 3.2075471698 2.0983951748 31 0.386073099812988
70 65 55 36 36 93 35 39 72 95 36 20 38 80 31 70
400 400 35 400 33 33 400 32 92 35 16 18 78 71 61
400 400 402 400 402 402 400 402 401 402 402 402 401 401 401
0 0 0 0 0 0 0 0 0 0
0 0 0 0 0 1 1 1 1 1
0 0 0 0 0 1 0 1 0 0
1 1 1 1 1 1 1 1 1 0
1 1 1 0 1 0 0 1 0 0
1 1 1 0 1 0 0 1 0 0
1 1 1 1 1 1 1 1 1 2
1 1 1 1 1 1 1 1 1 1
0 1 1 0 1 0 0 0 0 0
0 1 1 1 1 0 0 0 0 0
Maze 89
81 44 3.3333333333 2.2301510450 30 0.379606080115567
54 57 5 20 11 5 75 41 76 36 38 18 9 14 29 54
400 55 15 400 1 400 71 71 400 400 400 8 4 24 24
400 401 401 400 402 400 401 401 400 400 400 402 402 401 402
1 1 1 1 1 1 1 1 1 0
1 1 1 1 1 1 1 1 1 1
0 0 0 1 1 1 1 1 1 0
0 0 0 1 1 1 1 1 0 0
1 0 0 1 1 1 0 0 0 0
1 0 0 2 1 1 1 0 0 0
1 0 0 0 1 1 0 0 0 0
1 1 1 1 1 1 0 0 0 0
0 0 0 0 0 0 0 0 0 0
0 0 0 0 0 0 0 0 0 0
Maze 90
91 14 3.0800000000 2.0103642316 50 0.392277740644044
43 75 78 14 39 64 69 88 82 91 71 34 59 12 39 43
73 400 74 34 34 400 68 400 81 400 31 54 52 32 33
401 400 401 401 402 400 402 400 402 400 402 401 401 401 402
0 0 0 0 0 0 0 0 0 0
0 1 0 1 0 0 0 0 0 0
0 1 0 1 0 0 0 0 0 0
1 1 1 1 1 1 1 1 1 0
1 1 2 1 0 0 0 0 0 0
1 1 1 1 1 1 1 1 1 0
1 0 1 1 1 1 1 1 1 0
1 0 1 1 1 1 1 1 0 0
1 1 1 1 1 1 1 1 0 0
1 0 0 0 0 0 0 0 0 0
Maze 91
83 21 3.2558139535 1.9112719935 21 0.388294624687075
36 26 79 41 51 33 53 13 86 26 16 50 43 90 35 36
400 76 71 400 31 400 400 83 400 400 46 400 83 85 400
400 401 401 400 402 400 400 401 400 400 401 400 401 401 400
0 0 0 0 0 0 0 0 0 0
0 0 1 0 0 1 0 0 0 0
0 0 1 0 0 1 0 0 0 0
1 1 1 0 1 2 0 0 0 0
1 0 1 1 1 1 1 1 1 1
1 0 1 0 1 1 0 0 0 0
1 0 1 0 1 1 0 0 0 0
1 1 1 1 1 1 1 1 1 0
0 0 1 1 1 1 1 1 1 1
0 0 0 0 0 0 0 0 0 0
Maze 92
93 36 3.2380952381 1.8932000572 36 0.371840301360837
67 73 70 92 21 60 4 83 61 31 21 91 51 33 55 67
63 63 62 91 51 54 3 81 400 400 400 400 31 53 65
402 402 402 401 401 401 402 401 400 400 400 400 402 401 401
0 0 1 1 0 0 0 0 0 0
0 0 1 1 0 0 0 0 0 0
1 0 1 1 0 0 0 0 0 0
1 1 1 1 0 0 0 0 0 0
1 0 1 1 0 0 0 0 0 0
1 1 1 1 1 1 1 1 1 1
1 1 1 1 1 1 2 1 1 1
1 1 1 0 0 0 0 0 0 0
1 1 1 0 0 0 0 0 0 0
1 1 0 0 0 0 0 0 0 0
Maze 93
93 12 2.8461538462 1.9210660051 35 0.382558460811986
67 9 45 22 65 5 56 14 14 21 98 72 66 67 5 67
7 5 42 62 400 55 54 400 11 91 92 62 400 65 65
402 402 401 401 400 401 401 400 402 401 401 402 400 401 401
0 0 0 0 1 1 1 1 1 0
1 1 1 1 1 0 1 0 0 0
1 1 0 1 1 0 1 0 0 0
1 1 0 1 1 0 1 0 0 0
1 1 1 1 1 0 1 0 0 0
1 1 0 1 1 1 1 0 0 0
1 1 1 1 1 1 2 0 0 0
1 1 0 0 0 0 0 0 0 0
1 1 0 0 0 0 0 0 0 0
1 1 1 1 1 1 1 1 0 0
Maze 94
111 37 3.6000000000 2.1077353697 105 0.381824572559714
21 88 73 42 20 12 61 81 78 28 70 97 57 3 78 21
81 83 72 12 400 11 400 71 400 68 67 400 53 73 71
401 401 401 402 400 402 400 402 400 401 402 400 401 401 401
0 0 1 0 0 0 0 0 0 0
1 1 1 1 1 1 1 1 1 1
2 1 1 0 0 0 0 1 0 0
1 1 1 0 0 0 0 1 0 0
1 1 1 0 0 0 0 1 0 0
1 1 1 1 1 1 1 1 0 0
1 1 1 0 0 0 1 1 1 1
1 1 1 1 1 1 1 1 0 0
1 1 1 1 1 1 1 1 0 0
0 0 0 0 0 0 1 0 0 0
Maze 95
95 115 3.4117647059 2.2032315593 77 0.388639945807298
42 67 76 32 13 73 27 18 21 17 60 16 32 8 64 42
62 66 72 12 400 23 17 11 11 57 56 12 2 4 62
401 402 401 402 400 402 402 402 402 401 401 402 402 402 401
0 1 1 1 1 1 1 1 0 0
1 1 1 1 1 1 1 1 0 0
1 1 1 1 1 1 1 0 0 0
0 1 1 1 0 1 1 0 0 0
0 2 1 1 0 1 1 0 0 0
0 1 1 1 0 1 1 1 1 1
0 1 1 1 1 1 1 0 0 0
0 1 1 1 1 1 0 0 0 0
0 0 0 0 0 0 0 0 0 0
0 0 0 0 0 0 0 0 0 0
Maze 96
93 25 3.3061224490 2.0392854515 45 0.406053262018257
33 7 54 76 4 53 91 94 73 39 1 9 40 26 63 33
3 4 74 74 3 51 400 93 33 31 400 39 36 23 400
402 402 401 401 402 402 400 401 402 401 400 401 401 402 400
1 1 1 1 1 1 1 1 1 0
1 0 1 1 0 0 0 0 1 0
1 0 1 1 1 1 0 0 1 0
1 1 2 1 1 1 1 1 1 1
0 0 1 1 0 0 0 0 0 0
1 1 1 1 0 0 0 0 0 0
1 0 1 1 0 0 0 0 0 0
1 0 1 1 1 1 0 0 0 0
1 0 1 0 0 0 0 0 0 0
1 1 1 1 0 0 0 0 0 0
Maze 97
99 53 2.9508196721 2.2824814928 64 0.382437471315953
75 52 83 38 39 96 77 48 80 91 64 95 71 8 82 75
72 82 33 400 36 76 47 78 71 61 94 91 1 2 72
401 401 402 400 402 402 402 401 402 402 401 401 402 402 402
1 1 1 1 1 1 1 1 0 0
1 1 0 0 0 0 0 0 0 0
1 1 0 0 0 0 0 0 0 0
1 1 1 1 1 1 1 1 1 0
1 1 1 0 0 1 1 1 0 0
1 1 1 0 0 1 1 1 0 0
1 1 1 1 0 1 1 1 0 0
1 1 1 1 2 1 1 1 1 1
1 1 1 1 0 1 0 0 0 0
1 1 1 1 1 1 0 0 0 0
Maze 98
109 39 3.8723404255 1.9354621567 99 0.400080442022812
33 64 28 24 51 26 23 26 90 4 87 25 70 46 79 33
63 24 400 21 21 400 400 86 84 84 85 65 66 76 73
401 402 400 402 402 400 400 401 401 401 401 401 401 401 401
0 0 0 1 0 0 0 0 0 0
0 0 0 1 0 0 0 0 0 0
1 1 1 1 1 1 1 1 0 0
1 0 2 1 1 1 0 0 0 0
1 0 1 1 1 1 0 0 0 0
1 0 1 1 1 1 0 0 0 0
0 0 1 1 1 1 1 1 1 1
0 0 1 1 1 1 1 1 1 0
0 0 0 1 1 1 1 1 1 1
0 0 0 0 0 0 0 0 0 0
Maze 99
87 43 2.7118644068 2.2402867344 50 0.393798566130754
90 80 1 32 18 43 87 99 27 34 73 24 57 39 70 90
400 71 31 12 13 83 97 97 24 33 23 54 37 69 400
400 401 401 402 402 401 401 401 402 402 402 401 402 401 400
1 0 0 0 0 0 0 0 0 0
1 1 1 1 1 1 1 1 0 0
1 1 1 1 1 1 1 0 0 0
1 1 1 1 0 0 1 1 1 0
1 0 1 1 0 0 1 0 1 0
1 0 1 1 1 1 1 0 1 0
1 0 1 0 0 0 1 0 1 1
1 1 1 1 1 1 1 1 1 1
0 0 1 1 1 1 1 0 0 2
0 0 0 0 0 0 1 1 1 0
Maze 100
107 88 3.5918367347 1.9182784640 112 0.384824143763390
77 48 83 33 85 42 29 65 32 22 87 5 67 92 41 77
47 43 400 83 82 22 25 62 400 82 85 65 62 91 71
402 402 400 401 401 402 402 401 400 401 401 401 402 401 401
0 0 0 0 1 0 0 0 0 0
0 0 0 0 1 0 0 0 0 0
0 1 1 1 1 1 1 1 1 0
0 1 1 0 1 0 0 0 0 0
1 1 1 1 1 1 1 1 0 0
1 1 1 0 1 0 1 0 0 0
1 1 1 1 1 1 1 0 0 0
1 1 1 1 1 1 2 0 0 0
1 1 1 1 1 1 1 0 0 0
1 1 0 0 0 0 0 0 0 0
Maze 101
85 33 3.5813953488 2.0493837165 45 0.393903132412051
66 76 16 62 30 32 39 76 59 89 28 98 70 78 88 66
400 400 12 22 22 400 36 56 400 88 400 68 68 400 86
400 400 402 402 402 400 402 402 400 401 400 402 402 400 401
0 0 0 0 0 0 0 0 0 0
0 1 1 1 1 1 0 0 0 0
0 1 1 1 1 1 1 1 1 1
0 1 1 1 1 1 1 1 1 0
0 1 0 0 0 1 0 1 0 0
0 1 0 0 0 1 1 1 1 0
0 1 0 0 0 2 0 1 1 1
0 0 0 0 0 1 0 1 1 0
0 0 0 0 0 1 1 1 1 0
0 0 0 0 0 0 0 1 0 0
Maze 102
113 24 3.3214285714 2.0337247143 83 0.394177276086803
64 33 89 58 70 51 86 41 49 81 9 3 9 78 80 64
63 83 88 68 61 81 81 400 41 1 400 400 8 400 74
401 401 401 401 401 401 401 400 402 402 400 400 402 400 401
1 1 1 1 1 1 1 1 1 0
1 0 0 0 0 0 0 1 0 0
1 0 0 0 0 0 0 1 0 0
1 0 1 0 0 0 0 1 0 0
1 1 1 1 1 1 1 1 1 0
1 0 1 0 0 0 0 1 0 0
1 1 1 2 1 1 1 1 1 1
1 0 1 1 1 1 1 1 1 1
1 1 1 1 1 1 1 1 1 0
0 0 0 0 0 0 0 0 0 0
Maze 103
85 72 3.0416666667 2.0825200630 38 0.350097656442712
39 77 58 34 32 44 68 29 87 68 9 92 82 61 92 39
37 57 54 400 42 64 28 27 67 8 2 400 81 91 32
402 402 401 400 401 401 402 402 402 402 402 400 401 401 402
0 1 1 1 1 1 1 1 1 0
0 1 0 0 0 0 0 1 0 0
0 1 0 0 0 0 1 1 1 0
0 1 1 1 1 1 1 1 2 0
0 1 1 1 0 0 1 1 0 0
0 1 0 1 1 1 1 1 0 0
1 1 0 1 1 1 1 1 0 0
1 1 0 0 0 0 1 0 0 0
1 1 0 0 0 0 1 0 0 0
1 1 0 0 0 0 0 0 0 0
Maze 104
105 105 3.1636363636 1.9587740159 68 0.365931625335262
69 5 89 26 30 10 78 60 15 71 31 78 88 16 80 69
65 85 86 400 400 8 58 55 11 400 71 400 86 76 79
401 401 401 400 400 402 402 401 402 400 401 400 401 401 401
0 0 0 0 1 0 0 1 1 1
1 1 1 1 1 1 0 1 0 1
1 0 0 0 1 1 1 1 1 1
1 0 0 0 1 1 0 1 0 0
1 0 0 0 1 1 0 1 0 0
1 0 0 0 1 1 1 1 1 1
1 0 0 0 1 1 1 1 2 0
1 1 1 1 1 1 1 1 1 1
0 0 0 0 1 1 1 1 1 0
0 0 0 0 0 0 0 0 0 0
Maze 105
91 165 3.0943396226 2.1396362329 50 0.371189448847877
59 68 92 78 83 75 17 77 80 88 70 40 55 77 1 59
58 62 72 73 73 15 400 400 78 68 400 35 75 71 51
402 402 402 402 402 402 400 400 402 402 400 402 401 401 401
1 0 0 0 0 0 0 0 0 0
1 0 0 0 1 1 1 0 0 0
1 0 0 0 1 0 1 0 0 0
1 0 0 0 1 1 1 1 1 1
1 0 0 0 1 0 1 0 0 1
1 1 1 1 1 1 1 1 2 1
1 1 1 1 1 1 1 1 1 1
1 1 1 1 1 1 1 1 1 1
0 1 1 0 0 0 0 1 0 0
0 1 0 0 0 0 0 0 0 0
Maze 106
115 1216 3.0746268657 2.2136638897 148 0.384277444231092
39 2 91 58 84 86 76 48 30 96 31 89 80 33 99 39
32 1 51 54 400 400 46 28 26 91 81 79 73 93 400
401 402 402 402 400 400 402 402 402 401 401 402 401 401 400
1 1 0 0 0 0 0 0 0 0
1 1 0 0 0 0 0 0 0 0
1 1 0 0 0 1 1 1 1 1
1 1 1 1 1 1 1 1 2 0
1 0 1 0 0 1 1 1 1 0
1 1 1 1 1 1 1 1 1 0
1 0 1 1 0 1 0 0 1 0
1 0 1 1 1 1 1 1 1 1
1 1 1 1 1 1 1 1 1 0
1 1 1 1 1 1 1 1 1 0
Maze 107
95 54 3.5000000000 1.9290100698 60 0.372867689626486
65 19 30 70 18 94 18 44 82 92 55 70 52 85 62 65
15 29 400 68 14 14 14 42 400 52 65 62 82 82 400
402 401 400 401 402 402 402 402 400 402 401 401 401 401 400
0 0 0 0 0 0 0 0 0 0
0 0 0 1 1 1 1 1 1 0
0 0 0 1 1 0 0 1 1 1
0 0 0 1 1 0 0 1 0 1
0 1 1 1 1 0 0 1 0 1
0 1 1 1 1 0 0 1 0 1
0 1 1 1 2 1 1 1 1 1
0 1 0 1 0 0 0 0 0 0
0 1 1 1 1 0 0 0 0 0
0 1 0 1 0 0 0 0 0 0
Maze 108
97 182 3.3454545455 2.1621356322 60 0.372352949036321
89 36 34 43 53 56 38 42 64 10 96 32 27 84 51 89
86 400 33 400 400 36 32 62 4 6 92 22 24 81 81
401 400 402 400 400 402 402 401 402 402 401 402 402 401 401
0 0 0 1 1 1 1 1 1 1
0 0 0 1 0 1 0 0 0 0
0 1 1 1 1 1 1 0 0 0
0 1 1 1 1 1 1 1 0 0
0 1 1 1 0 1 0 0 0 0
1 1 1 1 1 1 0 0 0 0
1 1 1 1 0 1 0 0 0 0
1 1 0 1 0 1 0 0 0 0
1 1 1 1 1 1 1 1 2 0
0 1 1 1 1 1 0 0 0 0
Maze 109
105 811 3.2500000000 2.1529888848 92 0.381335665568806
60 66 2 94 42 80 50 79 88 45 1 69 90 89 42 60
56 62 92 92 72 400 49 78 85 41 61 89 400 82 52
402 401 401 401 401 400 402 402 401 401 401 401 400 401 401
1 1 0 0 0 0 0 0 0 0
1 1 0 0 0 0 0 0 0 0
1 1 0 0 0 0 0 0 0 0
1 1 0 0 0 0 0 0 0 0
1 1 1 1 1 0 0 0 1 1
1 1 1 1 1 1 1 1 1 2
1 1 1 1 1 1 1 1 1 1
0 1 1 1 1 1 1 1 1 1
0 1 1 1 1 1 1 1 1 1
0 1 1 1 0 0 0 0 0 0
Maze 110
113 58 3.4000000000 2.2024252186 84 0.379291065842150
51 75 66 81 64 99 55 80 76 9 49 21 50 24 90 51
71 65 61 61 94 95 75 400 6 400 41 41 44 84 81
401 402 402 402 401 401 401 400 402 400 401 401 401 401 401
0 0 0 0 0 1 1 1 1 0
0 0 0 0 0 1 0 0 1 0
1 0 0 1 0 1 0 0 1 0
1 0 0 1 0 1 0 0 1 0
1 1 1 1 1 1 1 1 1 1
2 0 0 1 1 1 0 0 0 0
1 1 1 1 1 1 0 0 0 0
1 1 1 1 1 1 1 1 1 1
1 1 1 1 1 1 1 1 1 1
0 0 0 1 1 1 1 1 1 0
Maze 111
95 25 2.6666666667 2.2712597216 59 0.360873551769213
3 21 51 99 9 6 68 13 52 2 16 4 46 82 16 3
1 400 91 400 400 66 63 12 400 12 14 44 42 12 13
402 400 401 400 400 401 401 402 400 401 401 401 402 402 401
1 1 2 1 0 1 1 1 1 0
1 1 1 1 1 1 0 0 1 0
1 1 1 1 0 1 0 0 1 0
1 1 1 1 0 1 0 0 1 0
1 1 1 1 1 1 0 0 1 0
1 1 1 0 0 1 0 0 1 0
1 1 1 1 1 1 1 1 1 0
1 1 0 0 0 0 0 0 1 0
1 1 0 0 0 0 0 0 1 0
1 1 1 1 1 1 1 1 1 0
Maze 112
111 2406 3.3962264151 1.9232394094 99 0.389901287907767
29 68 12 88 76 38 67 33 37 58 94 23 49 3 93 29
28 62 82 86 36 37 63 400 57 54 93 43 43 400 23
402 401 401 401 402 402 401 400 401 402 401 401 401 400 402
0 0 1 0 0 0 0 0 0 0
0 1 1 0 0 0 0 0 0 0
0 1 1 1 1 1 1 1 2 0
0 1 1 1 1 1 1 1 0 0
0 1 1 1 1 1 1 1 1 0
0 1 1 1 1 1 1 1 0 0
0 1 1 1 1 1 1 1 0 0
0 1 1 1 0 1 0 0 0 0
0 1 1 1 1 1 1 1 0 0
0 0 1 1 0 0 0 0 0 0
Maze 113
101 30 3.4468085106 1.8619600037 43 0.383138088820117
25 25 77 2 10 53 80 62 66 54 88 63 64 24 88 25
400 75 72 400 3 73 72 400 64 84 83 400 400 84 85
400 401 401 400 402 401 401 400 401 401 401 400 400 401 401
0 1 1 1 1 1 1 1 1 1
0 1 1 0 0 0 0 0 0 0
0 1 1 1 2 0 0 0 0 0
0 1 1 1 1 0 0 0 0 0
0 1 1 1 1 0 0 0 0 0
0 1 1 1 1 0 0 0 0 0
0 1 1 1 1 1 0 0 0 0
0 1 1 1 1 1 1 1 1 1
0 0 1 1 1 1 1 1 0 0
0 0 0 0 0 0 0 0 0 0
Maze 114
109 1500 3.2068965517 2.1161052913 112 0.387017751995443
43 55 96 17 70 52 14 70 43 85 26 50 3 84 31 43
53 95 16 67 62 12 64 63 83 25 46 43 83 81 41
401 401 402 401 401 402 401 401 401 402 401 401 401 401 401
0 0 1 0 0 0 0 0 0 0
0 1 1 1 0 1 1 0 0 0
0 1 1 1 1 1 1 0 0 0
1 1 1 1 1 1 1 0 0 0
1 1 2 1 1 1 1 1 1 1
1 1 1 1 1 1 1 0 0 0
1 1 1 1 1 1 1 1 1 1
1 0 1 0 1 1 0 0 0 0
1 1 1 1 1 1 0 0 0 0
0 0 0 0 1 1 0 0 0 0
Maze 115
113 596 3.3818181818 1.9981708149 105 0.372800187806147
62 99 29 43 26 45 41 80 97 25 60 33 98 91 78 62
92 400 23 23 25 400 71 77 95 55 53 93 400 71 72
401 400 402 402 402 400 401 402 401 401 401 401 400 402 401
0 0 0 0 0 0 0 0 0 0
0 0 0 0 0 0 0 0 0 0
0 0 1 1 1 1 1 1 1 0
0 0 1 0 1 0 0 0 1 0
1 1 1 1 1 0 0 0 1 0
1 0 1 1 1 1 1 1 1 1
1 2 1 0 1 0 0 0 1 0
1 1 1 1 1 1 1 1 1 1
1 1 1 0 1 0 1 0 1 0
1 1 1 1 1 1 1 1 1 0
Maze 116
107 247 3.2203389831 2.2402688511 78 0.399831116955305
31 6 49 5 78 98 81 1 91 87 4 35 40 78 94 31
1 46 45 75 400 91 400 400 81 84 34 400 38 74 91
402 401 401 401 400 401 400 400 402 401 401 400 402 402 401
1 1 1 1 1 1 0 0 0 0
1 0 0 1 1 1 0 0 0 0
1 0 0 1 1 1 0 0 0 0
2 0 0 1 1 1 1 1 1 1
1 0 0 1 1 1 1 1 1 0
1 0 0 1 1 0 0 1 0 0
1 0 0 1 1 0 0 1 0 0
1 0 0 1 1 1 1 1 0 0
1 1 1 1 1 1 1 1 0 0
1 1 1 1 1 1 1 1 0 0
Maze 117
97 213 3.3750000000 1.9523029392 70 0.397698942699677
6 94 5 59 66 72 96 40 75 55 96 37 32 34 63 6
4 4 55 56 62 92 36 35 400 95 36 400 400 33 3
402 402 401 402 402 401 402 402 400 401 402 400 400 402 402
0 0 1 1 1 2 0 0 0 0
0 0 1 1 1 0 0 0 0 0
0 0 1 1 1 0 0 0 0 0
0 1 1 1 1 1 1 1 1 1
0 0 1 1 1 1 0 0 0 0
0 0 1 1 1 1 1 1 1 0
0 1 1 1 1 1 0 0 0 0
0 1 0 1 1 1 0 0 0 0
0 1 0 1 1 1 0 0 0 0
0 1 1 1 1 1 0 0 0 0
Maze 118
83 8 3.2000000000 2.1115768835 21 0.372880750409405
64 85 65 73 29 52 91 53 81 34 12 59 99 49 56 64
84 400 63 23 22 51 51 51 31 32 52 400 400 46 54
401 400 402 402 402 402 402 402 402 401 401 400 400 402 402
0 0 0 0 0 0 0 0 0 0
0 1 0 0 0 0 0 0 0 0
0 1 1 1 1 1 1 1 1 0
1 1 1 1 0 0 0 0 0 0
1 1 1 0 0 1 1 1 1 0
1 1 1 1 1 1 1 1 1 0
1 0 1 2 1 0 0 0 1 0
1 0 1 1 1 0 0 0 1 0
1 0 0 1 1 0 0 0 1 0
1 0 0 0 0 0 0 0 1 0
Maze 119
93 377 3.2142857143 2.2394540852 39 0.376063974835197
66 28 46 99 60 39 41 81 79 54 98 83 26 15 50 66
26 26 96 59 59 31 400 71 74 94 93 23 25 45 46
402 402 401 402 401 402 400 402 401 401 401 402 401 401 402
0 0 0 0 0 0 0 0 0 0
0 0 0 0 1 0 0 0 0 0
0 0 1 1 1 1 1 1 0 0
1 1 1 1 1 1 1 1 1 0
1 0 1 0 1 1 1 1 1 1
1 0 1 1 0 1 0 0 1 1
1 0 1 1 0 2 0 0 1 0
1 1 1 1 1 1 1 1 1 0
1 0 1 1 0 1 0 0 1 0
0 0 1 1 1 1 1 1 1 0
Maze 120
97 169 3.0545454545 2.1639973307 77 0.377508858530190
16 85 11 82 63 76 96 9 57 26 41 80 72 82 12 16
15 81 81 62 73 400 6 7 56 21 71 400 400 400 400
402 401 401 402 401 400 402 402 401 402 401 400 400 400 400
0 0 0 0 0 1 1 1 1 0
1 1 1 1 1 2 1 0 0 0
1 1 1 1 1 1 1 0 0 0
1 1 0 0 1 1 1 0 0 0
1 1 0 0 1 1 1 0 0 0
1 1 0 0 1 1 1 0 0 0
1 1 1 0 1 1 0 0 0 0
1 1 1 1 1 1 1 1 1 1
1 1 1 1 1 1 0 0 0 0
0 0 0 0 0 1 0 0 0 0
Maze 121
115 6 3.3170731707 1.4631092982 98 0.396639596627020
51 51 4 43 2 85 2 89 2 85 8 5 41 12 72 51
400 1 3 42 82 82 82 82 82 5 400 1 11 400 71
400 402 402 401 401 401 401 401 401 402 400 402 402 400 401
1 1 1 1 1 1 1 1 0 0
1 1 1 0 1 0 0 0 0 0
1 1 1 0 1 0 0 0 0 0
1 1 1 0 1 0 0 0 0 0
1 1 1 0 1 0 0 0 0 0
2 1 0 0 1 0 0 0 0 0
1 1 0 0 1 0 0 0 0 0
1 1 0 0 1 0 0 0 0 0
0 1 1 1 1 1 1 1 1 0
0 0 0 0 0 0 0 0 0 0
Maze 122
99 284 3.0322580645 2.3411463947 62 0.393877779492502
17 100 44 22 5 66 90 96 79 27 68 51 56 73 1 17
97 94 42 2 65 86 86 76 77 67 61 400 53 71 11
401 401 401 402 401 401 402 402 401 401 401 400 402 401 401
1 1 1 1 1 0 0 0 0 0
1 1 1 1 1 1 2 0 0 0
1 1 0 0 1 0 1 0 0 0
1 1 0 0 1 0 1 0 0 0
1 1 1 1 1 0 1 0 0 0
1 1 1 1 1 1 1 0 0 0
1 1 1 1 1 1 1 1 0 0
1 1 1 1 0 1 1 1 1 0
0 0 0 1 0 1 1 1 1 1
0 0 0 1 1 1 1 1 1 1
Maze 123
105 211 3.5000000000 1.9283672442 76 0.383635594576161
66 60 32 59 35 56 88 47 95 49 41 95 36 100 54 66
56 52 52 55 55 86 87 45 45 400 91 35 96 94 64
402 401 401 401 401 401 401 402 402 400 401 402 401 401 401
0 0 0 0 0 0 0 0 0 0
0 0 0 0 0 0 0 0 0 0
0 0 0 0 0 0 0 0 0 0
0 1 0 0 1 1 0 0 0 0
1 1 1 1 1 1 1 1 1 0
1 1 1 1 1 1 1 1 1 1
1 0 0 1 1 2 1 0 0 0
1 0 0 1 1 1 1 0 0 0
1 0 0 1 1 1 1 1 0 0
1 1 1 1 1 1 1 1 1 1
Maze 124
105 13 3.5200000000 1.9808681685 75 0.370025877524417
92 30 57 14 24 9 47 30 72 63 70 7 12 93 41 92
22 27 54 400 4 7 27 22 62 400 67 2 92 91 91
402 402 401 400 402 402 402 402 402 400 401 402 401 401 401
0 1 1 1 1 1 1 1 1 0
0 1 0 1 0 0 1 0 0 0
0 1 1 1 1 1 1 1 1 1
0 1 0 1 0 0 1 0 0 0
1 1 0 1 0 0 1 0 0 0
1 1 0 1 1 1 1 0 0 0
1 1 1 1 1 1 1 1 1 1
1 1 0 0 0 0 0 0 0 0
1 1 0 0 0 0 0 0 0 0
1 2 1 0 0 0 0 0 0 0
Maze 125
115 2048 3.1515151515 2.1800510557 133 0.405926489667520
3 19 21 7 16 47 56 72 8 98 3 39 14 76 70 3
13 11 1 6 46 46 52 2 400 93 33 34 74 66 63
401 402 402 402 401 402 402 402 400 401 401 401 401 402 401
1 1 2 1 1 1 1 1 0 0
1 1 1 1 1 1 1 1 1 0
1 1 1 1 0 1 0 1 0 0
0 1 1 1 1 1 1 1 1 0
0 1 1 1 0 1 1 1 0 0
0 1 1 1 1 1 0 1 0 0
0 1 1 1 1 1 1 1 1 1
0 1 1 1 1 1 0 1 0 0
0 0 1 0 0 0 0 1 0 0
0 0 1 1 1 1 1 1 0 0
Maze 126
113 139 3.0491803279 2.0841318828 105 0.393817383934612
63 34 46 73 46 3 71 22 87 19 50 3 97 16 40 63
33 44 43 43 43 1 21 82 17 49 43 93 96 36 33
402 401 402 402 401 402 402 401 402 401 401 401 401 401 402
1 1 1 0 0 0 0 0 0 0
1 0 1 0 0 1 1 1 1 0
1 1 1 0 0 1 1 0 1 0
1 1 1 1 1 1 1 1 1 1
1 1 1 1 1 1 1 1 1 1
1 1 1 0 0 1 1 0 0 0
1 1 2 0 0 1 1 0 0 0
1 1 1 0 0 1 1 0 0 0
0 1 1 1 1 1 1 0 0 0
0 0 1 1 1 1 1 0 0 0
Maze 127
125 207 3.6842105263 2.0004090784 167 0.376106900177799
37 78 73 59 96 30 86 16 72 47 81 86 21 80 73 37
77 400 53 56 26 26 400 12 42 41 400 81 71 400 33
401 400 402 402 402 402 400 402 402 402 400 401 401 400 402
0 0 0 0 0 0 0 0 0 0
0 1 1 1 1 1 0 0 0 0
1 1 0 0 0 1 1 1 1 1
1 1 1 1 1 1 2 0 0 0
1 1 1 1 1 1 1 0 0 0
1 1 1 1 1 1 1 1 1 0
1 1 1 0 0 1 1 0 0 0
1 1 1 1 1 1 1 1 1 1
1 1 1 1 1 1 0 0 0 0
0 0 0 0 0 1 0 0 0 0
Maze 128
91 116 3.0943396226 2.0813323489 45 0.380989501322530
23 62 35 40 45 13 83 69 26 98 18 93 91 53 22 23
22 32 400 35 43 400 63 66 96 400 13 400 51 52 400
402 402 400 402 401 400 402 401 401 400 402 400 402 401 400
0 0 0 0 0 0 0 0 0 0
0 0 1 1 1 1 1 1 0 0
0 1 2 0 0 1 0 1 0 0
0 1 1 1 1 1 1 1 1 1
0 1 1 1 1 1 0 1 0 0
1 1 1 0 0 1 0 1 0 0
1 1 1 1 1 1 1 1 1 0
1 0 1 0 0 1 0 1 0 0
1 0 1 0 0 1 0 1 0 0
1 1 1 0 0 1 1 1 0 0
Maze 129
83 61 3.0980392157 2.3380720909 25 0.382303776464089
76 52 91 3 37 38 58 13 15 21 13 67 5 88 67 76
72 51 1 33 400 400 53 400 11 11 63 65 85 87 66
401 402 402 401 400 400 401 400 402 402 401 401 401 401 402
1 1 1 0 1 0 0 0 0 0
1 1 1 1 1 0 0 0 0 0
1 0 1 0 1 0 0 0 0 0
1 0 1 1 1 1 1 1 0 0
1 0 1 0 1 0 0 1 0 0
1 1 1 1 1 1 1 1 0 0
1 1 1 1 1 1 1 0 0 0
1 1 1 1 1 2 1 0 0 0
1 0 0 0 1 1 1 1 0 0
1 0 0 0 0 0 0 0 0 0
Maze 130
91 89 3.3333333333 2.0858885378 30 0.367510648404581
58 89 85 4 12 23 75 45 20 32 15 42 26 94 23 58
88 400 84 2 22 73 400 15 12 12 12 22 24 93 53
401 400 401 402 401 401 400 402 402 402 402 402 402 401 401
0 1 1 1 0 0 0 0 0 0
0 1 1 1 1 1 1 1 1 1
0 1 1 1 1 1 0 0 0 0
0 1 1 1 1 0 0 0 0 0
0 1 1 1 1 0 0 0 0 0
0 0 1 1 1 1 1 2 0 0
0 0 1 1 1 0 0 1 0 0
0 0 1 1 1 0 0 1 0 0
0 0 1 1 1 1 1 1 1 0
0 0 1 1 0 0 0 0 0 0
Maze 131
89 6 3.4347826087 2.0543486302 45 0.383972017371155
98 64 16 12 71 69 54 45 57 65 78 84 40 4 95 98
94 14 400 11 61 64 44 55 55 75 74 34 34 94 400
401 402 400 402 402 401 402 401 402 401 402 402 401 401 400
0 0 0 1 0 0 0 0 0 0
1 1 1 1 1 1 0 0 0 0
1 0 0 1 0 0 0 0 0 0
1 0 0 1 1 1 1 1 1 1
1 0 0 1 1 0 0 0 0 0
1 0 0 1 1 1 1 0 0 0
1 1 1 1 1 1 1 1 1 0
1 0 0 1 1 1 1 1 0 0
0 0 0 1 0 0 0 0 0 0
0 0 0 1 1 1 1 2 0 0
Maze 132
99 460 2.6666666667 2.2410558164 60 0.367112796531600
11 78 19 89 86 10 42 41 31 52 50 38 62 18 8 11
71 18 400 400 6 2 400 400 51 42 48 32 12 400 1
401 402 400 400 402 402 400 400 401 402 401 402 402 400 402
1 1 1 1 1 1 1 1 1 1
2 1 1 1 1 1 1 1 1 0
1 1 0 0 0 1 0 1 1 0
1 1 1 1 1 1 1 1 1 0
1 1 1 1 1 1 1 1 1 1
1 1 0 0 0 1 0 1 1 0
1 1 0 0 0 1 0 1 1 0
1 1 1 1 1 1 1 1 1 0
0 0 0 0 0 1 1 1 1 0
0 0 0 0 0 0 0 0 0 0
Maze 133
117 115 3.4736842105 2.1364430563 124 0.393459948505864
9 81 31 74 48 9 69 4 79 13 47 66 21 43 31 9
1 400 71 44 8 400 64 74 73 43 46 61 41 41 1
402 400 401 402 402 400 401 401 401 401 402 401 401 401 402
1 1 1 1 1 1 1 1 2 0
1 0 1 1 0 0 0 1 1 0
1 0 1 1 0 0 0 1 1 0
1 0 1 1 0 0 0 1 1 0
1 1 1 1 1 1 1 1 1 0
1 0 1 1 0 1 0 0 1 0
1 1 1 1 1 1 1 1 1 0
1 1 1 1 1 1 1 1 1 0
1 0 0 0 0 0 0 0 0 0
0 0 0 0 0 0 0 0 0 0
Maze 134
89 246 3.3913043478 1.9562299112 56 0.369325508578087
24 68 48 40 59 23 25 58 2 81 54 38 62 65 69 24
64 400 38 39 53 400 55 52 1 51 34 32 400 400 64
401 400 402 402 401 400 401 401 402 402 402 402 400 400 401
1 1 0 0 0 0 0 0 0 0
1 1 0 0 0 0 0 0 0 0
1 1 1 2 1 0 0 0 0 0
1 1 1 1 1 1 1 1 1 1
1 1 1 1 1 0 0 1 1 0
1 1 1 1 1 1 1 1 1 0
1 1 1 1 1 1 1 1 1 0
1 0 0 0 0 0 0 0 0 0
1 0 0 0 0 0 0 0 0 0
0 0 0 0 0 0 0 0 0 0
Maze 135
87 124 2.9285714286 2.2187500000 45 0.356571925811425
89 95 35 78 69 39 20 33 11 66 60 38 54 88 26 89
85 400 75 68 400 19 13 31 61 56 58 34 84 86 86
402 400 401 402 400 402 402 401 401 402 401 402 401 401 401
0 0 0 0 0 0 0 0 0 0
1 0 1 1 1 1 1 1 1 1
1 0 1 0 0 1 0 0 1 0
1 1 1 1 1 1 1 1 1 0
1 0 0 1 1 1 0 1 1 0
1 0 0 1 1 1 1 1 1 1
1 1 1 1 1 1 0 1 1 0
0 0 0 1 1 1 1 1 0 0
0 0 0 1 1 1 1 1 2 0
0 0 0 0 1 0 0 0 0 0
Maze 136
121 787 3.3939393939 2.2670680151 109 0.382353096983604
12 95 81 48 80 25 31 92 59 75 10 6 3 100 57 12
92 91 41 78 75 21 91 52 55 5 400 400 93 97 52
401 401 402 401 401 402 401 402 402 402 400 400 401 401 401
0 0 1 1 1 1 1 1 1 1
0 2 1 0 1 0 0 0 0 0
1 1 1 1 1 0 0 0 0 0
1 1 1 0 1 0 0 0 0 0
1 1 1 1 1 1 1 1 0 0
1 1 1 1 1 1 1 1 1 0
1 1 1 0 1 0 1 1 0 0
1 1 1 0 1 1 1 1 1 1
1 1 1 0 0 0 1 0 0 0
1 1 1 1 1 1 1 1 1 1
Maze 137
117 185 3.1864406780 2.0331737955 118 0.398094137210665
68 20 82 13 77 92 31 90 70 45 93 42 67 21 65 68
18 12 12 73 72 91 81 400 65 43 92 62 61 61 400
402 402 402 401 402 401 401 400 401 402 401 401 401 401 400
0 0 0 0 0 0 0 0 0 0
0 1 1 1 1 1 1 1 1 1
1 1 1 0 0 0 0 1 0 0
1 1 1 0 0 0 0 1 0 0
1 1 1 1 1 0 0 1 0 0
1 1 1 0 1 0 0 1 0 0
1 1 1 1 1 1 1 2 1 1
1 1 1 1 1 1 1 0 0 1
1 1 1 1 1 1 1 1 1 1
1 1 1 0 0 0 0 0 0 0
Maze 138
101 134 3.4074074074 2.0732409278 77 0.390009110173218
4 22 87 5 49 74 60 65 43 37 62 44 41 14 40 4
2 82 85 45 44 54 55 63 33 32 42 400 11 34 34
402 401 401 401 402 402 402 401 402 402 402 400 402 401 401
0 1 1 2 1 0 0 0 0 0
1 1 1 1 1 0 0 0 0 0
1 1 0 1 1 0 0 0 0 0
1 1 1 1 1 1 1 1 1 1
1 1 1 1 1 1 1 1 1 0
0 1 1 1 1 1 1 1 1 1
0 1 1 1 1 0 0 0 0 0
0 1 0 1 1 0 0 0 0 0
0 1 1 1 1 1 1 0 0 0
0 0 0 0 0 0 0 0 0 0
Maze 139
105 104 2.7500000000 2.3413754122 104 0.394572352245020
99 2 91 62 76 96 29 53 17 39 100 79 63 7 98 99
92 1 61 72 400 26 23 13 37 99 99 73 3 97 400
401 402 402 401 400 402 402 402 401 401 401 401 402 401 400
1 1 1 1 1 1 1 0 0 0
1 1 1 1 1 1 1 0 0 0
1 1 1 1 1 1 1 1 1 0
1 1 1 0 0 1 1 1 1 0
1 1 1 0 0 1 1 0 1 0
1 1 1 0 0 1 1 0 1 0
1 1 1 0 0 1 1 0 1 0
1 1 1 1 1 1 1 1 1 0
1 1 0 0 0 1 1 0 1 0
1 1 1 1 1 1 1 1 2 1
Maze 140
99 137 3.4642857143 2.2766398377 71 0.371252351137707
78 7 70 44 49 46 39 25 90 65 7 33 99 56 86 78
77 67 64 400 400 36 35 85 85 5 3 93 96 400 76
401 401 401 400 400 402 401 401 401 402 402 401 401 400 402
0 0 1 1 1 1 1 0 0 0
0 0 1 0 1 0 1 0 0 0
0 0 1 0 1 0 1 0 0 0
0 0 1 0 1 1 1 1 1 0
0 0 1 1 1 1 1 1 1 0
0 0 1 1 1 1 1 0 0 0
0 0 1 1 1 1 1 1 1 1
0 0 1 0 1 1 1 2 0 0
0 0 1 0 1 1 1 1 1 1
0 0 1 1 1 1 1 1 1 0
Maze 141
91 499 3.3600000000 2.1971063840 50 0.377373691114448
51 65 61 46 84 73 12 40 69 79 83 6 2 78 85 51
61 400 41 44 83 72 32 39 400 73 3 400 72 75 81
401 400 402 402 401 401 401 402 400 402 402 400 401 402 401
0 1 1 1 1 1 0 0 0 0
0 1 1 0 0 0 0 0 0 0
0 1 1 0 0 0 0 0 0 0
0 1 1 1 1 1 1 1 1 1
1 1 1 1 1 1 0 0 1 0
2 1 1 1 0 0 0 0 1 0
1 1 1 1 1 0 0 0 1 0
1 1 1 1 1 1 1 1 1 0
1 1 1 1 1 0 0 0 0 0
0 0 0 0 0 0 0 0 0 0
Maze 142
95 168 3.0545454545 2.1647742959 47 0.396569051167840
18 4 11 67 32 13 57 6 94 100 63 12 34 23 42 18
14 1 61 62 12 53 56 4 400 93 62 32 33 22 12
401 402 401 401 402 401 401 402 400 401 401 401 401 402 402
1 1 1 1 1 1 0 0 0 0
1 1 1 1 1 1 1 2 0 0
1 1 1 1 0 1 0 0 0 0
1 1 1 1 0 1 0 0 0 0
1 1 1 1 0 1 0 0 0 0
1 1 1 1 1 1 1 0 0 0
1 1 1 1 1 1 1 0 0 0
0 0 1 1 0 0 0 0 0 0
0 0 1 1 0 0 0 0 0 0
0 0 1 1 1 1 1 1 1 1
Maze 143
61 13 3.3333333333 2.0960013293 10 0.395219722725831
43 34 74 83 94 81 53 11 42 75 14 55 75 92 94 43
33 400 73 93 91 51 51 41 72 74 54 400 72 400 93
402 400 402 401 401 402 401 401 401 401 401 400 402 400 401
0 0 0 0 0 0 0 0 0 0
1 0 0 1 0 0 0 0 0 0
1 0 0 1 0 0 0 0 0 0
1 0 1 1 0 0 0 0 0 0
1 1 2 1 0 0 0 0 0 0
1 1 1 1 1 0 0 0 0 0
1 1 1 1 1 0 0 0 0 0
1 1 1 1 1 0 0 0 0 0
1 1 1 0 0 0 0 0 0 0
1 1 1 1 0 0 0 0 0 0
Maze 144
103 382 3.2142857143 2.1220051839 71 0.386077955965463
80 21 55 10 37 48 97 17 88 39 32 64 50 39 25 80
71 51 5 7 47 47 400 87 38 400 62 44 49 35 75
401 401 402 402 401 402 400 401 402 400 401 402 401 401 401
0 0 0 0 1 1 1 1 1 1
0 0 0 0 1 0 1 0 0 0
1 0 0 0 1 0 1 0 0 0
1 1 1 1 1 1 1 1 1 0
1 1 0 1 1 1 1 1 1 1
1 1 1 1 1 0 1 1 0 0
1 1 1 1 1 0 1 1 0 0
1 1 1 1 1 1 1 1 1 2
0 0 0 0 0 0 1 1 0 0
0 0 0 0 0 0 1 0 0 0
Maze 145
119 217 3.3448275862 1.9768748539 86 0.390024972760673
25 12 50 24 52 82 9 43 96 72 100 10 44 77 82 25
22 42 44 22 400 2 3 93 92 92 400 4 74 72 22
401 401 401 402 400 402 402 401 401 401 400 402 401 402 402
0 1 1 1 1 1 1 1 1 1
0 1 1 1 0 0 0 0 0 1
0 1 1 1 2 0 0 0 0 1
0 1 1 1 0 0 0 0 0 1
0 1 1 1 1 1 1 1 1 1
0 1 1 1 0 0 0 0 0 1
0 1 1 1 0 0 0 0 0 1
0 1 1 1 1 1 1 0 0 1
0 1 1 0 0 0 0 0 0 1
0 1 1 1 1 1 1 1 1 1
Maze 146
113 613 3.0303030303 2.3187110745 70 0.398195337936254
75 51 19 10 88 35 82 100 78 21 42 58 83 50 72 75
71 11 9 8 85 32 92 98 71 41 52 53 43 42 400
401 402 402 402 401 402 401 401 401 401 401 402 402 402 400
0 0 0 0 0 0 0 1 1 1
1 1 1 1 1 1 1 1 1 0
1 0 0 0 0 0 0 1 0 0
1 1 1 1 1 0 0 1 0 0
1 1 1 1 1 1 1 1 1 1
1 1 1 1 1 1 1 1 0 0
1 1 1 0 1 0 0 1 0 0
1 1 1 1 2 1 1 1 0 0
0 1 1 0 1 1 1 1 0 0
0 1 1 1 1 1 1 1 1 1
Maze 147
109 126 3.1228070175 2.0912913095 98 0.386224305371241
56 50 1 80 70 68 95 27 94 12 77 75 37 80 95 56
46 41 71 400 400 65 25 24 92 72 400 35 77 75 55
402 401 401 400 400 402 402 402 401 401 400 402 401 402 402
1 0 0 0 0 0 0 0 0 0
1 1 0 0 0 0 0 0 0 0
1 1 0 1 1 1 1 0 0 0
1 1 0 1 1 1 1 0 0 0
1 1 1 1 1 1 1 1 1 1
1 1 0 1 1 2 1 0 0 0
1 1 0 1 1 1 1 1 1 1
1 1 1 1 1 1 1 1 1 1
0 1 0 1 1 0 0 0 0 0
0 1 1 1 1 0 0 0 0 0
Maze 148
121 329 3.4153846154 2.1835198696 139 0.384427372866451
66 79 38 88 13 86 80 21 69 14 91 98 63 42 29 66
76 78 400 83 83 76 71 61 64 11 400 93 62 22 26
401 401 400 401 401 402 401 401 401 402 400 401 401 402 402
0 0 0 0 0 0 0 0 0 0
1 1 1 1 0 0 0 0 0 0
1 1 1 1 1 1 1 1 1 0
1 1 1 1 0 1 0 1 0 0
1 1 1 1 0 1 0 1 0 0
1 1 1 1 0 1 0 1 0 0
1 1 1 1 1 2 1 1 1 0
1 1 1 1 1 1 1 1 1 1
1 0 1 1 1 1 1 1 0 0
1 1 1 1 1 1 1 1 0 0
Maze 149
85 6 3.0588235294 2.2016060160 45 0.395857843960262
25 21 41 24 30 50 57 87 12 100 96 42 59 38 49 25
400 400 21 400 400 47 400 82 92 400 92 52 58 48 45
400 400 402 400 400 402 400 401 401 400 401 401 401 401 401
0 0 0 0 0 0 0 0 0 0
0 1 0 0 0 0 0 0 0 0
1 1 1 1 2 1 1 1 1 1
1 1 0 0 1 0 0 1 0 1
1 1 0 0 1 1 1 1 1 1
0 1 1 1 1 1 1 1 1 0
0 1 0 0 0 0 1 0 0 0
0 1 0 0 0 0 1 0 0 0
0 1 1 1 1 1 1 0 0 0
0 1 1 1 1 1 1 1 1 1
Maze 150
105 68 3.4693877551 2.0708490455 75 0.382995152153500
80 61 77 36 11 11 71 57 51 7 29 56 11 68 17 80
71 71 76 31 400 400 51 400 1 27 26 51 61 67 77
401 401 401 401 400 400 402 400 402 401 402 401 401 401 401
1 1 1 1 1 1 1 0 0 0
1 0 0 0 0 0 1 0 0 0
1 0 0 0 0 1 1 1 1 0
1 1 1 1 1 1 1 0 0 0
1 0 0 0 0 1 1 0 0 0
1 1 1 1 1 1 1 0 0 0
1 1 1 1 1 1 1 1 0 0
1 1 1 1 1 1 1 1 1 2
0 0 0 0 0 0 0 0 0 0
0 0 0 0 0 0 0 0 0 0
Maze 151
131 189 3.5151515152 2.1147238822 167 0.393849819656542
82 16 98 23 52 29 61 14 85 4 80 25 45 47 20 82
12 96 93 22 22 21 11 84 84 74 75 400 400 17 12
402 401 401 402 402 402 402 401 401 401 401 400 400 402 402
0 0 0 1 0 0 0 0 0 0
1 1 1 1 1 1 1 1 1 1
1 1 1 1 1 1 1 1 1 0
1 1 1 1 1 1 1 0 0 0
1 1 1 1 1 1 1 0 0 0
1 1 1 1 1 1 0 0 0 0
1 1 1 1 1 1 0 0 0 0
0 1 1 1 1 1 1 1 1 1
0 2 1 1 1 1 0 0 0 0
0 0 1 1 1 1 1 1 0 0
Maze 152
81 57 2.8000000000 2.3968502969 22 0.376743579949484
76 48 99 3 92 75 83 84 82 55 38 31 51 80 76 76
46 98 93 2 72 73 400 400 52 35 400 400 71 400 400
402 401 401 402 402 402 400 400 402 402 400 400 401 400 400
0 1 1 0 0 0 0 0 0 0
0 1 1 0 0 0 0 0 0 0
0 1 1 0 0 0 0 0 0 0
1 1 1 1 1 1 1 1 0 0
1 1 1 0 1 1 1 1 0 0
1 1 1 1 1 1 0 1 0 0
1 1 1 0 0 1 0 1 0 0
1 1 1 1 1 2 1 1 1 1
0 1 1 1 0 0 0 1 0 0
0 1 1 1 1 1 1 1 1 0
Maze 153
81 24 3.2380952381 2.0151873563 30 0.375350608744334
43 77 93 53 73 83 72 27 10 66 43 51 55 73 29 43
73 73 400 400 400 82 22 7 6 63 41 400 53 23 23
401 402 400 400 400 401 402 402 402 401 402 400 402 402 402
0 0 0 0 0 1 1 1 1 1
0 0 0 0 0 1 1 0 0 0
0 1 1 1 1 1 1 1 1 0
0 1 1 0 0 1 0 0 0 0
1 1 2 0 0 1 0 0 0 0
1 1 1 1 1 1 0 0 0 0
0 1 1 1 1 1 0 0 0 0
0 1 1 1 1 1 1 0 0 0
0 1 1 0 0 0 0 0 0 0
0 0 1 0 0 0 0 0 0 0
Maze 154
95 132 2.6562500000 2.2936191369 65 0.380834056666316
42 86 95 21 12 44 20 9 52 58 86 56 20 78 29 42
82 85 91 11 42 14 19 2 400 56 400 16 18 28 22
401 402 401 402 401 402 401 402 400 402 400 402 402 402 402
0 1 1 1 1 1 1 1 1 0
1 1 0 1 1 1 1 1 1 1
1 1 1 1 1 1 1 1 1 0
1 1 0 1 0 1 0 1 0 0
1 2 1 1 0 1 0 1 0 0
1 1 1 1 1 1 1 1 0 0
1 1 0 0 0 1 0 1 0 0
1 1 0 0 0 1 0 1 0 0
1 1 1 1 1 1 0 0 0 0
1 1 1 1 1 0 0 0 0 0
Maze 155
85 855 2.8888888889 2.2304195997 45 0.367204783590172
33 33 74 76 8 79 46 3 21 12 37 30 51 59 78 33
400 73 400 6 78 76 43 1 11 32 27 21 400 58 73
400 401 400 402 401 401 401 402 402 401 402 402 400 402 401
1 1 1 0 0 1 1 1 0 0
1 1 1 0 0 1 0 1 0 0
1 1 1 1 1 1 1 1 1 1
1 1 2 1 1 1 1 1 0 0
1 0 1 1 1 1 0 1 0 0
1 1 1 1 1 1 1 1 1 0
0 0 1 0 0 1 0 1 0 0
0 0 1 1 1 1 1 1 1 0
0 0 0 0 0 0 0 0 0 0
0 0 0 0 0 0 0 0 0 0
Maze 156
115 3034 3.0606060606 2.2056667656 148 0.408162296868332
51 3 39 76 4 70 74 88 65 47 28 99 31 7 86 51
1 33 36 74 64 64 84 85 45 27 98 91 1 6 81
402 401 402 401 401 402 401 401 402 402 401 401 402 402 401
1 1 1 1 1 1 1 0 0 0
1 0 1 1 0 1 0 0 0 0
1 0 1 1 0 1 1 1 0 0
1 0 1 1 1 1 1 1 1 0
1 0 0 1 1 1 1 1 0 0
2 0 0 1 1 1 0 1 0 0
1 0 0 1 1 1 1 1 1 1
1 0 0 1 1 1 0 1 0 0
1 1 1 1 1 1 1 1 0 0
1 1 1 1 1 1 1 1 1 0
Maze 157
129 30 4.0350877193 2.1377597304 162 0.387123729471821
51 50 48 71 38 2 98 62 1 59 35 61 65 91 89 51
41 400 41 31 32 92 92 61 51 55 31 400 61 81 81
402 400 402 402 401 401 401 401 401 401 402 400 402 402 401
1 1 0 0 0 0 0 0 0 0
1 1 0 0 0 0 0 0 0 0
1 1 0 0 0 0 0 0 0 0
1 1 1 1 1 1 1 1 0 0
1 1 1 1 1 1 1 1 1 1
2 1 1 1 1 1 1 1 1 0
1 1 1 1 1 0 0 0 0 0
1 1 0 0 0 0 0 0 0 0
1 1 1 1 1 1 1 1 1 0
1 1 1 1 1 1 1 1 0 0
Maze 158
99 340 3.2830188679 2.0023458814 77 0.364093115246001
57 82 53 50 78 19 50 24 78 27 12 74 22 65 99 57
52 52 43 48 18 49 44 74 77 22 72 72 62 95 97
402 402 402 402 402 401 401 401 401 401 401 401 401 401 401
0 0 0 0 0 0 0 0 0 0
0 1 0 0 0 0 0 1 1 0
0 1 1 1 1 1 1 1 1 0
0 1 0 1 0 0 1 1 1 0
0 1 1 1 1 1 1 1 1 1
0 1 1 1 1 1 2 1 0 0
0 1 1 1 1 0 1 1 0 0
0 1 1 1 1 1 1 1 0 0
0 1 0 0 1 0 1 0 0 0
0 0 0 0 1 1 1 1 1 0
Maze 159
111 150 3.3214285714 1.9731936798 97 0.391524504921358
69 19 63 38 86 6 82 52 48 5 80 16 66 26 85 69
400 13 33 36 400 2 400 42 45 75 76 400 400 25 65
400 402 402 402 400 402 400 402 401 401 401 400 400 402 402
0 1 1 1 1 1 0 0 0 0
0 1 1 1 1 1 1 1 1 0
0 1 1 0 1 1 0 0 1 0
0 1 1 1 1 1 1 1 1 0
0 1 1 1 1 1 1 1 1 0
0 1 1 0 1 1 0 0 1 0
0 1 1 0 1 1 1 1 2 0
0 1 0 0 1 1 1 1 1 1
0 1 0 0 1 1 0 0 0 0
0 0 0 0 0 0 0 0 0 0
Maze 160
113 58 3.1147540984 2.0031086055 104 0.384425961562411
29 84 10 75 89 96 37 39 78 14 25 31 94 60 74 29
24 4 5 85 86 36 400 38 74 24 21 91 54 54 24
402 402 402 401 402 402 400 402 401 401 402 401 402 402 402
0 0 0 1 1 1 1 1 1 1
0 0 0 1 1 0 0 0 0 0
1 1 1 1 1 1 1 1 2 0
1 0 0 1 1 1 1 1 1 0
1 0 0 1 1 1 0 1 0 0
1 0 0 1 1 1 1 1 1 1
1 0 0 1 1 1 0 1 0 0
1 0 0 1 1 1 1 1 0 0
1 0 0 1 1 1 1 1 1 0
1 1 1 1 0 1 0 0 0 0
Maze 161
101 13 2.8000000000 2.2604583530 70 0.389010681052803
68 71 91 2 72 6 36 40 8 6 54 90 81 3 50 68
61 400 1 400 2 400 400 38 400 4 84 400 1 43 48
402 400 402 400 402 400 400 401 400 402 401 400 402 401 402
1 1 1 1 1 1 1 1 0 0
1 1 1 1 0 1 0 1 0 0
1 1 1 1 0 1 0 1 0 0
1 1 1 1 0 1 1 1 1 1
1 1 1 1 1 1 1 1 1 1
1 1 0 1 0 0 0 1 0 0
1 1 1 1 1 1 1 2 0 0
1 1 0 1 0 0 0 0 0 0
1 1 1 1 1 1 1 1 1 1
1 0 0 0 0 0 0 0 0 0
Maze 162
135 777 3.6949152542 1.9977215458 199 0.393954252951839
10 73 27 43 17 50 1 64 30 74 81 11 93 38 21 10
3 23 23 13 47 41 61 24 24 71 400 91 33 31 1
402 402 402 402 401 401 401 402 402 402 400 401 402 401 402
1 1 1 1 1 1 1 1 1 2
1 0 1 1 1 1 1 0 0 0
1 0 1 1 1 1 1 1 1 1
1 1 1 1 1 1 1 1 0 0
1 1 1 1 1 1 1 1 1 1
1 0 1 1 0 0 0 0 0 0
1 1 1 1 0 0 0 0 0 0
1 1 1 1 0 0 0 0 0 0
1 0 1 0 0 0 0 0 0 0
1 1 1 0 0 0 0 0 0 0
Maze 163
113 4416 3.0149253731 2.1694379250 120 0.375268694528329
70 74 25 52 76 37 3 87 74 97 19 1 87 13 48 70
64 24 22 72 36 33 83 84 94 17 11 81 83 43 68
402 402 402 401 402 401 401 401 401 402 401 401 401 401 401
1 0 1 0 0 0 0 0 0 0
1 1 1 1 1 1 1 1 1 0
1 1 1 1 1 0 1 0 0 0
1 1 1 1 1 1 1 0 0 0
1 1 1 1 1 1 1 1 0 0
1 1 1 1 0 1 1 1 0 0
1 1 1 1 1 1 1 1 1 2
1 1 1 1 1 1 1 0 0 0
1 1 1 1 1 1 1 0 0 0
0 0 0 1 1 1 1 0 0 0
Maze 164
89 36 3.2340425532 2.0110985298 36 0.375286980517673
90 47 28 85 90 42 61 34 47 10 57 25 66 68 54 90
87 27 25 400 82 41 31 44 7 7 55 65 400 64 84
401 402 402 400 401 402 402 401 402 402 401 401 400 401 401
0 0 0 0 0 0 1 1 1 1
0 0 0 0 0 0 1 0 0 0
0 0 0 0 1 1 1 1 0 0
1 1 1 1 1 0 1 0 0 0
1 1 0 1 1 1 1 0 0 0
1 1 0 1 1 1 1 0 0 0
1 1 0 1 1 1 1 1 0 0
0 1 0 1 1 0 1 0 0 0
0 1 1 1 1 1 1 1 1 2
0 0 0 0 0 0 0 0 0 0
Maze 165
89 91 3.1636363636 2.2924673924 45 0.378919683819010
67 79 11 16 40 33 94 30 7 9 28 18 94 75 35 67
77 71 400 36 400 93 24 27 400 8 400 14 74 400 65
401 401 400 401 400 401 402 401 400 402 400 402 402 400 401
0 0 0 0 0 0 1 1 1 0
1 1 1 1 1 1 1 1 0 0
1 0 0 1 1 1 1 1 1 1
1 0 1 1 1 1 1 1 1 1
1 0 1 1 1 0 0 0 0 0
1 0 1 1 1 0 0 0 0 0
1 0 1 1 1 1 2 0 0 0
1 1 1 1 1 1 1 1 1 0
0 0 1 1 0 0 0 0 0 0
0 0 1 1 0 0 0 0 0 0
Maze 166
89 3 3.2173913043 2.0466196453 36 0.399743268989204
84 64 34 18 29 69 44 77 34 89 53 100 43 51 44 84
400 400 14 28 400 64 74 74 84 83 93 93 41 41 400
400 400 402 401 400 401 401 401 401 401 401 401 402 402 400
0 0 0 0 0 0 0 0 0 0
0 0 0 1 1 1 1 1 0 0
0 0 0 1 0 0 0 1 1 0
0 0 0 1 0 0 0 0 1 0
1 1 1 1 0 0 0 0 1 0
1 0 1 1 0 0 0 0 1 0
0 0 1 1 1 1 1 1 1 0
0 0 1 1 1 1 1 0 0 0
0 0 1 2 1 1 1 1 1 0
0 0 1 1 1 1 1 1 1 1
Maze 167
95 197 3.4615384615 2.2261530853 71 0.382764275378957
95 44 6 59 3 73 42 80 36 69 34 44 21 1 64 95
94 4 56 53 400 72 72 76 66 64 400 41 400 61 94
401 402 401 401 400 401 401 401 401 401 400 401 400 401 401
1 0 1 1 1 1 0 0 0 0
1 0 1 1 0 1 0 0 0 0
1 0 1 1 0 1 0 0 0 0
1 0 1 1 0 1 0 0 0 0
1 1 1 1 0 1 0 0 0 0
1 1 1 1 1 1 1 1 1 0
1 1 1 1 1 1 1 1 1 0
0 1 1 1 1 1 1 1 1 1
0 0 0 1 0 0 0 0 0 0
0 0 0 1 2 0 0 0 0 0
Maze 168
97 111 3.2000000000 1.9338650376 77 0.391888792020758
21 47 84 91 75 87 39 34 99 14 87 77 80 67 96 21
41 44 81 71 85 37 400 94 94 84 400 400 77 66 91
401 402 402 402 401 402 400 401 401 401 400 400 401 402 401
0 0 0 0 0 0 0 0 0 0
0 0 0 1 0 0 0 0 0 0
2 0 0 1 0 0 0 0 0 0
1 0 0 1 1 1 1 1 1 0
1 1 1 1 1 1 1 0 0 0
1 0 0 1 0 0 1 0 0 0
1 0 0 1 0 1 1 0 0 0
1 1 1 1 1 1 1 1 1 1
1 1 1 1 1 1 1 0 0 0
1 1 1 1 1 1 1 1 1 0
Maze 169
105 78 3.5185185185 2.0912913095 84 0.368187763497790
83 46 86 49 24 10 15 19 94 6 25 23 42 90 25 83
43 400 46 44 4 5 400 14 4 5 400 22 82 85 23
402 400 402 401 402 402 400 402 402 402 400 402 401 401 402
0 0 0 1 1 1 1 1 1 1
0 0 0 1 1 1 1 1 1 0
0 1 1 1 1 0 0 0 0 0
0 1 1 1 1 0 0 0 0 0
0 1 1 1 1 1 1 1 1 0
0 1 1 1 1 1 0 0 0 0
0 1 1 1 1 1 0 0 0 0
0 1 1 1 1 1 0 0 0 0
0 1 2 1 1 1 1 1 1 1
0 0 0 1 0 0 0 0 0 0
Maze 170
105 215 3.5471698113 2.0666966352 105 0.390682295162112
55 22 77 92 61 44 60 13 21 56 5 89 72 18 18 55
52 72 72 91 41 54 53 11 51 55 85 82 12 400 15
401 401 402 401 402 401 401 402 401 401 401 401 402 400 402
0 0 0 0 1 0 0 0 0 0
1 1 1 1 1 1 1 1 0 0
1 1 1 0 1 0 0 0 0 0
1 1 1 0 1 0 0 0 0 0
1 1 1 1 1 0 0 0 0 0
1 1 1 1 2 1 1 1 1 1
1 1 0 0 1 0 0 0 0 0
1 1 1 1 1 1 1 0 0 0
1 1 1 1 1 1 1 1 1 0
1 1 0 0 0 0 0 0 0 0
Maze 171
101 38 3.3725490196 2.1968615973 54 0.365275865199061
91 39 88 50 51 59 18 55 44 57 35 21 95 63 11 91
31 38 48 41 400 58 15 54 54 55 31 91 93 61 400
402 402 402 402 400 401 402 401 401 401 401 401 401 401 400
0 0 0 0 0 0 0 0 0 0
1 0 0 0 1 1 1 1 0 0
1 0 0 0 1 0 0 1 0 0
1 1 1 1 1 1 1 1 1 0
1 1 1 1 1 1 1 1 1 1
1 1 1 1 1 1 1 1 1 0
1 1 1 0 0 0 0 1 0 0
1 0 1 0 0 0 0 1 0 0
1 0 1 0 0 0 0 1 0 0
2 1 1 1 1 0 0 0 0 0
Maze 172
137 1002 3.6507936508 2.1416015715 231 0.394439306662461
91 50 1 58 15 75 99 41 40 31 38 2 63 69 28 91
41 41 51 55 400 95 91 31 400 400 32 62 400 68 21
402 401 401 401 400 401 401 402 400 400 401 401 400 401 402
1 1 0 0 0 0 0 0 0 0
1 1 0 0 1 0 0 0 0 0
1 1 1 1 1 1 1 1 0 0
1 1 1 1 1 1 1 1 1 1
1 1 1 1 1 1 1 1 1 1
1 1 1 1 1 1 1 1 0 0
1 1 1 1 1 1 1 1 1 0
1 0 0 0 1 0 0 0 0 0
1 0 0 0 1 0 0 0 0 0
2 1 1 1 1 1 1 1 1 0
Maze 173
99 107 3.1864406780 2.2217810464 71 0.369646252940114
57 62 53 65 13 89 74 26 39 85 49 6 32 94 70 57
52 52 63 63 83 84 24 36 35 45 46 2 92 64 67
402 402 401 401 401 401 402 401 402 402 401 402 401 402 401
0 1 1 1 1 1 0 0 0 0
0 1 1 0 0 1 0 0 0 0
0 1 1 1 1 1 0 0 0 0
0 1 1 1 1 1 1 1 1 0
0 1 1 1 1 1 1 1 1 0
0 1 1 1 1 1 2 0 0 0
0 1 1 1 1 1 1 1 1 1
0 1 1 1 1 0 0 0 0 0
0 1 1 1 1 1 1 1 1 0
0 1 1 1 0 0 0 0 0 0
Maze 174
87 422 3.1372549020 2.1348301883 41 0.381817913124893
24 76 54 31 89 77 37 53 54 5 58 51 4 23 48 24
74 74 51 81 87 400 33 400 4 55 400 1 3 43 44
401 401 401 401 401 400 402 400 402 401 400 402 402 401 401
1 1 1 1 1 0 0 0 0 0
1 0 1 1 1 0 0 0 0 0
1 0 1 2 1 0 0 0 0 0
1 0 1 1 1 1 1 0 0 0
1 0 1 1 1 1 1 1 0 0
1 1 1 1 1 1 1 1 0 0
1 0 0 1 0 0 1 0 0 0
1 0 0 1 1 1 1 0 0 0
1 1 1 1 1 1 1 1 1 0
0 0 0 0 0 0 0 0 0 0
Maze 175
103 193 3.1481481481 2.0932335658 60 0.396006995403240
89 63 22 82 24 70 99 85 31 75 82 11 66 60 18 89
83 62 400 22 64 69 95 81 71 72 81 61 56 58 88
401 401 400 402 401 402 401 401 401 402 401 401 402 401 401
0 0 0 0 0 0 0 0 0 0
1 0 0 0 0 0 0 1 0 0
1 1 1 1 0 0 0 1 0 0
1 1 0 1 0 0 0 1 0 0
1 1 0 1 0 0 0 1 0 0
1 1 0 1 0 1 1 1 1 1
1 1 1 1 1 1 1 1 1 1
1 1 1 1 1 0 0 1 1 0
1 1 1 1 1 1 1 1 2 0
0 0 0 0 1 1 1 1 1 0
Maze 176
93 37 3.5909090909 2.0119403039 25 0.393084263412116
22 38 83 41 22 86 87 61 16 1 62 35 25 53 6 22
32 33 81 21 82 400 81 11 11 61 32 400 23 3 2
401 402 401 402 401 400 401 402 401 401 402 400 402 402 402
1 1 1 1 1 1 0 0 0 0
1 1 1 1 1 1 0 0 0 0
1 2 1 1 1 0 0 0 0 0
1 1 1 1 1 1 1 1 0 0
1 1 1 0 0 0 0 0 0 0
1 1 1 0 0 0 0 0 0 0
1 1 1 0 0 0 0 0 0 0
1 1 1 0 0 0 0 0 0 0
1 1 1 1 1 1 1 0 0 0
0 0 0 0 0 0 0 0 0 0
Maze 177
75 37 3.0952380952 1.9972254888 21 0.370440018360657
54 27 19 36 53 93 75 72 47 35 21 46 43 11 85 54
24 17 16 33 400 73 400 42 45 31 41 400 41 81 84
402 402 402 402 400 402 400 402 401 401 401 400 401 401 401
0 0 0 0 0 0 0 0 0 0
1 0 0 0 0 1 1 1 1 0
1 0 0 1 1 1 1 0 0 0
1 1 1 1 1 1 0 0 0 0
1 1 1 1 1 1 1 0 0 0
1 1 1 2 0 0 0 0 0 0
1 1 1 1 0 0 0 0 0 0
1 1 1 1 1 0 0 0 0 0
1 1 1 1 1 0 0 0 0 0
0 0 1 0 0 0 0 0 0 0
Maze 178
89 54 3.2400000000 2.1500941839 41 0.390936715990737
20 36 41 69 22 33 56 76 84 93 42 35 30 72 43 20
16 31 61 62 32 53 400 74 83 92 32 25 22 42 13
402 402 401 401 401 401 400 402 402 401 402 402 402 402 402
0 0 0 0 0 0 0 0 0 0
0 0 1 1 1 1 1 1 1 2
0 1 1 1 1 1 1 1 1 1
1 1 1 1 1 1 0 0 0 0
1 1 1 0 0 0 0 0 0 0
1 1 1 1 1 1 0 0 0 0
1 1 1 1 1 1 1 1 1 0
0 1 0 1 1 1 0 0 0 0
0 1 1 1 0 0 0 0 0 0
0 1 1 0 0 0 0 0 0 0
Maze 179
109 59 3.3684210526 2.1270006790 77 0.394717705411580
98 56 96 12 65 93 98 3 75 79 70 1 27 19 6 98
96 400 92 62 63 400 93 73 400 69 61 21 17 16 96
401 400 401 401 402 400 401 401 400 402 401 401 402 401 401
1 0 1 0 0 1 0 0 0 0
1 1 1 0 0 1 1 1 1 0
1 1 1 1 1 1 1 0 0 0
1 1 1 0 0 1 0 0 0 0
1 1 1 0 0 1 0 0 0 0
1 1 1 0 0 1 0 0 0 0
1 1 1 1 1 1 1 1 1 1
0 1 1 1 1 1 1 1 1 0
0 1 1 0 0 1 0 0 0 0
0 1 1 1 1 1 1 2 0 0
Maze 180
87 58 2.8979591837 1.9313179846 40 0.369636305151362
84 68 17 39 42 68 27 47 18 50 31 28 48 70 91 84
64 67 37 32 62 67 400 17 48 41 21 400 68 61 81
402 401 401 402 401 401 400 402 401 401 402 400 401 402 402
0 0 0 0 0 0 0 0 0 0
0 0 0 0 0 0 1 1 0 0
1 1 1 1 1 1 1 1 0 0
1 1 1 1 1 1 1 1 1 0
1 1 1 1 1 1 1 1 1 1
0 1 0 0 0 0 1 1 0 0
1 1 1 1 1 1 1 1 1 1
1 0 0 1 0 0 0 0 0 0
1 1 1 2 0 0 0 0 0 0
1 0 0 0 0 0 0 0 0 0
Maze 181
105 183 3.3571428571 2.1174324509 86 0.369276467400922
5 98 40 68 20 45 26 80 78 93 39 72 87 99 85 5
95 38 38 18 15 25 76 400 73 33 32 82 97 95 400
401 402 402 402 402 402 401 400 402 402 402 401 401 401 400
0 0 0 0 2 0 0 0 0 0
0 0 0 0 1 1 1 1 1 1
0 0 0 0 1 1 0 1 0 0
0 1 1 1 1 1 1 1 1 1
0 1 1 0 1 1 0 1 0 0
0 1 1 0 1 1 0 1 0 0
0 1 1 0 1 1 0 1 0 0
0 1 1 1 1 1 1 1 1 1
0 1 1 1 1 1 1 1 0 0
0 0 1 0 1 1 1 1 1 0
Maze 182
95 22 3.1200000000 2.0308739810 43 0.390421072879944
8 27 29 92 63 100 67 80 65 79 96 22 44 77 100 8
7 400 22 62 93 97 77 75 75 76 92 42 74 97 98
402 400 402 402 401 401 401 401 401 402 401 401 401 401 401
0 0 0 0 0 0 1 2 0 0
0 0 0 0 0 0 1 1 0 0
0 1 1 1 1 1 1 1 1 0
0 1 0 0 0 0 0 1 0 0
0 1 1 1 0 0 0 1 0 0
0 1 0 1 0 0 0 1 0 0
0 1 1 1 1 0 1 1 0 0
0 1 1 1 1 1 1 1 1 1
0 1 1 0 0 1 1 1 0 0
0 1 1 1 1 1 1 1 1 1
Maze 183
95 140 3.0181818182 2.1705323067 70 0.365628608166672
98 87 40 38 31 82 65 43 49 5 71 56 32 57 33 98
97 37 400 400 81 62 63 400 45 1 51 52 52 53 93
401 402 400 400 401 402 401 400 401 402 402 401 401 401 401
1 1 1 1 1 0 0 0 0 0
1 0 0 0 1 0 0 0 0 0
1 0 0 0 1 0 0 0 0 0
1 1 1 1 1 1 1 1 1 1
1 1 1 1 1 1 1 1 1 0
1 1 1 1 1 1 1 0 0 0
1 1 1 1 1 0 1 0 0 0
1 1 1 0 0 0 1 0 0 0
1 1 1 0 0 0 1 0 0 0
0 0 1 1 1 1 1 2 0 0
Maze 184
99 75 3.3703703704 2.2065196760 51 0.386944567635356
56 30 16 44 39 34 23 13 30 90 34 1 44 81 20 56
26 26 14 34 400 33 400 23 400 84 31 41 41 11 16
402 401 402 402 400 401 400 401 400 401 401 401 402 402 402
1 0 0 0 0 0 0 0 0 0
1 1 1 1 1 1 1 1 1 1
1 0 1 1 1 1 1 1 1 1
1 1 1 1 1 1 1 1 1 1
1 1 1 1 0 1 0 0 0 1
1 0 0 1 0 2 0 0 0 1
1 0 0 1 0 0 0 0 0 1
1 0 0 1 0 0 0 0 0 1
1 0 0 1 1 1 1 1 1 1
0 0 0 0 0 0 0 0 0 0
Maze 185
101 7 3.6818181818 1.8844901992 42 0.385980690649777
84 2 54 72 90 62 94 21 73 32 4 29 31 45 52 84
82 52 52 82 82 92 91 71 72 2 24 21 41 42 82
401 401 402 401 401 401 401 401 401 402 401 402 401 402 401
0 1 1 1 0 0 0 0 0 0
0 1 0 1 0 0 0 0 0 0
1 1 1 1 1 1 1 1 1 0
1 1 0 0 0 0 0 0 0 0
1 1 1 1 1 0 0 0 0 0
1 1 1 1 0 0 0 0 0 0
1 1 0 0 0 0 0 0 0 0
1 1 1 0 0 0 0 0 0 0
1 1 1 2 1 1 1 1 1 1
1 1 1 1 0 0 0 0 0 0
Maze 186
91 479 3.1914893617 1.9683736906 45 0.388216193514260
16 13 69 90 48 3 58 55 89 43 58 15 36 19 47 16
400 63 89 88 43 53 400 85 83 53 55 35 16 17 46
400 401 401 401 401 401 400 401 401 401 401 401 402 402 401
0 0 1 0 0 0 0 0 0 0
0 0 1 1 1 2 1 1 1 0
0 0 1 0 1 1 1 0 0 0
0 0 1 0 1 1 1 0 0 0
0 0 1 1 1 1 1 1 0 0
0 0 1 1 1 1 1 1 0 0
0 0 1 1 1 1 1 1 1 0
0 0 1 0 1 0 0 1 1 0
0 0 1 1 1 1 1 1 1 1
0 0 0 0 0 0 0 0 0 0
Maze 187
115 49 3.0909090909 2.2451159921 141 0.376323443876777
71 18 100 9 69 83 95 17 21 82 57 32 53 17 59 71
11 98 99 400 63 93 15 11 81 52 52 52 13 57 51
402 401 401 400 402 401 402 402 401 402 401 401 402 401 402
0 0 0 0 0 0 0 0 1 0
1 1 1 1 1 1 1 1 1 0
1 0 1 0 1 0 1 1 1 0
1 1 1 0 1 0 1 1 1 0
1 1 1 0 1 0 1 1 1 0
1 1 1 1 1 1 1 1 1 0
1 1 1 1 1 1 1 1 1 0
2 1 1 0 1 0 0 1 1 0
1 1 1 0 1 0 0 1 1 0
0 0 1 1 1 0 0 1 1 1
Maze 188
83 108 3.0000000000 1.9760608746 25 0.375378240637199
40 53 58 94 7 18 18 58 64 15 31 75 37 35 5 40
33 400 54 4 17 400 400 54 14 11 71 35 400 400 35
402 400 402 402 401 400 400 402 402 402 401 402 400 400 401
0 0 0 1 1 1 1 0 0 0
1 1 1 1 1 0 1 1 0 0
1 0 0 1 1 0 0 1 0 0
1 0 1 1 1 1 1 1 1 2
1 0 1 1 1 0 0 1 0 0
1 0 1 1 1 1 1 1 0 0
1 0 0 1 1 0 0 0 0 0
1 1 1 1 1 0 0 0 0 0
0 0 0 1 0 0 0 0 0 0
0 0 0 1 0 0 0 0 0 0
Maze 189
107 151 3.8775510204 2.0846340683 112 0.377849454154256
56 21 31 70 82 38 41 13 33 4 74 52 23 20 81 56
51 400 61 62 32 31 11 400 3 400 72 22 13 11 51
401 400 401 402 402 402 402 400 402 400 401 402 402 402 402
0 0 1 1 0 0 0 0 0 0
1 1 1 1 1 1 1 1 1 1
1 1 1 1 0 0 0 0 0 0
1 1 1 1 1 1 1 1 0 0
1 1 0 1 0 0 0 0 0 0
1 1 1 1 1 2 0 0 0 0
1 1 1 1 1 1 1 1 1 1
1 1 1 1 0 0 0 0 0 0
1 1 0 0 0 0 0 0 0 0
0 0 0 0 0 0 0 0 0 0
Maze 190
109 21 4.0952380952 1.8580436704 120 0.394694769075925
58 74 28 73 4 47 4 60 85 39 75 53 57 21 56 58
54 24 23 3 44 44 54 55 35 35 73 400 51 51 400
402 402 402 402 401 401 401 402 402 402 401 400 401 401 400
0 0 1 1 0 0 0 0 0 0
0 0 1 1 0 0 0 0 0 0
1 0 1 1 1 1 1 1 0 0
1 0 1 1 1 1 1 1 1 0
1 0 1 1 1 1 1 0 0 0
1 1 1 1 1 1 1 2 1 1
0 0 1 1 1 0 0 0 0 0
0 0 1 1 1 0 0 0 0 0
0 0 0 0 1 0 0 0 0 0
0 0 0 0 0 0 0 0 0 0
Maze 191
69 59 3.0000000000 2.1673356454 13 0.397588027458298
60 94 37 45 55 2 49 37 46 15 13 9 29 20 19 60
54 34 35 400 52 42 47 36 45 400 3 400 19 400 59
402 402 402 400 401 401 401 402 401 400 402 400 402 400 401
0 1 1 1 1 1 1 1 1 0
0 1 1 1 1 0 0 0 1 1
0 1 0 0 1 0 0 0 1 0
0 1 0 1 1 1 1 0 1 0
0 1 1 1 1 1 1 1 1 0
0 1 1 1 1 1 1 1 1 2
0 0 0 1 0 0 0 0 0 0
0 0 0 1 0 0 0 0 0 0
0 0 0 1 0 0 0 0 0 0
0 0 0 1 0 0 0 0 0 0
Maze 192
113 2765 3.8461538462 2.1419114534 98 0.386867943642307
42 22 21 20 75 19 44 49 61 82 12 60 1 66 37 42
400 400 11 15 15 14 400 41 81 400 52 51 61 36 32
400 400 402 402 402 402 400 402 401 400 401 401 401 402 402
1 0 0 0 0 0 0 0 0 0
1 1 1 1 1 1 1 1 1 1
1 1 0 1 1 0 0 0 0 0
1 1 1 1 1 1 1 0 0 0
1 2 1 1 1 1 1 1 1 0
1 1 1 1 1 1 1 1 1 1
1 1 1 1 1 1 0 0 0 0
1 1 0 0 1 0 0 0 0 0
1 1 0 0 0 0 0 0 0 0
0 0 0 0 0 0 0 0 0 0
Maze 193
123 1082 3.4193548387 2.0571019133 125 0.385931491728091
42 63 99 51 3 79 2 33 1 5 79 24 48 81 87 42
62 93 91 1 73 72 32 31 400 75 74 44 41 400 82
401 401 401 402 401 401 401 401 400 401 401 401 402 400 401
1 1 1 1 1 0 0 0 0 0
1 1 1 0 1 0 0 0 0 0
1 1 1 1 1 0 0 0 0 0
1 1 1 1 1 0 0 0 0 0
1 2 1 1 1 1 1 1 0 0
1 1 1 1 1 0 0 0 0 0
1 1 1 1 1 0 0 0 0 0
1 1 1 1 1 1 1 1 1 0
1 1 1 1 1 1 1 0 0 0
1 1 1 1 1 1 1 1 1 0
Maze 194
91 119 3.1739130435 1.8892137705 45 0.375710014473268
68 59 86 27 63 60 25 84 41 33 15 33 67 71 32 68
58 56 26 23 53 55 24 81 31 13 13 63 61 31 62
402 402 402 402 402 401 402 401 402 402 402 401 402 402 401
0 0 0 0 0 0 0 0 0 0
0 0 1 1 1 0 0 0 0 0
0 0 1 1 1 1 1 0 0 0
1 1 1 1 1 1 0 0 0 0
1 1 1 1 1 1 0 0 0 0
1 1 1 1 1 1 1 1 1 1
1 1 1 1 1 1 1 2 0 0
1 0 0 1 0 1 0 0 0 0
1 1 1 1 0 1 0 0 0 0
0 0 0 0 0 0 0 0 0 0
Maze 195
103 120 3.5094339623 2.1572959307 71 0.386710699589316
23 70 78 55 95 62 29 92 96 91 38 60 38 68 81 23
63 68 75 400 92 22 22 400 400 31 58 58 400 61 21
401 402 401 400 401 402 402 400 400 402 401 401 400 402 402
0 0 0 0 0 0 0 0 0 0
0 0 0 0 0 0 0 0 0 0
1 1 2 1 1 1 1 1 1 0
1 1 1 1 1 1 1 1 0 0
1 1 1 0 0 0 0 1 0 0
1 1 1 0 1 0 0 1 1 1
1 1 1 1 1 1 1 1 1 1
1 1 0 0 1 1 1 1 0 0
1 1 0 0 1 0 0 0 0 0
1 1 1 1 1 1 0 0 0 0
Maze 196
111 490 3.3015873016 2.2620455801 94 0.407273092552282
73 25 11 74 22 89 54 4 16 67 100 63 7 65 27 73
23 21 71 72 82 84 400 14 66 97 93 3 5 25 23
402 401 401 401 401 401 400 401 401 401 401 402 402 402 402
0 0 1 1 1 1 1 0 0 0
1 0 1 1 1 1 0 0 0 0
1 1 1 1 1 1 1 0 0 0
1 1 1 1 1 1 0 0 0 0
1 1 1 1 1 1 0 0 0 0
1 1 1 1 1 1 0 0 0 0
1 1 1 1 1 1 1 0 0 0
1 1 2 1 0 0 1 0 0 0
0 1 1 1 1 1 1 1 1 0
0 0 1 1 1 1 1 1 1 1
Maze 197
77 23 3.5263157895 1.8835060867 26 0.366317088171891
52 72 60 44 49 87 78 40 36 64 40 39 13 63 75 52
400 52 54 400 47 77 38 400 34 34 400 33 400 73 72
400 402 401 400 402 402 402 400 402 402 400 401 400 401 401
0 0 0 0 0 0 0 0 0 0
0 0 1 0 0 0 0 0 0 0
0 0 1 0 0 0 0 0 0 0
0 0 1 1 1 1 1 1 1 1
0 0 1 1 1 1 1 1 1 0
0 2 1 1 1 1 1 1 1 1
0 1 1 1 0 0 1 1 0 0
0 1 1 1 1 0 1 1 0 0
0 0 0 0 0 0 1 0 0 0
0 0 0 0 0 0 0 0 0 0
Maze 198
81 9 3.4883720930 2.0926160557 30 0.384641034685357
50 68 23 92 34 54 35 84 36 61 13 14 1 23 56 50
48 63 22 32 400 34 34 34 31 11 400 11 21 53 46
402 401 402 402 400 402 402 402 402 402 400 401 401 401 402
1 0 0 0 0 0 0 0 0 0
1 1 1 1 0 0 0 0 0 0
1 1 1 0 0 0 0 0 0 0
1 1 1 1 1 1 0 0 0 0
1 1 1 1 0 1 1 1 1 2
1 1 1 1 1 1 0 1 0 0
1 1 1 1 1 1 1 1 0 0
0 1 0 1 0 0 0 0 0 0
0 1 0 1 0 0 0 0 0 0
0 1 0 0 0 0 0 0 0 0
Maze 199
103 63 3.1851851852 1.9969704430 37 0.406031083159952
27 6 12 21 30 19 99 12 100 62 87 90 54 5 3 27
26 2 11 400 29 400 92 92 92 82 400 84 4 400 23
401 402 402 400 401 400 401 401 401 401 400 401 402 400 401
0 1 1 1 1 1 0 0 0 0
1 1 1 1 0 1 0 0 1 0
1 1 1 1 1 1 2 1 1 1
0 1 0 1 0 0 0 0 1 0
0 1 0 1 0 0 0 0 1 0
0 1 0 1 0 0 0 0 1 0
0 1 0 1 0 0 0 0 1 0
0 1 0 1 0 0 0 0 1 0
0 1 1 1 1 1 1 1 1 1
0 1 1 1 1 1 1 1 1 1
Maze 200
119 144 3.3538461538 2.2175009660 133 0.380596937055414
65 29 70 2 98 14 64 86 19 91 23 14 1 68 66 65
25 69 62 92 94 400 84 16 11 21 13 11 61 400 400
402 401 401 401 401 400 401 402 402 402 402 401 401 400 400
1 1 0 0 0 0 0 0 0 0
1 1 1 1 1 1 1 1 1 0
1 1 1 1 1 1 1 1 1 0
1 1 0 1 1 1 0 0 1 0
1 1 0 1 1 1 0 0 1 0
1 1 0 1 1 1 0 0 1 0
1 1 1 1 2 1 1 1 1 1
1 1 0 1 0 1 0 0 0 0
1 1 0 1 1 1 0 0 0 0
1 1 1 1 1 1 1 1 0 0
