numMazes: 200
mazeSize: 10
Maze 1
77 24 3.2340425532 2.2534804966 30 0.371642477071286
27 48 78 39 70 49 49 87 30 94 93 56 39 66 62 27
47 400 38 69 69 400 47 27 24 400 53 36 36 400 22
401 400 402 401 401 400 402 402 402 400 402 402 402 400 402
0 0 0 0 0 0 0 0 0 0
0 0 0 0 0 0 0 0 0 0
0 1 1 1 1 1 2 1 1 1
0 1 0 1 0 1 1 1 1 0
0 1 0 1 0 1 1 1 1 0
0 1 1 1 1 1 1 1 1 0
0 1 1 1 1 1 1 1 1 1
0 0 1 1 0 0 1 1 0 0
0 0 1 1 0 0 1 0 0 0
0 0 1 1 0 0 0 0 0 0
Maze 2
81 100 3.7073170732 2.2410821660 30 0.388913349953133
81 81 13 16 66 25 57 65 14 23 55 31 42 70 13 81
400 11 400 400 65 55 55 64 13 53 51 41 62 63 11
400 402 400 400 401 401 402 401 402 401 401 401 401 401 402
0 0 0 0 0 0 0 0 0 0
1 1 1 1 1 1 0 0 0 0
1 0 1 1 1 1 0 0 0 0
1 0 1 1 1 1 0 0 0 0
1 1 1 1 1 1 0 0 0 0
1 1 1 1 1 1 1 0 0 0
1 1 1 1 1 1 1 1 1 1
1 0 0 0 0 0 0 0 0 0
2 0 0 0 0 0 0 0 0 0
0 0 0 0 0 0 0 0 0 0
Maze 3
119 397 3.4642857143 1.9075590795 132 0.387424968239243
29 32 89 26 67 98 21 52 95 24 2 87 43 76 93 29
22 82 86 66 97 91 51 92 94 22 82 83 73 73 23
402 401 401 401 401 401 401 401 401 401 401 401 401 402 402
0 1 0 0 0 0 0 0 0 0
0 1 0 0 0 0 0 0 0 0
1 1 1 1 1 1 1 1 2 0
1 1 1 1 0 1 0 0 0 0
1 1 1 1 0 1 0 0 0 0
1 1 1 1 0 1 0 0 0 0
1 1 1 1 0 1 1 0 0 0
1 1 1 1 1 1 1 0 0 0
1 1 1 1 1 1 1 1 1 0
1 1 1 1 1 1 1 1 0 0
Maze 4
85 64 3.0666666667 1.8941273743 44 0.385196852400520
74 97 88 97 3 46 50 36 87 33 25 50 6 12 4 74
94 87 87 93 43 400 46 86 83 23 45 46 2 2 400
401 402 402 401 401 400 401 401 401 402 401 401 402 402 400
0 1 1 1 1 1 0 0 0 0
0 1 1 1 0 1 0 0 0 0
0 0 1 1 1 1 0 0 0 0
0 0 1 1 1 1 0 0 0 0
0 0 1 1 1 1 1 1 1 1
0 0 1 1 0 1 0 0 0 0
0 0 1 1 0 1 0 0 0 0
0 0 1 2 0 1 0 0 0 0
0 0 1 1 1 1 1 1 0 0
0 0 1 1 1 1 1 0 0 0
Maze 5
67 36 2.4230769231 2.3703007815 13 0.362051350687342
60 30 8 26 21 85 47 26 15 45 54 52 3 14 51 60
400 28 6 400 81 45 46 25 400 44 400 2 13 11 400
400 401 402 400 401 402 401 401 400 402 400 402 401 402 400
0 1 1 0 0 1 1 1 0 0
1 1 1 1 1 1 0 1 0 0
1 1 1 1 1 1 0 1 1 1
1 1 0 0 1 1 0 0 0 1
1 1 0 1 1 1 1 0 0 1
1 1 1 1 1 1 1 1 1 2
1 0 0 0 1 0 0 0 0 0
1 0 0 0 1 0 0 0 0 0
1 1 1 1 1 0 0 0 0 0
0 0 0 0 0 0 0 0 0 0
Maze 6
89 12 3.3617021277 2.0466196453 45 0.383360183703661
53 83 35 2 1 19 28 86 16 43 94 39 2 4 72 53
400 33 32 400 11 18 26 400 13 93 34 32 400 2 52
400 402 401 400 401 402 402 400 402 401 402 401 400 402 402
1 1 1 1 0 0 0 0 0 0
1 1 1 1 1 1 1 1 1 0
0 1 1 0 0 1 1 1 0 0
0 1 1 1 1 1 1 1 1 0
0 1 1 1 0 1 0 0 0 0
0 1 2 1 0 1 0 0 0 0
0 1 1 1 0 1 0 0 0 0
0 1 1 1 0 1 0 0 0 0
0 0 1 1 0 1 0 0 0 0
0 0 1 1 0 0 0 0 0 0
Maze 7
107 278 2.9122807018 2.0789205828 70 0.374092314706400
20 21 69 80 74 79 5 41 11 60 79 71 32 86 35 20
11 61 79 400 400 75 1 400 51 59 400 31 82 85 15
402 401 401 400 400 401 402 400 401 402 400 402 401 401 402
1 1 1 1 1 0 0 0 0 0
1 1 1 1 1 1 1 1 1 2
1 0 0 0 1 0 0 0 0 0
1 1 0 0 1 0 0 0 0 0
1 1 0 0 1 0 0 0 0 0
1 1 1 1 1 1 1 1 1 1
1 1 1 1 1 1 1 1 1 0
1 1 1 1 1 1 1 1 1 1
0 1 1 1 1 1 0 0 0 0
0 0 0 0 0 0 0 0 0 0
Maze 8
111 137 2.7887323944 2.2792540053 112 0.382616440942956
76 94 8 40 12 30 38 72 49 88 31 77 99 70 94 76
74 4 38 32 22 28 32 42 48 81 71 97 69 64 74
402 402 401 401 401 402 402 402 402 401 401 401 402 402 402
0 0 0 1 1 1 1 1 0 0
0 1 0 1 0 0 0 1 0 0
0 1 1 1 1 1 1 1 1 1
1 1 1 1 1 1 1 1 1 1
1 1 1 1 1 1 1 1 1 0
1 1 0 1 0 0 0 1 0 0
1 1 0 1 1 1 1 1 1 1
1 1 1 1 1 2 1 1 1 0
1 1 1 1 1 1 1 1 1 0
0 0 0 1 0 0 1 1 1 0
Maze 9
95 164 3.2244897959 1.9743243843 71 0.393841603429198
76 22 38 22 60 66 71 93 93 36 55 72 7 68 62 76
72 32 32 52 56 61 91 400 33 35 52 2 67 400 72
401 401 401 401 402 402 401 400 402 402 402 402 401 400 401
0 1 1 1 1 1 1 0 0 0
0 1 0 0 0 0 1 0 0 0
0 1 0 0 0 0 1 0 0 0
0 1 1 1 1 1 1 1 0 0
0 1 1 0 1 0 1 0 0 0
0 1 1 1 1 1 1 1 1 1
1 1 1 1 1 1 1 1 0 0
1 1 1 1 1 2 0 0 0 0
1 0 1 0 0 0 0 0 0 0
1 1 1 0 0 0 0 0 0 0
Maze 10
107 1355 2.7462686567 2.2015787966 112 0.384213202909844
72 27 87 36 87 32 10 78 64 6 93 82 46 14 61 72
22 400 86 86 82 2 8 74 4 3 92 42 44 11 71
402 400 401 401 401 402 402 401 402 402 401 402 401 402 401
0 1 1 1 1 1 1 1 1 1
1 1 1 1 0 0 0 1 0 0
1 1 1 1 1 1 1 1 0 0
1 1 1 1 0 1 1 1 0 0
1 1 1 1 1 1 1 1 0 0
1 1 1 1 0 1 1 1 0 0
1 1 1 1 0 1 1 1 0 0
1 2 1 1 1 1 1 1 0 0
0 1 1 1 1 1 1 0 0 0
0 1 1 0 0 0 0 0 0 0
Maze 11
103 112 3.1428571429 2.2766398377 70 0.389769376954789
8 80 48 42 66 83 89 52 86 56 77 7 95 55 81 8
78 78 400 62 63 400 82 82 400 76 400 5 400 51 1
401 401 400 401 402 400 401 401 400 401 400 402 400 402 402
1 1 1 1 1 1 1 2 0 0
1 0 0 0 1 0 1 1 0 0
1 0 0 0 1 0 1 1 0 0
1 0 0 0 1 0 1 1 0 0
1 1 1 1 1 1 1 1 0 0
1 1 1 1 1 1 1 1 0 0
1 1 1 1 1 1 1 1 0 0
1 1 1 0 1 1 1 1 1 1
1 1 1 1 1 1 1 1 1 0
0 0 0 0 1 0 0 0 0 0
Maze 12
107 49 3.5714285714 2.2247699214 66 0.395933575683937
21 97 96 22 68 91 8 20 4 65 60 44 18 15 35 21
91 400 92 62 61 1 18 14 64 55 54 14 400 400 31
401 400 401 401 402 402 401 401 401 402 401 402 400 400 401
1 1 1 1 1 1 1 1 0 0
1 0 0 1 1 1 1 1 1 1
2 1 0 1 1 0 0 0 0 0
1 1 1 1 1 0 0 0 0 0
1 1 0 1 0 0 0 0 0 0
1 1 0 1 1 1 1 1 1 1
1 1 1 1 1 1 1 1 0 0
1 1 0 0 0 0 0 0 0 0
1 1 0 0 0 0 0 0 0 0
1 1 1 1 1 1 1 0 0 0
Maze 13
117 100 3.0606060606 2.2112130952 104 0.404390919904507
6 31 59 60 4 81 100 98 91 49 10 100 7 23 41 6
1 51 400 54 1 91 400 400 41 9 400 97 3 21 1
402 401 400 401 402 401 400 400 402 402 400 401 402 402 402
1 1 1 1 1 2 1 0 1 1
1 0 1 1 0 0 1 0 1 1
1 1 1 1 0 0 1 0 1 1
1 0 0 1 0 0 1 0 1 1
1 1 1 1 1 1 1 1 1 1
1 1 1 1 1 1 1 1 1 1
1 0 0 0 0 0 1 0 0 1
1 0 0 0 0 0 1 0 0 1
1 0 0 0 0 0 1 0 0 1
1 1 1 1 1 1 1 1 1 1
Maze 14
95 395 3.5319148936 1.9573778649 54 0.373702410207945
98 23 99 40 97 69 75 94 33 47 56 36 24 85 25 98
93 93 39 37 67 65 74 93 43 46 400 34 84 400 95
401 401 402 402 402 402 402 401 401 402 400 401 401 400 401
0 0 0 0 0 0 0 0 0 0
0 0 0 0 0 0 0 0 0 0
0 0 1 1 1 0 0 0 0 0
0 0 1 1 1 1 1 1 1 1
0 0 1 1 1 1 1 0 1 0
0 0 1 1 1 1 1 0 1 0
0 0 1 1 1 1 1 1 1 0
0 0 1 1 1 0 1 0 1 0
0 0 1 1 1 0 1 0 1 0
0 0 1 1 1 1 1 2 1 0
Maze 15
109 12 3.2083333333 1.8277255548 92 0.394587378573373
13 41 7 66 76 93 89 89 13 31 87 43 79 11 65 13
11 1 6 400 73 83 400 83 11 81 83 73 71 61 63
402 402 402 400 402 402 400 401 402 401 401 401 401 401 401
1 1 1 1 1 1 1 0 0 0
1 1 2 0 0 1 0 0 0 0
1 0 1 0 0 1 0 0 0 0
1 0 1 0 0 1 0 0 0 0
1 0 1 0 0 1 0 0 0 0
1 0 1 0 0 1 0 0 0 0
1 1 1 1 1 1 0 0 0 0
1 1 1 1 1 1 1 1 1 0
1 1 1 1 1 1 1 1 1 0
0 0 1 0 0 0 0 0 0 0
Maze 16
69 31 3.0000000000 1.9836631331 16 0.367414000231612
27 38 17 43 24 63 40 47 37 50 19 74 84 79 46 27
37 37 13 23 23 33 37 400 47 49 14 400 74 76 26
401 401 402 402 402 402 402 400 401 401 402 400 402 401 402
0 0 0 0 0 0 0 0 0 0
0 0 1 1 1 1 1 1 1 0
0 0 1 1 0 1 2 0 1 0
0 0 1 1 1 1 1 1 1 1
0 0 1 1 0 1 1 1 1 1
0 0 1 1 0 1 0 0 0 0
0 0 1 1 0 1 0 0 0 0
0 0 0 1 1 1 1 1 1 0
0 0 0 1 0 0 0 0 0 0
0 0 0 0 0 0 0 0 0 0
Maze 17
87 140 2.8000000000 2.2046400587 56 0.365201502868645
64 35 79 18 29 1 35 58 60 96 54 63 98 39 73 64
34 75 78 28 21 31 55 400 56 94 53 93 38 33 63
402 401 401 401 401 401 401 400 402 401 402 401 402 402 402
1 0 0 0 0 0 0 0 0 0
1 0 0 0 0 0 0 1 0 0
1 1 1 1 1 1 1 1 1 0
1 1 1 1 1 1 1 1 1 0
0 0 1 1 1 0 0 1 0 0
0 0 1 1 1 1 1 1 1 1
0 0 1 2 1 1 0 1 0 0
0 0 1 1 1 1 1 1 1 0
0 0 1 1 0 1 0 1 0 0
0 0 1 1 1 1 1 1 0 0
Maze 18
89 111 3.3200000000 2.1463343897 39 0.402876910849806
49 24 57 53 35 71 42 99 44 66 29 59 57 43 12 49
44 54 400 33 31 41 92 94 64 26 400 400 53 42 42
401 401 400 402 402 402 401 401 401 402 400 400 401 401 401
0 0 0 0 0 0 0 0 0 0
0 1 0 0 0 0 0 0 0 0
0 1 0 1 0 1 1 1 1 0
1 1 1 1 1 1 0 0 1 0
1 1 1 1 1 1 1 1 2 0
1 1 1 1 1 1 1 1 1 0
1 1 0 1 1 1 0 0 0 0
1 1 0 1 0 0 0 0 0 0
0 1 0 1 0 0 0 0 0 0
0 1 1 1 1 1 1 1 1 0
Maze 19
83 156 3.2083333333 2.1738157887 19 0.385718792549971
39 54 52 92 65 99 54 29 85 81 63 73 40 58 46 39
34 400 400 62 95 94 24 25 400 61 400 33 38 56 36
402 400 400 402 401 401 402 402 400 402 400 402 402 401 402
0 0 0 0 0 0 0 0 0 0
0 0 0 0 0 0 0 0 0 0
0 0 0 1 1 1 1 1 1 0
0 0 1 1 1 1 1 1 2 1
0 0 1 1 1 1 0 1 0 0
0 1 1 1 1 1 1 1 0 0
1 1 1 1 1 0 0 0 0 0
1 1 1 1 1 0 0 0 0 0
1 1 1 1 1 0 0 0 0 0
0 1 0 1 1 1 1 1 1 0
Maze 20
103 67 3.3191489362 1.8323485676 71 0.393638514746714
16 52 66 82 47 43 19 68 12 68 84 74 37 89 44 16
12 62 62 42 400 13 18 62 62 64 400 34 87 84 14
402 401 402 402 400 402 402 401 401 402 400 402 401 401 402
0 0 0 0 0 0 0 0 0 0
0 1 1 1 1 2 1 1 1 0
0 1 1 1 0 0 0 1 0 0
0 1 1 1 1 1 1 1 0 0
0 1 1 1 1 1 1 1 0 0
0 1 0 1 0 0 1 1 0 0
0 1 1 1 1 1 1 1 0 0
0 1 0 1 0 0 1 0 0 0
0 1 0 1 1 1 1 1 1 0
0 0 0 0 0 0 0 0 0 0
Maze 21
107 15 3.4400000000 1.9605856027 90 0.390914040527644
41 19 92 25 27 54 33 2 54 77 42 86 92 79 29 41
11 12 22 400 24 53 32 52 74 72 82 82 72 400 21
402 402 402 400 402 401 401 401 401 401 401 402 402 400 402
0 1 0 0 0 0 0 0 0 0
1 1 1 1 1 1 1 1 1 0
1 1 1 1 1 1 1 1 1 0
1 1 1 1 0 0 0 0 1 0
2 1 1 1 0 0 0 0 1 0
0 1 1 1 0 0 0 0 1 0
0 1 0 1 0 0 0 0 1 0
0 1 1 1 1 1 1 1 1 0
0 1 1 1 1 1 0 0 0 0
0 1 0 0 0 0 0 0 0 0
Maze 22
85 30 3.4222222222 2.0594959628 56 0.401751596509709
55 5 28 61 41 8 46 96 38 27 34 17 6 60 85 55
400 25 21 400 1 6 400 36 37 24 14 16 56 55 400
400 401 402 400 402 402 400 402 401 402 402 401 401 402 400
1 1 1 1 1 1 1 1 0 0
1 0 0 1 1 1 1 0 0 0
1 1 1 1 1 1 1 1 0 0
1 0 0 1 1 1 1 1 0 0
1 0 0 0 1 1 0 0 0 0
1 0 0 0 2 1 1 1 1 1
1 0 0 0 1 1 0 0 0 0
0 0 0 0 1 1 0 0 0 0
0 0 0 0 1 1 0 0 0 0
0 0 0 0 0 1 0 0 0 0
Maze 23
117 571 3.1290322581 2.1442119026 127 0.379212424754148
10 11 94 88 34 29 53 59 31 77 56 6 37 61 96 10
1 91 84 84 24 23 400 51 71 76 400 36 31 91 6
402 401 402 401 402 402 400 401 401 401 400 401 402 401 402
1 1 1 1 1 1 1 1 1 2
1 0 0 0 0 1 0 0 0 0
1 0 1 1 1 1 1 1 1 0
1 1 1 1 1 1 1 0 0 0
1 0 1 1 0 1 0 0 0 0
1 1 1 1 1 1 1 1 1 0
1 0 0 1 0 1 0 0 0 0
1 1 1 1 1 1 1 0 0 0
1 0 0 1 1 1 1 1 0 0
1 1 1 1 1 1 0 0 0 0
Maze 24
77 43 2.9411764706 2.2755603531 21 0.382697513686780
92 17 16 10 18 97 88 86 31 21 22 52 58 24 37 92
12 400 6 8 17 87 400 81 400 400 400 400 54 34 32
402 400 402 402 402 402 400 401 400 400 400 400 401 401 402
0 0 0 0 0 1 1 1 1 1
0 1 1 1 1 1 1 1 0 0
1 1 0 1 0 0 1 0 0 0
1 1 1 1 1 1 1 0 0 0
1 1 0 1 0 0 1 0 0 0
1 1 1 1 1 1 1 1 0 0
1 1 0 0 0 0 1 0 0 0
1 1 0 0 0 0 1 0 0 0
1 1 1 1 1 1 1 1 0 0
0 2 0 0 0 0 1 0 0 0
Maze 25
101 192 2.8235294118 2.3362168682 77 0.371847331695770
74 17 49 66 70 19 79 52 25 54 96 88 8 71 48 74
14 47 46 400 69 400 72 22 24 94 86 400 1 41 44
402 401 402 400 401 400 401 402 402 401 402 400 402 402 402
1 1 1 1 1 1 1 1 0 0
1 0 0 1 1 1 1 1 1 0
1 1 1 1 1 0 1 1 1 0
1 1 0 1 0 0 1 1 1 0
1 1 1 1 1 1 1 1 1 0
1 1 0 1 0 1 0 1 1 0
1 1 0 1 0 1 1 1 1 1
1 1 1 2 1 1 1 1 1 0
0 0 0 1 0 1 1 1 0 0
0 0 0 1 1 1 0 0 0 0
Maze 26
89 72 3.3488372093 1.9137375797 41 0.413495202796633
8 85 61 87 73 57 93 75 98 68 75 56 98 8 35 8
5 81 81 83 53 53 73 95 400 65 55 96 400 5 5
402 401 401 401 402 402 402 401 400 402 402 401 400 402 402
0 0 0 0 1 1 1 2 0 0
0 0 0 0 1 0 0 1 0 0
0 0 0 0 1 0 0 1 0 0
0 0 0 0 1 0 0 1 0 0
0 0 0 0 1 0 0 1 0 0
0 0 1 1 1 1 1 1 0 0
1 0 1 0 1 1 1 1 0 0
1 0 1 1 1 1 0 1 0 0
1 1 1 1 1 1 1 1 0 0
0 0 1 0 1 1 1 1 0 0
Maze 27
109 131 3.4814814815 2.0390090268 105 0.378746228701256
21 30 83 76 20 32 96 2 72 61 11 45 53 82 35 21
400 23 73 16 12 92 92 400 71 400 41 43 52 32 31
400 402 402 402 402 401 401 400 401 400 401 402 402 402 401
0 1 0 0 0 0 0 0 0 0
1 1 1 1 1 1 1 1 1 1
2 1 1 1 1 1 1 1 1 1
1 1 1 1 1 1 0 0 0 0
1 1 1 1 1 1 0 0 0 0
1 1 1 0 0 1 0 0 0 0
1 1 1 0 0 1 0 0 0 0
1 1 1 1 1 1 0 0 0 0
0 1 1 0 0 0 0 0 0 0
0 1 1 1 1 1 0 0 0 0
Maze 28
93 21 3.3200000000 2.1132910682 50 0.384076808782103
86 5 16 9 11 85 85 87 91 45 6 83 5 16 49 86
85 15 6 1 81 400 400 81 41 5 3 3 15 46 46
401 401 402 402 401 400 400 402 402 402 402 402 401 401 402
1 1 1 1 1 1 1 1 1 0
1 0 1 0 1 1 0 0 0 0
1 0 1 0 1 1 0 0 0 0
1 0 1 0 1 1 0 0 0 0
1 1 1 1 1 1 1 1 1 0
1 0 1 0 1 1 0 0 0 0
1 0 1 0 1 1 0 0 0 0
1 0 1 0 1 1 0 0 0 0
1 1 1 1 1 2 1 0 0 0
1 0 0 0 0 0 0 0 0 0
Maze 29
101 108 3.4800000000 2.0508544969 77 0.383556739217976
2 50 69 45 89 46 89 43 18 12 67 53 72 23 7 2
42 49 65 85 86 86 83 13 400 62 63 52 22 3 400
401 402 401 401 401 401 401 402 400 401 401 402 402 402 400
0 2 1 1 1 1 1 0 0 0
0 1 1 1 1 1 1 1 0 0
0 1 1 0 0 0 0 0 0 0
0 1 1 0 0 0 0 0 0 0
0 1 1 1 1 1 1 1 1 1
0 1 1 0 1 1 0 0 1 0
0 1 1 1 1 1 1 1 1 0
0 1 1 0 1 1 0 0 0 0
0 0 1 1 1 1 1 1 1 0
0 0 0 0 0 0 0 0 0 0
Maze 30
127 216 3.2903225806 1.9723399296 210 0.385178417974132
5 89 40 66 12 89 21 53 11 86 58 29 92 36 2 5
85 39 36 62 82 81 51 51 81 56 28 22 32 32 400
401 402 402 401 401 401 401 401 401 402 402 402 402 401 400
0 1 1 1 2 0 0 0 0 0
1 1 0 0 1 0 0 0 0 0
1 1 1 1 1 1 1 1 1 0
1 1 1 1 1 1 1 1 1 1
1 1 0 0 1 1 0 1 1 0
1 1 1 0 1 1 1 1 1 0
1 1 1 1 1 1 0 0 1 0
1 1 0 0 1 1 0 0 1 0
1 1 1 1 1 1 1 1 1 0
0 1 0 0 0 0 0 0 0 0
Maze 31
79 35 2.5862068966 2.3311831654 26 0.379731240023828
100 68 68 94 18 9 90 99 90 74 12 22 53 6 90 100
98 400 64 14 8 89 89 89 84 72 400 52 3 86 400
401 400 402 402 402 401 402 402 401 401 400 401 402 401 400
0 0 1 1 1 1 0 1 1 0
0 1 1 1 1 1 1 1 1 0
0 1 1 1 0 1 0 0 1 0
0 1 1 1 0 1 0 0 1 0
0 1 1 1 0 1 0 0 1 0
0 1 1 1 0 1 0 0 1 0
0 1 0 1 1 1 1 1 1 0
0 1 1 1 0 1 0 1 1 0
0 0 0 1 1 1 1 1 1 1
0 0 0 1 0 0 0 1 1 2
Maze 32
69 31 3.0000000000 1.9836631331 20 0.384043526931218
3 44 58 48 55 48 77 15 16 5 76 35 70 79 19 3
43 54 400 45 45 47 75 400 15 75 75 65 69 400 13
401 401 400 402 402 402 401 400 401 401 401 401 402 400 401
0 0 2 0 1 0 0 0 0 0
0 0 1 1 1 1 1 1 1 0
0 0 1 0 1 0 0 0 1 0
0 0 1 0 1 0 0 0 1 0
0 0 1 1 1 1 1 1 1 0
0 0 0 1 1 1 1 1 1 0
0 0 0 0 1 1 1 1 1 1
0 0 0 0 1 1 1 0 1 0
0 0 0 0 0 0 0 0 0 0
0 0 0 0 0 0 0 0 0 0
Maze 33
105 491 3.3333333333 2.1764155732 120 0.386024913755228
1 45 65 70 17 42 21 16 94 49 93 4 19 29 65 1
41 400 400 67 12 41 11 14 44 43 3 14 400 25 61
401 400 400 401 402 401 402 402 402 402 402 401 400 402 401
2 0 1 1 0 0 0 0 0 0
1 1 1 1 1 1 1 1 1 0
1 1 1 1 1 1 1 1 1 0
1 1 1 1 1 0 1 0 0 0
1 1 1 1 1 1 1 1 1 0
1 0 1 1 1 0 1 0 0 0
1 1 1 1 1 1 1 1 1 1
0 0 1 1 0 0 0 0 0 0
0 0 1 1 0 0 0 0 0 0
0 0 1 1 0 0 0 0 0 0
Maze 34
87 104 2.8750000000 2.0970076991 29 0.405042527140987
20 21 41 6 2 72 1 1 32 95 95 27 51 12 37 20
11 400 1 400 400 71 400 31 92 400 25 21 11 32 17
402 400 402 400 400 401 400 401 401 400 402 402 402 401 402
1 1 1 1 1 1 0 0 0 0
1 1 1 1 1 1 1 1 1 2
1 1 1 1 1 1 1 0 0 0
1 1 1 1 1 1 1 0 0 0
1 1 0 0 1 0 0 0 0 0
1 1 0 0 1 0 0 0 0 0
1 1 0 0 1 0 0 0 0 0
1 1 0 0 1 0 0 0 0 0
0 1 0 0 1 0 0 0 0 0
0 1 1 1 1 0 0 0 0 0
Maze 35
91 107 3.3488372093 1.8802375552 56 0.394483697861369
75 12 66 59 12 56 56 69 56 30 89 18 76 63 68 75
72 62 56 52 52 400 66 66 26 29 88 16 73 400 65
401 401 402 401 401 400 401 401 402 402 401 402 401 400 402
0 0 0 0 0 0 0 0 0 0
0 1 0 0 0 1 1 1 0 0
0 1 0 0 0 1 1 1 1 1
0 1 0 0 0 1 0 1 1 0
0 1 0 0 0 1 0 1 1 0
0 1 1 1 1 1 1 1 1 0
0 1 1 1 1 1 1 1 1 0
0 1 1 1 2 1 0 1 1 0
0 0 0 0 0 0 0 1 1 0
0 0 0 0 0 0 0 0 0 0
Maze 36
99 40 3.2307692308 2.0859079180 65 0.407787719978936
9 25 51 42 43 28 4 75 52 89 56 68 92 25 62 9
5 21 41 400 23 24 74 72 82 86 66 62 22 22 2
402 402 402 400 402 401 401 401 401 401 401 402 402 402 402
0 1 1 1 1 1 1 1 2 0
0 1 0 1 1 0 0 0 0 0
1 1 1 1 1 1 1 1 0 0
1 1 1 1 0 0 0 0 0 0
1 1 1 1 0 0 0 0 0 0
1 1 0 1 0 1 0 0 0 0
0 1 1 1 1 1 1 1 0 0
0 1 1 1 1 1 0 0 0 0
0 1 1 1 1 1 1 1 1 0
0 1 0 0 0 0 0 0 0 0
Maze 37
79 177 2.7755102041 2.1998489026 35 0.386766176391748
38 60 100 78 78 63 37 33 34 89 18 77 42 49 88 38
58 400 98 400 73 33 400 400 84 88 17 72 400 48 400
401 400 401 400 401 402 400 400 401 401 402 401 400 402 400
0 0 0 0 0 0 0 0 0 0
0 0 0 0 0 0 1 1 0 0
0 0 0 0 0 0 1 1 0 0
0 0 1 1 1 1 1 2 0 0
0 1 1 1 1 1 1 1 1 0
0 1 1 1 0 0 1 1 1 1
0 1 1 1 0 0 1 1 0 1
0 1 1 1 1 1 1 1 0 1
0 0 0 1 1 1 1 1 1 1
0 0 0 0 0 0 0 1 1 1
Maze 38
89 104 3.0212765957 1.9444185697 36 0.399495779843022
86 75 94 12 67 88 42 36 69 12 18 48 65 36 89 86
85 74 92 62 87 82 32 66 62 400 400 45 35 86 400
401 402 401 401 401 401 402 401 401 400 400 402 402 401 400
0 0 0 0 0 0 0 0 0 0
0 1 1 1 1 1 1 1 0 0
0 1 0 0 0 0 0 1 0 0
0 1 1 1 1 1 0 1 0 0
0 1 0 0 1 1 1 1 0 0
0 1 0 0 1 1 0 0 0 0
0 1 1 1 1 1 1 1 1 0
0 1 0 1 1 1 1 0 0 0
0 1 1 1 1 2 1 1 1 0
0 1 1 1 0 0 0 0 0 0
Maze 39
107 181 3.3548387097 2.2717751096 98 0.391732300138015
42 64 87 42 40 6 96 31 77 24 15 34 12 53 9 42
62 84 82 32 36 400 91 71 74 14 14 32 52 3 2
401 401 401 402 401 400 401 401 401 402 402 401 401 402 402
0 1 1 1 1 1 1 1 1 0
0 1 1 1 1 1 0 0 0 0
0 1 1 1 0 1 0 0 0 0
1 1 1 1 1 1 1 1 1 1
1 2 1 1 0 1 0 0 0 0
1 1 1 1 0 1 0 0 0 0
1 1 1 1 0 1 0 0 0 0
1 1 1 1 1 1 1 0 0 0
1 1 1 1 1 1 1 0 0 0
1 1 1 1 1 1 0 0 0 0
Maze 40
93 78 2.8666666667 2.2130222928 35 0.405068203305419
47 60 53 58 91 96 64 77 12 23 9 100 36 79 48 47
57 400 400 51 400 94 74 72 22 3 99 96 76 78 400
401 400 400 402 400 401 401 401 401 402 401 401 401 401 400
0 0 1 1 1 1 1 1 1 0
0 1 1 0 0 0 0 0 1 0
0 1 1 0 0 0 0 0 1 0
0 1 0 0 0 1 0 0 1 0
0 1 0 0 0 1 2 1 1 0
1 1 1 1 1 1 1 1 1 1
1 1 0 1 0 1 0 1 1 0
1 1 1 1 1 1 1 1 1 0
1 0 0 1 0 1 0 0 1 0
1 1 1 1 1 1 1 1 1 1
Maze 41
109 188 3.0169491525 2.0128806429 104 0.382967465170949
31 27 10 36 10 65 3 44 48 95 98 48 10 83 89 31
21 7 6 6 5 63 43 400 45 400 400 8 3 400 81
402 402 402 402 402 401 401 400 402 400 400 402 402 400 401
0 0 1 1 1 1 1 1 1 1
0 0 1 0 1 1 1 1 0 0
1 1 1 1 1 1 1 1 0 0
2 0 1 0 1 1 0 1 0 0
1 0 1 1 1 1 1 1 0 0
1 0 1 0 1 0 0 1 0 0
1 0 1 1 1 0 0 1 0 0
1 0 1 0 1 0 0 1 0 0
1 1 1 1 1 1 1 1 1 0
0 0 0 0 1 1 1 1 0 0
Maze 42
79 19 2.6909090909 2.3126794439 35 0.351513899469676
62 89 8 63 51 95 73 84 77 75 77 25 48 22 33 62
82 88 3 61 91 93 83 74 400 400 75 45 42 32 32
401 401 402 401 401 401 401 402 400 400 401 401 401 401 402
0 0 1 1 1 1 1 1 0 0
0 0 1 0 0 0 0 1 0 0
0 1 1 0 1 0 0 1 0 0
0 1 1 0 1 0 0 1 0 0
0 1 1 1 1 1 1 1 0 0
1 1 1 0 1 0 0 1 0 0
1 2 1 0 1 0 0 1 0 0
1 1 1 1 1 1 1 1 0 0
1 1 1 1 1 1 1 1 1 0
1 1 1 1 1 0 0 0 0 0
Maze 43
69 70 3.1578947368 1.9635343236 11 0.402073082042042
41 4 25 69 88 56 70 68 86 65 95 15 57 78 63 41
1 24 65 68 86 66 400 66 85 400 400 55 77 73 61
402 401 401 402 401 401 400 402 401 400 400 401 401 401 401
1 1 1 1 0 0 0 0 0 0
1 0 0 1 1 0 0 0 0 0
1 0 0 1 1 0 0 0 0 0
1 0 0 0 1 0 0 0 0 0
2 0 0 0 1 0 0 0 0 0
1 0 0 0 1 1 1 0 0 0
1 1 1 0 1 1 1 1 1 1
0 0 1 1 1 1 1 1 0 0
0 0 0 0 1 1 1 1 0 0
0 0 0 0 1 0 0 0 0 0
Maze 44
99 113 3.2000000000 2.1809182432 60 0.383822017502118
71 63 69 38 51 12 34 12 65 100 2 51 54 30 55 71
61 400 68 31 11 32 32 62 95 92 1 400 24 25 51
402 400 401 402 402 401 401 401 401 401 402 400 402 402 402
1 1 0 0 0 0 0 0 0 0
1 1 0 0 0 0 0 0 0 0
1 1 0 1 1 1 1 1 1 1
1 1 1 1 1 1 1 1 0 0
1 1 0 1 1 0 0 1 0 0
1 1 1 1 1 0 0 1 0 0
1 1 1 1 1 1 1 1 1 0
2 1 0 0 1 0 0 0 0 0
0 1 0 0 1 0 0 0 0 0
0 1 1 1 1 1 1 1 1 1
Maze 45
91 188 3.2800000000 2.1598682574 33 0.379954131894313
64 94 59 34 48 67 51 41 28 25 100 21 72 54 94 64
400 54 54 44 47 61 400 21 400 95 91 71 52 400 400
400 402 401 401 402 401 400 402 400 401 401 401 402 400 400
0 0 0 0 0 0 0 0 0 0
0 0 0 0 0 0 0 0 0 0
1 1 1 1 1 1 1 1 0 0
1 0 0 1 1 0 0 0 0 0
1 0 0 1 1 1 1 1 0 0
1 1 1 1 1 1 1 1 1 0
1 1 1 2 1 1 1 0 0 0
1 1 0 1 1 0 0 0 0 0
1 0 0 1 1 0 0 0 0 0
1 1 1 1 1 1 1 1 1 1
Maze 46
111 32 3.3333333333 1.7729907766 97 0.400438109462525
19 43 95 78 81 77 11 48 73 27 28 77 71 49 34 19
13 93 75 71 71 71 41 43 23 400 27 400 41 44 14
402 401 402 402 402 401 401 402 402 400 402 400 402 401 402
0 0 0 0 0 0 0 0 0 0
1 0 1 1 1 1 1 1 2 0
1 0 1 1 1 1 1 1 0 0
1 0 1 1 0 0 1 0 0 0
1 1 1 1 1 1 1 1 1 0
1 0 1 0 0 0 1 0 0 0
1 0 1 0 0 0 1 0 0 0
1 1 1 1 1 1 1 1 0 0
1 0 1 0 1 0 0 0 0 0
0 0 1 1 1 0 0 0 0 0
Maze 47
133 105 3.1875000000 1.8640273987 131 0.403114867723230
68 61 99 33 81 99 3 13 98 35 80 34 28 32 10 68
400 91 93 31 91 93 400 93 95 75 74 24 22 2 8
400 401 401 402 401 401 400 401 401 401 401 402 402 402 402
0 1 1 1 1 1 1 1 1 1
0 1 1 0 0 0 0 1 0 0
0 1 1 1 1 1 1 1 0 0
1 1 1 1 1 0 0 1 0 0
1 0 1 1 1 0 0 1 0 0
1 0 1 1 1 0 0 1 0 0
1 1 1 1 1 1 1 2 0 0
1 0 1 1 1 1 1 1 1 1
1 0 1 0 1 0 0 0 0 0
1 1 1 1 1 1 1 1 1 0
Maze 48
87 7 3.0612244898 2.0459442717 32 0.377531596016454
31 19 8 25 72 72 38 72 53 72 22 91 84 69 73 31
11 18 5 22 400 32 32 52 52 400 21 81 64 63 71
402 401 402 402 400 402 402 402 402 400 402 402 402 402 401
0 0 0 0 1 1 1 1 0 0
1 1 1 1 1 1 1 1 1 0
1 1 1 1 1 0 0 0 0 0
2 1 1 1 1 1 1 1 0 0
1 1 0 0 0 0 0 0 0 0
1 1 1 0 0 0 0 0 0 0
1 1 1 1 1 1 1 1 1 0
1 1 1 1 0 0 0 0 0 0
1 1 1 1 0 0 0 0 0 0
1 0 0 0 0 0 0 0 0 0
Maze 49
95 32 2.8727272727 2.0895281506 56 0.380464237583719
21 17 77 94 89 61 13 51 69 20 52 55 56 96 87 21
11 400 74 84 81 11 11 61 19 12 400 400 400 86 81
402 400 402 402 401 402 402 401 402 402 400 400 400 402 401
0 0 0 0 0 0 0 0 0 0
1 1 1 1 1 1 1 1 1 1
2 1 0 0 0 0 1 0 1 0
1 1 0 0 0 0 1 0 1 0
1 1 0 0 0 0 1 0 1 0
1 1 1 1 1 1 1 0 1 0
1 1 1 1 1 1 1 1 1 0
1 0 0 1 1 1 1 0 0 0
1 1 1 1 1 1 1 1 1 0
0 0 0 1 0 1 0 0 0 0
Maze 50
97 6 3.6744186047 1.9801929812 36 0.382052312184028
87 96 5 43 63 5 78 55 95 84 10 13 8 34 70 87
86 95 3 400 3 75 75 400 94 4 3 3 4 64 67
402 401 402 400 402 401 401 400 401 402 402 402 402 401 402
0 0 1 1 1 1 1 1 1 1
0 0 1 1 1 0 0 0 0 0
0 0 1 1 1 0 0 0 0 0
0 0 1 1 1 0 0 0 0 0
0 0 1 1 1 0 0 0 0 0
0 0 1 1 1 0 0 0 0 0
0 0 1 1 1 1 1 1 1 1
0 0 0 1 1 1 1 1 0 0
0 0 0 1 1 1 2 0 0 0
0 0 0 1 1 1 0 0 0 0
Maze 51
81 246 2.8363636364 2.3140614082 35 0.371019073101102
95 64 30 79 43 47 20 17 26 46 87 21 27 44 83 95
94 24 29 73 400 17 400 16 400 86 81 400 24 43 93
401 402 402 401 400 402 400 402 400 401 401 400 402 402 401
0 0 0 0 0 0 0 0 0 0
0 0 0 0 0 1 1 1 1 1
1 1 1 1 1 1 1 1 1 1
1 0 0 1 0 1 1 0 1 0
1 0 1 1 1 1 1 0 1 0
1 0 1 1 0 1 0 0 1 0
1 0 1 1 0 1 0 0 1 0
1 0 1 1 1 1 1 1 1 0
1 1 1 1 1 1 1 0 0 0
0 0 1 1 2 0 0 0 0 0
Maze 52
91 97 2.8000000000 2.1939256689 56 0.387647893876236
67 41 73 35 88 64 37 12 6 15 29 69 41 15 70 67
61 71 33 85 84 34 32 2 5 25 400 61 11 65 400
401 401 402 401 401 402 401 402 402 401 400 401 402 401 400
0 1 1 1 1 1 0 0 0 0
1 1 1 1 1 0 0 0 0 0
1 1 0 0 1 1 1 1 1 0
1 1 1 1 1 1 1 0 1 0
1 0 1 1 1 0 0 0 1 0
1 0 1 1 1 0 0 0 1 0
1 1 1 1 1 1 2 1 1 1
1 1 1 1 1 0 0 0 0 0
0 0 0 1 1 1 1 1 0 0
0 0 0 0 0 0 0 0 0 0
Maze 53
113 279 3.8297872340 1.8706338922 105 0.386731007753638
3 57 96 74 48 85 28 24 83 59 92 43 87 15 77 3
53 56 94 44 45 25 400 23 53 52 42 83 85 75 73
401 402 401 402 402 402 400 402 402 402 402 401 401 401 401
0 0 2 0 0 0 0 0 0 0
0 0 1 0 1 0 0 0 0 0
0 0 1 1 1 1 1 1 0 0
0 0 1 0 1 0 0 0 0 0
0 1 1 1 1 1 1 1 0 0
0 1 1 1 1 1 1 1 1 0
0 1 1 1 1 1 0 0 0 0
0 1 1 1 1 1 1 0 0 0
0 1 1 1 1 1 1 0 0 0
0 1 0 1 1 1 0 0 0 0
Maze 54
111 911 3.5200000000 1.8233308686 92 0.389448049317664
75 38 23 93 28 74 4 89 7 23 67 29 43 58 88 75
35 33 400 23 24 400 84 87 3 63 27 23 53 400 85
402 401 400 402 402 400 401 401 402 401 402 402 401 400 401
0 0 1 1 1 1 1 0 0 0
0 0 1 1 0 0 1 0 0 0
0 0 1 1 1 1 1 1 1 0
0 0 1 1 1 1 1 1 0 0
0 0 1 1 1 0 1 0 0 0
0 0 1 1 1 1 1 1 0 0
0 0 1 1 1 1 1 1 0 0
0 0 1 1 2 0 1 1 0 0
0 0 1 1 1 1 1 1 1 0
0 0 1 0 0 0 0 0 0 0
Maze 55
97 1453 3.2068965517 2.2254194555 65 0.388679990269719
14 69 67 100 43 51 74 96 61 88 26 22 15 32 59 14
64 400 97 93 41 71 94 91 81 86 400 12 12 52 54
401 400 401 401 402 401 401 401 401 401 400 402 402 401 401
0 0 0 0 0 0 0 0 0 0
0 1 1 2 1 0 0 0 0 0
0 1 1 1 1 1 0 0 0 0
0 1 0 1 0 1 0 0 0 0
1 1 1 1 0 1 0 0 0 0
1 1 1 1 1 1 1 1 1 0
1 0 1 1 1 1 1 1 1 0
1 1 1 1 0 1 1 0 0 0
1 1 1 1 1 1 1 1 0 0
1 1 1 1 1 1 1 1 1 1
Maze 56
119 23 3.8260869565 1.7071828790 114 0.378754097823712
78 74 12 40 35 40 72 54 2 4 91 33 89 91 1 78
400 72 32 400 400 32 52 52 400 1 31 83 81 400 71
400 401 401 400 400 402 402 401 400 402 402 401 402 400 401
1 1 1 1 0 0 0 0 0 0
1 1 0 0 0 0 0 0 0 0
1 1 0 0 0 0 0 0 0 0
1 1 1 1 1 1 1 1 1 1
1 1 1 0 0 0 0 0 0 0
1 1 1 1 0 0 0 0 0 0
1 1 1 0 0 0 0 0 0 0
1 1 1 1 1 1 1 2 0 0
1 1 1 1 1 1 1 1 1 0
1 0 0 0 0 0 0 0 0 0
Maze 57
95 810 3.3913043478 2.0119403039 77 0.388088560025410
71 54 8 41 75 81 42 83 29 23 62 41 47 26 1 71
51 4 1 71 71 41 82 23 400 22 61 400 46 21 400
402 402 402 401 402 402 401 402 400 402 401 400 401 401 400
1 1 1 1 1 1 1 1 0 0
1 0 0 1 0 0 0 0 0 0
1 1 1 1 1 1 1 1 1 0
1 1 1 1 0 1 0 0 0 0
1 1 1 1 1 1 1 0 0 0
1 1 1 1 0 0 0 0 0 0
1 1 1 0 0 0 0 0 0 0
2 1 1 1 1 0 0 0 0 0
1 1 1 0 0 0 0 0 0 0
0 0 0 0 0 0 0 0 0 0
Maze 58
95 7 3.1818181818 1.7762415771 77 0.389712385495962
66 4 30 29 61 51 29 22 65 64 45 79 95 42 29 66
64 24 400 21 400 21 400 62 400 44 75 75 92 22 26
401 401 400 402 400 402 400 401 400 402 401 402 401 402 402
0 0 0 1 0 0 0 0 0 0
0 0 0 1 0 0 0 0 0 0
1 1 1 1 1 1 1 1 1 1
1 1 0 1 0 1 0 0 0 0
1 1 0 1 1 1 0 0 0 0
1 1 0 1 1 1 0 0 0 0
1 1 1 1 1 2 0 0 0 0
0 1 0 0 1 1 1 1 1 0
0 1 0 0 1 0 0 0 0 0
0 1 1 1 1 0 0 0 0 0
Maze 59
101 48 3.1481481481 2.1584783329 77 0.388328905776340
55 97 11 32 51 94 4 47 15 62 59 99 53 21 58 55
95 91 31 31 91 400 44 45 12 52 400 93 51 51 400
401 401 401 402 401 400 401 401 402 402 400 401 401 401 400
0 0 0 1 0 0 0 0 0 0
1 1 1 1 1 0 0 0 0 0
1 1 0 1 1 0 0 0 0 0
1 1 0 1 1 0 0 0 0 0
1 1 0 1 1 1 1 0 0 0
1 1 1 1 2 1 1 1 1 0
1 1 1 1 1 0 0 0 1 0
1 0 1 1 1 0 0 0 1 0
1 0 1 1 1 0 0 0 1 0
1 1 1 1 1 1 1 1 1 0
Maze 60
79 10 3.4000000000 1.9437772714 17 0.390228248271618
84 54 44 17 54 55 2 79 74 44 7 19 85 55 87 84
400 400 14 14 400 52 72 400 400 4 17 15 400 85 400
400 400 402 402 400 401 401 400 400 402 401 402 400 401 400
0 1 0 1 1 1 1 0 0 0
0 1 0 1 1 1 1 1 1 0
0 1 0 1 1 0 0 0 0 0
0 1 0 1 1 0 0 0 0 0
0 1 0 1 1 0 0 0 0 0
0 1 1 1 1 0 0 0 0 0
0 1 0 1 1 0 0 0 0 0
0 1 1 1 1 1 1 1 1 0
0 0 0 2 1 1 1 0 0 0
0 0 0 0 0 0 0 0 0 0
Maze 61
101 91 3.2857142857 2.1764155732 66 0.399519918440284
62 5 16 32 23 24 100 80 13 78 7 78 57 21 27 62
2 15 12 22 400 94 400 73 73 77 77 77 51 400 22
402 401 402 402 400 401 400 401 401 401 401 401 401 400 402
0 1 1 1 1 0 1 0 0 0
0 1 1 1 1 1 1 0 0 0
1 1 1 1 1 1 1 0 0 0
1 1 1 1 0 0 1 0 0 0
1 1 1 1 0 0 1 0 0 0
1 1 1 1 1 1 1 0 0 0
0 2 1 1 0 0 1 0 0 0
0 0 1 1 1 1 1 1 1 1
0 0 0 1 0 0 0 0 0 1
0 0 0 1 1 1 1 1 1 1
Maze 62
101 2002 3.0645161290 2.2869834431 56 0.395165362018157
100 65 27 24 59 51 96 58 64 87 21 45 22 36 8 100
95 25 400 54 400 91 56 54 84 81 41 42 32 6 98
401 402 400 401 400 401 402 402 401 401 401 401 401 402 401
0 0 0 0 0 1 1 1 0 0
0 0 0 0 0 1 0 1 0 0
1 1 0 1 1 1 1 1 0 0
1 1 1 1 1 1 0 1 0 0
1 1 1 1 1 0 0 1 0 0
1 1 1 1 1 1 1 1 1 0
1 0 0 1 1 1 0 1 0 0
1 0 0 1 1 1 0 1 0 0
1 1 1 1 1 1 1 1 0 0
1 1 1 1 1 1 1 1 1 2
Maze 63
103 839 3.3076923077 1.9916832257 70 0.384884330403555
90 53 97 54 50 90 23 76 58 39 75 99 62 56 64 90
83 93 94 44 400 83 73 56 38 35 95 92 52 54 84
401 401 401 402 400 401 401 402 402 402 401 401 402 402 401
0 0 0 0 0 0 0 0 0 0
0 0 0 0 0 0 0 0 0 0
0 0 1 0 0 0 0 0 0 0
0 0 1 0 1 1 1 1 1 0
0 0 1 1 1 1 1 1 1 1
0 1 1 1 1 1 1 1 0 1
0 1 1 1 1 1 0 0 0 1
0 1 1 1 1 1 0 0 0 1
0 1 1 1 1 1 1 1 1 2
0 1 1 1 1 1 1 1 1 0
Maze 64
91 167 3.6363636364 2.0218657103 56 0.391062668934421
87 84 49 83 71 56 44 16 98 16 76 5 57 63 64 87
400 44 43 81 51 54 14 96 96 400 75 55 53 400 84
400 402 402 401 402 401 402 401 401 400 401 401 402 400 401
0 0 0 0 1 0 0 0 0 0
0 0 0 1 1 1 0 0 0 0
0 0 0 1 1 1 0 0 0 0
0 0 0 1 1 1 0 0 0 0
0 0 1 1 1 1 1 1 1 0
1 1 1 1 1 1 1 0 0 0
1 0 1 1 1 1 0 0 0 0
1 0 1 1 1 1 0 0 0 0
1 1 1 1 1 1 2 0 0 0
0 0 0 0 0 1 1 1 0 0
Maze 65
103 7 3.2222222222 2.0508544969 66 0.380943884541902
59 74 30 34 88 67 80 90 63 100 14 1 54 85 72 59
54 24 24 84 87 77 400 83 93 94 11 51 84 82 52
402 402 402 401 401 401 400 401 401 401 401 401 401 401 402
1 0 0 0 0 0 0 0 0 0
1 1 1 1 0 0 0 0 0 0
1 0 0 1 1 1 1 1 1 1
1 0 0 1 0 0 0 0 0 0
1 0 0 1 0 0 0 0 0 0
1 1 1 1 1 1 1 1 2 0
0 1 1 1 0 0 1 0 0 0
0 1 1 1 0 0 1 1 1 1
0 1 1 1 1 1 1 1 1 1
0 0 1 1 1 1 1 1 1 1
Maze 66
103 2530 3.1875000000 2.3995559103 77 0.396547836718996
63 37 28 87 66 4 71 16 79 8 30 39 84 85 8 63
33 27 27 86 64 1 11 76 78 28 29 34 400 5 3
402 402 402 401 401 402 402 401 401 401 402 402 400 402 402
1 1 1 1 1 1 1 1 0 0
1 1 1 1 1 1 0 1 0 0
1 0 1 1 1 1 1 1 1 1
1 0 1 1 1 1 1 1 1 0
1 0 1 1 1 1 1 1 0 0
1 0 1 1 1 1 1 1 0 0
1 0 2 1 1 1 1 1 0 0
1 0 0 1 1 1 1 1 1 0
0 0 0 1 1 1 1 0 0 0
0 0 0 0 0 0 0 0 0 0
Maze 67
117 39 3.2222222222 1.8415593512 112 0.393361062407614
87 63 70 62 51 35 5 41 70 73 40 75 20 2 40 87
83 400 400 61 31 400 1 61 63 33 35 15 12 32 37
401 400 400 401 402 400 402 401 402 402 402 402 401 401 402
1 1 1 1 1 0 0 0 0 0
1 1 1 1 1 1 1 1 1 1
1 1 0 0 1 0 0 0 0 0
1 1 1 1 1 1 1 1 1 1
1 0 1 0 1 0 1 0 0 0
1 0 1 0 1 0 1 0 0 0
1 1 1 1 1 1 1 1 1 1
0 0 1 0 1 0 1 0 0 0
0 0 1 1 1 1 2 0 0 0
0 0 0 0 0 0 0 0 0 0
Maze 68
99 20 3.4117647059 2.1296986218 65 0.405323058734289
84 54 91 56 84 81 41 82 16 69 46 60 63 24 10 84
400 51 51 54 400 400 81 12 66 66 56 53 23 4 4
400 402 402 402 400 400 401 402 401 401 401 402 402 402 402
0 0 0 1 1 1 1 1 1 1
0 1 1 1 1 1 0 0 0 0
0 1 1 1 0 1 0 0 0 0
0 1 1 1 0 1 0 0 0 0
1 1 1 1 0 1 0 0 0 0
1 1 1 1 1 1 1 1 1 1
1 1 1 1 0 1 1 1 1 0
1 1 0 1 0 0 0 0 0 0
1 1 1 2 0 0 0 0 0 0
1 0 0 0 0 0 0 0 0 0
Maze 69
109 61 3.6363636364 2.1064880490 98 0.400680705726767
90 74 25 40 24 96 51 88 13 98 87 70 56 61 60 90
84 24 35 34 94 91 81 83 93 97 67 66 51 51 400
401 402 401 401 401 401 401 401 401 401 402 401 402 402 400
0 0 0 0 0 0 0 0 0 0
0 0 1 0 0 0 0 0 0 0
0 0 1 1 1 0 0 0 0 0
0 0 1 1 1 1 1 1 1 1
0 0 1 1 0 0 0 0 0 0
1 1 1 1 1 1 1 1 1 1
1 0 1 1 0 1 1 1 1 1
1 0 1 1 0 0 1 0 0 1
1 1 1 1 1 1 1 1 1 2
1 1 1 1 1 1 1 1 0 0
Maze 70
95 113 2.9152542373 2.2977914067 77 0.376438648089566
77 99 49 96 62 39 36 72 23 20 33 57 30 20 85 77
97 400 46 92 32 400 32 22 13 13 53 27 400 15 75
401 400 402 401 402 400 402 402 402 402 401 402 400 402 402
0 0 0 0 0 0 0 0 0 0
0 0 1 1 1 1 1 1 1 1
0 1 1 0 1 0 1 1 1 1
0 1 1 1 1 1 1 1 1 0
0 1 1 0 1 1 1 1 1 0
0 1 1 1 1 1 1 0 1 0
0 1 0 0 1 1 0 0 1 0
0 1 0 0 1 1 2 0 1 0
0 1 0 0 1 1 1 0 1 0
0 1 1 1 1 1 1 1 1 0
Maze 71
107 24 3.2830188679 2.0675947945 84 0.391516499801249
93 95 82 71 17 49 94 72 90 92 38 34 99 93 21 93
400 92 81 11 47 44 92 82 82 32 400 94 400 91 91
400 401 401 402 401 402 401 401 402 402 400 401 400 401 401
0 0 0 0 0 0 0 0 0 0
1 1 1 1 1 1 1 0 0 0
1 0 0 0 0 0 1 0 0 0
1 1 1 1 1 1 1 1 0 0
1 1 0 1 1 1 1 1 1 0
1 1 0 1 0 0 0 0 0 0
1 1 0 1 0 0 0 0 0 0
1 1 0 1 0 0 0 0 0 0
1 1 1 1 1 1 1 1 1 1
1 1 2 1 1 1 1 1 1 0
Maze 72
79 795 3.0000000000 2.2951272869 35 0.355080096904754
77 50 63 55 62 67 78 83 85 10 15 21 73 53 36 77
47 43 53 52 400 77 73 400 5 5 11 71 400 33 76
402 402 402 402 400 401 402 400 402 402 402 401 400 402 401
0 0 0 0 1 1 1 1 1 1
1 1 1 1 1 0 0 0 0 0
1 0 0 0 1 0 0 0 0 0
1 0 1 1 1 1 0 0 0 0
1 0 1 1 1 1 1 1 1 1
1 1 1 1 1 1 1 0 0 0
1 1 1 1 1 1 1 0 0 0
1 1 1 1 1 1 2 1 0 0
0 0 1 1 1 0 0 0 0 0
0 0 0 0 0 0 0 0 0 0
Maze 73
77 349 2.8846153846 2.2573145664 35 0.373050138268969
70 49 64 64 75 18 79 1 15 6 48 18 22 22 44 70
69 44 400 74 15 78 71 11 5 46 400 12 400 42 64
401 402 400 401 402 401 401 401 402 401 400 402 400 401 401
1 0 0 0 1 1 0 0 0 0
1 1 1 1 1 1 1 1 0 0
1 1 0 0 1 1 0 1 0 0
1 1 0 0 1 1 0 1 0 0
1 1 1 1 1 1 1 1 1 0
1 0 0 1 1 0 0 1 1 0
1 0 0 1 1 1 1 1 1 2
1 1 1 1 1 1 1 1 1 0
0 0 0 0 0 0 0 0 0 0
0 0 0 0 0 0 0 0 0 0
Maze 74
105 51 2.9655172414 2.1433758999 98 0.388508034445869
26 61 20 9 26 44 11 16 86 10 10 14 99 29 53 26
21 11 19 6 24 41 400 400 6 400 4 94 400 23 23
402 402 401 402 402 401 400 400 402 400 402 401 400 402 402
0 0 0 1 1 1 1 1 1 1
1 1 1 1 1 1 1 1 1 1
1 1 1 1 1 2 1 1 1 0
1 0 1 1 0 1 0 0 1 0
1 1 1 1 0 1 0 0 1 0
1 0 1 1 0 1 0 0 1 0
1 0 0 1 0 1 0 0 1 0
0 0 0 1 0 1 0 0 1 0
0 0 0 1 0 1 0 0 1 0
0 0 0 1 1 1 1 1 1 0
Maze 75
103 40 2.8666666667 2.1433758999 49 0.376240542138191
70 68 62 9 66 14 57 69 8 21 77 89 55 69 35 70
400 400 2 6 64 54 67 68 1 71 87 85 65 65 65
400 400 402 402 401 401 401 401 402 401 401 401 401 401 401
1 1 1 1 1 1 1 1 1 0
1 1 0 1 0 1 0 1 0 0
1 1 0 1 0 1 0 1 0 0
1 1 0 1 1 1 0 1 0 0
1 1 0 1 1 1 0 1 0 0
1 1 0 1 1 1 1 1 0 0
1 1 1 1 1 1 1 1 1 2
1 1 1 1 1 1 1 0 0 0
0 0 0 0 1 1 1 1 1 0
0 0 0 0 0 0 0 0 0 0
Maze 76
121 643 2.7631578947 2.2509419485 106 0.369304349476047
99 91 88 100 34 42 75 47 70 40 72 79 10 81 7 99
400 81 98 94 32 72 45 67 400 32 400 9 1 1 97
400 402 401 401 402 401 402 401 400 402 400 402 402 402 401
1 1 1 1 1 1 1 1 1 1
1 0 0 0 0 0 1 0 1 0
1 0 0 0 0 0 1 0 1 0
1 1 1 1 1 1 1 1 1 1
1 1 0 1 1 1 1 0 1 1
1 1 0 1 1 0 1 0 1 1
1 1 0 1 1 0 1 1 1 1
1 1 1 1 1 1 1 1 1 0
1 1 1 1 1 1 1 1 0 0
1 1 1 1 1 1 1 1 2 1
Maze 77
89 562 2.5614035088 2.0939892289 50 0.380903470858303
40 48 94 98 39 29 64 87 23 5 67 40 50 90 33 40
38 44 400 38 400 24 84 83 3 65 37 400 400 83 400
402 402 400 402 400 402 401 401 402 401 402 400 400 401 400
0 0 1 1 1 0 0 0 0 0
0 0 1 0 1 0 0 0 0 0
0 0 1 1 1 1 1 1 1 0
0 0 1 1 1 1 1 1 1 2
0 0 1 1 1 1 1 1 0 1
0 0 1 1 1 0 1 1 0 1
0 0 1 1 1 1 1 1 0 1
0 0 1 1 0 0 0 1 0 1
0 0 1 1 1 1 1 1 1 1
0 0 0 1 1 1 1 1 0 0
Maze 78
87 81 3.1600000000 2.1072514725 50 0.397826308235872
4 2 52 36 52 31 13 53 49 3 97 85 68 29 31 4
400 400 32 32 51 11 400 43 43 93 95 65 28 21 1
400 400 402 402 401 402 400 402 401 401 401 402 402 402 402
1 1 1 2 0 0 0 0 0 0
1 1 1 0 0 0 0 0 0 0
1 1 1 1 1 1 1 1 1 0
1 1 1 1 1 1 0 1 0 0
1 1 1 1 1 1 1 1 1 0
1 1 1 0 0 0 0 1 0 0
0 0 1 0 1 1 1 1 0 0
0 0 1 0 1 0 0 0 0 0
0 0 1 0 1 0 0 0 0 0
0 0 1 1 1 1 1 0 0 0
Maze 79
97 344 3.1379310345 2.1754232752 38 0.392868603061894
86 3 10 99 95 76 82 46 2 23 79 94 63 56 50 86
83 400 9 400 75 72 42 42 22 73 74 93 53 46 46
401 400 402 400 402 402 402 401 401 401 402 401 402 402 402
0 1 1 1 1 1 1 1 1 1
0 1 1 0 0 0 0 0 1 0
0 1 1 0 0 0 0 0 1 0
0 1 1 0 0 0 0 0 1 0
0 1 1 1 1 1 1 1 1 1
0 1 1 1 1 1 0 0 1 0
0 1 1 0 0 1 0 0 1 0
0 1 1 1 1 1 1 1 1 0
0 1 1 1 1 2 0 0 1 0
0 0 1 1 1 1 1 1 1 0
Maze 80
99 463 2.9062500000 2.2998822391 77 0.382357877212771
5 34 60 59 3 21 39 68 84 50 10 38 51 48 98 5
4 54 400 53 1 31 38 64 44 400 8 31 41 400 95
402 401 400 401 402 401 402 402 402 400 402 402 402 400 401
1 1 1 1 2 0 0 1 1 1
1 0 1 1 1 0 0 1 0 1
1 0 1 1 1 0 0 1 0 1
1 1 1 1 1 1 1 1 1 1
1 1 1 1 1 1 1 1 1 1
1 0 1 1 1 1 1 1 1 1
0 0 0 1 1 1 1 1 0 0
0 0 0 1 1 0 0 1 0 0
0 0 0 1 1 0 0 1 0 0
0 0 0 0 1 1 1 1 0 0
Maze 81
115 25 3.3103448276 2.1255964319 97 0.387835828191502
20 71 44 60 21 44 83 29 31 77 82 99 87 53 25 20
11 41 54 51 41 43 23 21 71 72 92 97 83 23 15
402 402 401 401 401 402 402 402 401 402 401 401 401 402 402
0 0 0 0 0 0 0 0 0 0
1 1 1 1 1 1 1 1 1 2
1 1 1 1 1 1 1 1 1 0
1 0 1 0 0 0 0 0 0 0
1 1 1 1 0 0 0 0 0 0
1 1 1 1 1 1 1 1 1 1
1 0 1 0 0 0 0 0 0 0
1 1 1 1 1 1 1 0 0 0
0 1 1 1 1 1 1 0 0 0
0 1 1 1 1 1 1 1 1 0
Maze 82
99 361 3.1372549020 2.0023458814 77 0.374749590481468
63 60 52 66 17 72 42 66 74 12 46 32 95 70 40 63
53 400 62 16 12 400 62 64 72 42 42 92 65 400 33
402 400 401 402 402 400 401 402 401 401 401 401 402 400 402
0 0 0 0 0 0 0 0 0 0
0 1 1 1 1 1 1 0 0 0
0 1 0 0 0 1 0 0 0 0
0 1 1 1 1 1 1 1 1 1
0 1 1 1 1 1 0 0 0 1
0 1 1 1 1 1 1 1 1 1
0 1 2 1 1 1 1 1 1 1
0 1 1 1 1 0 0 0 0 0
0 1 0 0 1 0 0 0 0 0
0 1 1 1 1 0 0 0 0 0
Maze 83
117 3229 2.9722222222 2.2866299057 124 0.394957728153191
54 80 69 54 71 8 30 90 28 5 88 51 39 22 10 54
74 79 64 51 1 28 400 88 25 85 81 31 32 2 4
401 401 401 402 402 401 400 401 401 401 401 402 401 402 402
1 1 1 1 1 1 1 1 1 1
1 1 0 1 1 0 0 1 0 0
1 1 0 1 1 1 1 1 1 1
1 1 1 1 1 1 1 1 1 1
1 0 0 1 1 0 0 1 0 1
1 1 1 2 1 0 0 1 0 1
1 0 0 1 1 1 1 1 1 1
1 0 0 1 1 1 1 1 1 1
1 1 1 1 1 1 1 1 1 1
0 0 0 0 0 0 0 0 0 0
Maze 84
101 11 3.4883720930 1.8079901486 84 0.380863876183849
13 73 95 53 13 30 12 50 39 52 30 13 69 69 52 13
400 93 93 400 23 22 42 49 32 22 23 63 400 62 12
400 401 401 400 401 401 401 401 402 402 401 401 400 401 402
0 0 0 0 0 0 0 0 0 0
0 1 2 0 0 0 0 0 0 0
0 1 1 1 1 1 1 1 1 1
0 1 1 1 1 1 1 1 1 0
0 1 1 1 1 1 1 1 1 1
0 1 1 0 0 0 0 0 0 0
0 1 1 1 1 1 1 1 1 0
0 0 1 0 0 0 0 0 0 0
0 0 1 0 0 0 0 0 0 0
0 0 1 1 1 0 0 0 0 0
Maze 85
111 141 3.8000000000 2.0080728844 91 0.387505690420267
26 43 20 96 40 31 44 59 16 43 68 44 68 27 99 26
23 13 16 36 400 41 54 56 13 63 64 64 67 97 96
402 402 402 402 400 401 401 401 402 401 401 401 401 401 401
0 0 0 0 0 0 0 0 0 0
0 0 1 1 1 1 1 1 1 1
0 0 1 1 1 2 1 0 0 0
1 1 1 1 1 1 1 1 1 1
1 1 1 1 0 1 1 0 0 0
0 0 1 1 1 1 1 1 1 0
0 0 1 1 1 1 1 1 0 0
0 0 0 0 0 1 1 0 0 0
0 0 0 0 0 1 1 0 0 0
0 0 0 0 0 1 1 1 1 0
Maze 86
107 11 3.1020408163 1.9170916252 81 0.398559502276484
56 91 4 60 32 69 67 57 95 32 82 22 60 17 59 56
51 1 54 52 62 400 400 55 92 400 400 52 57 57 400
402 402 401 401 401 400 400 402 401 400 400 401 401 401 400
1 1 1 1 0 0 0 0 0 0
1 0 0 1 0 0 1 0 0 0
1 1 0 1 0 0 1 0 0 0
1 1 0 1 0 0 1 0 0 0
1 1 0 1 0 0 1 0 0 0
1 1 1 1 1 2 1 1 1 1
1 1 1 1 1 1 1 1 1 0
1 1 0 0 1 0 0 0 0 0
1 1 0 0 1 0 0 0 0 0
1 1 1 1 1 0 0 0 0 0
Maze 87
121 67 3.1692307692 2.0189953010 148 0.390606067107547
31 15 75 39 83 18 85 5 92 97 69 30 99 61 37 31
11 400 35 33 13 15 400 2 400 67 29 29 91 31 400
402 400 402 402 402 402 400 402 400 402 402 402 401 402 400
0 1 1 1 1 0 0 0 0 0
1 1 1 1 1 1 1 1 0 0
1 1 1 0 1 0 0 0 1 1
2 1 1 1 1 1 1 1 1 0
1 1 1 0 1 0 0 0 1 0
1 1 1 0 1 0 0 0 1 0
1 1 1 0 1 0 1 1 1 0
1 1 1 0 1 0 1 0 1 0
1 1 1 0 1 0 1 0 1 0
1 1 1 1 1 1 1 1 1 0
Maze 88
93 101 3.2363636364 2.2272037317 45 0.388276637255651
24 16 63 68 56 21 48 43 81 66 61 77 63 90 100 24
14 13 400 66 51 41 400 41 61 400 71 73 83 400 94
402 402 400 401 401 401 400 402 402 400 401 401 401 400 401
0 0 0 0 0 0 0 0 0 0
0 0 1 1 1 1 0 0 0 0
1 0 1 2 0 0 0 0 0 0
1 0 1 1 0 0 0 0 0 0
1 1 1 1 1 1 1 1 0 0
1 1 1 1 1 1 0 0 0 0
1 1 1 1 1 1 1 1 0 0
1 1 1 1 1 1 1 0 0 0
1 0 1 1 1 1 1 1 1 1
0 0 0 1 1 1 1 1 1 1
Maze 89
107 108 3.3750000000 1.7878264509 97 0.382389406995734
58 85 78 22 44 36 13 75 79 41 13 71 79 18 81 58
55 75 72 42 34 33 73 400 71 11 11 400 78 11 51
402 402 401 401 402 401 401 400 401 402 402 400 401 402 402
0 0 0 0 0 0 0 0 0 0
1 1 1 1 1 1 1 1 0 0
1 1 1 0 0 0 0 1 0 0
1 1 1 1 1 1 0 1 0 0
1 1 1 1 0 0 0 1 0 0
1 1 1 1 1 1 1 2 0 0
1 1 1 0 1 0 0 1 0 0
1 1 1 1 1 1 1 1 1 0
1 0 0 0 1 0 0 0 0 0
0 0 0 0 0 0 0 0 0 0
Maze 90
109 27 3.5000000000 1.8676103523 99 0.378253836144226
41 90 72 47 89 90 92 68 95 97 27 52 57 22 86 41
81 82 42 87 400 82 62 65 400 400 22 400 52 82 81
401 401 402 401 400 402 402 402 400 400 402 400 401 401 401
0 0 0 0 0 0 0 0 0 0
0 0 0 0 0 0 0 0 0 0
0 1 1 1 1 1 1 0 0 0
0 1 0 0 0 0 1 0 0 0
2 1 1 1 1 1 1 0 0 0
1 1 1 1 1 1 1 0 0 0
1 1 1 1 1 1 1 1 0 0
1 1 0 0 1 0 1 0 0 0
1 1 1 1 1 1 1 1 1 1
0 1 0 0 1 1 1 0 0 0
Maze 91
117 35 3.5789473684 2.0331020648 133 0.381698953576317
76 66 85 69 13 98 52 50 2 62 1 83 17 70 95 76
400 65 65 63 93 92 42 42 400 61 81 13 67 65 75
400 402 402 401 401 401 402 401 400 401 401 402 401 402 402
1 1 0 0 0 0 0 0 0 0
1 1 1 1 1 1 1 0 0 0
1 1 1 0 0 0 1 0 0 0
1 1 1 0 0 0 1 0 0 0
1 1 1 1 1 1 1 1 1 1
1 1 1 0 0 0 1 0 0 0
1 1 1 1 1 1 1 1 1 1
1 1 1 0 1 2 0 0 0 0
1 1 1 0 1 0 0 0 0 0
0 1 1 1 1 1 1 1 0 0
Maze 92
99 111 3.0877192982 2.1905847852 55 0.391536114409194
45 18 49 91 69 26 1 23 22 48 96 72 17 20 68 45
15 48 41 61 66 21 21 400 42 46 92 12 400 18 65
402 401 402 402 401 401 401 400 401 402 401 402 400 402 401
1 0 0 0 0 0 0 0 0 0
1 1 1 1 1 1 1 1 1 1
1 1 1 1 1 1 0 1 0 0
0 1 0 0 1 1 0 1 0 0
1 1 1 1 2 1 1 1 1 0
1 1 0 0 1 1 0 1 0 0
1 1 1 1 1 1 1 1 1 0
1 1 0 0 0 1 0 0 0 0
1 1 0 0 0 1 0 0 0 0
1 1 1 1 1 1 0 0 0 0
Maze 93
89 39 2.9811320755 2.1387029870 41 0.403431800316521
25 71 91 80 95 31 50 49 95 97 57 80 68 29 66 25
21 400 71 75 91 41 400 45 400 400 77 78 28 26 65
402 400 402 402 401 401 400 402 400 400 401 401 402 402 401
0 0 0 0 0 0 0 0 0 0
0 0 0 0 0 0 0 0 0 0
1 1 1 1 2 1 1 1 1 0
1 0 0 0 1 1 0 1 0 0
1 1 1 1 1 1 1 1 1 1
1 0 0 0 1 1 1 1 0 0
1 0 0 0 1 1 1 1 0 0
1 1 1 1 1 1 1 1 1 1
1 0 0 0 1 0 1 0 0 0
1 1 1 1 1 1 1 0 0 0
Maze 94
103 530 3.1333333333 2.2187493950 53 0.372274136262811
92 76 30 80 12 16 62 38 27 27 31 98 15 35 13 92
72 26 400 72 400 12 32 37 400 21 91 95 400 33 12
402 402 400 401 400 402 402 401 400 402 401 401 400 401 402
0 0 0 0 0 0 0 0 0 0
0 1 1 1 1 1 0 0 0 0
1 1 1 1 1 1 1 1 1 1
1 1 1 1 1 1 1 1 0 1
1 1 0 0 1 1 0 0 0 1
1 1 0 0 1 1 0 0 0 1
1 1 0 0 1 1 0 0 0 1
1 1 1 1 1 1 1 1 1 1
1 1 0 0 1 0 0 0 0 0
1 2 1 1 1 1 1 1 0 0
Maze 95
67 62 2.7906976744 2.2029927155 13 0.372715534988406
32 25 62 65 85 98 93 14 61 52 66 17 35 22 11 32
22 22 400 400 95 400 13 11 51 62 16 15 32 21 31
402 402 400 400 401 400 402 402 402 401 402 402 401 401 401
0 0 0 0 0 0 0 0 0 0
1 1 1 1 1 1 1 0 0 0
1 1 1 1 1 1 0 0 0 0
1 2 1 1 1 1 0 0 0 0
1 1 1 0 0 1 0 0 0 0
1 1 1 0 0 1 0 0 0 0
1 1 1 1 1 1 0 0 0 0
0 0 1 0 1 0 0 0 0 0
0 0 1 0 1 0 0 0 0 0
0 0 1 1 1 1 1 1 0 0
Maze 96
89 348 3.0740740741 2.2453530182 35 0.357360029516331
65 49 66 88 8 92 42 97 66 31 84 84 58 56 52 65
45 46 86 400 2 400 92 96 61 81 400 54 400 400 62
402 402 401 400 402 400 401 401 401 401 400 402 400 400 401
0 1 1 1 1 1 1 1 0 0
0 1 0 0 0 0 0 1 0 0
0 1 0 0 0 0 0 1 0 0
1 1 0 0 0 0 0 1 0 0
1 1 0 0 1 1 1 1 1 0
1 1 1 1 1 1 1 1 0 0
1 1 1 1 2 1 0 1 0 0
1 1 0 1 0 1 0 1 0 0
1 1 1 1 0 1 1 1 0 0
0 1 1 1 1 1 1 0 0 0
Maze 97
81 36 3.1666666667 2.0986318815 30 0.371061309854237
62 92 88 8 38 46 9 17 90 79 17 58 73 72 3 62
400 82 400 400 36 6 7 87 89 77 57 53 400 2 2
400 402 400 400 402 402 402 401 401 401 401 402 400 402 402
0 1 1 0 0 1 1 1 1 0
0 1 0 0 0 1 1 1 0 0
0 1 0 0 0 1 1 1 0 0
0 1 0 0 0 1 1 1 0 0
0 1 0 0 0 1 1 1 0 0
0 1 1 1 1 1 1 1 0 0
0 2 1 0 0 0 1 1 0 0
0 1 1 0 0 0 1 1 1 0
0 1 1 1 1 1 1 1 1 1
0 1 0 0 0 0 0 0 0 0
Maze 98
121 820 3.5806451613 2.1565006585 101 0.385576142058744
67 29 63 8 47 20 32 16 89 45 39 11 69 12 12 67
27 23 3 7 17 12 12 86 85 35 31 61 62 400 62
402 402 402 402 402 402 402 401 401 402 401 401 401 400 401
0 0 1 1 1 1 1 1 0 0
1 1 1 1 1 1 1 1 1 1
1 1 1 1 1 1 1 1 1 0
1 1 1 1 1 1 1 1 1 0
1 1 1 0 1 1 1 0 0 0
1 1 1 0 1 1 1 0 0 0
1 1 1 1 1 1 2 1 1 0
0 0 0 0 1 1 0 0 0 0
0 0 0 0 1 1 1 1 1 0
0 0 0 0 0 0 0 0 0 0
Maze 99
91 39 3.0370370370 2.0831011958 32 0.387683206317735
60 27 99 96 61 7 25 15 15 54 38 84 27 2 5 60
57 97 400 91 1 5 400 400 14 34 34 24 22 400 55
401 401 400 401 402 402 400 400 402 402 402 402 401 400 401
1 1 1 1 1 1 1 0 0 0
1 1 0 1 1 0 0 0 0 0
1 1 1 1 1 1 1 0 0 0
1 0 0 1 1 1 1 1 0 0
1 0 0 1 1 0 1 0 0 0
1 0 0 1 1 1 1 1 1 2
1 0 0 1 0 0 1 0 0 0
1 0 0 1 0 0 1 0 0 0
1 0 0 1 0 0 1 0 0 0
1 1 1 1 1 1 1 1 1 0
Maze 100
77 169 3.0434782609 2.1450939769 22 0.396761982854134
56 33 5 44 76 66 100 69 73 25 75 39 37 77 40 56
53 3 4 74 400 96 99 63 23 400 35 400 400 37 36
401 402 402 401 400 401 401 402 402 400 402 400 400 402 402
0 0 1 1 1 0 0 0 0 0
0 0 1 1 0 0 0 0 0 0
0 0 1 1 1 0 0 0 0 0
0 0 1 1 1 1 1 1 1 1
0 0 1 1 1 1 1 0 0 0
0 0 1 1 1 2 1 0 0 0
0 0 1 1 1 1 1 1 1 0
0 0 1 1 1 1 1 0 1 0
0 0 0 0 0 1 0 0 1 0
0 0 0 0 0 1 1 1 1 1
Maze 101
111 68 3.4516129032 2.2048177770 92 0.396006024528132
45 43 82 76 6 80 71 70 56 91 10 43 20 36 37 45
400 42 72 400 76 400 61 66 51 1 3 13 16 400 35
400 402 402 400 401 400 402 401 402 402 402 402 402 400 402
1 1 1 1 1 1 1 1 1 1
1 0 1 1 1 1 1 1 1 1
1 0 1 0 0 1 0 0 0 0
1 0 1 0 1 1 1 0 0 0
1 1 1 1 2 1 0 0 0 0
1 1 1 1 1 1 0 0 0 0
1 1 1 1 1 1 1 1 1 1
1 1 1 1 1 1 1 1 1 1
1 1 0 0 0 0 0 0 0 0
1 0 0 0 0 0 0 0 0 0
Maze 102
99 355 3.0322580645 2.3019750991 51 0.386685593376292
100 22 42 62 87 29 57 59 72 84 80 91 66 76 8 100
92 400 400 82 27 27 400 52 82 74 71 61 400 6 98
401 400 400 401 402 402 400 402 401 402 402 402 400 402 401
0 0 0 0 0 1 1 1 0 0
0 0 0 0 0 1 0 1 0 0
0 1 0 0 0 1 1 1 1 0
0 1 0 0 0 1 1 1 0 0
0 1 0 0 0 1 1 1 0 0
0 1 1 1 1 1 1 1 1 0
1 1 1 1 1 1 1 1 0 0
1 1 1 1 1 1 1 1 1 1
1 1 1 1 1 1 1 1 0 0
1 1 1 1 1 1 1 1 1 2
Maze 103
87 840 3.2830188679 2.3051214655 50 0.402575927495942
5 25 30 18 87 42 76 41 21 48 17 96 100 95 57 5
400 400 28 17 82 72 71 400 41 47 16 400 400 55 55
400 400 401 402 401 401 401 400 401 401 402 400 400 402 401
0 0 0 0 2 0 0 0 0 0
0 0 0 0 1 1 1 1 0 0
1 0 0 0 1 1 1 1 1 1
1 0 0 0 1 1 1 0 0 0
1 1 1 1 1 1 1 1 0 0
1 1 0 0 1 1 1 0 0 0
1 1 0 0 1 1 1 0 0 0
1 1 1 1 1 1 1 0 0 0
0 1 1 1 1 1 1 0 0 0
0 0 0 0 1 1 1 1 1 1
Maze 104
111 12 3.8048780488 1.6431844249 87 0.388707607409767
20 32 18 42 14 19 31 8 21 49 25 93 45 3 13 20
12 12 12 12 400 11 1 1 41 45 23 43 43 400 400
402 402 402 402 400 402 402 402 401 401 402 402 401 400 400
1 1 1 1 1 1 1 1 0 0
1 1 1 1 1 1 1 1 1 2
1 1 1 1 1 0 0 0 0 0
1 1 1 0 1 0 0 0 0 0
1 1 1 1 1 1 1 1 1 0
0 0 1 0 0 0 0 0 0 0
0 0 1 0 0 0 0 0 0 0
0 0 1 0 0 0 0 0 0 0
0 0 1 0 0 0 0 0 0 0
0 0 1 0 0 0 0 0 0 0
Maze 105
89 18 3.4583333333 2.3033881518 40 0.373229379705358
64 54 97 64 42 7 13 43 80 66 83 65 18 92 42 64
400 94 94 62 2 3 400 73 76 63 63 15 12 400 62
400 401 401 401 402 402 400 401 401 402 402 402 402 400 401
0 1 1 1 1 1 1 0 0 0
0 1 1 1 1 1 1 1 0 0
0 1 1 0 1 0 0 0 0 0
0 1 1 0 1 0 0 0 0 0
0 1 1 0 1 0 0 0 0 0
0 1 1 1 1 0 0 0 0 0
0 1 1 2 1 1 0 0 0 0
0 1 1 1 1 1 1 1 1 1
0 1 1 1 0 0 0 0 0 0
0 1 0 1 1 1 1 0 0 0
Maze 106
69 22 2.8333333333 2.2942056170 20 0.380494220325049
45 68 38 96 73 75 12 49 11 35 25 5 5 3 43 45
65 400 36 93 400 72 42 41 31 400 400 400 400 400 400
401 400 402 401 400 401 401 401 401 400 400 400 400 400 400
0 0 1 1 1 0 0 0 0 0
1 1 1 0 1 0 0 0 0 0
1 1 1 0 1 0 0 0 0 0
1 1 1 1 1 1 1 1 0 0
1 1 1 1 2 1 1 1 1 0
0 1 0 0 1 1 0 1 0 0
0 1 0 0 1 1 1 1 0 0
0 1 1 1 1 1 0 0 0 0
0 0 1 0 0 1 0 0 0 0
0 0 1 1 1 1 0 0 0 0
Maze 107
141 632 3.3333333333 2.1438201721 229 0.392970412693749
2 86 7 91 84 19 90 1 94 80 56 98 24 56 60 2
82 6 1 81 14 89 81 91 74 76 96 94 54 400 52
401 402 402 402 402 401 401 401 402 401 401 401 401 400 401
1 2 1 1 1 1 1 0 0 0
1 1 0 1 1 1 1 1 1 0
1 1 0 1 0 1 0 0 1 0
1 1 0 1 0 1 0 0 1 0
1 1 0 1 0 1 0 0 1 0
1 1 1 1 1 1 1 1 1 1
1 1 0 1 0 1 0 0 1 0
1 1 0 1 1 1 1 1 1 1
1 1 1 1 1 1 1 1 1 1
1 1 1 1 1 1 1 1 0 0
Maze 108
89 1429 3.0400000000 2.1538174925 56 0.404065919802087
38 54 18 69 44 45 86 24 58 99 65 52 90 66 18 38
34 14 68 64 400 85 84 54 98 95 62 82 86 16 400
402 402 401 401 400 401 401 401 401 401 401 401 401 402 400
0 0 0 0 0 0 0 0 0 0
0 0 0 1 1 1 1 1 0 0
0 0 0 1 0 1 0 1 0 0
0 0 0 1 1 1 1 2 0 0
0 0 0 1 1 1 0 1 0 0
0 1 0 1 1 1 1 1 0 0
0 1 1 1 1 1 1 1 1 0
0 1 0 1 1 1 0 1 0 0
0 1 1 1 1 1 1 1 1 1
0 0 0 0 1 1 1 1 1 0
Maze 109
117 480 3.2187500000 2.1032640357 131 0.384120788712221
13 98 85 10 69 1 66 64 11 20 59 55 42 73 50 13
93 95 5 9 61 61 400 61 400 19 400 52 72 43 43
401 401 402 402 401 401 400 401 400 402 400 401 401 402 401
1 0 0 0 1 1 1 1 1 1
1 1 2 1 1 1 1 1 1 1
1 0 1 0 1 0 0 0 1 0
1 0 1 0 1 0 0 0 1 0
1 1 1 1 1 1 1 1 1 1
1 1 1 1 1 1 1 1 1 0
1 1 1 1 1 1 1 1 1 0
0 1 1 0 1 0 0 0 0 0
0 0 1 0 1 0 0 0 0 0
0 0 1 1 1 1 1 1 0 0
Maze 110
69 17 2.7346938776 2.2278562518 13 0.392276832711518
46 78 25 85 99 77 64 41 43 48 47 36 11 6 29 46
76 75 400 95 97 74 61 400 400 400 46 31 1 26 26
401 401 400 401 401 401 401 400 400 400 401 401 402 401 402
1 1 1 1 1 1 0 0 0 0
1 0 0 0 0 1 0 0 0 0
1 0 0 0 1 1 1 1 1 0
1 1 1 1 1 1 0 0 0 0
1 1 1 1 1 2 1 1 0 0
1 0 0 0 1 1 0 0 0 0
1 1 1 1 1 1 0 0 0 0
0 0 0 1 1 1 1 1 0 0
0 0 0 0 1 0 1 0 0 0
0 0 0 0 1 1 1 1 1 0
Maze 111
95 527 3.5348837209 1.9385228328 53 0.397423574634883
4 45 21 25 31 38 23 39 67 21 4 70 38 61 52 4
44 41 400 21 400 33 33 37 61 1 64 68 31 51 2
401 401 400 402 400 401 401 402 401 402 401 401 402 402 402
1 1 1 2 0 0 0 0 0 0
1 1 0 1 0 0 0 0 0 0
1 1 1 1 1 0 0 0 0 0
1 1 1 1 1 1 1 1 1 0
1 1 1 1 1 0 1 1 0 0
1 1 0 1 0 0 1 1 0 0
1 1 1 1 1 1 1 1 1 1
0 0 0 0 0 0 0 0 0 0
0 0 0 0 0 0 0 0 0 0
0 0 0 0 0 0 0 0 0 0
Maze 112
99 77 3.3333333333 1.9517988654 77 0.398527481512216
55 23 75 1 1 34 38 78 13 86 22 65 33 47 12 55
53 73 71 400 31 400 400 73 83 82 62 63 43 42 52
401 401 401 400 401 400 400 401 401 401 401 401 401 401 401
1 0 0 0 0 0 0 0 0 0
1 1 1 0 0 0 0 0 0 0
1 1 1 0 0 0 0 0 0 0
1 1 1 1 1 1 1 1 0 0
1 1 1 1 1 1 1 1 0 0
1 1 1 1 2 0 0 1 0 0
1 1 1 1 1 0 0 1 0 0
1 1 1 1 1 1 1 1 0 0
0 1 1 1 1 1 0 0 0 0
0 0 0 0 0 0 0 0 0 0
Maze 113
117 106 3.4576271186 2.1310048011 113 0.387499655125782
85 93 10 41 98 82 93 67 91 28 1 77 47 44 95 85
83 3 1 91 92 92 63 61 21 21 71 400 400 94 400
402 402 402 401 401 401 402 402 402 401 401 400 400 401 400
1 1 1 1 1 1 1 1 1 1
1 0 1 0 0 0 0 0 0 0
1 1 1 1 1 1 1 1 0 0
1 0 1 0 0 0 0 0 0 0
1 0 1 1 1 1 1 0 0 0
1 0 1 1 0 0 1 0 0 0
1 1 1 1 1 1 1 0 0 0
1 1 1 1 1 1 1 0 0 0
1 1 1 1 2 0 0 0 0 0
1 1 1 1 1 1 1 1 0 0
Maze 114
113 177 3.4754098361 2.2001504664 72 0.402831233221280
20 63 8 52 90 43 77 62 96 58 1 3 3 41 44 20
13 3 2 82 83 73 72 92 56 51 400 400 1 400 14
402 402 402 401 401 401 401 401 402 401 400 400 402 400 402
1 1 1 1 1 1 1 1 0 0
1 1 1 1 1 1 1 1 1 2
1 1 1 1 0 0 0 0 0 0
1 1 1 1 0 0 0 0 0 0
1 1 1 1 0 0 0 0 0 0
1 1 1 1 1 1 1 1 0 0
0 1 1 0 0 1 0 0 0 0
0 1 1 1 1 1 1 0 0 0
0 1 1 1 1 1 1 1 1 1
0 1 1 1 1 1 0 0 0 0
Maze 115
97 175 3.5319148936 2.1343535317 71 0.377227643551762
51 83 22 41 39 42 44 63 51 57 12 68 19 81 65 51
81 82 21 31 32 400 43 61 400 52 62 18 11 61 61
401 401 402 402 402 400 402 401 400 401 401 402 402 402 401
0 0 0 0 0 0 0 0 0 0
1 1 1 1 1 1 1 1 1 0
1 1 0 0 0 0 0 1 0 0
1 1 1 1 1 1 1 1 1 0
1 1 1 1 0 0 0 1 0 0
2 1 1 1 1 1 1 1 0 0
1 1 1 1 1 1 1 1 0 0
1 1 0 0 0 0 0 0 0 0
1 1 1 0 0 0 0 0 0 0
0 0 0 0 0 0 0 0 0 0
Maze 116
113 368 3.0588235294 2.2644515537 97 0.384382904757664
70 37 99 6 82 74 19 19 45 80 10 68 72 6 75 70
67 97 96 2 72 14 400 15 75 400 8 62 2 5 65
401 401 401 402 402 402 400 402 401 400 402 402 402 402 402
0 1 1 1 1 1 0 1 1 1
0 1 0 1 1 1 1 1 1 1
0 1 0 1 1 1 0 1 0 1
0 1 0 1 1 1 1 1 0 1
0 1 0 1 1 1 1 1 0 1
0 1 0 1 1 1 1 1 0 1
0 1 1 1 1 1 1 1 1 2
0 1 1 1 1 1 1 1 1 1
0 1 0 0 0 1 1 0 0 0
0 0 0 0 0 1 1 1 1 0
Maze 117
113 37 3.3548387097 2.1676694836 90 0.377632171118597
50 9 70 32 67 56 20 45 72 14 62 51 99 4 79 50
49 69 62 62 66 16 15 42 12 12 61 91 94 74 49
401 401 401 401 401 402 402 402 402 402 401 401 401 401 402
0 0 0 1 0 0 0 0 1 0
0 1 1 1 1 1 1 1 1 1
0 1 0 1 1 1 0 0 1 0
0 1 0 1 1 1 0 0 1 0
0 1 1 1 1 1 0 0 1 2
1 1 0 1 0 1 0 0 1 0
1 1 1 1 1 1 1 1 1 1
1 1 0 1 1 1 1 1 1 0
1 0 0 1 0 0 0 0 0 0
1 1 1 1 1 1 1 1 1 0
Maze 118
99 11 3.0877192982 2.1609832374 70 0.391420155188134
50 48 58 14 66 70 24 13 26 13 100 82 4 76 6 50
400 400 54 64 400 64 23 23 23 93 92 2 74 400 46
400 400 401 401 400 401 401 401 401 401 401 402 401 400 401
0 1 1 1 0 1 0 0 0 0
0 1 1 1 0 1 0 0 0 0
0 1 1 1 1 1 0 0 0 0
0 1 1 1 0 1 0 0 0 0
0 1 1 1 0 1 1 1 1 2
0 1 1 1 1 1 1 1 0 0
0 1 1 1 1 1 1 1 1 1
0 1 1 1 1 1 0 0 0 0
0 1 1 0 0 0 0 0 0 0
0 1 1 1 1 1 1 1 1 1
Maze 119
101 105 2.9285714286 1.9577917400 60 0.378702383272318
48 62 53 13 96 17 19 73 92 71 46 61 20 35 87 48
42 52 400 93 16 400 13 72 91 41 41 11 15 85 47
402 402 400 401 402 400 402 402 401 402 402 402 402 401 402
0 0 0 0 0 0 0 0 0 0
1 1 1 1 1 1 1 1 1 1
1 0 1 0 1 1 0 0 0 0
1 0 1 0 1 1 0 0 0 0
1 1 1 1 1 1 1 2 0 0
1 1 1 0 1 1 1 0 0 0
1 1 1 0 1 1 1 0 0 0
1 1 1 0 1 1 1 0 0 0
1 1 1 0 1 1 1 0 0 0
1 1 1 1 1 1 0 0 0 0
Maze 120
97 89 3.4716981132 2.2487714482 84 0.378708153706263
58 76 89 58 40 77 81 11 97 45 72 45 78 4 64 58
56 86 88 38 37 71 400 91 95 42 42 75 74 400 54
402 401 401 402 402 402 400 401 401 402 402 401 401 400 402
0 0 0 1 0 0 0 0 0 0
1 0 0 1 0 0 0 0 0 0
1 0 0 1 0 0 0 0 0 0
1 0 0 1 0 0 1 1 1 1
1 1 1 1 1 0 1 1 0 0
1 1 0 1 1 1 1 2 0 0
1 1 0 1 1 1 1 1 0 0
1 1 1 1 1 1 1 1 0 0
1 0 0 0 1 1 1 1 1 0
1 1 1 1 1 1 1 0 0 0
Maze 121
103 113 3.2549019608 1.9651274493 60 0.398036658267834
9 86 62 77 3 9 36 95 65 8 57 85 37 9 89 9
6 82 72 73 400 6 35 400 5 7 55 35 7 400 400
402 401 401 401 400 402 402 400 402 402 402 402 402 400 400
0 0 1 1 1 1 1 1 2 0
0 0 1 0 1 1 1 0 1 0
0 0 1 0 1 1 1 0 1 0
0 0 1 0 1 1 1 0 1 0
0 0 1 0 1 1 1 0 1 0
0 0 1 0 1 1 1 0 1 0
0 1 1 0 1 1 0 0 1 0
0 1 1 1 1 1 1 0 1 0
0 1 1 1 1 1 0 0 1 0
0 0 0 0 1 0 0 0 0 0
Maze 122
85 19 3.2400000000 2.2203940849 50 0.393095150606808
18 3 27 43 92 26 55 83 93 23 22 34 91 46 69 18
13 23 23 42 22 25 53 400 400 400 32 31 41 66 68
401 401 402 402 402 402 402 400 400 400 401 402 402 401 401
0 0 1 0 0 0 0 0 0 0
0 0 1 1 1 1 1 2 0 0
0 1 1 1 1 1 1 1 0 0
1 1 1 1 1 0 0 1 0 0
1 1 1 1 1 1 0 1 0 0
1 1 1 1 1 1 0 1 0 0
1 1 1 0 0 1 1 1 1 0
1 1 1 0 0 0 0 0 0 0
1 1 1 0 0 0 0 0 0 0
1 1 1 0 0 0 0 0 0 0
Maze 123
113 1440 3.2131147541 2.1375018684 112 0.388317617960255
3 100 66 41 68 12 5 86 73 33 98 18 42 57 37 3
93 96 61 61 62 2 85 83 400 93 400 12 52 400 33
401 401 401 401 401 402 401 401 400 401 400 402 401 400 401
0 1 2 1 1 0 0 0 0 0
0 1 1 1 1 1 1 1 0 0
0 1 1 0 1 0 0 1 0 0
0 1 1 1 1 1 1 1 0 0
1 1 1 0 1 0 1 1 0 0
1 1 1 1 1 1 1 1 0 0
1 1 1 1 1 1 1 1 0 0
0 0 1 0 1 1 0 1 0 0
0 0 1 1 1 1 0 1 0 0
0 0 1 1 1 1 1 1 1 1
Maze 124
91 77 2.9818181818 2.2905166536 30 0.404120425191507
43 83 32 71 84 84 89 88 51 77 22 41 27 88 10 43
400 82 31 81 400 400 400 81 71 72 21 21 87 8 3
400 401 402 401 400 400 400 401 401 401 402 402 401 402 402
0 0 1 1 1 1 1 1 1 1
0 0 1 0 0 0 0 1 0 0
1 1 1 1 1 1 1 1 0 0
1 1 1 0 0 0 1 1 0 0
1 1 2 0 0 0 1 1 0 0
1 1 1 0 0 0 1 1 0 0
1 1 1 0 0 0 1 1 0 0
1 1 1 1 1 1 1 1 0 0
1 1 1 1 1 1 1 1 1 0
0 0 0 0 0 0 0 0 0 0
Maze 125
99 81 2.7187500000 2.2977543284 66 0.367795550166136
23 76 40 38 20 90 9 8 63 100 100 57 74 18 83 23
73 36 400 18 400 89 400 3 93 400 97 54 14 13 400
401 402 400 402 400 401 400 402 401 400 401 402 402 402 400
0 0 1 1 1 1 1 1 1 0
0 0 1 1 1 1 1 1 1 1
0 0 2 1 0 0 0 1 1 1
0 0 1 1 0 1 1 1 1 1
0 0 1 1 0 1 0 0 1 1
0 0 1 1 1 1 1 0 1 1
0 0 1 1 0 1 1 0 1 1
0 0 1 1 1 1 1 0 1 1
0 0 1 0 0 0 1 0 1 1
0 0 1 1 1 1 1 1 1 1
Maze 126
123 176 3.1578947368 1.9397758499 133 0.377482124779392
87 11 68 40 43 9 31 7 43 15 60 85 61 6 36 87
81 61 38 33 3 1 1 3 13 55 55 81 1 400 86
401 401 402 402 402 402 402 402 402 401 402 401 402 400 401
1 1 1 1 1 1 1 1 1 0
1 0 1 1 1 1 0 0 0 0
1 0 1 0 1 1 0 0 0 0
1 0 1 1 1 1 1 1 1 1
1 0 1 0 1 1 0 1 0 0
1 0 0 0 1 1 1 1 1 1
1 1 1 1 1 1 1 1 0 0
1 0 0 0 1 1 0 0 0 0
1 1 1 1 1 1 2 0 0 0
0 0 0 0 0 0 0 0 0 0
Maze 127
99 15 3.1698113208 2.0194087953 44 0.392331771263670
67 58 70 32 100 95 90 53 90 41 51 92 13 7 27 67
57 68 62 92 400 85 83 83 81 400 91 12 3 400 400
402 401 401 401 400 402 401 401 401 400 401 402 402 400 400
0 0 1 1 1 1 1 0 0 0
0 1 1 0 0 0 1 0 0 0
0 1 0 0 0 0 1 0 0 0
0 1 0 0 0 0 1 0 0 0
1 1 0 0 0 0 1 0 0 0
1 1 1 0 0 0 1 1 0 0
1 1 1 1 1 1 2 1 1 1
1 1 1 0 0 0 0 0 0 0
1 1 1 1 1 1 1 1 1 1
1 1 1 1 1 1 1 1 1 1
Maze 128
105 75 3.4400000000 1.9755909871 96 0.385095251544066
84 86 46 92 60 14 89 81 46 41 30 59 42 93 72 84
400 400 42 52 54 84 400 41 400 21 29 52 92 92 82
400 400 402 402 401 401 400 402 400 402 402 401 401 401 401
0 0 0 0 0 0 0 0 0 0
0 0 0 1 0 0 0 0 0 0
1 1 1 1 1 1 1 1 1 1
1 0 0 1 0 0 0 0 1 0
1 1 1 1 1 1 0 0 1 0
1 1 1 1 1 1 1 1 1 1
1 1 0 1 0 1 0 0 0 0
1 1 0 1 0 1 0 0 0 0
1 1 1 2 1 1 1 1 1 0
0 1 1 0 0 0 0 0 0 0
Maze 129
87 63 3.2000000000 2.1348301883 45 0.371016803631610
7 93 60 27 58 37 61 81 71 48 33 24 11 32 67 7
3 53 57 57 57 31 400 400 41 43 23 21 31 62 400
402 402 401 401 401 402 400 400 402 401 402 401 401 401 400
0 0 1 1 1 1 2 0 0 0
1 0 1 0 0 0 1 0 0 0
1 1 1 1 0 0 1 0 0 0
1 1 1 1 1 1 1 0 0 0
1 1 1 1 1 1 1 1 0 0
1 1 1 1 1 1 1 1 1 1
1 1 1 1 1 1 1 0 0 0
1 0 1 0 0 0 0 0 0 0
1 0 1 0 0 0 0 0 0 0
0 0 1 0 0 0 0 0 0 0
Maze 130
79 58 3.0222222222 2.1073958466 11 0.385938239227085
94 64 66 2 14 25 6 24 75 15 89 74 91 25 85 94
400 400 62 12 24 5 4 74 400 85 84 71 21 400 84
400 400 401 401 401 402 402 401 400 401 401 402 402 400 402
0 1 0 1 1 1 0 0 0 0
0 1 1 1 1 0 0 0 0 0
1 1 1 1 1 0 0 0 0 0
1 1 0 1 1 0 0 0 0 0
1 1 0 1 1 0 0 0 0 0
1 1 0 1 1 0 0 0 0 0
1 1 1 1 1 1 0 0 0 0
1 1 1 1 1 0 0 0 0 0
1 0 0 1 1 1 1 1 1 0
1 0 0 2 0 0 0 0 0 0
Maze 131
109 178 3.6071428571 2.1270006790 120 0.382884113853135
26 86 30 87 93 79 55 3 73 15 98 91 41 85 59 26
400 26 27 83 73 75 53 400 13 95 400 400 81 55 56
400 402 402 402 402 401 401 400 402 401 400 400 401 402 401
0 0 1 0 0 0 0 0 0 0
0 0 1 1 1 0 0 0 0 0
0 0 1 0 1 2 1 1 1 1
0 0 1 0 1 1 1 0 0 0
1 0 1 0 1 1 1 0 0 0
1 0 1 1 1 1 1 1 1 0
1 0 1 0 1 1 1 0 0 0
1 0 1 1 1 1 1 1 1 0
1 1 1 1 1 1 1 0 0 0
1 1 1 1 1 1 1 1 0 0
Maze 132
87 17 3.3061224490 2.1025120994 45 0.401911391922103
18 55 66 66 39 64 45 94 62 42 85 90 62 27 63 18
15 65 400 36 34 44 44 92 400 82 400 82 22 23 13
402 401 400 402 402 402 402 401 400 401 400 401 402 402 402
0 0 0 0 0 0 0 0 0 0
0 0 1 1 1 1 1 2 0 0
0 1 1 1 1 1 1 0 0 0
0 1 1 1 1 1 1 1 1 0
0 1 1 1 1 1 0 0 0 0
0 1 1 1 1 1 0 0 0 0
0 1 1 1 1 1 0 0 0 0
0 1 0 1 0 0 0 0 0 0
0 1 1 1 1 1 1 1 1 1
0 1 1 1 0 0 0 0 0 0
Maze 133
89 115 2.9056603774 2.1567518755 39 0.407482305184879
25 36 32 7 41 44 52 25 74 33 33 82 20 87 33 25
35 400 2 1 400 42 22 24 73 400 32 12 17 83 23
401 400 402 402 400 402 402 402 401 400 402 402 402 401 402
1 1 1 1 1 1 1 0 0 0
1 1 1 1 1 1 1 1 1 1
1 1 1 1 2 0 1 0 0 0
1 1 1 1 1 1 1 0 0 0
1 1 1 1 0 0 1 0 0 0
0 1 1 1 0 0 1 0 0 0
0 1 1 1 0 0 1 0 0 0
0 1 1 1 0 0 1 0 0 0
0 1 1 1 1 1 1 0 0 0
0 0 0 0 0 0 0 0 0 0
Maze 134
107 177 3.3333333333 2.2337259680 76 0.394401673078354
91 15 57 76 42 18 24 36 83 80 54 72 84 10 3 91
11 55 56 72 12 14 34 33 73 74 52 82 4 400 1
402 401 402 401 402 402 401 402 402 401 402 401 402 400 402
1 1 1 1 1 1 1 1 1 1
1 1 1 1 1 1 1 1 0 0
1 1 0 1 1 0 0 0 0 0
1 1 1 1 1 1 0 0 0 0
1 1 1 1 1 0 0 0 0 0
1 1 1 1 1 1 1 0 0 0
1 1 1 1 0 1 0 0 0 0
1 1 1 1 1 1 1 1 1 1
1 1 1 1 0 0 0 0 0 0
2 0 0 0 0 0 0 0 0 0
Maze 135
93 24 2.8000000000 2.1771102584 39 0.395789980140643
8 63 27 15 51 21 66 63 2 27 68 34 100 49 38 8
3 23 25 11 400 61 400 62 22 67 64 94 99 48 400
402 402 401 402 400 401 400 401 401 401 401 401 401 401 400
0 1 1 1 1 1 1 2 0 0
1 1 1 1 1 0 0 1 0 0
1 1 1 1 1 1 1 1 0 0
1 1 1 1 0 0 1 1 0 0
1 1 1 1 0 0 1 1 1 0
1 1 1 1 0 0 1 0 1 0
1 1 1 1 1 1 1 1 1 0
0 0 0 1 0 0 0 0 1 0
0 0 0 1 0 0 0 0 1 0
0 0 0 1 1 1 1 1 1 1
Maze 136
81 168 2.8571428571 2.3727205969 23 0.383734430075714
74 51 57 36 34 93 97 38 36 20 56 97 100 55 6 74
71 400 56 400 33 400 37 400 16 16 96 400 95 5 4
401 400 401 400 402 400 402 400 402 402 401 400 401 402 402
0 0 0 1 1 1 0 0 0 0
0 0 0 1 1 1 1 1 1 1
0 0 0 1 1 1 0 0 0 0
0 0 1 1 1 1 1 1 0 0
0 0 1 1 1 1 1 0 0 0
1 1 1 1 1 1 1 0 0 0
1 0 1 1 1 1 1 0 0 0
1 1 1 2 1 1 1 0 0 0
0 0 1 0 1 1 1 0 0 0
0 0 1 1 1 1 1 1 1 1
Maze 137
79 24 2.7500000000 2.1414495363 35 0.407782720261539
27 5 72 36 97 64 54 80 98 55 26 27 16 80 79 27
25 2 32 96 94 400 74 78 95 25 400 26 76 400 77
401 402 402 401 401 400 401 402 401 402 400 401 401 400 401
0 1 1 1 1 0 0 0 0 0
0 1 0 0 1 1 0 0 0 0
0 1 0 0 1 1 2 0 0 0
0 1 1 1 1 1 1 0 0 0
0 1 0 0 1 1 1 0 0 0
0 1 0 1 1 1 1 0 0 0
0 1 0 1 1 1 1 0 0 0
0 1 0 1 1 1 1 1 1 1
0 0 0 1 1 1 0 1 0 0
0 0 0 1 1 1 1 1 0 0
Maze 138
103 64 2.9696969697 2.2704001102 55 0.409419782862873
72 6 74 14 16 36 17 17 70 72 90 63 81 8 60 72
2 4 400 400 400 16 400 67 62 82 83 61 1 58 52
402 402 400 400 400 402 400 401 402 401 401 402 402 401 402
1 1 1 1 1 1 1 1 0 0
1 1 0 1 1 1 1 1 0 0
1 1 0 1 0 1 1 1 0 0
1 1 0 1 0 1 1 1 0 0
1 1 0 1 0 0 1 1 0 0
1 1 1 1 1 1 1 1 1 1
1 1 1 1 1 1 1 1 1 1
1 2 1 1 0 0 0 0 0 0
1 1 1 1 1 1 1 1 1 1
0 0 0 0 0 0 0 0 0 0
Maze 139
99 11 3.1111111111 2.1275846358 56 0.378888998914461
54 80 100 87 88 50 84 22 84 11 66 50 54 8 64 54
74 400 97 400 48 44 82 82 81 61 46 44 4 4 400
401 400 401 400 402 402 401 401 401 401 402 402 402 402 400
0 0 0 1 1 1 1 1 0 0
1 0 0 1 0 0 0 0 0 0
1 1 0 1 0 0 0 0 0 0
1 1 0 1 0 0 0 0 0 0
1 1 0 1 1 1 1 1 1 1
1 1 0 2 0 1 0 1 0 0
1 1 1 1 1 1 0 1 0 0
1 1 0 1 1 1 1 1 1 1
1 1 1 1 0 0 1 1 0 1
0 0 0 0 0 0 1 1 1 1
Maze 140
93 7 3.6744186047 2.0204560095 45 0.389400204801746
96 77 45 99 93 54 2 77 79 78 43 78 97 16 40 96
76 75 95 400 53 52 72 400 400 73 73 77 96 36 36
402 401 401 400 402 401 401 400 400 401 401 402 401 401 402
0 1 0 0 0 0 0 0 0 0
0 1 0 0 0 1 0 0 0 0
0 1 0 0 0 1 0 0 0 0
0 1 0 0 0 1 1 1 1 1
0 1 1 0 1 1 0 0 0 0
0 1 1 1 1 1 0 0 0 0
0 1 1 0 1 1 0 0 0 0
0 1 1 1 1 1 1 1 1 0
0 0 1 0 1 1 1 0 0 0
0 0 1 1 1 2 1 1 1 0
Maze 141
107 69 2.9152542373 1.9445562512 105 0.374725770876335
63 84 76 80 4 36 83 98 15 21 95 89 62 23 89 63
83 74 400 74 34 33 93 95 11 91 85 82 22 83 83
401 402 400 401 401 402 401 401 402 401 402 401 402 401 401
0 0 0 1 0 0 0 0 0 0
1 1 1 1 1 0 0 0 0 0
1 1 1 1 1 0 0 0 0 0
1 1 1 1 1 1 0 0 0 0
1 1 1 1 1 0 0 0 0 0
1 1 1 1 1 0 0 0 0 0
1 1 2 1 1 0 0 0 0 0
1 1 1 1 1 1 1 1 1 1
1 1 1 1 1 1 1 1 1 0
1 1 1 1 1 1 1 1 0 0
Maze 142
99 292 3.2592592593 2.1609832374 60 0.378755522421466
14 66 93 88 10 59 87 100 14 83 58 35 38 37 83 14
64 63 83 8 9 57 97 94 13 53 55 400 400 33 13
401 402 402 402 402 402 401 401 402 402 401 400 400 402 402
0 0 0 0 0 0 0 1 1 1
0 0 1 2 0 0 0 1 1 0
0 0 1 1 0 0 0 1 1 0
0 0 1 1 1 1 1 1 1 0
0 0 1 1 1 0 0 1 1 0
0 0 1 1 1 1 1 1 1 0
0 0 1 1 1 1 1 1 0 0
0 0 1 1 0 0 1 1 0 0
0 0 1 1 1 1 1 1 0 0
0 0 1 1 1 1 1 1 1 1
Maze 143
71 26 2.4482758621 2.4599053975 16 0.361983883631047
88 57 49 65 12 12 10 17 21 27 29 98 63 73 78 88
87 47 45 62 400 2 7 11 400 400 28 93 400 400 400
401 402 402 401 400 402 402 402 400 400 402 401 400 400 400
0 1 1 1 1 1 1 1 1 1
1 1 1 1 1 1 1 0 0 0
1 1 1 1 1 1 1 1 1 0
0 1 0 0 0 0 0 1 0 0
0 1 0 0 1 1 1 1 1 0
0 1 0 0 1 0 1 1 0 0
0 1 1 1 1 0 1 1 0 0
0 0 1 1 1 1 1 1 0 0
0 0 1 0 0 0 1 2 0 0
0 0 1 1 1 1 1 1 0 0
Maze 144
75 24 2.7450980392 2.2990380972 26 0.370292130199187
42 60 64 67 55 59 88 33 21 95 74 28 17 35 43 42
52 54 400 65 400 58 83 31 91 94 24 27 15 33 400
401 402 400 401 400 402 401 401 401 401 402 401 402 402 400
0 0 0 0 0 0 0 0 0 0
0 0 0 0 1 1 1 0 0 0
1 0 0 1 1 1 1 1 0 0
1 1 1 1 1 0 0 0 0 0
1 2 1 1 0 0 0 0 0 0
1 1 1 1 1 1 1 1 1 1
1 0 1 1 1 1 1 1 0 0
1 0 1 1 0 0 0 1 0 0
1 0 1 1 1 1 1 1 0 0
1 1 1 1 1 0 0 0 0 0
Maze 145
83 279 3.1666666667 2.2276235431 30 0.389884205292880
27 34 64 61 22 8 72 83 91 63 16 6 28 58 81 27
24 400 400 21 2 2 82 81 61 13 400 26 400 51 21
402 400 400 402 402 402 401 402 402 402 400 401 400 402 402
0 1 1 1 1 1 1 1 0 0
0 1 1 1 1 1 0 0 0 0
1 1 1 1 1 1 2 1 0 0
1 1 1 1 0 0 0 1 0 0
1 1 1 1 0 0 0 1 0 0
1 1 1 1 1 1 1 1 0 0
1 1 1 1 0 0 0 0 0 0
1 1 0 0 0 0 0 0 0 0
1 1 1 0 0 0 0 0 0 0
1 0 0 0 0 0 0 0 0 0
Maze 146
83 105 3.2800000000 2.3323997208 30 0.377479255054574
85 51 57 60 58 71 78 53 15 36 23 97 98 49 94 85
81 400 400 400 51 400 73 13 35 33 93 400 48 44 84
401 400 400 400 402 400 401 402 401 401 401 400 402 402 402
0 0 0 0 0 0 0 0 0 0
0 0 1 1 1 0 0 0 0 0
0 0 1 0 1 0 0 0 0 0
0 0 1 1 1 1 0 0 0 0
0 0 1 1 1 1 1 1 1 0
1 1 1 1 1 1 1 1 1 1
1 0 1 1 0 0 0 1 0 0
1 1 1 1 1 1 1 1 0 0
1 1 1 1 2 0 0 1 0 0
0 0 1 1 1 1 1 1 0 0
Maze 147
77 22 2.8979591837 2.1643511881 13 0.362761222870260
51 18 88 29 14 24 23 26 72 98 58 46 88 72 42 51
11 400 28 24 400 400 400 22 92 400 56 86 82 400 41
402 400 402 401 400 400 400 402 401 400 401 401 401 400 402
0 0 0 0 0 0 0 0 0 0
1 1 1 1 1 1 1 1 0 0
1 1 1 1 1 1 1 1 1 0
1 1 0 0 0 0 0 1 0 0
1 1 0 0 0 1 0 1 0 0
2 1 0 0 0 1 1 1 0 0
0 1 0 0 0 1 0 1 0 0
0 1 0 0 0 1 0 1 0 0
0 1 1 1 1 1 1 1 0 0
0 1 1 1 1 1 1 1 0 0
Maze 148
85 59 3.2380952381 2.0234616956 34 0.376811123940765
86 71 74 38 60 33 55 61 84 71 51 42 85 69 31 86
81 400 34 58 53 53 51 81 81 400 41 82 65 61 81
401 400 402 401 401 401 402 401 401 400 402 401 402 401 401
0 0 0 0 0 0 0 0 0 0
0 0 0 0 0 0 0 0 0 0
0 0 0 0 0 0 0 0 0 0
1 0 1 1 1 1 1 1 0 0
1 1 1 1 0 0 0 1 0 0
1 1 1 1 1 1 1 1 1 1
1 1 1 1 1 1 1 1 1 0
1 1 1 1 1 0 0 0 0 0
1 1 1 1 1 2 0 0 0 0
0 0 0 0 0 0 0 0 0 0
Maze 149
115 116 3.5000000000 2.1533417509 122 0.390125863627324
84 96 44 14 50 34 81 14 28 53 92 30 88 93 17 84
94 94 400 44 44 31 11 24 23 52 22 28 83 13 14
401 401 400 401 401 402 402 401 402 402 402 402 402 402 402
0 0 0 0 0 0 0 0 0 0
1 1 1 1 1 1 1 0 0 0
1 1 1 1 1 1 1 1 1 1
1 1 1 1 0 0 0 1 0 0
1 1 1 1 1 1 1 1 1 1
1 1 1 1 0 0 0 1 0 0
1 1 1 1 0 0 0 1 0 0
1 1 1 1 0 0 0 1 0 0
1 1 1 2 1 1 1 1 0 0
0 1 1 1 1 1 0 0 0 0
Maze 150
83 13 2.6129032258 2.4459297851 21 0.370604625623191
94 1 2 47 20 46 70 65 90 44 5 23 62 94 84 94
91 400 42 17 16 66 400 85 84 4 3 22 92 400 400
401 400 401 402 402 401 400 401 401 402 402 402 401 400 400
1 1 1 1 1 0 0 0 0 0
1 1 1 1 0 1 1 1 1 1
1 1 1 1 0 1 1 0 0 0
1 1 0 1 0 1 1 0 0 0
1 1 1 1 1 1 1 0 0 0
1 1 0 1 0 1 0 0 0 0
1 1 0 1 1 1 1 1 1 1
1 1 0 1 1 0 0 0 0 0
1 1 0 1 1 1 1 1 1 1
1 1 1 2 0 0 0 0 0 0
Maze 151
117 19 3.3200000000 1.7742232397 124 0.392019408441310
3 19 11 33 56 77 24 100 49 24 100 100 14 73 99 3
13 400 31 53 76 74 94 99 44 94 400 94 13 93 93
401 400 401 401 401 401 401 401 401 401 400 401 402 401 401
0 0 2 0 0 0 0 0 0 0
1 1 1 1 1 1 1 1 1 0
1 0 1 1 0 0 0 0 0 0
1 1 1 1 0 0 0 0 0 0
0 0 1 1 1 1 1 1 1 0
0 0 1 1 1 1 0 0 1 0
0 0 1 1 0 1 0 0 1 0
0 0 1 1 1 1 1 0 1 0
0 0 1 1 0 0 0 0 1 0
0 0 1 1 1 1 1 1 1 1
Maze 152
111 21 3.2881355932 2.1161052913 87 0.403430481473317
17 61 29 23 83 86 87 3 99 57 58 61 78 23 10 17
11 21 400 400 400 400 83 93 97 400 51 71 73 3 7
402 402 400 400 400 400 401 401 401 400 402 401 401 402 402
0 0 1 1 1 1 1 1 1 1
1 1 1 1 1 1 2 0 0 0
1 1 1 1 1 1 1 1 1 0
1 0 1 0 0 0 0 0 0 0
1 0 1 0 0 0 0 0 0 0
1 1 1 1 1 1 1 1 0 0
1 0 1 0 0 0 1 0 0 0
1 1 1 1 1 1 1 1 0 0
0 0 1 1 1 1 1 0 0 0
0 0 1 1 1 1 1 1 1 0
Maze 153
91 146 2.9180327869 2.3535998562 56 0.409075512952766
61 46 93 4 76 66 36 39 88 59 97 96 61 35 30 61
41 43 3 74 400 400 400 38 58 57 400 91 31 25 21
402 402 402 401 400 400 400 402 402 402 400 401 402 402 402
0 0 1 1 0 0 0 0 0 0
0 0 1 1 0 0 0 0 0 0
1 1 1 1 1 1 1 1 1 1
1 1 1 1 1 1 1 1 1 0
1 1 1 1 1 1 0 1 0 0
1 0 1 1 0 1 1 1 1 0
2 0 1 1 0 1 1 1 0 0
1 0 1 1 1 1 1 1 0 0
1 0 1 0 0 0 1 1 0 0
1 1 1 1 1 1 1 0 0 0
Maze 154
97 20 3.2608695652 1.9105770005 65 0.391922906971322
73 31 73 60 47 71 79 90 58 23 74 53 80 37 8 73
71 71 53 57 41 400 89 88 53 73 73 73 77 7 3
401 401 402 401 402 400 401 401 401 401 401 401 401 402 402
0 0 1 1 1 1 1 1 0 0
0 0 1 0 0 0 1 0 0 0
0 0 1 0 0 0 1 0 0 0
1 0 1 0 0 0 1 0 0 0
1 1 1 1 1 1 1 0 0 0
1 0 1 1 1 1 1 1 1 1
1 0 1 0 0 0 1 1 0 0
1 1 2 1 1 1 1 1 1 1
0 0 0 0 0 0 0 1 1 1
0 0 0 0 0 0 0 0 0 0
Maze 155
87 622 3.6086956522 2.0325848106 50 0.387394311587474
24 68 51 16 61 52 46 75 93 87 16 24 12 57 22 24
64 61 11 11 51 42 45 73 83 86 14 22 52 52 400
401 401 402 402 402 402 402 402 402 401 402 401 401 401 400
0 0 0 0 0 0 0 0 0 0
1 1 1 1 1 1 0 0 0 0
1 1 1 2 0 1 0 0 0 0
1 1 0 1 0 1 0 0 0 0
1 1 1 1 1 1 0 0 0 0
1 1 1 1 1 1 1 0 0 0
1 1 1 1 1 1 1 1 0 0
0 0 1 1 1 1 0 0 0 0
0 0 1 1 1 1 1 0 0 0
0 0 1 0 0 0 0 0 0 0
Maze 156
93 12 3.6818181818 1.9915923522 40 0.394947746383266
84 50 63 42 75 13 3 53 83 47 97 34 7 14 59 84
44 43 62 72 73 400 400 400 43 400 94 4 4 54 54
402 402 401 401 401 400 400 400 402 400 401 402 402 401 402
0 0 1 1 1 1 1 0 0 0
0 0 1 1 0 0 0 0 0 0
0 0 1 1 0 0 0 0 0 0
0 0 1 1 0 0 0 0 0 0
0 1 1 1 1 1 1 1 1 1
0 1 1 1 1 1 1 1 1 0
0 1 1 1 0 0 1 0 0 0
0 1 1 1 1 0 1 0 0 0
0 0 1 2 0 0 1 0 0 0
0 0 0 1 1 1 1 0 0 0
Maze 157
95 117 3.3600000000 2.1047097326 77 0.391314925102784
58 32 4 87 86 45 32 92 57 34 81 33 37 30 41 58
52 2 84 400 85 42 400 52 54 31 31 400 27 21 51
401 402 401 400 401 401 400 402 401 402 402 400 402 402 401
0 1 1 1 0 0 0 0 0 0
0 1 0 1 0 0 0 0 0 0
1 1 1 1 1 1 1 1 1 1
1 1 1 1 1 1 1 0 0 0
1 1 1 1 1 0 0 0 0 0
1 1 1 1 1 1 1 2 0 0
1 1 0 1 1 0 0 0 0 0
1 1 0 1 1 0 0 0 0 0
1 1 0 1 1 1 1 0 0 0
0 1 0 0 0 0 0 0 0 0
Maze 158
105 16 3.2982456140 2.1472172833 92 0.381686004890225
70 36 39 34 77 92 20 43 75 97 23 61 13 67 64 70
66 400 400 74 72 12 13 73 95 93 21 11 63 400 400
401 400 400 401 402 402 402 401 401 401 402 402 401 400 400
0 0 0 0 0 0 0 0 0 0
1 1 1 1 1 1 1 1 1 1
1 1 1 0 0 0 0 0 0 0
1 1 1 1 1 1 1 1 1 0
1 1 1 1 0 1 0 0 0 0
1 1 1 1 0 1 0 0 0 0
1 1 1 1 1 1 1 1 1 2
0 1 1 1 1 1 1 0 0 0
0 1 1 0 1 0 0 0 0 0
0 1 1 1 1 1 1 0 0 0
Maze 159
123 482 3.2923076923 2.1140068445 109 0.385168093373819
59 68 59 2 70 25 11 88 20 79 22 96 41 32 82 59
58 58 52 62 65 21 81 18 19 72 92 91 31 400 52
402 402 401 401 401 401 401 402 402 401 401 401 402 400 402
0 1 0 0 0 0 0 0 0 0
1 1 0 0 0 0 0 1 1 1
1 1 1 1 1 0 0 1 1 0
1 1 0 0 1 0 0 1 1 0
1 1 0 0 1 0 0 1 1 0
1 1 1 1 1 1 1 1 2 0
1 1 1 1 1 1 1 1 1 1
1 1 1 1 1 1 1 1 1 0
1 1 1 1 1 1 1 1 0 0
1 1 1 1 1 1 0 0 0 0
Maze 160
105 143 3.4444444444 2.1318092796 91 0.390388575613299
62 33 52 69 41 2 80 19 80 40 76 6 36 1 17 62
32 32 62 61 1 72 79 79 400 36 400 400 31 11 12
402 402 401 401 402 401 401 401 400 402 400 400 401 401 402
1 1 0 0 0 1 0 0 0 0
1 1 1 1 1 1 1 0 1 0
1 1 0 0 0 1 0 0 1 0
1 1 1 1 1 1 1 1 1 1
1 1 0 0 0 1 0 0 1 1
1 1 0 0 0 1 0 0 1 1
1 2 1 1 1 1 1 1 1 1
0 1 1 1 1 1 1 1 1 1
0 0 0 0 0 0 0 0 0 0
0 0 0 0 0 0 0 0 0 0
Maze 161
89 208 3.1538461538 2.1803772006 36 0.368192985212876
62 77 54 76 100 55 56 41 76 37 79 37 19 23 96 62
72 74 74 96 95 400 51 71 36 77 77 17 13 93 92
401 401 401 401 401 400 401 401 402 401 401 402 402 401 401
0 0 0 0 0 0 0 0 0 0
0 0 1 1 1 1 1 1 1 0
0 0 1 0 0 0 1 0 0 0
0 0 1 0 0 1 1 0 0 0
1 0 1 0 0 1 1 0 0 0
1 1 1 1 1 1 1 0 0 0
1 2 1 1 1 1 1 0 0 0
1 1 1 1 1 1 1 1 1 0
0 1 1 0 1 1 0 0 0 0
0 1 1 1 1 1 1 1 1 1
Maze 162
97 57 3.0689655172 2.1774865224 70 0.366903687853406
14 4 89 59 5 75 48 23 57 91 95 92 33 11 83 14
400 84 400 55 400 45 43 53 51 400 400 32 31 81 13
400 401 400 401 400 402 401 401 402 400 400 402 401 401 402
0 0 0 1 1 0 0 0 0 0
1 0 1 2 1 0 0 0 0 0
1 0 1 1 1 0 0 0 0 0
1 1 1 1 1 0 0 0 0 0
1 1 1 1 1 1 1 1 0 0
1 1 1 1 1 1 1 1 1 0
1 1 1 1 1 0 0 0 1 0
1 1 1 1 1 0 0 0 1 0
1 1 1 1 1 1 1 1 1 0
1 1 1 1 1 0 0 0 0 0
Maze 163
91 126 3.3600000000 2.0850105500 45 0.377119016409402
31 6 48 76 40 5 57 57 66 54 24 49 11 32 78 31
1 46 46 36 35 55 400 56 64 400 44 41 31 72 71
402 401 402 402 401 401 400 402 401 400 401 401 401 401 401
1 1 1 1 1 1 0 0 0 0
1 0 0 0 1 1 0 0 0 0
1 0 0 1 1 1 0 0 0 0
2 1 0 1 1 1 1 1 1 1
1 1 1 1 1 1 1 1 1 0
1 1 0 1 1 1 1 0 0 0
1 1 0 1 1 1 0 0 0 0
1 1 1 1 1 1 1 1 0 0
0 0 0 0 0 0 0 0 0 0
0 0 0 0 0 0 0 0 0 0
Maze 164
101 280 2.8771929825 2.1005204137 71 0.393416770529516
50 29 78 81 57 63 88 48 32 100 50 98 49 72 65 50
49 28 71 51 53 83 400 42 92 400 48 48 42 62 45
401 402 402 402 402 401 400 401 401 400 402 402 402 402 402
0 0 0 0 0 0 0 0 0 0
0 0 0 0 0 0 0 0 0 0
0 0 0 0 0 0 0 1 1 0
0 1 0 0 0 0 0 1 1 0
0 1 1 1 1 1 1 1 1 2
1 1 1 1 1 1 1 1 0 1
1 1 1 1 1 0 0 1 0 1
1 1 1 1 1 1 1 1 0 1
1 1 1 1 1 1 1 1 0 1
0 1 1 1 1 1 1 1 1 1
Maze 165
93 104 2.9666666667 2.3311565995 44 0.369281353496115
83 46 45 73 59 89 100 10 75 32 30 3 40 57 57 83
43 400 43 53 400 99 400 5 72 22 23 33 37 400 53
402 400 402 402 400 401 400 402 401 402 401 401 402 400 402
0 0 1 0 1 1 1 1 1 1
0 0 1 0 1 0 0 0 0 1
0 1 1 1 1 1 1 1 1 1
0 1 1 1 1 1 1 1 1 1
0 1 1 1 1 1 1 0 0 1
0 1 1 1 1 1 1 1 1 1
0 1 1 0 1 0 0 0 1 1
0 1 1 1 1 0 0 0 1 1
0 0 2 0 0 0 0 0 1 1
0 0 0 0 0 0 0 0 1 1
Maze 166
99 63 3.4509803922 2.0846340683 70 0.391502341959685
88 56 37 34 84 17 96 25 53 96 22 28 83 25 78 88
86 36 400 400 14 16 95 23 93 92 400 23 23 75 400
401 402 400 400 402 402 401 402 401 401 400 402 402 401 400
0 0 0 0 0 0 0 0 0 0
0 0 0 1 1 1 1 0 0 0
0 1 1 1 1 1 1 1 0 0
0 1 1 1 1 1 1 0 0 0
0 1 1 1 1 1 0 0 0 0
0 1 1 1 1 1 0 0 0 0
0 1 1 1 1 1 0 0 0 0
0 1 1 1 1 1 1 1 0 0
0 1 1 1 1 1 1 2 0 0
0 1 1 1 1 1 0 0 0 0
Maze 167
59 4 2.9729729730 2.1839221259 5 0.337533504655367
26 47 58 69 100 68 38 29 33 52 41 53 2 46 30 26
46 57 68 99 98 400 28 23 32 51 51 52 42 26 400
401 401 401 401 401 400 402 402 402 401 401 401 401 402 400
0 1 0 0 0 0 0 0 0 0
0 1 0 0 0 0 0 0 0 0
0 1 1 1 1 2 1 1 1 1
0 1 1 0 0 1 0 1 0 0
1 1 1 1 1 1 1 1 0 0
1 1 1 0 0 0 1 1 0 0
0 0 0 0 0 0 0 1 1 0
0 0 0 0 0 0 0 1 1 0
0 0 0 0 0 0 0 1 1 0
0 0 0 0 0 0 0 1 1 1
Maze 168
93 310 3.4666666667 1.9567232082 36 0.397045147775562
73 92 26 6 27 95 42 95 63 51 37 30 52 2 16 73
72 22 400 26 25 92 92 93 61 31 27 22 400 12 13
402 402 400 401 402 401 401 401 401 402 402 402 400 401 402
0 1 0 0 0 1 0 0 0 0
0 1 1 1 1 1 0 0 0 0
0 1 1 1 1 1 1 1 1 1
1 1 1 1 1 1 1 0 0 0
1 1 1 0 1 0 0 0 0 0
1 1 1 0 1 0 0 0 0 0
1 1 1 0 1 0 0 0 0 0
0 1 2 0 1 0 0 0 0 0
0 1 1 0 1 0 0 0 0 0
0 1 1 1 1 0 0 0 0 0
Maze 169
83 15 2.9795918367 2.1098800302 16 0.365234639300910
80 38 35 10 11 25 38 9 17 35 87 43 76 43 54 80
78 400 5 1 21 35 8 7 15 85 83 73 73 53 74
401 400 402 402 401 401 402 402 402 401 401 401 401 401 401
1 1 1 1 1 1 1 1 1 1
1 0 0 0 1 1 1 1 0 0
1 1 1 1 1 0 0 1 0 0
0 0 0 0 1 1 1 1 0 0
0 0 1 0 1 0 0 1 0 0
0 0 1 1 1 0 0 1 0 0
0 0 1 1 1 0 0 1 0 0
0 0 1 1 1 1 1 1 1 2
0 0 1 1 1 1 1 0 0 0
0 0 0 0 0 0 0 0 0 0
Maze 170
103 3075 2.8484848485 2.2036207679 71 0.379890810426777
10 12 73 55 18 38 24 78 65 63 97 30 62 31 85 10
2 72 53 15 400 34 74 75 400 93 27 22 61 81 5
402 401 402 402 400 401 401 401 400 401 402 402 401 401 402
0 1 1 1 1 1 1 1 1 2
0 1 0 0 1 1 1 1 0 0
0 1 1 1 1 1 1 1 1 1
1 1 0 1 1 1 1 1 0 0
1 1 0 1 1 0 1 0 0 0
1 1 1 1 1 0 1 0 0 0
1 1 1 1 1 0 1 0 0 0
1 1 1 1 1 1 1 1 0 0
1 1 1 1 1 0 1 0 0 0
0 0 1 1 1 1 1 0 0 0
Maze 171
95 159 2.7812500000 2.3158509097 77 0.385507017453643
67 46 44 63 49 79 7 5 90 73 92 17 29 41 5 67
66 400 43 43 400 77 400 85 83 72 12 27 21 1 65
401 400 402 402 400 401 400 401 401 402 402 401 402 402 401
1 1 1 1 1 1 1 0 0 0
1 1 1 1 1 1 1 0 0 0
1 1 1 1 1 1 1 1 1 0
1 1 0 0 1 0 1 0 0 0
1 1 1 1 1 1 1 1 1 0
0 1 1 0 1 1 1 0 1 0
0 1 1 0 1 1 2 0 1 0
0 1 1 0 1 0 1 1 1 0
0 1 1 1 1 1 1 1 1 1
0 1 0 0 0 0 0 0 0 0
Maze 172
117 203 3.5272727273 2.0478918420 140 0.391444835615202
46 91 64 3 84 13 100 2 57 38 36 33 67 41 77 46
41 61 63 83 83 93 92 52 37 400 400 63 61 71 76
402 402 401 401 401 401 401 401 402 400 400 401 401 401 401
0 1 1 0 0 0 0 0 0 0
0 1 1 0 0 0 0 0 0 0
0 1 1 0 0 0 0 0 0 0
0 1 1 1 1 1 1 1 0 0
1 1 1 1 1 2 1 0 0 0
1 1 1 1 1 1 1 0 0 0
1 1 1 1 1 1 1 0 0 0
1 1 1 1 1 1 1 0 0 0
1 1 1 1 0 0 0 0 0 0
1 1 1 1 1 1 1 1 1 1
Maze 173
79 310 3.0666666667 2.0426134039 30 0.368703631228915
54 78 60 76 78 59 14 37 86 32 12 70 47 35 63 54
74 58 56 400 58 54 34 36 82 400 62 67 45 33 53
401 402 402 400 402 401 401 402 401 400 401 401 401 402 402
0 0 0 0 0 0 0 0 0 0
0 1 0 1 0 0 0 0 0 0
0 1 0 1 0 0 0 0 0 0
0 1 1 1 1 1 1 0 0 0
0 1 1 1 1 1 1 0 0 0
0 1 1 2 1 1 1 1 1 1
0 1 1 1 1 1 1 1 1 1
0 1 0 1 1 1 1 1 0 0
0 1 1 1 1 1 0 0 0 0
0 0 0 0 0 0 0 0 0 0
Maze 174
79 151 2.6785714286 2.3113373802 30 0.378414779990576
53 45 29 20 74 1 15 93 66 69 58 56 22 5 53 53
43 25 19 14 71 11 13 63 400 68 400 52 2 3 400
402 402 402 402 401 401 402 402 400 401 400 401 402 402 400
1 1 1 1 1 0 0 0 0 0
1 1 1 1 1 1 1 1 1 1
1 1 1 1 1 1 1 1 1 0
1 1 1 1 1 0 0 0 0 0
1 1 1 1 1 0 0 0 0 0
1 1 2 1 1 1 1 1 0 0
1 0 1 1 1 1 1 1 1 0
1 1 1 1 0 0 0 0 0 0
0 0 1 0 0 0 0 0 0 0
0 0 1 0 0 0 0 0 0 0
Maze 175
89 39 3.6888888889 2.0341609652 40 0.370616382391084
97 99 82 29 73 13 38 14 75 54 44 95 56 66 52 97
400 92 22 23 400 33 34 74 74 400 94 55 400 62 92
400 401 402 402 400 401 401 401 401 400 401 402 400 401 401
0 0 0 0 0 0 0 0 0 0
0 0 1 1 0 0 0 0 0 0
0 1 1 1 1 1 1 1 1 0
0 1 1 1 1 1 1 1 0 0
0 1 1 1 0 0 0 0 0 0
0 1 1 1 1 1 0 0 0 0
0 1 1 1 1 1 0 0 0 0
0 1 1 1 1 0 0 0 0 0
0 1 0 1 1 0 0 0 0 0
0 1 1 1 1 1 2 1 1 0
Maze 176
109 22 3.0000000000 2.3634640945 47 0.380203893290471
67 84 71 74 86 37 100 1 97 90 10 70 4 52 32 67
64 81 400 84 36 97 91 91 87 400 400 64 2 400 62
402 401 400 401 402 401 401 401 402 400 400 401 402 400 401
1 1 1 1 0 0 0 0 0 1
1 1 0 1 0 0 0 0 0 1
1 1 0 1 0 0 0 0 0 1
1 1 0 1 0 1 1 0 0 1
1 1 0 1 0 1 1 0 0 1
1 1 0 1 0 1 1 0 0 1
1 1 1 1 1 1 2 1 1 1
1 1 1 1 0 1 1 0 0 1
1 1 1 1 1 1 1 1 1 1
1 1 1 1 1 1 1 1 1 1
Maze 177
91 77 2.7586206897 2.1152672496 50 0.373483241645639
89 43 74 46 14 22 30 89 76 38 90 66 17 35 92 89
83 73 44 44 12 400 29 86 36 88 86 16 15 32 82
401 401 402 401 402 400 402 401 402 401 401 402 402 402 402
0 0 0 0 0 0 0 0 0 0
0 1 1 1 1 1 1 0 0 0
0 1 1 1 1 1 1 1 1 1
0 1 1 1 1 1 1 1 1 0
0 1 1 1 1 1 0 1 1 0
0 1 1 1 0 1 0 1 1 0
0 1 1 1 0 1 0 1 1 0
0 1 1 1 0 1 0 1 1 0
0 1 1 1 1 1 1 1 2 1
0 1 0 0 0 0 0 0 0 0
Maze 178
93 63 3.6086956522 2.0504041575 45 0.380646484702849
95 59 13 96 75 86 65 27 38 31 40 26 32 51 50 95
55 53 93 95 85 85 25 37 400 400 36 22 31 41 45
402 401 401 401 401 401 402 401 400 400 401 402 402 402 402
0 0 0 0 0 0 0 0 0 0
0 0 1 0 0 0 0 0 0 0
0 1 1 1 1 1 1 0 0 0
1 1 1 1 1 1 1 1 1 1
1 1 1 1 1 1 1 1 1 1
1 0 1 1 1 1 1 1 1 0
0 0 1 0 1 0 0 0 0 0
0 0 1 0 1 0 0 0 0 0
0 0 1 0 1 1 0 0 0 0
0 0 1 1 2 1 0 0 0 0
Maze 179
107 69 3.7826086957 1.8589043440 94 0.380704224101248
3 64 3 73 30 32 12 40 64 59 28 91 61 48 48 3
63 63 400 23 22 400 32 34 54 58 21 400 41 400 43
401 401 400 402 402 400 401 402 402 401 402 400 402 400 401
0 0 2 0 0 0 0 0 0 0
0 1 1 0 0 0 0 0 0 0
1 1 1 1 1 1 1 1 1 1
1 1 1 1 1 1 1 1 1 1
1 1 1 1 1 1 1 1 0 0
1 0 1 1 1 1 1 1 1 0
1 0 1 1 0 0 0 0 0 0
1 0 1 0 0 0 0 0 0 0
1 0 0 0 0 0 0 0 0 0
1 0 0 0 0 0 0 0 0 0
Maze 180
109 568 3.0000000000 2.2162384708 98 0.374470964099744
22 76 66 80 47 10 93 35 80 1 36 18 48 89 49 22
72 400 76 77 7 3 33 75 71 31 16 400 88 400 42
401 400 401 401 402 402 402 401 401 401 402 400 401 400 401
1 0 1 1 1 1 1 1 1 1
1 0 1 0 0 1 1 1 0 0
1 2 1 0 0 1 1 1 0 0
1 1 1 1 1 1 1 1 0 0
1 1 1 1 1 1 1 1 1 0
1 1 1 0 1 0 1 1 1 0
1 1 1 0 1 1 1 1 1 0
1 1 1 1 1 1 1 1 1 1
0 0 1 0 0 0 0 1 1 0
0 0 1 0 0 0 0 0 0 0
Maze 181
95 191 2.8437500000 2.3573200897 64 0.408227570824581
71 16 30 55 66 68 90 65 99 81 37 38 97 7 74 71
11 26 25 65 400 88 85 95 91 31 400 37 400 4 400
402 401 402 401 400 401 401 401 401 402 400 402 400 402 400
0 0 0 1 1 1 1 0 0 0
1 1 1 1 1 1 1 0 0 0
1 0 0 1 1 1 1 1 1 1
1 1 1 1 1 1 1 1 0 0
1 0 0 1 1 0 1 0 0 0
1 0 0 1 1 0 1 0 0 0
1 0 0 1 1 1 1 1 0 0
2 1 1 1 1 0 1 1 0 0
1 0 0 0 1 1 1 1 1 1
1 1 1 1 1 1 1 1 1 0
Maze 182
83 138 2.6779661017 2.3220052245 35 0.396049642657694
10 74 28 98 84 75 75 81 12 82 81 44 73 85 36 10
4 24 400 94 74 400 71 11 400 400 41 43 83 35 6
402 402 400 401 402 400 402 402 400 400 402 402 401 402 402
0 0 0 1 1 1 1 1 1 2
1 1 0 1 0 1 0 0 0 0
1 1 0 1 1 1 1 1 0 0
1 1 0 1 1 1 0 1 0 0
1 1 1 1 1 0 0 1 0 0
1 1 1 1 1 0 0 1 0 0
1 1 1 1 1 0 0 1 0 0
1 1 1 1 1 0 0 1 0 0
1 1 1 1 1 0 0 1 0 0
0 0 0 1 1 1 1 1 0 0
Maze 183
115 883 3.2542372881 2.0379518783 148 0.386747655997522
28 98 62 60 7 48 3 36 99 32 75 78 16 62 82 28
400 92 52 57 47 43 33 96 92 72 400 76 12 400 22
400 401 402 401 401 401 401 401 401 401 400 401 402 400 402
0 0 1 0 0 0 1 0 0 0
0 1 1 1 1 1 1 0 0 0
0 1 1 1 1 1 1 2 0 0
0 1 1 1 1 1 1 1 0 0
0 1 1 1 1 1 1 1 0 0
0 1 1 1 1 1 1 1 1 1
0 1 0 0 0 1 0 1 0 0
0 1 1 1 1 1 1 1 0 0
0 1 0 0 0 1 0 1 0 0
0 1 1 1 1 1 1 1 1 0
Maze 184
99 358 3.2857142857 2.1621356322 77 0.388467717038834
52 47 39 32 5 41 48 61 70 76 38 87 61 84 15 52
42 37 400 2 1 400 41 400 66 36 37 81 81 14 12
402 402 400 402 402 400 402 400 402 402 402 401 401 402 402
1 1 1 1 1 0 0 0 0 0
1 1 1 1 1 0 0 0 0 0
1 1 0 1 0 0 0 0 0 0
1 1 1 1 1 1 1 1 1 0
1 1 1 1 1 1 1 1 0 0
1 2 0 1 0 1 1 0 0 0
1 1 1 1 1 1 1 1 1 1
1 0 0 1 0 1 1 0 0 0
1 1 1 1 1 1 1 0 0 0
0 0 0 0 0 0 0 0 0 0
Maze 185
87 10 3.5121951220 1.9562299112 50 0.376511432730332
55 33 64 36 41 9 13 37 82 60 55 83 84 63 23 55
53 63 34 31 1 3 33 32 52 400 53 400 83 400 53
401 401 402 402 402 402 401 402 402 400 402 400 401 400 401
1 1 1 1 1 1 1 1 1 0
1 0 1 0 0 0 0 0 0 0
1 0 1 0 0 0 0 0 0 0
1 1 1 1 1 1 1 0 0 0
1 1 1 1 0 0 0 0 0 0
0 1 1 1 2 1 1 1 1 1
0 1 1 1 0 0 0 0 0 0
0 1 1 0 0 0 0 0 0 0
0 1 1 1 0 0 0 0 0 0
0 0 0 0 0 0 0 0 0 0
Maze 186
93 548 3.2075471698 2.1584783329 56 0.401156309975636
42 18 88 33 67 65 97 3 34 98 100 28 37 48 40 42
12 400 83 63 400 95 93 33 94 400 98 27 47 38 32
402 400 401 401 400 401 401 401 401 400 401 402 401 402 402
0 0 1 0 0 0 0 0 0 0
0 1 1 1 1 1 1 1 0 0
0 1 1 0 0 0 1 1 0 0
0 1 1 1 1 1 1 1 1 1
0 2 1 1 0 0 1 1 0 0
0 0 1 1 0 0 0 1 0 0
0 0 1 1 1 1 1 1 0 0
0 0 1 1 1 0 0 1 0 0
0 0 1 1 1 1 1 1 0 0
0 0 1 1 1 1 1 1 1 1
Maze 187
103 1867 3.4615384615 2.1633019004 71 0.389599454197416
52 66 57 11 65 3 87 84 17 51 43 75 73 49 6 52
62 56 51 61 63 83 400 14 11 41 73 400 43 46 2
401 402 401 401 401 401 400 402 402 402 401 400 402 401 402
0 1 1 1 1 1 0 0 0 0
1 1 1 1 1 1 1 0 0 0
1 1 1 1 0 1 0 0 0 0
1 1 1 1 0 1 0 0 0 0
1 1 1 1 1 1 1 1 1 0
1 2 1 1 1 1 1 0 0 0
1 1 1 1 1 1 0 0 0 0
0 0 1 1 1 0 0 0 0 0
0 0 1 1 1 1 1 0 0 0
0 0 0 0 0 0 0 0 0 0
Maze 188
91 12 3.0434782609 1.9683736906 41 0.375075832450315
52 33 49 47 56 82 19 7 8 22 94 27 27 62 16 52
32 43 400 46 52 12 17 400 2 92 24 400 22 12 12
402 401 400 402 402 402 401 400 402 401 402 400 402 402 402
0 1 1 1 1 1 1 1 0 0
0 1 1 1 1 1 1 1 1 0
0 1 1 1 1 1 1 0 0 0
0 1 1 1 0 0 0 0 0 0
0 1 1 1 1 1 1 1 1 0
0 2 1 1 1 1 0 0 0 0
0 1 0 1 0 0 0 0 0 0
0 1 0 1 0 0 0 0 0 0
0 1 0 1 0 0 0 0 0 0
0 1 1 1 0 0 0 0 0 0
Maze 189
103 24 3.5111111111 1.8898410656 70 0.363845348628822
21 99 99 46 96 99 68 50 35 37 91 54 58 82 100 21
91 400 96 400 400 98 48 45 400 31 51 400 52 92 91
401 400 401 400 400 401 402 401 400 402 402 400 402 401 401
0 0 0 0 0 0 0 0 0 0
0 0 0 0 0 0 0 0 0 0
2 0 0 0 0 0 0 0 0 0
1 1 1 1 1 1 1 0 0 0
1 0 0 0 1 1 1 1 1 1
1 1 1 1 1 1 1 1 0 0
1 1 0 0 0 1 0 1 0 0
1 1 0 0 0 1 0 1 0 0
1 1 0 0 0 1 0 1 0 0
1 1 1 1 1 1 1 1 1 1
Maze 190
83 257 3.3777777778 2.1998489026 30 0.375449850782875
75 66 59 21 26 65 69 66 14 97 45 44 17 35 21 75
65 56 51 400 25 400 400 64 94 95 400 14 15 31 71
402 402 401 400 402 400 400 401 401 401 400 402 402 401 401
0 0 0 0 0 0 0 0 0 0
0 0 0 1 1 1 1 0 0 0
1 1 1 1 1 1 0 0 0 0
1 1 1 1 1 0 0 0 0 0
1 0 0 1 1 0 0 0 0 0
1 1 1 1 1 1 1 1 1 0
1 0 0 1 1 1 1 1 1 0
1 1 1 1 2 0 0 0 0 0
0 0 0 1 1 0 0 0 0 0
0 0 0 1 1 1 1 0 0 0
Maze 191
85 42 2.8727272727 2.2622827368 50 0.351707581365151
97 53 33 10 74 88 7 7 12 3 26 12 81 87 75 97
93 400 3 4 84 87 400 2 2 23 22 11 400 85 95
401 400 402 402 401 401 400 402 402 401 401 402 400 401 401
0 1 1 1 1 1 1 1 1 1
1 1 1 1 0 0 1 0 0 0
1 1 1 1 1 1 1 0 0 0
1 0 1 1 0 0 1 0 0 0
1 0 1 1 0 0 1 0 0 0
1 0 1 1 0 0 1 0 0 0
1 0 1 1 0 0 1 0 0 0
1 0 1 1 1 0 1 0 0 0
1 1 1 1 1 1 1 1 0 0
0 0 1 1 1 1 2 0 0 0
Maze 192
73 23 3.0909090909 2.1673356454 13 0.371979707992977
54 95 77 88 77 53 36 56 79 47 36 43 96 1 35 54
94 75 87 87 73 33 400 76 77 46 33 93 91 31 34
401 402 401 401 401 402 400 401 401 401 402 401 401 401 402
1 0 0 0 0 0 0 0 0 0
1 0 0 0 0 0 0 0 0 0
1 0 0 0 0 0 0 0 0 0
1 1 1 1 1 1 0 0 0 0
1 0 1 1 0 1 1 0 0 0
1 0 1 2 0 1 1 0 0 0
1 0 1 1 0 1 1 0 0 0
1 0 1 1 1 1 1 1 1 0
1 0 1 1 1 0 1 1 0 0
1 1 1 1 1 1 0 0 0 0
Maze 193
89 64 3.2340425532 2.0415697197 45 0.396815355472259
33 12 57 51 2 76 73 5 82 18 16 29 10 18 28 33
32 52 400 1 72 400 3 2 12 400 26 9 8 400 23
401 401 400 402 401 400 402 402 402 400 401 402 402 400 402
1 1 1 1 1 0 0 1 1 1
1 1 1 1 1 1 1 1 1 0
1 1 1 1 1 1 1 1 1 0
1 1 2 0 0 0 0 0 0 0
1 1 1 0 0 0 0 0 0 0
1 1 1 1 1 1 1 0 0 0
0 1 1 0 0 0 0 0 0 0
0 1 1 1 1 1 0 0 0 0
0 1 0 0 0 0 0 0 0 0
0 0 0 0 0 0 0 0 0 0
Maze 194
111 22 3.0175438596 2.0611736348 97 0.384187383606990
15 41 91 52 43 20 86 37 54 89 19 66 98 15 81 15
11 400 51 42 13 16 36 34 84 400 16 96 95 11 11
402 400 402 402 402 402 402 402 401 400 402 401 401 402 402
0 0 0 0 0 0 0 0 0 0
1 1 1 1 2 1 1 1 1 1
1 0 1 0 1 1 0 0 1 0
1 0 1 1 1 1 1 0 1 0
1 1 1 1 1 1 0 0 1 0
1 1 0 1 1 1 0 0 1 0
1 0 0 1 1 1 0 0 1 0
1 0 0 1 1 1 0 0 1 0
1 0 0 1 1 1 1 1 1 0
1 0 0 0 1 1 1 1 0 0
Maze 195
93 16 2.8928571429 2.1369116885 56 0.365446063731829
24 97 90 99 8 85 77 46 75 41 31 81 47 85 19 24
94 87 89 98 5 75 76 45 71 400 400 41 45 15 14
401 402 402 401 402 402 401 402 401 400 400 402 402 402 402
0 0 0 0 1 1 1 1 0 0
0 0 0 1 1 1 1 1 1 0
0 0 0 2 1 0 0 1 0 0
1 0 0 1 1 0 0 1 0 0
1 1 1 1 1 1 1 1 0 0
1 0 0 1 1 1 0 1 0 0
1 0 0 1 1 1 0 1 0 0
1 1 1 1 1 1 1 1 0 0
1 0 0 1 1 0 1 1 1 1
0 0 0 1 1 1 1 1 1 0
Maze 196
75 46 2.8800000000 2.2470388083 35 0.360007524622033
61 77 97 80 56 25 76 6 1 28 50 13 3 43 54 61
71 400 77 76 55 75 400 400 21 48 43 400 400 53 51
401 400 402 401 401 401 400 400 401 401 401 400 400 401 402
1 1 1 1 1 1 0 0 0 0
1 0 1 0 0 1 0 0 0 0
1 1 1 1 1 1 1 1 0 0
0 0 1 0 1 1 0 1 0 0
0 0 1 1 1 1 1 1 1 1
1 1 1 1 1 1 0 0 0 0
2 0 0 0 1 1 0 0 0 0
1 1 1 1 1 1 1 1 1 1
0 0 0 0 0 0 1 0 0 0
0 0 0 0 0 0 1 0 0 0
Maze 197
105 856 3.0967741935 2.2096383572 81 0.384330097644853
43 83 86 18 6 72 91 35 8 86 81 20 30 94 22 43
400 400 16 16 2 71 31 5 6 400 11 400 24 92 42
400 400 402 401 402 402 402 402 402 400 402 400 402 401 401
0 1 1 1 1 1 1 1 0 0
1 1 1 1 1 1 1 1 1 1
1 1 0 1 1 1 1 1 1 1
1 1 1 1 1 1 0 0 0 0
1 1 2 1 0 1 0 0 0 0
1 1 1 1 0 1 0 0 0 0
1 1 1 1 0 1 0 0 0 0
1 1 1 1 0 1 0 0 0 0
1 1 1 1 1 1 0 0 0 0
1 1 1 1 0 0 0 0 0 0
Maze 198
117 51 2.8750000000 1.9793236426 156 0.381975537773764
63 14 47 91 98 40 90 55 29 51 52 87 5 95 29 63
13 44 41 400 38 400 85 25 21 400 82 85 400 25 23
402 401 402 400 402 400 401 402 402 400 401 401 400 402 402
0 0 0 0 1 0 0 0 0 0
0 0 1 1 1 0 0 0 0 0
1 1 1 1 1 1 1 1 1 0
1 0 1 1 1 0 0 1 1 1
1 1 1 1 1 1 1 1 0 1
1 1 1 0 1 0 0 1 0 1
1 1 2 0 1 0 0 1 0 1
1 1 0 0 1 0 0 1 0 1
1 1 1 1 1 1 1 1 1 1
1 1 1 1 1 1 1 1 0 0
Maze 199
93 78 3.1250000000 1.9210660051 40 0.382126217047911
76 50 55 65 86 63 30 63 34 96 84 91 30 55 63 76
46 45 400 85 83 23 23 33 94 94 81 21 25 53 73
402 402 400 401 401 402 402 402 401 401 402 402 402 402 401
0 0 0 0 0 0 0 0 0 0
0 0 0 0 0 0 0 0 0 0
1 1 1 1 1 1 1 1 1 1
1 0 1 1 1 0 0 0 0 0
1 0 1 1 1 1 1 1 1 1
1 0 1 1 1 1 0 0 0 0
1 0 1 1 1 1 0 0 0 0
1 0 1 1 1 2 0 0 0 0
1 1 1 1 1 1 0 0 0 0
1 0 0 1 1 1 0 0 0 0
Maze 200
91 408 3.0000000000 2.0813323489 50 0.372129602432829
13 97 28 85 25 66 7 47 4 11 35 40 67 39 25 13
93 27 25 400 65 6 400 44 1 31 400 37 37 35 23
401 402 402 400 401 402 400 401 402 401 400 402 402 401 401
1 1 1 1 0 1 1 0 0 0
1 0 2 1 0 1 1 0 0 0
1 0 1 1 1 1 1 1 0 0
1 1 1 1 1 1 1 1 1 1
0 0 1 1 1 1 1 0 0 0
0 0 1 0 1 1 1 0 0 0
0 0 1 0 1 1 1 0 0 0
0 0 1 0 1 0 1 0 0 0
0 0 1 0 1 0 1 0 0 0
0 0 1 1 1 1 1 0 0 0
