numMazes: 200
mazeSize: 10
Maze 1
95 15 2.9032258065 2.3418601250 77 0.365686330762616
92 63 5 19 24 35 79 49 88 30 25 96 11 97 86 92
62 3 15 14 34 75 400 48 28 400 95 91 91 96 82
402 402 401 402 401 401 400 402 402 400 401 401 401 401 402
0 0 1 1 1 0 0 0 0 0
1 0 1 1 1 1 1 1 1 0
1 0 1 1 1 1 1 1 1 1
1 0 1 1 1 0 0 1 0 0
1 0 1 0 1 0 0 1 1 0
1 0 1 0 1 0 0 1 1 0
1 1 1 0 1 0 0 1 1 0
1 1 0 0 1 1 1 1 1 0
1 1 1 1 1 1 0 1 0 0
1 2 1 1 1 1 1 0 0 0
Maze 2
87 116 3.2500000000 2.0559191449 36 0.386230714988252
47 8 29 43 67 31 8 8 2 2 37 44 47 70 3 47
7 28 23 63 61 1 400 400 400 32 34 400 67 63 43
402 401 402 401 401 402 400 400 400 401 402 400 401 401 401
1 1 1 1 1 1 1 1 0 0
1 1 1 0 0 0 1 1 0 0
1 1 1 1 1 1 1 1 1 0
1 1 1 1 1 1 1 0 0 0
1 0 1 1 1 1 2 0 0 0
1 0 1 0 0 0 1 0 0 0
1 1 1 1 1 1 1 1 1 1
0 0 0 0 0 0 0 0 0 0
0 0 0 0 0 0 0 0 0 0
0 0 0 0 0 0 0 0 0 0
Maze 3
129 175 3.5666666667 2.0155142096 166 0.388718106323507
47 59 14 4 61 49 83 55 84 29 73 10 41 9 100 47
57 54 400 1 41 43 53 54 24 23 3 1 1 99 97
401 401 400 402 402 402 402 402 402 402 402 402 402 401 401
1 1 1 1 1 1 1 1 1 1
1 0 1 1 0 0 0 0 1 0
1 0 1 1 1 1 1 1 1 0
1 0 1 1 0 0 0 0 1 0
1 1 1 1 1 1 2 1 1 0
1 0 1 1 1 1 1 1 1 0
1 0 1 1 0 0 1 0 1 0
0 0 1 1 0 0 1 0 1 0
0 0 1 1 0 0 1 0 1 0
0 0 0 0 0 0 1 1 1 1
Maze 4
99 38 3.1836734694 2.0194087953 71 0.402766687496721
70 1 19 97 70 58 53 57 62 37 86 70 87 40 67 70
61 11 17 67 68 400 400 52 32 36 66 67 37 37 400
401 401 402 402 401 400 400 402 402 402 402 402 402 402 400
1 0 0 0 0 0 0 0 0 0
1 1 1 1 1 1 1 1 1 0
1 0 0 0 0 0 1 0 0 0
1 1 1 1 1 1 1 1 1 1
1 1 0 0 0 1 1 0 0 0
1 1 1 1 1 1 1 1 0 0
1 1 1 1 1 1 1 1 1 2
0 0 0 0 0 1 1 0 0 0
0 0 0 0 0 1 1 0 0 0
0 0 0 0 0 0 1 0 0 0
Maze 5
81 7 3.1304347826 2.2038416758 30 0.369918285648452
83 52 16 55 19 18 38 29 91 42 81 71 26 49 57 83
82 12 15 15 400 400 28 21 41 41 400 21 46 47 53
401 402 402 402 400 400 402 402 402 402 400 402 401 402 402
0 0 0 0 0 0 0 0 0 0
0 1 1 1 1 1 1 1 1 0
1 1 1 1 1 1 1 1 1 0
1 1 0 0 1 1 0 1 0 0
1 1 0 0 1 1 1 1 1 0
1 1 1 1 1 1 1 0 0 0
1 1 1 0 0 0 0 0 0 0
1 1 1 0 0 0 0 0 0 0
1 1 2 0 0 0 0 0 0 0
1 0 0 0 0 0 0 0 0 0
Maze 6
83 162 2.8928571429 2.3233028506 26 0.398661894528479
31 25 95 61 89 46 52 58 97 87 32 42 64 6 6 31
21 400 91 81 86 42 400 57 400 82 400 62 4 400 1
402 400 401 401 401 402 400 402 400 401 400 401 402 400 402
1 1 1 1 1 1 0 0 0 0
1 0 0 1 0 0 0 0 0 0
1 1 1 1 1 0 0 0 0 0
2 1 0 1 1 0 0 0 0 0
0 1 1 1 1 1 0 0 0 0
0 1 1 1 1 1 1 1 0 0
1 1 1 1 1 1 1 0 0 0
1 1 0 0 1 1 1 0 0 0
1 1 1 1 1 1 1 1 1 0
1 1 1 1 1 0 1 0 0 0
Maze 7
77 604 3.2558139535 2.1677188952 35 0.387778135818740
82 50 58 55 45 46 43 82 95 78 71 63 38 96 35 82
42 48 400 400 400 400 42 92 75 400 61 33 36 95 32
402 402 400 400 400 400 402 401 402 400 402 402 402 401 402
0 0 0 0 0 0 0 0 0 0
0 0 0 0 0 0 0 0 0 0
0 0 0 0 0 0 0 0 0 0
0 1 1 1 1 1 1 1 0 0
0 1 1 1 1 1 1 1 1 1
0 1 1 0 1 1 1 1 0 0
1 1 1 0 1 1 0 0 0 0
1 1 1 1 1 1 1 1 0 0
0 2 0 0 1 1 0 0 0 0
0 1 1 1 1 1 0 0 0 0
Maze 8
87 82 3.3181818182 1.9196849603 36 0.365665233492841
80 59 29 43 80 37 55 48 53 22 30 29 82 63 35 80
79 400 23 73 77 35 45 43 52 400 400 22 62 33 75
401 400 402 401 401 402 402 402 401 400 400 402 402 402 401
0 0 0 0 0 0 0 0 0 0
0 0 0 0 0 0 0 0 0 0
0 1 1 1 1 1 1 1 1 1
0 1 1 1 1 1 1 0 1 0
0 1 1 1 1 1 1 1 1 0
0 1 1 0 1 0 1 0 1 0
0 1 1 0 1 0 1 0 1 0
0 1 1 1 1 1 1 1 1 2
0 1 0 0 0 0 0 0 0 0
0 0 0 0 0 0 0 0 0 0
Maze 9
97 436 2.9523809524 2.3243997066 77 0.379125354478815
39 17 91 75 38 89 75 29 28 4 94 66 65 2 60 39
37 11 71 35 88 85 25 400 24 400 64 400 62 52 59
401 402 402 402 401 401 402 400 401 400 402 400 401 401 401
0 1 0 1 0 0 0 0 0 0
1 1 1 1 1 1 1 0 0 0
1 1 0 1 1 1 1 1 1 0
1 1 0 1 1 1 1 1 2 0
1 1 0 1 1 0 0 1 1 0
1 1 1 1 1 1 1 1 1 1
1 1 1 1 1 1 0 1 0 0
1 1 1 1 1 0 0 1 0 0
1 0 0 1 1 1 1 1 1 0
1 0 0 1 0 0 0 0 0 0
Maze 10
107 14 3.4000000000 2.0076366573 68 0.382976879109463
52 37 18 92 61 98 67 68 2 22 72 31 90 52 96 52
32 17 12 91 91 97 400 62 400 400 71 81 82 92 92
402 402 402 401 401 401 400 401 400 400 401 401 401 401 401
0 1 0 0 0 0 0 0 0 0
0 1 1 1 1 1 1 1 0 0
0 1 0 0 0 0 1 0 0 0
1 1 1 1 1 1 1 0 0 0
1 1 0 0 0 0 0 0 0 0
1 2 0 0 0 0 0 0 0 0
1 1 1 1 1 1 1 1 0 0
1 1 0 0 0 0 1 0 0 0
1 1 1 1 1 1 1 1 1 1
1 1 1 1 1 1 1 1 0 0
Maze 11
107 223 3.0526315789 1.9083033199 85 0.383403687495574
99 4 74 41 69 18 12 23 98 95 24 28 42 74 29 99
94 400 71 61 68 400 22 93 400 94 400 22 72 24 400
401 400 401 401 401 400 401 401 400 401 400 402 401 402 400
0 0 0 1 0 0 0 0 0 0
0 1 1 1 1 1 1 1 0 0
0 1 1 1 1 1 1 1 1 0
0 1 1 1 0 0 0 1 1 0
1 1 1 1 0 0 0 1 1 0
1 1 1 1 0 0 0 1 1 0
1 1 1 1 1 1 1 1 1 0
1 1 1 1 0 0 0 0 1 0
0 0 1 1 0 0 0 0 1 0
0 0 1 1 1 1 1 1 2 0
Maze 12
93 19 3.0769230769 2.1842552171 39 0.359457915316581
75 15 87 59 29 28 91 2 51 55 63 52 53 99 41 75
400 85 57 400 400 21 1 1 400 53 62 400 93 91 71
400 401 402 400 400 402 402 402 400 402 401 400 401 401 401
1 1 0 0 0 0 0 0 0 0
1 0 0 0 1 0 0 0 0 0
1 1 1 1 1 1 1 1 1 0
1 0 0 0 1 0 0 0 1 0
1 0 0 0 1 0 0 0 1 0
1 1 1 1 1 0 1 1 1 0
1 1 1 0 1 0 1 0 0 0
1 1 1 1 2 0 1 0 0 0
1 0 1 0 1 1 1 0 0 0
1 1 1 1 1 1 1 1 1 0
Maze 13
115 127 3.4909090909 1.9530308903 165 0.388946169960418
87 16 50 73 7 48 81 70 45 67 4 67 51 13 23 87
86 46 43 3 47 41 61 65 65 64 64 61 11 400 83
401 401 402 402 401 402 402 401 401 401 401 401 402 400 401
0 0 1 1 1 1 1 0 0 0
1 1 1 1 0 1 1 0 0 0
1 0 1 1 0 1 1 0 0 0
1 0 1 1 0 1 1 0 0 0
1 1 1 1 1 1 1 1 1 1
1 0 1 1 1 1 0 0 0 0
1 1 1 1 1 1 1 1 1 1
1 0 1 0 0 1 0 0 0 0
1 0 1 1 1 1 2 0 0 0
0 0 0 0 0 0 0 0 0 0
Maze 14
87 74 3.0000000000 2.1025120994 45 0.376488414930153
58 17 80 18 17 12 36 37 90 40 27 3 18 80 52 58
57 77 78 400 400 32 400 87 400 37 23 13 78 72 400
401 401 401 400 400 401 400 401 400 401 401 401 401 401 400
0 0 1 0 0 0 0 0 0 0
0 1 1 1 1 1 1 1 0 0
0 1 1 1 1 1 1 1 0 0
0 1 1 1 1 1 1 1 1 1
0 0 0 0 0 0 1 1 0 1
0 1 1 1 1 1 1 2 0 1
0 1 0 0 0 0 1 1 0 1
0 1 1 1 1 1 1 1 1 1
0 0 0 0 0 0 1 1 1 1
0 0 0 0 0 0 0 0 0 0
Maze 15
87 62 2.9200000000 2.1025120994 41 0.378037281193973
86 49 50 93 96 69 32 9 46 48 62 52 62 37 60 86
46 400 43 400 66 62 2 6 400 42 400 400 32 57 56
402 400 402 400 402 401 402 402 400 402 400 400 402 401 402
0 1 1 1 1 1 1 1 1 0
0 1 0 0 0 1 0 0 0 0
0 1 0 0 0 1 0 0 0 0
0 1 1 1 1 1 1 0 0 0
0 1 1 1 1 1 1 1 1 1
0 1 1 0 0 1 1 1 1 1
0 1 1 1 1 1 1 1 1 0
0 0 1 0 0 1 0 0 0 0
0 0 1 0 0 2 0 0 0 0
0 0 1 1 1 1 0 0 0 0
Maze 16
81 59 2.6129032258 2.4050125562 35 0.392241383626873
37 84 93 19 5 57 95 82 71 38 30 60 48 88 17 37
34 83 13 15 55 55 92 81 31 28 400 58 400 87 400
402 402 402 401 401 402 401 401 402 402 400 401 400 401 400
0 0 0 0 1 0 0 0 0 0
0 0 1 1 1 1 1 1 1 0
0 0 1 0 1 0 1 1 1 1
1 1 1 1 1 1 2 1 0 1
1 0 1 1 1 0 1 1 0 1
1 0 1 1 1 1 1 1 1 1
1 0 1 1 1 0 1 1 0 0
1 0 1 1 1 0 1 1 0 0
1 1 1 1 1 0 1 1 0 0
0 1 1 1 1 0 0 0 0 0
Maze 17
101 61 3.2000000000 2.3195290864 56 0.389586422336308
81 12 63 30 64 15 86 71 91 89 48 100 33 61 73 81
11 62 23 24 14 85 81 400 81 88 98 93 31 71 71
402 401 402 402 402 401 401 400 402 401 401 401 402 401 402
0 0 0 0 0 0 0 0 0 0
1 1 0 1 1 0 0 0 0 0
1 1 1 1 1 1 1 1 1 1
1 1 1 1 1 0 0 0 0 0
1 1 1 1 1 0 0 1 0 0
1 1 1 1 1 0 0 1 0 0
1 1 1 1 1 0 0 1 0 0
1 1 1 0 1 0 0 1 0 0
2 1 1 1 1 1 1 1 1 0
1 0 1 1 1 1 1 1 1 1
Maze 18
99 187 3.3076923077 2.1152672496 54 0.405990764130522
16 91 5 39 29 56 16 80 95 69 38 17 27 78 11 16
11 1 35 400 26 400 76 75 65 68 37 400 77 71 400
402 402 401 400 402 400 401 402 402 401 401 400 401 401 400
1 1 1 1 1 0 0 0 0 0
1 1 1 1 1 2 1 0 0 0
1 0 0 0 1 1 1 1 1 0
1 0 0 0 1 1 1 1 1 0
1 0 0 0 0 1 1 1 0 0
1 0 0 0 0 1 1 1 0 0
1 0 0 0 1 1 1 1 1 0
1 1 1 1 1 1 1 1 1 1
1 0 0 0 1 0 0 0 0 0
1 0 0 0 1 0 0 0 0 0
Maze 19
111 900 2.9275362319 2.2451159921 104 0.391665764681611
6 80 91 94 4 82 36 49 79 6 30 31 38 98 35 6
76 71 400 400 2 32 46 400 76 26 21 400 400 95 5
401 402 400 400 402 402 401 400 401 401 402 400 400 401 402
0 1 1 1 1 2 0 0 0 0
0 1 0 1 1 1 0 0 0 0
1 1 1 1 1 1 1 1 1 1
1 1 1 1 1 1 1 1 0 0
0 1 0 1 1 1 1 1 1 0
0 1 0 1 1 1 0 1 1 0
0 1 0 1 1 1 0 1 1 0
1 1 1 1 1 1 1 1 1 1
1 1 0 1 1 0 0 1 0 0
1 1 1 1 1 1 1 1 0 0
Maze 20
93 112 3.0163934426 2.3278535886 29 0.395356196384211
30 37 22 24 71 90 76 2 10 88 8 46 49 39 67 30
27 32 400 21 81 86 72 400 8 400 6 400 400 37 27
402 401 400 402 401 401 401 400 402 400 402 400 400 402 402
0 1 1 1 1 1 1 1 1 1
0 1 0 0 0 1 0 1 0 0
1 1 1 1 0 1 1 1 1 2
1 1 1 1 1 1 1 1 1 0
1 1 0 0 0 1 1 1 1 0
1 1 0 0 0 0 1 1 0 0
1 1 0 0 0 0 1 1 0 0
1 1 1 1 1 1 0 1 0 0
1 1 1 1 1 1 1 1 1 1
0 0 0 0 0 0 0 0 0 0
Maze 21
105 3 3.2258064516 2.3040692333 81 0.372530984711992
12 84 43 63 30 8 31 99 31 31 65 90 89 65 69 12
82 83 400 23 28 1 91 91 400 61 85 400 85 400 62
401 401 400 402 401 402 401 401 400 401 401 400 401 400 401
1 1 1 1 1 1 1 1 0 0
1 2 0 0 0 0 0 1 0 0
1 1 1 1 1 1 1 1 1 1
1 1 1 0 0 0 0 0 0 0
1 1 1 0 0 0 0 0 0 0
1 1 1 0 0 0 0 0 0 0
1 1 1 1 1 1 1 1 1 0
1 1 1 0 1 0 0 0 0 0
1 1 1 1 1 1 1 1 1 1
1 1 1 1 1 1 1 1 1 0
Maze 22
105 172 3.4181818182 2.0619818784 94 0.380560308645751
18 85 10 55 43 3 62 53 35 32 20 18 84 1 56 18
15 5 5 53 400 2 52 33 400 12 400 14 81 51 16
402 402 402 401 400 402 402 402 400 402 400 402 401 401 402
1 1 1 0 1 1 1 1 1 1
1 1 1 1 1 1 1 2 1 1
1 1 1 1 1 1 0 0 0 0
1 1 1 1 1 1 0 0 0 0
1 1 1 1 1 1 0 0 0 0
1 1 1 1 1 1 0 0 0 0
1 1 0 1 1 0 0 0 0 0
1 0 0 1 1 0 0 0 0 0
1 1 1 1 1 0 0 0 0 0
0 0 0 0 0 0 0 0 0 0
Maze 23
85 31 3.0000000000 2.0183324481 36 0.409543662931902
36 10 49 54 3 17 98 56 18 6 79 36 20 18 20 36
6 9 44 53 13 97 96 16 16 76 76 16 400 400 16
402 402 402 401 401 401 401 402 401 401 401 402 400 400 402
0 0 1 0 0 1 1 1 1 1
0 0 1 1 1 1 1 1 1 1
0 0 1 0 0 1 1 0 1 0
0 0 1 0 0 2 1 0 1 0
0 0 1 1 1 1 1 1 1 0
0 0 1 1 0 1 1 0 0 0
0 0 0 0 0 1 1 0 0 0
0 0 0 0 0 1 1 1 1 0
0 0 0 0 0 1 1 0 0 0
0 0 0 0 0 1 1 1 0 0
Maze 24
137 43842 3.1578947368 2.2683773763 208 0.377337647814572
36 71 20 45 99 10 81 59 88 13 2 59 32 78 98 36
31 11 15 95 9 1 51 58 83 12 52 52 72 400 96
402 402 402 401 402 402 402 402 401 401 401 401 401 400 401
1 1 1 1 1 1 1 1 1 1
1 1 1 1 1 1 1 1 1 1
1 1 1 0 1 0 0 0 1 0
1 1 1 1 1 2 0 0 1 0
1 1 1 0 1 1 0 0 1 0
1 1 1 1 1 1 1 1 1 0
1 1 1 0 1 1 0 1 1 0
1 1 1 1 1 1 1 1 1 0
1 0 1 1 1 1 1 1 1 0
0 0 0 0 1 1 1 1 1 0
Maze 25
99 187 3.5102040816 2.0080830232 51 0.411791115534758
19 43 27 1 32 89 32 65 10 37 45 13 5 10 26 19
13 23 21 31 82 82 62 5 7 35 43 3 400 6 16
402 402 401 401 401 401 401 402 402 402 401 402 400 402 402
1 0 1 1 1 1 1 1 1 1
1 0 1 1 1 1 1 1 2 0
1 1 1 1 1 1 1 0 0 0
1 1 1 0 1 1 1 0 0 0
0 1 1 1 1 0 0 0 0 0
0 1 0 0 1 0 0 0 0 0
0 1 1 1 1 0 0 0 0 0
0 1 0 0 0 0 0 0 0 0
0 1 1 1 1 1 1 1 1 0
0 0 0 0 0 0 0 0 0 0
Maze 26
97 125 3.0181818182 2.0198898669 70 0.391707914334912
19 14 96 32 71 61 72 36 2 58 25 24 70 94 98 19
400 94 92 31 400 71 32 32 52 55 400 64 64 400 18
400 401 401 402 400 401 402 401 401 401 400 401 402 400 402
0 1 0 0 0 0 0 0 0 0
0 1 0 1 1 1 1 1 2 0
0 1 0 1 1 0 0 1 0 0
1 1 1 1 1 1 0 1 0 0
1 1 0 1 1 0 0 1 0 0
1 1 1 1 1 1 1 1 0 0
1 1 0 1 1 1 1 1 1 1
1 1 0 1 0 0 0 1 0 0
0 1 0 1 0 0 0 1 0 0
0 1 1 1 1 1 1 1 0 0
Maze 27
89 486 2.6896551724 2.1223199761 56 0.376673418755551
3 82 75 37 72 65 88 28 72 62 71 53 86 50 31 3
2 72 35 32 62 85 400 22 400 61 51 83 46 41 1
402 402 402 402 402 401 400 402 400 402 402 401 402 401 402
1 1 2 0 0 0 0 0 0 0
1 1 0 0 0 0 0 0 0 0
1 1 1 1 1 1 1 1 0 0
1 1 1 1 1 1 1 1 0 0
1 1 1 1 1 1 1 1 1 1
1 1 1 0 1 1 0 1 0 0
1 1 1 1 1 1 0 1 0 0
1 1 1 1 1 1 0 1 0 0
0 1 1 1 1 1 1 1 0 0
0 0 0 0 0 0 0 0 0 0
Maze 28
105 107 2.9642857143 2.0302837069 91 0.379104035687869
43 17 31 93 30 49 34 40 17 91 27 60 69 45 66 43
13 11 91 23 29 44 400 37 11 21 57 59 65 65 63
402 402 401 402 402 401 400 401 402 402 401 402 401 401 401
0 0 0 0 0 0 0 0 0 0
1 1 1 1 1 1 1 0 0 0
1 1 1 1 1 1 1 1 1 1
1 0 1 1 1 1 1 1 1 1
1 0 2 1 1 1 1 1 1 0
1 0 1 0 1 0 1 1 1 1
1 0 1 1 1 1 1 1 1 0
1 0 1 0 0 0 0 0 0 0
1 0 1 0 0 0 0 0 0 0
1 1 1 0 0 0 0 0 0 0
Maze 29
119 690 3.3333333333 2.2643896260 117 0.378312404714167
90 25 73 61 67 82 17 74 8 41 32 39 84 99 91 90
85 23 71 400 62 12 14 4 1 31 400 34 94 400 81
401 402 401 400 402 402 402 402 402 402 400 402 401 400 402
1 1 1 1 1 1 1 1 0 0
1 1 1 1 1 1 1 0 0 0
1 1 1 1 1 0 0 0 0 0
1 1 1 1 1 1 1 1 1 0
1 1 1 1 1 0 0 0 0 0
0 1 1 1 1 0 0 0 0 0
1 1 1 1 1 1 1 0 0 0
1 1 1 1 1 0 0 0 0 0
1 1 1 1 1 1 1 1 1 2
1 1 1 1 1 1 1 1 1 0
Maze 30
107 122 3.1272727273 1.9820013896 97 0.373445529694804
45 99 44 59 39 85 79 96 34 9 45 37 3 79 82 45
95 94 54 400 35 75 76 94 4 5 35 33 73 72 42
401 401 401 400 402 402 402 401 402 402 402 401 401 402 402
0 0 1 1 1 1 1 1 1 0
0 0 1 1 1 0 0 0 0 0
0 0 1 1 1 0 0 0 0 0
0 0 1 1 1 1 1 1 1 0
0 1 1 1 2 0 0 0 1 0
0 1 1 1 1 1 1 1 1 0
0 1 1 1 1 0 0 0 0 0
0 1 1 1 1 1 1 1 1 0
0 1 0 1 1 1 0 0 0 0
0 0 0 1 1 1 1 1 1 0
Maze 31
97 38 2.8787878788 2.3887160217 70 0.396270235149414
37 60 54 97 2 4 53 46 24 40 85 67 62 81 9 37
57 400 94 92 400 3 43 44 34 35 65 400 61 1 7
401 400 401 401 400 402 402 401 401 402 402 400 402 402 402
1 1 1 1 1 1 1 1 1 0
1 1 1 0 0 0 1 0 0 0
1 1 1 1 0 0 1 0 0 0
1 1 1 1 1 1 2 1 1 1
1 1 1 1 1 1 1 0 0 0
1 1 1 1 1 1 1 1 1 1
1 1 1 1 1 1 1 0 0 0
1 1 0 1 1 0 0 0 0 0
1 1 0 1 1 0 0 0 0 0
0 1 1 1 1 1 1 0 0 0
Maze 32
85 61 3.0188679245 2.2667425955 45 0.395779017747685
65 52 72 74 44 18 72 70 99 65 53 58 55 73 8 65
62 400 400 400 14 12 62 69 95 63 400 400 53 3 5
401 400 400 400 402 402 402 402 401 401 400 400 402 402 402
0 0 1 1 1 1 1 1 0 0
0 1 1 1 1 1 1 1 0 0
0 1 1 1 1 0 0 0 0 0
0 1 1 1 1 0 0 0 0 0
0 1 1 1 1 0 0 0 0 0
0 1 1 1 1 1 1 1 0 0
0 1 1 1 2 1 1 1 1 1
0 1 1 1 1 0 0 0 1 0
0 0 0 0 1 0 0 0 1 0
0 0 0 0 1 1 1 1 1 0
Maze 33
91 19 2.8181818182 1.7618536448 36 0.378939254078804
69 40 91 61 93 30 28 30 64 93 30 30 44 52 63 69
39 31 400 91 23 400 400 24 63 23 400 24 42 62 400
402 402 400 401 402 400 400 402 402 402 400 402 402 401 400
0 0 0 0 0 0 0 0 0 0
0 0 0 0 0 0 0 0 0 0
0 0 1 1 1 1 1 1 1 1
1 1 1 1 1 1 1 1 1 1
1 1 1 1 0 0 0 0 1 0
1 1 1 1 0 0 0 0 1 0
1 1 1 1 1 1 1 1 2 0
1 0 1 0 0 0 0 0 0 0
1 0 1 0 0 0 0 0 0 0
1 1 1 0 0 0 0 0 0 0
Maze 34
79 67 2.9090909091 2.0142191515 26 0.371737140367731
94 97 88 48 33 72 91 69 97 41 42 34 71 70 100 94
400 87 400 43 32 71 61 67 91 400 32 31 61 400 400
400 402 400 401 402 402 402 402 401 400 402 402 402 400 400
0 0 0 0 0 0 0 0 0 0
0 0 0 0 0 0 0 0 0 0
0 0 0 0 0 0 0 0 0 0
1 1 1 1 0 0 0 0 0 0
1 1 1 1 1 1 1 1 0 0
1 1 0 0 0 0 0 1 0 0
1 1 1 1 1 1 1 1 1 1
1 1 0 0 0 0 1 1 0 1
1 0 0 0 0 0 1 1 0 1
1 1 1 2 1 1 1 1 1 1
Maze 35
127 22 3.5000000000 2.1007296192 146 0.386934113869812
41 31 49 49 82 31 95 74 23 59 4 67 90 1 100 41
400 41 400 42 81 91 94 73 53 54 64 87 81 91 91
400 401 400 402 401 401 401 401 401 401 401 401 401 401 401
1 0 0 1 0 0 0 0 0 0
1 0 0 1 0 0 0 0 0 0
1 0 1 1 0 0 0 0 0 0
1 0 1 1 0 0 0 0 0 0
2 1 1 1 1 1 1 1 1 0
1 1 1 1 1 1 1 1 1 0
1 1 1 1 1 1 1 0 0 0
1 1 1 1 0 0 1 0 0 0
1 1 1 1 1 1 1 1 1 1
1 1 1 1 1 1 1 1 1 1
Maze 36
97 853 2.9629629630 2.0083727455 77 0.395472646186559
4 54 70 60 98 46 41 88 14 94 90 15 18 38 59 4
400 64 400 58 96 400 81 84 400 84 85 400 400 58 54
400 401 400 402 401 400 401 401 400 402 401 400 400 401 401
0 0 0 2 0 0 0 0 0 0
0 0 0 1 1 1 1 1 0 0
0 0 0 1 1 0 0 1 0 0
0 0 0 1 1 0 0 1 0 0
1 1 1 1 1 1 0 1 0 0
1 0 0 1 1 1 1 1 1 1
1 0 0 1 1 1 1 1 1 1
1 0 0 1 1 1 0 1 0 0
1 1 1 1 1 1 1 1 1 1
0 0 0 1 0 1 1 1 0 0
Maze 37
93 173 3.0545454545 2.2002656259 45 0.361087356350530
48 67 27 81 88 27 40 14 20 55 3 55 61 75 53 48
47 400 21 400 87 37 34 400 15 53 53 51 71 73 43
402 400 402 400 401 401 401 400 402 401 401 402 401 401 402
0 0 1 0 0 0 0 0 0 0
0 0 1 1 1 1 1 1 1 1
1 1 1 1 1 1 1 0 0 0
1 0 1 1 1 1 1 1 1 1
1 0 1 1 1 1 1 2 0 0
1 1 1 1 1 0 1 0 0 0
1 0 1 0 0 0 1 0 0 0
1 1 1 1 1 0 1 0 0 0
1 1 1 1 1 1 1 1 0 0
0 0 0 0 0 0 0 0 0 0
Maze 38
91 32 3.4761904762 1.8941273743 41 0.376494445620377
26 42 87 55 42 44 77 64 44 81 23 61 87 92 90 26
22 82 85 52 400 74 74 400 41 21 21 81 82 82 86
402 401 401 401 400 401 401 400 402 402 402 401 402 402 401
0 0 0 0 0 0 0 0 0 0
0 0 0 0 0 0 0 0 0 0
1 1 1 1 1 2 0 0 0 0
1 1 0 0 0 1 0 0 0 0
1 1 1 1 0 1 0 0 0 0
1 1 1 1 1 1 0 0 0 0
1 1 0 1 1 1 0 0 0 0
1 1 0 1 1 1 1 0 0 0
1 1 1 1 1 1 1 1 1 1
0 1 0 0 0 0 0 0 0 0
Maze 39
101 152 3.2203389831 2.1728967634 53 0.393755802857050
10 65 56 79 37 85 93 50 55 52 39 33 51 20 46 10
5 55 76 77 35 83 43 45 400 32 400 31 11 16 6
402 402 401 401 402 402 402 402 400 402 400 402 402 402 402
0 0 0 0 1 1 1 1 1 2
1 1 1 1 1 1 1 1 1 1
1 0 0 0 1 1 0 0 0 0
1 1 1 1 1 1 1 1 1 0
1 1 1 1 1 1 1 1 1 1
1 1 1 1 1 1 1 0 0 0
0 0 1 0 1 1 1 0 0 0
0 0 1 0 1 1 1 1 1 0
0 0 1 1 1 0 0 0 0 0
0 0 1 0 0 0 0 0 0 0
Maze 40
109 598 3.2881355932 2.2015787966 99 0.377471626726299
77 74 60 100 17 56 30 91 22 15 99 14 12 28 16 77
400 54 400 97 16 26 21 21 12 95 94 400 22 26 76
400 402 400 401 402 402 402 402 402 401 401 400 401 401 401
0 0 0 0 0 0 0 0 0 0
0 1 1 1 1 1 1 0 0 0
1 1 1 1 1 1 1 1 1 1
1 0 0 1 1 1 1 0 0 0
1 0 0 1 1 1 1 0 0 0
1 0 0 1 1 1 1 1 1 1
1 0 0 1 1 1 1 0 0 1
1 0 0 1 1 1 2 0 0 1
1 0 0 1 1 0 1 0 0 1
1 0 0 1 1 1 1 1 1 1
Maze 41
117 282 3.5185185185 1.9365059523 123 0.386521536393250
88 5 29 4 61 9 47 81 3 87 64 56 73 3 76 88
85 25 24 1 1 7 41 1 83 84 54 53 400 73 86
401 401 401 402 402 402 402 402 401 401 402 402 400 401 401
1 1 1 1 1 1 1 1 1 0
1 0 1 1 1 0 1 0 0 0
1 0 1 1 1 1 1 1 1 0
1 0 1 0 1 0 1 0 0 0
1 1 1 1 1 1 1 0 0 0
1 0 1 1 1 1 0 0 0 0
1 0 1 1 1 0 0 0 0 0
1 0 1 1 1 1 0 0 0 0
1 0 1 1 1 1 1 2 0 0
0 0 0 0 0 0 0 0 0 0
Maze 42
73 14 2.6800000000 2.1541354173 16 0.347720270142213
98 63 73 54 29 25 16 53 60 80 69 29 21 76 74 98
93 400 53 24 400 15 13 400 400 79 400 400 71 400 94
401 400 402 402 400 402 402 400 400 401 400 400 401 400 401
0 0 0 0 0 0 0 0 0 0
0 0 1 1 1 1 0 0 0 0
1 1 1 1 1 1 1 1 1 0
1 0 1 1 0 0 0 0 1 0
1 0 1 1 0 0 0 0 1 0
1 0 1 1 1 1 1 1 1 1
1 0 1 0 0 0 0 0 1 1
1 1 1 1 1 1 0 0 1 1
0 0 1 1 0 0 0 0 0 0
0 0 1 1 1 1 1 2 0 0
Maze 43
103 17 3.6250000000 2.0992168406 65 0.373525846187281
73 69 73 41 92 10 81 52 28 12 48 47 61 52 64 73
63 63 71 91 2 1 51 22 22 42 400 41 51 62 63
402 402 401 401 402 402 402 402 401 401 400 402 402 401 402
1 1 1 1 1 1 1 1 1 1
1 1 0 0 0 0 0 0 0 0
1 1 1 1 1 1 1 1 0 0
1 1 0 0 0 0 0 0 0 0
1 1 1 1 1 1 1 1 0 0
1 1 0 0 0 0 0 0 0 0
1 1 1 1 1 1 1 1 1 0
1 1 2 0 0 0 0 0 0 0
1 1 0 0 0 0 0 0 0 0
1 1 0 0 0 0 0 0 0 0
Maze 44
103 43 3.3207547170 2.0685826813 59 0.374912224198214
16 31 93 36 90 64 75 54 48 93 16 37 32 81 98 16
11 91 33 86 84 74 74 44 43 13 36 400 31 91 96
402 401 402 401 401 401 401 402 402 402 401 400 402 401 401
0 0 0 0 0 0 0 0 0 0
1 1 1 1 1 2 0 0 0 0
1 0 1 0 0 1 0 0 0 0
1 1 1 1 1 1 1 0 0 0
1 0 1 1 1 1 1 1 0 0
1 0 1 1 0 1 0 0 0 0
1 0 1 1 0 1 0 0 0 0
1 0 1 1 1 1 0 0 0 0
1 0 1 1 1 1 1 1 1 1
1 1 1 1 1 1 1 1 0 0
Maze 45
83 328 3.5238095238 2.0426134039 20 0.369860095759946
51 80 45 5 67 61 53 62 51 93 67 84 22 46 33 51
71 75 400 65 400 51 52 61 91 63 64 82 42 43 31
401 401 400 401 400 402 402 401 401 402 402 401 401 401 402
0 0 0 0 1 0 0 0 0 0
0 0 0 0 1 0 0 0 0 0
0 1 0 0 1 0 0 0 0 0
1 1 1 0 1 0 0 0 0 0
1 1 1 1 1 1 0 0 0 0
2 1 1 0 1 0 0 0 0 0
1 1 1 1 1 1 1 0 0 0
1 1 1 1 1 1 1 1 1 1
1 1 1 1 0 0 0 0 0 0
1 1 1 0 0 0 0 0 0 0
Maze 46
91 19 3.0000000000 1.9687500000 32 0.384501094970344
24 23 40 66 25 74 40 46 80 1 41 81 42 7 26 24
400 33 36 65 24 34 36 76 71 400 400 41 2 6 400
400 401 402 401 402 402 402 401 401 400 400 402 402 402 400
1 1 1 1 1 1 1 0 0 0
1 1 0 0 0 1 0 0 0 0
1 1 1 2 1 1 0 0 0 0
1 1 1 1 1 1 1 1 1 1
1 1 0 1 1 1 0 0 0 0
1 0 0 1 1 1 0 0 0 0
1 0 0 1 1 1 0 0 0 0
1 1 1 1 1 1 1 1 1 1
1 0 0 0 0 0 0 0 0 0
0 0 0 0 0 0 0 0 0 0
Maze 47
99 519 3.2280701754 2.1498074459 77 0.377436881673529
86 40 17 63 61 45 74 17 51 95 22 28 76 33 73 86
36 37 13 400 41 44 14 11 91 92 400 26 73 400 83
402 401 402 400 402 402 402 402 401 401 400 402 401 400 401
0 0 0 0 0 0 0 0 0 0
1 1 1 1 1 1 1 0 0 0
1 1 1 1 1 1 1 1 0 0
1 1 1 1 0 1 1 1 1 1
1 1 1 1 1 1 0 0 0 0
1 1 1 1 0 1 0 0 0 0
1 1 1 1 0 1 0 0 0 0
1 1 1 1 1 1 0 0 0 0
1 1 1 1 1 2 0 0 0 0
1 1 1 1 1 0 0 0 0 0
Maze 48
99 81 3.0357142857 2.1421620914 64 0.391320515002887
57 11 34 11 28 10 87 47 70 92 41 13 93 28 49 57
51 31 31 21 8 7 400 67 62 91 11 400 23 48 47
401 401 401 401 402 402 400 401 402 401 402 400 402 401 402
0 0 0 0 0 0 1 1 1 1
1 1 1 0 0 0 1 1 0 0
1 1 1 1 1 1 1 1 0 0
1 1 1 1 0 0 1 1 0 0
1 0 1 0 0 0 1 1 1 0
1 1 1 1 1 1 2 0 0 0
1 1 1 1 1 1 1 1 1 1
1 1 1 0 0 0 1 0 0 0
1 1 1 0 0 0 1 0 0 0
1 1 1 0 0 0 0 0 0 0
Maze 49
97 24 3.3076923077 2.2340505578 59 0.397469651842875
26 97 97 74 11 5 81 60 66 33 50 54 51 45 51 26
96 400 94 71 1 1 51 56 63 43 44 400 41 41 21
401 400 401 401 402 402 402 402 401 401 402 400 402 402 402
1 1 1 1 1 0 0 0 0 0
1 0 0 0 0 0 0 0 0 0
1 1 1 1 1 2 0 0 0 0
1 0 1 0 0 1 0 0 0 0
1 1 1 1 1 1 1 1 1 1
1 1 1 1 1 1 1 1 1 1
1 0 1 1 1 1 0 0 0 0
1 1 1 1 0 1 0 0 0 0
1 0 0 1 0 1 0 0 0 0
0 0 0 1 1 1 1 0 0 0
Maze 50
85 67 2.9411764706 2.0892875990 45 0.373639156577112
58 90 64 49 50 81 72 13 15 48 75 23 13 82 36 58
88 84 44 400 41 71 12 400 45 45 73 400 12 32 56
401 401 402 400 402 402 402 400 401 402 401 400 402 402 401
0 0 0 0 0 0 0 0 0 0
0 1 1 1 1 0 0 0 0 0
0 1 1 0 1 0 0 0 0 0
0 1 1 1 1 1 0 0 0 0
1 1 1 1 1 1 1 1 1 1
1 1 1 1 1 1 1 2 0 0
1 1 1 1 1 0 0 1 0 0
1 1 1 1 1 0 0 1 0 0
1 1 0 1 1 1 1 1 1 1
0 0 0 0 0 0 0 0 0 0
Maze 51
109 49 2.9295774648 2.3900198708 112 0.408860158199644
51 79 99 22 81 60 52 90 74 20 26 17 29 38 5 51
71 400 92 21 51 400 82 84 14 16 16 27 28 35 1
401 400 401 402 402 400 401 401 402 402 402 401 402 401 402
1 1 1 1 1 0 0 0 0 0
1 0 0 1 1 1 1 1 1 1
1 1 0 1 1 1 1 1 1 0
1 1 0 1 1 1 1 1 0 0
1 1 0 1 0 0 0 0 0 0
2 1 1 1 1 1 1 1 1 1
1 1 0 1 0 0 0 0 0 0
1 1 1 1 1 1 1 1 1 0
1 1 1 1 1 1 1 1 1 1
0 1 1 1 1 1 1 1 1 0
Maze 52
119 203 3.1515151515 2.1748123974 102 0.369967638559550
20 39 31 97 52 89 6 10 84 19 21 52 61 87 15 20
19 400 91 92 82 86 400 4 14 11 51 51 81 85 400
402 400 401 401 401 401 400 402 402 402 401 402 401 401 400
0 0 0 1 1 1 1 1 1 1
1 1 1 1 1 1 1 1 1 2
1 0 0 1 1 1 0 0 1 0
1 1 1 1 1 1 1 1 1 0
1 0 0 1 1 1 0 0 0 0
1 1 0 1 1 1 0 0 0 0
1 1 0 1 1 1 0 0 0 0
1 1 0 1 1 1 0 0 0 0
1 1 1 1 1 1 1 1 1 0
1 1 1 1 1 1 1 0 0 0
Maze 53
113 1082 3.5409836066 2.2395335576 92 0.382477877857724
8 14 30 5 20 64 9 5 92 65 91 57 40 41 49 8
4 24 25 15 14 4 400 2 62 61 51 37 31 400 48
402 401 401 401 402 402 400 402 402 402 402 402 402 400 401
0 1 1 1 1 1 1 2 1 0
0 1 0 1 1 1 1 1 1 1
0 1 0 1 1 1 1 1 1 1
1 1 1 1 1 1 1 1 1 1
1 1 1 1 1 1 1 1 1 0
1 1 1 1 1 1 1 0 0 0
1 1 1 1 1 0 0 0 0 0
1 1 0 0 0 0 0 0 0 0
1 1 0 0 0 0 0 0 0 0
1 1 0 0 0 0 0 0 0 0
Maze 54
113 60 4.1363636364 1.8667256564 99 0.397995793515586
17 62 32 39 61 21 48 13 94 55 13 64 23 19 94 17
12 400 400 31 400 41 43 93 54 53 63 63 13 14 14
402 400 400 402 400 401 401 401 402 401 401 401 402 402 402
0 0 0 0 0 0 0 0 0 0
0 1 1 1 1 1 2 1 1 0
1 1 1 1 0 0 0 0 0 0
1 1 1 1 1 1 1 1 1 0
1 1 1 1 1 1 1 1 0 0
1 1 1 1 1 0 0 0 0 0
1 1 1 1 0 0 0 0 0 0
0 0 1 1 0 0 0 0 0 0
0 0 1 1 0 0 0 0 0 0
0 0 1 1 0 0 0 0 0 0
Maze 55
69 30 3.1282051282 1.9836631331 13 0.396361934819849
44 43 54 56 62 52 67 56 2 5 79 77 59 13 48 44
400 53 400 52 400 62 66 52 400 75 400 57 53 43 400
400 401 400 402 400 401 401 401 400 401 400 402 401 401 400
0 1 1 1 1 0 0 0 0 0
0 1 1 0 1 0 0 0 0 0
0 1 1 0 1 0 0 0 0 0
0 1 1 0 1 0 0 0 0 0
0 1 1 2 1 1 1 1 0 0
0 1 1 1 1 1 1 1 1 0
0 1 1 1 1 1 1 0 0 0
0 0 0 0 1 1 1 1 1 0
0 0 0 0 0 0 0 0 0 0
0 0 0 0 0 0 0 0 0 0
Maze 56
127 46 3.2537313433 2.1477486459 142 0.388391595085639
29 73 44 91 10 71 3 23 96 37 24 17 35 99 52 29
23 43 41 1 1 1 400 93 36 34 14 15 95 92 22
402 402 402 402 402 402 400 401 402 401 402 402 401 401 402
1 1 1 1 1 1 1 1 1 1
1 0 1 1 1 1 1 0 0 0
1 1 1 1 1 1 1 1 2 0
1 1 1 1 1 1 1 0 0 0
1 1 1 1 1 1 0 0 0 0
1 1 1 0 1 1 0 0 0 0
1 1 1 0 1 1 0 0 0 0
1 1 1 0 1 1 0 0 0 0
1 1 1 0 1 1 0 0 0 0
1 1 1 1 1 1 1 1 1 0
Maze 57
125 723 3.7966101695 2.0805847437 161 0.390566697131468
99 4 57 66 28 79 1 63 87 81 48 84 42 78 33 99
94 54 56 26 78 71 61 83 400 41 44 82 72 73 93
401 401 402 402 401 401 401 401 400 402 402 401 401 401 401
1 0 0 1 0 0 0 0 0 0
1 0 0 1 0 0 0 0 0 0
1 0 0 1 0 1 1 1 0 0
1 0 1 1 0 1 0 1 0 0
1 1 1 1 1 1 1 1 0 0
1 1 1 1 1 1 1 1 0 0
1 1 1 1 0 1 0 1 0 0
1 1 1 1 1 1 1 1 1 0
1 1 1 1 1 1 1 0 0 0
0 0 1 1 1 1 1 1 2 0
Maze 58
103 104 2.5757575758 2.0979063311 45 0.363492737422591
25 7 12 82 90 10 22 97 28 62 36 35 36 80 23 25
5 2 400 400 400 2 92 27 22 32 400 400 76 73 400
402 402 400 400 400 402 401 402 402 402 400 400 401 401 400
0 1 1 1 1 1 1 1 1 1
0 1 0 0 1 0 0 0 0 1
0 1 1 1 2 1 1 1 0 1
0 1 1 1 1 1 1 0 0 1
0 1 1 0 0 1 1 0 0 1
0 1 1 0 0 1 1 0 0 1
0 1 1 0 0 1 1 0 0 1
0 1 1 1 1 1 1 1 1 1
0 1 1 1 1 1 1 1 1 1
0 1 1 1 1 1 1 0 0 0
Maze 59
99 198 3.6595744681 2.0257023249 66 0.374909826882996
97 97 2 67 59 82 51 93 46 15 68 45 12 25 71 97
400 92 62 57 52 81 91 43 45 65 65 42 22 21 91
400 401 401 402 402 401 401 402 401 401 401 401 401 402 401
0 1 0 0 0 0 0 0 0 0
0 1 0 0 1 0 0 0 0 0
1 1 1 1 1 0 0 0 0 0
1 1 0 0 1 0 0 0 0 0
1 1 1 1 1 1 0 0 0 0
1 1 1 1 1 1 1 1 1 0
1 1 1 1 1 1 1 1 0 0
1 1 1 0 0 0 0 0 0 0
1 1 1 0 0 0 0 0 0 0
1 1 1 1 1 1 2 0 0 0
Maze 60
101 226 3.1666666667 2.3328305505 70 0.399574143061265
74 86 1 49 36 63 93 34 41 8 39 30 35 70 8 74
84 81 41 46 33 400 33 31 1 38 29 25 65 68 4
401 401 401 401 402 400 402 402 402 401 402 402 401 401 402
1 1 1 1 1 1 1 1 0 0
1 0 0 1 0 0 0 1 0 0
1 0 0 1 1 1 1 1 1 1
1 1 1 1 1 1 0 1 1 0
1 1 1 1 1 1 1 1 1 0
1 0 1 1 1 0 0 1 0 0
1 0 1 1 1 1 1 1 1 1
1 0 1 2 0 0 0 0 0 0
1 1 1 1 1 1 0 0 0 0
0 0 1 0 0 0 0 0 0 0
Maze 61
97 620 3.1578947368 2.2527805515 51 0.384558253375705
25 40 58 12 29 57 36 100 6 82 73 24 18 10 45 25
35 38 52 22 27 56 96 96 2 72 23 14 8 5 400
401 402 401 401 402 401 401 401 402 402 402 402 402 402 400
0 1 1 1 1 1 1 1 1 1
0 1 0 1 1 1 1 1 0 0
0 1 1 1 2 1 1 1 1 0
0 1 1 0 1 1 1 1 1 1
0 1 1 0 1 1 1 1 0 0
0 1 1 1 1 1 1 1 0 0
0 1 1 0 0 1 0 0 0 0
0 1 1 0 0 1 0 0 0 0
0 1 0 0 0 1 0 0 0 0
0 0 0 0 0 1 1 1 1 1
Maze 62
93 15 3.1698113208 2.1047097326 40 0.363645674126961
86 39 86 3 86 70 97 69 30 67 46 26 34 2 31 86
36 36 83 83 66 67 67 29 27 66 400 24 32 1 81
402 402 401 401 402 402 402 402 402 401 400 402 401 402 401
1 1 1 0 0 0 0 0 0 0
1 1 1 0 0 0 0 0 0 0
1 1 1 1 1 1 1 1 1 1
1 1 1 1 0 1 1 1 1 0
1 0 1 0 0 1 1 0 1 0
1 0 1 0 0 1 1 0 1 0
1 0 1 0 0 1 1 1 1 1
1 0 1 0 0 1 1 0 0 0
1 1 1 1 1 2 1 0 0 0
0 0 0 0 0 0 1 0 0 0
Maze 63
105 63 3.5909090909 1.7839602624 105 0.405551205161016
17 5 48 82 47 52 54 91 69 70 82 18 54 70 6 17
15 45 42 42 42 400 51 61 400 62 12 14 64 66 16
401 401 402 402 402 400 402 402 400 402 402 402 401 401 401
0 0 0 0 1 1 0 0 0 0
0 1 1 1 1 1 2 1 0 0
0 1 0 1 1 1 0 0 0 0
0 1 0 1 1 1 0 0 0 0
0 1 1 1 1 1 1 1 0 0
1 1 1 1 0 1 0 0 0 0
1 1 1 1 1 1 1 1 1 1
1 1 0 0 0 0 0 0 0 0
1 1 0 0 0 0 0 0 0 0
1 0 0 0 0 0 0 0 0 0
Maze 64
83 21 2.7333333333 2.3425345807 25 0.383647009168664
57 12 82 43 9 24 34 44 19 80 69 97 46 93 95 57
52 400 42 3 4 400 400 14 79 79 67 96 43 400 55
401 400 402 402 402 400 400 402 401 401 402 401 402 400 402
0 0 1 1 1 1 1 1 1 0
0 1 1 1 1 1 1 1 1 0
0 1 1 1 0 0 0 0 1 0
0 1 1 1 0 0 0 0 1 0
0 1 1 1 1 1 0 0 1 0
0 1 1 1 1 1 2 0 1 0
0 1 1 0 1 1 1 1 1 0
0 1 1 0 1 1 1 0 1 1
0 1 1 0 1 1 1 0 0 0
0 0 1 1 1 1 1 0 0 0
Maze 65
73 32 2.7659574468 2.1813758325 13 0.402150017563465
30 49 52 61 39 87 31 81 81 63 58 69 78 50 27 30
29 42 51 31 37 81 400 400 61 53 68 68 48 47 400
402 402 402 402 402 401 400 400 402 402 401 402 402 401 400
0 0 0 0 0 0 0 0 0 0
0 0 0 0 0 0 0 0 0 0
0 0 0 0 0 0 1 1 1 2
1 1 1 1 1 1 1 1 1 0
1 1 1 1 1 1 1 1 1 1
1 1 1 1 1 1 1 1 0 0
1 1 1 0 0 0 1 1 1 0
1 0 0 0 0 0 1 1 0 0
1 1 1 1 1 1 1 0 0 0
0 0 0 0 0 0 0 0 0 0
Maze 66
129 168 3.8113207547 1.8992719576 154 0.385256378526430
30 74 89 91 82 75 27 92 15 94 38 11 87 21 54 30
24 84 81 81 72 25 22 12 14 34 31 81 81 51 24
402 401 402 402 402 402 402 402 402 402 401 401 401 401 402
0 0 0 0 0 0 0 0 0 0
1 1 1 1 1 0 0 0 0 0
1 1 1 1 1 1 1 1 1 2
1 1 1 1 1 1 1 1 0 0
1 1 0 1 1 0 0 0 0 0
1 1 1 1 1 0 0 0 0 0
1 1 0 1 1 0 0 0 0 0
1 1 1 1 1 0 0 0 0 0
1 1 1 1 1 1 1 1 1 0
1 1 0 1 0 0 0 0 0 0
Maze 67
121 21 3.6250000000 1.8264681904 85 0.382763504493352
54 97 21 48 55 94 50 84 42 28 84 82 47 41 90 54
94 91 41 45 54 44 44 82 22 24 400 42 400 81 84
401 401 401 402 402 402 402 401 402 402 400 402 400 401 401
0 0 0 0 0 0 0 0 0 0
0 0 0 0 0 0 0 0 0 0
1 1 1 1 1 1 1 1 0 0
1 1 0 1 0 0 0 0 0 0
1 1 1 1 1 1 1 1 1 1
1 1 0 2 1 0 0 0 0 0
1 1 0 1 0 0 0 0 0 0
1 1 0 1 0 0 0 0 0 0
1 1 1 1 1 1 1 1 1 1
1 1 1 1 1 1 1 0 0 0
Maze 68
101 40 3.1666666667 2.1857791348 36 0.407526358335026
60 19 12 83 53 84 13 25 4 97 82 10 7 89 27 60
59 400 82 400 83 83 23 24 94 92 2 400 87 87 57
401 400 401 400 401 401 401 401 401 401 402 400 401 401 401
0 1 1 1 1 1 1 1 1 1
0 1 1 1 1 1 1 1 1 0
0 1 1 1 1 0 1 0 1 0
0 1 1 1 0 0 1 0 1 0
0 1 1 1 0 0 1 0 1 0
0 1 1 1 0 0 1 1 1 2
0 1 1 1 0 0 1 0 0 0
0 1 1 1 0 0 1 0 0 0
0 1 1 1 0 0 1 1 1 0
0 1 1 1 1 1 1 0 0 0
Maze 69
101 110 3.0666666667 2.1754232752 84 0.395631841850838
40 1 96 98 34 33 70 66 99 16 84 50 58 68 19 40
31 91 400 94 400 63 400 96 96 14 44 48 400 18 39
401 401 400 401 400 401 400 401 401 402 402 402 400 402 401
1 0 0 0 0 0 0 0 0 0
1 0 0 1 1 1 0 1 1 0
1 0 0 1 0 1 0 1 1 0
1 1 1 1 1 1 1 1 1 2
1 0 1 1 1 1 1 1 1 1
1 0 1 1 0 1 0 1 0 0
1 0 1 1 1 1 1 1 1 1
1 0 0 1 0 1 0 0 0 0
1 0 0 1 0 1 0 0 0 0
1 1 1 1 1 1 1 1 1 0
Maze 70
107 39 3.0566037736 1.8790402784 73 0.363438993915103
49 3 3 33 90 19 58 49 15 72 43 99 93 2 99 49
43 400 400 83 89 18 48 45 12 42 93 400 92 92 400
401 400 400 401 401 402 402 401 402 402 401 400 401 401 400
0 1 1 0 0 0 0 0 0 0
0 1 1 1 1 0 0 1 1 0
0 1 1 0 1 0 0 1 1 0
0 1 1 0 1 0 0 1 1 0
0 1 1 1 1 1 1 1 2 0
0 1 1 0 0 0 0 1 1 0
0 1 1 0 0 0 0 0 1 0
0 1 1 0 0 0 0 0 1 0
0 1 1 1 1 1 1 1 1 1
0 1 1 1 1 1 1 1 1 0
Maze 71
93 359 2.9491525424 2.2735971773 50 0.363556518267307
77 72 26 35 56 100 8 95 16 6 32 56 48 40 43 77
400 22 25 55 96 98 5 15 400 2 52 46 38 33 73
400 402 402 401 401 401 402 402 400 402 401 402 402 402 401
0 1 1 1 1 1 1 1 0 0
0 1 0 0 1 1 0 1 0 0
0 1 1 1 1 1 0 1 0 0
0 1 1 1 1 1 1 1 1 1
0 1 1 0 1 1 1 1 0 0
0 1 1 1 1 1 0 1 0 0
0 1 1 0 1 1 0 1 0 0
0 1 1 1 1 1 2 1 0 0
0 0 0 0 1 1 0 1 0 0
0 0 0 0 1 1 1 1 1 1
Maze 72
111 26 3.6603773585 2.0768492607 104 0.377565391381904
88 8 90 61 81 18 71 16 79 63 2 32 87 77 99 88
400 88 81 400 11 11 11 76 73 62 400 82 400 97 98
400 401 401 400 402 402 402 401 401 401 400 401 400 401 401
0 1 0 0 0 0 0 1 0 0
1 1 1 1 1 1 1 1 0 0
1 1 0 0 0 1 0 1 0 0
1 1 0 0 0 1 0 1 0 0
1 1 0 0 0 1 0 1 0 0
1 1 0 0 0 1 0 1 0 0
1 1 1 0 0 1 0 1 0 0
1 1 1 1 1 1 1 1 1 0
1 1 1 1 1 1 1 2 1 1
0 0 0 0 0 0 1 1 1 0
Maze 73
93 123 3.2452830189 2.1359106386 29 0.369758046991091
82 32 50 38 65 16 2 29 35 82 87 76 73 98 13 82
400 42 48 35 15 12 22 25 32 400 86 400 93 93 12
400 401 401 402 402 401 401 402 402 400 401 400 401 401 402
0 1 0 0 0 0 0 0 0 0
0 1 1 1 1 1 0 0 0 0
0 1 1 1 1 1 1 1 1 0
0 1 1 1 1 1 1 1 0 0
0 1 1 1 1 1 1 1 1 1
0 1 1 0 1 0 0 0 0 0
0 1 1 0 1 0 0 0 0 0
0 1 1 1 1 1 0 0 0 0
0 2 1 1 1 1 1 0 0 0
0 0 1 1 1 1 1 1 0 0
Maze 74
97 60 3.1428571429 1.9244128973 64 0.386169430959118
33 95 35 92 18 67 57 7 58 19 47 89 22 73 13 33
93 400 32 12 17 400 400 57 18 17 87 82 72 400 400
401 400 402 402 402 400 400 401 402 402 401 401 401 400 400
0 0 0 0 0 0 1 0 0 0
0 1 1 1 1 1 1 1 1 0
0 1 1 0 0 0 1 1 0 0
0 1 2 1 1 0 1 1 0 0
0 1 1 0 1 0 1 1 0 0
0 1 1 0 1 0 1 1 0 0
0 1 1 0 1 0 1 0 0 0
0 1 1 0 1 0 1 0 0 0
0 1 1 1 1 1 1 1 1 0
0 1 1 1 1 0 0 0 0 0
Maze 75
89 99 3.0000000000 2.1985564626 36 0.368860246153672
66 11 1 93 62 79 29 24 77 38 40 73 65 23 41 66
61 400 91 92 72 400 400 74 37 400 33 63 63 21 61
401 400 401 401 401 400 400 401 402 400 402 402 401 402 401
1 0 0 0 0 0 0 0 0 0
1 0 0 0 0 0 0 0 0 0
1 1 1 1 1 1 1 1 1 0
1 0 1 1 1 1 1 1 1 1
1 0 1 1 0 0 1 0 1 0
1 0 1 1 0 0 1 0 1 0
1 1 1 1 1 2 1 0 1 0
1 1 1 1 1 1 1 1 1 0
1 1 0 0 0 0 0 0 0 0
1 1 1 0 0 0 0 0 0 0
Maze 76
103 608 3.2830188679 2.0297752770 60 0.402542820407588
48 78 44 67 11 35 67 86 22 79 61 46 30 22 63 48
400 74 64 61 31 65 66 82 72 71 41 26 400 62 43
400 401 401 401 401 401 402 401 401 401 402 402 400 401 402
0 0 0 0 0 0 0 0 0 0
1 0 0 0 0 0 0 0 0 0
1 1 1 1 1 1 1 1 1 1
1 1 1 1 1 1 0 0 0 0
1 1 1 1 1 1 1 2 0 0
1 1 1 1 1 0 0 1 0 0
1 1 1 1 1 1 1 1 0 0
1 1 1 1 1 1 1 1 1 0
0 1 1 1 1 1 0 0 0 0
0 0 0 0 0 0 0 0 0 0
Maze 77
117 384 3.0769230769 2.1288612824 131 0.397414026696381
69 82 90 63 25 78 12 70 18 47 42 28 67 12 9 69
62 400 83 23 75 72 62 68 17 400 22 27 62 2 400
402 400 401 402 401 401 401 401 402 400 402 402 401 402 400
0 1 1 1 1 1 1 1 1 0
0 1 0 0 0 0 1 1 1 0
0 1 1 1 1 1 1 1 1 0
0 1 1 0 1 0 1 1 1 0
0 1 1 1 1 1 1 1 1 0
0 1 1 0 1 0 1 1 1 0
0 1 1 1 1 1 1 1 2 1
0 1 1 1 1 1 1 1 0 0
0 1 1 1 1 1 1 1 1 1
0 0 0 0 0 0 0 0 0 0
Maze 78
109 123 3.1864406780 2.0902991292 91 0.385967337063316
79 65 20 70 24 17 83 7 33 51 16 65 52 18 6 79
75 15 400 64 14 13 3 3 31 11 15 62 12 16 76
401 402 400 401 402 402 402 402 402 402 402 401 402 401 401
0 0 1 1 1 1 1 0 0 0
1 1 1 1 1 1 1 1 1 1
1 1 1 1 1 1 0 0 0 1
1 1 1 1 1 1 0 0 0 1
1 1 1 1 1 1 0 0 0 1
1 1 1 1 1 1 0 0 0 1
0 1 1 1 1 1 1 1 1 1
0 0 1 0 1 1 1 1 2 0
0 0 1 0 0 0 0 0 0 0
0 0 0 0 0 0 0 0 0 0
Maze 79
97 85 2.8852459016 2.1780943860 42 0.395763594126679
38 20 37 15 25 13 100 24 51 75 98 42 48 43 9 38
18 17 35 400 23 93 94 21 71 95 92 400 400 3 8
402 402 401 400 401 401 401 402 401 401 401 400 400 402 402
0 0 1 1 1 1 1 1 1 0
0 0 1 0 1 0 1 1 1 1
1 1 1 1 1 0 1 1 0 0
1 0 1 1 1 1 1 2 0 0
1 1 1 1 1 1 1 1 0 0
1 1 1 1 0 0 0 0 0 0
1 1 1 1 0 0 0 0 0 0
1 1 1 1 1 0 0 0 0 0
0 1 1 1 1 0 0 0 0 0
0 1 1 1 1 1 1 1 1 1
Maze 80
103 77 3.5744680851 1.9147952737 54 0.385465592970126
46 42 20 64 25 41 18 32 26 63 58 34 97 91 71 46
400 12 14 24 21 11 12 22 23 53 54 94 400 400 41
400 402 402 402 402 402 402 402 402 402 401 401 400 400 402
0 0 0 0 0 0 0 0 0 0
1 1 1 1 1 1 1 1 1 1
1 1 1 1 1 1 0 0 0 0
1 1 1 1 0 0 0 0 0 0
1 1 1 1 1 2 0 0 0 0
1 0 1 1 1 1 1 1 0 0
1 0 1 1 0 0 0 0 0 0
1 0 0 1 0 0 0 0 0 0
1 0 0 1 0 0 0 0 0 0
1 1 1 1 1 1 1 0 0 0
Maze 81
95 4 3.4285714286 1.9123747437 22 0.386886871726446
81 54 93 7 21 51 52 41 99 89 95 61 51 41 10 81
51 53 3 1 400 400 51 91 400 85 91 400 400 1 1
402 402 402 402 400 400 401 401 400 402 401 400 400 402 402
1 1 1 1 1 1 1 1 1 1
1 0 1 0 0 0 0 0 0 0
1 0 1 0 0 0 0 0 0 0
1 0 1 0 0 0 0 0 0 0
1 0 1 0 0 0 0 0 0 0
1 1 1 1 0 0 0 0 0 0
1 0 1 0 0 0 0 0 0 0
1 0 1 0 0 0 0 0 0 0
2 0 1 0 1 1 1 1 1 0
1 1 1 1 1 1 1 1 1 0
Maze 82
105 319 2.9677419355 2.2127640624 91 0.375887449320331
88 69 14 41 96 78 84 8 54 88 30 85 42 41 79 88
68 64 11 91 76 74 4 4 84 28 25 82 400 71 78
402 401 402 401 402 402 402 402 401 402 402 401 400 401 402
0 0 0 1 1 1 1 1 0 0
1 1 1 1 0 0 0 0 0 0
1 0 0 1 1 1 1 1 1 1
1 0 0 1 1 0 0 1 0 0
1 1 0 1 1 0 0 1 0 0
1 1 0 1 1 0 0 1 0 0
1 1 0 1 1 1 1 1 1 0
1 1 1 1 1 1 1 1 1 0
1 1 1 1 1 1 1 2 0 0
1 1 1 1 1 1 0 0 0 0
Maze 83
85 91 3.0800000000 2.2304195997 56 0.381470501015007
31 77 99 87 16 38 31 43 48 7 97 79 45 40 27 31
71 97 97 86 36 400 41 400 47 400 77 75 35 37 21
401 401 401 401 401 400 401 400 401 400 402 401 402 401 402
0 0 0 0 0 0 1 0 0 0
0 0 0 0 0 1 1 0 0 0
1 1 1 1 1 1 1 0 0 0
2 1 1 1 1 1 1 1 1 1
1 1 1 1 1 1 1 1 0 0
1 0 0 0 1 1 1 0 0 0
1 0 0 0 1 1 1 0 0 0
1 1 1 1 1 1 1 1 1 0
0 0 0 0 0 1 1 0 0 0
0 0 0 0 0 0 1 1 1 0
Maze 84
107 1748 3.2727272727 2.1453403406 94 0.388455888580300
91 36 69 33 69 52 29 30 56 53 38 44 79 7 43 91
31 66 63 63 62 22 400 26 400 33 34 74 77 3 41
402 401 401 401 401 402 400 402 400 402 402 401 401 402 402
0 0 1 1 1 1 1 0 0 0
0 0 1 0 0 0 1 0 0 0
0 1 1 1 1 1 1 1 1 1
1 1 1 1 1 1 1 1 0 0
1 1 1 1 0 1 1 0 0 0
1 1 1 1 1 1 1 0 0 0
1 1 1 1 1 1 1 1 1 0
1 0 0 1 1 1 1 1 1 0
1 0 0 0 0 0 0 0 0 0
2 0 0 0 0 0 0 0 0 0
Maze 85
91 18 2.5573770492 2.2330575306 32 0.343636990112785
36 37 70 40 100 67 14 17 37 90 9 7 71 1 84 36
400 67 400 400 97 64 400 400 87 89 400 1 400 81 34
400 401 400 400 401 401 400 400 401 401 400 402 400 401 402
1 1 1 1 1 1 1 1 1 0
1 0 0 1 1 1 1 0 1 0
1 0 0 1 0 0 1 0 1 0
1 0 0 1 1 2 1 0 1 1
1 0 0 1 0 0 1 0 1 1
1 0 0 1 0 0 1 0 1 1
1 0 0 1 1 1 1 1 1 1
1 0 0 1 0 0 1 0 1 1
1 1 1 1 0 0 1 1 1 1
0 0 0 0 0 0 1 1 1 1
Maze 86
75 239 3.3170731707 2.1299964074 35 0.394315770896658
25 48 33 36 60 79 19 98 48 87 44 35 30 56 47 25
45 43 400 56 59 400 18 400 47 84 34 25 26 46 45
401 401 400 401 402 400 402 400 402 401 402 402 402 402 401
0 0 0 0 0 0 0 0 0 0
0 0 0 0 0 0 0 1 1 0
0 0 0 0 2 1 1 1 1 1
0 0 1 1 1 1 0 1 1 0
0 0 1 1 1 1 1 1 1 0
0 0 0 1 0 1 1 1 1 1
0 0 0 1 0 0 1 1 1 0
0 0 0 1 0 0 1 1 1 0
0 0 0 1 1 1 1 1 0 0
0 0 0 0 0 0 0 1 0 0
Maze 87
113 167 3.3584905660 1.9703441704 75 0.371538359246345
31 47 80 38 58 21 76 10 21 41 24 80 81 11 47 31
41 77 78 400 51 71 6 1 400 21 74 71 400 41 41
401 401 401 400 401 401 402 402 400 402 401 402 400 401 401
1 1 1 1 1 1 1 1 1 1
1 0 0 0 0 1 0 0 0 0
1 1 1 1 0 1 0 0 0 0
2 0 0 1 0 1 0 1 0 0
1 1 1 1 1 1 1 1 0 0
1 1 1 1 1 1 1 1 0 0
1 0 0 1 0 1 1 1 0 0
1 1 1 1 1 1 1 1 1 1
1 0 0 0 0 0 0 0 0 0
0 0 0 0 0 0 0 0 0 0
Maze 88
115 3906 2.9444444444 2.3092838171 113 0.390663871142169
74 20 80 62 48 14 91 77 28 21 59 67 22 39 87 74
14 400 72 42 44 11 71 27 400 51 57 62 32 37 84
402 400 401 402 401 402 402 402 400 401 402 401 401 402 401
0 0 0 0 0 0 0 0 0 0
1 1 1 1 1 1 1 1 1 1
1 1 1 1 1 1 1 1 0 1
1 1 1 1 1 1 1 1 1 1
1 1 1 1 1 1 1 1 0 1
1 1 1 1 1 1 1 1 1 1
1 1 1 1 1 1 1 0 0 1
1 1 1 2 1 1 1 1 1 1
1 0 0 1 1 1 1 0 0 0
1 0 0 0 0 0 0 0 0 0
Maze 89
101 232 3.1250000000 1.8349750762 77 0.384342895199397
27 25 92 64 29 73 49 79 20 78 23 57 26 52 64 27
400 22 62 24 23 43 400 19 18 73 53 56 22 62 24
400 402 402 402 402 402 400 402 402 401 401 401 402 401 402
0 0 0 0 0 0 0 0 0 0
0 0 0 0 0 0 0 1 1 1
0 1 1 1 1 1 2 1 1 0
0 1 1 1 0 1 0 1 1 0
0 1 1 1 1 1 1 1 1 0
0 1 1 1 1 1 1 1 1 0
0 1 1 1 0 0 0 1 1 0
0 1 1 1 1 1 1 1 1 0
0 1 0 0 0 0 0 0 0 0
0 1 0 0 0 0 0 0 0 0
Maze 90
125 31 3.4754098361 2.0805847437 177 0.385491750845241
74 15 97 89 78 1 75 83 6 20 74 12 80 71 48 74
14 95 87 88 71 71 73 3 16 14 72 72 400 41 44
402 401 402 401 401 401 402 402 401 402 401 401 400 402 402
1 0 1 1 1 1 0 0 0 0
1 1 1 1 1 1 1 1 1 1
1 1 1 1 1 0 0 0 0 0
1 1 1 1 1 0 0 0 0 0
1 1 1 1 1 1 1 1 0 0
1 1 1 1 1 0 0 0 0 0
1 1 1 1 1 0 0 0 0 0
1 1 1 2 1 1 1 1 1 1
0 0 1 0 1 0 1 1 1 0
0 0 0 0 1 1 1 0 0 0
Maze 91
109 1625 3.2203389831 2.0858715019 120 0.397988554969946
97 7 46 13 73 49 21 79 65 73 80 4 21 29 60 97
400 6 43 400 43 41 71 75 63 400 74 1 400 59 57
400 402 401 400 402 401 401 401 402 400 401 402 400 401 402
1 1 1 1 0 1 1 0 0 0
1 0 1 1 0 1 1 0 0 0
1 1 1 1 1 1 1 1 1 0
1 0 1 1 0 1 1 0 1 0
1 1 1 1 1 1 1 1 1 0
1 0 1 1 0 0 1 1 1 1
1 0 1 1 1 0 1 0 0 0
1 1 1 1 1 1 1 1 1 1
0 0 0 0 0 0 1 0 0 0
0 0 0 0 0 0 2 0 0 0
Maze 92
77 26 3.0697674419 2.0197075262 35 0.406799028290800
77 32 93 72 51 32 48 64 82 38 60 29 69 60 74 77
72 92 92 71 31 42 44 62 32 58 59 400 59 54 400
401 401 401 401 402 401 402 402 402 401 401 400 402 402 400
0 0 0 0 0 0 0 0 0 0
0 0 0 0 0 0 0 0 0 0
0 0 0 0 0 0 0 0 1 0
1 1 1 1 1 1 1 1 1 0
1 1 1 1 1 1 1 1 1 0
1 1 0 1 1 1 1 1 1 1
1 1 1 1 0 0 0 0 1 0
1 1 1 1 1 1 2 0 0 0
0 1 0 0 0 0 0 0 0 0
0 1 1 0 0 0 0 0 0 0
Maze 93
93 94 3.1636363636 2.1611569762 50 0.376465129975652
81 77 62 19 25 16 22 96 49 33 79 39 44 74 65 81
71 72 12 15 15 12 92 46 43 73 400 34 400 64 61
402 401 402 402 402 402 401 402 401 401 400 402 400 402 402
0 0 0 0 0 0 0 0 0 0
0 1 1 1 1 1 1 1 1 0
0 1 0 0 1 0 0 0 0 0
0 1 1 1 1 1 1 1 1 0
0 1 1 1 1 1 1 1 1 0
0 1 1 1 0 1 0 0 1 0
1 1 1 1 1 1 0 0 1 0
1 1 1 1 1 1 1 1 1 0
2 1 0 0 0 1 0 0 0 0
0 1 1 1 1 1 0 0 0 0
Maze 94
113 7028 3.5087719298 2.0967417111 97 0.385757491296726
2 22 13 56 56 62 49 40 71 25 91 14 87 15 97 2
400 12 53 400 52 42 39 31 21 21 11 84 85 95 92
400 402 401 400 402 402 402 402 402 402 402 401 401 401 401
0 2 0 0 0 0 0 0 0 0
1 1 1 1 1 0 0 0 0 0
1 1 1 1 1 0 0 0 0 0
1 1 1 1 1 1 1 1 1 1
1 1 1 1 1 1 1 1 1 0
1 1 1 1 1 1 0 0 0 0
1 1 0 1 1 0 0 0 0 0
1 1 0 1 1 0 0 0 0 0
1 1 0 1 1 1 1 0 0 0
1 1 1 1 1 1 1 0 0 0
Maze 95
79 13 3.2244897959 2.2732310462 25 0.389096723995942
95 22 25 12 34 18 4 87 27 86 39 77 75 73 63 95
92 400 22 32 14 14 84 400 26 36 37 400 400 400 93
401 400 401 401 402 401 401 400 402 402 402 400 400 400 401
0 0 0 1 0 0 0 0 0 0
0 1 0 1 1 1 1 1 0 0
0 1 1 1 1 1 1 0 0 0
0 1 1 1 0 1 1 1 1 0
0 1 0 1 0 1 1 0 0 0
0 1 0 1 0 1 1 0 0 0
0 1 1 1 0 1 1 0 0 0
0 1 1 1 1 1 1 0 0 0
0 1 1 1 1 1 1 0 0 0
0 1 1 1 2 0 0 0 0 0
Maze 96
107 25 3.5849056604 2.0651501681 77 0.388119444662271
54 84 3 30 22 22 80 79 51 53 60 81 100 92 79 54
400 83 23 400 400 72 400 71 400 400 51 91 400 72 74
400 401 401 400 400 401 400 401 400 400 402 401 400 402 401
0 0 1 0 0 0 0 0 0 0
0 0 1 0 0 0 0 0 0 0
0 1 1 1 1 1 1 1 1 1
0 1 1 0 0 0 0 0 0 0
0 1 1 0 0 0 0 0 0 0
1 1 1 2 1 1 1 1 1 1
1 1 1 1 0 0 0 0 0 0
1 1 1 1 1 1 1 1 1 1
1 1 1 1 0 0 0 0 0 0
1 1 1 1 1 1 1 1 1 1
Maze 97
87 26 3.4761904762 1.9624682747 56 0.387197165418889
23 61 48 68 35 44 42 83 2 63 73 25 48 72 79 23
21 41 400 65 34 400 82 82 62 400 23 45 42 400 73
402 402 400 401 402 400 401 401 401 400 402 401 402 400 401
0 1 0 0 0 0 0 0 0 0
0 1 0 0 0 0 0 0 0 0
1 1 2 1 1 0 0 0 0 0
1 1 1 1 1 0 0 0 0 0
1 1 1 1 1 1 1 1 0 0
1 1 1 0 1 0 0 1 0 0
1 1 1 0 1 1 1 1 0 0
0 1 1 1 1 1 1 1 1 0
0 1 1 0 0 0 0 0 0 0
0 0 0 0 0 0 0 0 0 0
Maze 98
89 121 3.0204081633 2.0493837165 56 0.389508215500743
66 15 32 41 78 71 31 56 44 97 49 16 34 78 43 66
65 12 31 71 400 400 51 54 94 47 46 14 74 73 63
401 402 402 401 400 400 401 401 401 402 401 402 401 401 401
0 0 0 0 0 0 0 0 0 0
0 1 1 1 1 1 0 0 0 0
0 1 0 1 1 1 0 0 0 0
1 1 0 1 1 1 0 0 0 0
1 0 1 1 1 1 1 1 1 0
1 1 1 1 1 1 1 0 0 0
1 0 1 1 1 2 1 0 0 0
1 1 1 1 1 1 1 1 0 0
0 0 0 1 0 0 1 0 0 0
0 0 0 1 1 1 1 0 0 0
Maze 99
101 219 3.2000000000 2.2430458920 42 0.410573876022777
34 23 54 47 1 16 100 32 83 66 13 5 20 97 48 34
33 53 44 41 11 96 92 82 63 63 3 15 17 47 44
401 401 402 401 401 401 401 401 402 401 402 401 402 402 401
1 0 1 1 1 0 0 0 0 0
1 1 1 1 1 1 1 1 1 1
1 0 1 0 0 1 1 0 0 0
1 1 1 2 0 1 1 0 0 0
1 1 1 1 1 1 1 1 0 0
0 1 1 1 0 1 1 0 0 0
0 1 1 1 1 1 1 0 0 0
0 1 1 0 0 1 1 0 0 0
0 1 1 0 0 1 1 0 0 0
0 1 1 1 1 1 1 1 1 1
Maze 100
83 19 2.6538461538 1.9826843344 22 0.364741495703734
46 37 70 76 62 63 1 13 42 93 97 19 42 99 89 46
36 67 66 72 400 61 11 12 92 400 17 12 92 400 86
402 401 402 401 400 401 401 402 401 400 402 402 401 400 401
1 0 0 0 0 0 0 0 0 0
1 1 1 1 1 1 1 1 1 0
1 1 0 0 0 0 1 0 0 0
1 1 0 0 0 1 1 0 0 0
1 1 0 0 0 2 1 0 0 0
1 1 0 0 0 1 1 0 0 0
1 1 1 0 0 1 1 1 1 1
0 1 1 1 1 1 1 0 0 0
0 1 0 0 0 1 1 1 1 0
0 1 1 1 1 1 1 1 1 0
Maze 101
111 884 3.3684210526 2.1230564909 65 0.389724027866509
92 10 79 7 34 94 42 72 70 24 42 58 7 58 80 92
2 9 77 4 400 92 400 62 64 22 52 57 57 78 72
402 402 401 402 400 401 400 402 401 402 401 401 401 401 402
0 1 1 1 1 1 1 1 1 1
0 1 0 1 0 0 1 0 1 0
0 1 1 1 0 0 1 0 1 0
0 1 0 1 0 0 1 0 1 0
0 1 0 1 0 0 1 0 1 0
0 1 1 1 1 1 1 1 1 0
0 1 1 1 1 1 1 1 1 1
0 1 1 1 1 1 1 1 1 1
0 1 0 1 0 0 0 0 0 0
0 2 1 1 0 0 0 0 0 0
Maze 102
113 556 2.7812500000 2.2008977154 90 0.391201203969565
43 91 31 71 20 70 92 9 86 92 51 27 25 85 91 43
41 400 400 11 400 62 2 6 82 91 21 400 400 81 41
402 400 400 402 400 402 402 402 402 401 402 400 400 402 402
0 1 1 1 1 1 1 1 1 0
1 1 1 1 1 1 1 1 1 1
1 1 1 1 1 1 1 0 0 1
1 1 0 0 1 1 0 0 0 1
1 1 2 0 1 1 0 0 0 1
1 1 0 0 1 1 0 0 0 1
1 1 1 1 1 1 1 1 1 1
1 1 0 0 1 1 0 0 0 0
1 1 1 1 1 1 0 0 0 0
1 1 0 0 0 0 0 0 0 0
Maze 103
95 208 3.1481481481 2.2034033850 84 0.384458677441531
18 86 41 63 69 93 25 51 64 92 65 16 63 77 29 18
16 81 61 400 63 23 21 61 62 62 15 13 73 27 28
402 401 401 400 402 402 402 401 402 402 402 402 401 402 401
0 0 0 0 0 0 0 0 0 0
0 0 1 1 1 1 1 2 0 0
1 1 1 1 1 1 1 1 1 0
1 0 1 0 1 1 1 0 0 0
1 0 1 0 1 1 1 0 0 0
1 0 1 0 1 1 1 0 0 0
1 1 1 1 1 1 1 1 1 0
1 1 1 1 1 1 1 0 0 0
1 1 1 1 1 1 0 0 0 0
0 1 1 0 0 0 0 0 0 0
Maze 104
81 33 3.4146341463 2.0564015196 35 0.370534888641079
31 65 71 73 51 53 54 85 38 12 27 71 91 57 12 31
61 61 400 71 400 400 84 35 32 22 21 400 51 52 11
401 402 400 401 400 400 401 402 401 401 402 400 402 401 402
0 0 0 0 0 0 0 0 0 0
1 1 0 0 0 0 0 0 0 0
1 1 1 1 1 1 1 0 0 0
2 1 1 1 1 1 1 1 0 0
1 1 0 0 1 0 0 0 0 0
1 1 1 1 1 1 1 0 0 0
1 1 1 1 1 0 0 0 0 0
1 1 1 1 1 0 0 0 0 0
1 0 0 1 1 0 0 0 0 0
1 0 0 0 0 0 0 0 0 0
Maze 105
95 3 3.5238095238 1.8237325914 60 0.389984457031627
88 51 81 90 74 27 7 90 15 89 67 28 38 58 29 88
81 400 400 84 24 400 87 85 85 87 27 400 400 28 28
401 400 400 401 402 400 401 401 401 401 402 400 400 402 402
0 0 0 0 0 0 1 0 0 0
0 0 0 0 1 0 1 0 0 0
0 0 0 1 1 1 1 1 1 0
0 0 0 1 1 0 1 1 0 0
0 0 0 1 1 0 1 1 0 0
1 0 0 1 1 0 1 1 0 0
1 0 0 1 1 0 1 1 0 0
1 0 0 1 1 0 1 1 0 0
1 1 1 1 1 1 1 2 1 1
0 0 0 0 0 0 0 0 0 0
Maze 106
123 193 3.3333333333 1.9444747037 112 0.375702209361010
43 90 16 1 77 56 21 8 31 89 37 69 71 68 61 43
83 86 11 71 76 51 1 1 81 87 67 61 61 400 41
401 401 401 401 401 401 402 402 401 401 401 402 402 400 402
1 1 1 1 1 1 1 1 0 0
1 1 1 1 1 1 0 0 0 0
1 0 0 0 0 1 0 0 0 0
1 0 0 0 0 1 1 0 0 0
1 1 2 0 0 1 1 0 0 0
1 1 1 1 1 1 1 0 0 0
1 1 1 1 1 1 1 1 1 0
1 1 1 1 1 1 1 0 0 0
1 1 1 1 1 1 1 1 1 1
0 0 0 0 0 0 0 0 0 0
Maze 107
87 694 3.6666666667 2.0247688549 44 0.377971929989467
53 60 32 68 74 29 77 56 46 21 67 25 46 64 75 53
400 52 62 64 24 27 76 400 41 61 65 45 44 74 73
400 401 401 402 402 402 401 400 401 401 401 401 402 401 401
0 0 0 0 0 0 0 0 0 0
0 0 0 0 0 0 0 0 0 0
1 0 0 1 1 1 1 1 1 0
1 1 0 1 1 0 1 0 0 0
1 1 1 1 1 1 1 0 0 0
1 1 2 1 1 1 1 1 1 1
1 1 1 1 1 1 1 1 0 0
0 0 1 1 1 1 1 0 0 0
0 0 0 0 0 0 0 0 0 0
0 0 0 0 0 0 0 0 0 0
Maze 108
91 753 3.0181818182 2.2145947577 39 0.404171762430717
74 73 1 3 3 90 67 81 44 95 88 8 79 55 49 74
400 71 400 400 83 87 61 41 94 85 400 78 75 45 44
400 401 400 400 401 401 402 402 401 402 400 401 401 402 402
1 1 1 0 0 0 0 1 0 0
1 0 1 0 0 0 0 1 0 0
1 0 1 0 0 0 0 1 0 0
1 0 1 0 0 0 0 1 0 0
1 1 1 1 1 1 1 1 1 0
1 0 1 1 1 0 0 1 0 0
1 1 1 1 1 1 1 1 0 0
1 1 1 2 1 1 1 1 1 0
1 0 1 1 1 1 1 1 1 1
0 0 0 1 1 0 0 0 0 0
Maze 109
111 41 3.3448275862 2.1495722948 99 0.384430195198234
64 19 40 93 51 50 82 7 92 74 92 52 24 29 24 64
14 39 33 91 41 42 2 2 72 72 400 22 400 400 400
402 401 402 401 402 402 402 402 402 402 400 402 400 400 400
0 1 1 1 1 1 1 0 0 0
0 1 0 1 1 1 1 1 1 0
0 1 1 1 1 1 1 1 1 0
0 1 1 1 1 1 1 1 1 1
1 1 1 1 1 1 1 1 1 1
1 1 1 1 0 0 0 0 0 0
1 1 1 2 0 0 0 0 0 0
1 1 1 1 0 0 0 0 0 0
1 1 1 0 0 0 0 0 0 0
1 1 1 0 0 0 0 0 0 0
Maze 110
101 29 2.9642857143 2.1019806504 84 0.386851151619871
53 40 6 54 30 45 49 79 91 51 89 80 73 86 29 53
33 36 4 24 25 400 400 71 400 81 79 400 83 26 23
402 401 402 402 402 400 400 402 400 401 402 400 401 402 402
0 0 0 1 1 1 0 0 0 0
0 0 0 1 0 1 0 0 0 0
0 0 1 1 1 1 1 1 1 1
0 0 1 1 1 1 1 1 1 1
0 0 1 1 1 1 1 1 1 0
1 0 2 1 0 1 0 0 1 0
1 0 0 0 0 1 0 0 1 0
1 1 1 1 1 1 1 1 1 1
1 1 1 1 1 1 1 1 1 0
1 0 0 0 0 0 0 0 0 0
Maze 111
113 147 3.3448275862 2.0484159515 97 0.389789566516238
30 6 57 67 33 4 78 62 47 54 29 61 2 40 84 30
26 56 400 63 3 74 72 42 44 24 21 1 32 34 24
401 401 400 401 402 401 401 402 402 402 402 402 401 402 402
1 1 1 1 0 1 0 0 0 0
1 1 1 1 0 1 0 0 0 0
1 1 1 1 1 1 1 1 1 2
1 1 1 1 1 1 1 1 1 1
1 1 1 1 1 1 1 0 0 0
1 1 1 1 0 1 1 0 0 0
1 1 1 1 1 1 1 0 0 0
0 1 1 1 1 1 1 1 0 0
0 0 0 1 0 0 0 0 0 0
0 0 0 0 0 0 0 0 0 0
Maze 112
111 176 3.2592592593 1.9619862938 86 0.396499834112697
19 69 14 93 98 74 11 28 64 28 93 37 19 45 4 19
400 64 13 400 94 71 21 24 24 23 33 17 15 44 14
400 401 402 400 401 401 401 402 402 402 402 402 402 401 401
0 0 0 1 0 0 0 0 0 0
1 0 1 1 1 1 1 1 2 0
1 1 1 1 1 1 1 1 1 0
1 0 1 1 1 1 1 0 1 0
1 0 1 1 1 0 0 0 1 0
1 0 1 1 0 0 0 0 1 0
1 0 1 1 1 1 1 1 1 0
1 1 1 1 0 0 0 0 0 0
0 0 1 1 0 0 0 0 0 0
0 0 1 1 1 1 1 1 0 0
Maze 113
93 73 3.5652173913 2.1290129965 41 0.382983915930956
76 82 31 69 77 39 97 61 56 43 81 74 49 31 44 76
72 81 61 67 37 37 91 51 53 41 71 44 41 41 74
402 401 401 402 402 402 401 402 401 402 402 402 401 401 401
0 0 0 0 0 0 0 0 0 0
0 0 0 0 0 0 0 0 0 0
0 0 0 0 0 0 0 0 0 0
1 0 0 0 0 0 1 1 1 0
1 1 1 1 1 1 1 1 1 0
1 1 1 1 1 1 1 0 0 0
1 1 1 1 1 1 1 1 1 0
1 1 1 1 1 2 1 0 0 0
1 1 0 0 0 0 1 0 0 0
1 1 1 1 1 1 1 0 0 0
Maze 114
99 14 3.5238095238 1.8103401119 84 0.374535035491745
57 62 52 60 4 68 97 76 47 30 12 67 12 57 43 57
52 400 400 54 64 67 96 46 27 22 62 62 52 53 53
402 400 400 401 401 402 401 402 402 401 401 401 401 401 401
0 0 0 1 0 0 0 0 0 0
0 1 0 1 0 0 0 0 0 0
0 1 1 1 1 1 1 1 1 1
0 1 0 1 0 0 1 0 0 0
0 1 1 1 0 1 1 0 0 0
0 1 1 1 1 1 2 1 1 1
0 1 1 1 1 1 1 1 0 0
0 0 0 0 0 1 1 0 0 0
0 0 0 0 0 1 1 0 0 0
0 0 0 0 0 1 1 0 0 0
Maze 115
111 54 3.5517241379 2.2566958423 98 0.375601667669600
86 24 61 30 16 79 5 43 5 50 49 34 61 89 53 86
84 21 21 26 76 75 3 3 45 400 44 31 81 83 83
401 402 402 401 401 401 402 402 401 400 401 402 401 401 401
0 0 1 1 1 0 0 0 0 0
0 0 1 0 1 1 0 0 0 0
1 1 1 1 1 1 1 1 1 1
1 1 1 1 1 1 0 0 0 0
1 0 1 1 1 1 1 1 1 1
1 0 1 1 1 1 0 0 0 0
1 0 1 1 1 1 0 0 0 0
1 0 1 1 1 1 1 1 1 0
1 1 1 1 1 2 1 1 1 0
0 0 0 0 0 0 0 0 0 0
Maze 116
97 64 3.1379310345 2.2890717499 60 0.386064371399552
67 25 71 36 4 29 43 82 65 12 100 90 38 37 8 67
65 21 31 34 24 23 42 62 62 92 400 88 400 7 7
401 402 402 401 401 402 402 402 401 401 400 401 400 402 402
0 0 0 1 0 0 1 1 0 0
0 1 0 1 0 0 1 0 0 0
1 1 1 1 1 1 1 1 1 0
1 1 1 1 1 1 1 1 0 0
1 1 1 0 1 0 1 1 0 0
1 1 0 0 1 0 1 1 0 0
1 1 1 1 1 1 2 1 0 0
1 1 0 0 0 0 0 1 0 0
0 1 0 0 0 0 0 1 1 1
0 1 1 1 1 1 1 1 1 1
Maze 117
95 204 3.5384615385 2.2126880212 47 0.401371446287592
10 15 90 64 65 24 93 56 86 86 30 24 40 88 25 10
5 85 84 400 64 23 53 400 400 26 400 34 38 85 5
402 401 401 400 401 402 402 400 400 402 400 401 402 401 402
0 0 0 0 1 1 1 1 1 2
0 0 0 0 1 0 0 0 0 0
0 0 1 1 1 1 1 1 1 1
0 0 1 1 1 1 1 1 1 1
0 0 1 1 1 1 0 1 0 0
0 0 1 1 1 1 0 1 0 0
0 0 1 1 1 1 0 1 0 0
0 0 1 1 1 1 0 1 0 0
0 0 1 1 1 1 1 1 1 1
0 0 1 0 0 0 0 0 0 0
Maze 118
127 13 3.5925925926 1.8967706956 161 0.390790105972968
14 47 54 98 13 21 19 93 18 64 70 94 21 30 64 14
44 44 94 93 11 11 13 13 14 400 64 91 400 24 400
401 402 401 401 402 402 402 402 402 400 402 401 400 402 400
0 0 0 0 0 0 0 0 0 0
1 1 1 2 1 1 1 1 1 0
1 1 1 1 1 1 1 1 1 1
1 0 1 1 0 0 0 0 0 0
1 0 1 1 1 1 1 0 0 0
1 0 1 1 0 0 0 0 0 0
1 0 1 1 1 1 1 1 1 1
1 0 1 1 0 0 0 0 0 0
1 0 1 1 0 0 0 0 0 0
1 1 1 1 1 1 1 1 0 0
Maze 119
99 100 2.9803921569 1.9743243843 70 0.398355664740695
75 17 38 45 36 38 81 62 29 90 92 38 85 41 67 75
15 37 35 35 400 31 61 22 89 82 32 35 81 61 65
402 401 402 402 400 402 402 402 401 402 402 402 401 401 402
0 0 0 0 0 0 0 0 0 0
0 0 0 0 1 1 1 0 0 0
0 1 1 1 1 1 1 1 1 0
1 1 1 1 1 1 1 1 1 0
1 1 0 0 1 0 0 0 1 0
1 1 0 0 1 0 0 0 1 0
1 1 1 1 1 1 1 0 1 0
1 1 0 0 2 0 0 0 1 0
1 1 1 1 1 1 1 1 1 1
0 1 0 0 0 0 0 0 0 0
Maze 120
101 73 3.6521739130 1.9352667622 60 0.381035851651819
71 64 40 35 75 40 73 70 41 79 81 84 35 26 32 71
61 34 400 400 35 33 63 61 71 71 400 34 25 22 31
402 402 400 400 402 402 402 401 401 402 400 402 402 402 402
0 0 0 0 0 0 0 0 0 0
0 0 0 0 0 0 0 0 0 0
0 1 1 1 1 1 0 0 0 0
1 1 1 1 1 1 1 1 1 1
1 0 1 1 1 0 0 0 0 0
1 0 1 1 1 0 0 0 0 0
1 1 1 1 1 1 1 1 1 1
2 1 1 1 1 1 1 1 1 0
1 1 1 1 0 0 0 0 0 0
0 0 0 0 0 0 0 0 0 0
Maze 121
103 1891 3.8695652174 1.9159298589 77 0.375442948278977
67 95 43 87 36 72 76 82 46 3 95 12 35 91 94 67
65 93 83 86 32 400 72 42 43 93 92 32 31 400 64
402 401 401 401 402 400 402 402 401 401 401 401 402 400 402
0 0 1 0 0 0 0 0 0 0
0 1 1 0 0 0 0 0 0 0
0 1 1 0 0 0 0 0 0 0
1 1 1 1 1 1 0 0 0 0
1 1 1 1 1 1 0 0 0 0
1 1 1 0 0 1 0 0 0 0
1 1 1 1 1 1 2 0 0 0
1 1 1 1 1 1 0 0 0 0
1 1 1 1 1 1 1 0 0 0
1 1 1 1 1 0 0 0 0 0
Maze 122
85 55 3.1372549020 2.1489159387 29 0.383959488250173
83 32 32 98 47 54 95 96 45 81 35 56 66 9 96 83
82 400 92 97 44 94 400 95 41 31 55 400 6 6 93
401 400 401 401 402 401 400 401 402 402 401 400 402 402 401
0 0 0 0 0 1 1 1 1 0
0 0 0 0 0 1 0 0 0 0
0 0 0 0 0 1 0 0 0 0
1 1 1 1 1 1 0 0 0 0
1 1 1 1 1 1 1 0 0 0
1 1 0 1 1 1 1 0 0 0
1 1 0 1 1 1 1 0 0 0
1 1 0 1 1 1 1 0 0 0
1 1 2 1 1 1 1 0 0 0
0 1 1 1 1 1 1 1 0 0
Maze 123
95 277 2.7868852459 2.1872580440 71 0.398926421264054
8 75 62 37 32 1 17 90 29 27 98 83 24 62 27 8
5 72 32 400 31 11 87 89 400 97 93 23 22 22 7
402 401 402 400 401 401 401 401 400 401 401 402 402 402 402
1 0 0 0 1 1 1 2 0 0
1 1 1 1 1 1 1 0 0 0
1 1 1 1 1 1 1 1 1 0
1 1 1 1 1 1 1 0 1 0
0 1 1 0 1 0 1 0 1 0
0 1 1 0 1 0 1 0 1 0
0 1 1 0 1 0 1 0 1 0
0 1 1 1 1 0 1 0 1 0
0 0 1 0 0 0 1 1 1 1
0 0 1 1 1 1 1 1 0 0
Maze 124
99 217 3.0000000000 2.2096145359 60 0.406539817708390
21 45 31 98 98 76 43 62 56 98 57 90 35 10 88 21
41 41 91 400 96 73 42 52 96 97 87 85 5 8 81
401 401 401 400 401 401 402 402 401 401 401 401 402 402 401
0 0 0 0 1 1 1 1 1 1
0 0 0 0 1 0 0 1 0 0
2 0 0 0 1 0 0 1 0 0
1 0 0 0 1 0 0 1 0 0
1 1 1 1 1 0 0 1 0 0
1 1 1 1 1 1 1 1 0 0
1 1 1 0 1 1 1 1 0 0
1 0 1 1 1 1 1 1 0 0
1 1 1 1 1 1 1 1 1 1
1 1 1 1 1 1 1 1 0 0
Maze 125
77 629 3.3846153846 2.0516762731 35 0.378986931681083
83 56 74 89 59 60 78 25 60 69 35 86 63 67 38 83
53 54 84 400 400 58 75 55 59 65 85 83 400 37 33
402 402 401 400 400 402 401 401 402 401 401 401 400 402 402
0 0 0 0 0 0 0 0 0 0
0 0 0 0 0 0 0 0 0 0
0 0 0 0 1 0 0 0 0 0
0 0 1 1 1 1 1 1 0 0
0 0 1 0 1 0 1 0 0 0
0 0 1 1 1 1 1 1 1 1
0 0 1 1 1 1 1 1 1 0
0 0 1 1 1 1 1 1 1 0
0 0 2 1 1 1 1 1 1 0
0 0 0 0 0 0 0 0 0 0
Maze 126
99 283 3.5384615385 2.1938841125 71 0.402335676656800
4 36 71 82 96 72 50 86 26 100 84 61 57 29 54 4
34 31 81 92 92 42 46 400 96 94 81 51 27 24 400
401 402 401 401 401 402 402 400 401 401 401 402 402 402 400
0 0 0 2 0 0 0 0 0 0
0 0 0 1 0 0 0 0 0 0
0 0 0 1 1 1 1 1 1 0
1 1 1 1 1 1 1 0 0 0
1 1 1 1 1 1 1 1 1 1
1 1 1 1 1 1 1 0 0 0
1 1 0 0 0 1 0 0 0 0
1 1 0 0 0 1 0 0 0 0
1 1 1 1 0 1 0 0 0 0
0 1 1 1 1 1 1 1 1 1
Maze 127
123 301 3.3750000000 2.2537430342 101 0.387043730798156
33 40 14 27 51 72 48 39 81 9 15 76 29 73 100 33
400 34 24 21 71 42 38 31 1 5 75 26 23 93 93
400 401 401 402 401 402 402 402 402 402 401 402 402 401 401
1 1 1 1 1 1 1 1 1 0
1 0 0 1 1 0 0 0 0 0
1 1 1 1 1 1 1 1 1 0
1 1 2 1 1 1 1 1 1 1
1 1 1 1 1 1 1 1 0 0
1 1 1 0 1 1 0 0 0 0
1 1 1 0 1 1 0 0 0 0
1 1 1 0 1 1 0 0 0 0
1 0 1 0 0 0 0 0 0 0
0 0 1 1 1 1 1 1 1 1
Maze 128
81 124 3.3000000000 1.8726253712 23 0.368366711221445
85 35 39 77 42 22 48 73 46 26 32 65 72 12 94 85
400 400 37 72 400 42 43 43 400 22 62 62 400 92 84
400 400 402 401 400 401 402 402 400 402 401 402 400 401 402
0 0 0 0 0 0 0 0 0 0
0 1 0 0 0 0 0 0 0 0
0 1 1 1 1 1 0 0 0 0
0 1 0 0 1 1 1 1 1 0
0 1 1 1 1 1 1 1 0 0
0 1 1 0 1 0 1 0 0 0
0 1 1 1 1 0 1 0 0 0
0 1 1 1 1 1 1 0 0 0
0 1 0 1 2 0 0 0 0 0
0 1 1 1 0 0 0 0 0 0
Maze 129
111 25 3.3725490196 1.8608582686 86 0.390278365115712
21 51 3 12 83 61 78 12 70 27 39 86 97 12 95 21
400 1 2 82 81 71 72 62 67 37 36 96 92 92 91
400 402 402 401 401 401 401 401 401 401 402 401 401 401 401
1 1 1 0 0 0 0 0 0 0
1 1 0 0 0 0 0 0 0 0
2 1 0 0 0 0 1 0 0 0
1 1 0 0 0 1 1 1 1 0
1 1 0 0 0 1 1 0 0 0
1 1 0 0 0 1 1 0 0 0
1 1 1 1 1 1 1 1 1 1
1 1 1 1 1 1 1 1 0 0
1 1 1 0 0 1 0 0 0 0
1 1 1 1 1 1 1 0 0 0
Maze 130
107 66 3.3846153846 2.0592222229 91 0.392991562181468
17 97 5 59 4 13 13 99 62 95 5 13 14 48 84 17
400 95 55 54 3 400 93 92 92 400 3 400 44 44 14
400 401 401 401 402 400 401 401 401 400 402 400 401 402 402
0 0 1 1 1 0 0 0 0 0
0 0 1 1 1 1 2 0 0 0
0 0 1 1 1 0 1 0 0 0
0 0 1 1 1 0 1 0 0 0
0 0 1 1 1 1 1 1 0 0
0 0 1 1 1 1 1 1 1 0
0 1 1 1 1 0 1 0 0 0
0 1 1 1 1 0 1 0 0 0
0 1 1 1 1 0 1 0 0 0
0 1 1 1 1 1 1 1 1 0
Maze 131
79 3 3.4054054054 1.9310489759 19 0.410623027483771
33 1 7 25 65 21 2 41 62 87 65 10 23 6 4 33
31 400 5 400 61 1 1 61 82 85 5 3 3 400 3
401 400 402 400 401 402 402 401 401 401 402 402 402 400 402
1 1 1 1 1 1 1 1 1 1
1 0 1 0 1 0 0 0 0 0
1 0 1 0 1 0 0 0 0 0
1 1 2 0 1 0 0 0 0 0
1 0 0 0 1 0 0 0 0 0
1 0 0 0 1 0 0 0 0 0
1 1 1 1 1 0 0 0 0 0
0 1 0 0 1 0 0 0 0 0
0 1 1 1 1 1 1 0 0 0
0 0 0 0 0 0 0 0 0 0
Maze 132
113 57 3.7500000000 2.0885537672 90 0.389217858890079
82 89 4 48 74 98 64 2 92 73 66 46 57 71 20 82
400 84 44 44 94 94 62 400 72 63 400 56 51 11 12
400 401 401 402 401 401 401 400 402 402 400 401 402 402 402
0 1 0 1 0 0 0 0 0 0
1 1 1 1 1 1 1 1 1 1
1 1 0 1 0 0 0 0 0 0
1 1 0 1 0 0 0 0 0 0
1 1 0 1 1 1 1 1 0 0
1 1 1 1 1 1 1 0 0 0
1 1 1 1 1 1 0 0 0 0
1 1 1 1 0 0 0 0 0 0
0 2 1 1 1 1 1 1 1 0
0 1 0 1 1 1 1 1 0 0
Maze 133
71 216 3.3513513514 1.9746241325 20 0.382136869841358
48 44 44 80 73 97 57 16 90 78 69 90 65 97 67 48
400 400 74 400 93 400 56 86 88 68 89 85 95 400 47
400 400 401 400 401 400 401 401 401 402 401 401 401 400 402
0 0 0 0 0 0 0 0 0 0
0 0 0 0 0 1 0 0 0 0
0 0 0 0 0 1 0 0 0 0
0 0 0 0 0 1 0 0 0 0
0 0 0 1 1 1 1 2 0 0
0 0 0 1 0 1 1 0 0 0
0 0 0 1 1 1 1 1 1 0
0 0 1 1 1 1 1 1 1 1
0 0 1 0 1 1 1 1 1 1
0 0 1 1 1 1 1 0 0 0
Maze 134
91 34 3.5909090909 1.9814454144 50 0.384328510959832
72 59 32 45 16 37 81 41 33 68 86 69 63 77 21 72
52 52 42 15 36 31 400 31 63 66 66 400 73 71 71
402 401 401 402 401 402 400 402 401 402 402 400 401 401 401
0 0 0 0 0 0 0 0 0 0
0 0 0 0 1 1 0 0 0 0
1 0 0 0 1 1 0 0 0 0
1 1 1 1 1 1 1 0 0 0
1 1 1 1 1 0 0 0 0 0
1 1 1 1 1 1 1 1 1 0
1 1 1 1 1 1 1 1 1 0
1 2 1 1 1 1 1 0 0 0
1 0 0 0 0 1 0 0 0 0
0 0 0 0 0 0 0 0 0 0
Maze 135
105 7 3.1525423729 2.1705072404 92 0.387110166918581
21 86 47 99 77 100 65 71 26 74 10 33 28 52 12 21
81 46 97 97 97 95 61 21 24 4 3 23 22 400 11
401 402 401 401 401 401 402 402 402 402 402 402 402 400 402
0 0 1 1 1 1 1 1 1 1
1 1 1 1 0 0 0 0 0 0
2 1 1 1 1 1 1 1 0 0
1 1 1 1 0 0 0 0 0 0
1 1 0 1 0 1 1 0 0 0
1 1 0 1 0 1 1 0 0 0
1 1 1 1 1 1 1 0 0 0
1 0 0 1 1 1 1 0 0 0
1 1 1 1 1 1 1 0 0 0
0 0 0 0 1 1 1 1 1 1
Maze 136
145 503 3.7500000000 1.9440720484 255 0.391674812489593
60 95 60 63 9 12 86 92 50 91 38 96 13 49 74 60
55 55 53 3 2 82 82 42 41 31 36 93 43 44 54
402 402 402 402 402 401 402 402 402 402 402 401 401 402 402
0 1 1 1 1 1 1 1 1 0
0 1 1 0 0 0 0 0 0 0
0 1 1 0 0 0 0 0 0 0
1 1 1 1 1 1 1 1 0 0
1 1 1 1 1 1 1 1 1 1
1 1 1 1 1 1 1 1 1 2
1 1 1 1 1 1 0 0 0 0
1 1 1 1 1 1 0 0 0 0
1 1 1 1 1 1 0 0 0 0
1 1 1 1 1 1 0 0 0 0
Maze 137
113 210 3.1044776119 2.1803142740 98 0.381040936050246
29 100 62 98 67 6 81 44 32 70 96 29 17 73 45 29
99 92 92 97 66 1 41 42 62 66 26 27 13 43 25
401 401 401 401 401 402 402 401 401 402 402 401 402 402 402
1 1 1 1 1 1 0 0 0 0
1 0 1 1 1 1 1 0 0 0
1 0 1 0 1 1 1 1 2 0
1 1 1 0 1 1 0 0 1 0
1 1 1 1 1 1 0 0 1 0
1 1 1 0 0 1 0 0 1 0
1 1 1 1 1 1 1 1 1 1
1 1 1 0 0 1 1 0 1 0
1 1 0 0 0 1 1 0 1 0
0 1 1 1 1 1 1 1 1 1
Maze 138
119 70 3.0303030303 2.0671392146 97 0.378980383396818
90 7 52 61 83 81 98 22 9 1 100 55 38 83 69 90
87 2 51 81 400 91 92 2 400 91 95 35 33 63 89
401 402 402 401 400 401 401 402 400 401 401 402 402 402 401
1 1 1 1 1 1 1 1 1 0
1 1 0 0 0 0 1 0 0 0
1 1 0 0 0 0 1 0 0 0
1 1 1 1 1 1 1 1 0 0
1 1 1 0 1 0 1 0 0 0
1 1 1 0 1 0 1 0 0 0
1 1 1 1 1 1 1 1 1 0
1 1 1 0 1 0 1 0 1 0
1 1 1 0 1 0 1 1 1 2
1 1 1 1 1 1 1 1 1 1
Maze 139
89 21 2.9803921569 2.0466196453 32 0.391186653728611
12 7 29 78 18 28 98 2 42 31 34 35 98 64 9 12
2 27 28 400 400 400 92 400 41 400 400 95 94 4 2
402 401 402 400 400 400 401 400 401 400 400 401 401 402 402
0 1 1 1 1 1 1 1 1 0
0 2 0 1 0 0 1 1 0 0
0 1 0 1 0 0 1 1 1 0
1 1 1 1 1 0 0 1 0 0
1 1 0 1 1 0 0 1 0 0
0 1 0 1 1 0 0 1 0 0
0 1 0 1 1 0 0 1 0 0
0 1 0 1 1 0 0 1 0 0
0 1 0 1 1 0 0 1 0 0
0 1 1 1 1 1 1 1 0 0
Maze 140
111 43 3.5925925926 2.1472172833 67 0.385910077696403
97 1 15 29 35 7 91 7 86 7 99 67 53 63 63 97
91 11 25 25 5 1 1 6 6 97 97 63 400 400 93
401 401 401 402 402 402 402 402 402 401 401 401 400 400 401
1 1 1 1 1 1 1 0 0 0
1 1 1 1 1 1 1 0 0 0
1 0 0 0 1 1 1 1 1 0
1 0 0 0 1 1 1 0 0 0
1 0 0 0 0 1 1 0 0 0
1 0 1 0 0 1 1 0 0 0
1 0 1 1 1 1 1 0 0 0
1 0 1 0 0 1 1 0 0 0
1 0 1 0 0 1 1 0 0 0
1 1 1 1 1 1 2 1 1 0
Maze 141
107 200 3.3448275862 2.1604287540 86 0.371998527077344
85 98 58 8 43 30 63 97 12 1 33 11 10 56 22 85
95 400 400 3 23 23 93 92 11 31 31 1 6 52 82
401 400 400 402 402 402 401 401 401 401 401 402 402 401 401
1 1 1 1 1 1 1 1 1 1
1 1 1 0 0 1 0 1 0 0
1 1 1 1 1 1 1 1 1 1
1 1 1 0 0 1 0 1 0 0
0 1 1 0 0 1 0 1 0 0
0 1 1 1 1 1 0 1 0 0
0 1 1 0 0 0 0 1 0 0
0 1 1 0 0 0 0 1 0 0
0 1 1 1 2 0 0 1 0 0
0 1 1 1 1 1 1 1 0 0
Maze 142
99 208 2.9206349206 2.1754232752 51 0.363101463853133
100 38 17 22 88 76 93 75 69 100 42 38 40 19 21 100
98 37 12 82 86 73 73 65 99 92 32 400 39 11 91
401 401 402 401 401 402 402 402 401 401 402 400 401 402 401
0 0 0 0 0 0 0 0 0 0
1 1 1 1 1 1 1 1 1 0
1 1 0 0 0 0 1 0 1 0
1 1 1 1 1 1 1 1 1 1
1 1 0 0 0 0 0 1 0 0
1 1 0 0 0 0 0 1 0 0
1 1 0 0 1 1 1 1 1 0
1 1 1 1 1 1 0 1 1 0
1 1 1 1 1 1 1 1 1 0
1 1 1 1 1 1 1 1 1 2
Maze 143
89 8 3.3469387755 2.2258788001 41 0.391882552154834
45 56 81 53 15 18 95 60 65 84 77 90 15 34 1 45
55 51 51 13 400 15 55 55 64 74 87 85 14 31 41
401 402 402 402 400 402 402 402 402 402 401 401 402 401 401
1 0 0 0 0 0 0 0 0 0
1 0 1 1 1 1 1 1 0 0
1 0 1 1 1 0 0 0 0 0
1 1 1 1 1 0 0 0 0 0
1 1 1 1 2 0 0 0 0 0
1 1 1 1 1 1 1 1 1 1
1 0 0 1 1 0 0 0 0 0
1 0 0 1 1 1 1 0 0 0
1 0 0 1 1 1 1 1 1 1
0 0 0 0 1 0 0 0 0 0
Maze 144
75 8 2.8979591837 2.2600522084 35 0.376440092570030
1 51 86 58 57 46 5 43 23 55 27 38 6 69 77 1
400 81 56 400 56 45 3 400 53 25 37 36 66 67 71
400 401 402 400 401 401 402 400 401 402 401 401 401 402 401
2 0 1 1 1 1 0 0 0 0
1 0 1 0 1 1 0 0 0 0
1 0 1 0 1 1 1 0 0 0
1 0 1 0 1 1 1 1 0 0
1 0 1 0 1 1 0 0 0 0
1 0 1 1 1 1 1 1 0 0
1 0 0 0 0 1 1 1 1 0
1 1 1 1 1 1 1 0 0 0
1 1 1 1 1 1 0 0 0 0
0 0 0 0 0 0 0 0 0 0
Maze 145
87 516 3.4594594595 1.7673290111 41 0.387213228911528
16 53 17 88 55 78 90 55 13 27 33 66 90 89 84 16
13 13 87 85 75 88 85 53 23 23 63 86 400 400 14
402 402 401 401 401 401 401 401 401 402 401 401 400 400 402
0 0 0 0 0 0 0 0 0 0
0 0 1 1 1 2 1 0 0 0
0 0 1 1 1 1 1 0 0 0
0 0 1 1 0 0 1 0 0 0
0 0 1 1 0 0 1 0 0 0
0 0 1 1 1 0 1 0 0 0
0 0 1 1 1 1 1 0 0 0
0 0 0 1 1 1 1 1 0 0
0 0 0 1 1 1 1 1 1 1
0 0 0 0 0 0 0 0 0 0
Maze 146
93 22 2.6349206349 2.2099875841 41 0.362712123789575
13 3 16 29 60 23 68 60 10 60 14 26 91 99 90 13
400 13 26 59 53 63 58 400 400 54 24 21 400 89 83
400 401 401 401 401 401 402 400 400 401 401 402 400 402 401
0 0 1 0 0 0 0 0 0 1
0 0 2 1 1 1 0 0 0 1
1 1 1 1 1 1 1 1 1 1
1 0 1 1 0 0 0 0 1 1
1 0 1 1 0 0 0 0 1 1
1 0 1 1 1 1 1 1 1 1
1 0 1 1 1 1 1 1 0 0
1 0 1 0 0 0 0 0 0 0
1 0 1 1 1 1 1 1 1 1
1 1 1 1 1 1 1 1 1 0
Maze 147
133 2434 2.8831168831 2.1582619697 137 0.375204210883402
39 99 64 41 80 20 50 41 10 88 4 52 7 92 2 39
400 94 61 71 400 400 400 1 8 84 2 2 2 400 32
400 401 401 401 400 400 400 402 402 401 402 402 402 400 401
1 1 1 1 1 1 1 1 1 1
1 1 0 1 0 0 0 1 0 1
1 1 0 1 0 0 0 1 0 1
1 1 1 1 1 1 1 1 2 1
1 1 1 1 1 1 1 1 1 1
1 1 0 1 0 0 0 1 1 1
1 1 1 1 0 0 0 1 1 1
1 1 1 1 1 1 1 1 1 1
0 1 0 1 1 1 1 1 1 0
0 1 0 1 1 1 1 1 1 0
Maze 148
89 76 3.1063829787 2.0543486302 41 0.383394121257252
16 12 36 45 33 79 15 76 71 82 34 61 95 8 35 16
400 32 35 43 73 75 75 400 81 32 31 91 5 5 15
400 401 402 401 401 401 401 400 401 402 402 401 402 402 402
0 0 0 0 1 1 1 1 0 0
0 1 1 1 1 2 0 0 0 0
0 1 0 0 1 0 0 0 0 0
1 1 1 1 1 1 0 0 0 0
1 1 1 1 1 0 0 0 0 0
1 1 1 0 1 0 0 0 0 0
1 1 1 0 1 0 0 0 0 0
1 1 1 1 1 1 1 1 1 0
1 1 0 0 1 0 0 0 0 0
1 1 1 1 1 0 0 0 0 0
Maze 149
103 72 3.1578947368 2.1657573931 71 0.370946500715520
35 72 99 16 39 50 33 51 78 51 3 23 98 71 81 35
32 92 96 36 49 43 31 71 71 1 400 93 91 400 31
402 401 401 401 401 401 402 401 401 402 400 401 401 400 402
1 1 1 0 0 0 0 0 0 0
1 0 1 0 0 1 0 0 0 0
1 0 1 0 0 1 0 0 0 0
1 1 1 1 2 1 1 1 1 0
1 1 1 1 1 1 1 1 1 1
1 1 1 0 0 1 0 0 0 0
1 1 1 0 0 1 0 0 0 0
1 1 1 1 1 1 1 1 0 0
1 1 1 0 0 1 0 0 0 0
1 1 1 1 1 1 1 1 1 0
Maze 150
99 561 2.8196721311 2.2501375513 84 0.389140961021012
39 70 97 92 78 72 5 85 33 47 35 40 69 31 82 39
69 67 400 72 400 2 400 83 43 45 400 39 61 81 32
401 402 400 402 400 402 400 401 401 401 400 402 401 401 402
0 1 1 1 1 0 0 0 0 0
0 1 0 0 1 0 0 0 0 0
0 1 0 0 1 0 0 0 0 0
1 1 1 1 1 1 1 1 2 1
1 1 1 1 1 1 1 0 1 0
1 1 1 0 1 0 0 0 1 0
1 1 1 1 1 1 1 1 1 1
1 1 1 1 1 1 1 1 0 0
1 1 1 1 1 0 1 0 0 0
0 1 1 1 1 1 1 0 0 0
Maze 151
105 100 3.1923076923 1.9801929812 71 0.386791938886846
72 87 39 61 82 31 88 80 41 17 72 39 49 27 26 72
82 37 31 81 81 81 78 71 11 12 32 400 47 400 22
401 402 402 401 401 401 402 401 402 402 402 400 401 400 402
0 0 0 0 0 0 0 0 0 0
1 1 1 1 1 1 1 0 0 0
1 1 1 1 1 1 1 0 0 0
1 1 1 1 1 1 1 1 1 0
1 1 0 0 0 0 1 1 1 0
1 1 0 0 0 0 1 0 0 0
1 1 0 0 0 0 1 0 0 0
1 2 1 1 1 1 1 1 1 1
1 1 1 1 1 1 1 1 0 0
0 0 0 0 0 0 0 0 0 0
Maze 152
89 22 3.6363636364 2.0173713053 45 0.378609605209395
42 73 42 9 31 40 12 56 76 38 24 63 47 44 51 42
72 72 2 1 400 32 52 400 36 34 23 43 400 41 41
401 401 402 402 400 401 401 400 402 401 402 402 400 402 402
1 1 1 1 1 1 1 1 1 0
1 1 0 0 0 0 0 0 0 0
1 1 1 1 0 0 0 0 0 0
1 1 1 1 1 1 1 1 1 1
1 2 1 1 1 1 1 0 0 0
1 1 1 1 1 1 0 0 0 0
0 1 1 0 0 1 0 0 0 0
0 1 1 0 0 1 0 0 0 0
0 0 0 0 0 0 0 0 0 0
0 0 0 0 0 0 0 0 0 0
Maze 153
105 221 3.0800000000 1.8442684485 98 0.403251672597584
62 24 17 98 32 24 99 92 45 83 77 55 92 49 51 62
22 14 97 92 22 94 400 42 43 73 75 52 42 41 61
402 402 401 401 402 401 400 402 402 402 401 402 402 402 401
0 0 0 0 0 0 0 0 0 0
0 0 0 1 1 1 1 0 0 0
0 1 1 1 0 0 1 0 0 0
0 1 0 1 0 0 1 0 0 0
1 1 1 1 1 1 1 1 1 0
1 1 1 1 1 0 1 0 0 0
1 2 1 1 1 0 1 0 0 0
0 1 1 1 1 1 1 0 0 0
0 1 1 1 0 0 1 0 0 0
0 1 1 1 1 1 1 1 1 0
Maze 154
123 149 3.5081967213 2.1541272411 147 0.401177331764495
80 23 91 58 25 12 99 11 52 29 95 86 35 55 18 80
73 21 51 55 22 92 91 51 22 25 85 85 400 15 78
401 402 402 401 401 401 401 401 402 402 402 401 400 402 401
0 0 0 0 0 0 0 0 0 0
1 1 0 0 1 1 1 1 0 0
1 1 1 1 1 1 1 1 1 0
1 1 1 0 1 0 0 1 0 0
1 1 1 0 1 0 0 1 0 0
1 1 1 1 1 1 1 1 0 0
1 1 1 0 1 0 0 1 0 0
1 1 1 1 1 1 1 1 1 2
1 1 0 0 1 1 0 0 0 0
1 1 1 1 1 1 1 1 1 0
Maze 155
77 46 3.2500000000 1.8760954470 35 0.385034091995083
65 34 86 52 60 54 62 65 61 34 75 16 67 42 62 65
64 84 82 400 400 52 400 400 31 74 15 66 62 400 400
401 401 401 400 400 402 400 400 402 401 402 401 401 400 400
0 0 0 0 0 0 0 0 0 0
0 0 0 0 1 1 0 0 0 0
0 0 0 0 1 1 0 0 0 0
1 1 1 1 1 1 0 0 0 0
1 1 0 1 1 1 0 0 0 0
1 1 1 1 1 1 1 1 1 1
1 1 1 1 2 1 1 0 0 0
0 1 0 1 1 0 0 0 0 0
0 1 1 1 1 1 0 0 0 0
0 0 0 0 0 0 0 0 0 0
Maze 156
97 41 3.7674418605 1.8407427713 71 0.389397641189514
19 44 70 32 45 70 3 73 43 54 37 4 27 46 96 19
14 64 62 42 65 63 400 400 53 34 34 24 26 400 16
402 401 401 401 401 401 400 400 401 402 401 401 402 400 402
0 0 1 1 0 0 0 0 0 0
0 0 1 1 1 1 1 1 2 0
0 0 1 1 1 1 1 0 0 0
0 1 1 1 1 1 1 0 0 0
0 1 1 1 1 1 0 0 0 0
0 1 1 1 1 1 0 0 0 0
0 1 1 1 1 1 1 1 1 1
0 0 1 0 0 1 0 0 0 0
0 0 0 0 0 1 0 0 0 0
0 0 0 0 0 1 0 0 0 0
Maze 157
103 268 2.9841269841 2.2277379314 70 0.396480770185546
77 9 92 73 3 67 66 100 53 69 49 54 60 61 51 77
7 2 72 400 63 400 96 93 63 400 44 400 51 400 71
402 402 402 400 401 400 401 401 401 400 402 400 402 400 401
0 1 1 1 1 1 1 1 1 0
0 1 1 0 0 0 1 0 0 0
0 1 1 0 0 0 1 0 0 0
0 1 1 0 0 0 1 0 0 0
0 1 1 1 1 1 1 1 1 0
1 1 1 1 1 1 1 1 1 1
1 1 1 1 1 1 1 1 1 0
1 1 1 1 1 1 2 0 0 0
0 1 1 0 0 1 0 0 0 0
0 1 1 1 1 1 1 1 1 1
Maze 158
79 30 3.2083333333 2.2251015119 30 0.355599560083466
82 75 88 90 25 42 3 42 64 47 42 91 36 58 76 82
72 85 400 85 22 2 2 62 44 400 41 31 56 56 72
402 401 400 401 402 402 402 401 402 400 402 402 401 402 402
0 1 1 0 0 0 0 0 0 0
0 1 0 0 0 0 0 0 0 0
0 1 1 1 1 0 0 0 0 0
1 1 1 1 1 1 0 0 0 0
1 1 1 1 1 1 1 0 0 0
1 1 0 1 1 1 1 1 0 0
1 1 1 1 1 1 0 0 0 0
1 1 1 1 1 1 0 0 0 0
1 2 0 0 1 1 1 1 1 1
1 0 0 0 0 0 0 0 0 0
Maze 159
83 7 3.0833333333 2.0825200630 35 0.382563774886662
50 90 70 27 15 35 25 48 45 39 83 100 62 37 14 50
400 400 67 25 400 400 45 400 35 33 93 92 32 34 44
400 400 401 401 400 400 401 400 402 402 401 401 402 401 401
0 0 0 0 0 0 0 0 0 0
0 0 0 1 1 0 0 0 0 0
0 0 0 1 1 1 1 0 0 0
0 1 1 1 1 1 1 1 1 0
0 1 1 1 1 1 1 1 1 2
0 1 1 0 0 0 1 0 0 1
0 1 1 0 0 0 1 1 1 1
0 1 1 0 0 0 0 0 0 1
0 1 1 0 0 0 0 0 0 1
0 1 1 1 1 1 1 1 1 1
Maze 160
97 90 3.0847457627 2.1936379531 58 0.368381766300270
81 37 5 30 48 17 48 68 37 56 75 11 18 2 100 81
31 35 25 28 47 47 400 67 36 55 71 400 12 92 91
402 401 401 402 401 401 400 401 402 402 401 400 401 401 401
0 1 0 0 1 0 0 0 0 0
1 1 1 1 1 1 1 1 0 0
1 1 0 0 1 1 1 1 1 1
1 1 1 1 1 1 1 1 0 0
1 1 0 0 0 1 1 1 0 0
1 1 0 0 1 1 1 1 0 0
1 1 0 0 1 0 1 1 0 0
1 1 1 1 1 0 0 0 0 0
2 1 0 0 0 0 0 0 0 0
1 1 1 1 1 1 1 1 1 1
Maze 161
101 18 3.4468085106 1.8822845265 77 0.376758477056410
61 78 82 45 35 9 12 77 62 49 34 68 35 5 86 61
71 72 42 400 5 2 72 72 42 44 64 65 400 85 81
401 402 402 400 402 402 401 401 402 401 401 401 400 401 401
0 1 1 1 1 1 1 1 1 0
0 1 0 0 1 0 0 0 0 0
0 1 0 0 1 0 0 0 0 0
0 1 0 1 1 0 0 0 0 0
0 1 1 1 1 1 1 1 1 0
0 1 0 1 1 0 0 0 0 0
2 1 0 1 1 1 1 1 0 0
1 1 1 1 1 1 1 1 0 0
1 1 1 1 1 1 0 0 0 0
0 0 0 0 0 0 0 0 0 0
Maze 162
77 234 3.2682926829 1.9170105333 26 0.365840946935432
6 34 83 43 20 27 62 12 15 34 44 22 84 81 46 6
4 33 400 13 17 22 400 400 14 400 42 82 400 41 400
402 402 400 402 402 402 400 400 402 400 401 401 400 402 400
0 0 0 1 1 2 0 0 0 0
0 1 1 1 1 1 1 1 1 1
0 1 1 1 1 1 1 0 0 0
0 1 1 1 0 1 0 0 0 0
1 1 1 1 1 1 0 0 0 0
1 1 1 0 0 0 0 0 0 0
1 1 1 0 0 0 0 0 0 0
1 1 1 0 0 0 0 0 0 0
1 1 1 1 0 0 0 0 0 0
0 0 0 0 0 0 0 0 0 0
Maze 163
97 310 3.6666666667 2.0638631072 66 0.389437468222655
12 23 38 85 3 85 58 10 48 17 58 93 49 30 4 12
22 33 35 83 83 55 8 8 47 57 53 43 29 24 2
401 401 402 401 401 402 402 402 401 401 402 402 402 401 402
0 1 1 1 0 0 0 1 1 1
0 2 1 1 0 0 1 1 0 0
0 1 1 1 1 1 1 1 1 1
0 0 1 1 1 1 1 1 1 0
0 0 1 1 1 1 1 1 1 0
0 0 1 1 1 1 1 1 0 0
0 0 1 0 1 0 0 0 0 0
0 0 1 0 1 0 0 0 0 0
0 0 1 1 1 0 0 0 0 0
0 0 1 0 0 0 0 0 0 0
Maze 164
91 56 3.1578947368 2.2327820968 50 0.395118446711197
8 20 77 86 83 68 16 80 84 4 39 29 58 37 62 8
18 17 76 400 63 66 76 74 400 34 400 28 57 32 2
401 402 402 400 402 401 401 402 400 401 400 402 401 402 402
0 1 1 1 1 1 1 2 0 0
0 1 0 1 0 1 1 1 1 1
0 1 0 1 0 1 1 1 1 0
0 1 1 1 1 1 1 1 1 0
0 1 0 1 0 1 1 1 0 0
0 1 0 1 0 1 1 1 0 0
0 1 1 1 1 1 1 1 0 0
0 0 1 1 1 1 1 1 1 1
0 0 1 1 1 1 0 0 0 0
0 0 0 0 0 0 0 0 0 0
Maze 165
79 17 3.0588235294 2.3183716393 25 0.399113667361441
56 75 78 89 21 94 91 82 48 50 24 65 26 69 47 56
55 400 88 81 91 400 81 42 400 44 64 25 66 67 46
402 400 401 401 401 400 402 402 400 401 401 402 401 401 402
0 0 0 0 0 0 0 0 0 0
0 0 0 0 0 0 0 0 0 0
1 0 0 1 1 1 0 0 0 0
1 0 0 1 1 1 0 0 0 0
1 1 1 1 1 1 1 1 1 1
1 1 0 1 1 2 1 0 0 0
1 1 0 1 1 1 1 1 1 0
1 1 0 0 1 1 1 1 0 0
1 1 1 1 1 1 1 1 1 0
1 1 1 1 0 0 0 0 0 0
Maze 166
97 77 3.1851851852 2.1522219506 84 0.391103300495065
25 85 33 1 69 63 49 20 19 67 17 24 69 5 10 25
400 83 31 61 400 43 19 400 17 400 14 64 65 400 5
400 401 401 401 400 402 402 400 402 400 402 401 401 400 402
1 0 0 0 1 1 1 1 1 1
1 0 0 1 1 1 1 1 1 1
1 0 0 1 2 0 1 0 1 0
1 1 1 1 1 0 1 0 1 0
1 0 1 1 1 1 1 1 1 0
1 0 1 1 1 0 1 0 0 0
1 1 1 1 1 1 1 1 1 0
0 0 1 0 1 0 0 0 0 0
0 0 1 1 1 0 0 0 0 0
0 0 0 0 0 0 0 0 0 0
Maze 167
125 65 3.7777777778 2.2592855473 184 0.380115380444854
71 78 53 12 39 93 6 22 63 1 90 62 59 46 70 71
400 73 52 32 33 3 2 62 61 81 82 52 56 66 61
400 401 401 401 402 402 402 401 401 401 401 402 401 401 402
1 1 1 1 1 1 0 0 0 0
1 1 1 0 0 0 0 0 0 0
1 1 1 0 0 0 0 0 0 0
1 1 1 1 1 1 1 1 1 0
1 1 1 0 0 1 0 0 0 0
1 1 1 1 1 1 1 1 1 0
1 1 1 1 1 1 1 1 1 1
2 1 1 1 1 1 1 1 0 0
1 1 1 1 1 1 1 1 1 1
0 0 1 0 0 0 0 0 0 0
Maze 168
107 240 2.7941176471 2.2651444452 97 0.376203902689987
95 36 78 10 82 64 54 12 28 40 99 88 22 74 18 95
35 76 8 2 62 400 52 22 38 39 98 82 72 14 15
402 401 402 402 402 400 401 401 401 402 401 401 401 402 402
0 1 1 1 1 1 1 1 1 1
0 1 0 1 1 1 1 1 0 0
0 1 1 1 1 1 1 1 0 0
0 1 0 1 1 1 0 1 1 1
0 1 0 1 1 1 0 1 1 0
0 1 1 1 1 1 0 1 1 0
0 1 1 1 1 1 0 1 1 0
0 1 1 1 1 1 1 1 1 0
0 1 1 1 1 1 1 1 1 0
0 0 0 0 2 0 0 1 1 0
Maze 169
77 33 2.6545454545 2.3614983156 25 0.393466316645861
78 81 62 88 67 43 31 72 72 24 19 100 97 90 37 78
71 61 82 87 63 41 71 400 22 14 99 400 87 87 77
402 402 401 401 401 401 401 400 402 402 401 400 402 401 401
0 0 0 0 0 0 0 0 0 0
0 0 0 1 1 1 1 1 1 0
0 1 1 1 0 0 0 0 1 0
1 1 0 0 0 0 1 0 1 0
1 1 1 0 0 0 1 0 1 0
1 1 1 0 0 0 1 0 1 0
1 1 1 1 1 1 1 0 1 0
1 1 1 1 1 1 1 2 1 0
1 1 1 1 1 1 1 1 1 1
0 0 0 0 0 0 1 1 1 1
Maze 170
99 13 3.4339622642 2.1647742959 64 0.374553201713393
94 98 71 8 16 94 85 73 90 72 99 48 36 6 31 94
400 91 1 6 14 84 83 83 82 92 98 46 400 1 91
400 401 402 402 402 402 401 401 401 401 401 401 400 402 401
1 1 1 1 1 1 1 1 0 0
1 0 0 1 1 1 0 0 0 0
1 0 0 1 0 1 0 0 0 0
1 0 0 1 0 1 0 0 0 0
1 0 0 1 0 1 1 1 0 0
1 0 0 1 0 0 0 1 0 0
1 0 0 1 0 0 0 1 0 0
1 1 1 1 0 0 0 1 0 0
1 1 1 1 1 1 1 1 1 1
1 1 1 2 1 1 1 1 1 0
Maze 171
71 110 3.0000000000 2.0441632013 13 0.389687159106196
44 33 56 49 58 87 51 56 78 48 44 61 50 69 27 44
43 53 46 48 57 81 400 76 400 400 41 41 49 67 24
401 401 402 402 402 401 400 401 400 400 402 402 402 401 402
0 0 0 0 0 0 0 0 0 0
0 0 0 0 0 0 0 0 0 0
0 0 0 1 1 1 1 0 0 0
0 0 1 1 0 0 1 0 0 0
1 1 1 2 1 1 1 1 1 1
1 1 1 1 1 1 1 1 1 0
1 0 0 0 0 1 1 1 1 0
1 0 0 0 0 1 1 1 0 0
1 1 1 1 1 1 1 0 0 0
0 0 0 0 0 0 0 0 0 0
Maze 172
89 98 3.0384615385 2.0895281506 35 0.365520674541960
57 72 89 18 65 58 91 95 22 2 56 64 67 38 34 57
52 82 88 15 55 51 400 92 400 52 54 400 37 400 54
402 401 401 402 402 402 400 401 400 401 402 400 402 400 401
0 1 0 0 0 0 0 0 0 0
0 1 0 0 1 1 1 1 0 0
0 1 0 0 1 0 0 1 0 0
0 1 0 1 1 1 1 1 0 0
0 1 0 1 1 0 1 1 0 0
1 1 1 1 1 1 2 1 0 0
1 1 0 1 1 1 1 1 0 0
1 1 0 0 0 0 0 1 0 0
1 1 1 1 1 1 1 1 1 0
1 1 1 1 1 0 0 0 0 0
Maze 173
103 28 3.1333333333 2.1375756366 64 0.371970061446263
68 39 72 25 79 10 80 40 61 32 15 2 34 28 3 68
38 32 22 75 9 400 400 31 31 12 12 32 24 23 63
402 402 402 401 402 400 400 402 402 402 401 401 402 401 401
0 1 1 0 0 0 0 0 1 1
0 1 1 1 1 0 0 0 1 1
0 1 1 1 1 1 1 1 1 1
1 1 1 1 1 1 1 1 1 1
1 1 1 0 1 0 0 1 1 1
1 1 1 0 1 0 0 1 1 1
1 1 1 1 1 1 1 2 1 1
0 1 0 0 1 1 1 1 1 1
0 0 0 0 0 0 0 0 0 0
0 0 0 0 0 0 0 0 0 0
Maze 174
85 167 3.0000000000 2.1456267315 45 0.364161954403122
94 39 20 67 56 18 83 53 51 13 64 67 82 24 25 94
34 19 17 66 16 13 400 400 11 63 400 62 22 400 24
402 402 402 401 402 402 400 400 402 401 400 402 402 400 402
0 0 0 0 0 0 0 0 0 0
1 1 1 1 1 1 1 1 1 1
1 1 1 1 1 1 1 0 1 0
1 1 1 1 1 1 1 1 1 0
1 1 1 1 0 1 1 0 0 0
1 1 1 1 0 1 1 0 0 0
0 1 1 1 1 1 1 0 0 0
0 1 1 1 0 0 0 0 0 0
0 1 1 1 0 0 0 0 0 0
0 0 0 2 0 0 0 0 0 0
Maze 175
103 343 3.2333333333 2.2096383572 59 0.365591877281029
27 90 87 98 77 20 69 23 53 37 72 45 20 91 74 27
87 400 97 97 17 19 63 400 33 32 42 15 11 71 24
401 400 401 401 402 402 401 400 402 402 402 402 402 402 402
0 0 0 0 0 0 0 0 0 0
1 1 1 1 1 1 1 1 1 1
1 0 1 1 1 1 2 0 1 0
1 1 1 1 1 1 1 0 1 0
1 1 1 1 1 0 1 0 1 0
1 1 1 1 0 0 1 0 1 0
1 1 1 1 1 1 1 1 1 0
1 1 1 1 0 0 1 0 0 0
1 0 0 0 0 0 1 1 1 1
1 0 0 0 0 0 1 1 0 0
Maze 176
81 34 3.0400000000 2.2752115313 26 0.380303764680326
64 61 78 92 6 14 25 16 64 13 48 99 78 38 77 64
400 71 72 2 4 24 15 14 63 43 98 98 400 37 74
400 401 402 402 402 401 402 402 401 401 401 401 400 402 401
0 1 1 1 1 1 0 0 0 0
0 1 1 1 1 1 0 0 0 0
0 1 1 1 1 0 0 0 0 0
0 1 1 1 0 0 1 1 0 0
0 1 1 1 1 1 1 1 0 0
0 1 1 1 0 0 1 1 0 0
1 1 1 2 0 0 1 1 0 0
1 1 1 1 1 1 1 1 0 0
0 1 0 0 0 0 0 1 0 0
0 1 0 0 0 0 0 1 1 0
Maze 177
103 3792 3.3333333333 2.2937188452 77 0.378628391841799
74 58 38 93 99 5 6 90 14 78 26 43 21 54 82 74
54 400 33 400 95 400 86 84 74 76 23 41 51 52 72
402 400 402 400 401 400 401 401 401 401 402 401 401 402 402
0 0 0 0 1 1 0 0 0 0
0 0 0 1 1 1 0 0 0 0
1 0 1 1 1 1 0 0 0 0
1 0 1 1 1 1 1 1 0 0
1 1 1 1 1 1 0 1 0 0
1 1 1 1 1 1 1 1 0 0
0 1 1 1 1 1 0 0 0 0
0 1 1 2 1 1 1 1 0 0
0 1 1 1 1 1 1 1 1 1
0 0 1 1 1 1 1 1 1 0
Maze 178
125 73 3.4098360656 2.0341553125 126 0.397227549993730
95 35 86 53 90 14 87 75 22 100 58 90 47 99 10 95
400 85 83 83 84 84 85 72 92 98 88 87 97 9 5
400 401 401 401 401 401 401 401 401 401 401 401 401 402 402
0 0 0 0 1 1 1 1 1 1
0 0 0 1 1 0 0 0 1 0
0 1 0 1 1 0 0 0 1 0
0 1 0 1 1 0 0 0 1 0
0 1 0 1 1 0 1 0 1 0
0 1 1 1 1 0 1 1 1 0
0 1 1 1 1 0 1 1 1 0
0 1 1 1 1 0 1 1 1 0
0 1 1 1 1 1 1 1 1 1
0 1 1 1 2 1 1 1 1 1
Maze 179
87 6278 3.4000000000 2.1907235182 56 0.381039564446241
35 11 25 85 15 24 14 66 19 57 63 46 3 78 29 35
31 21 400 400 14 400 64 16 17 53 43 43 73 28 25
401 401 400 400 402 400 401 402 402 402 402 401 401 402 402
0 0 1 0 0 0 0 0 0 0
1 0 1 1 1 1 1 1 1 0
1 1 1 1 1 1 1 1 1 0
1 1 1 1 2 1 1 1 0 0
0 0 1 1 1 1 1 1 0 0
0 0 1 1 1 1 1 1 0 0
0 0 1 1 1 1 0 1 0 0
0 0 1 1 1 1 1 1 0 0
0 0 0 0 1 0 0 0 0 0
0 0 0 0 0 0 0 0 0 0
Maze 180
123 1091 3.9298245614 2.1886828740 156 0.379827264239805
92 34 68 93 40 87 51 49 2 53 17 34 41 88 34 92
32 64 63 33 37 81 41 42 52 13 14 31 81 84 32
402 401 402 402 402 401 402 401 401 402 402 402 401 401 402
0 1 0 0 0 0 0 0 0 0
0 1 1 1 1 1 1 0 0 0
0 1 1 1 0 0 0 0 0 0
1 1 1 1 1 1 1 1 1 1
1 1 1 1 1 1 1 1 1 0
1 1 1 1 0 0 1 0 0 0
1 1 1 1 1 1 1 1 0 0
1 1 1 1 0 0 1 0 0 0
1 1 1 1 1 1 1 1 0 0
0 2 1 0 0 0 0 0 0 0
Maze 181
89 34 3.0740740741 2.2383201493 38 0.381435339554205
94 8 7 2 33 34 21 84 22 59 37 26 99 62 42 94
4 400 400 32 400 31 81 82 52 57 36 96 92 400 92
402 400 400 401 400 401 401 401 401 401 401 401 401 400 401
0 1 1 1 1 1 1 1 0 0
0 1 0 1 0 0 0 0 0 0
1 1 0 1 0 1 0 0 0 0
1 1 1 1 0 1 1 0 0 0
1 1 0 1 0 1 1 0 0 0
1 1 1 1 1 1 1 1 1 0
1 1 0 1 0 1 0 0 0 0
1 1 0 1 0 1 0 0 0 0
1 1 1 1 0 1 0 0 0 0
0 1 1 2 1 1 1 1 1 0
Maze 182
97 127 3.0909090909 2.1336864791 77 0.392080245121229
32 40 71 56 76 64 35 56 73 12 93 5 55 89 40 32
400 31 51 400 74 34 55 53 72 92 3 400 85 39 400
400 402 402 400 401 402 401 402 401 401 402 400 401 402 400
0 0 1 1 1 0 0 0 0 0
0 1 1 0 1 0 0 0 0 0
0 1 1 0 1 0 0 0 0 0
1 2 1 1 1 1 1 1 1 1
1 1 1 1 1 0 0 0 1 0
1 1 1 1 1 1 0 0 1 0
1 1 1 1 1 1 0 0 1 0
1 1 1 1 1 1 0 0 1 0
0 1 1 0 1 1 1 1 1 0
0 1 1 0 0 0 0 0 0 0
Maze 183
95 73 3.2549019608 2.1559524309 60 0.376949202545627
95 77 30 22 7 79 65 2 25 28 48 23 93 27 64 95
75 27 400 2 77 75 62 22 400 400 43 400 23 24 94
402 402 400 402 401 401 401 401 400 400 401 400 402 402 401
0 1 1 1 1 1 1 0 0 0
0 1 0 0 0 0 1 0 0 0
0 1 1 1 1 1 1 1 1 1
0 1 1 1 0 0 1 1 0 0
0 1 1 1 1 1 1 1 0 0
0 1 1 1 0 0 1 0 0 0
0 1 1 1 1 0 1 0 0 0
0 0 1 1 1 1 1 1 1 0
0 0 1 1 1 0 0 0 0 0
0 0 1 1 2 0 0 0 0 0
Maze 184
109 253 3.2142857143 2.0737050373 86 0.384016287020620
54 67 68 60 2 27 4 49 95 73 38 95 13 4 100 54
64 400 58 52 22 24 44 45 93 33 35 93 3 94 94
401 400 402 401 401 401 401 402 401 402 402 401 402 401 401
0 1 1 1 0 0 0 0 0 0
0 1 1 1 0 0 0 0 0 0
0 1 1 1 1 1 1 0 0 0
0 1 1 1 1 1 1 1 0 0
0 1 1 1 1 1 1 1 1 0
0 1 1 2 1 1 1 1 1 1
0 0 1 1 1 1 1 1 0 0
0 0 1 1 1 0 0 0 0 0
0 0 1 1 1 0 0 0 0 0
0 0 1 1 1 1 1 1 1 1
Maze 185
61 32 2.7619047619 2.2080018784 10 0.379543448725047
42 41 41 32 13 18 76 14 52 82 69 70 88 98 77 42
400 400 31 12 400 16 74 12 400 62 400 68 400 97 72
400 400 402 402 400 402 401 402 400 402 400 402 400 401 401
0 0 0 0 0 0 0 0 0 0
0 1 1 1 1 1 1 1 0 0
0 1 0 1 0 1 0 0 0 0
1 1 0 1 0 1 0 0 0 0
1 2 0 1 0 1 0 0 0 0
0 1 0 1 0 1 0 0 0 0
0 1 1 1 1 1 1 1 1 1
0 1 1 1 1 1 1 1 0 0
0 1 0 0 0 0 1 1 0 0
0 0 0 0 0 0 1 1 0 0
Maze 186
103 53 3.3207547170 2.0619818784 65 0.395749327749509
82 63 79 11 22 70 97 3 65 69 97 50 33 57 65 82
62 73 71 21 62 67 93 63 400 67 47 43 53 55 62
402 401 401 401 401 402 401 401 400 402 402 401 401 402 402
0 0 1 0 0 0 0 0 0 0
1 0 1 0 0 0 0 0 0 0
1 1 1 0 0 0 0 0 0 0
1 1 1 0 0 0 0 0 0 0
1 1 1 1 1 1 1 1 1 1
1 1 1 1 1 1 1 0 0 0
1 1 1 1 1 1 1 1 1 1
1 1 1 1 1 1 1 1 1 0
0 2 1 0 0 0 1 0 0 0
0 0 1 1 1 1 1 0 0 0
Maze 187
77 1 3.6428571429 1.5807997514 19 0.396828580028309
64 63 32 77 44 64 90 84 67 44 87 54 64 34 70 64
400 62 72 74 400 84 400 64 64 84 84 400 400 64 400
400 401 401 401 400 401 400 402 401 401 401 400 400 401 400
0 0 0 0 0 0 0 0 0 0
0 0 0 0 0 0 0 0 0 0
0 0 0 0 0 0 0 0 0 0
0 1 0 1 0 0 0 0 0 0
0 1 0 1 0 0 0 0 0 0
0 1 0 1 0 0 0 0 0 0
0 1 1 2 1 1 1 1 1 1
0 1 1 1 1 1 1 0 0 0
0 0 0 1 1 1 1 1 1 1
0 0 0 0 0 0 0 0 0 0
Maze 188
99 8 2.8000000000 2.2099875841 51 0.397818061666146
37 22 17 28 6 41 91 49 50 39 88 11 48 64 90 37
32 12 27 26 1 400 41 400 49 38 81 41 44 84 87
401 402 401 401 402 400 402 400 401 402 401 401 402 401 401
1 1 1 1 1 1 0 0 0 0
1 1 1 1 1 1 1 0 0 0
1 1 0 0 0 1 1 1 0 0
1 1 1 1 1 1 2 1 1 0
1 1 1 1 1 1 1 1 1 1
1 0 0 1 0 0 1 1 0 0
1 0 0 1 0 0 1 1 0 0
1 0 0 1 0 0 1 1 0 0
1 1 1 1 1 1 1 1 1 1
1 0 0 0 0 0 0 0 0 0
Maze 189
105 100 3.7674418605 1.7887107586 61 0.381690266490574
26 15 79 5 76 10 15 55 14 56 75 16 78 17 51 26
25 75 75 75 6 5 400 54 54 55 15 76 77 11 21
401 401 401 401 402 402 400 401 401 402 402 401 401 402 402
0 0 0 0 1 1 1 1 1 1
1 1 1 1 1 1 1 0 0 0
1 1 1 1 1 2 1 0 0 0
1 0 0 1 1 1 1 0 0 0
1 0 0 1 1 1 1 0 0 0
1 0 0 1 1 1 1 0 0 0
0 0 0 0 1 1 1 0 0 0
0 0 0 0 1 1 1 1 1 0
0 0 0 0 0 0 0 0 0 0
0 0 0 0 0 0 0 0 0 0
Maze 190
103 188 3.4166666667 2.0083727455 66 0.383786024541971
65 51 30 51 58 96 68 85 84 29 36 12 81 25 3 65
61 21 21 400 56 66 65 400 24 26 32 11 21 23 63
401 402 402 400 402 402 402 400 402 402 401 402 402 401 401
0 0 1 0 0 0 0 0 0 0
1 1 1 0 0 0 0 0 0 0
1 1 1 1 1 1 1 1 1 1
1 1 1 1 1 1 0 0 0 0
1 0 1 1 0 0 0 0 0 0
1 1 1 1 1 1 1 1 0 0
1 1 1 1 2 1 1 1 0 0
1 0 0 1 1 1 0 0 0 0
1 0 0 1 1 1 0 0 0 0
0 0 0 0 0 1 0 0 0 0
Maze 191
121 1883 3.5081967213 2.1439433693 141 0.395821612412733
63 48 83 93 38 62 1 84 15 90 17 97 23 86 57 63
43 43 400 33 32 61 81 14 85 87 400 93 83 56 53
402 402 400 402 402 401 401 402 401 401 400 401 401 402 402
1 0 0 0 0 0 0 0 0 0
1 0 0 1 1 0 1 0 0 0
1 0 1 1 1 0 1 0 0 0
1 1 1 1 1 1 1 1 0 0
1 1 1 1 1 1 1 1 0 0
1 1 1 1 1 1 1 0 0 0
1 1 2 1 1 1 1 0 0 0
1 0 1 1 1 1 1 0 0 0
1 1 1 1 1 1 1 1 1 1
0 0 1 1 1 1 1 0 0 0
Maze 192
99 10 3.3725490196 2.0023458814 77 0.400814539532756
6 58 57 85 64 32 96 2 52 13 50 53 55 16 80 6
56 400 55 84 62 92 92 400 12 43 43 400 15 76 76
401 400 402 401 401 401 401 400 402 401 402 400 402 401 401
0 1 0 0 0 2 0 0 0 0
0 1 1 0 1 1 0 0 0 0
0 1 1 0 1 1 0 0 0 0
0 1 1 0 1 1 0 0 0 0
0 1 1 1 1 1 1 1 1 1
0 1 1 1 1 1 1 1 0 0
0 1 1 1 1 1 0 0 0 0
0 1 0 1 1 1 1 1 1 1
0 1 0 1 1 0 0 0 0 0
0 1 1 1 1 1 0 0 0 0
Maze 193
93 729 2.9655172414 2.2448174662 56 0.387890969541308
69 79 59 24 6 93 72 100 74 42 87 16 72 43 38 69
400 400 54 4 3 92 92 94 72 82 86 12 42 33 68
400 400 401 402 402 401 401 401 401 401 401 402 402 402 401
0 0 1 1 1 1 0 0 0 0
0 1 1 1 1 1 0 0 0 0
0 1 1 1 0 1 0 0 0 0
0 1 1 1 1 1 1 1 0 0
0 1 1 1 0 1 0 1 0 0
0 1 1 1 1 1 1 1 1 0
0 1 1 0 0 1 0 1 2 0
0 1 1 1 0 1 0 0 1 0
0 1 1 1 1 1 1 0 0 0
0 1 1 1 1 1 1 1 1 1
Maze 194
101 112 3.8333333333 2.0859079180 84 0.371227435691201
41 55 48 95 17 72 5 21 65 95 93 13 95 58 64 41
51 45 45 15 12 2 1 61 400 400 400 93 55 54 61
401 402 402 402 402 402 402 401 400 400 400 401 402 402 401
1 1 1 1 1 0 0 0 0 0
1 1 1 1 1 1 1 0 0 0
1 1 1 0 1 0 0 0 0 0
1 1 1 0 1 0 0 0 0 0
2 1 1 0 1 1 1 1 0 0
1 1 1 1 1 1 1 1 0 0
1 1 1 1 1 0 0 0 0 0
0 1 1 0 1 0 0 0 0 0
0 0 1 0 1 0 0 0 0 0
0 0 1 1 1 0 0 0 0 0
Maze 195
103 1880 3.6800000000 2.1453403406 77 0.383990584083692
34 59 52 28 99 26 44 69 32 12 36 5 46 84 100 34
54 400 22 98 96 24 64 62 400 32 35 45 44 94 94
401 400 402 401 401 402 401 401 400 401 401 401 402 401 401
0 0 0 0 1 0 0 0 0 0
0 1 0 0 1 0 0 0 0 0
0 1 1 1 1 1 1 1 0 0
0 1 1 2 1 1 0 1 0 0
0 1 0 1 1 1 0 1 0 0
0 1 1 1 1 1 1 1 1 0
0 1 1 1 1 1 1 1 1 0
0 0 0 1 0 1 0 1 0 0
0 0 0 1 0 1 0 1 0 0
0 0 0 1 1 1 1 1 1 1
Maze 196
93 190 2.8813559322 2.1805210830 56 0.378977898039768
71 84 79 48 42 7 87 36 47 42 54 86 62 84 30 71
81 74 78 400 2 400 86 46 400 52 84 82 82 24 21
401 402 401 400 402 400 401 401 400 401 401 401 401 402 402
0 1 1 1 1 1 1 0 0 0
0 1 0 0 0 0 1 0 0 0
1 1 1 1 1 1 1 1 1 1
1 1 0 1 0 1 1 0 0 0
1 1 1 1 1 1 1 1 0 0
1 1 1 1 0 1 1 1 0 0
1 1 0 1 0 1 1 1 0 0
2 1 0 1 1 1 1 1 1 0
1 1 1 1 1 1 1 0 0 0
0 0 0 0 0 0 0 0 0 0
Maze 197
113 2548 3.2142857143 1.9444747037 104 0.387215867436372
83 74 30 3 87 29 39 32 17 5 84 28 5 70 20 83
73 24 23 83 27 400 400 12 15 4 24 25 65 400 13
402 402 401 401 402 400 400 402 401 402 402 401 401 400 402
0 0 1 1 1 0 0 0 0 0
0 1 1 1 1 1 1 1 1 1
0 1 1 1 1 1 1 1 1 1
0 1 1 1 1 1 1 1 1 1
0 0 1 1 1 0 1 0 0 1
0 0 1 1 1 0 1 0 0 1
0 0 1 1 1 1 1 1 1 1
0 0 1 1 0 0 1 0 0 0
0 0 2 1 1 1 1 0 0 0
0 0 0 0 0 0 0 0 0 0
Maze 198
85 14 3.2000000000 2.0008256729 50 0.373252878191686
72 41 80 47 84 46 29 63 43 79 97 58 45 42 12 72
71 71 77 44 44 26 23 400 73 77 57 55 400 400 400
401 401 401 402 402 402 402 400 401 402 402 401 400 400 400
0 0 0 0 0 0 0 0 0 0
0 1 0 0 0 0 0 0 0 0
0 1 1 1 1 1 1 1 1 0
0 1 1 0 0 1 0 0 0 0
1 1 1 1 1 1 1 0 0 0
1 1 1 1 1 1 1 1 0 0
1 1 1 1 0 0 1 0 0 0
1 2 1 1 1 1 1 1 1 1
0 0 0 1 0 0 1 0 0 0
0 0 0 0 0 0 1 0 0 0
Maze 199
93 48 3.2156862745 2.0565098260 45 0.372799725408861
6 4 89 7 28 49 90 59 7 67 37 1 22 29 52 6
400 84 87 27 48 89 89 57 400 400 31 21 400 22 2
400 401 401 401 401 401 401 401 400 400 401 401 400 402 402
1 1 1 1 1 2 1 0 0 0
1 1 0 1 0 0 1 0 0 0
1 1 1 1 1 1 1 1 1 0
1 1 1 1 1 1 1 1 0 0
0 1 0 1 0 0 1 1 1 0
0 1 0 1 0 0 1 1 1 0
0 0 0 1 0 0 1 0 1 0
0 0 0 1 0 0 1 0 1 0
0 0 0 1 1 1 1 1 1 1
0 0 0 0 0 0 0 0 0 0
Maze 200
99 26 3.4285714286 1.9913614510 66 0.395291081837280
71 63 26 11 43 28 32 99 96 73 94 47 55 2 69 71
61 23 21 41 23 22 92 400 93 93 44 45 52 62 61
402 402 401 401 402 402 401 400 401 401 402 402 401 401 402
0 1 0 0 0 0 0 0 0 0
1 1 0 0 0 0 0 0 0 0
1 1 1 1 1 1 1 1 0 0
1 1 1 0 0 0 0 0 0 0
1 1 1 1 1 1 1 0 0 0
0 1 1 1 1 0 0 0 0 0
1 1 1 1 1 1 1 1 1 0
2 1 1 1 0 0 0 0 0 0
0 1 1 1 0 0 0 0 0 0
0 1 1 1 1 1 1 1 1 0
