numMazes: 200
mazeSize: 10
Maze 1
99 361 3.0322580645 2.3063909901 70 0.383109636942349
41 37 13 20 37 50 22 41 77 98 8 32 3 57 40 41
31 33 400 17 47 42 21 71 97 400 2 2 53 37 31
402 401 400 402 401 401 402 401 401 400 402 402 401 402 402
0 1 1 1 1 1 1 1 0 0
0 1 1 1 1 1 1 1 1 1
1 1 1 0 0 0 1 1 0 0
1 1 1 1 1 1 1 1 1 1
2 1 1 1 1 1 1 1 1 1
1 0 1 1 1 1 1 1 0 0
1 0 0 0 0 0 0 1 0 0
1 1 1 1 1 1 1 1 0 0
0 0 0 0 0 0 1 1 0 0
0 0 0 0 0 0 1 1 0 0
Maze 2
93 71 3.4210526316 1.7679900673 45 0.397841559686710
88 33 52 24 56 80 41 80 79 63 76 85 88 22 34 88
83 32 22 54 76 71 71 400 73 73 75 400 82 32 84
401 402 402 401 401 401 401 400 401 401 402 400 401 401 401
0 0 0 0 0 0 0 0 0 0
0 0 0 0 0 0 0 0 0 0
0 1 1 1 0 0 0 0 0 0
0 1 1 1 0 0 0 0 0 0
1 1 1 1 0 0 0 0 0 0
1 1 1 1 1 1 0 0 0 0
1 1 1 1 0 1 0 0 0 0
1 1 1 1 1 1 1 1 1 1
0 1 1 1 1 1 1 2 0 0
0 0 0 0 0 0 0 0 0 0
Maze 3
101 551 3.1034482759 2.1799012458 56 0.398412624053745
9 30 76 54 64 58 23 56 100 42 28 19 95 14 57 9
29 26 74 400 54 53 53 96 92 22 18 15 94 54 7
401 402 401 400 402 401 401 401 401 402 402 402 401 401 402
0 0 0 0 0 0 1 1 2 0
0 0 0 1 1 1 1 1 1 0
0 1 1 1 1 1 1 1 1 1
0 1 1 1 1 1 1 0 0 0
0 1 1 1 1 1 1 0 0 0
0 1 1 1 1 1 1 1 0 0
0 1 0 1 1 1 0 0 0 0
0 1 0 1 1 1 0 0 0 0
0 1 0 1 1 1 0 0 0 0
0 1 1 1 1 1 1 1 1 1
Maze 4
95 54 3.4166666667 2.0895281506 77 0.389073289437670
76 38 88 56 23 71 36 71 71 5 73 26 34 16 60 76
36 400 86 53 21 31 31 400 1 3 23 24 14 56 56
402 400 401 401 402 402 402 400 402 402 402 402 402 401 402
1 1 1 1 1 0 0 0 0 0
1 0 1 1 1 1 0 0 0 0
1 1 1 1 1 1 0 0 0 0
1 1 1 1 1 1 1 1 0 0
1 0 1 0 0 1 0 1 0 0
1 0 1 1 1 1 1 1 1 1
1 0 1 0 0 1 0 1 0 0
1 0 1 0 0 2 0 1 0 0
0 0 0 0 0 1 1 1 0 0
0 0 0 0 0 0 0 0 0 0
Maze 5
115 28 3.0555555556 2.3577817149 126 0.381664933708365
6 100 22 31 80 19 99 7 20 77 78 34 24 53 91 6
96 92 21 71 79 400 97 17 17 400 74 400 23 51 1
401 401 402 401 401 400 401 401 402 400 401 400 402 402 402
1 1 1 1 1 2 1 0 0 0
1 0 0 0 0 1 1 1 1 1
1 1 1 1 0 1 1 0 1 0
1 1 1 1 0 1 1 0 1 0
1 1 1 1 0 1 1 0 1 0
1 1 1 1 0 1 1 0 1 0
1 1 0 1 0 1 1 0 1 0
1 1 1 1 1 1 1 1 1 1
1 1 0 0 0 1 1 0 1 0
1 1 1 1 1 1 1 1 1 1
Maze 6
91 29 3.0612244898 2.1309185258 44 0.384952766720355
71 76 51 51 55 87 31 77 38 29 55 91 4 47 42 71
400 71 400 400 85 81 71 37 28 25 51 1 44 400 41
400 401 400 400 401 401 401 402 402 402 402 402 401 400 402
1 1 1 1 0 0 0 0 0 0
1 0 0 1 0 0 0 0 0 0
1 0 0 1 1 1 1 1 1 0
1 0 0 1 1 0 1 1 0 0
1 1 1 1 1 1 1 0 0 0
1 1 1 1 1 0 1 0 0 0
1 0 0 0 1 0 1 0 0 0
2 1 1 1 1 1 1 0 0 0
1 1 1 1 1 1 1 0 0 0
1 0 0 0 0 0 0 0 0 0
Maze 7
103 52 3.4230769231 2.0713505547 60 0.379776335038767
14 40 99 29 98 48 3 86 13 56 17 74 39 7 15 14
34 39 400 28 400 43 83 83 53 16 14 34 37 5 400
401 402 400 402 400 401 401 401 401 402 402 402 401 402 400
0 0 1 0 1 1 1 0 0 0
0 0 1 2 1 1 1 0 0 0
0 0 1 1 0 1 1 1 1 0
0 0 1 1 1 1 1 1 1 1
0 0 1 1 1 1 1 1 1 0
0 0 1 1 1 1 0 1 1 0
0 0 1 1 0 0 0 1 1 0
0 0 1 1 0 0 0 1 1 0
0 0 1 1 1 1 0 1 1 0
0 0 0 0 0 0 0 1 1 0
Maze 8
85 37 2.7142857143 2.2951272869 39 0.360112068081664
88 17 14 1 51 44 49 20 15 9 50 78 1 33 81 88
87 400 11 400 41 400 19 400 5 49 48 71 31 31 400
401 400 401 400 402 400 402 400 402 401 402 401 401 402 400
1 0 0 0 1 1 1 1 1 0
1 1 1 1 1 1 1 1 1 1
1 0 0 0 0 0 1 0 1 0
1 1 1 0 0 0 1 0 1 0
1 1 1 1 1 1 1 1 1 1
1 0 0 0 0 0 1 1 0 0
1 0 0 0 0 0 1 1 0 0
1 1 1 1 1 1 1 1 0 0
1 1 1 1 1 1 1 2 0 0
0 0 0 0 0 0 0 0 0 0
Maze 9
115 311 3.5555555556 1.9840914103 110 0.394505862596108
3 54 31 28 83 7 72 82 18 85 35 88 58 6 65 3
53 51 21 23 3 2 400 12 15 400 85 400 56 5 63
401 401 402 402 402 402 400 402 402 400 401 400 401 402 401
0 1 2 1 1 1 1 0 0 0
0 1 1 1 1 1 1 1 0 0
1 1 1 1 1 1 1 1 0 0
1 1 1 0 1 1 0 0 0 0
1 1 1 0 1 1 0 0 0 0
1 1 1 1 1 1 1 1 0 0
0 1 1 1 1 0 0 1 0 0
0 1 1 0 1 0 0 1 0 0
0 1 1 0 1 1 1 1 0 0
0 0 0 0 0 0 0 0 0 0
Maze 10
87 76 2.9583333333 2.0219686223 45 0.401327305945150
1 52 34 75 82 33 28 76 71 24 95 82 83 1 8 1
51 32 74 72 32 23 26 400 21 94 92 400 81 400 400
401 402 401 402 402 402 402 400 402 401 401 400 401 400 400
2 1 1 1 1 1 1 1 0 0
1 0 0 0 0 0 0 0 0 0
1 1 1 1 1 1 1 1 0 0
1 1 1 1 0 1 0 0 0 0
1 1 0 1 0 1 0 0 0 0
1 1 0 1 0 1 0 0 0 0
1 1 0 1 0 1 0 0 0 0
1 1 1 1 1 1 0 0 0 0
1 1 1 1 0 0 0 0 0 0
0 1 1 1 1 0 0 0 0 0
Maze 11
105 71 3.3461538462 1.9914024701 85 0.395307489744657
1 29 93 98 24 11 97 94 62 14 13 52 23 54 50 1
21 23 400 94 21 91 400 92 12 400 12 22 53 44 41
401 402 400 401 401 401 400 401 402 400 402 402 401 402 401
2 0 0 0 0 0 0 0 0 0
1 1 1 1 0 0 0 0 0 0
1 1 1 1 1 1 1 1 1 0
1 1 1 1 0 0 0 0 0 0
1 1 1 1 1 1 1 1 1 1
1 1 1 1 0 0 0 0 0 0
1 1 1 1 0 0 0 0 0 0
1 1 1 1 0 0 0 0 0 0
1 1 1 1 0 0 0 0 0 0
1 1 1 1 1 1 1 1 0 0
Maze 12
91 237 3.4285714286 2.1740246732 36 0.384196078538258
38 44 92 63 98 84 72 5 6 56 2 48 8 63 24 38
34 42 62 93 94 82 2 400 400 52 42 400 3 23 34
402 402 402 401 401 401 402 400 400 401 401 400 402 402 401
0 1 1 1 1 1 1 1 0 0
0 1 1 0 0 1 0 1 0 0
0 1 1 1 0 1 0 1 0 0
0 1 1 1 1 1 1 2 0 0
0 1 1 1 1 1 1 1 0 0
0 1 1 1 1 1 0 0 0 0
0 1 1 0 0 0 0 0 0 0
0 1 1 0 0 0 0 0 0 0
0 1 1 1 0 0 0 0 0 0
0 1 1 1 1 1 1 1 0 0
Maze 13
101 135 3.3846153846 2.1019806504 49 0.401153727346486
3 42 52 28 47 94 50 91 54 60 74 40 8 7 57 3
2 400 22 27 44 44 41 51 400 54 34 38 400 400 53
402 400 402 402 402 402 402 402 400 402 402 401 400 400 401
0 1 2 0 0 0 1 1 0 0
0 1 1 0 0 0 1 1 0 0
0 1 1 1 1 1 1 1 0 0
0 1 1 1 1 1 1 1 1 1
1 1 1 1 1 1 1 1 1 1
1 1 1 1 1 1 1 1 1 1
1 0 0 1 0 0 0 0 0 0
1 0 0 1 0 0 0 0 0 0
1 0 0 1 0 0 0 0 0 0
1 0 0 1 0 0 0 0 0 0
Maze 14
111 147 2.9714285714 2.2709422638 65 0.387149045097239
88 17 98 1 50 56 42 36 10 30 29 2 46 52 19 88
87 97 91 41 46 52 32 6 400 400 22 42 42 12 18
401 401 401 401 402 401 402 402 400 400 401 401 402 402 402
1 1 0 0 0 1 1 1 1 1
1 1 1 1 1 1 1 1 1 1
1 1 1 1 1 1 1 1 1 1
1 1 1 1 1 1 1 1 0 0
1 1 1 1 1 1 1 1 1 1
1 1 1 1 1 1 1 1 0 0
1 0 0 0 0 0 1 1 0 0
1 0 0 0 0 0 1 1 0 0
1 0 0 0 0 0 1 2 0 0
1 1 1 1 1 1 1 1 0 0
Maze 15
113 462 2.9180327869 1.9530308903 112 0.381924835021090
96 15 21 76 4 80 60 49 97 24 58 72 94 28 32 96
95 11 71 74 74 400 59 47 94 54 52 92 24 22 92
401 402 401 401 401 400 401 402 401 401 402 401 402 402 401
0 0 0 1 0 0 0 0 0 0
1 1 1 1 1 0 0 0 0 0
1 1 1 1 1 1 1 1 0 0
1 1 0 1 1 0 0 0 0 0
1 1 0 1 1 0 1 1 1 0
1 1 1 1 1 1 1 1 1 1
1 1 0 1 1 0 1 0 0 1
1 1 1 1 1 1 1 1 1 1
0 1 0 1 1 0 1 0 0 0
0 1 1 1 1 2 1 0 0 0
Maze 16
119 354 3.5438596491 2.0474775273 115 0.383980590409664
77 54 100 99 42 45 8 87 15 89 13 63 27 72 15 77
74 94 400 92 400 5 7 85 85 83 400 23 22 12 75
401 401 400 401 400 402 402 401 401 401 400 402 402 402 401
0 0 0 0 1 1 1 1 0 0
0 1 1 1 1 0 1 0 0 0
0 1 1 1 1 1 1 0 0 0
0 1 1 0 1 0 1 0 0 0
0 1 1 1 1 0 1 0 0 0
0 1 1 1 1 0 1 0 0 0
0 1 1 1 1 0 1 0 0 0
0 1 1 1 1 1 2 0 0 0
0 1 1 1 1 1 1 1 1 0
0 1 1 1 1 1 1 1 1 1
Maze 17
93 25 2.9655172414 2.1647742959 45 0.391781096434415
64 2 70 4 83 76 48 90 90 60 10 16 86 16 57 64
62 62 64 3 73 46 88 400 400 400 6 400 400 56 54
401 401 401 402 402 402 401 400 400 400 402 400 400 401 402
0 1 1 1 0 1 1 1 1 1
0 1 1 1 0 1 0 0 0 1
0 1 1 1 0 1 0 0 0 1
0 1 1 1 0 1 0 0 0 1
0 1 1 1 0 1 1 1 0 1
0 1 1 1 1 1 1 1 0 1
0 1 1 2 1 1 1 1 1 1
0 0 1 1 1 1 0 1 0 1
0 0 1 0 0 1 0 1 1 1
0 0 0 0 0 0 0 0 0 0
Maze 18
123 40 3.1071428571 1.7335622717 107 0.374400094096290
79 33 98 100 81 77 3 6 44 98 53 96 8 91 100 79
73 93 400 91 71 73 400 4 94 93 93 6 1 400 99
401 401 400 401 402 401 400 402 401 401 401 402 402 400 401
1 1 1 1 1 1 1 1 0 0
1 0 1 1 0 1 0 0 0 0
1 0 1 1 0 1 0 0 0 0
1 0 1 1 0 1 0 0 0 0
1 0 1 1 0 1 0 0 0 0
1 0 1 1 0 1 0 0 0 0
1 0 1 1 0 1 0 0 0 0
1 1 1 1 1 1 1 1 2 0
1 0 1 1 0 1 0 0 1 0
1 1 1 1 1 1 1 1 1 1
Maze 19
83 101 2.7272727273 2.2732310462 30 0.371562629975904
31 12 7 100 39 83 62 53 63 74 37 71 48 53 41 31
11 2 97 99 33 82 52 400 73 34 31 41 43 51 400
402 402 401 401 402 401 402 400 401 402 402 402 402 401 400
0 1 1 1 1 1 1 0 0 0
1 1 0 0 0 0 1 0 0 0
1 0 0 0 0 0 1 0 0 0
2 1 1 1 1 1 1 1 1 0
1 1 1 1 1 1 1 1 1 0
1 1 1 1 0 0 1 0 1 0
1 1 1 1 0 0 1 0 1 0
1 1 1 1 0 0 1 0 1 0
0 1 1 0 0 0 1 0 1 0
0 0 0 0 0 0 1 1 1 1
Maze 20
111 456 3.2063492063 2.1979878964 91 0.388189842816024
43 66 62 84 26 90 81 87 7 6 100 2 75 17 28 43
63 400 82 24 86 400 400 400 400 96 92 72 15 27 23
401 400 401 402 401 400 400 400 400 401 401 401 402 401 402
0 1 0 0 0 1 1 0 0 0
0 1 0 0 1 1 1 0 0 0
0 1 1 1 1 1 1 1 0 0
0 1 1 1 1 1 1 0 0 0
0 1 2 1 1 1 1 0 0 0
0 1 1 1 1 1 1 0 0 0
0 1 1 1 1 1 1 0 0 0
0 1 1 1 1 1 1 0 0 0
1 1 1 1 1 1 1 1 1 1
0 1 1 1 1 1 1 1 1 1
Maze 21
103 18 2.9687500000 2.2704001102 65 0.381371273439193
99 64 45 34 96 33 8 91 74 80 52 9 39 58 95 99
94 44 44 94 93 3 1 71 400 72 2 400 38 55 400
401 402 401 401 401 402 402 402 400 401 402 400 402 402 400
1 1 1 1 1 1 1 1 1 0
1 1 1 0 0 0 0 0 1 0
1 1 1 0 0 0 0 0 1 0
1 1 1 1 0 0 0 1 1 0
1 1 1 1 1 0 0 1 0 0
1 1 1 1 1 1 1 1 0 0
1 1 1 1 1 0 0 0 0 0
1 1 1 1 1 1 1 1 1 1
1 0 1 1 1 0 0 0 0 0
1 0 1 1 1 1 1 1 2 0
Maze 22
113 3013 3.0158730159 2.1935237776 112 0.383269016099469
87 41 78 31 6 79 29 32 41 60 85 63 15 2 59 87
81 71 71 1 76 400 22 31 51 55 83 13 12 52 57
401 401 401 402 401 400 402 402 401 402 401 402 401 401 402
1 1 1 1 1 1 0 0 0 0
1 1 1 1 1 1 0 0 0 0
1 1 1 1 1 1 1 1 1 0
1 1 1 0 0 1 0 0 1 0
1 1 1 0 0 1 0 0 1 0
1 1 1 1 1 1 1 1 1 1
1 0 1 0 1 1 1 0 1 0
1 1 1 1 1 1 1 1 1 0
1 1 1 1 1 1 2 0 0 0
0 0 0 0 0 0 0 0 0 0
Maze 23
93 117 2.4927536232 2.3655907442 56 0.386217663576661
19 37 41 49 6 43 87 20 70 66 81 100 79 87 8 19
17 31 400 46 3 83 17 400 400 61 91 99 77 7 18
402 402 400 401 402 401 402 400 400 402 401 401 402 402 401
0 0 1 1 1 1 1 1 0 0
0 0 1 0 0 1 1 1 2 1
0 0 1 0 0 1 1 0 0 1
1 1 1 1 1 1 1 0 0 1
1 1 1 1 1 1 1 1 1 1
0 0 1 0 0 0 1 0 0 1
1 1 1 1 1 1 1 1 1 1
1 0 1 0 0 0 1 1 1 0
1 0 1 1 1 1 1 0 1 0
1 1 1 1 1 1 1 1 1 1
Maze 24
89 24 3.7419354839 1.6153631194 24 0.387860256397280
43 17 37 16 28 24 76 20 18 43 74 19 76 19 53 43
13 400 36 26 400 74 16 400 13 73 14 16 16 13 400
402 400 401 401 400 401 402 400 402 401 402 402 402 402 400
0 0 0 0 0 0 0 0 0 0
0 0 1 1 1 1 1 1 1 1
0 0 1 1 1 1 1 1 0 0
0 0 1 1 0 1 1 0 0 0
0 0 2 1 0 1 0 0 0 0
0 0 1 1 0 1 0 0 0 0
0 0 1 1 0 1 0 0 0 0
0 0 1 1 1 1 0 0 0 0
0 0 0 0 0 0 0 0 0 0
0 0 0 0 0 0 0 0 0 0
Maze 25
87 107 3.0196078431 2.1025120994 45 0.400853630460474
26 22 13 9 66 58 93 52 48 6 10 77 83 72 29 26
400 12 3 6 56 53 92 42 46 400 7 73 82 22 400
400 402 402 402 402 402 401 402 401 400 402 402 401 402 400
0 0 1 1 1 1 1 1 1 1
0 1 1 0 0 1 1 0 0 0
0 1 1 1 1 2 1 1 1 0
0 1 0 0 0 1 1 0 0 0
0 1 1 1 1 1 1 1 0 0
0 1 1 1 1 1 1 1 0 0
0 1 1 0 0 1 1 0 0 0
0 1 1 1 1 1 1 0 0 0
0 1 1 0 0 0 0 0 0 0
0 1 1 0 0 0 0 0 0 0
Maze 26
105 120 3.2413793103 2.1764155732 62 0.398087566549527
2 41 90 46 62 32 27 87 32 60 21 9 55 55 12 2
1 81 86 42 400 22 400 82 52 51 1 5 400 52 400
402 401 401 402 400 402 400 401 401 401 402 402 400 401 400
1 2 1 1 1 1 1 1 1 0
1 1 0 0 1 0 0 0 0 0
1 1 1 1 1 1 1 0 0 0
1 1 0 0 1 0 1 0 0 0
1 1 1 1 1 1 1 0 0 0
1 1 1 1 1 1 1 1 1 1
1 1 0 0 0 1 1 0 0 0
1 1 0 0 0 1 1 0 0 0
1 1 1 1 1 1 1 1 1 1
0 0 0 0 0 0 0 0 0 0
Maze 27
95 72 3.3636363636 1.8545162129 51 0.381661823017287
65 61 72 52 40 72 73 5 35 40 82 30 34 75 88 65
400 71 400 32 32 400 3 400 400 32 22 24 74 85 85
400 401 400 402 402 400 402 400 400 402 402 402 401 401 401
0 0 1 1 1 0 0 0 0 0
0 0 1 0 1 0 0 0 0 0
0 1 1 1 1 1 1 1 1 1
0 1 1 1 1 1 1 1 1 1
0 1 1 1 0 0 0 0 0 0
0 1 1 1 0 0 0 0 0 0
1 1 1 1 2 0 0 0 0 0
1 1 1 1 1 0 0 0 0 0
0 1 0 0 1 1 1 1 0 0
0 0 0 0 0 0 0 0 0 0
Maze 28
87 11 2.8275862069 2.2286107981 45 0.351534408301280
37 66 28 66 79 10 63 12 96 53 63 24 61 63 65 37
36 26 26 76 9 3 62 92 93 400 23 21 400 400 35
402 402 402 401 402 402 401 401 401 400 402 402 400 400 402
0 0 1 1 1 1 1 1 1 1
0 1 1 0 0 0 0 0 1 0
1 1 1 1 0 1 1 1 1 0
1 1 1 0 1 1 2 0 1 0
1 1 1 0 1 1 0 0 1 0
1 1 1 0 1 1 0 0 1 0
1 1 1 1 1 1 0 0 1 0
0 1 1 0 0 1 1 1 1 0
0 1 1 0 0 0 0 0 0 0
0 1 1 1 1 1 0 0 0 0
Maze 29
81 46 3.0952380952 1.8851752688 35 0.368677118038435
41 48 60 55 53 5 32 64 22 96 74 23 34 60 52 41
400 58 400 400 3 2 62 62 92 94 73 33 54 400 51
400 401 400 400 402 402 401 401 401 401 401 401 401 400 401
0 1 1 1 1 0 0 0 0 0
0 1 1 0 0 0 0 0 0 0
0 1 1 0 0 0 0 0 0 0
0 1 1 1 0 0 0 0 0 0
2 1 1 1 1 1 1 1 0 0
1 1 1 1 1 1 1 1 1 1
0 1 1 1 0 0 0 0 0 0
0 1 1 1 0 0 0 0 0 0
0 1 0 1 0 0 0 0 0 0
0 1 1 1 1 1 0 0 0 0
Maze 30
91 202 2.9411764706 2.0643439482 36 0.366267653106084
60 56 26 82 21 68 7 91 45 34 2 66 45 47 58 60
400 400 22 81 61 67 1 41 44 32 62 65 400 57 400
400 400 402 401 401 401 402 402 401 401 401 401 400 401 400
1 1 1 1 1 1 1 0 0 0
1 1 0 0 0 0 1 0 0 0
1 1 1 1 1 1 1 0 0 0
1 1 1 1 0 1 1 0 0 0
1 1 1 1 1 1 1 0 0 0
1 1 0 0 1 1 1 1 1 2
1 1 1 1 1 1 1 1 0 0
1 1 0 0 0 0 0 0 0 0
1 1 0 0 0 0 0 0 0 0
1 0 0 0 0 0 0 0 0 0
Maze 31
115 192 2.8529411765 2.0731022205 156 0.406329040994487
19 87 69 91 9 68 65 70 42 90 86 8 50 47 53 19
17 67 61 1 8 400 400 62 82 400 6 48 400 43 13
402 402 402 402 402 400 400 401 401 400 402 401 400 402 402
1 1 1 1 1 1 1 1 1 0
1 0 1 1 1 1 1 1 2 0
1 0 1 0 0 1 1 1 0 0
1 0 1 0 0 1 1 1 0 0
1 1 1 1 1 1 1 1 1 1
1 1 1 0 0 1 1 1 0 0
1 1 1 1 1 1 1 1 1 1
1 1 0 0 0 1 1 0 0 0
1 1 1 1 1 1 1 1 1 1
1 0 0 0 0 0 0 0 0 0
Maze 32
109 820 3.0476190476 2.2068136069 105 0.376443223655157
57 80 6 11 48 39 91 37 12 21 64 98 72 13 77 57
77 76 1 41 38 31 31 32 11 61 94 92 12 73 400
401 401 402 401 402 402 402 401 402 401 401 401 402 401 400
1 1 1 1 1 1 0 0 0 0
1 1 1 0 0 1 0 0 0 0
1 1 1 0 0 1 0 0 0 0
1 1 1 1 1 1 1 1 1 0
1 1 1 1 1 1 1 1 0 0
1 1 1 0 0 1 2 0 0 0
1 1 1 1 0 1 1 0 0 0
1 1 1 1 1 1 1 1 1 1
1 1 0 1 0 0 0 0 0 0
1 1 1 1 1 1 1 1 0 0
Maze 33
111 255 3.8461538462 2.0737050373 105 0.379291917912190
65 51 85 44 34 80 58 25 90 93 3 77 12 86 60 65
61 81 84 400 74 78 55 85 83 400 73 72 82 56 55
401 401 401 400 401 401 401 401 402 400 401 401 401 402 402
0 0 1 0 0 0 0 0 0 0
0 1 1 0 0 0 0 0 0 0
0 1 1 0 1 0 0 0 0 0
0 1 1 1 1 0 0 0 0 0
0 1 1 1 1 0 0 0 0 0
1 1 1 1 1 1 1 1 1 1
1 1 1 1 2 1 0 1 0 0
1 1 1 1 1 1 1 1 1 1
1 1 1 1 1 1 1 1 1 1
0 0 1 0 0 0 0 0 0 0
Maze 34
95 653 3.1428571429 1.9857456601 66 0.378679060417693
92 25 73 62 75 60 18 73 37 19 69 12 35 16 62 92
22 23 72 72 55 58 13 33 17 400 62 32 15 12 400
402 402 401 401 402 401 402 402 402 400 401 401 402 402 400
0 0 0 0 0 0 0 0 0 0
0 1 1 1 1 1 1 1 1 0
0 1 1 1 1 0 1 1 1 0
0 1 1 1 1 1 1 1 1 0
0 1 1 0 0 0 0 1 1 0
0 1 1 0 1 1 1 1 1 1
0 1 1 1 1 1 1 1 1 0
0 1 1 1 1 0 0 0 0 0
0 1 0 0 0 0 0 0 0 0
0 2 0 0 0 0 0 0 0 0
Maze 35
71 9 3.0810810811 1.8669173616 20 0.368078518865925
72 13 24 88 47 39 77 63 3 65 84 88 78 74 43 72
12 23 84 87 37 37 73 400 63 64 400 400 400 73 42
402 401 401 401 402 402 401 400 401 402 400 400 400 401 402
0 0 1 0 0 0 0 0 0 0
0 1 1 0 0 0 0 0 0 0
0 1 1 1 0 0 0 0 0 0
0 1 1 1 0 0 1 1 1 0
0 1 1 1 0 0 1 0 0 0
0 1 1 1 0 0 1 0 0 0
0 1 1 1 1 0 1 0 0 0
0 2 1 1 1 1 1 1 0 0
0 0 0 1 1 1 1 1 0 0
0 0 0 0 0 0 0 0 0 0
Maze 36
77 22 3.5121951220 2.0661070720 26 0.384236417043002
44 67 71 93 100 74 95 75 59 97 59 57 15 76 83 44
64 61 91 400 94 94 400 55 57 57 400 55 75 73 43
401 402 401 400 401 401 400 402 402 402 400 401 401 402 402
0 0 0 0 0 0 0 0 0 0
0 0 0 0 1 0 0 0 0 0
0 0 0 0 1 0 0 0 0 0
0 0 0 0 1 0 0 0 0 0
0 0 1 2 1 0 0 0 0 0
0 0 1 1 1 1 1 1 1 0
1 1 1 1 1 1 1 0 0 0
1 0 1 1 1 1 1 0 0 0
1 0 1 1 1 0 1 0 0 0
1 1 1 1 1 1 1 1 1 1
Maze 37
103 147 3.3725490196 2.1336864791 77 0.392579612464142
20 91 29 45 74 2 1 24 71 63 66 57 9 26 52 20
11 21 25 44 72 400 21 21 61 400 56 7 6 22 12
402 402 402 402 401 400 401 402 402 400 402 402 402 402 402
1 1 0 0 0 1 1 1 1 0
1 1 1 1 1 1 1 1 1 2
1 1 1 1 1 1 1 1 1 0
1 1 0 0 1 0 1 0 0 0
1 1 0 1 1 0 1 0 0 0
1 1 0 1 0 1 1 0 0 0
1 1 1 1 1 1 0 0 0 0
1 1 1 1 0 0 0 0 0 0
1 0 0 0 0 0 0 0 0 0
1 0 0 0 0 0 0 0 0 0
Maze 38
97 63 3.0196078431 2.0080830232 58 0.384820460787592
42 68 3 42 8 57 67 76 49 37 69 13 42 25 98 42
62 63 2 2 7 400 66 46 47 67 63 12 22 95 92
401 401 402 402 402 400 402 402 401 401 401 402 402 401 401
0 1 1 1 1 1 1 1 0 0
0 1 1 0 0 0 1 0 0 0
0 1 1 1 1 0 1 0 0 0
0 1 1 0 1 0 1 0 0 0
0 2 1 0 1 1 1 1 1 0
0 1 1 0 1 1 1 0 0 0
0 1 1 1 1 1 1 1 1 0
0 1 0 0 1 1 0 0 0 0
0 1 0 0 1 0 0 0 0 0
0 1 1 1 1 1 1 1 0 0
Maze 39
75 8 2.8571428571 2.2470388083 35 0.372608120147233
63 30 58 69 86 90 17 27 95 83 24 22 51 36 34 63
23 28 68 66 400 87 400 25 93 23 400 21 31 400 33
402 402 401 402 400 401 400 402 401 402 400 402 402 400 402
0 0 0 0 0 0 0 0 0 0
0 0 0 0 0 0 1 0 0 0
1 1 1 1 1 1 1 1 1 1
1 1 1 1 1 1 1 1 0 0
1 0 1 0 1 0 1 1 0 0
1 0 1 0 1 0 1 1 0 0
0 0 2 0 1 1 1 1 1 0
0 0 1 0 1 1 1 0 0 0
0 0 1 0 1 1 1 1 1 1
0 0 1 1 1 0 0 0 0 0
Maze 40
103 1360 3.6595744681 1.9324955550 71 0.394498106572940
21 37 53 19 6 5 57 79 13 67 19 94 16 15 47 21
31 33 13 16 400 55 77 73 63 17 14 14 400 45 41
401 402 402 401 400 401 401 401 401 402 402 402 400 401 401
0 0 0 0 1 1 0 0 0 0
0 0 1 1 1 1 1 1 1 0
2 0 1 1 1 0 1 0 0 0
1 1 1 1 1 1 1 0 0 0
1 1 1 1 1 1 1 0 0 0
0 0 1 1 1 1 1 0 0 0
0 0 1 1 1 1 1 0 0 0
0 0 1 1 1 1 1 1 1 0
0 0 0 1 0 0 0 0 0 0
0 0 0 1 0 0 0 0 0 0
Maze 41
125 46 3.6727272727 1.8698449759 133 0.390910051193077
19 72 27 71 57 69 34 94 87 24 19 32 100 51 25 19
12 22 21 51 67 64 400 84 84 14 12 92 91 21 15
402 402 402 402 401 401 400 402 401 402 402 401 401 402 402
0 0 0 0 0 0 0 0 0 0
0 1 1 1 1 1 1 1 2 0
1 1 1 1 1 1 1 0 0 0
1 1 0 1 0 0 0 0 0 0
1 1 0 1 0 0 0 0 0 0
1 1 1 1 1 1 1 0 0 0
1 1 0 1 1 1 1 1 1 0
1 1 0 1 0 0 0 0 0 0
1 1 0 1 1 1 1 0 0 0
1 1 1 1 1 1 1 1 1 1
Maze 42
75 72 3.2444444444 2.1609643088 18 0.385843112812183
34 11 22 22 90 85 68 13 43 47 64 40 39 76 34 34
31 21 400 82 400 65 63 400 400 44 34 400 36 74 400
401 401 400 401 400 402 401 400 400 402 402 400 402 401 400
0 0 0 0 0 0 0 0 0 0
1 0 1 0 0 0 0 0 0 0
1 1 1 0 0 0 0 0 0 0
1 1 1 2 1 1 1 1 1 1
0 1 1 1 1 1 1 0 0 0
0 1 1 1 0 1 0 0 0 0
0 1 1 1 1 1 1 1 0 0
0 1 0 1 1 1 0 0 0 0
0 1 1 1 1 1 1 1 1 1
0 0 0 0 0 0 0 0 0 0
Maze 43
99 83 3.2000000000 2.1120634639 50 0.371410792841700
59 76 69 2 20 7 84 13 22 3 94 76 58 24 99 59
56 66 62 12 17 4 83 12 2 93 74 56 54 94 400
402 402 401 401 401 402 401 402 402 401 402 402 401 401 400
0 1 1 1 1 1 1 0 0 0
0 1 1 1 1 1 1 1 1 1
0 1 1 1 0 0 0 0 0 0
0 1 1 1 0 0 0 0 0 0
0 1 1 1 0 0 0 0 0 0
0 1 1 1 1 1 1 1 2 0
0 1 1 1 1 1 1 1 1 0
0 0 1 1 1 1 0 0 1 0
0 0 1 1 0 0 0 0 1 0
0 0 1 1 1 1 1 1 1 0
Maze 44
107 33 3.4400000000 1.9562611118 91 0.387918896046087
36 70 96 29 12 89 99 49 86 49 33 89 73 17 56 36
66 66 26 22 82 400 400 46 46 43 83 83 13 16 400
401 402 402 401 401 400 400 402 402 401 401 401 402 402 400
0 0 0 0 0 0 0 0 0 0
0 1 1 1 1 1 1 0 0 0
0 1 1 1 1 1 1 1 1 0
0 1 1 0 0 2 0 0 0 0
0 1 1 1 1 1 1 1 1 0
0 1 1 0 0 1 0 0 1 0
0 1 1 0 0 1 1 1 1 1
0 1 1 0 0 1 0 0 1 0
0 1 1 1 1 1 1 1 1 0
0 0 0 0 0 1 0 0 1 0
Maze 45
83 65 3.3953488372 2.0986318815 35 0.380566143272904
65 59 31 65 28 15 55 25 48 35 62 26 89 64 62 65
55 51 61 25 25 400 400 45 45 32 22 86 84 400 400
402 401 401 402 401 400 400 401 401 402 402 401 401 400 400
0 0 0 0 0 0 0 0 0 0
0 0 0 0 1 0 0 0 0 0
0 1 1 1 1 1 1 1 0 0
1 1 1 1 1 1 0 0 0 0
1 1 0 0 1 1 1 1 0 0
1 1 1 1 1 1 1 1 1 0
1 1 1 1 2 1 0 0 0 0
0 0 0 1 0 1 0 0 0 0
0 0 0 1 1 1 1 1 1 0
0 0 0 0 0 0 0 0 0 0
Maze 46
93 143 3.1428571429 2.1114862534 36 0.391844412552672
63 33 31 85 1 17 98 72 52 24 62 17 54 73 31 63
400 400 81 81 11 97 92 400 22 22 12 14 53 71 61
400 400 401 401 401 401 401 400 402 402 402 402 402 401 401
1 0 0 0 0 0 0 0 0 0
1 1 1 1 1 1 1 0 0 0
1 1 1 1 0 0 1 0 0 0
1 1 1 1 0 0 1 0 0 0
1 1 1 1 0 0 1 0 0 0
1 1 1 1 0 0 1 0 0 0
1 1 2 0 0 0 1 0 0 0
1 1 1 0 0 0 1 0 0 0
1 1 1 1 1 0 1 0 0 0
0 1 1 1 1 1 1 1 0 0
Maze 47
119 275 3.1875000000 2.0957648666 147 0.385389428213814
63 31 95 16 9 50 53 12 98 62 25 89 17 83 98 63
61 91 15 6 49 43 52 92 92 22 85 87 13 93 93
401 401 402 402 401 402 401 401 401 402 401 401 402 401 401
0 0 0 0 0 1 1 1 1 0
0 1 1 1 1 1 1 0 1 0
0 1 1 1 1 0 1 0 1 0
1 1 1 0 1 0 1 0 1 0
1 1 1 1 1 1 1 1 1 1
1 1 1 0 1 0 1 0 0 0
1 1 2 0 1 0 1 0 0 0
1 1 1 0 1 0 1 0 0 0
1 1 1 0 1 1 1 1 1 0
1 1 1 1 1 1 1 1 0 0
Maze 48
105 37 3.3703703704 2.0834597977 83 0.391698638799823
12 49 42 77 16 5 74 11 77 79 43 10 34 17 5 12
42 400 72 76 15 4 71 71 400 73 3 4 14 15 2
401 400 401 401 401 402 401 401 400 401 402 402 402 401 402
0 1 1 1 1 1 1 1 1 1
1 2 1 1 1 1 1 0 0 0
1 1 1 1 0 1 0 0 0 0
1 1 1 1 0 1 0 0 0 0
1 1 1 1 1 1 1 1 1 0
1 1 1 1 0 1 0 0 0 0
1 1 1 1 0 1 0 0 0 0
1 1 1 1 1 1 1 1 1 0
0 0 0 0 0 0 0 0 0 0
0 0 0 0 0 0 0 0 0 0
Maze 49
105 87 3.3703703704 2.1394928595 90 0.400642190211541
71 52 30 95 26 78 82 66 82 61 80 10 36 66 11 71
51 22 25 25 76 72 62 62 81 71 400 6 400 61 400
402 402 402 402 401 402 402 402 401 401 400 402 400 401 400
0 0 0 0 0 1 1 1 1 1
1 0 0 0 0 1 0 0 0 1
1 1 1 1 1 1 1 1 1 1
1 1 0 0 1 1 0 0 0 1
1 1 0 0 1 1 0 0 0 1
1 1 0 0 1 1 0 0 0 1
1 1 1 1 1 1 0 0 0 1
2 1 1 1 1 1 1 1 1 1
1 1 0 0 1 0 0 0 0 0
0 0 0 0 1 0 0 0 0 0
Maze 50
123 1176 3.1014492754 2.1229632741 108 0.384951385467960
95 2 79 39 21 5 3 97 81 100 52 31 85 19 57 95
92 72 400 31 1 400 93 91 91 92 51 81 15 17 55
401 401 400 401 402 400 401 401 401 401 401 401 402 402 402
1 1 1 1 1 0 0 0 0 0
1 1 1 0 1 1 1 1 1 0
1 1 1 0 1 0 1 0 0 0
1 1 1 1 1 1 1 1 1 0
1 1 1 0 1 0 1 0 1 0
1 1 1 0 1 1 1 0 1 0
1 1 1 0 1 0 0 0 1 0
1 1 1 1 1 1 1 1 1 0
1 1 1 1 1 0 0 0 0 0
1 1 1 1 2 1 1 1 1 1
Maze 51
87 19 3.4545454545 1.9992869340 45 0.379790203204841
53 51 32 53 69 68 24 70 86 49 64 72 3 29 83 53
400 31 52 63 400 64 64 66 46 44 62 2 23 23 400
400 402 401 401 400 401 401 402 402 402 402 402 401 402 400
0 1 1 0 0 0 0 0 0 0
0 1 1 0 0 0 0 0 0 0
0 1 1 1 1 1 1 1 1 0
1 1 1 1 0 0 0 0 0 0
1 1 1 1 1 1 1 1 1 0
1 1 2 1 0 1 0 0 0 0
0 1 1 1 1 1 1 1 1 1
0 1 1 0 0 1 0 0 0 0
0 0 1 0 0 1 0 0 0 0
0 0 0 0 0 0 0 0 0 0
Maze 52
101 7 3.1818181818 1.8113923442 39 0.371310598391128
13 24 81 32 97 26 25 28 11 41 5 51 9 21 62 13
23 21 31 92 96 400 400 21 400 1 1 1 1 61 12
401 402 402 401 401 400 400 401 400 402 402 402 402 401 402
1 1 1 1 1 1 1 1 1 0
1 1 2 0 0 0 0 0 0 0
1 1 1 1 1 1 1 1 0 0
1 1 0 0 0 1 0 0 0 0
1 1 0 0 0 1 0 0 0 0
1 1 0 0 0 1 0 0 0 0
1 1 0 0 0 1 0 0 0 0
1 1 0 0 0 1 0 0 0 0
1 1 0 0 0 1 0 0 0 0
0 1 1 1 1 1 1 0 0 0
Maze 53
81 69 2.8936170213 2.0663452372 30 0.381680598718184
42 48 28 65 65 52 52 96 35 66 6 44 62 50 99 42
400 400 25 400 62 400 92 95 65 400 4 42 42 49 92
400 400 402 400 401 400 401 401 401 400 402 402 402 402 401
0 0 0 1 1 1 0 0 0 0
0 0 0 1 0 1 0 0 0 0
0 0 0 1 1 1 1 1 0 0
0 0 0 1 1 1 0 1 0 0
0 2 1 1 1 1 1 1 1 1
0 1 0 0 1 1 0 0 1 0
0 1 1 1 1 1 0 0 1 0
0 1 0 0 1 0 0 0 1 0
0 1 0 0 1 0 0 0 1 0
0 1 1 1 1 1 1 1 1 0
Maze 54
91 621 3.2156862745 2.1968615973 29 0.386272595966948
38 57 13 58 7 35 58 35 47 22 6 36 100 42 27 38
37 53 53 57 5 55 55 45 42 2 400 96 92 22 37
402 401 401 401 402 401 401 401 401 402 400 401 401 402 401
0 1 1 1 1 1 1 0 0 0
0 1 1 0 1 1 1 0 0 0
0 1 1 1 1 1 1 0 0 0
0 1 1 0 1 1 1 2 0 0
0 1 1 1 1 1 1 0 0 0
0 1 1 1 1 1 1 1 0 0
0 1 0 0 0 1 0 0 0 0
0 1 0 0 0 1 0 0 0 0
0 1 0 0 0 1 0 0 0 0
0 1 1 1 1 1 1 1 1 1
Maze 55
93 99 2.7096774194 2.2964039712 39 0.372638080839978
33 65 69 80 99 37 71 31 54 5 22 97 40 6 30 33
63 400 79 79 97 31 400 51 4 2 92 37 36 26 23
401 400 401 402 401 402 400 401 402 402 401 402 401 401 402
0 1 1 1 1 1 0 0 0 0
0 1 0 1 0 1 0 0 0 0
0 1 1 1 1 1 1 1 1 1
1 1 2 1 1 1 1 1 1 1
1 1 1 1 0 0 1 0 0 0
1 1 1 1 0 0 1 0 0 0
1 1 1 1 1 1 1 1 1 0
1 1 0 0 0 0 1 0 1 1
0 1 0 0 0 0 1 0 1 0
0 1 1 1 1 1 1 1 1 0
Maze 56
107 707 3.4385964912 2.1529888848 91 0.374696551485640
19 73 69 51 32 73 28 16 79 68 20 21 95 54 51 19
13 63 61 31 72 23 26 76 78 18 11 91 94 400 11
402 402 401 402 401 402 401 401 401 402 402 401 401 400 402
0 0 0 0 0 0 0 0 0 0
1 1 1 1 1 1 1 1 2 1
1 0 1 1 1 1 1 1 0 0
1 1 1 0 0 1 0 1 0 0
1 1 1 0 0 1 0 1 0 0
1 1 1 1 0 1 0 1 0 0
1 1 1 1 1 1 1 1 1 0
1 1 1 1 0 1 1 1 1 0
1 0 0 1 0 0 0 0 0 0
1 1 1 1 1 0 0 0 0 0
Maze 57
111 1860 3.2459016393 2.2162384708 105 0.369625924689566
38 43 31 34 97 9 83 96 82 9 81 22 77 75 36 38
33 41 400 94 7 3 93 92 2 1 21 72 400 35 400
402 401 400 401 402 402 401 401 402 402 402 401 400 402 400
1 1 1 1 1 1 1 1 1 0
1 1 1 0 0 0 1 0 0 0
1 1 1 0 0 0 1 0 0 0
1 1 1 1 1 1 1 2 0 0
1 1 1 1 1 0 1 0 0 0
1 1 1 1 1 0 1 0 0 0
1 1 1 1 1 0 1 0 0 0
1 1 1 1 1 1 1 0 0 0
1 1 1 1 0 0 1 0 0 0
0 1 1 1 1 1 1 0 0 0
Maze 58
93 23 3.1153846154 2.1223199761 50 0.402621738444308
1 25 11 44 82 87 79 67 94 100 93 96 21 69 35 1
21 21 41 42 400 77 77 64 400 400 400 91 61 65 31
401 401 401 402 400 402 401 402 400 400 400 401 401 401 401
2 0 0 0 0 0 0 0 0 0
1 0 0 0 0 0 0 0 0 0
1 1 1 1 1 0 0 0 0 0
1 1 1 1 1 0 0 0 0 0
1 1 1 1 1 0 0 0 0 0
1 1 0 0 1 0 0 0 0 0
1 1 1 1 1 1 1 1 1 0
1 1 0 1 0 0 1 1 1 0
1 1 1 1 1 1 1 0 0 0
1 1 1 1 1 1 1 1 1 1
Maze 59
117 453 3.1290322581 2.0691281127 133 0.374859829739278
50 24 88 43 11 98 30 39 51 67 13 36 33 1 85 50
44 84 83 41 91 28 29 31 61 63 33 400 31 81 45
401 401 401 401 401 402 402 402 401 401 401 400 401 401 402
1 0 0 0 0 0 0 0 0 0
1 0 1 0 0 0 0 0 0 0
1 0 1 1 0 0 0 1 1 1
1 1 1 1 1 1 1 1 1 0
1 1 1 1 1 1 1 1 1 2
1 0 1 1 1 0 0 1 0 0
1 1 1 1 1 1 1 1 0 0
1 0 1 1 1 0 0 1 0 0
1 1 1 1 1 1 1 1 0 0
1 1 1 1 1 1 1 1 0 0
Maze 60
87 4 2.7096774194 2.3199300170 45 0.380117305570896
26 87 50 83 89 86 36 36 22 98 94 71 6 47 28 26
86 47 43 400 400 400 400 32 92 400 91 1 46 27 400
401 402 402 400 400 400 400 401 401 400 401 402 401 402 400
1 1 1 1 1 1 0 0 0 0
1 0 0 0 0 1 0 0 0 0
1 1 0 0 0 2 1 1 0 0
1 1 1 1 1 1 1 0 0 0
1 1 1 1 1 1 1 1 1 1
1 1 1 0 0 1 1 0 0 0
1 1 1 0 0 1 1 0 0 0
1 1 1 0 0 1 1 0 0 0
1 1 1 1 1 1 1 1 1 0
1 1 1 1 1 1 1 1 0 0
Maze 61
83 147 3.1250000000 1.9885490776 23 0.373912130063262
57 33 2 73 43 40 26 67 24 24 5 31 35 20 12 57
53 32 72 400 33 36 66 64 400 4 1 400 15 400 52
401 401 401 400 402 401 401 401 400 402 402 400 402 400 401
1 1 1 1 1 0 0 0 0 0
1 1 1 1 1 1 1 1 1 1
1 1 0 1 1 1 0 0 0 0
1 1 1 1 1 1 1 1 1 1
0 1 1 1 0 1 0 0 0 0
0 1 1 1 1 1 2 0 0 0
0 1 1 1 1 1 1 0 0 0
0 1 1 0 0 0 0 0 0 0
0 0 0 0 0 0 0 0 0 0
0 0 0 0 0 0 0 0 0 0
Maze 62
95 11 3.0196078431 2.0661330726 84 0.377403922342946
72 83 51 60 39 76 6 54 94 25 14 7 84 29 3 72
82 81 400 59 36 400 4 400 24 24 4 4 24 23 2
401 401 400 401 402 400 402 400 402 401 402 402 402 401 402
0 1 1 1 1 1 1 0 0 0
0 1 1 1 0 1 0 0 0 0
0 1 1 1 1 1 1 1 1 0
0 1 0 1 0 1 1 1 1 0
0 1 0 1 0 1 0 0 1 0
1 1 1 1 1 1 1 1 1 1
1 1 0 1 0 1 0 0 0 0
1 2 0 1 0 1 0 0 0 0
1 1 1 1 0 0 0 0 0 0
0 0 0 1 0 0 0 0 0 0
Maze 63
85 37 3.3200000000 2.2667425955 41 0.395582364908810
62 79 22 57 45 57 47 10 59 99 30 46 49 5 54 62
72 72 52 55 55 400 7 9 400 29 26 400 45 4 52
401 401 401 401 401 400 402 402 400 402 402 400 401 402 402
0 0 0 1 1 0 1 1 1 1
0 0 0 1 1 0 1 0 1 0
0 1 0 1 1 1 1 1 1 1
0 1 0 1 1 1 1 0 1 0
0 1 0 1 1 1 1 1 1 0
0 1 1 1 1 1 1 0 1 0
0 2 0 0 0 0 0 0 1 0
0 1 1 1 1 1 1 1 1 0
0 0 0 0 0 0 0 0 1 0
0 0 0 0 0 0 0 0 1 0
Maze 64
125 118 3.0857142857 2.1687479364 146 0.389476638769318
20 99 8 55 86 32 95 10 95 50 74 93 1 42 14 20
19 98 5 85 82 92 5 5 45 44 73 91 41 12 400
402 401 402 401 401 401 402 402 402 402 402 401 401 402 400
1 0 0 0 1 1 1 1 1 1
1 1 1 1 1 1 1 1 1 2
1 1 0 0 1 0 0 1 1 0
1 1 0 0 1 0 0 1 1 0
1 1 0 1 1 1 1 1 1 1
1 1 0 1 1 0 0 1 1 0
1 1 0 1 1 0 0 1 1 0
1 1 1 1 1 0 0 1 1 0
1 1 1 1 1 1 0 1 1 0
1 1 1 1 1 0 0 1 1 0
Maze 65
95 55 3.5833333333 2.0827643622 65 0.379867582806146
100 53 6 53 57 16 37 2 54 40 76 43 41 23 33 100
93 3 3 400 56 36 32 52 34 36 73 400 21 400 93
401 402 402 400 401 401 401 401 402 402 401 400 402 400 401
0 1 1 1 1 1 0 0 0 0
0 1 1 0 0 1 0 0 0 0
1 1 1 0 0 1 0 0 0 0
1 1 1 1 1 1 1 1 1 1
1 1 1 1 0 1 0 0 0 0
0 1 1 1 1 1 1 0 0 0
0 0 1 0 0 1 0 0 0 0
0 0 1 1 1 1 0 0 0 0
0 0 1 0 0 0 0 0 0 0
0 0 1 1 1 1 1 1 1 2
Maze 66
81 107 3.1914893617 2.1850306080 17 0.371478638561244
26 48 84 65 48 99 14 64 33 30 42 82 61 62 56 26
46 44 64 45 98 94 400 63 23 22 400 81 400 52 400
401 402 402 402 401 401 400 401 402 402 400 401 400 402 400
0 0 0 0 0 0 0 0 0 0
0 0 0 1 0 0 0 0 0 0
0 1 1 1 1 2 1 1 1 1
0 1 1 1 0 1 0 0 0 0
0 1 1 1 1 1 1 1 0 0
0 1 1 1 1 1 0 1 0 0
1 1 1 1 1 0 0 1 0 0
1 1 0 1 0 0 0 1 0 0
1 1 0 1 0 0 0 1 0 0
0 0 0 1 1 1 1 1 1 0
Maze 67
117 118 3.0303030303 2.1148683426 96 0.367618776481046
75 88 48 7 91 64 60 30 31 10 1 92 12 50 94 75
85 400 47 1 61 54 400 21 1 400 91 400 42 44 74
401 400 401 402 402 402 400 402 402 400 401 400 401 402 402
1 1 1 1 1 1 1 1 1 1
1 1 0 0 0 0 1 0 0 0
1 1 1 1 1 1 1 1 1 1
1 1 0 0 0 0 1 0 0 1
1 1 1 1 1 1 1 1 1 1
1 1 0 1 1 1 1 1 1 1
1 1 1 1 0 0 0 1 0 0
1 1 0 1 2 0 0 1 0 0
1 1 0 1 1 1 1 1 0 0
1 1 0 1 0 0 0 0 0 0
Maze 68
89 68 3.1153846154 2.1500941839 32 0.380961638606284
90 89 40 74 71 62 37 32 30 26 70 61 78 66 44 90
400 39 34 400 61 32 400 22 400 66 400 71 76 64 84
400 402 402 400 402 402 400 402 400 401 400 401 401 401 401
0 0 0 0 0 0 0 0 0 0
0 0 0 0 0 0 0 0 0 0
0 1 1 1 1 1 1 1 1 1
0 1 1 1 1 1 1 1 1 1
0 1 0 1 0 1 0 0 1 0
0 1 0 1 0 1 0 0 1 0
1 1 1 1 1 1 1 1 1 1
1 1 1 1 1 1 1 1 1 0
0 0 0 1 1 1 1 1 1 2
0 0 0 0 0 0 0 0 0 0
Maze 69
87 27 2.7857142857 2.2258788001 40 0.392438567138387
83 87 11 3 65 88 95 32 52 20 58 47 56 49 92 83
400 81 1 63 85 85 92 400 12 18 57 46 46 42 82
400 401 402 401 401 402 401 400 402 402 401 402 402 402 402
1 1 1 0 0 0 0 0 0 0
1 1 1 1 1 1 1 1 1 1
1 1 1 0 0 0 0 1 0 0
1 1 1 0 0 0 0 1 0 0
1 1 1 1 1 1 1 1 1 0
1 1 1 0 0 1 1 1 0 0
1 1 1 1 1 0 0 0 0 0
1 1 0 0 1 0 0 0 0 0
1 1 2 1 1 1 1 1 0 0
0 1 1 1 1 0 0 0 0 0
Maze 70
85 174 2.7600000000 1.8993523627 33 0.352254359204809
68 82 98 19 68 24 43 84 31 37 46 52 32 99 78 68
62 92 18 18 64 23 83 81 400 36 42 400 92 98 400
402 401 402 402 401 402 401 401 400 402 402 400 401 401 400
0 0 0 0 0 0 0 0 0 0
0 0 0 0 0 0 0 1 1 0
0 0 1 1 0 0 0 1 0 0
1 1 1 1 1 1 1 1 0 0
1 1 1 1 1 1 0 1 0 0
1 1 1 1 0 0 0 1 0 0
1 1 1 1 1 1 1 2 0 0
1 1 1 0 0 0 0 1 0 0
1 1 1 1 0 0 0 1 0 0
0 1 1 1 1 1 1 1 1 0
Maze 71
103 272 3.1875000000 2.3640289738 66 0.389477595469772
15 12 62 81 10 41 59 94 87 6 46 22 32 39 79 15
400 400 61 1 1 51 54 84 86 400 42 400 400 400 75
400 400 402 402 402 401 402 402 401 400 401 400 400 400 401
1 1 1 1 1 1 1 1 1 1
1 1 1 1 2 1 0 0 0 0
1 1 0 0 1 1 0 0 0 0
1 1 1 1 1 1 1 1 1 0
1 1 1 1 1 1 0 0 1 0
1 1 1 1 1 1 1 1 1 0
1 1 0 1 1 1 0 0 1 0
1 0 0 1 1 1 1 1 1 0
1 0 0 1 1 1 1 0 0 0
0 0 0 1 0 0 0 0 0 0
Maze 72
119 13142 3.2459016393 2.1157777844 156 0.403636597769842
29 60 41 40 89 47 52 90 71 31 74 29 89 6 97 29
59 51 31 39 87 42 82 81 400 71 24 400 86 96 27
401 401 402 402 401 402 401 401 400 401 402 400 401 401 402
0 0 0 0 0 1 0 0 0 0
0 0 0 0 0 1 0 0 0 0
0 0 0 1 1 1 1 1 2 0
1 1 1 1 1 1 1 1 1 1
1 1 1 1 1 1 1 0 1 0
1 1 1 1 1 1 1 1 1 1
1 1 0 1 0 1 1 0 1 0
1 1 1 1 0 1 1 0 1 0
1 1 1 1 1 1 1 1 1 1
0 0 0 0 0 1 1 0 0 0
Maze 73
83 21 3.8857142857 1.8370566429 16 0.362483996062684
81 94 67 3 6 23 94 42 92 33 41 95 41 43 41 81
91 64 63 400 3 93 92 400 32 31 91 91 400 400 400
401 402 401 400 402 401 401 400 402 402 401 401 400 400 400
0 0 1 1 1 1 0 0 0 0
0 0 1 0 0 0 0 0 0 0
0 0 1 0 0 0 0 0 0 0
1 1 1 0 0 0 0 0 0 0
1 1 1 0 0 0 0 0 0 0
1 1 1 0 0 0 0 0 0 0
1 1 1 1 1 1 1 0 0 0
1 1 1 1 0 0 0 0 0 0
2 1 1 1 0 0 0 0 0 0
1 1 1 1 1 0 0 0 0 0
Maze 74
71 378 3.0000000000 1.9746241325 20 0.376018783819781
39 36 25 22 46 18 35 63 76 19 20 18 63 52 4 39
400 35 400 42 16 15 33 73 16 400 400 13 62 2 34
400 401 400 401 402 402 402 401 402 400 400 402 401 402 401
0 1 1 1 0 0 0 0 0 0
0 1 1 1 1 1 1 1 1 1
0 1 1 1 1 1 0 0 0 0
0 1 1 1 1 1 1 1 2 0
0 1 1 1 1 1 0 0 0 0
0 1 1 0 0 1 0 0 0 0
0 1 1 0 0 1 0 0 0 0
0 0 1 1 1 1 0 0 0 0
0 0 0 0 0 0 0 0 0 0
0 0 0 0 0 0 0 0 0 0
Maze 75
89 12 3.4146341463 1.8247620423 50 0.383460964117706
78 36 6 95 65 17 19 6 39 87 75 18 84 4 17 78
76 400 5 400 15 400 16 36 37 85 15 14 400 14 77
401 400 402 400 402 400 401 401 402 401 402 402 400 401 401
0 0 0 1 1 1 0 0 0 0
0 0 0 1 1 1 1 1 1 0
0 0 0 1 1 1 1 0 0 0
0 0 0 1 1 1 1 1 1 0
0 0 0 1 1 1 1 0 0 0
0 0 0 1 1 1 1 0 0 0
0 0 0 1 1 1 1 0 0 0
0 0 0 1 1 1 1 2 0 0
0 0 0 1 1 1 1 0 0 0
0 0 0 0 1 0 0 0 0 0
Maze 76
77 555 2.8571428571 2.1862124221 30 0.385723986957627
48 92 40 30 96 52 62 52 67 87 94 15 65 45 46 48
42 32 400 26 92 400 400 62 400 84 14 400 400 400 400
402 402 400 402 401 400 400 401 400 402 402 400 400 400 400
0 0 0 0 0 0 0 0 0 0
0 0 0 1 1 0 0 0 0 0
0 0 0 1 1 1 1 1 1 1
0 1 1 1 1 1 1 1 1 1
0 1 1 1 1 1 1 2 0 0
0 1 0 1 1 1 0 0 0 0
0 1 1 1 1 1 1 0 0 0
0 1 0 1 0 1 1 0 0 0
0 1 0 1 1 1 1 0 0 0
0 1 1 1 1 1 0 0 0 0
Maze 77
109 58 3.3962264151 1.9512815046 87 0.376268418705773
94 14 26 74 9 2 60 72 7 2 26 35 96 43 41 94
400 24 24 4 400 52 52 2 400 22 25 95 93 400 91
400 401 402 402 400 401 402 402 400 401 402 401 401 400 401
0 1 1 1 1 1 1 1 1 0
0 1 0 1 0 0 0 0 0 0
0 1 1 1 1 1 0 0 0 0
0 1 0 1 1 0 0 0 0 0
1 1 1 1 1 0 0 0 0 0
1 1 1 1 1 1 1 1 1 1
1 1 1 1 1 0 0 0 0 0
1 1 1 1 1 0 0 0 0 0
1 0 1 1 1 0 0 0 0 0
1 1 1 2 1 1 0 0 0 0
Maze 78
97 12 3.0588235294 1.9298232865 46 0.370616444223226
100 23 29 64 46 44 44 2 10 47 51 46 52 100 85 100
93 400 24 44 400 400 42 400 7 41 41 42 92 95 95
401 400 402 402 400 400 401 400 402 402 402 402 401 401 401
0 1 1 1 1 1 1 1 1 1
0 1 0 0 0 0 1 0 0 0
0 1 1 1 1 1 1 1 1 0
0 1 1 1 0 0 1 0 0 0
1 1 1 1 1 1 1 0 0 0
1 1 1 1 0 0 0 0 0 0
0 1 1 1 0 0 0 0 0 0
0 1 1 0 0 0 0 0 0 0
0 1 1 0 1 0 0 0 0 0
0 1 1 1 1 1 1 1 1 2
Maze 79
103 542 2.9375000000 2.3297097389 64 0.404437937763874
26 21 19 89 2 43 47 31 79 86 95 21 16 67 50 26
400 11 400 82 42 400 41 71 76 85 91 11 66 47 46
400 402 400 401 401 400 401 401 402 402 401 402 401 402 401
0 1 0 0 0 0 0 0 0 0
1 1 1 1 1 1 1 1 1 0
1 1 1 1 1 2 0 0 1 0
1 1 0 0 0 1 0 0 1 0
1 1 1 1 1 1 1 1 1 1
1 1 0 0 0 1 1 0 1 0
1 1 0 0 0 1 1 0 1 0
1 1 1 1 1 1 1 1 1 0
1 1 1 1 1 1 1 1 1 0
1 1 1 1 1 0 0 0 0 0
Maze 80
89 96 3.0800000000 2.0939892289 33 0.381878738383605
70 20 79 78 82 68 24 84 72 62 52 80 4 43 97 70
400 19 400 72 62 64 400 82 400 400 72 74 3 93 67
400 402 400 402 402 401 400 401 400 400 401 401 402 401 402
0 0 1 1 0 0 0 0 0 0
0 0 1 1 0 0 0 0 1 1
0 0 1 1 0 0 0 0 1 1
0 0 1 1 0 0 0 0 1 1
0 0 1 1 0 0 0 0 1 1
0 1 1 1 0 0 0 0 1 1
0 1 1 1 1 1 1 1 1 2
0 1 1 1 1 1 1 1 1 1
0 1 1 1 0 0 1 0 0 0
0 0 1 1 1 1 1 0 0 0
Maze 81
91 150 3.4883720930 1.8802375552 56 0.392072610803733
54 29 33 89 25 53 88 70 62 53 55 13 3 47 22 54
24 23 83 85 23 83 68 400 52 400 53 400 43 42 52
402 402 401 401 402 401 402 400 402 400 401 400 401 401 401
0 0 1 0 0 0 0 0 0 0
0 0 1 0 0 0 0 0 0 0
0 1 1 1 1 1 1 1 1 0
0 1 1 1 1 0 0 0 0 0
0 1 1 1 1 1 1 0 0 0
0 1 1 2 1 0 0 0 0 0
0 1 1 1 1 1 1 1 1 1
0 0 1 0 1 0 0 1 0 0
0 0 1 1 1 1 1 1 1 0
0 0 0 0 0 0 0 0 0 0
Maze 82
97 30 3.8461538462 1.8407427713 48 0.394292178982446
2 59 84 85 3 94 98 2 64 67 60 66 53 42 64 2
52 54 400 83 93 400 92 62 400 57 56 63 52 62 62
401 402 400 401 401 400 401 401 400 402 402 401 401 401 401
0 2 1 0 0 0 0 0 0 0
0 1 1 0 0 0 0 0 0 0
0 1 1 0 0 0 0 0 0 0
0 1 1 0 0 0 0 0 0 0
0 1 1 0 0 0 0 0 0 0
0 1 1 1 1 1 1 1 1 1
0 1 1 1 1 1 1 0 0 0
0 1 1 1 0 0 0 0 0 0
0 1 1 1 1 0 0 0 0 0
0 1 1 1 1 1 1 1 0 0
Maze 83
97 46 3.2682926829 1.8147373709 59 0.384502215915901
46 55 78 1 46 24 90 80 55 22 81 47 32 81 46 46
45 75 71 41 44 84 400 75 52 21 41 42 31 41 400
402 401 401 401 401 401 400 401 401 402 402 401 402 402 400
1 0 0 0 0 0 0 0 0 0
1 0 0 0 0 0 0 0 0 0
1 1 0 1 0 0 0 0 0 0
1 1 0 1 0 0 0 0 0 0
1 1 1 1 1 2 1 0 0 0
1 1 1 1 1 0 0 0 0 0
1 0 0 1 1 0 0 0 0 0
1 1 1 1 1 1 1 1 1 1
1 0 0 1 1 1 1 1 1 1
0 0 0 0 0 0 0 0 0 0
Maze 84
77 16 2.8148148148 2.3207485712 30 0.362965428286905
40 17 70 59 69 86 74 63 76 98 20 53 4 65 25 40
37 67 69 400 66 84 73 73 96 18 13 3 64 400 35
401 401 401 400 402 401 401 401 401 402 402 402 401 400 401
0 0 1 1 0 0 0 0 0 0
0 0 1 1 1 1 1 1 1 1
0 0 1 1 1 0 1 1 0 0
0 0 1 1 1 1 1 1 1 2
0 0 1 1 1 0 1 1 0 0
0 0 1 1 1 0 1 1 1 0
0 0 1 1 1 1 1 1 1 1
0 0 1 1 1 1 0 1 0 0
0 0 0 1 1 1 0 1 0 0
0 0 0 0 0 1 1 1 0 0
Maze 85
75 32 2.9200000000 2.2388232897 30 0.378835998220679
10 66 67 80 37 27 31 8 9 59 59 97 68 84 39 10
6 400 77 77 400 21 1 400 400 400 57 67 64 34 9
402 400 401 401 400 402 402 400 400 400 402 402 402 402 402
1 1 1 1 1 1 1 1 1 2
1 0 0 0 0 1 0 0 1 0
1 1 1 1 1 1 1 0 1 0
1 0 0 1 1 1 1 1 1 0
0 0 0 1 0 1 1 0 1 0
0 0 0 1 0 1 1 1 1 0
0 0 0 1 1 1 1 1 0 0
0 0 0 1 0 0 1 1 1 1
0 0 0 1 0 0 1 0 0 0
0 0 0 0 0 0 1 0 0 0
Maze 86
125 32 3.5517241379 2.0716756152 128 0.391522310368926
81 37 81 7 72 52 38 60 55 100 64 87 15 81 98 81
31 31 1 2 400 32 58 400 95 94 84 85 11 91 91
402 402 402 402 400 402 401 400 401 401 401 401 402 401 401
1 1 1 1 1 1 1 0 0 0
1 1 1 1 1 0 0 0 0 0
1 1 0 0 1 0 0 0 0 0
1 1 1 1 1 1 1 1 0 0
1 1 0 0 1 0 0 1 0 0
1 1 0 0 1 1 1 1 1 1
1 1 0 1 1 0 0 0 0 0
1 1 0 1 1 0 0 0 0 0
2 0 0 1 1 1 1 0 0 0
1 1 1 1 1 1 1 1 1 1
Maze 87
83 37 2.7368421053 2.3207485712 30 0.397487625311595
29 56 71 51 67 91 31 2 23 15 30 80 27 34 79 29
26 51 400 61 61 400 1 22 13 25 400 77 24 74 400
402 402 400 401 402 400 402 401 402 401 400 401 402 401 400
1 1 0 0 0 0 0 0 0 0
1 1 1 1 1 0 0 0 0 0
1 1 1 1 1 1 1 1 2 1
1 0 0 1 0 1 1 0 1 1
1 0 0 1 0 1 1 0 1 1
1 1 1 1 1 1 1 0 1 1
1 1 1 1 1 1 1 0 1 1
1 0 0 1 1 1 1 1 1 1
1 0 0 0 0 0 0 0 0 0
1 0 0 0 0 0 0 0 0 0
Maze 88
109 187 3.9615384615 2.1244621074 105 0.390100257843161
1 55 93 17 33 76 86 47 50 4 79 62 38 71 63 1
51 53 13 13 73 400 46 400 44 74 72 32 31 61 61
401 402 402 402 401 400 402 400 401 401 401 402 402 402 401
2 0 0 1 0 0 0 0 0 0
1 0 1 1 1 1 1 0 0 0
1 0 1 1 0 0 0 0 0 0
1 1 1 1 1 1 1 1 0 0
1 1 1 1 1 1 1 1 1 1
1 1 1 1 1 1 0 0 0 0
1 1 1 1 0 1 0 0 0 0
1 1 1 1 1 1 1 1 1 0
0 0 1 0 0 1 0 0 0 0
0 0 1 0 0 0 0 0 0 0
Maze 89
83 6 3.3888888889 1.8599108944 17 0.375327497756568
26 58 94 64 56 25 81 73 91 75 15 71 42 81 11 26
56 54 400 54 55 21 71 71 71 400 11 41 41 400 21
401 402 400 402 401 402 402 402 402 400 402 402 402 400 401
0 0 0 0 0 0 0 0 0 0
1 1 1 1 1 0 0 0 0 0
1 1 1 1 1 2 0 0 0 0
1 0 0 0 1 1 0 0 0 0
1 1 0 0 1 1 0 0 0 0
1 0 0 1 1 1 1 1 0 0
1 0 0 1 1 0 0 0 0 0
1 1 1 1 1 0 0 0 0 0
1 0 0 1 0 0 0 0 0 0
1 0 0 1 0 0 0 0 0 0
Maze 90
95 104 3.1200000000 1.9801757283 77 0.396990511946103
1 53 83 50 41 73 37 46 54 75 86 3 59 8 47 1
51 400 43 400 71 33 36 44 74 85 83 53 58 7 41
401 400 402 400 401 402 402 402 401 401 401 401 401 402 401
2 0 1 0 0 0 1 1 0 0
1 0 1 0 0 0 1 1 0 0
1 0 1 0 0 0 1 1 0 0
1 0 1 1 1 1 1 1 0 0
1 1 1 1 1 1 1 1 1 1
1 1 1 1 1 1 1 1 1 0
1 0 1 1 0 0 0 0 0 0
1 1 1 1 1 0 0 0 0 0
0 0 1 1 1 1 0 0 0 0
0 0 0 0 0 0 0 0 0 0
Maze 91
85 103 2.8936170213 1.9760608746 40 0.361036188335351
71 85 35 38 32 47 36 33 53 20 1 32 84 34 17 71
81 400 400 400 42 46 400 400 13 11 31 82 400 14 11
401 400 400 400 401 401 400 400 402 401 401 401 400 402 402
1 0 0 0 0 0 0 0 0 0
1 1 1 1 1 1 1 1 1 1
1 0 1 1 0 0 0 0 0 0
1 1 1 1 1 1 1 1 0 0
1 1 1 1 1 1 1 0 0 0
1 1 1 1 1 0 0 0 0 0
1 1 0 1 1 0 0 0 0 0
2 1 0 1 1 0 0 0 0 0
1 1 1 1 1 0 0 0 0 0
0 0 0 0 0 0 0 0 0 0
Maze 92
91 30 3.7435897436 1.9317009508 36 0.404504246980901
8 46 50 81 32 48 56 31 49 65 80 33 55 66 16 8
6 400 41 31 42 46 51 41 45 75 73 53 65 400 6
402 400 402 402 401 402 401 401 402 401 401 401 401 400 402
0 0 0 0 0 1 1 2 0 0
0 0 0 0 0 1 0 0 0 0
0 0 0 0 0 1 0 0 0 0
1 1 1 0 0 1 0 0 0 0
1 1 1 1 1 1 1 1 1 1
1 1 1 1 1 1 0 0 0 0
1 0 1 0 1 1 0 0 0 0
1 0 1 1 1 1 1 1 1 1
1 0 0 0 0 0 0 0 0 0
0 0 0 0 0 0 0 0 0 0
Maze 93
87 4445 3.3333333333 2.2243968588 56 0.381511115457755
85 62 38 79 33 57 7 29 86 74 52 73 88 54 48 85
82 32 78 73 53 400 27 26 84 72 72 83 84 44 45
401 402 401 401 401 400 401 402 401 401 401 401 401 402 402
0 0 0 0 0 0 1 0 0 0
0 0 0 0 0 0 1 0 0 0
0 0 0 0 0 1 1 1 1 0
0 1 1 1 1 1 1 1 0 0
0 1 1 1 1 1 1 1 0 0
0 1 1 1 1 1 1 1 0 0
0 1 1 1 1 1 0 1 0 0
0 1 1 1 1 1 1 1 1 0
0 1 1 1 2 1 1 1 0 0
0 0 0 0 0 0 0 0 0 0
Maze 94
81 88 3.5609756098 2.0663452372 30 0.382647516545697
84 56 56 20 25 79 93 95 49 83 73 38 25 55 93 84
54 400 16 15 75 73 400 45 43 400 33 35 400 53 83
402 400 402 402 401 402 400 402 402 400 402 401 400 402 402
0 0 0 0 0 0 0 0 0 0
0 0 0 0 1 1 1 1 1 1
0 0 0 0 1 1 0 0 0 0
0 0 1 1 1 1 1 1 0 0
0 0 1 1 1 1 1 1 1 0
0 0 1 1 1 1 0 0 0 0
0 0 1 1 1 0 0 0 0 0
0 0 1 1 1 1 1 1 1 0
0 0 1 2 1 0 0 0 0 0
0 0 1 1 1 0 0 0 0 0
Maze 95
91 269 3.2244897959 2.0876399738 45 0.360981164024732
52 82 57 96 6 9 1 18 22 22 66 44 51 68 5 52
400 52 56 400 400 400 11 12 400 62 64 41 61 65 2
400 402 402 400 400 400 401 402 400 401 401 402 401 401 402
1 1 1 1 1 1 1 1 1 0
1 1 1 1 1 1 1 1 0 0
0 1 0 0 1 1 0 0 0 0
0 1 0 0 1 1 0 0 0 0
1 1 1 1 1 1 0 0 0 0
1 2 1 1 1 1 1 0 0 0
1 1 1 1 1 1 1 1 0 0
0 1 0 0 0 1 0 0 0 0
0 1 0 0 0 1 0 0 0 0
0 0 0 0 0 1 0 0 0 0
Maze 96
85 9 3.2173913043 2.0183324481 41 0.361452177838502
98 95 4 6 19 46 67 20 57 36 67 2 82 33 74 98
400 94 400 16 16 66 17 17 56 66 62 400 32 73 94
400 401 400 401 402 401 402 402 401 401 401 400 402 401 401
0 1 0 1 1 1 0 0 0 0
0 1 0 1 0 1 1 1 1 1
0 1 0 1 0 1 1 0 0 0
0 1 1 1 0 1 1 0 0 0
0 1 1 1 0 1 1 0 0 0
0 1 1 1 0 1 1 0 0 0
0 1 1 1 1 1 1 0 0 0
0 1 1 1 0 0 0 0 0 0
0 1 0 1 0 0 0 0 0 0
0 0 0 1 1 1 1 2 0 0
Maze 97
111 15 3.1333333333 2.0231268657 84 0.375716880882185
7 90 27 89 28 59 60 8 59 65 12 100 33 41 9 7
87 87 87 88 58 400 58 58 55 62 92 93 31 1 400
401 401 401 401 401 400 401 401 402 401 401 401 402 402 400
1 1 1 1 1 1 2 1 1 0
1 1 0 0 0 0 1 1 0 0
1 1 0 0 0 0 1 1 0 0
1 1 1 0 0 0 1 1 0 0
1 1 1 0 0 0 1 1 0 0
0 1 1 0 1 1 1 1 1 1
0 1 1 1 1 0 1 1 0 0
0 1 1 0 0 0 1 1 0 0
0 1 1 0 0 0 1 1 1 1
0 1 1 1 1 1 1 1 1 1
Maze 98
71 40 3.0222222222 2.1900376742 20 0.381338222155626
20 28 47 8 10 22 38 58 45 60 29 55 96 55 45 20
18 27 7 400 2 32 400 55 55 59 25 95 95 400 15
402 402 402 400 402 401 400 401 401 401 402 401 401 400 402
0 1 1 1 1 1 1 1 1 1
0 1 0 0 1 1 1 1 1 2
0 1 0 0 1 1 1 1 1 0
0 1 1 1 1 1 1 1 1 0
0 0 0 0 1 0 1 1 1 0
0 0 0 0 1 1 1 1 1 1
0 0 0 0 1 0 0 0 0 0
0 0 0 0 1 0 0 0 0 0
0 0 0 0 1 0 0 0 0 0
0 0 0 0 1 1 0 0 0 0
Maze 99
119 100 3.6603773585 2.0478918420 147 0.382938881439898
99 92 76 21 49 6 56 89 55 32 75 13 99 31 99 99
400 72 71 41 46 400 86 85 52 72 73 93 91 91 400
400 402 401 401 401 400 401 401 401 401 401 401 401 401 400
0 0 0 0 0 1 0 0 0 0
0 0 1 0 0 1 0 0 0 0
1 0 1 0 0 1 0 0 0 0
1 1 1 0 0 1 0 0 0 0
1 1 1 1 1 1 1 1 1 0
1 1 1 1 1 1 0 0 0 0
1 1 1 0 1 1 0 0 0 0
1 1 1 1 1 1 0 0 0 0
1 1 1 0 1 1 1 1 1 0
1 1 1 1 1 1 1 1 2 0
Maze 100
93 26 3.2692307692 2.1472868302 50 0.381784286981676
37 38 83 27 19 74 26 31 61 3 48 96 97 44 5 37
400 33 23 17 14 24 21 400 1 43 46 400 94 4 35
400 402 402 402 402 402 402 400 402 401 402 400 401 402 401
1 1 1 1 1 0 0 0 0 0
1 0 1 1 1 1 1 1 1 0
1 1 1 1 1 1 1 0 0 0
1 0 1 1 1 1 2 1 0 0
1 0 1 1 1 1 1 1 0 0
1 0 1 1 0 1 0 0 0 0
1 0 1 1 0 1 0 0 0 0
0 0 1 1 0 1 0 0 0 0
0 0 1 1 0 1 0 0 0 0
0 0 0 1 1 1 1 0 0 0
Maze 101
85 357 3.4666666667 2.1561477085 40 0.386462787277099
76 86 86 33 81 55 86 57 21 39 16 27 80 91 54 76
400 400 83 31 51 85 56 51 31 36 26 77 71 51 74
400 400 401 402 402 401 402 401 401 401 401 401 402 402 401
0 0 0 0 0 0 0 0 0 0
0 0 0 0 0 1 0 0 0 0
1 0 0 0 0 1 1 0 0 0
1 1 1 1 1 1 1 1 1 0
1 0 1 0 0 0 1 0 0 0
1 1 1 1 1 1 1 0 0 0
1 0 1 1 1 1 1 0 0 0
1 1 1 1 1 2 1 1 1 1
1 0 1 1 1 1 0 0 0 0
1 0 0 0 0 0 0 0 0 0
Maze 102
79 3 3.3043478261 2.1908691810 16 0.349645553508972
22 62 76 76 64 40 65 55 7 33 44 82 31 87 62 22
400 72 400 74 34 35 400 5 3 43 42 81 81 82 400
400 401 400 401 402 402 400 402 402 401 402 401 401 401 400
0 0 1 1 1 1 1 0 0 0
0 0 1 0 1 0 0 0 0 0
0 2 1 0 1 0 0 0 0 0
1 1 1 1 1 1 1 1 1 1
1 1 1 1 1 0 0 0 0 0
1 1 0 1 1 0 0 0 0 0
1 1 0 1 1 0 0 0 0 0
1 1 1 1 1 1 0 0 0 0
1 1 1 1 1 1 1 0 0 0
0 0 0 0 0 0 0 0 0 0
Maze 103
103 22 3.6444444444 1.9488938116 60 0.386058328977371
83 54 87 65 26 30 97 4 26 85 91 90 63 33 30 83
53 84 85 25 400 27 94 24 25 81 81 83 400 23 23
402 401 401 402 400 402 401 401 402 402 402 401 400 402 402
0 0 0 1 0 0 0 0 0 0
0 0 0 1 0 0 0 0 0 0
0 0 1 1 1 1 1 1 1 1
0 0 1 1 1 0 1 0 0 0
0 0 1 1 1 0 1 0 0 0
0 0 1 1 1 0 1 0 0 0
0 0 1 1 1 0 1 0 0 0
0 0 1 1 1 0 1 0 0 0
1 1 2 1 1 1 1 1 1 1
1 0 0 1 1 1 1 0 0 0
Maze 104
105 1072 2.9677419355 2.1753695252 97 0.412542382811236
98 3 52 37 64 32 46 58 51 60 24 67 20 60 9 98
93 2 32 34 62 42 56 400 400 54 64 17 400 59 8
401 402 402 402 401 401 401 400 400 401 401 402 400 401 402
0 1 1 0 0 0 0 1 1 0
0 1 1 0 0 0 1 1 1 1
0 1 1 1 0 0 1 1 1 1
0 1 1 1 1 1 1 1 1 1
0 1 1 1 1 1 1 1 1 1
1 1 1 1 1 1 1 1 1 1
0 1 1 1 1 1 1 1 0 0
0 0 1 0 0 0 0 1 0 0
0 0 1 0 0 0 0 1 0 0
0 0 1 1 1 1 1 2 0 0
Maze 105
85 359 3.0188679245 2.2667425955 50 0.395805253263183
7 97 84 65 74 26 92 49 35 35 32 45 96 19 25 7
400 94 64 64 24 22 42 45 400 400 42 95 16 15 5
400 401 402 402 402 402 402 401 400 400 401 401 402 402 402
0 0 0 0 1 1 2 0 0 0
0 0 0 0 1 1 1 1 1 0
0 1 1 1 1 1 1 0 0 0
0 1 1 1 1 1 1 0 0 0
0 1 1 1 1 1 1 1 1 0
0 1 0 1 1 1 1 0 0 0
0 1 0 1 1 1 1 0 0 0
0 1 0 1 1 1 1 0 0 0
0 1 0 1 1 1 1 0 0 0
0 1 0 1 1 1 1 0 0 0
Maze 106
75 56 2.6415094340 2.2704006955 26 0.369697135497986
95 81 95 34 14 71 52 36 16 88 77 55 81 90 100 95
91 91 94 400 11 51 32 400 86 87 75 51 400 400 400
401 401 401 400 402 402 402 400 401 401 401 402 400 400 400
0 0 0 0 0 0 0 0 0 0
1 1 1 1 0 1 0 0 0 0
1 0 0 1 0 1 0 0 0 0
1 1 1 1 1 1 0 0 0 0
1 1 0 1 0 1 0 0 0 0
1 1 1 1 1 1 0 0 0 0
1 0 0 1 1 1 0 0 0 0
1 0 0 1 1 1 1 0 0 0
1 1 1 1 1 1 1 1 1 1
1 1 1 1 2 1 1 1 1 1
Maze 107
85 24 3.1020408163 2.1954918145 38 0.363757749982250
57 62 64 75 61 53 91 50 59 65 10 37 8 72 57 57
52 400 74 71 51 51 41 49 55 5 7 7 2 52 400
402 400 401 401 402 402 402 402 402 402 402 402 402 402 400
0 1 1 1 1 1 1 1 1 1
0 1 0 0 1 0 1 0 0 0
0 1 0 0 1 0 1 0 0 0
0 1 0 0 1 0 1 0 0 0
1 1 1 1 1 1 1 1 1 1
1 1 1 1 1 1 2 1 1 0
1 1 1 1 1 0 0 0 0 0
1 1 1 1 1 0 0 0 0 0
1 0 0 0 0 0 0 0 0 0
1 0 0 0 0 0 0 0 0 0
Maze 108
89 36 3.2962962963 2.2313349286 50 0.398912766333539
20 78 28 71 86 63 37 38 64 99 74 59 34 15 26 20
18 400 21 81 83 33 400 34 94 94 54 54 14 25 16
402 400 402 401 401 402 400 402 401 401 402 401 402 401 402
0 0 0 0 0 0 0 0 0 0
0 0 0 1 1 1 1 1 1 2
1 1 1 1 1 1 1 1 0 0
1 0 1 1 1 1 1 1 0 0
1 0 1 1 0 0 0 1 0 0
1 0 1 1 1 1 1 1 1 0
1 0 1 1 0 0 0 1 0 0
1 0 1 1 0 0 0 1 0 0
1 1 1 1 1 1 0 0 0 0
0 0 0 1 1 1 1 1 1 0
Maze 109
109 60 3.5000000000 1.6732644428 65 0.387038257170511
9 7 83 80 82 85 5 33 83 20 53 8 36 86 25 9
400 3 73 72 400 400 3 400 13 13 3 6 400 85 5
400 402 402 402 400 400 402 400 402 402 402 402 400 401 402
0 0 1 1 1 1 1 1 2 0
0 0 1 1 1 1 1 1 1 1
0 0 1 0 1 1 0 0 0 0
0 0 1 0 1 1 0 0 0 0
0 0 1 0 1 1 0 0 0 0
0 0 1 0 1 1 0 0 0 0
0 0 1 0 1 1 0 0 0 0
0 1 1 1 1 1 1 1 1 1
0 1 1 1 1 1 0 0 0 0
0 0 0 0 0 0 0 0 0 0
Maze 110
67 3 3.4705882353 1.9933261918 13 0.373343901046567
29 27 35 40 55 66 25 15 87 38 28 93 74 33 25 29
400 25 400 35 65 65 400 85 37 400 23 73 73 23 400
400 402 400 402 401 401 400 401 402 400 402 402 401 402 400
0 0 0 0 0 0 0 0 0 0
0 0 0 0 1 0 0 0 0 0
0 0 1 1 1 1 1 1 2 0
0 0 1 0 1 1 1 1 1 1
0 0 1 0 1 0 1 0 0 0
0 0 1 0 1 0 1 0 0 0
0 0 1 0 1 1 1 0 0 0
0 0 1 1 1 0 1 0 0 0
0 0 1 0 1 1 1 0 0 0
0 0 1 0 0 0 0 0 0 0
Maze 111
91 36 3.4666666667 2.0271311142 44 0.376062188115944
93 42 64 28 33 35 13 7 12 3 95 25 78 24 37 93
92 62 24 23 400 33 3 2 2 93 400 75 74 34 33
401 401 402 402 400 401 402 402 402 401 400 401 401 401 402
0 1 1 1 1 1 1 0 0 0
0 1 1 0 0 0 0 0 0 0
0 0 1 1 1 1 1 1 0 0
0 0 1 1 1 1 1 0 0 0
0 1 1 1 1 0 0 0 0 0
0 1 1 1 1 0 0 0 0 0
0 1 1 1 1 0 0 0 0 0
0 1 1 1 1 1 1 1 0 0
0 1 1 0 1 0 0 0 0 0
0 1 2 1 1 0 0 0 0 0
Maze 112
71 8 3.1875000000 1.7132653838 20 0.387337656866157
78 54 54 64 13 34 37 38 79 73 80 61 84 13 65 78
74 400 400 63 33 400 400 78 400 400 71 81 83 63 75
401 400 400 401 401 400 400 401 400 400 401 401 401 401 401
0 0 0 0 0 0 0 0 0 0
0 0 1 0 0 0 0 0 0 0
0 0 1 0 0 0 0 0 0 0
0 0 1 1 1 1 1 1 0 0
0 0 1 0 0 0 0 1 0 0
0 0 1 1 0 0 0 1 0 0
1 0 1 1 1 0 0 1 0 0
1 1 1 1 1 1 1 2 1 1
1 1 1 1 0 0 0 0 0 0
0 0 0 0 0 0 0 0 0 0
Maze 113
75 13 2.9200000000 2.2010812680 35 0.400533891363169
27 4 5 63 65 65 74 3 72 82 71 7 25 70 64 27
24 400 3 400 400 64 73 2 400 81 1 5 65 400 24
401 400 402 400 400 402 401 402 400 401 402 402 401 400 402
1 1 1 1 1 1 1 0 0 0
1 1 1 1 1 0 0 0 0 0
1 1 1 1 1 1 2 0 0 0
1 1 1 1 1 0 0 0 0 0
1 1 1 1 1 0 0 0 0 0
1 1 1 1 1 0 0 0 0 0
1 1 1 1 1 1 1 1 1 1
1 1 1 1 0 0 0 0 0 0
1 1 0 0 0 0 0 0 0 0
0 0 0 0 0 0 0 0 0 0
Maze 114
101 181 3.3725490196 2.2069336866 70 0.399844491945618
54 1 46 2 32 91 6 77 77 31 82 97 34 4 57 54
51 41 42 400 31 1 76 400 71 81 92 94 400 54 400
401 401 401 400 402 402 401 400 401 401 401 401 400 401 400
1 1 1 1 1 1 0 0 0 0
1 1 0 1 0 1 0 0 0 0
1 1 0 1 0 1 0 0 0 0
1 1 0 1 0 1 0 0 0 0
1 1 1 1 1 1 0 0 0 0
1 1 1 2 1 1 1 0 0 0
1 0 0 1 0 1 0 0 0 0
1 1 1 1 1 1 1 0 0 0
1 1 0 1 0 0 0 0 0 0
1 1 1 1 1 1 1 0 0 0
Maze 115
91 28 3.2400000000 2.1493700152 50 0.381430028147682
80 45 53 22 53 31 1 7 33 26 16 50 81 57 81 80
75 43 52 52 51 400 400 3 23 400 46 41 51 51 71
401 402 401 401 401 400 400 402 402 400 401 402 402 402 402
1 1 1 1 1 1 1 0 0 0
1 0 1 0 0 1 0 0 0 0
1 1 1 1 1 1 0 0 0 0
1 1 1 0 0 1 0 0 0 0
1 1 1 1 1 1 1 1 1 1
1 1 1 1 1 1 1 0 0 0
1 0 0 0 1 0 0 0 0 0
1 1 1 1 1 1 1 1 1 2
1 0 0 0 0 0 0 0 0 0
0 0 0 0 0 0 0 0 0 0
Maze 116
95 163 3.9090909091 2.0424812504 66 0.377133308036962
76 60 73 73 74 60 18 65 9 57 67 32 69 7 40 76
56 53 400 400 54 58 15 5 7 400 62 62 67 37 36
402 402 400 400 402 401 402 402 402 400 401 401 401 401 402
0 0 0 0 1 1 1 1 1 0
0 0 0 0 1 1 1 1 0 0
0 0 0 0 1 0 1 1 0 0
0 1 0 0 1 1 1 1 1 1
0 1 0 0 1 1 1 1 0 0
0 1 1 1 1 1 1 1 1 1
0 1 1 1 1 1 1 1 1 0
0 0 1 1 0 2 0 0 0 0
0 0 0 0 0 0 0 0 0 0
0 0 0 0 0 0 0 0 0 0
Maze 117
105 906 3.2459016393 2.2814183635 99 0.377361182381237
49 74 60 61 32 39 26 99 48 57 9 24 89 61 50 49
44 54 51 31 400 36 96 98 47 7 4 84 81 41 400
402 402 402 402 400 401 401 401 402 402 402 401 401 402 400
0 0 0 1 1 1 1 1 1 0
0 0 0 1 0 0 1 0 0 0
0 0 0 1 0 1 1 0 0 0
1 1 1 1 1 1 1 1 1 0
1 1 1 1 1 1 1 1 2 1
1 1 1 1 1 1 1 1 1 1
1 0 0 1 0 1 0 1 0 0
1 0 0 1 0 1 0 1 0 0
1 1 1 1 1 1 1 1 1 0
0 0 0 0 0 1 1 1 1 0
Maze 118
91 13 2.8000000000 2.3274120741 45 0.372129170904350
20 47 90 30 98 98 85 11 87 74 54 71 35 63 25 20
17 87 400 28 400 95 81 81 84 400 51 31 33 23 15
402 401 400 402 400 401 401 401 401 400 402 402 402 402 402
0 0 0 0 0 0 0 0 0 0
1 0 0 0 1 1 1 1 1 2
1 0 1 1 1 0 1 1 1 1
1 1 1 1 1 0 1 1 0 1
1 0 1 0 0 0 1 1 0 1
1 1 1 1 0 0 1 1 0 1
1 0 1 1 0 0 1 1 0 1
1 0 0 1 0 0 1 1 0 1
1 1 1 1 1 1 1 1 1 1
0 0 0 0 1 1 1 1 0 0
Maze 119
101 70 2.9824561404 2.1584783329 46 0.385817521554874
95 24 52 11 94 31 70 64 24 16 100 27 53 62 91 95
94 22 51 91 91 61 400 400 14 96 97 23 52 61 400
401 402 401 401 401 401 400 400 402 401 401 402 402 402 400
0 0 0 0 0 0 0 0 0 0
1 0 0 1 1 1 0 0 0 0
1 1 1 1 1 1 1 0 0 0
1 1 1 1 0 1 1 0 0 0
1 1 1 1 0 1 1 0 0 0
1 1 1 1 0 1 1 0 0 0
1 1 1 1 1 1 1 1 1 1
1 0 0 1 0 1 1 0 0 0
1 0 0 1 0 1 1 0 0 0
1 1 1 1 2 1 1 1 1 1
Maze 120
77 15 2.8235294118 2.3087865175 30 0.381637985779459
45 51 99 85 92 2 34 5 6 76 75 59 76 41 51 45
41 91 95 82 400 32 4 400 400 400 55 56 71 400 41
402 401 401 402 400 401 402 400 400 400 402 402 401 400 402
0 1 0 1 1 1 0 0 0 0
0 1 0 1 0 1 0 0 0 0
0 1 0 1 0 1 0 0 0 0
0 1 1 1 0 1 0 0 0 0
1 1 1 1 2 1 0 0 0 0
1 1 0 0 1 1 1 1 1 0
1 1 0 0 1 1 0 0 0 0
1 1 1 1 1 1 0 0 0 0
1 1 1 1 1 0 0 0 0 0
1 1 1 1 1 1 1 1 1 0
Maze 121
103 538 2.7878787879 2.2340692958 51 0.396009860055891
41 28 60 42 50 48 36 90 9 87 81 28 6 10 41 41
21 58 52 400 400 46 86 89 7 400 21 26 400 1 400
402 401 401 400 400 401 401 401 402 400 402 401 400 402 400
1 1 1 1 1 1 1 1 1 1
1 0 0 0 0 1 1 0 1 0
1 1 1 1 1 1 1 1 1 0
1 0 0 0 0 1 1 1 1 0
2 1 1 1 1 1 1 1 1 1
1 1 1 1 1 1 1 1 1 1
1 0 0 0 0 1 1 0 1 0
1 0 0 0 0 1 1 0 1 0
1 1 1 1 1 1 1 1 1 1
0 0 0 0 0 0 0 0 0 0
Maze 122
93 21 2.8813559322 2.2261530853 44 0.398681702148034
6 24 8 72 42 46 51 89 20 30 67 34 20 54 46 6
4 4 2 400 400 41 81 19 400 27 64 14 14 44 400
402 402 402 400 400 402 401 402 400 402 401 402 402 402 400
0 1 1 1 1 2 1 1 0 0
0 1 0 1 1 1 1 1 1 1
0 1 0 1 0 1 1 1 1 1
0 1 0 1 0 1 1 0 1 0
1 1 1 1 1 1 1 0 1 0
1 1 0 1 0 0 1 0 1 0
1 1 0 1 1 1 1 0 1 0
1 1 0 0 0 0 0 0 1 0
1 1 1 1 1 1 1 1 1 0
0 0 0 0 0 0 0 0 0 0
Maze 123
83 4 3.4347826087 2.1710669416 23 0.395251499714542
27 83 78 91 11 11 61 82 86 73 15 57 37 100 98 27
23 73 71 400 400 400 81 400 83 13 55 400 97 400 97
402 402 402 400 400 400 401 400 401 402 401 400 401 400 401
0 0 0 0 0 0 0 0 0 0
1 0 1 1 1 0 0 0 0 0
1 0 1 1 1 1 2 0 0 0
1 0 1 0 1 0 1 0 0 0
1 0 1 0 1 0 1 0 0 0
1 0 1 0 1 1 1 0 0 0
1 0 1 0 0 0 1 0 0 0
1 1 1 1 1 1 1 1 0 0
1 1 1 1 1 1 1 0 0 0
1 0 0 0 0 0 1 1 1 1
Maze 124
111 46 3.0606060606 2.3527027232 112 0.403600327808215
10 31 57 71 54 13 52 98 30 85 46 30 67 11 8 10
1 51 51 51 53 12 92 28 25 45 26 27 61 1 400
402 401 402 402 401 402 401 402 402 402 402 402 401 402 400
1 1 1 1 1 1 1 1 1 2
1 1 1 0 0 0 0 0 0 0
1 1 1 0 1 1 1 1 1 1
1 1 1 0 1 1 1 1 0 0
1 1 1 0 1 1 1 1 0 0
1 1 1 1 1 1 1 1 0 0
1 1 1 1 1 1 1 1 0 0
1 1 0 0 1 0 0 1 0 0
0 1 0 0 1 0 0 1 0 0
0 1 1 1 1 1 1 1 0 0
Maze 125
129 2 3.4117647059 1.8889551395 158 0.387076477785395
13 81 32 30 48 44 29 73 67 1 97 31 19 13 91 13
11 31 22 28 400 24 23 63 61 91 91 11 400 11 11
402 402 402 402 400 402 402 402 401 401 401 402 400 402 402
1 0 0 0 0 0 0 0 0 0
1 1 2 1 1 1 1 1 1 0
1 1 1 1 1 1 1 1 1 1
1 1 1 1 0 0 0 1 0 0
1 0 1 1 1 1 1 1 0 0
1 0 1 0 0 0 0 0 0 0
1 1 1 1 1 1 1 0 0 0
1 0 1 0 0 0 0 0 0 0
1 0 0 0 0 0 0 0 0 0
1 1 1 1 1 1 1 0 0 0
Maze 126
85 3 3.2857142857 1.9997348558 39 0.379418593296445
1 44 55 21 47 46 49 26 81 82 87 51 71 80 73 1
41 54 51 41 400 400 46 21 400 400 81 400 400 400 71
401 401 401 401 400 400 401 402 400 400 401 400 400 400 401
2 0 0 0 0 0 0 0 0 0
1 0 0 0 0 0 0 0 0 0
1 1 1 1 1 1 0 0 0 0
1 0 0 0 0 1 0 0 0 0
1 1 1 1 1 1 1 1 1 0
1 1 1 1 1 0 0 0 0 0
1 0 0 0 0 0 0 0 0 0
1 1 1 1 1 1 1 1 1 1
1 1 1 1 1 1 1 0 0 0
0 0 0 0 0 0 0 0 0 0
Maze 127
131 354 3.3134328358 2.1093212446 146 0.404758746795452
10 30 3 17 43 48 85 92 9 74 27 100 52 8 96 10
400 23 13 13 400 45 82 2 4 24 97 92 2 6 6
400 401 401 402 400 402 402 402 402 402 401 401 402 402 402
0 1 1 1 1 1 1 1 1 2
0 1 1 1 1 1 1 0 0 1
0 1 1 1 1 1 1 1 1 1
0 1 1 1 0 1 1 0 0 0
0 1 1 1 1 1 1 1 0 0
0 1 0 1 1 1 1 0 0 0
0 1 0 1 1 1 1 0 0 0
0 1 0 1 1 1 1 0 0 0
0 1 1 1 1 1 1 0 0 0
0 1 1 1 1 1 1 1 1 1
Maze 128
109 3006 3.2380952381 2.3952001343 91 0.386864701873078
98 91 5 20 20 26 70 15 78 1 37 59 71 74 48 98
400 1 15 400 16 66 65 75 71 31 57 51 400 44 400
400 402 401 400 402 401 401 401 401 401 401 402 400 402 400
1 1 1 1 1 0 0 0 0 0
1 0 0 0 1 1 1 1 1 1
1 0 0 0 1 1 0 0 0 0
1 1 1 1 1 1 1 0 0 0
1 0 0 1 1 1 1 1 0 0
1 1 1 1 1 1 1 1 1 0
1 0 0 1 1 1 1 1 1 1
1 1 1 1 1 1 1 1 0 0
1 0 0 0 0 0 0 1 0 0
1 1 1 1 1 1 1 2 0 0
Maze 129
113 934 3.6000000000 2.2310192571 92 0.396795402421910
13 5 73 26 100 24 92 76 71 86 47 84 60 64 91 13
3 3 23 96 94 22 72 400 81 46 44 54 54 61 11
402 402 402 401 401 402 402 400 401 402 402 402 402 402 402
0 0 1 1 1 0 0 0 0 0
1 1 2 0 0 0 0 0 0 0
1 1 1 1 1 1 0 0 0 0
1 1 1 1 0 1 0 0 0 0
1 1 1 1 1 1 1 0 0 0
1 1 1 1 1 1 1 1 1 1
1 1 1 1 0 1 0 0 0 0
1 1 1 1 1 1 0 0 0 0
1 1 1 1 1 1 0 0 0 0
1 1 0 1 1 1 1 1 1 1
Maze 130
93 6 3.8000000000 1.8160722538 32 0.406706898493133
32 3 12 37 94 35 33 46 49 43 100 74 23 50 11 32
2 2 32 34 34 400 43 400 400 93 94 73 43 41 31
402 402 401 402 402 400 401 400 400 401 401 401 401 401 401
0 1 1 0 0 0 0 0 0 0
1 1 0 0 0 0 0 0 0 0
1 1 1 0 0 0 0 0 0 0
1 2 1 1 1 1 1 0 0 0
1 1 1 1 1 1 1 1 1 1
0 0 1 1 0 0 0 0 0 0
0 0 1 1 0 0 0 0 0 0
0 0 1 1 0 0 0 0 0 0
0 0 1 1 0 0 0 0 0 0
0 0 1 1 1 1 1 1 1 1
Maze 131
77 14 2.7777777778 2.2433568690 35 0.370870147397214
75 93 63 52 87 43 51 69 66 38 8 22 28 49 15 75
73 400 62 82 83 41 61 400 36 400 2 400 48 45 400
402 400 401 401 401 402 401 400 402 400 402 400 401 401 400
0 1 1 1 1 1 1 1 0 0
0 1 0 0 1 0 0 1 0 0
0 1 1 1 1 1 1 1 0 0
0 0 0 0 1 1 1 1 0 0
1 1 1 0 1 1 1 1 1 0
1 1 1 0 1 1 0 0 0 0
1 1 1 1 1 1 1 1 1 0
0 1 1 1 2 0 0 0 0 0
0 1 1 1 1 1 1 0 0 0
0 0 1 0 0 0 0 0 0 0
Maze 132
89 358 2.7777777778 2.0183324481 56 0.379083079937606
47 89 78 79 14 91 90 79 53 27 17 31 37 48 13 47
87 88 400 74 11 81 89 73 23 400 11 400 47 43 43
401 401 400 401 402 402 401 401 402 400 402 400 401 401 401
0 0 0 0 0 0 0 0 0 0
1 1 1 1 1 1 1 0 0 0
1 0 1 1 1 1 1 0 0 0
1 1 1 1 1 1 1 0 0 0
1 0 1 1 1 1 2 1 0 0
1 0 1 1 0 0 1 0 0 0
1 0 1 1 0 0 1 0 0 0
1 0 1 1 1 1 1 1 1 0
1 1 1 1 1 1 1 1 1 1
1 0 0 0 0 0 0 0 0 0
Maze 133
95 115 3.6363636364 2.0218657103 58 0.394295416634613
84 29 92 52 21 56 37 77 62 84 62 81 27 78 37 84
24 22 400 51 51 36 400 72 82 82 61 21 77 77 34
402 402 400 401 401 402 400 401 401 401 402 402 401 401 402
0 0 0 0 0 0 0 0 0 0
0 0 0 0 0 0 0 0 0 0
1 1 1 1 1 1 1 1 1 0
1 1 0 1 1 1 1 0 0 0
1 1 0 1 0 1 1 0 0 0
1 1 1 1 1 1 1 0 0 0
1 1 0 1 0 0 1 0 0 0
1 1 1 1 1 1 1 1 0 0
1 1 1 2 0 0 0 0 0 0
0 1 0 0 0 0 0 0 0 0
Maze 134
99 1432 2.9375000000 2.3668198968 64 0.380845193793105
45 81 63 61 59 6 94 11 23 72 5 89 19 29 34 45
41 61 400 51 56 4 91 21 22 2 85 400 400 24 44
402 402 400 402 401 402 401 401 402 402 401 400 400 402 401
0 1 1 1 1 1 0 0 0 0
1 1 0 1 1 1 0 0 1 0
1 1 1 1 1 1 1 1 1 0
1 1 0 1 1 1 0 0 1 0
1 1 1 1 2 1 0 0 1 0
1 1 1 1 1 1 1 1 1 0
1 1 1 1 1 0 0 0 1 0
1 1 0 1 1 0 0 0 1 0
1 0 0 1 1 1 1 1 1 0
1 1 1 1 0 0 0 0 0 0
Maze 135
97 337 3.3962264151 2.1196431912 77 0.388450109591309
30 73 92 94 46 64 90 16 57 95 37 2 5 47 64 30
23 72 400 44 44 84 86 56 55 35 32 400 45 44 24
402 402 400 402 402 401 401 401 402 402 401 400 401 402 402
0 1 1 1 1 0 0 0 0 0
0 1 0 0 1 1 0 0 0 0
0 1 1 1 1 1 1 1 1 2
0 1 1 1 1 1 1 0 0 0
0 0 1 1 1 1 1 0 0 0
0 0 1 1 1 1 1 0 0 0
0 0 1 1 1 1 0 0 0 0
0 1 1 1 1 1 0 0 0 0
0 1 0 1 1 1 1 1 1 1
0 1 1 1 1 0 0 0 0 0
Maze 136
81 10 2.7017543860 2.2556622181 35 0.359624703647972
67 50 39 76 68 80 7 38 95 87 51 15 62 62 94 67
47 49 36 66 78 77 37 35 85 81 11 12 400 92 64
402 401 402 402 401 401 401 402 402 401 402 402 400 401 402
0 0 0 0 0 0 1 0 0 0
1 1 1 1 1 0 1 0 0 0
1 1 0 0 0 0 1 0 0 0
1 1 0 0 1 1 1 1 1 0
1 1 0 0 1 1 1 1 1 1
1 1 0 0 1 1 1 0 0 0
1 1 0 1 1 1 2 1 0 0
1 1 0 1 1 1 1 1 1 1
1 1 1 1 1 1 1 0 0 0
0 1 1 1 1 0 0 0 0 0
Maze 137
91 168 3.3725490196 2.2712262506 56 0.412585475607282
23 34 45 91 47 25 16 99 33 76 5 40 18 25 42 23
33 44 41 41 45 15 96 93 73 75 35 38 15 22 22
401 401 402 402 401 402 401 401 401 401 401 401 402 402 402
0 0 0 0 1 0 0 0 0 0
0 0 0 0 1 1 1 1 0 0
0 1 2 1 1 1 0 1 0 0
0 1 1 1 1 1 1 1 1 1
1 1 1 1 1 1 1 0 0 0
1 0 1 0 1 1 0 0 0 0
1 0 1 0 1 1 0 0 0 0
1 0 1 1 1 1 0 0 0 0
1 0 1 0 0 1 0 0 0 0
1 0 1 1 1 1 1 1 1 0
Maze 138
107 1097 3.2203389831 2.2064881934 98 0.381753750687572
23 85 26 5 11 69 39 1 89 64 21 46 64 37 30 23
83 25 25 1 61 400 31 81 84 61 41 44 34 27 400
401 402 401 402 401 400 401 401 401 401 401 402 402 402 400
1 1 1 1 1 0 0 0 0 0
1 0 0 0 1 0 0 0 0 0
1 0 2 1 1 1 1 1 1 1
1 1 1 1 1 1 1 1 1 0
1 1 1 1 1 1 0 0 1 0
1 0 1 1 1 0 0 0 1 0
1 1 1 1 1 1 1 1 1 0
1 0 1 1 1 0 0 0 0 0
1 1 1 1 1 1 1 1 1 0
0 0 0 0 0 0 0 0 0 0
Maze 139
87 119 3.2500000000 2.0720409095 50 0.371499380799921
70 89 74 55 95 26 96 9 34 14 66 19 87 79 87 70
69 84 54 400 25 400 6 4 400 64 16 17 77 77 67
402 401 402 400 402 400 402 402 400 401 402 402 402 402 402
0 0 0 1 1 1 1 1 1 0
0 0 0 1 0 1 1 1 1 0
0 0 0 1 1 1 1 0 0 0
0 0 0 1 1 1 1 0 0 0
0 0 0 1 1 1 1 0 0 0
0 0 0 1 1 1 1 0 0 0
0 0 0 1 1 1 1 1 1 2
0 0 0 1 1 1 1 1 1 0
0 0 0 1 1 1 1 1 1 0
0 0 0 0 1 1 0 0 0 0
Maze 140
93 369 3.5121951220 1.7895467512 45 0.377059236113975
60 37 14 72 77 39 66 2 66 22 36 3 84 64 76 60
57 34 12 400 37 36 62 62 62 32 33 83 400 74 56
401 401 402 400 402 402 401 401 401 401 401 401 400 401 402
0 1 1 0 0 0 0 0 0 0
0 1 1 1 0 0 0 0 0 0
0 1 1 1 0 0 0 0 0 0
0 1 1 1 1 1 1 1 1 0
0 1 1 0 0 1 1 0 0 0
0 1 1 0 0 1 1 1 1 2
0 1 1 1 1 1 1 0 0 0
0 1 1 1 1 1 1 0 0 0
0 0 1 1 0 0 0 0 0 0
0 0 0 0 0 0 0 0 0 0
Maze 141
85 22 3.4358974359 1.8571756651 32 0.393528307774700
13 35 77 43 68 46 98 96 13 94 100 63 64 15 17 13
33 75 73 63 66 96 400 93 93 400 93 400 14 400 400
401 401 401 401 401 401 400 401 401 400 401 400 402 400 400
0 0 0 0 0 0 0 0 0 0
0 0 2 1 1 1 1 0 0 0
0 0 1 1 0 0 0 0 0 0
0 0 1 1 1 0 0 0 0 0
0 0 1 1 1 1 0 0 0 0
0 0 1 1 1 1 0 0 0 0
0 0 1 1 1 1 1 1 0 0
0 0 1 1 1 1 1 0 0 0
0 0 1 0 0 1 0 0 0 0
0 0 1 1 1 1 1 1 1 1
Maze 142
99 54 3.2083333333 1.9513479019 51 0.367449487396245
50 4 45 100 69 49 5 61 1 48 53 55 50 89 84 50
44 44 95 99 400 45 1 400 41 43 400 45 49 400 44
401 401 401 401 400 401 402 400 401 402 400 402 402 400 402
1 1 1 1 1 0 0 0 0 0
1 0 0 1 1 0 0 0 0 0
1 0 0 1 1 0 0 0 0 0
1 0 0 1 1 0 0 0 0 0
1 1 1 1 1 1 1 1 1 2
1 0 1 1 1 0 0 0 1 0
1 0 0 1 1 0 0 0 1 0
0 0 0 1 1 0 0 0 1 0
0 0 0 1 1 1 1 1 1 0
0 0 0 0 1 1 1 1 1 1
Maze 143
91 102 3.3600000000 2.1740246732 50 0.387863885057512
82 43 47 19 72 24 63 19 88 66 56 89 80 19 69 82
42 400 17 12 22 23 13 18 86 400 86 79 79 400 62
402 400 402 402 402 402 402 402 401 400 401 402 401 400 402
0 0 0 0 0 0 0 0 0 0
0 1 1 1 1 1 1 1 1 0
0 1 1 1 0 0 1 1 1 0
0 1 1 0 0 0 1 1 1 0
0 1 1 1 1 1 1 1 1 0
0 1 1 0 0 1 0 1 1 0
0 1 1 1 1 1 1 1 1 0
0 1 0 0 0 1 0 1 1 1
0 2 0 0 0 1 1 1 1 0
0 0 0 0 0 0 0 0 0 0
Maze 144
85 334 3.0566037736 2.2525737094 45 0.378971950235308
69 35 68 77 91 31 66 56 64 20 20 6 73 46 7 69
65 65 67 71 400 61 400 54 14 400 16 3 43 6 67
401 401 402 402 400 401 400 402 402 400 401 402 402 402 401
0 0 1 1 1 1 1 0 0 0
0 0 1 1 1 1 1 1 1 1
0 0 1 1 0 1 1 0 0 0
1 0 1 1 1 1 1 0 0 0
1 0 1 1 1 1 1 0 0 0
1 0 1 1 1 1 1 0 0 0
1 1 1 1 1 1 1 1 2 0
1 1 1 1 1 1 1 0 0 0
1 0 0 0 0 0 0 0 0 0
1 0 0 0 0 0 0 0 0 0
Maze 145
97 490 2.7076923077 2.3749119405 55 0.382156633151175
89 1 16 87 96 52 9 74 52 65 74 52 83 59 100 89
81 11 86 86 92 2 4 72 62 64 72 82 53 99 99
401 401 401 402 401 402 402 401 401 402 401 401 402 401 401
1 1 1 1 1 1 1 1 1 0
1 1 1 1 1 1 0 0 0 0
1 1 0 1 0 1 0 0 0 0
1 1 0 1 0 1 0 0 0 0
1 1 0 1 0 1 0 0 0 0
1 1 1 1 1 1 1 1 1 0
1 1 1 1 1 1 0 0 1 0
1 1 1 1 0 1 0 0 1 0
1 1 1 1 1 1 1 1 2 0
0 1 1 1 1 1 0 0 1 1
Maze 146
99 22 3.5471698113 2.2421410072 71 0.403359902609477
24 51 98 71 5 85 39 67 96 36 80 78 55 3 31 24
21 91 91 1 400 35 37 66 400 76 400 75 53 1 21
402 401 401 402 400 402 402 402 400 401 400 401 401 402 402
1 1 1 1 1 0 0 0 0 0
1 0 1 0 1 0 0 0 0 0
1 1 1 2 1 0 0 0 0 0
1 0 1 0 1 1 1 1 1 0
1 0 1 0 1 1 1 0 0 0
1 0 1 1 1 1 1 0 0 0
1 0 0 0 1 1 1 0 0 0
1 0 0 0 1 1 1 1 1 1
1 0 0 0 1 1 0 0 0 0
1 1 1 1 1 1 1 1 0 0
Maze 147
81 469 2.7407407407 2.2224907149 35 0.382497176925180
18 88 27 47 54 39 41 21 63 95 18 59 69 33 33 18
400 87 400 44 34 31 400 61 93 15 58 400 63 400 13
400 401 400 402 402 402 400 401 401 402 401 400 401 400 402
0 0 0 0 0 0 0 0 0 0
0 0 1 1 1 1 1 2 0 0
1 0 1 0 1 0 1 1 0 0
1 1 1 1 1 1 1 1 1 0
1 0 1 1 1 1 1 1 0 0
1 0 1 1 1 0 1 1 1 0
1 1 1 1 1 1 1 1 1 0
0 0 1 0 1 0 1 1 0 0
0 0 1 0 1 0 1 1 0 0
0 0 1 1 1 0 0 0 0 0
Maze 148
99 6 3.8048780488 1.8651989032 64 0.387413065087374
77 73 90 24 55 73 79 74 74 89 3 87 26 57 19 77
400 83 84 54 53 400 400 400 84 83 83 86 56 17 17
400 401 401 401 402 400 400 400 401 401 401 401 401 402 402
0 0 1 0 0 0 0 0 0 0
0 0 1 0 0 0 1 1 1 0
0 0 1 1 0 1 1 0 0 0
0 0 1 1 0 1 1 0 0 0
0 0 1 1 0 1 1 0 0 0
0 0 1 1 1 1 1 0 0 0
0 0 1 1 0 1 1 0 0 0
0 0 1 1 1 1 2 1 1 0
0 0 1 1 1 1 1 1 1 1
0 0 0 0 0 0 0 0 0 0
Maze 149
89 48 2.9629629630 2.1939256689 56 0.377209679820773
48 88 67 27 39 87 60 46 14 96 10 28 77 41 62 48
400 87 400 37 37 57 56 44 94 6 8 27 71 61 42
400 401 400 401 402 402 401 401 401 402 402 402 401 401 402
0 0 0 0 0 1 1 1 1 1
0 0 0 1 0 1 0 1 0 0
0 0 0 1 0 1 1 1 0 0
0 0 0 1 0 1 1 1 1 0
1 1 1 1 1 1 1 2 0 0
1 1 0 1 0 1 1 1 1 1
1 1 0 1 0 1 1 1 0 0
1 1 1 1 1 1 1 1 0 0
0 0 0 1 0 1 1 1 0 0
0 0 0 1 1 1 0 0 0 0
Maze 150
115 367 3.4901960784 1.9305208340 141 0.389053625717440
29 14 55 81 78 36 87 13 26 91 86 22 27 58 91 29
24 54 51 71 76 86 83 23 21 81 82 400 57 51 21
401 401 402 402 401 401 401 401 402 402 401 400 401 402 402
0 0 0 0 0 0 0 0 0 0
0 0 1 1 0 0 0 0 0 0
1 1 1 1 1 1 1 1 2 0
1 1 1 1 0 1 1 0 0 0
1 1 1 1 0 1 1 0 0 0
1 1 1 1 1 1 1 1 0 0
1 1 1 0 0 1 0 0 0 0
1 1 1 1 1 1 1 1 0 0
1 1 1 1 1 1 1 0 0 0
1 0 0 0 0 0 0 0 0 0
Maze 151
95 125 3.0163934426 2.3502969440 71 0.372631979099215
99 56 60 39 70 85 43 49 48 64 82 88 14 61 5 99
96 400 59 69 65 83 400 400 44 62 400 84 11 1 95
401 400 401 401 402 401 400 400 402 402 400 401 402 402 401
1 1 1 1 1 0 0 0 0 0
1 1 1 1 1 0 0 0 0 0
1 0 0 1 1 0 0 0 0 0
1 0 0 1 1 0 0 0 1 0
1 0 1 1 1 1 1 1 1 0
1 0 1 1 1 1 1 1 1 1
1 1 1 1 1 1 1 1 1 1
0 1 1 1 1 1 0 0 0 0
0 1 1 1 1 1 1 1 0 0
0 0 0 0 1 1 1 1 2 0
Maze 152
81 7 3.1363636364 1.9913604401 30 0.376348003015997
68 90 70 22 33 36 94 21 21 41 95 37 52 12 34 68
88 400 62 32 400 34 91 400 400 91 35 32 400 32 64
401 400 401 401 400 402 401 400 400 401 402 402 400 401 401
0 0 0 0 0 0 0 0 0 0
0 1 0 0 0 0 0 0 0 0
1 1 0 0 0 0 0 0 0 0
1 1 1 1 1 1 1 0 0 0
1 1 0 1 1 0 0 0 0 0
1 1 0 1 1 0 0 0 0 0
1 1 1 1 1 1 1 2 1 1
1 0 0 1 1 0 0 1 0 1
1 0 0 1 1 0 0 1 1 1
1 1 1 1 1 0 0 0 0 0
Maze 153
101 168 3.2131147541 2.2829168527 84 0.393654166271863
75 61 20 2 58 23 37 80 59 98 28 33 13 70 55 75
71 11 12 52 53 33 77 79 58 400 23 400 63 65 400
401 402 401 401 401 401 401 401 402 400 402 400 401 401 400
0 1 0 0 0 0 0 0 0 0
1 1 1 1 1 1 1 1 1 1
1 1 1 1 1 1 1 1 0 0
1 1 1 1 1 1 1 1 0 0
1 1 1 0 0 0 1 1 0 0
1 1 1 1 1 1 1 1 1 0
1 0 1 1 1 1 1 1 1 1
1 1 1 1 2 0 1 1 1 1
0 0 0 0 0 0 0 1 0 0
0 0 0 0 0 0 0 1 0 0
Maze 154
101 430 3.4800000000 2.1048243521 71 0.403552814687693
5 54 48 66 44 99 22 76 95 36 86 72 79 96 70 5
4 44 46 64 94 92 72 75 35 400 82 400 76 66 65
402 402 402 401 401 401 401 402 402 400 401 400 402 402 401
0 0 0 1 2 0 0 0 0 0
0 0 0 1 1 0 0 0 0 0
0 1 0 1 1 0 0 0 0 0
0 1 0 1 1 1 0 0 0 0
0 1 0 1 1 1 1 1 0 0
0 1 0 1 1 1 0 0 0 0
0 1 0 1 1 1 1 1 1 1
0 1 1 1 1 1 1 1 1 0
0 1 1 1 1 1 0 0 0 0
0 1 1 1 1 1 1 1 1 0
Maze 155
81 81 2.8928571429 2.3233028506 35 0.373765147720905
21 60 9 77 99 85 55 26 30 56 23 77 24 13 23 21
51 59 7 97 95 400 25 400 26 53 73 74 23 400 400
401 401 402 401 401 400 402 400 402 401 401 401 401 400 400
0 0 0 0 0 0 1 1 1 0
0 0 1 0 0 0 1 0 1 0
2 1 1 1 1 1 1 1 1 1
1 0 1 1 1 1 1 0 1 0
1 0 1 1 1 1 1 0 1 0
1 1 1 1 1 1 1 1 1 1
0 0 1 1 1 0 1 0 0 0
0 0 1 1 1 1 1 0 0 0
0 0 0 0 1 0 1 0 0 0
0 0 0 0 1 1 1 1 1 0
Maze 156
97 39 3.0769230769 2.0080830232 77 0.379532860528196
16 64 50 89 95 80 84 24 74 15 92 54 16 70 29 16
14 44 49 85 75 74 400 400 14 12 52 14 66 69 26
402 402 402 402 402 402 400 400 402 402 402 402 401 401 401
0 0 0 0 0 0 0 0 0 0
0 1 1 1 1 2 0 0 0 0
0 1 0 1 0 1 1 1 1 0
0 1 0 1 0 1 0 0 1 0
0 1 0 1 1 1 1 1 1 1
0 1 1 1 0 1 0 0 1 0
0 1 0 1 0 1 1 1 1 1
0 1 0 1 1 1 1 1 1 1
0 1 0 1 1 1 1 1 1 0
0 1 0 0 1 0 0 0 0 0
Maze 157
89 54 2.8928571429 2.1090700010 40 0.376897939497625
68 80 52 92 91 22 30 42 97 95 69 35 93 88 80 68
78 72 400 400 21 400 22 92 400 65 65 33 83 78 78
401 401 400 400 402 400 402 401 400 402 401 402 402 402 401
0 0 0 0 0 0 0 0 0 0
0 0 0 0 0 0 0 0 0 0
1 1 1 1 1 1 1 1 1 1
1 1 1 1 1 0 0 0 0 0
1 1 1 0 1 0 0 0 0 0
1 1 1 0 1 0 0 0 0 0
1 1 1 0 1 1 1 2 1 0
1 1 1 1 1 1 1 1 1 1
1 1 1 1 1 1 1 1 0 0
1 1 1 1 1 1 1 0 0 0
Maze 158
99 23 3.2765957447 1.9147952737 36 0.378019594899176
55 82 63 99 86 100 43 8 98 72 19 18 15 16 93 55
52 62 93 96 96 93 3 400 92 12 400 400 400 13 53
402 402 401 401 401 401 402 400 401 402 400 400 400 402 402
0 0 1 1 1 1 1 1 0 0
0 1 1 1 1 1 1 1 1 0
0 1 1 0 0 0 0 1 0 0
0 1 1 0 0 0 0 1 0 0
0 1 1 0 0 0 0 1 0 0
0 1 1 1 2 0 0 1 0 0
0 1 1 0 0 0 0 1 0 0
0 1 1 0 0 0 0 1 0 0
0 1 1 0 0 1 0 1 0 0
0 1 1 1 1 1 1 1 1 1
Maze 159
101 73 2.9615384615 1.8479338620 71 0.403600084525606
6 49 53 40 87 92 75 65 91 49 87 93 72 13 50 6
46 43 33 37 82 72 400 61 41 47 83 92 12 43 46
401 402 402 402 402 402 400 402 402 402 402 401 402 401 401
0 0 0 0 0 2 0 0 0 0
0 1 1 0 0 1 0 0 0 0
0 1 1 0 0 1 0 0 0 0
0 1 1 1 1 1 1 1 1 1
1 1 1 1 1 1 1 1 1 1
1 1 1 0 0 0 1 0 0 0
1 1 1 1 1 0 1 0 0 0
1 1 1 1 1 0 1 0 0 0
1 1 1 1 1 1 1 0 0 0
1 1 1 0 0 0 0 0 0 0
Maze 160
103 136 2.7878787879 2.3187563008 65 0.395582443658506
91 39 99 43 66 23 18 45 69 37 67 3 9 30 54 91
31 400 93 63 63 13 15 65 67 400 63 400 29 24 51
402 400 401 401 401 402 402 401 401 400 401 400 401 402 402
0 0 1 1 1 1 1 1 1 0
0 0 1 1 1 1 1 1 1 0
0 0 1 1 1 1 1 1 1 1
1 1 1 1 1 1 1 1 1 0
1 0 1 1 1 0 1 0 1 0
1 1 1 1 1 0 1 0 1 0
1 0 1 1 1 1 1 1 1 0
1 0 1 0 0 0 0 0 1 0
1 0 1 0 0 0 0 0 1 0
2 0 1 1 1 1 1 1 1 0
Maze 161
121 345 3.5873015873 2.2109878094 139 0.390227182783742
50 5 60 96 89 43 24 35 91 17 63 30 4 88 18 50
45 55 56 86 83 23 34 31 11 13 23 24 84 400 48
401 401 402 402 401 402 401 402 402 402 402 401 401 400 401
0 0 0 1 1 0 0 0 0 0
1 1 1 1 1 1 1 1 0 0
1 0 1 1 1 1 1 1 1 1
1 1 1 1 1 0 0 1 0 0
1 0 1 1 1 1 1 1 1 2
1 0 1 1 1 1 1 1 1 1
1 0 1 1 0 1 0 1 0 0
1 0 1 1 0 1 0 1 0 0
1 0 1 1 1 1 1 1 1 0
1 0 0 0 0 1 0 0 0 0
Maze 162
77 4 2.6666666667 2.0516762731 14 0.391781748691390
38 87 38 97 94 90 88 17 30 20 60 77 80 72 16 38
37 37 37 400 84 400 87 27 400 400 57 400 400 12 36
402 402 402 400 402 400 401 401 400 400 402 400 400 402 401
0 0 0 0 0 0 0 0 0 0
0 1 1 1 1 1 1 0 0 1
0 1 0 0 0 1 1 1 1 1
0 1 0 0 0 1 1 2 0 1
0 1 0 0 0 0 1 0 0 1
0 1 0 0 0 0 1 1 1 1
0 1 0 0 0 0 1 0 0 0
0 1 1 1 1 1 1 1 1 1
0 0 0 1 1 1 1 1 1 1
0 0 0 1 1 1 1 0 0 0
Maze 163
87 214 3.2765957447 2.1025120994 45 0.371652452571497
13 5 34 97 57 99 53 90 7 6 25 83 74 85 68 13
3 4 94 400 97 93 83 87 400 5 23 73 84 65 63
402 402 401 400 401 401 401 401 400 402 402 402 401 402 401
0 0 1 1 1 1 1 0 0 0
0 0 2 1 1 0 1 0 0 0
0 0 1 1 1 0 1 0 0 0
0 0 1 1 0 0 1 0 0 0
0 0 1 1 0 0 1 0 0 0
0 0 1 1 0 0 1 0 0 0
0 0 1 1 1 1 1 1 0 0
0 0 1 1 1 0 1 0 0 0
0 0 1 1 1 1 1 1 1 1
0 0 1 1 1 1 1 1 1 0
Maze 164
103 380 2.9062500000 2.2829168527 54 0.367238883485565
70 56 72 34 89 89 19 92 94 70 39 97 21 94 80 70
66 52 32 84 400 400 12 400 64 69 37 91 91 74 400
401 402 402 401 400 400 402 400 402 401 402 401 401 402 400
0 0 0 0 0 0 0 0 0 0
0 1 1 1 1 1 1 1 1 0
1 1 0 0 0 0 0 0 1 0
1 1 1 1 0 0 1 1 1 0
1 1 0 1 0 0 1 0 1 0
1 1 1 1 1 1 1 0 1 0
1 1 0 1 1 1 1 1 1 2
1 1 0 1 1 1 1 1 1 1
1 1 0 1 1 1 1 1 1 0
1 1 1 1 1 1 1 0 0 0
Maze 165
81 7 3.5500000000 1.9371986598 26 0.369618703730016
69 65 89 36 57 2 25 28 26 34 82 69 43 58 46 69
400 85 86 56 52 22 400 400 24 32 62 63 53 56 66
400 401 401 401 401 401 400 400 402 402 402 401 401 401 401
0 1 0 0 0 0 0 0 0 0
0 1 0 0 0 0 0 0 0 0
0 1 1 1 1 1 1 1 0 0
0 1 1 1 0 1 0 0 0 0
0 1 1 0 0 1 0 0 0 0
0 1 1 1 1 1 1 1 0 0
0 1 1 1 1 1 1 1 2 0
0 1 0 0 1 1 0 0 0 0
0 1 0 0 1 1 1 1 1 0
0 0 0 0 0 0 0 0 0 0
Maze 166
103 822 3.1636363636 2.0022860393 77 0.391772754358590
69 12 2 5 79 4 52 79 71 13 26 69 27 53 76 69
62 400 400 75 74 2 72 400 11 23 66 67 23 73 66
401 400 400 401 401 402 401 400 402 401 401 401 402 401 402
0 1 1 1 1 0 0 0 0 0
1 1 1 1 1 0 0 0 0 0
1 1 1 1 1 1 1 0 0 0
1 1 1 1 1 1 1 0 0 0
1 1 1 1 1 1 1 0 0 0
1 1 1 1 1 1 1 0 0 0
1 1 1 1 1 1 1 1 2 0
1 1 1 1 1 1 1 1 1 0
0 0 0 0 0 0 0 0 0 0
0 0 0 0 0 0 0 0 0 0
Maze 167
111 81 3.2280701754 2.1624712156 92 0.370857387152596
63 92 100 55 86 86 59 2 61 25 81 92 18 99 31 63
62 400 95 85 400 56 52 1 21 21 91 12 98 91 61
402 400 401 401 400 402 401 402 402 402 401 402 401 401 401
1 1 0 0 0 0 0 0 0 0
1 1 1 1 1 1 1 1 0 0
1 1 1 1 1 0 0 1 0 0
1 1 0 0 0 0 0 1 0 0
1 1 0 0 0 0 0 1 0 0
1 1 1 1 1 1 1 1 1 0
1 1 2 0 1 1 0 1 0 0
1 1 0 0 1 1 0 1 0 0
1 1 0 0 1 1 0 1 0 0
1 1 1 1 1 1 1 1 1 1
Maze 168
105 184 3.2380952381 2.2914768149 120 0.398610779839204
30 68 78 41 26 74 17 91 77 67 6 40 97 33 20 30
28 400 71 21 24 14 11 71 400 66 36 37 93 13 400
402 400 401 402 402 402 402 402 400 401 401 402 401 402 400
0 0 0 0 0 1 0 0 0 0
1 1 1 1 1 1 1 1 1 1
1 1 1 1 1 1 0 1 1 2
1 0 1 1 0 1 1 1 1 1
1 0 1 1 0 1 1 1 0 0
1 0 1 1 0 1 1 1 0 0
1 0 1 1 0 1 1 1 0 0
1 1 1 1 1 1 1 1 0 0
1 0 1 0 0 0 1 0 0 0
1 0 1 1 1 1 1 0 0 0
Maze 169
97 62 3.0980392157 1.9971713062 66 0.377332163169853
64 39 42 86 36 33 40 33 11 75 80 69 94 100 24 64
34 32 82 400 400 400 400 31 71 400 79 64 400 94 400
402 402 401 400 400 400 400 401 401 400 401 402 400 401 400
0 0 0 0 0 0 0 0 0 0
1 0 0 0 0 0 0 0 0 0
1 0 0 1 0 0 0 0 0 0
1 1 1 1 1 1 1 1 1 1
1 1 0 1 0 1 0 0 0 0
1 1 0 1 0 1 0 0 0 0
1 1 0 2 1 1 1 1 1 0
1 1 1 1 1 1 1 1 1 1
0 1 1 1 1 1 0 0 0 0
0 0 0 1 1 1 1 1 1 1
Maze 170
101 175 3.7500000000 2.1809182432 71 0.384234244251890
31 56 69 91 39 82 46 27 22 53 12 51 15 13 47 31
51 66 61 31 32 42 26 400 52 52 11 11 400 43 41
401 401 402 402 402 402 402 400 401 401 402 402 400 401 401
0 0 0 0 0 0 0 0 0 0
1 1 1 1 1 0 0 0 0 0
1 1 1 1 1 1 1 0 0 0
2 1 1 1 1 1 1 1 1 0
1 1 1 1 1 1 1 0 0 0
1 1 1 1 1 1 0 0 0 0
1 1 1 1 1 1 1 1 1 0
1 1 0 0 0 0 0 0 0 0
1 1 0 0 0 0 0 0 0 0
1 0 0 0 0 0 0 0 0 0
Maze 171
105 154 3.0847457627 2.1976385809 112 0.392027594744173
78 97 32 4 27 81 17 70 87 74 45 16 92 16 76 78
77 92 2 24 21 11 67 67 84 44 15 12 12 400 400
402 401 402 401 402 402 401 402 401 402 402 402 402 400 400
0 1 1 1 0 0 0 0 0 0
1 1 1 1 1 1 1 0 0 0
1 1 1 1 1 1 1 0 0 0
1 1 0 0 1 1 1 0 0 0
1 1 0 1 1 1 1 0 0 0
1 1 0 1 0 1 1 0 0 0
1 1 0 1 0 1 1 1 1 1
1 1 0 1 0 1 1 2 0 0
1 1 0 1 1 1 1 0 0 0
0 1 1 1 1 1 1 0 0 0
Maze 172
75 4 3.5897435897 2.1184029007 35 0.371285804733777
14 65 72 67 87 34 45 4 30 11 24 24 38 73 43 14
64 62 62 400 84 44 44 24 21 21 400 34 33 400 13
401 402 402 400 401 401 401 401 401 401 400 401 402 400 402
0 0 0 1 0 0 0 0 0 0
1 0 1 2 0 0 0 0 0 0
1 1 1 1 1 1 1 1 1 1
0 0 1 1 1 1 1 1 0 0
0 0 1 1 1 0 0 0 0 0
0 0 1 1 0 0 0 0 0 0
0 1 1 1 1 1 1 0 0 0
0 1 1 1 0 0 1 0 0 0
0 0 0 1 1 1 1 0 0 0
0 0 0 0 0 0 0 0 0 0
Maze 173
79 13 3.4545454545 2.1799613922 35 0.378989139568136
40 17 84 18 37 66 67 56 77 69 49 59 21 74 61 40
37 14 14 17 36 400 66 76 67 400 400 51 71 71 31
401 402 402 402 402 400 401 401 402 400 400 401 401 401 402
0 0 0 0 0 0 0 0 0 0
0 0 0 1 1 1 1 1 0 0
1 0 0 1 0 0 1 0 0 0
1 1 1 1 1 1 1 1 1 2
1 0 0 1 0 1 0 0 1 0
1 1 1 1 1 1 1 1 1 0
1 0 0 1 0 1 1 1 1 0
1 1 1 1 0 1 1 0 0 0
0 0 0 1 0 0 0 0 0 0
0 0 0 0 0 0 0 0 0 0
Maze 174
105 41 3.5102040816 2.0023458814 92 0.384253210953265
66 39 83 88 1 51 41 73 29 57 29 92 67 37 73 66
36 33 400 81 400 400 71 23 27 27 22 62 400 33 63
402 402 400 401 400 400 401 402 402 402 402 402 400 402 402
1 0 0 0 0 0 0 0 0 0
1 0 0 0 0 0 0 0 0 0
1 1 1 1 1 1 1 1 1 0
1 1 1 1 1 1 1 1 1 0
1 1 1 0 0 1 1 0 0 0
1 1 1 0 0 1 1 0 0 0
1 1 1 1 1 2 1 0 0 0
1 1 1 0 0 0 0 0 0 0
1 1 1 1 1 1 1 1 0 0
0 1 0 0 0 0 0 0 0 0
Maze 175
91 143 3.0000000000 2.3209182322 45 0.397343649868384
19 60 33 26 13 79 47 98 2 75 76 47 4 2 15 19
59 53 23 23 73 77 97 92 72 400 46 44 400 12 400
401 401 402 401 401 401 401 401 401 400 402 401 400 401 400
0 1 1 1 0 0 0 0 0 0
0 1 1 1 1 1 1 1 2 0
0 1 1 1 1 1 0 0 1 0
0 1 1 1 0 0 0 0 1 0
0 1 1 1 1 1 1 0 1 0
0 1 1 1 1 1 1 1 1 1
0 1 1 0 0 1 1 0 0 0
0 1 1 1 1 1 1 1 1 0
0 1 0 0 0 0 1 0 0 0
0 1 1 1 1 1 1 1 0 0
Maze 176
109 13 3.3870967742 2.2967484259 98 0.365526580065466
96 81 51 98 29 78 6 43 77 63 9 92 24 15 66 96
91 400 91 28 28 76 3 73 73 3 2 22 14 65 400
401 400 401 402 402 401 402 401 401 402 402 402 402 401 400
0 1 1 1 1 1 1 1 1 0
0 1 1 1 1 1 0 0 0 0
0 1 1 1 1 1 0 1 1 0
0 1 1 0 1 1 0 1 0 0
0 1 1 0 1 1 0 1 0 0
1 1 1 0 1 1 0 1 0 0
1 1 1 0 1 1 0 1 0 0
1 1 1 1 1 1 1 1 0 0
1 1 0 0 0 1 0 1 0 0
1 1 1 1 1 2 1 1 0 0
Maze 177
91 539 3.1481481481 2.2327820968 36 0.388396769156333
30 33 86 59 3 35 68 98 45 40 19 64 67 25 5 30
23 83 56 53 33 65 400 95 35 39 14 400 65 400 25
402 401 402 401 401 401 400 401 402 401 402 400 401 400 401
0 0 1 0 1 0 0 0 0 0
0 0 1 1 1 1 1 1 1 0
0 0 1 1 1 1 1 1 1 2
0 0 1 1 1 1 1 1 1 1
0 0 1 1 1 0 0 0 0 0
0 0 1 1 1 1 1 1 1 0
0 0 1 1 1 1 1 1 0 0
0 0 1 0 1 1 0 1 0 0
0 0 1 1 1 1 0 1 0 0
0 0 0 0 1 1 1 1 0 0
Maze 178
79 24 2.9767441860 1.9437772714 26 0.364199389725132
27 29 52 69 69 75 66 30 75 2 55 35 96 97 67 27
400 22 62 400 65 65 26 25 72 52 400 95 400 400 400
400 402 401 400 402 402 402 402 401 401 400 401 400 400 400
0 1 0 0 0 0 0 0 0 0
0 1 0 0 0 0 0 0 0 0
0 1 1 1 1 1 2 1 1 1
0 1 0 0 1 1 1 0 0 0
0 1 0 0 1 1 1 0 0 0
0 1 1 1 1 1 1 0 0 0
0 1 1 1 1 1 1 1 1 0
0 1 1 1 1 0 1 0 0 0
0 0 0 0 1 0 1 0 0 0
0 0 0 0 1 1 1 0 0 0
Maze 179
99 465 2.8253968254 2.2430458920 56 0.395543966750413
20 80 73 4 22 46 36 27 82 50 100 19 63 59 7 20
400 400 3 2 42 400 26 22 42 400 99 13 53 57 17
400 400 402 402 401 400 402 402 402 400 401 402 402 401 401
0 1 1 1 0 0 1 0 0 0
0 1 1 1 1 1 1 1 1 2
0 1 1 1 1 1 1 0 1 1
0 1 1 0 0 1 1 0 1 1
0 1 1 1 1 1 1 1 1 1
0 1 1 1 1 1 1 1 1 1
0 1 1 0 0 0 0 0 1 1
0 1 1 1 1 1 1 1 1 1
0 1 0 0 0 0 0 0 1 1
0 0 0 0 0 0 0 0 1 1
Maze 180
89 200 2.6885245902 2.3262273994 40 0.373081644248033
35 53 77 87 100 8 25 42 76 20 29 60 75 9 12 35
33 73 400 97 98 5 22 72 16 19 59 55 5 2 32
402 401 400 401 401 402 402 401 402 402 401 402 402 402 401
0 1 1 1 1 1 1 1 1 0
0 1 0 0 1 1 1 1 1 1
0 1 1 1 1 1 0 1 1 0
0 1 1 1 2 1 0 1 1 0
0 1 1 0 1 1 0 1 1 0
0 1 1 0 1 1 1 1 1 1
0 1 1 0 1 1 0 1 0 0
0 1 1 1 1 1 1 1 0 0
0 0 0 0 0 0 1 1 0 0
0 0 0 0 0 0 1 1 1 1
Maze 181
93 32 3.7619047619 1.8472740658 45 0.385115853469700
86 28 88 43 65 74 89 28 76 94 13 80 78 30 80 86
26 400 83 63 64 84 88 26 74 93 73 400 28 400 76
402 400 401 401 402 401 401 402 402 401 401 400 402 400 402
0 0 0 0 0 0 0 0 0 0
0 0 1 0 0 0 0 0 0 0
0 0 1 0 0 1 1 1 1 1
0 0 1 0 0 1 0 1 0 1
0 0 1 0 0 1 0 1 0 1
0 0 1 0 0 1 0 1 0 1
0 0 1 1 1 1 0 1 0 1
0 0 1 1 1 1 1 1 1 1
0 0 1 1 1 2 1 1 1 0
0 0 1 1 0 0 0 0 0 0
Maze 182
99 465 2.9180327869 2.2437875504 64 0.371681328804049
45 18 42 50 89 17 59 99 39 58 13 51 89 97 23 45
15 12 400 49 87 57 400 400 38 53 11 81 87 93 43
402 402 400 402 401 401 400 400 402 401 402 401 402 401 401
0 0 0 0 0 0 0 0 0 0
1 1 1 1 1 1 1 1 0 0
1 1 1 0 1 0 1 0 0 0
1 1 1 0 1 0 1 1 1 0
1 1 1 1 2 1 1 1 1 1
1 0 1 1 1 1 1 1 1 0
1 0 1 0 0 0 1 0 1 0
1 0 1 0 0 0 1 0 1 0
1 1 1 1 1 1 1 1 1 0
0 0 1 1 1 1 1 0 1 0
Maze 183
73 7 3.0638297872 2.3225744691 20 0.393731438932205
87 31 1 93 74 62 22 63 43 35 34 35 48 68 4 87
81 400 91 73 72 400 62 400 33 400 400 45 400 64 84
401 400 401 402 401 400 401 400 402 400 400 401 400 401 401
1 0 0 1 0 0 0 0 0 0
1 0 0 1 0 0 0 0 0 0
1 1 0 1 0 0 0 0 0 0
1 1 1 1 1 0 0 0 0 0
1 1 1 1 1 1 1 1 0 0
1 1 1 1 0 0 0 1 0 0
1 1 1 1 1 1 1 1 0 0
1 1 1 1 0 0 0 0 0 0
1 1 1 1 1 1 2 0 0 0
1 1 1 0 0 0 0 0 0 0
Maze 184
99 707 3.2857142857 2.2340692958 84 0.394215780812015
40 12 24 38 87 18 66 71 78 65 68 74 15 97 62 40
32 22 34 37 17 16 61 400 75 400 64 14 95 92 32
401 401 401 402 402 402 402 400 401 400 402 402 401 401 402
0 0 0 0 0 0 0 0 0 0
0 1 0 1 1 1 1 1 0 0
0 1 1 1 1 1 1 0 0 0
0 1 1 1 1 1 1 1 1 2
0 1 0 1 1 1 1 0 0 0
0 1 0 1 1 1 1 0 0 0
1 1 1 1 1 1 1 1 0 0
1 1 1 1 1 1 1 1 0 0
0 1 0 0 1 0 1 0 0 0
0 1 1 1 1 1 1 0 0 0
Maze 185
129 559 3.2777777778 2.2167079214 159 0.396484624408125
75 10 99 65 85 76 1 90 15 3 60 73 6 68 42 75
5 9 95 400 75 71 81 85 13 53 53 3 66 62 72
402 402 401 400 402 401 401 401 401 401 402 402 401 401 401
1 0 1 1 1 1 1 1 1 1
1 0 1 1 1 1 0 0 1 0
1 0 1 0 1 1 0 0 1 0
1 0 1 0 1 1 0 0 1 0
1 1 1 0 1 1 0 0 1 0
1 1 1 1 1 1 1 1 1 1
1 1 1 1 1 1 1 1 1 0
1 1 1 1 2 1 0 0 1 0
1 1 1 1 1 1 1 1 1 1
0 0 0 0 1 1 1 1 1 0
Maze 186
103 10 3.4509803922 2.0410015789 66 0.373793583508117
86 22 32 100 47 1 71 47 35 56 28 43 27 63 23 86
82 400 92 97 41 400 41 45 55 26 23 23 23 400 83
401 400 401 401 401 400 402 401 401 402 402 402 402 400 401
1 0 0 0 0 0 0 0 0 0
1 0 0 0 0 0 0 0 0 0
1 1 1 1 1 1 1 1 0 0
1 1 1 0 1 1 0 0 0 0
1 1 1 1 1 1 1 0 0 0
1 1 1 0 1 1 1 0 0 0
1 1 1 0 0 0 1 0 0 0
1 1 1 0 0 0 1 0 0 0
0 1 1 1 1 2 1 0 0 0
0 1 1 1 1 1 1 1 1 1
Maze 187
81 65 2.9629629630 2.2600651031 35 0.390052685370050
88 64 99 12 45 15 87 77 29 58 63 73 34 27 48 88
84 94 92 42 400 85 400 27 28 53 400 33 24 47 400
401 401 401 401 400 401 400 402 402 402 400 402 402 401 400
0 0 0 0 0 0 0 0 0 0
0 1 0 0 1 0 0 0 0 0
0 1 0 1 1 1 1 1 1 0
0 1 1 1 1 0 1 1 0 0
0 1 1 1 1 0 1 1 0 0
0 1 1 1 1 1 1 1 0 0
0 1 1 1 1 0 1 1 0 0
0 1 1 1 1 0 1 1 0 0
0 1 0 1 1 1 1 2 0 0
0 1 1 1 1 1 1 1 1 0
Maze 188
81 87 2.8518518519 2.3061764237 26 0.390701143283098
70 77 66 31 53 52 12 47 34 6 63 87 82 2 19 70
67 76 61 51 400 400 42 44 4 3 83 400 400 12 69
402 401 401 401 400 400 401 401 402 402 401 400 400 401 401
0 1 1 1 1 1 0 0 0 0
0 1 1 1 1 1 1 1 1 0
0 1 1 1 0 0 0 0 1 0
1 1 1 1 0 0 0 0 1 0
1 1 1 1 1 1 1 0 1 0
1 1 1 0 0 0 0 0 1 0
1 1 1 1 1 1 1 1 1 2
0 1 1 0 0 1 1 0 0 0
0 1 1 1 1 1 1 0 0 0
0 0 0 0 0 0 0 0 0 0
Maze 189
97 207 2.9354838710 2.2254194555 70 0.395202206594996
100 75 96 32 55 19 89 90 73 21 59 14 39 46 38 100
95 95 92 52 15 400 400 83 71 51 54 34 36 36 98
401 401 401 401 402 400 400 401 401 401 401 401 402 402 401
0 0 0 0 0 0 0 0 0 0
0 0 0 1 1 1 1 1 1 0
1 0 0 1 1 0 0 0 1 0
1 1 0 1 1 1 1 1 1 0
1 1 0 1 1 1 0 1 1 0
1 1 1 1 1 1 1 1 1 0
1 1 0 0 0 0 0 1 1 0
1 1 1 0 1 0 0 1 1 0
0 1 1 1 1 1 1 1 1 1
0 1 1 1 1 1 1 1 1 2
Maze 190
89 30 2.9629629630 2.1567518755 34 0.372152529937415
82 61 49 53 9 18 63 45 37 62 96 58 32 24 43 82
81 41 43 3 8 13 43 35 32 92 56 52 22 23 42
401 402 402 402 402 402 402 402 402 401 402 401 402 402 402
0 0 1 1 1 1 1 1 1 0
0 0 1 1 1 1 1 1 0 0
0 1 1 1 0 0 0 0 0 0
0 1 1 1 1 1 1 0 0 0
1 1 1 1 1 1 1 1 1 0
1 1 1 1 1 1 1 1 0 0
1 1 1 0 0 1 0 0 0 0
1 1 0 0 0 1 0 0 0 0
1 2 0 0 0 1 0 0 0 0
0 1 1 1 1 1 0 0 0 0
Maze 191
105 596 3.1228070175 2.1147106123 97 0.390735605388821
88 41 6 24 96 79 14 56 77 83 6 43 17 69 55 88
81 1 4 94 76 74 54 76 73 3 3 13 67 65 85
401 402 402 401 402 401 401 401 402 402 402 402 401 401 401
1 1 1 1 1 1 0 0 0 0
1 0 1 1 1 1 1 0 0 0
1 0 1 1 0 0 1 0 0 0
1 0 1 1 0 0 1 0 0 0
1 0 1 1 0 0 1 0 0 0
1 0 1 1 1 1 1 0 0 0
1 0 1 1 1 1 1 1 1 0
1 0 1 1 1 1 1 1 1 0
1 1 1 1 1 1 1 2 0 0
0 0 0 1 1 1 0 0 0 0
Maze 192
109 2060 3.3818181818 1.9612683188 105 0.391035419563733
60 5 15 53 52 24 48 43 5 40 73 6 90 40 11 60
55 400 13 400 22 44 400 3 35 33 3 86 400 31 51
401 400 402 400 402 401 400 402 401 402 402 401 400 401 401
0 0 1 1 1 1 0 0 0 0
1 0 1 1 1 1 0 0 0 0
1 1 1 1 1 1 0 0 0 0
1 1 1 1 1 1 1 1 1 1
1 1 1 1 1 1 1 1 0 1
1 1 1 1 1 1 1 1 1 2
0 0 1 0 0 1 0 0 0 1
0 0 1 0 0 1 0 0 0 1
0 0 0 0 0 1 1 1 1 1
0 0 0 0 0 0 0 0 0 0
Maze 193
89 11 3.1489361702 2.0042468333 45 0.379574004794188
19 18 16 99 42 89 62 59 44 13 23 55 72 88 49 19
400 400 96 92 82 82 52 54 43 400 53 52 82 48 400
400 400 401 401 401 401 402 401 401 400 401 402 401 402 400
0 0 0 0 0 0 0 0 0 0
0 0 1 0 0 1 1 1 2 0
0 0 1 0 0 1 0 0 1 0
0 0 1 0 0 1 0 0 1 0
0 1 1 1 0 1 0 1 1 0
0 1 1 1 1 1 1 1 1 0
0 1 0 0 0 1 0 1 0 0
0 1 0 0 0 1 0 1 0 0
0 1 1 1 1 1 1 1 1 0
0 1 1 1 1 1 1 1 1 0
Maze 194
79 131 2.9777777778 2.0564015196 26 0.352190214680554
67 56 36 68 62 88 94 47 16 91 74 33 61 86 75 67
66 400 66 400 82 84 44 46 11 71 73 31 81 85 65
401 400 401 400 401 402 402 401 402 402 401 402 401 401 402
0 0 0 0 0 0 0 0 0 0
1 1 1 1 1 1 0 0 0 0
1 0 0 0 0 1 0 0 0 0
1 1 1 0 0 1 0 0 0 0
1 0 1 1 1 1 1 0 0 0
1 0 1 1 0 1 0 0 0 0
1 1 1 1 1 1 2 1 0 0
1 1 1 1 1 0 0 0 0 0
1 1 1 1 1 1 1 1 0 0
1 0 0 1 0 0 0 0 0 0
Maze 195
83 19 2.9811320755 2.3077145531 26 0.406323161220876
9 19 41 4 43 16 10 27 60 87 98 53 76 24 23 9
400 11 1 3 13 6 7 57 57 97 93 73 74 400 3
400 402 402 402 402 402 402 401 402 401 401 401 401 400 402
1 1 1 1 1 1 1 1 2 1
1 1 1 1 1 1 1 1 1 0
1 0 1 1 0 0 1 0 0 0
1 0 1 1 0 0 1 0 0 0
1 0 1 1 0 0 1 0 0 0
0 0 1 1 0 0 1 1 1 1
0 0 1 1 0 0 1 0 0 0
0 0 1 1 1 1 1 0 0 0
0 0 1 0 0 0 1 0 0 0
0 0 1 1 1 1 1 1 0 0
Maze 196
89 15 2.9787234043 1.8717720890 41 0.378353214580502
74 70 53 23 69 13 2 11 2 58 27 89 99 16 13 74
64 63 400 63 63 12 1 1 52 57 87 400 96 400 73
402 401 400 401 401 401 402 402 401 401 401 400 401 400 401
1 1 0 0 0 0 0 0 0 0
1 1 1 1 1 1 0 0 0 0
0 1 1 0 0 1 1 0 0 0
0 1 1 0 0 1 1 0 0 0
0 1 1 0 0 1 1 0 0 0
0 1 1 1 1 1 1 1 0 0
0 0 1 1 1 1 1 1 1 1
0 0 1 2 0 1 1 0 0 0
0 0 0 0 0 1 1 1 1 0
0 0 0 0 0 1 1 1 1 0
Maze 197
91 11 3.2857142857 1.9371803769 36 0.384020902152163
91 3 1 44 35 34 85 86 54 91 20 39 5 37 5 91
1 400 41 34 400 84 400 84 51 11 19 35 35 35 1
402 400 401 402 400 401 400 401 402 402 402 401 401 401 402
1 1 1 1 1 0 0 0 0 0
1 1 1 1 1 1 1 1 1 1
1 0 0 0 1 0 0 0 1 0
1 0 0 1 1 1 1 1 1 0
1 1 1 1 0 0 0 0 0 0
1 1 1 1 0 0 0 0 0 0
1 0 0 1 0 0 0 0 0 0
1 0 0 1 0 0 0 0 0 0
1 0 0 1 1 1 0 0 0 0
2 0 0 0 0 0 0 0 0 0
Maze 198
93 44 3.4000000000 2.0921215796 45 0.389654538845357
32 28 51 86 18 17 29 56 33 36 48 95 26 90 52 32
22 21 81 16 400 27 26 53 400 46 45 25 86 82 400
402 402 401 402 400 401 402 401 400 401 402 402 401 401 400
0 0 0 0 0 0 0 0 0 0
0 0 0 0 0 1 1 1 0 0
1 1 1 1 1 1 1 1 1 0
1 2 1 1 1 1 0 0 0 0
1 1 1 0 1 1 1 1 0 0
1 1 1 1 1 1 0 0 0 0
1 1 0 0 1 1 0 0 0 0
1 1 0 0 1 1 0 0 0 0
1 1 1 1 1 1 1 1 1 1
0 0 0 0 1 0 0 0 0 0
Maze 199
95 126 2.9387755102 2.0757999580 62 0.393719254442901
11 19 29 81 21 16 48 93 95 77 11 64 86 77 86 11
400 400 21 400 11 46 43 400 75 71 61 84 76 76 81
400 400 402 400 402 401 402 400 402 401 401 401 402 402 401
0 0 0 0 0 0 0 0 0 0
2 1 1 1 1 1 1 1 1 0
1 1 1 1 1 1 1 1 1 0
1 0 0 0 0 1 0 0 0 0
1 0 1 1 1 1 1 1 0 0
1 0 1 0 0 0 0 0 0 0
1 1 1 1 0 0 0 0 0 0
1 1 1 1 1 1 1 0 0 0
1 1 1 1 1 1 0 0 0 0
0 0 1 1 1 0 0 0 0 0
Maze 200
95 104 3.6444444444 1.9452212933 77 0.386780829477846
59 57 33 74 29 52 22 84 14 94 34 40 32 71 45 59
400 53 73 24 22 400 82 400 400 400 400 400 31 41 55
400 401 401 402 402 400 401 400 400 400 400 400 402 402 401
0 0 0 0 0 0 0 0 0 0
0 0 0 1 0 0 0 0 0 0
0 1 1 1 1 1 1 1 1 0
1 1 1 1 1 1 1 1 1 1
1 1 1 1 1 0 0 0 0 0
1 1 1 1 1 1 1 1 2 0
1 1 1 1 0 0 0 0 0 0
1 1 1 1 0 0 0 0 0 0
0 1 1 1 0 0 0 0 0 0
0 0 0 1 0 0 0 0 0 0
