numMazes: 5
mazeSize: 10
Maze 1
108 197 0.2472789116 2.0550419855 98 0.370414018812803
0 1 0 0 0 0 0 0 0 0
0 1 0 0 0 0 0 0 0 0
1 1 1 1 1 1 1 1 1 1
1 1 0 1 0 1 0 0 0 1
1 1 2 1 0 1 0 0 0 1
1 1 1 1 0 1 1 1 1 1
1 1 1 1 1 1 1 1 1 1
1 1 1 1 1 1 1 1 1 1
1 1 1 1 0 0 0 0 0 0
1 0 0 0 0 0 0 0 0 0
Maze 2
134 79 0.2740740741 1.9298166010 190 0.385869670393234
0 1 1 1 1 1 1 1 1 0
0 1 0 1 0 0 0 1 0 0
1 1 1 1 1 1 1 1 1 1
1 1 0 1 0 0 0 1 0 0
1 1 0 1 0 0 0 1 0 0
1 1 1 1 0 0 0 1 0 0
1 2 1 1 0 0 0 1 0 0
1 1 1 1 0 0 0 1 0 0
1 1 1 1 1 1 1 1 1 1
0 0 1 1 1 1 1 1 1 0
Maze 3
100 20 0.2736263736 2.0246287017 62 0.358810319659223
0 0 0 0 0 0 1 1 1 1
0 0 0 1 1 1 1 1 1 0
0 0 0 1 0 1 0 0 0 0
1 1 1 1 1 1 1 1 1 0
1 0 0 1 2 1 0 0 0 0
1 0 1 1 1 1 1 1 0 0
1 0 1 1 0 1 0 0 0 0
1 0 1 1 0 0 0 0 0 0
1 0 1 1 0 0 0 0 0 0
1 1 1 1 1 1 1 1 0 0
Maze 4
118 79 0.3251028807 1.9434278129 90 0.374247073028249
0 1 1 1 1 1 1 1 1 0
0 1 1 0 0 1 0 0 0 0
1 1 1 1 1 1 0 0 0 0
1 1 1 0 1 1 0 0 0 0
1 1 1 1 1 1 1 1 0 0
1 1 0 0 1 0 0 0 0 0
1 1 0 0 1 0 0 0 0 0
1 1 0 0 1 0 0 0 0 0
2 1 0 0 1 0 0 0 0 0
0 1 1 1 1 1 1 0 0 0
Maze 5
132 7883 0.2987951807 2.2573971513 165 0.381708676870259
0 1 1 1 1 1 1 0 0 0
1 1 1 1 1 1 1 1 0 0
1 1 1 1 0 1 1 1 1 0
1 1 1 1 1 1 1 1 0 0
1 1 1 1 0 1 1 0 0 0
1 1 1 1 1 1 1 1 0 0
1 1 1 1 1 1 1 0 0 0
1 1 1 0 0 0 1 0 0 0
1 1 1 0 0 0 1 0 0 0
2 0 1 1 1 1 1 0 0 0
