numMazes: 100
mazeSize: 10
Maze1
1,0,0,1,0,0,1,0,0,0
1,1,1,1,1,1,1,1,1,0
1,0,0,1,0,0,1,0,0,0
1,1,1,1,1,1,1,1,1,1
2,1,1,1,1,1,1,0,0,0
1,1,1,1,1,1,1,1,0,0
1,0,0,1,1,1,1,1,1,1
1,0,0,1,0,0,1,0,0,0
1,0,0,1,0,0,1,0,0,0
1,1,1,1,1,1,1,1,1,1
Maze2
0,0,1,1,1,1,1,1,1,1
0,0,1,0,0,0,0,1,0,0
0,1,1,1,1,1,1,1,0,0
0,1,1,1,1,1,1,1,0,0
0,1,1,0,2,1,1,1,0,0
0,1,1,0,1,1,1,1,0,0
1,1,1,1,1,1,1,1,0,0
1,1,1,1,1,1,1,1,1,0
0,0,1,0,1,1,0,0,1,0
0,0,1,0,1,1,1,0,0,0
Maze3
0,0,0,2,0,0,0,0,0,0
1,0,0,1,0,0,0,0,0,0
1,0,0,1,1,1,1,1,1,1
1,1,0,1,0,0,0,0,1,0
1,1,0,1,1,1,1,0,1,0
1,1,0,1,0,1,0,0,1,0
1,1,1,1,1,1,1,1,1,0
0,1,0,1,0,1,0,0,1,0
0,1,0,0,0,1,0,0,1,1
0,1,1,1,1,1,0,0,1,0
Maze4
0,0,0,1,1,1,1,1,1,1
1,1,1,1,1,1,1,1,2,1
1,0,0,1,0,1,0,0,0,1
1,0,0,1,0,1,0,0,0,1
1,1,1,1,1,1,1,0,0,1
1,0,1,1,1,1,1,1,1,1
1,1,1,1,1,1,1,1,0,0
1,0,1,1,0,0,0,1,0,0
0,0,1,1,0,0,0,1,0,0
0,0,1,1,1,1,1,1,1,1
Maze5
1,1,0,1,1,1,1,1,1,1
1,1,1,1,1,1,1,1,1,1
1,1,0,1,0,1,1,1,0,1
1,1,0,1,0,1,0,1,0,1
1,1,0,1,0,1,0,1,0,1
1,1,1,1,1,1,1,1,1,1
0,1,0,1,1,1,1,1,1,1
0,1,0,1,0,1,0,1,1,0
0,1,0,1,0,1,0,2,1,0
0,1,1,1,1,1,1,1,1,1
Maze6
1,1,1,1,1,0,0,0,1,1
1,0,1,0,0,0,0,1,1,0
1,1,1,1,1,1,0,1,1,0
1,0,1,0,0,1,0,1,1,0
1,0,1,0,0,1,0,1,1,0
1,0,1,1,1,1,1,1,1,0
1,0,1,0,0,0,0,1,1,1
1,1,1,1,1,1,1,1,2,0
1,0,1,0,0,0,0,1,1,0
1,1,1,1,1,1,1,1,1,1
Maze7
0,1,1,0,0,0,0,0,0,0
0,1,1,1,1,1,1,0,0,0
0,1,1,0,0,1,1,0,0,0
0,1,1,0,0,1,1,1,1,1
0,1,1,0,0,1,1,0,1,1
0,1,1,1,1,1,1,1,1,1
0,1,0,0,0,1,1,0,0,1
2,1,1,1,1,1,1,1,0,1
0,1,1,1,1,1,1,1,1,1
0,1,0,0,0,1,1,1,1,0
Maze8
0,0,0,0,0,1,1,1,1,0
0,1,2,1,1,1,1,1,1,0
0,1,1,0,0,0,0,0,1,0
0,1,1,0,0,0,0,0,1,0
1,1,1,1,1,1,1,1,1,1
1,1,1,0,0,1,0,1,1,1
1,1,1,0,0,1,0,1,1,1
1,1,1,0,0,0,0,1,0,1
1,1,1,1,1,0,0,1,0,1
0,1,1,1,1,1,1,1,1,1
Maze9
1,1,1,1,1,1,1,1,1,1
1,1,1,1,1,1,0,0,0,0
1,1,0,1,1,0,0,0,0,0
1,1,1,1,1,1,1,1,1,0
1,0,0,1,1,0,0,1,0,0
1,0,0,1,1,0,0,1,0,0
1,0,0,1,1,1,1,1,1,1
1,0,0,1,1,1,2,1,0,0
1,0,0,1,0,0,0,1,0,0
1,0,0,1,0,0,0,0,0,0
Maze10
0,0,0,1,1,1,1,1,0,0
1,1,1,1,1,1,1,1,0,0
1,0,0,1,1,0,1,1,1,0
1,1,1,2,1,0,1,1,1,0
1,0,0,1,1,0,1,1,1,0
1,0,0,1,1,0,1,1,1,0
1,1,1,1,1,0,1,1,1,0
1,0,0,1,0,0,1,1,1,0
1,0,0,1,0,0,1,1,0,0
1,1,1,1,1,1,1,1,1,1
Maze11
1,0,1,1,1,1,1,1,1,1
1,0,1,0,0,0,1,0,0,0
1,0,1,0,0,0,1,0,0,0
1,0,1,0,0,0,1,0,0,0
2,1,1,1,0,0,1,0,1,0
1,0,1,1,0,0,1,0,1,0
1,0,1,1,0,0,1,0,1,0
1,0,1,1,1,1,1,1,1,1
1,0,1,1,1,1,1,1,1,0
1,1,1,1,1,1,1,1,1,1
Maze12
1,0,0,1,1,1,1,1,0,0
1,0,0,1,1,1,0,1,0,0
1,1,1,1,1,1,1,1,1,1
1,0,0,1,1,1,0,2,0,0
1,0,1,1,1,1,1,1,1,1
1,0,1,1,1,1,0,0,0,0
1,1,1,1,1,1,1,0,0,0
1,1,1,1,0,1,0,0,0,0
1,0,1,0,0,1,0,0,0,0
1,1,1,1,1,1,1,0,0,0
Maze13
0,0,0,0,0,0,0,0,0,0
0,0,0,0,1,1,1,1,1,1
0,0,0,0,1,1,0,0,0,0
1,1,1,1,1,1,0,0,0,0
1,0,1,0,1,1,0,0,0,0
1,0,1,0,1,1,1,1,0,0
1,0,1,0,1,1,0,1,0,0
1,0,1,1,1,1,1,1,1,1
1,0,0,0,1,1,0,1,0,0
2,1,1,1,1,1,1,1,1,1
Maze14
0,1,1,1,1,1,1,1,1,1
0,1,0,1,0,0,0,1,0,1
0,1,1,1,1,0,0,1,0,1
1,1,1,1,1,0,0,1,0,1
1,1,0,1,1,1,1,1,1,1
1,1,0,1,1,0,0,1,0,1
1,1,0,1,1,1,1,1,0,0
2,1,0,1,0,0,0,1,0,0
0,1,0,1,1,1,1,1,1,1
0,1,0,1,0,0,0,1,0,0
Maze15
0,1,1,1,1,1,1,1,1,1
0,1,1,1,2,1,1,1,0,0
0,1,0,1,0,1,0,0,0,0
0,1,0,1,0,1,0,0,0,0
0,1,1,1,1,1,1,1,0,0
0,1,0,1,0,1,1,0,0,0
0,0,0,1,0,1,1,0,0,0
0,0,0,1,1,1,1,0,0,0
1,1,1,1,1,1,1,1,0,0
1,1,1,1,1,1,0,0,0,0
Maze16
0,0,0,0,0,0,0,1,0,0
1,1,1,1,1,1,0,1,0,0
1,1,1,1,1,1,1,1,1,1
1,0,1,0,1,0,0,1,0,0
0,0,1,0,1,0,0,1,0,0
0,0,1,0,2,0,0,1,0,0
0,0,1,0,1,0,0,1,0,0
0,0,1,0,1,0,0,1,0,0
0,0,0,0,1,0,0,1,0,0
0,0,0,0,1,1,1,1,1,1
Maze17
1,0,0,0,0,0,1,0,0,0
1,1,1,1,1,1,1,1,1,0
1,1,1,1,1,1,1,1,1,1
1,0,0,1,0,0,2,1,0,1
1,0,0,1,0,0,1,1,0,1
1,0,1,1,1,1,1,1,0,1
1,1,1,1,1,1,1,1,0,1
1,0,1,0,0,0,1,0,0,1
0,0,1,0,0,0,1,0,0,1
0,0,1,1,1,1,1,1,1,1
Maze18
0,0,0,0,0,0,1,0,0,0
1,0,1,0,0,0,1,0,0,0
1,0,1,0,0,0,1,0,0,0
1,0,1,1,1,1,1,1,0,0
1,0,1,0,0,0,1,1,0,0
1,1,1,1,1,1,1,1,1,0
1,0,1,0,0,1,1,1,1,0
1,1,1,2,1,1,1,1,1,1
0,0,1,0,0,0,1,0,1,0
0,0,1,1,1,1,1,1,1,1
Maze19
0,0,0,0,0,1,0,0,0,0
1,1,1,1,1,1,1,1,1,1
1,0,0,1,0,1,1,0,0,0
1,0,0,1,0,1,1,0,0,0
1,1,1,1,1,1,1,1,1,1
1,1,0,1,0,0,1,0,0,0
1,1,1,1,1,1,1,1,2,1
1,1,0,1,0,0,1,0,0,0
1,1,1,1,1,1,1,1,1,0
1,0,0,0,0,0,1,0,0,0
Maze20
0,0,1,0,0,1,1,1,2,0
0,0,1,1,1,1,0,0,0,0
0,0,1,1,0,0,0,1,0,0
0,0,1,1,0,0,0,1,1,1
0,0,1,1,1,1,1,1,1,1
1,1,1,1,1,1,1,1,1,1
1,0,1,1,1,1,1,1,1,1
1,0,0,1,0,1,0,0,0,0
1,0,0,1,0,1,0,0,0,0
1,1,1,1,1,1,0,0,0,0
Maze21
1,1,1,1,1,0,0,0,0,0
1,1,1,0,0,0,0,0,0,0
1,1,1,1,1,1,0,0,0,0
1,1,0,1,0,1,0,0,0,0
1,1,1,1,1,1,1,1,1,0
1,1,1,1,1,1,1,1,1,1
1,1,0,1,0,1,0,0,0,0
1,1,0,1,0,1,0,0,0,0
1,1,0,1,1,1,1,2,0,0
0,1,1,1,1,1,1,1,1,1
Maze22
1,1,1,1,1,1,1,0,0,0
1,0,1,1,0,0,0,0,0,1
1,1,1,1,1,1,1,1,1,1
1,0,1,1,0,0,0,0,0,1
1,0,1,1,1,1,2,1,1,1
1,0,1,1,1,0,0,0,0,1
1,0,1,1,1,0,0,0,0,1
1,1,1,1,1,1,1,0,0,1
1,0,1,0,1,0,1,0,0,1
1,0,1,1,1,1,1,1,1,1
Maze23
1,1,1,1,1,1,1,1,1,0
1,1,0,0,0,0,0,0,1,0
1,1,0,0,0,1,0,0,1,0
1,1,0,0,0,1,1,1,1,0
1,1,0,0,0,1,2,1,1,0
1,1,1,1,1,1,1,1,1,1
1,1,1,1,1,1,1,1,1,1
1,1,0,0,0,0,0,0,0,1
1,1,1,1,1,1,1,1,1,1
1,1,1,1,1,1,1,1,0,0
Maze24
1,1,1,1,1,1,1,1,1,1
1,0,1,1,1,1,0,0,1,0
1,0,1,1,1,1,1,1,1,1
1,0,1,0,0,1,1,0,1,0
1,0,1,0,0,1,1,1,1,2
1,0,1,0,0,1,1,0,1,0
1,1,1,0,0,1,1,0,1,0
1,1,1,1,1,1,1,1,1,1
1,0,1,0,0,1,1,0,1,0
1,1,1,1,1,1,1,1,0,0
Maze25
1,1,1,1,1,1,1,0,1,1
1,0,1,1,1,1,1,1,1,1
1,0,1,0,0,0,0,0,1,1
1,1,1,1,1,1,1,1,1,2
1,1,1,0,0,0,0,0,1,1
1,1,1,0,0,1,1,1,1,1
1,1,1,1,1,1,1,0,1,0
0,1,1,0,0,0,1,0,1,0
0,1,1,0,0,0,0,0,0,0
0,1,1,1,1,1,1,1,0,0
Maze26
1,1,1,1,1,1,1,0,0,0
1,1,1,1,1,0,0,0,0,0
1,1,1,1,1,1,1,1,0,0
1,0,1,1,1,0,0,1,0,0
1,0,1,1,1,0,0,1,0,0
1,0,1,1,1,0,0,1,0,0
1,0,1,1,1,0,0,1,0,0
1,0,1,1,1,0,0,1,0,0
2,1,1,1,1,1,1,1,1,1
1,0,1,1,1,1,1,1,0,0
Maze27
0,1,1,1,1,1,1,1,0,0
0,1,1,0,0,0,0,1,0,0
0,1,0,1,1,1,1,1,1,1
0,1,0,1,0,1,0,1,0,0
0,1,1,1,1,1,1,1,1,1
0,1,0,1,0,1,0,1,0,0
0,1,0,1,0,1,0,1,0,0
0,1,0,1,0,1,0,1,0,0
0,1,1,1,1,1,1,1,1,0
0,0,0,1,0,2,0,0,0,0
Maze28
0,0,0,1,0,0,0,0,0,0
1,1,1,1,1,1,1,1,1,0
1,0,0,1,0,1,1,0,1,0
1,0,0,1,0,1,1,1,1,2
1,1,1,1,1,1,1,0,1,0
1,1,0,1,0,1,1,0,1,0
1,1,1,1,1,1,1,1,1,0
1,1,0,0,0,1,1,0,1,0
1,1,1,1,1,1,1,1,1,1
1,1,1,1,1,1,0,0,0,0
Maze29
1,1,1,1,1,1,1,1,1,1
1,0,0,0,0,1,0,0,1,0
1,0,0,0,0,1,0,0,1,0
1,1,1,1,1,1,1,1,1,1
1,1,0,1,0,1,0,0,1,0
1,1,0,1,0,1,0,0,1,0
1,1,0,1,0,1,0,0,1,0
0,1,0,1,0,1,0,0,1,0
0,1,0,1,0,1,2,0,1,0
0,1,1,1,1,1,1,1,1,1
Maze30
0,0,1,1,1,1,1,1,1,1
0,0,2,0,0,0,1,0,0,0
0,0,1,0,0,0,1,0,0,0
0,0,1,1,1,1,1,1,1,0
0,0,1,0,0,0,1,1,1,0
0,0,1,1,1,1,1,1,1,1
1,1,1,1,1,1,1,0,1,0
0,0,0,0,0,0,1,0,1,0
0,0,1,0,0,0,1,1,1,0
0,0,1,1,1,1,1,0,0,0
Maze31
1,0,1,0,0,0,0,0,0,0
1,0,1,0,0,0,0,0,0,0
1,1,1,1,1,1,1,1,1,0
2,0,1,0,1,0,0,0,0,0
1,1,1,1,1,1,1,1,1,0
1,0,1,1,1,0,0,0,0,0
1,0,0,0,0,0,0,0,0,0
1,0,0,0,0,0,0,0,0,0
1,1,1,1,1,1,1,1,1,1
1,1,1,1,1,1,1,1,1,1
Maze32
0,0,0,0,0,0,1,1,1,1
0,0,1,1,1,1,1,1,0,0
0,1,1,1,2,1,1,1,1,0
1,1,1,0,1,0,0,1,1,0
1,0,1,0,1,0,0,1,1,0
1,0,1,0,0,0,0,1,1,0
1,0,1,1,1,1,1,1,1,0
1,0,0,1,0,0,0,0,1,0
1,0,0,1,1,1,1,1,1,1
1,1,1,1,1,1,1,1,1,0
Maze33
1,1,1,2,1,1,1,0,0,0
1,0,0,1,0,0,1,1,1,0
1,0,0,1,0,0,1,0,0,0
1,0,0,1,0,0,1,0,0,0
1,0,0,1,0,0,1,0,0,0
1,0,0,1,0,1,1,0,0,0
1,0,0,1,0,1,1,0,0,0
1,1,1,1,1,1,1,1,0,0
0,1,1,1,1,1,1,1,1,1
0,1,1,1,1,1,1,0,0,0
Maze34
0,1,1,1,1,1,1,1,0,0
0,1,0,0,0,1,0,0,0,0
0,2,0,0,0,1,0,0,0,0
0,0,1,0,0,1,0,0,0,0
0,0,1,0,0,1,0,0,0,0
0,0,1,0,0,1,1,1,1,0
0,0,1,1,1,1,1,1,1,0
0,0,1,1,1,1,1,1,1,1
1,1,1,1,1,1,1,1,1,1
0,0,0,0,0,0,0,0,0,0
Maze35
0,1,1,1,1,1,1,0,0,0
0,1,0,0,0,1,0,1,0,0
1,1,1,1,1,1,1,1,1,1
1,1,0,1,1,1,0,1,1,0
1,1,0,1,1,1,0,1,0,0
1,1,0,1,1,1,0,1,0,0
1,1,1,1,1,2,1,1,0,0
1,1,0,1,1,0,0,1,0,0
1,1,0,1,1,0,0,1,0,0
1,1,1,1,1,1,1,1,0,0
Maze36
0,1,1,1,1,1,0,0,0,0
0,1,0,1,0,1,0,0,0,0
0,1,0,1,0,1,0,0,0,0
1,1,1,1,1,1,1,1,1,1
1,1,1,1,1,1,1,0,0,1
1,1,0,1,0,0,0,0,0,1
1,1,1,1,1,1,1,1,0,1
1,1,1,0,0,0,0,0,0,1
1,1,1,0,0,0,1,1,1,2
1,1,1,1,1,1,1,1,1,1
Maze37
0,2,0,1,1,1,1,1,1,0
0,1,1,1,1,1,1,1,1,1
0,1,0,1,1,0,1,0,1,0
0,1,0,1,1,0,1,1,1,0
0,1,0,1,1,0,1,0,1,0
0,1,1,1,1,1,1,1,1,0
0,1,0,1,1,1,1,1,1,0
0,1,0,1,1,1,0,0,0,0
0,1,0,1,1,1,1,0,0,0
0,1,0,0,1,0,0,0,0,0
Maze38
1,0,0,0,1,0,0,0,0,0
1,1,1,1,1,1,1,0,0,0
1,1,1,2,1,1,1,1,1,1
1,0,0,0,1,0,1,0,0,0
1,1,1,1,1,1,1,1,1,1
1,0,0,0,1,0,1,0,0,0
1,0,0,0,1,1,1,1,1,1
1,0,0,0,1,0,0,1,0,0
1,1,1,1,1,1,1,1,1,1
1,0,0,0,1,1,1,1,0,0
Maze39
0,1,0,0,0,0,0,0,0,0
0,1,1,1,1,1,1,1,1,1
0,1,0,1,1,0,0,0,0,0
1,1,1,1,1,1,1,1,1,1
1,1,1,1,1,1,1,0,0,0
0,1,1,1,1,0,1,0,0,0
0,1,0,1,1,1,1,1,1,1
0,1,0,1,0,0,0,0,0,0
0,1,0,0,0,0,0,0,0,0
0,1,1,1,1,1,1,2,0,0
Maze40
1,0,0,0,0,1,1,0,0,0
1,0,1,0,0,1,1,1,1,1
1,0,1,0,0,1,1,0,0,0
1,0,1,1,1,1,1,1,1,0
1,1,0,0,0,1,1,0,1,0
1,1,0,0,0,1,1,0,1,0
1,1,1,1,1,1,1,1,1,0
1,1,1,2,0,1,0,0,0,0
1,1,0,0,0,1,0,0,0,0
1,1,1,1,1,1,1,1,0,0
Maze41
0,1,1,1,1,1,1,1,1,1
1,1,1,0,0,0,0,0,0,0
1,1,1,1,1,1,1,1,1,1
1,1,1,1,1,1,1,1,1,1
1,1,1,0,0,1,0,1,1,1
1,1,1,1,1,1,0,1,1,1
1,1,1,0,0,0,0,0,0,1
1,1,1,1,1,1,1,1,1,1
1,1,1,1,1,1,1,1,1,1
1,1,1,1,1,1,1,1,2,1
Maze42
0,0,0,1,1,1,1,0,0,0
0,0,0,1,0,0,1,0,0,0
0,0,0,1,0,1,1,0,0,0
0,0,0,1,0,1,1,1,1,0
1,0,0,1,0,1,1,0,0,0
1,0,0,1,1,1,1,1,1,2
1,0,0,1,1,1,1,0,0,0
1,1,1,1,1,1,1,1,1,0
1,0,0,1,0,1,1,0,0,0
1,1,1,1,1,1,1,0,0,0
Maze43
1,1,1,1,1,1,1,1,1,1
1,0,0,0,0,1,1,1,1,1
1,0,0,0,1,1,0,0,0,1
1,0,0,0,1,1,0,0,0,1
1,0,0,0,1,1,0,0,0,1
1,0,0,0,1,1,1,1,1,1
1,0,0,0,1,1,1,0,0,0
1,0,1,0,2,1,1,1,0,0
1,0,1,0,0,1,1,1,0,0
1,1,1,1,1,1,1,1,1,0
Maze44
1,1,1,1,1,1,1,1,0,0
1,1,1,1,0,0,0,1,0,0
1,1,1,1,1,1,1,1,1,1
1,1,0,1,1,0,0,1,0,0
1,1,1,1,1,1,1,1,1,2
1,1,0,1,1,0,0,1,0,0
1,1,0,1,1,0,0,1,0,0
1,1,1,1,1,1,1,1,1,1
0,1,0,1,0,0,0,1,0,0
0,0,0,1,1,1,1,1,1,1
Maze45
1,1,1,1,1,1,0,0,0,0
1,0,0,1,1,1,1,1,1,1
1,0,0,1,0,1,0,1,0,0
1,0,0,1,0,1,0,1,0,0
1,1,1,1,1,1,1,1,1,1
1,0,0,1,0,1,0,1,0,0
0,0,0,1,1,2,1,1,1,0
0,0,0,1,0,0,0,0,0,0
1,1,1,1,1,1,0,0,0,0
1,1,1,1,1,1,1,0,0,0
Maze46
0,0,0,1,1,1,0,0,0,0
1,1,1,1,1,0,0,0,0,0
1,1,1,1,1,1,1,1,1,1
1,0,0,1,1,1,1,1,0,0
1,0,0,1,1,1,2,0,0,0
0,1,1,1,1,1,1,1,1,1
0,1,0,1,1,0,0,0,0,0
0,1,0,1,1,0,0,0,0,0
0,1,0,1,1,1,1,1,1,1
0,1,1,1,1,1,1,1,1,0
Maze47
0,0,0,0,0,0,0,0,0,0
0,1,0,0,0,0,0,0,0,0
0,1,0,0,0,0,0,0,0,0
0,1,0,1,0,0,0,0,0,0
0,1,0,1,1,1,1,1,1,1
0,1,0,2,0,0,0,0,0,0
1,1,1,1,1,1,1,1,1,1
0,1,0,1,0,0,0,0,0,0
0,1,1,1,1,1,1,1,1,1
0,1,1,1,1,1,1,1,1,0
Maze48
0,1,1,1,1,1,1,1,1,1
0,1,0,0,0,0,0,1,1,0
0,1,0,0,0,0,0,1,1,0
0,1,0,0,1,0,0,1,1,0
1,1,1,1,1,1,1,1,1,1
1,1,0,0,1,0,1,0,1,0
1,1,0,0,1,0,1,0,1,0
1,1,0,0,1,0,1,0,2,0
1,1,1,1,1,1,1,1,0,0
1,1,1,1,1,1,1,1,1,0
Maze49
0,0,0,0,0,1,1,1,1,1
0,0,0,1,0,1,0,0,0,0
1,1,1,1,1,1,1,1,1,0
1,0,0,1,1,1,1,1,1,1
1,0,0,1,0,1,1,0,0,0
1,0,0,1,0,1,1,0,0,0
1,1,1,2,1,1,1,1,1,1
0,0,0,1,0,1,0,0,0,1
0,0,0,1,1,1,1,1,1,1
0,0,0,1,0,0,0,0,0,0
Maze50
1,1,1,1,1,1,1,1,0,0
1,1,0,0,0,1,0,1,0,0
1,1,0,0,0,1,0,1,0,0
1,1,1,1,1,1,2,1,0,0
1,1,1,1,1,1,1,1,1,0
1,1,1,1,0,1,0,1,0,0
1,1,1,1,0,1,1,1,1,0
1,1,1,1,0,0,0,0,0,0
1,1,1,1,1,1,1,1,1,1
0,1,1,1,1,1,1,1,1,0
Maze51
1,1,1,1,1,1,1,0,0,0
1,1,1,1,1,1,1,1,1,1
1,0,1,1,0,1,0,0,0,0
1,0,1,1,1,1,1,1,1,1
1,0,1,1,0,1,0,1,0,1
1,0,1,1,0,1,0,1,0,1
1,0,1,1,0,1,1,2,1,1
1,0,1,1,0,0,0,0,0,1
1,0,1,1,0,0,0,0,0,1
0,0,1,1,1,1,1,1,1,1
Maze52
1,1,1,1,1,1,1,0,0,0
1,0,0,0,1,1,0,0,1,1
1,1,1,1,1,1,1,1,1,1
1,0,1,0,1,1,1,0,1,1
1,0,1,0,1,1,1,0,1,1
1,0,1,0,1,1,1,1,1,2
1,0,1,0,0,1,1,0,1,1
1,0,1,0,0,0,1,0,1,1
1,1,1,1,1,1,1,1,1,1
0,0,0,0,0,0,1,1,1,1
Maze53
1,0,1,0,0,0,0,0,0,0
1,1,1,1,1,1,1,1,1,1
1,1,1,1,1,1,1,1,0,0
1,1,1,1,1,1,1,1,1,1
1,1,1,1,0,0,0,0,0,1
1,1,1,1,0,0,0,0,0,1
1,1,1,1,0,0,0,0,0,1
2,0,1,1,0,0,0,0,0,1
1,1,1,1,0,0,0,0,0,1
1,1,1,1,1,1,1,1,1,1
Maze54
1,1,1,1,1,1,1,1,0,0
1,1,0,0,0,0,1,0,0,0
1,1,0,1,1,1,1,1,2,0
1,1,0,1,0,0,1,0,0,0
1,1,1,1,1,1,1,1,1,0
1,1,1,1,1,1,1,1,1,1
0,1,0,1,0,0,1,0,0,1
0,1,0,1,0,0,1,0,0,1
0,0,0,1,0,0,1,1,1,1
0,0,0,1,1,1,1,1,1,0
Maze55
0,1,1,0,0,0,0,0,0,0
0,1,1,0,0,0,0,0,0,0
1,1,1,0,1,1,1,1,1,0
1,1,1,1,1,2,1,0,0,0
1,1,1,0,0,1,1,0,0,0
1,1,1,0,0,1,1,0,0,0
1,1,1,0,0,1,1,0,0,0
1,1,1,0,0,1,1,0,0,0
1,1,1,1,1,1,1,1,1,0
1,1,1,1,1,1,1,1,0,0
Maze56
0,0,0,1,1,1,1,2,0,0
0,1,0,1,0,1,1,1,1,0
1,1,0,1,0,1,0,0,0,0
1,1,1,1,1,1,1,1,1,0
1,1,0,1,0,1,0,0,0,0
1,1,1,1,1,1,1,1,0,0
1,1,1,1,1,1,1,1,1,1
1,0,0,1,0,0,0,0,0,0
1,0,0,1,1,0,0,0,0,0
1,1,1,1,1,1,1,1,1,1
Maze57
1,0,0,1,0,0,0,0,0,0
1,0,0,1,1,1,1,1,1,1
1,0,0,1,0,0,0,0,0,1
1,1,1,1,1,1,1,1,1,1
1,0,1,1,1,0,0,0,0,0
1,1,1,1,1,1,0,0,0,0
1,0,1,0,1,0,0,0,0,0
1,0,1,1,1,1,1,1,1,2
1,0,1,0,1,0,0,0,0,0
1,1,1,1,1,1,1,1,1,0
Maze58
1,1,1,1,1,0,0,0,0,0
1,1,1,1,1,1,1,0,0,0
1,1,1,1,1,1,1,1,1,1
0,1,0,0,1,0,1,0,0,1
0,1,1,1,1,1,1,1,1,2
0,1,0,0,1,0,1,0,0,1
0,0,0,0,1,0,1,0,0,1
1,1,1,1,1,1,1,1,1,1
1,0,0,0,0,0,1,0,0,0
1,1,1,1,1,1,1,1,1,0
Maze59
0,1,0,1,1,1,1,1,1,0
0,1,1,1,1,1,1,1,1,0
1,2,1,1,1,1,1,1,1,0
1,0,0,1,1,1,0,0,1,0
1,0,0,1,1,1,1,1,1,1
1,0,0,0,1,1,0,1,1,0
1,0,0,0,1,1,1,1,1,1
1,0,0,0,1,0,0,1,1,0
1,0,0,0,1,0,0,1,1,0
1,1,1,1,1,1,1,1,1,0
Maze60
0,1,1,0,0,0,0,0,0,0
0,1,1,1,1,1,1,1,1,0
0,1,1,0,0,0,0,0,0,0
0,2,1,1,1,1,1,1,1,0
0,1,1,0,0,0,0,0,0,0
0,1,1,0,0,0,0,0,0,0
0,1,1,0,0,0,0,0,0,0
0,1,1,0,0,0,0,0,0,0
0,1,1,1,1,1,1,1,1,1
0,1,1,0,0,0,0,0,0,0
Maze61
0,1,0,0,0,0,0,0,0,0
0,1,0,1,1,1,1,1,1,0
0,1,0,1,0,0,0,1,0,0
0,1,0,1,0,0,0,1,0,0
1,1,1,1,1,1,1,1,1,1
1,1,0,1,0,0,0,1,0,0
1,1,1,1,1,1,1,1,1,1
1,1,1,1,0,0,0,2,1,0
0,1,1,1,0,0,0,0,1,0
0,1,1,1,1,1,1,0,1,0
Maze62
0,1,1,1,1,1,0,0,0,0
0,1,0,1,1,1,0,0,0,0
0,1,1,1,1,1,0,0,0,0
0,0,0,1,1,1,0,0,0,0
0,0,0,1,1,1,1,1,0,0
0,0,0,1,1,1,1,1,1,1
0,0,1,1,1,1,1,1,1,0
1,1,2,0,0,0,1,1,0,0
1,0,0,0,0,0,1,1,1,0
1,1,1,1,1,1,1,1,0,0
Maze63
0,1,1,1,1,1,1,1,1,1
0,1,0,1,1,0,0,0,0,0
0,1,0,1,1,1,1,1,0,0
0,1,1,1,1,1,1,1,1,1
0,1,0,1,1,1,1,1,1,1
0,1,0,1,1,0,0,1,0,0
0,1,0,1,1,0,0,1,0,0
0,2,0,1,1,0,0,1,0,0
0,1,1,1,1,1,1,1,1,1
0,1,1,1,1,0,1,0,0,0
Maze64
0,0,1,1,1,1,1,1,1,1
1,0,1,0,0,0,0,0,1,0
2,1,1,1,0,0,0,0,1,0
1,0,1,0,0,0,0,0,1,0
1,0,1,1,1,1,0,0,1,0
1,0,1,0,0,1,0,0,1,0
1,1,1,1,1,1,1,1,1,1
1,1,1,1,1,1,1,1,1,1
1,1,1,1,1,1,1,1,1,0
1,1,1,1,1,1,1,1,1,1
Maze65
0,0,1,1,1,1,1,1,1,1
0,0,1,0,0,1,1,1,1,0
0,0,1,0,0,1,1,0,1,0
1,1,1,1,1,1,1,1,1,1
1,0,1,0,0,2,1,0,1,0
1,0,1,0,0,1,1,0,1,0
1,0,1,1,1,1,0,0,1,0
1,0,1,1,1,1,1,0,1,0
1,0,1,1,0,0,0,0,1,0
1,1,1,1,1,1,1,1,1,1
Maze66
0,0,1,0,1,1,1,1,0,0
0,0,1,1,1,2,1,1,1,0
0,0,1,0,1,1,0,1,0,0
0,0,1,0,1,1,0,1,0,0
0,1,1,1,1,1,0,1,0,0
0,1,1,0,1,0,0,1,0,0
0,1,1,0,1,0,0,1,0,0
0,1,1,0,1,0,0,1,0,0
0,1,1,1,1,1,1,1,1,1
0,0,1,0,1,1,1,1,1,0
Maze67
1,1,1,1,1,1,1,0,0,0
1,1,0,0,0,0,1,0,0,0
1,1,0,0,0,0,1,0,0,0
1,1,1,1,1,1,1,1,1,1
1,1,1,0,1,0,1,0,0,0
1,1,1,0,1,1,1,1,2,0
1,1,1,0,1,0,0,0,0,0
1,1,1,1,1,1,1,1,0,0
1,1,1,0,0,0,0,0,0,0
1,1,1,1,0,0,0,0,0,0
Maze68
1,1,1,1,1,1,1,1,1,1
1,1,1,1,0,0,0,0,0,0
1,1,1,1,1,1,1,1,1,0
1,1,1,2,1,1,1,1,1,1
1,1,0,1,0,1,0,0,1,0
1,1,1,1,1,1,1,0,1,0
1,1,0,1,0,1,0,0,1,0
1,0,0,1,0,0,0,0,1,0
1,1,1,1,1,1,1,1,1,1
0,0,0,1,0,0,0,0,0,0
Maze69
0,0,0,0,0,0,0,0,1,1
0,0,0,0,1,1,1,1,1,1
0,0,0,0,1,1,1,1,1,1
0,0,1,1,1,1,1,1,1,1
0,0,1,0,1,1,0,0,1,1
0,0,1,0,1,1,0,0,1,1
0,1,1,1,1,1,2,1,1,1
0,1,1,0,1,1,0,0,0,1
0,1,1,0,1,1,0,0,0,1
0,1,1,1,1,1,1,1,1,1
Maze70
0,0,1,0,0,0,0,1,0,0
1,0,1,0,1,1,1,1,1,0
1,0,1,0,1,0,0,1,0,0
1,1,1,1,1,1,1,1,1,1
1,1,1,0,1,0,0,1,0,1
1,1,2,1,1,1,1,1,1,1
1,0,1,0,1,0,0,1,0,0
1,0,1,0,1,0,0,1,0,0
1,1,1,1,1,1,1,1,1,0
1,0,0,0,1,0,0,0,0,0
Maze71
0,1,1,1,1,1,1,1,1,0
0,1,0,1,0,1,0,1,0,0
1,1,0,1,0,1,0,1,0,0
1,1,1,1,1,1,1,1,1,1
1,0,1,0,0,1,1,1,1,0
1,0,1,0,0,1,1,1,1,0
1,1,1,1,1,1,1,1,1,1
1,0,1,0,0,1,1,0,1,0
1,0,2,0,0,1,1,0,1,0
1,1,1,1,1,1,1,1,1,1
Maze72
1,1,1,1,1,1,1,1,2,0
1,0,0,0,0,0,0,0,0,0
1,0,1,1,1,1,0,0,0,0
1,0,1,1,0,1,0,0,0,0
1,1,1,1,1,1,1,1,1,1
1,1,1,0,0,1,0,0,0,1
0,1,1,0,1,1,1,1,1,1
0,1,1,0,1,0,0,0,0,1
0,1,1,1,1,1,1,1,1,1
0,1,0,0,1,0,0,0,0,0
Maze73
1,0,0,0,1,0,0,0,0,0
1,1,1,1,1,1,1,1,2,1
1,0,0,0,0,0,0,0,0,1
1,1,1,1,1,1,1,1,1,1
1,0,0,1,1,1,1,1,1,1
1,0,0,1,0,0,0,0,0,1
1,1,1,1,1,1,1,1,1,1
1,0,0,1,1,1,1,0,0,0
1,0,0,1,0,1,1,1,0,0
1,1,1,1,1,1,1,1,1,1
Maze74
1,1,1,1,1,1,1,1,1,0
1,1,0,0,0,1,0,0,0,0
1,1,0,1,0,1,0,0,0,0
1,1,0,1,1,1,1,1,0,0
1,1,0,1,1,1,0,0,0,0
1,1,0,1,0,1,0,0,0,0
1,1,0,0,0,1,0,0,0,0
1,1,1,1,1,1,1,1,0,0
0,1,1,1,1,1,1,1,1,1
0,1,2,0,0,1,0,0,0,0
Maze75
0,0,1,1,1,1,1,1,1,1
0,0,1,0,1,1,0,0,1,0
0,0,0,0,1,1,0,0,1,0
1,1,1,1,1,1,1,1,1,1
1,0,0,0,1,0,0,0,1,0
1,0,0,0,1,0,0,0,1,0
1,0,1,1,1,0,0,0,1,1
1,0,1,0,0,0,0,0,1,0
2,0,1,1,0,0,0,0,1,0
0,0,1,0,0,0,0,0,0,0
Maze76
0,0,0,1,0,0,0,0,0,0
0,1,1,1,0,0,1,1,0,0
1,1,1,1,1,1,1,1,0,0
1,1,1,1,0,0,0,1,0,0
1,1,1,1,0,0,0,1,0,0
1,1,1,1,1,1,1,1,1,0
2,1,1,1,1,1,1,1,1,1
1,1,1,0,0,0,0,0,0,0
1,1,1,1,1,1,0,0,0,0
0,1,1,1,1,1,1,1,1,1
Maze77
1,1,1,1,1,1,1,1,1,1
1,0,1,0,1,0,0,1,0,1
1,0,1,0,1,0,0,1,0,1
1,0,1,0,1,0,0,1,0,1
1,0,1,0,1,0,0,1,0,1
1,0,1,0,1,0,0,1,0,1
1,0,1,0,1,0,0,1,0,1
2,0,1,1,1,1,1,1,0,1
1,1,1,1,1,1,0,0,0,1
1,1,1,1,1,1,1,1,1,1
Maze78
2,0,0,0,0,1,1,0,0,0
1,1,1,1,1,1,1,1,1,1
0,1,0,0,0,1,1,0,0,0
0,1,1,1,1,1,1,1,1,1
0,1,0,1,1,1,1,0,0,0
0,1,1,1,1,1,1,1,1,1
0,1,0,1,1,1,1,0,0,0
0,1,0,1,1,1,1,0,0,0
0,1,1,1,1,1,1,1,1,1
0,1,1,1,1,1,1,0,0,0
Maze79
0,1,1,1,1,1,1,1,1,1
0,1,0,1,0,0,0,1,1,1
0,1,0,1,0,0,0,1,0,0
1,1,1,1,0,1,0,1,0,0
2,1,1,1,1,1,1,1,1,0
1,1,0,1,0,1,0,1,0,0
1,1,0,1,1,1,0,1,0,0
0,1,1,1,0,1,0,1,0,0
0,1,0,0,0,1,0,1,0,0
0,0,0,0,0,1,1,1,1,1
Maze80
0,1,1,1,0,0,0,1,1,0
0,1,0,1,1,1,0,1,1,0
1,1,1,1,1,1,1,1,1,0
1,1,0,1,0,0,0,0,1,0
1,1,1,1,1,1,2,1,1,0
1,1,0,1,0,0,0,0,1,0
1,1,0,1,0,0,0,0,1,0
1,1,1,1,1,1,1,1,1,1
1,1,1,1,1,1,0,0,1,0
0,0,0,1,1,1,1,1,1,1
Maze81
0,0,0,0,0,0,0,1,1,1
0,0,1,1,1,1,1,1,1,1
1,1,1,0,1,0,0,1,1,1
1,0,1,1,1,0,0,1,1,1
1,0,1,0,0,0,0,1,1,1
1,0,1,0,0,0,0,1,1,1
1,1,1,1,1,1,1,1,1,1
1,1,1,1,1,1,1,1,0,0
0,1,0,0,0,0,0,0,0,0
0,1,1,1,1,1,1,1,2,0
Maze82
0,1,0,1,0,1,1,1,0,0
0,1,0,1,0,1,0,1,0,0
0,1,0,1,0,1,0,1,0,0
0,1,0,1,1,1,1,1,1,1
0,1,0,2,1,1,1,1,1,1
0,1,0,1,0,1,0,0,0,1
0,1,0,1,0,1,1,1,1,1
0,1,1,1,1,1,1,1,1,1
0,1,0,1,0,1,0,0,0,0
0,1,1,1,1,1,1,1,1,1
Maze83
1,1,1,1,1,1,1,1,1,1
1,1,1,0,0,1,0,0,0,1
1,1,1,1,1,1,1,1,0,1
1,1,2,0,0,1,0,1,0,1
1,1,1,0,0,1,0,1,0,1
1,1,1,1,0,1,0,1,0,1
1,1,1,1,1,1,1,1,0,1
1,1,1,1,0,1,1,1,1,1
1,1,1,1,1,1,1,1,1,0
1,0,0,1,1,1,1,1,0,0
Maze84
0,0,0,0,0,1,1,1,1,0
1,1,1,1,1,1,1,1,1,0
1,0,0,0,0,1,0,1,0,0
1,1,1,1,1,1,1,1,1,1
1,0,0,1,0,1,0,1,0,0
1,1,1,2,1,1,1,1,1,0
1,0,0,1,0,1,0,1,0,0
1,0,0,1,0,1,0,1,0,0
1,1,1,1,1,1,1,1,1,1
1,0,0,1,0,1,0,1,0,0
Maze85
1,1,1,1,1,1,0,0,0,0
1,0,1,0,0,0,0,0,1,1
1,0,2,0,0,0,1,1,1,0
1,0,1,1,1,1,1,1,1,0
1,1,1,1,1,1,1,1,1,1
1,0,1,0,0,0,1,1,1,0
1,0,1,0,0,0,1,1,1,0
1,0,1,0,0,0,1,1,0,0
1,1,1,1,1,1,1,1,1,1
1,1,1,1,1,1,1,1,0,0
Maze86
1,1,1,0,0,0,0,0,0,0
1,1,1,0,0,0,0,0,0,0
1,1,1,1,1,1,0,0,0,0
1,1,1,0,0,0,0,0,0,1
2,1,1,0,0,0,0,0,0,1
1,1,1,0,0,0,0,0,0,1
1,1,1,1,1,1,1,1,1,1
1,1,1,1,1,1,1,0,0,0
1,0,1,0,1,0,0,0,0,0
1,1,1,1,1,1,0,0,0,0
Maze87
1,1,1,1,1,1,1,1,0,0
1,0,1,1,0,0,0,0,0,0
1,1,1,1,1,1,1,1,2,0
1,1,1,1,1,1,1,1,1,1
1,1,1,1,0,0,0,0,1,0
1,1,1,1,1,1,1,1,1,1
1,1,1,1,1,1,1,1,1,0
1,1,1,1,0,0,0,0,1,0
1,1,1,1,1,1,1,1,1,0
0,0,1,1,1,1,1,1,1,0
Maze88
0,0,1,0,0,0,0,1,0,0
0,1,1,1,1,1,1,1,1,2
0,1,1,0,0,0,0,1,0,0
0,1,1,0,1,0,0,1,0,0
0,1,1,0,1,1,1,1,1,1
0,1,1,0,1,0,0,1,0,0
0,1,1,1,1,1,0,1,1,0
0,1,1,0,1,0,0,1,1,0
0,1,1,1,1,1,1,1,1,1
0,0,0,0,1,1,1,1,0,0
Maze89
1,1,1,1,1,1,1,1,0,0
1,0,0,0,1,1,0,1,0,0
1,0,0,0,1,1,1,1,1,1
1,1,1,1,1,1,1,1,1,0
1,0,0,0,1,1,0,1,0,0
1,1,1,1,1,1,1,1,0,0
1,0,0,1,1,1,1,0,0,0
1,0,0,1,1,1,1,0,0,0
1,0,0,1,2,1,1,1,0,0
1,1,1,1,1,1,0,0,0,0
Maze90
0,0,0,0,0,0,0,0,0,0
0,0,0,1,1,1,2,0,0,0
0,1,0,1,0,0,1,0,0,0
0,1,1,1,1,1,1,1,1,1
0,1,0,1,0,0,1,0,0,0
0,1,0,1,1,1,1,1,1,1
1,1,1,1,1,1,1,1,1,0
1,1,0,1,0,0,1,0,0,0
1,1,0,1,0,0,1,1,1,0
0,1,1,1,1,1,1,1,1,1
Maze91
0,1,1,1,1,1,1,0,0,0
1,1,1,1,1,1,1,1,1,1
1,1,1,0,1,1,0,0,0,0
1,1,1,0,1,1,0,0,0,0
1,1,1,1,1,1,0,0,0,0
1,1,1,1,1,2,0,0,0,0
1,1,1,1,1,1,1,1,1,0
1,1,1,1,1,1,1,0,0,0
0,1,1,1,1,1,1,0,0,0
0,0,0,0,1,1,0,0,0,0
Maze92
0,2,1,1,0,0,0,1,0,0
0,1,1,1,1,1,1,1,1,1
0,1,0,1,0,1,0,1,0,0
0,1,1,1,1,1,1,1,1,0
0,1,0,1,0,1,0,1,0,0
0,1,0,1,0,1,0,1,0,0
0,1,1,1,1,1,0,1,0,0
0,1,0,1,1,1,0,1,0,0
0,1,1,1,1,1,1,1,1,0
0,1,1,1,1,0,0,0,0,0
Maze93
0,1,1,2,1,1,1,1,1,1
0,1,0,0,1,1,1,1,1,0
0,1,0,0,1,0,1,0,1,0
1,1,1,1,1,1,1,1,1,0
1,1,0,0,1,0,1,0,0,0
1,1,0,0,1,0,1,0,0,0
1,1,0,0,1,0,1,0,0,0
1,1,0,0,1,0,1,0,0,0
1,1,0,0,1,1,1,1,1,0
1,1,1,1,1,1,1,1,1,1
Maze94
1,1,1,1,1,1,1,1,1,0
1,0,0,1,0,1,0,1,0,0
1,0,1,1,1,1,1,1,1,0
1,0,1,1,0,1,0,1,1,0
1,0,1,1,0,1,0,1,1,1
1,0,1,0,0,1,0,0,1,1
1,0,0,0,0,1,0,0,1,2
1,0,0,0,0,1,1,1,1,0
1,1,1,1,1,1,0,1,1,0
0,0,0,0,0,1,1,1,1,1
Maze95
0,0,0,0,1,0,1,1,1,1
0,0,0,0,1,1,1,0,1,0
1,1,1,1,1,1,1,1,1,1
1,0,0,0,1,1,1,0,1,0
1,1,1,1,1,1,1,1,1,1
1,0,0,0,1,1,1,0,1,0
1,0,1,0,1,2,1,0,1,0
1,0,1,0,1,1,1,1,1,1
1,0,1,0,1,0,0,0,1,0
0,0,1,1,1,1,1,1,1,0
Maze96
0,0,1,1,2,1,1,1,1,1
1,1,1,1,1,1,1,0,0,0
1,1,1,0,1,1,1,0,0,0
1,1,1,1,1,1,1,1,1,0
1,1,1,0,1,1,1,1,0,0
1,1,1,0,1,1,1,1,0,0
1,0,0,0,1,1,1,1,1,0
1,0,0,0,1,1,0,1,1,0
1,1,1,1,1,1,1,1,1,1
0,0,1,1,1,1,0,1,0,0
Maze97
0,1,1,1,0,0,0,0,0,0
0,1,0,1,0,0,1,0,0,0
1,1,1,1,1,1,1,1,1,0
1,1,1,1,1,1,1,1,1,1
1,1,1,1,0,0,0,0,0,0
1,1,1,1,0,0,0,0,0,0
1,1,1,1,1,1,1,1,1,1
1,1,1,1,0,0,0,0,1,0
1,0,1,1,0,0,0,0,1,0
0,0,1,1,1,1,1,2,1,1
Maze98
0,0,1,0,0,1,0,0,0,0
0,0,1,1,1,1,1,1,1,0
1,0,1,0,0,1,0,1,1,0
1,0,1,0,0,1,0,1,1,0
1,1,1,1,1,1,1,1,1,1
1,0,0,1,0,1,0,1,1,0
1,1,1,2,1,1,1,1,1,0
1,1,1,1,1,1,1,1,1,1
1,0,1,0,0,1,1,1,0,0
1,1,1,0,0,0,0,0,0,0
Maze99
0,1,1,1,1,1,1,1,0,0
0,1,1,1,1,1,1,0,0,0
0,1,0,1,0,1,1,0,0,0
0,1,1,1,1,1,1,1,1,1
0,1,0,1,0,1,1,0,0,0
0,1,1,1,1,1,1,1,0,0
0,1,0,1,1,1,1,1,2,0
0,1,0,1,0,1,1,1,0,0
0,1,0,1,1,1,1,1,1,1
0,1,1,1,1,1,1,1,0,0
Maze100
1,1,1,1,1,1,1,1,1,1
1,0,0,1,0,0,0,1,0,0
1,0,0,1,0,0,0,1,0,0
1,0,0,1,0,1,1,1,1,1
1,0,0,1,0,1,0,1,0,0
0,0,0,1,0,1,0,1,0,0
0,0,0,1,1,1,1,1,1,1
0,0,0,1,0,1,0,0,0,0
2,1,1,1,1,1,1,1,0,0
0,0,0,1,0,0,0,0,0,0
