numMazes: 100
mazeSize: 10
Maze1
1,1,1,1,1,1,0,0,0,0
1,1,1,1,1,1,0,0,0,0
1,1,1,1,1,1,0,0,0,0
1,1,1,1,1,1,1,0,0,0
1,1,1,1,1,1,0,0,0,0
0,0,0,0,1,0,0,0,0,0
0,0,0,0,1,0,0,0,0,0
0,0,0,0,1,0,0,0,0,0
0,0,0,0,1,0,0,0,0,0
0,0,0,0,2,0,0,0,0,0
Maze2
0,1,1,1,1,1,1,0,0,0
0,1,0,1,1,1,1,1,1,1
0,1,0,1,1,1,1,1,0,0
0,1,0,0,0,0,0,0,0,0
0,1,0,0,0,0,0,0,0,0
0,1,0,0,0,0,0,0,0,0
0,1,0,0,0,0,0,0,0,0
0,1,0,0,0,0,0,0,0,0
0,1,0,0,0,0,0,0,0,0
0,1,1,1,2,0,0,0,0,0
Maze3
0,0,0,0,1,1,1,0,0,0
0,0,1,1,1,1,1,0,0,0
1,1,1,1,1,1,1,0,0,0
1,1,1,1,1,1,1,0,0,0
1,1,1,0,1,0,0,0,0,0
0,0,0,0,1,0,0,0,0,0
0,0,0,0,1,0,0,0,0,0
0,0,0,0,1,0,0,0,0,0
0,0,0,0,1,0,0,0,0,0
0,0,0,0,2,0,0,0,0,0
Maze4
0,1,1,1,0,0,0,0,0,0
0,1,0,1,1,1,1,0,0,0
0,1,0,1,1,1,1,1,0,0
0,1,0,1,1,1,1,1,0,0
0,1,0,1,0,0,0,0,0,0
0,1,0,0,0,0,0,0,0,0
0,1,0,0,0,0,0,0,0,0
0,1,0,0,0,0,0,0,0,0
0,1,0,0,0,0,0,0,0,0
0,1,1,1,2,0,0,0,0,0
Maze5
0,0,0,0,0,0,0,0,0,0
1,1,1,1,0,0,0,0,0,0
1,0,1,1,0,0,0,0,0,0
1,0,1,1,1,1,1,0,0,0
1,0,1,1,1,1,1,0,0,0
1,0,1,1,0,0,0,0,0,0
1,0,0,0,0,0,0,0,0,0
1,0,0,0,0,0,0,0,0,0
1,0,0,0,0,0,0,0,0,0
1,1,1,1,2,0,0,0,0,0
Maze6
0,0,0,0,0,0,0,0,0,0
0,0,0,0,0,0,0,0,0,0
0,0,0,0,0,0,0,0,0,0
0,0,0,0,0,0,0,0,0,0
0,0,0,0,0,0,0,0,0,0
0,0,0,0,1,1,0,0,0,0
0,0,0,0,1,1,0,0,0,0
0,0,0,0,1,1,0,0,0,0
0,0,0,0,1,1,0,0,0,0
0,0,0,0,2,1,1,1,1,0
Maze7
0,0,1,1,1,1,0,0,0,0
0,0,1,0,1,1,0,0,0,0
0,0,1,0,1,1,0,0,0,0
0,0,1,0,1,1,0,0,0,0
0,0,1,0,1,1,1,0,0,0
0,0,1,0,1,1,1,0,0,0
0,0,1,0,0,0,0,0,0,0
0,0,1,0,0,0,0,0,0,0
0,0,1,0,0,0,0,0,0,0
0,0,1,1,2,0,0,0,0,0
Maze8
0,0,1,1,1,1,1,1,1,1
0,0,1,0,1,1,1,1,1,1
0,0,1,0,1,1,0,0,0,0
0,0,1,0,0,0,0,0,0,0
0,0,1,0,0,0,0,0,0,0
0,0,1,0,0,0,0,0,0,0
0,0,1,0,0,0,0,0,0,0
0,0,1,0,0,0,0,0,0,0
0,0,1,0,0,0,0,0,0,0
0,0,1,1,2,0,0,0,0,0
Maze9
0,1,1,1,1,1,1,1,1,0
0,1,0,1,1,1,1,1,1,1
0,1,0,1,1,1,0,0,0,0
0,1,0,0,0,0,0,0,0,0
0,1,0,0,0,0,0,0,0,0
0,1,0,0,0,0,0,0,0,0
0,1,0,0,0,0,0,0,0,0
0,1,0,0,0,0,0,0,0,0
0,1,0,0,0,0,0,0,0,0
0,1,1,1,2,0,0,0,0,0
Maze10
0,1,0,0,0,0,0,0,0,0
0,1,1,1,0,0,0,0,0,0
0,1,0,1,0,0,0,0,0,0
0,1,0,1,0,0,0,0,0,0
0,1,0,1,0,0,0,0,0,0
0,1,0,1,0,0,0,0,0,0
0,1,0,1,1,1,0,0,0,0
0,1,0,0,0,1,0,0,0,0
0,1,0,0,0,1,0,0,0,0
0,1,1,1,2,0,0,0,0,0
Maze11
0,1,1,1,1,1,1,1,0,0
0,1,0,1,1,1,1,1,0,0
0,1,0,1,1,1,0,0,0,0
0,1,0,1,1,1,0,0,0,0
0,1,0,1,0,0,0,0,0,0
0,1,0,0,0,0,0,0,0,0
0,1,0,0,0,0,0,0,0,0
0,1,0,0,0,0,0,0,0,0
0,1,0,0,0,0,0,0,0,0
0,1,1,1,2,0,0,0,0,0
Maze12
0,0,0,1,1,1,1,1,1,0
0,1,1,1,1,1,1,1,1,1
0,1,1,1,1,1,1,1,0,0
0,0,0,1,0,0,0,0,0,0
0,0,0,1,0,0,0,0,0,0
0,0,0,1,0,0,0,0,0,0
0,0,0,1,0,0,0,0,0,0
0,0,0,1,0,0,0,0,0,0
0,0,0,1,0,0,0,0,0,0
0,0,0,1,2,0,0,0,0,0
Maze13
0,0,0,0,0,0,0,0,0,0
0,0,0,0,0,0,0,0,0,0
0,0,0,0,0,0,0,0,0,0
0,0,0,0,0,0,0,0,0,0
0,0,1,1,1,1,1,0,0,0
0,0,1,1,1,1,1,1,0,0
0,0,1,1,1,1,1,1,1,1
0,0,1,0,1,0,0,0,0,0
0,0,0,0,1,0,0,0,0,0
0,0,0,0,2,0,0,0,0,0
Maze14
0,0,0,0,1,1,1,1,1,1
0,0,0,0,1,0,1,1,1,1
0,0,1,1,1,1,1,1,1,1
0,0,1,1,1,1,1,1,1,0
0,0,0,0,1,0,0,0,0,0
0,0,0,0,1,0,0,0,0,0
0,0,0,0,1,0,0,0,0,0
0,0,0,0,1,0,0,0,0,0
0,0,0,0,1,0,0,0,0,0
0,0,0,0,2,0,0,0,0,0
Maze15
0,1,1,1,1,1,1,0,0,0
0,1,0,1,1,1,1,0,0,0
0,1,0,1,1,1,1,1,1,0
0,1,0,1,1,1,1,0,0,0
0,1,0,0,0,0,0,0,0,0
0,1,0,0,0,0,0,0,0,0
0,1,0,0,0,0,0,0,0,0
0,1,0,0,0,0,0,0,0,0
0,1,0,0,0,0,0,0,0,0
0,1,1,1,2,0,0,0,0,0
Maze16
0,1,1,1,1,1,1,0,0,0
0,1,1,1,1,1,1,0,0,0
1,1,1,1,1,1,1,0,0,0
1,1,1,1,1,1,1,0,0,0
0,0,0,1,0,0,0,0,0,0
0,0,0,1,0,0,0,0,0,0
0,0,0,1,0,0,0,0,0,0
0,0,0,1,0,0,0,0,0,0
0,0,0,1,0,0,0,0,0,0
0,0,0,1,2,0,0,0,0,0
Maze17
0,0,0,0,1,1,1,1,1,1
0,0,0,0,1,0,0,1,0,0
0,0,0,0,1,0,1,1,0,0
0,0,0,0,1,0,1,1,1,0
0,0,0,0,1,0,1,1,1,0
0,0,0,0,1,0,1,1,1,0
0,0,0,0,1,0,1,1,1,0
0,0,0,0,1,0,0,0,0,0
0,0,0,0,1,0,0,0,0,0
0,0,0,0,2,0,0,0,0,0
Maze18
0,0,0,0,1,1,1,0,0,0
0,1,1,1,1,1,1,1,1,0
0,1,1,1,1,1,1,1,1,1
0,1,1,1,1,0,0,0,0,0
0,0,0,0,1,0,0,0,0,0
0,0,0,0,1,0,0,0,0,0
0,0,0,0,1,0,0,0,0,0
0,0,0,0,1,0,0,0,0,0
0,0,0,0,1,0,0,0,0,0
0,0,0,0,2,0,0,0,0,0
Maze19
0,0,0,0,1,1,1,1,1,1
0,0,0,0,1,0,1,1,1,1
0,0,1,1,1,1,1,1,1,0
0,0,1,1,1,1,1,0,0,0
0,0,0,0,1,0,0,0,0,0
0,0,0,0,1,0,0,0,0,0
0,0,0,0,1,0,0,0,0,0
0,0,0,0,1,0,0,0,0,0
0,0,0,0,1,0,0,0,0,0
0,0,0,0,2,0,0,0,0,0
Maze20
0,1,1,1,1,1,1,1,1,0
0,1,0,1,1,1,1,1,0,0
0,1,0,1,1,1,1,1,0,0
0,1,0,1,1,1,1,1,0,0
0,1,0,1,0,0,0,0,0,0
0,1,0,0,0,0,0,0,0,0
0,1,0,0,0,0,0,0,0,0
0,1,0,0,0,0,0,0,0,0
0,1,0,0,0,0,0,0,0,0
0,1,1,1,2,0,0,0,0,0
Maze21
0,0,0,0,0,0,0,0,0,0
0,0,1,1,1,1,1,0,0,0
0,0,1,1,1,1,1,0,0,0
0,1,1,1,1,1,1,0,0,0
0,1,1,1,1,1,1,0,0,0
0,0,0,0,1,0,0,0,0,0
0,0,0,0,1,0,0,0,0,0
0,0,0,0,1,0,0,0,0,0
0,0,0,0,1,0,0,0,0,0
0,0,0,0,2,0,0,0,0,0
Maze22
0,0,0,0,0,0,0,0,0,0
0,0,0,0,0,0,0,0,0,0
0,0,0,0,0,0,0,0,0,0
0,0,0,0,0,0,0,0,0,0
0,0,1,1,1,1,1,1,0,0
0,0,1,0,1,1,1,1,0,0
0,0,1,0,1,1,1,1,0,0
0,0,1,0,1,1,0,0,0,0
0,0,1,0,0,0,0,0,0,0
0,0,1,1,2,0,0,0,0,0
Maze23
0,0,0,0,0,0,0,0,0,0
0,0,0,0,0,0,0,0,0,0
0,0,0,0,0,0,0,0,0,0
0,0,0,0,1,1,1,1,1,0
0,0,0,0,1,0,1,1,1,1
0,0,0,0,1,0,1,1,1,1
0,0,0,0,1,0,1,1,1,0
0,0,0,0,1,0,0,0,0,0
0,0,0,0,1,0,0,0,0,0
0,0,0,0,2,0,0,0,0,0
Maze24
0,1,1,1,1,1,1,1,1,1
0,1,1,1,1,1,1,1,1,0
0,1,1,1,1,1,1,0,0,0
0,0,0,0,1,0,0,0,0,0
0,0,0,0,1,0,0,0,0,0
0,0,0,0,1,0,0,0,0,0
0,0,0,0,1,0,0,0,0,0
0,0,0,0,1,0,0,0,0,0
0,0,0,0,1,0,0,0,0,0
0,0,0,0,2,0,0,0,0,0
Maze25
0,0,0,0,1,1,1,1,1,1
0,1,1,1,1,1,1,1,1,1
0,1,0,0,1,0,0,0,0,0
0,1,0,0,1,0,0,0,0,0
0,1,0,0,1,0,0,0,0,0
0,1,1,1,1,1,1,1,0,0
0,1,1,1,1,1,1,1,0,0
0,0,1,0,1,0,0,0,0,0
0,0,0,0,1,0,0,0,0,0
0,0,0,0,2,0,0,0,0,0
Maze26
0,0,0,0,0,0,0,0,0,0
0,0,0,0,1,1,1,1,1,0
0,0,0,0,1,0,1,1,1,0
0,0,0,0,1,0,1,1,1,0
0,0,1,1,1,1,1,1,1,1
0,0,1,1,1,0,0,0,0,0
0,0,0,0,1,0,0,0,0,0
0,0,0,0,1,0,0,0,0,0
0,0,0,0,1,0,0,0,0,0
0,0,0,0,2,0,0,0,0,0
Maze27
1,1,1,1,1,1,1,1,1,0
1,1,1,1,1,1,1,1,1,0
1,1,1,1,1,1,1,0,0,0
1,1,1,1,1,0,0,0,0,0
0,0,0,0,1,0,0,0,0,0
0,0,0,0,1,0,0,0,0,0
0,0,0,0,1,0,0,0,0,0
0,0,0,0,1,0,0,0,0,0
0,0,0,0,1,0,0,0,0,0
0,0,0,0,2,0,0,0,0,0
Maze28
0,0,0,0,1,1,1,1,1,0
0,0,0,0,1,0,1,1,1,1
0,0,1,1,1,1,1,1,1,0
0,0,1,1,1,1,1,1,0,0
0,0,0,0,1,0,0,0,0,0
0,0,0,0,1,0,0,0,0,0
0,0,0,0,1,0,0,0,0,0
0,0,0,0,1,0,0,0,0,0
0,0,0,0,1,0,0,0,0,0
0,0,0,0,2,0,0,0,0,0
Maze29
0,1,1,1,1,1,1,0,0,0
0,1,0,1,1,1,1,0,0,0
0,1,0,1,1,1,1,0,0,0
0,1,0,1,1,1,1,0,0,0
0,1,0,1,1,1,0,0,0,0
0,1,0,0,0,0,0,0,0,0
0,1,0,0,0,0,0,0,0,0
0,1,0,0,0,0,0,0,0,0
0,1,0,0,0,0,0,0,0,0
0,1,1,1,2,0,0,0,0,0
Maze30
0,0,0,0,0,0,0,0,0,0
1,1,1,1,1,1,0,0,0,0
1,1,1,1,1,1,1,0,0,0
1,1,1,1,1,1,1,1,0,0
1,1,1,1,1,1,1,0,0,0
0,0,0,1,0,0,0,0,0,0
0,0,0,1,0,0,0,0,0,0
0,0,0,1,0,0,0,0,0,0
0,0,0,1,0,0,0,0,0,0
0,0,0,1,2,0,0,0,0,0
Maze31
0,0,0,0,1,1,1,1,1,1
0,1,1,1,1,1,1,1,1,1
0,1,1,1,1,1,1,1,1,0
0,0,0,0,1,0,0,0,0,0
0,0,0,0,1,0,0,0,0,0
0,0,0,0,1,0,0,0,0,0
0,0,0,0,1,0,0,0,0,0
0,0,0,0,1,0,0,0,0,0
0,0,0,0,1,0,0,0,0,0
0,0,0,0,2,0,0,0,0,0
Maze32
0,0,1,1,1,1,0,0,0,0
0,0,1,0,1,0,0,0,0,0
0,0,1,0,1,0,0,0,0,0
0,0,1,1,1,1,1,1,1,0
0,0,1,1,1,1,1,1,1,1
0,0,1,1,1,0,0,0,0,0
0,0,0,0,1,0,0,0,0,0
0,0,0,0,1,0,0,0,0,0
0,0,0,0,1,0,0,0,0,0
0,0,0,0,2,0,0,0,0,0
Maze33
0,0,0,0,0,0,0,0,0,0
0,1,1,1,0,0,0,0,0,0
0,1,1,1,1,1,0,0,0,0
0,1,1,1,1,1,1,1,0,0
0,1,1,1,1,1,1,1,0,0
0,1,0,1,0,0,0,0,0,0
0,0,0,1,0,0,0,0,0,0
0,0,0,1,0,0,0,0,0,0
0,0,0,1,0,0,0,0,0,0
0,0,0,1,2,0,0,0,0,0
Maze34
0,1,1,1,1,1,1,1,1,1
1,1,1,1,1,1,1,1,1,1
1,1,1,1,1,1,1,1,1,0
1,1,1,1,1,1,1,1,1,0
1,0,0,1,0,0,0,0,0,0
0,0,0,1,0,0,0,0,0,0
0,0,0,1,0,0,0,0,0,0
0,0,0,1,0,0,0,0,0,0
0,0,0,1,0,0,0,0,0,0
0,0,0,1,2,0,0,0,0,0
Maze35
0,0,0,0,1,1,1,0,0,0
0,0,0,0,1,0,1,1,1,1
0,0,1,1,1,1,1,1,1,1
0,0,1,1,1,1,1,0,0,0
0,0,1,1,1,1,1,1,1,0
0,0,0,0,1,0,0,0,0,0
0,0,0,0,1,0,0,0,0,0
0,0,0,0,1,0,0,0,0,0
0,0,0,0,1,0,0,0,0,0
0,0,0,0,2,0,0,0,0,0
Maze36
0,0,0,0,0,0,0,0,0,0
1,1,0,0,0,0,0,0,0,0
1,0,0,0,0,0,0,0,0,0
1,0,0,0,0,0,0,0,0,0
1,0,0,0,0,0,0,0,0,0
1,0,0,0,0,0,0,0,0,0
1,0,0,0,0,0,0,0,0,0
1,0,0,0,0,0,0,0,0,0
1,0,0,0,0,0,0,0,0,0
1,1,1,1,2,0,0,0,0,0
Maze37
0,0,0,0,0,0,0,0,0,0
0,0,0,0,0,0,0,0,0,0
0,1,1,1,1,1,1,1,1,1
1,1,1,1,1,1,1,1,1,1
1,1,0,0,1,0,0,0,0,0
0,0,0,0,1,0,0,0,0,0
0,0,0,0,1,0,0,0,0,0
0,0,0,0,1,0,0,0,0,0
0,0,0,0,1,0,0,0,0,0
0,0,0,0,2,0,0,0,0,0
Maze38
0,0,0,1,0,0,0,0,0,0
0,0,0,1,1,1,0,0,0,0
0,0,0,1,0,1,0,0,0,0
0,0,0,1,0,1,0,0,0,0
0,0,0,1,0,1,1,0,0,0
0,0,0,1,0,1,1,1,1,1
0,0,0,1,0,0,1,1,1,0
0,0,0,1,0,0,0,0,0,0
0,0,0,1,0,0,0,0,0,0
0,0,0,1,2,0,0,0,0,0
Maze39
0,1,1,1,1,1,1,1,1,1
0,1,0,1,1,1,1,1,1,1
0,1,0,1,1,1,1,1,0,0
0,1,0,0,0,0,0,0,0,0
0,1,0,0,0,0,0,0,0,0
0,1,0,0,0,0,0,0,0,0
0,1,0,0,0,0,0,0,0,0
0,1,0,0,0,0,0,0,0,0
0,1,0,0,0,0,0,0,0,0
0,1,1,1,2,0,0,0,0,0
Maze40
0,0,0,0,0,0,0,0,0,0
0,0,0,0,0,0,0,0,0,0
0,0,0,0,0,0,0,0,0,0
0,0,0,0,1,1,1,0,0,0
0,0,0,0,1,0,1,0,0,0
0,0,0,0,1,0,1,0,0,0
0,0,1,1,1,1,1,0,0,0
0,0,1,1,1,1,1,0,0,0
0,0,1,1,1,1,1,0,0,0
0,0,0,0,2,0,0,0,0,0
Maze41
0,1,1,1,1,1,1,1,1,1
0,1,0,0,0,0,1,1,1,1
0,1,0,0,0,0,1,1,1,1
0,1,0,0,0,0,0,0,0,0
0,1,0,0,0,0,0,0,0,0
0,1,0,0,0,0,0,0,0,0
0,1,0,0,0,0,0,0,0,0
0,1,0,0,0,0,0,0,0,0
0,1,0,0,0,0,0,0,0,0
0,1,1,1,2,0,0,0,0,0
Maze42
0,0,1,1,1,1,0,0,0,0
0,0,1,0,1,0,0,0,0,0
0,0,1,0,1,0,0,0,0,0
0,0,1,0,1,0,0,0,0,0
0,0,1,1,1,1,1,1,1,1
0,1,1,1,1,1,1,1,0,0
0,1,1,1,1,1,1,0,0,0
0,0,0,0,1,0,0,0,0,0
0,0,0,0,1,0,0,0,0,0
0,0,0,0,2,0,0,0,0,0
Maze43
0,1,0,0,0,0,0,0,0,0
0,1,1,1,0,0,0,0,0,0
0,1,0,1,1,1,1,0,0,0
0,1,0,1,1,1,1,0,0,0
0,1,0,1,1,1,1,0,0,0
0,1,0,1,1,1,0,0,0,0
0,1,0,0,0,0,0,0,0,0
0,1,0,0,0,0,0,0,0,0
0,1,0,0,0,0,0,0,0,0
0,1,1,1,2,0,0,0,0,0
Maze44
0,1,1,1,1,1,1,1,1,1
0,1,0,1,1,1,1,1,1,1
0,1,0,1,0,0,0,0,0,0
0,1,0,0,0,0,0,0,0,0
0,1,0,0,0,0,0,0,0,0
0,1,0,0,0,0,0,0,0,0
0,1,0,0,0,0,0,0,0,0
0,1,0,0,0,0,0,0,0,0
0,1,0,0,0,0,0,0,0,0
0,1,1,1,2,0,0,0,0,0
Maze45
0,0,1,1,1,1,1,1,0,0
0,0,1,0,1,1,1,0,0,0
0,0,1,0,1,1,1,1,1,0
0,0,1,0,1,1,1,0,0,0
0,0,1,0,0,0,0,0,0,0
0,0,1,0,0,0,0,0,0,0
0,0,1,0,0,0,0,0,0,0
0,0,1,0,0,0,0,0,0,0
0,0,1,0,0,0,0,0,0,0
0,0,1,1,2,0,0,0,0,0
Maze46
0,0,0,0,0,0,0,0,0,0
0,0,1,1,1,1,0,0,0,0
0,0,1,1,1,1,1,1,1,1
0,0,1,1,1,1,1,1,1,1
0,0,1,1,1,0,0,0,0,0
0,0,0,0,1,0,0,0,0,0
0,0,0,0,1,0,0,0,0,0
0,0,0,0,1,0,0,0,0,0
0,0,0,0,1,0,0,0,0,0
0,0,0,0,2,0,0,0,0,0
Maze47
0,0,0,0,0,0,0,0,0,0
0,1,1,0,0,0,0,0,0,0
0,1,1,0,0,0,0,0,0,0
0,1,1,0,0,0,0,0,0,0
0,1,1,0,0,0,0,0,0,0
0,1,1,0,0,0,0,0,0,0
0,1,1,0,0,0,0,0,0,0
0,1,1,0,0,0,0,0,0,0
0,1,1,0,0,0,0,0,0,0
0,1,1,1,2,0,0,0,0,0
Maze48
0,0,0,0,0,0,0,0,0,0
0,0,0,0,0,0,0,0,0,0
0,0,0,0,0,0,0,0,0,0
0,0,0,0,0,0,0,0,0,0
0,0,1,1,1,1,1,0,0,0
1,1,1,1,1,1,0,0,0,0
1,1,1,1,1,1,0,0,0,0
1,1,1,0,0,0,0,0,0,0
1,1,1,0,0,0,0,0,0,0
1,1,1,1,2,0,0,0,0,0
Maze49
0,0,0,0,0,0,0,0,0,0
0,1,1,1,1,1,0,0,0,0
0,1,0,1,1,1,0,0,0,0
0,1,0,1,1,1,1,0,0,0
0,1,0,1,1,1,1,1,0,0
0,1,0,1,1,1,1,0,0,0
0,1,0,0,0,0,0,0,0,0
0,1,0,0,0,0,0,0,0,0
0,1,0,0,0,0,0,0,0,0
0,1,1,1,2,0,0,0,0,0
Maze50
0,0,0,0,0,0,0,0,0,0
0,0,1,0,0,0,0,0,0,0
0,0,1,1,1,1,1,1,1,1
0,0,1,0,1,1,1,1,1,1
0,0,1,0,1,0,0,0,0,0
0,0,1,0,0,0,0,0,0,0
0,0,1,0,0,0,0,0,0,0
0,0,1,0,0,0,0,0,0,0
0,0,1,0,0,0,0,0,0,0
0,0,1,1,2,0,0,0,0,0
Maze51
1,1,1,1,1,1,1,1,1,1
1,1,1,1,1,1,1,1,1,1
1,1,1,1,1,1,1,1,1,1
1,1,1,1,1,0,0,0,0,0
0,0,0,0,1,0,0,0,0,0
0,0,0,0,1,0,0,0,0,0
0,0,0,0,1,0,0,0,0,0
0,0,0,0,1,0,0,0,0,0
0,0,0,0,1,0,0,0,0,0
0,0,0,0,2,0,0,0,0,0
Maze52
0,0,0,0,0,0,0,0,0,0
0,0,0,0,1,1,1,0,0,0
0,0,0,0,1,0,1,1,0,0
0,0,0,0,1,0,1,1,1,1
0,0,0,0,1,0,1,1,1,1
0,0,0,0,1,0,1,1,1,0
0,0,0,0,1,0,0,0,0,0
0,0,0,0,1,0,0,0,0,0
0,0,0,0,1,0,0,0,0,0
0,0,0,0,2,0,0,0,0,0
Maze53
0,0,0,0,0,0,0,0,0,0
0,0,0,0,0,0,0,0,0,0
0,0,1,1,1,1,1,1,1,1
0,0,1,1,1,1,1,1,1,1
0,0,1,1,1,1,1,1,1,1
0,0,1,0,1,0,0,0,0,0
0,0,0,0,1,0,0,0,0,0
0,0,0,0,1,0,0,0,0,0
0,0,0,0,1,0,0,0,0,0
0,0,0,0,2,0,0,0,0,0
Maze54
0,0,0,0,1,1,1,1,1,1
0,0,0,0,1,0,1,1,1,1
0,0,0,0,1,0,1,1,1,1
0,0,0,0,1,0,1,1,1,0
0,0,0,0,1,0,1,0,0,0
0,0,0,0,1,0,0,0,0,0
0,0,0,0,1,0,0,0,0,0
0,0,0,0,1,0,0,0,0,0
0,0,0,0,1,0,0,0,0,0
0,0,0,0,2,0,0,0,0,0
Maze55
0,0,0,0,0,0,0,0,0,0
0,0,1,0,0,0,0,0,0,0
0,0,1,1,1,1,0,0,0,0
0,0,1,0,1,1,1,1,0,0
0,0,1,0,1,1,1,1,0,0
0,0,1,0,1,1,1,0,0,0
0,0,1,0,0,0,0,0,0,0
0,0,1,0,0,0,0,0,0,0
0,0,1,0,0,0,0,0,0,0
0,0,1,1,2,0,0,0,0,0
Maze56
0,1,1,1,1,1,1,1,0,0
0,1,0,1,1,1,1,1,0,0
0,1,0,1,1,1,1,1,1,0
0,1,0,1,1,1,1,1,1,0
0,1,0,0,0,0,0,0,0,0
0,1,0,0,0,0,0,0,0,0
0,1,0,0,0,0,0,0,0,0
0,1,0,0,0,0,0,0,0,0
0,1,0,0,0,0,0,0,0,0
0,1,1,1,2,0,0,0,0,0
Maze57
0,1,1,1,0,0,0,0,0,0
0,1,0,1,0,0,0,0,0,0
0,1,0,1,1,1,0,0,0,0
0,1,0,1,1,1,1,1,1,0
0,1,0,1,1,1,1,1,0,0
0,1,0,0,0,0,0,0,0,0
0,1,0,0,0,0,0,0,0,0
0,1,0,0,0,0,0,0,0,0
0,1,0,0,0,0,0,0,0,0
0,1,1,1,2,0,0,0,0,0
Maze58
0,0,0,0,1,1,1,1,1,1
0,0,1,1,1,1,1,1,1,0
0,0,1,1,1,1,1,1,1,0
0,0,1,1,1,1,1,1,1,0
0,0,1,1,1,1,1,1,0,0
0,0,0,0,1,0,0,0,0,0
0,0,0,0,1,0,0,0,0,0
0,0,0,0,1,0,0,0,0,0
0,0,0,0,1,0,0,0,0,0
0,0,0,0,2,0,0,0,0,0
Maze59
0,1,0,0,0,0,0,0,0,0
0,1,0,0,0,0,0,0,0,0
0,1,1,1,1,1,0,0,0,0
0,1,0,0,1,1,0,0,0,0
0,1,0,1,1,0,0,0,0,0
0,1,0,1,0,0,0,0,0,0
0,1,0,1,0,0,0,0,0,0
0,1,0,1,1,1,0,0,0,0
0,1,0,0,0,1,0,0,0,0
0,1,1,1,2,0,0,0,0,0
Maze60
0,0,0,0,0,0,0,0,0,0
0,0,0,0,1,1,1,0,0,0
0,0,0,0,1,0,1,0,0,0
0,0,0,0,1,0,1,1,1,1
0,0,0,0,1,0,1,1,1,1
0,0,0,0,1,0,1,1,1,1
0,0,0,0,1,0,0,0,0,0
0,0,0,0,1,0,0,0,0,0
0,0,0,0,1,0,0,0,0,0
0,0,0,0,2,0,0,0,0,0
Maze61
0,1,1,1,1,1,1,1,1,0
0,1,0,1,1,1,1,1,1,1
0,1,0,1,1,1,0,0,0,0
0,1,0,0,0,0,0,0,0,0
0,1,0,0,0,0,0,0,0,0
0,1,0,0,0,0,0,0,0,0
0,1,0,0,0,0,0,0,0,0
0,1,0,0,0,0,0,0,0,0
0,1,0,0,0,0,0,0,0,0
0,1,1,1,2,0,0,0,0,0
Maze62
0,0,0,0,0,0,0,0,0,0
0,0,0,0,1,1,1,1,1,0
0,0,0,0,1,0,0,0,1,0
0,0,0,0,1,0,1,1,1,1
0,0,0,0,1,0,1,1,1,1
0,0,0,0,1,0,1,1,1,1
0,0,0,0,1,0,1,1,1,0
0,0,0,0,1,0,0,0,1,0
0,0,0,0,1,0,0,0,1,0
0,0,0,0,2,0,0,0,0,0
Maze63
0,0,0,0,0,0,0,0,0,0
0,0,0,0,0,0,0,0,0,0
0,0,0,0,1,1,1,0,0,0
0,0,1,1,1,1,1,0,0,0
0,0,1,1,1,1,1,0,0,0
1,1,1,1,1,1,1,1,0,0
1,1,1,1,1,1,1,1,0,0
0,0,0,0,1,0,0,0,0,0
0,0,0,0,1,0,0,0,0,0
0,0,0,0,2,0,0,0,0,0
Maze64
0,0,0,0,0,0,0,0,0,0
0,0,0,0,0,0,0,0,0,0
0,0,0,0,1,1,1,1,1,0
0,0,1,1,1,1,1,1,1,1
1,1,1,1,1,1,1,1,1,1
1,1,1,1,1,1,1,0,0,0
0,0,0,0,1,0,0,0,0,0
0,0,0,0,1,0,0,0,0,0
0,0,0,0,1,0,0,0,0,0
0,0,0,0,2,0,0,0,0,0
Maze65
0,0,1,1,1,1,1,1,1,1
0,0,1,1,1,1,1,1,1,1
0,0,1,1,1,0,0,0,0,0
0,0,0,0,1,0,0,0,0,0
0,0,0,0,1,0,0,0,0,0
0,0,0,0,1,0,0,0,0,0
0,0,0,0,1,0,0,0,0,0
0,0,0,0,1,0,0,0,0,0
0,0,0,0,1,0,0,0,0,0
0,0,0,0,2,0,0,0,0,0
Maze66
0,0,0,0,0,0,0,0,0,0
0,0,0,1,0,0,0,0,0,0
0,1,1,1,1,1,0,0,0,0
0,1,1,1,1,1,1,1,1,1
1,1,1,1,1,1,1,1,1,1
1,1,0,1,0,0,0,0,0,0
0,0,0,1,0,0,0,0,0,0
0,0,0,1,0,0,0,0,0,0
0,0,0,1,0,0,0,0,0,0
0,0,0,1,2,0,0,0,0,0
Maze67
0,0,1,1,1,1,1,1,0,0
0,0,1,0,1,1,1,1,0,0
1,1,1,1,1,1,1,1,0,0
1,1,1,1,1,1,1,1,0,0
0,0,1,0,1,0,0,0,0,0
0,0,1,0,0,0,0,0,0,0
0,0,1,0,0,0,0,0,0,0
0,0,1,0,0,0,0,0,0,0
0,0,1,0,0,0,0,0,0,0
0,0,1,1,2,0,0,0,0,0
Maze68
1,1,1,1,1,1,1,1,1,1
1,1,1,1,1,1,1,1,1,1
1,1,1,1,1,1,1,0,0,0
0,0,1,0,0,0,0,0,0,0
0,0,1,0,0,0,0,0,0,0
0,0,1,0,0,0,0,0,0,0
0,0,1,0,0,0,0,0,0,0
0,0,1,0,0,0,0,0,0,0
0,0,1,0,0,0,0,0,0,0
0,0,1,1,2,0,0,0,0,0
Maze69
0,0,0,0,1,1,1,1,1,1
0,0,0,0,1,0,1,1,1,1
0,0,0,0,1,0,1,1,1,1
0,0,0,0,1,0,1,0,0,0
0,0,0,0,1,0,0,0,0,0
0,0,0,0,1,0,0,0,0,0
0,0,0,0,1,0,0,0,0,0
0,0,0,0,1,0,0,0,0,0
0,0,0,0,1,0,0,0,0,0
0,0,0,0,2,0,0,0,0,0
Maze70
0,1,1,1,1,1,1,1,1,1
0,1,0,1,1,1,1,1,1,1
0,1,0,1,1,1,1,1,1,0
0,1,0,0,0,0,0,0,0,0
0,1,0,0,0,0,0,0,0,0
0,1,0,0,0,0,0,0,0,0
0,1,0,0,0,0,0,0,0,0
0,1,0,0,0,0,0,0,0,0
0,1,0,0,0,0,0,0,0,0
0,1,1,1,2,0,0,0,0,0
Maze71
1,1,1,1,1,1,0,0,0,0
1,1,1,1,1,1,1,0,0,0
1,1,1,1,1,1,1,0,0,0
1,1,1,1,1,1,1,1,0,0
0,0,0,0,1,0,0,0,0,0
0,0,0,0,1,0,0,0,0,0
0,0,0,0,1,0,0,0,0,0
0,0,0,0,1,0,0,0,0,0
0,0,0,0,1,0,0,0,0,0
0,0,0,0,2,0,0,0,0,0
Maze72
0,0,0,0,1,1,1,1,0,0
0,0,0,0,1,0,1,1,0,0
0,0,0,0,1,0,1,1,0,0
0,0,0,0,1,0,1,1,0,0
0,0,1,1,1,1,1,1,0,0
0,0,1,1,1,0,0,0,0,0
0,0,1,0,1,0,0,0,0,0
0,0,1,0,1,0,0,0,0,0
0,0,0,0,1,0,0,0,0,0
0,0,0,0,2,0,0,0,0,0
Maze73
0,0,0,0,1,1,1,1,1,1
0,0,0,0,1,0,0,1,1,1
0,0,0,0,1,0,1,1,1,1
0,0,0,0,1,0,1,1,1,1
0,0,0,0,1,0,1,1,1,0
0,0,0,0,1,0,0,0,0,0
0,0,0,0,1,0,0,0,0,0
0,0,0,0,1,0,0,0,0,0
0,0,0,0,1,0,0,0,0,0
0,0,0,0,2,0,0,0,0,0
Maze74
0,0,0,0,1,1,1,1,1,1
0,0,1,1,1,1,1,1,1,1
0,0,1,1,1,1,1,1,1,1
0,0,1,1,1,1,1,1,1,1
0,0,0,0,1,0,0,0,0,0
0,0,0,0,1,0,0,0,0,0
0,0,0,0,1,0,0,0,0,0
0,0,0,0,1,0,0,0,0,0
0,0,0,0,1,0,0,0,0,0
0,0,0,0,2,0,0,0,0,0
Maze75
0,0,0,0,0,0,0,0,0,0
0,0,0,1,1,1,1,0,0,0
0,0,0,1,0,1,1,1,1,0
0,0,0,1,0,1,1,1,1,1
0,0,0,1,0,1,1,1,1,0
0,0,0,1,0,0,0,0,0,0
0,0,0,1,0,0,0,0,0,0
0,0,0,1,0,0,0,0,0,0
0,0,0,1,0,0,0,0,0,0
0,0,0,1,2,0,0,0,0,0
Maze76
0,0,0,0,0,0,0,0,0,0
0,0,1,1,1,1,0,0,0,0
0,0,1,0,1,0,0,0,0,0
0,0,1,1,1,1,1,1,0,0
0,0,1,1,1,1,1,1,1,0
0,0,1,1,1,1,1,1,1,0
0,0,0,0,1,0,0,0,0,0
0,0,0,0,1,0,0,0,0,0
0,0,0,0,1,0,0,0,0,0
0,0,0,0,2,0,0,0,0,0
Maze77
0,0,0,1,1,1,1,1,1,1
1,1,1,1,1,1,1,1,1,1
1,1,1,1,1,1,1,0,0,0
1,1,1,1,1,1,0,0,0,0
0,0,0,1,0,0,0,0,0,0
0,0,0,1,0,0,0,0,0,0
0,0,0,1,0,0,0,0,0,0
0,0,0,1,0,0,0,0,0,0
0,0,0,1,0,0,0,0,0,0
0,0,0,1,2,0,0,0,0,0
Maze78
0,0,0,1,1,1,0,0,0,0
0,0,0,1,0,1,1,0,0,0
0,1,1,1,1,1,1,0,0,0
0,1,1,1,1,1,1,0,0,0
0,1,1,1,1,1,1,1,0,0
0,0,0,1,0,0,0,0,0,0
0,0,0,1,0,0,0,0,0,0
0,0,0,1,0,0,0,0,0,0
0,0,0,1,0,0,0,0,0,0
0,0,0,1,2,0,0,0,0,0
Maze79
0,0,0,0,0,0,0,0,0,0
0,0,0,0,0,0,0,0,0,0
1,1,1,1,1,1,1,1,1,1
1,1,1,1,1,1,1,1,1,1
1,1,1,1,1,1,1,1,1,1
1,1,1,1,1,0,0,0,0,0
0,0,0,0,1,0,0,0,0,0
0,0,0,0,1,0,0,0,0,0
0,0,0,0,1,0,0,0,0,0
0,0,0,0,2,0,0,0,0,0
Maze80
0,0,1,1,1,1,1,0,0,0
0,0,1,0,1,1,1,0,0,0
0,0,1,0,1,1,1,1,0,0
0,0,1,0,1,1,1,1,0,0
0,0,1,0,0,0,0,0,0,0
0,0,1,0,0,0,0,0,0,0
0,0,1,0,0,0,0,0,0,0
0,0,1,0,0,0,0,0,0,0
0,0,1,0,0,0,0,0,0,0
0,0,1,1,2,0,0,0,0,0
Maze81
0,1,1,1,1,1,0,0,0,0
0,1,0,1,1,1,1,1,0,0
0,1,0,1,1,1,1,1,1,0
0,1,0,1,1,1,0,0,0,0
0,1,0,0,0,0,0,0,0,0
0,1,0,0,0,0,0,0,0,0
0,1,0,0,0,0,0,0,0,0
0,1,0,0,0,0,0,0,0,0
0,1,0,0,0,0,0,0,0,0
0,1,1,1,2,0,0,0,0,0
Maze82
0,0,1,1,1,1,0,0,0,0
0,0,1,1,1,1,1,0,0,0
1,1,1,1,1,1,1,1,0,0
1,1,1,1,1,1,1,1,0,0
1,1,1,1,1,1,0,0,0,0
0,0,0,0,1,0,0,0,0,0
0,0,0,0,1,0,0,0,0,0
0,0,0,0,1,0,0,0,0,0
0,0,0,0,1,0,0,0,0,0
0,0,0,0,2,0,0,0,0,0
Maze83
0,1,1,1,0,0,0,0,0,0
0,1,0,1,0,0,0,0,0,0
0,1,0,1,0,0,0,0,0,0
0,1,0,1,1,1,0,0,0,0
0,1,0,1,1,1,0,0,0,0
0,1,0,1,1,1,0,0,0,0
0,1,0,1,1,1,0,0,0,0
0,1,0,1,0,0,0,0,0,0
0,1,0,1,0,0,0,0,0,0
0,1,1,1,2,0,0,0,0,0
Maze84
0,0,0,1,1,1,1,1,1,1
0,1,1,1,1,1,1,1,1,1
0,1,1,1,1,1,1,0,0,0
0,0,0,1,0,0,0,0,0,0
0,0,0,1,0,0,0,0,0,0
0,0,0,1,0,0,0,0,0,0
0,0,0,1,0,0,0,0,0,0
0,0,0,1,0,0,0,0,0,0
0,0,0,1,0,0,0,0,0,0
0,0,0,1,2,0,0,0,0,0
Maze85
0,0,0,0,0,0,0,0,0,0
0,0,0,0,0,0,0,0,0,0
0,0,1,1,1,1,0,0,0,0
0,0,1,0,1,0,0,0,0,0
0,0,1,0,1,0,0,0,0,0
0,0,1,1,1,1,1,1,1,1
0,0,1,1,1,1,1,1,1,1
0,0,0,0,1,0,1,1,1,0
0,0,0,0,1,0,0,0,0,0
0,0,0,0,2,0,0,0,0,0
Maze86
0,0,0,0,1,1,1,1,1,1
0,0,0,0,1,0,1,1,1,1
0,0,0,0,1,0,1,1,1,1
0,0,0,0,1,0,1,1,1,0
0,0,0,0,1,0,0,0,0,0
0,0,0,0,1,0,0,0,0,0
0,0,0,0,1,0,0,0,0,0
0,0,0,0,1,0,0,0,0,0
0,0,0,0,1,0,0,0,0,0
0,0,0,0,2,0,0,0,0,0
Maze87
0,0,0,0,0,0,0,0,0,0
0,0,0,0,1,0,0,0,0,0
0,0,1,1,1,1,0,0,0,0
0,0,1,0,1,0,0,0,0,0
0,1,1,1,1,1,1,0,0,0
0,1,1,1,1,0,0,0,0,0
1,1,1,1,1,0,0,0,0,0
1,1,1,1,1,0,0,0,0,0
1,0,0,0,1,0,0,0,0,0
0,0,0,0,2,0,0,0,0,0
Maze88
0,0,0,0,0,0,0,0,0,0
0,0,0,0,0,0,0,0,0,0
0,0,0,0,0,0,0,0,0,0
0,0,0,0,1,0,0,0,0,0
0,0,0,0,1,1,1,1,1,1
0,0,0,0,1,0,1,1,1,1
0,0,0,0,1,0,1,1,1,1
0,0,0,0,1,0,1,1,1,1
0,0,0,0,1,0,0,0,0,0
0,0,0,0,2,0,0,0,0,0
Maze89
0,0,0,0,1,1,1,1,1,1
1,1,1,1,1,1,1,1,1,1
1,1,1,1,1,1,1,1,1,1
1,1,1,1,1,1,1,1,1,1
1,1,1,1,1,1,1,1,1,1
1,0,0,0,1,0,0,0,0,0
0,0,0,0,1,0,0,0,0,0
0,0,0,0,1,0,0,0,0,0
0,0,0,0,1,0,0,0,0,0
0,0,0,0,2,0,0,0,0,0
Maze90
1,1,1,1,1,1,1,1,1,0
1,1,1,1,1,1,1,1,1,0
1,1,1,1,1,0,0,0,0,0
1,1,1,1,1,1,1,1,1,1
1,1,1,1,1,1,0,0,0,0
0,0,0,0,1,0,0,0,0,0
0,0,0,0,1,0,0,0,0,0
0,0,0,0,1,0,0,0,0,0
0,0,0,0,1,0,0,0,0,0
0,0,0,0,2,0,0,0,0,0
Maze91
0,1,1,1,0,0,0,0,0,0
0,1,0,1,0,0,0,0,0,0
0,1,0,1,0,0,0,0,0,0
0,1,0,1,0,0,0,0,0,0
0,1,0,1,0,0,0,0,0,0
0,1,0,1,1,1,0,0,0,0
0,1,0,1,1,1,0,0,0,0
0,1,0,0,0,1,0,0,0,0
0,1,0,0,0,1,0,0,0,0
0,1,1,1,2,0,0,0,0,0
Maze92
0,0,0,0,0,0,0,0,0,0
0,0,0,0,0,0,0,0,0,0
0,0,0,0,0,0,0,0,0,0
0,0,0,1,0,0,0,0,0,0
0,0,0,1,0,0,0,0,0,0
1,1,1,1,0,0,0,0,0,0
1,1,1,1,0,0,0,0,0,0
1,1,1,1,0,0,0,0,0,0
1,1,1,1,1,0,0,0,0,0
0,0,0,1,2,0,0,0,0,0
Maze93
1,1,1,1,1,1,1,1,0,0
1,1,1,1,1,1,1,1,1,0
1,1,1,1,1,1,1,1,0,0
0,0,0,1,0,0,0,0,0,0
0,0,0,1,0,0,0,0,0,0
0,0,0,1,0,0,0,0,0,0
0,0,0,1,0,0,0,0,0,0
0,0,0,1,0,0,0,0,0,0
0,0,0,1,0,0,0,0,0,0
0,0,0,1,2,0,0,0,0,0
Maze94
0,0,1,1,1,1,0,0,0,0
0,0,1,0,1,0,0,0,0,0
0,0,1,0,1,0,0,0,0,0
0,0,1,0,1,0,0,0,0,0
0,0,1,0,1,0,0,0,0,0
0,0,1,1,1,1,1,1,0,0
0,0,1,1,1,0,0,0,0,0
0,0,0,0,1,0,0,0,0,0
0,0,0,0,1,0,0,0,0,0
0,0,0,0,2,0,0,0,0,0
Maze95
0,0,0,0,0,0,0,0,0,0
0,0,0,0,1,1,1,0,0,0
1,1,1,1,1,1,1,0,0,0
1,1,1,1,1,1,1,1,0,0
1,1,1,1,1,1,1,1,1,0
1,1,1,1,1,1,1,1,1,0
0,0,0,0,1,0,0,0,0,0
0,0,0,0,1,0,0,0,0,0
0,0,0,0,1,0,0,0,0,0
0,0,0,0,2,0,0,0,0,0
Maze96
1,1,1,1,1,1,0,0,0,0
1,1,1,1,1,1,1,0,0,0
1,1,1,1,1,1,1,1,1,1
1,1,1,1,0,0,0,0,0,0
0,0,0,1,0,0,0,0,0,0
0,0,0,1,0,0,0,0,0,0
0,0,0,1,0,0,0,0,0,0
0,0,0,1,0,0,0,0,0,0
0,0,0,1,0,0,0,0,0,0
0,0,0,1,2,0,0,0,0,0
Maze97
0,1,1,1,1,1,1,0,0,0
0,1,0,0,0,0,1,1,0,0
0,1,0,1,1,1,1,1,1,0
0,1,0,1,1,1,1,1,1,0
0,1,0,1,1,1,1,1,1,1
0,1,0,1,1,1,1,1,1,1
0,1,0,0,0,0,0,0,0,0
0,1,0,0,0,0,0,0,0,0
0,1,0,0,0,0,0,0,0,0
0,1,1,1,2,0,0,0,0,0
Maze98
0,0,0,0,0,0,0,0,0,0
0,0,0,0,0,0,0,0,0,0
0,0,1,1,1,1,1,1,1,0
0,0,1,1,1,1,1,1,1,1
0,0,1,1,1,1,1,0,0,0
0,0,0,0,1,0,0,0,0,0
0,0,0,0,1,0,0,0,0,0
0,0,0,0,1,0,0,0,0,0
0,0,0,0,1,0,0,0,0,0
0,0,0,0,2,0,0,0,0,0
Maze99
0,0,0,0,0,0,0,0,0,0
0,0,0,0,0,0,0,0,0,0
0,0,0,0,0,0,0,0,0,0
1,1,1,1,1,1,1,0,0,0
1,0,1,1,1,1,1,0,0,0
1,0,1,1,1,1,1,0,0,0
1,0,1,0,0,0,0,0,0,0
1,0,0,0,0,0,0,0,0,0
1,0,0,0,0,0,0,0,0,0
1,1,1,1,2,0,0,0,0,0
Maze100
0,0,0,0,0,0,0,0,0,0
0,0,0,0,0,0,0,0,0,0
0,0,0,0,0,0,0,0,0,0
0,0,0,0,0,0,0,0,0,0
0,1,1,1,1,1,1,1,0,0
0,1,0,0,1,0,0,0,0,0
1,1,1,1,1,0,0,0,0,0
1,1,1,1,1,0,0,0,0,0
1,1,1,1,1,0,0,0,0,0
0,0,0,0,2,0,0,0,0,0
