numMazes: 200
mazeSize: 10
Maze 1
83 152 3.4883720930 2.0340585928 26 0.373085455568610
69 49 32 63 42 43 25 78 79 45 69 5 74 56 31 69
400 42 62 62 400 23 75 400 75 65 65 4 54 51 61
400 401 401 401 400 402 401 400 401 401 401 402 402 401 401
0 0 0 1 1 0 0 0 0 0
0 0 0 1 1 0 0 0 0 0
0 0 1 1 1 0 0 0 0 0
1 1 1 1 1 0 0 0 0 0
1 1 1 1 1 1 1 1 1 0
1 1 1 1 1 1 0 0 1 0
1 1 1 1 1 1 1 1 2 0
0 0 0 1 1 1 1 1 1 0
0 0 0 0 0 0 0 0 0 0
0 0 0 0 0 0 0 0 0 0
Maze 2
89 58 2.6415094340 2.1098800302 39 0.371819815159164
94 88 21 43 75 38 7 9 84 1 5 25 36 31 14 94
84 81 41 73 35 37 400 4 81 400 400 35 400 11 400
402 401 401 401 402 401 400 402 401 400 400 401 400 402 400
1 1 1 1 1 1 1 1 1 0
1 1 1 1 1 0 1 0 0 0
1 0 0 1 1 0 1 0 0 0
1 1 1 1 1 1 1 1 0 0
1 1 1 1 1 0 0 0 0 0
1 0 1 1 1 0 0 0 0 0
1 0 1 1 1 0 0 0 0 0
1 0 1 1 1 0 0 0 0 0
1 1 1 1 1 1 1 1 0 0
0 0 0 2 0 0 0 0 0 0
Maze 3
103 14 3.3076923077 2.0190077300 59 0.376352097944620
67 26 70 69 86 39 60 77 1 100 65 83 23 99 96 67
66 66 400 66 36 59 57 71 91 95 63 400 93 400 66
401 401 400 402 402 401 402 401 401 401 402 400 401 400 402
1 0 0 0 0 0 0 0 0 0
1 0 0 0 0 0 0 0 0 0
1 0 1 0 0 1 0 0 0 0
1 0 1 0 0 1 1 1 1 0
1 0 1 0 0 1 0 0 1 0
1 0 1 0 0 1 1 1 1 1
1 0 1 1 1 1 2 1 1 1
1 1 1 1 1 1 1 0 0 0
1 0 1 0 1 1 0 0 0 0
1 1 1 1 1 1 1 1 1 1
Maze 4
81 21 2.9583333333 2.1309185258 25 0.390054279642108
17 66 78 90 97 53 44 44 53 97 8 48 89 14 74 17
16 76 88 87 93 43 400 43 93 7 400 88 84 400 14
402 401 401 402 401 402 400 402 401 402 400 401 401 400 402
0 0 0 0 0 0 1 1 0 0
0 0 0 1 1 1 2 1 0 0
0 0 0 1 0 1 1 1 0 0
0 0 0 1 0 1 1 1 0 0
0 0 1 1 0 1 1 1 0 0
0 0 1 1 0 1 1 1 0 0
0 0 1 1 0 1 1 1 0 0
0 0 1 1 0 1 1 1 0 0
0 0 1 1 1 1 1 1 1 1
0 0 1 1 1 1 1 0 0 0
Maze 5
101 14 3.4736842105 1.5921107278 54 0.394173188782582
83 34 3 5 54 18 6 54 15 74 89 14 94 16 50 83
33 33 400 4 14 16 4 14 14 84 84 400 14 46 43
402 401 400 402 402 401 402 402 402 401 401 400 402 401 402
0 0 1 1 1 1 0 0 0 0
0 0 1 1 1 1 1 1 0 0
0 0 1 1 0 1 0 0 0 0
0 0 1 1 0 1 0 0 0 0
0 0 1 1 1 1 1 1 1 1
0 0 1 1 0 0 0 0 0 0
0 0 1 1 0 0 0 0 0 0
0 0 1 1 0 0 0 0 0 0
0 0 2 1 1 1 1 1 1 0
0 0 0 1 0 0 0 0 0 0
Maze 6
99 103 3.0714285714 2.1137200236 66 0.402032347446339
77 40 14 84 84 61 45 60 24 59 68 7 86 43 9 77
37 34 400 400 81 41 55 54 54 58 67 6 83 3 7
402 401 400 400 401 402 401 401 401 402 401 402 401 402 402
0 0 1 1 1 1 1 1 1 0
0 0 1 1 0 1 1 0 0 0
0 0 1 1 0 1 1 0 0 0
0 0 1 1 1 1 1 1 1 1
1 1 1 1 1 1 1 0 0 0
1 0 1 1 1 1 1 1 1 1
1 0 1 1 0 1 1 1 0 0
1 0 1 1 0 1 2 0 0 0
1 1 1 1 1 1 0 0 0 0
0 0 0 0 0 0 0 0 0 0
Maze 7
101 763 3.0344827586 2.0992168406 60 0.388377254111910
90 7 76 44 48 13 14 59 41 31 77 32 71 15 60 90
87 6 74 400 43 400 54 51 400 71 72 31 11 55 400
401 402 401 400 401 400 401 401 400 401 401 402 402 401 400
0 0 0 0 0 1 1 0 0 0
1 1 1 1 1 1 1 0 0 0
1 0 1 1 1 1 1 0 0 0
1 1 1 1 1 1 1 0 0 0
1 1 1 1 1 1 1 1 0 0
1 1 1 1 1 1 1 1 1 1
1 1 0 1 0 1 1 0 0 1
1 1 1 1 1 1 1 0 0 1
0 0 0 0 0 0 1 1 1 2
0 0 0 0 0 0 0 0 0 0
Maze 8
77 73 3.1111111111 2.1073958466 26 0.390017353506577
95 77 88 4 36 56 78 63 69 81 82 66 19 79 76 95
75 87 84 34 400 76 73 400 61 400 62 16 400 400 75
402 401 401 401 400 401 401 400 402 400 402 402 400 400 402
0 0 0 1 0 0 0 0 0 0
0 0 0 1 0 1 1 1 1 0
0 0 0 1 0 1 0 0 1 0
0 0 0 1 1 1 0 0 1 0
0 0 0 1 0 1 0 0 1 0
0 0 0 1 0 1 0 0 1 0
1 1 1 1 1 1 1 1 1 0
1 1 1 1 1 1 1 1 1 0
1 1 0 1 1 1 1 1 0 0
0 0 0 0 2 0 0 0 0 0
Maze 9
89 196 3.2500000000 2.0289621172 50 0.375010048383459
50 59 91 94 60 10 30 17 70 38 86 96 19 86 96 50
49 51 400 54 400 400 27 67 68 36 400 16 16 400 46
402 402 400 402 400 400 401 401 401 402 400 402 402 400 402
0 0 0 0 0 0 0 0 0 1
0 0 0 0 0 1 1 1 1 1
0 0 0 0 0 1 1 1 1 1
0 0 0 0 0 1 1 1 0 1
0 0 0 0 0 1 1 1 1 2
1 1 1 1 1 1 1 1 1 1
1 0 0 1 0 1 1 1 1 1
1 0 0 1 0 1 0 0 0 0
1 0 0 1 0 1 0 0 0 0
1 1 1 1 0 1 0 0 0 0
Maze 10
111 1054 3.4716981132 1.9731936798 78 0.381534650290997
43 98 65 12 64 90 28 43 99 36 73 79 14 85 83 43
93 95 62 62 84 88 23 93 96 33 400 74 84 400 400
401 401 401 401 401 401 402 401 401 402 400 401 401 400 400
0 0 0 0 0 0 0 0 0 0
0 1 0 1 0 0 0 0 0 0
0 1 1 1 1 1 1 1 0 0
0 1 1 1 1 1 0 1 0 0
0 1 2 1 0 1 0 1 0 0
0 1 1 1 0 1 0 1 0 0
0 1 1 1 1 1 0 1 0 0
0 0 1 1 1 1 1 1 1 0
0 0 1 1 1 1 1 1 1 1
0 0 1 1 1 1 1 1 1 0
Maze 11
121 51 3.1864406780 1.9714895292 133 0.399056218088448
18 64 28 55 22 3 54 7 83 21 10 76 34 19 96 18
14 24 25 52 2 53 4 3 81 1 6 74 14 16 16
402 402 402 401 402 401 402 402 401 402 402 401 402 402 402
1 1 1 1 1 1 1 1 1 1
1 1 1 1 1 1 1 2 1 0
1 1 1 1 1 1 1 1 0 0
1 1 1 1 1 1 0 0 0 0
1 1 1 1 1 1 0 0 0 0
1 1 1 1 1 1 0 0 0 0
1 0 1 1 0 1 0 0 0 0
1 0 1 1 1 1 0 0 0 0
1 1 1 0 0 1 0 0 0 0
0 0 0 0 0 1 0 0 0 0
Maze 12
103 241 3.0877192982 2.0508544969 70 0.411512870910248
70 30 60 21 8 68 53 98 54 73 98 35 59 40 5 70
400 400 51 1 400 63 93 94 53 93 95 55 39 35 65
400 400 401 402 400 401 401 401 402 401 401 401 402 401 401
1 1 1 1 1 1 1 1 0 0
1 0 0 0 1 0 0 1 0 0
1 0 0 0 1 0 0 1 0 1
1 0 0 0 1 1 1 1 1 1
1 0 0 0 1 0 0 1 1 1
1 1 1 1 1 1 1 1 1 1
0 0 1 1 1 1 1 1 1 2
0 0 1 1 1 0 0 0 0 0
0 0 1 1 1 0 0 0 0 0
0 0 1 1 1 1 1 1 0 0
Maze 13
111 658 3.5000000000 2.1979878964 120 0.383317518909375
67 64 7 89 45 74 36 78 27 25 29 82 19 73 50 67
400 4 87 85 44 34 76 77 400 400 22 12 13 43 47
400 402 401 401 402 402 401 401 400 400 402 402 402 402 402
0 0 0 1 1 1 1 0 0 0
0 1 1 1 1 1 1 1 1 0
0 1 1 1 1 1 1 1 1 0
0 1 1 1 1 1 1 0 0 0
0 1 1 1 1 1 1 1 1 1
0 1 1 1 1 1 1 0 0 0
0 1 1 1 1 1 2 0 0 0
0 1 1 1 1 1 1 1 0 0
0 1 0 0 1 1 1 1 1 0
0 0 0 0 0 0 0 0 0 0
Maze 14
83 225 3.2558139535 2.1221890128 30 0.385567458090499
76 1 54 51 15 21 32 23 1 92 42 37 4 53 86 76
71 51 400 11 11 31 22 21 91 400 32 34 3 83 400
401 401 400 402 402 401 402 401 401 400 402 401 402 401 400
1 0 1 1 0 0 0 0 0 0
1 1 1 1 1 0 0 0 0 0
1 1 1 1 0 0 0 0 0 0
1 1 1 1 1 1 1 0 0 0
1 1 1 0 0 0 0 0 0 0
1 1 1 1 0 0 0 0 0 0
1 1 1 0 0 0 0 0 0 0
1 1 1 1 1 2 0 0 0 0
1 1 1 1 1 1 0 0 0 0
1 1 0 0 0 0 0 0 0 0
Maze 15
111 19 3.5000000000 2.1034755332 69 0.377123370879655
61 90 19 60 21 95 100 32 85 75 73 85 81 71 19 61
81 89 59 51 91 400 92 82 400 400 83 400 400 11 11
401 401 401 401 401 400 401 401 400 400 401 400 400 402 402
0 0 0 0 0 0 0 0 0 0
1 1 1 1 1 1 1 1 1 0
1 0 0 0 0 0 0 0 1 0
1 1 0 0 0 0 0 0 1 0
1 1 0 0 0 0 0 0 1 0
1 1 1 1 1 1 1 1 1 1
2 1 0 0 0 0 0 0 1 0
1 1 1 1 1 0 0 0 1 0
1 1 1 1 1 1 1 1 1 1
1 1 1 1 1 1 1 1 1 1
Maze 16
91 30 3.0000000000 2.3174957749 44 0.383422037376226
2 4 46 13 76 33 37 5 41 81 100 98 7 30 42 2
400 44 43 73 73 400 35 1 400 91 400 97 27 22 400
400 401 401 401 401 400 401 402 400 401 400 401 401 402 400
1 2 1 1 1 0 1 0 0 0
1 1 1 1 1 0 1 0 0 0
1 1 1 1 1 1 1 1 1 1
1 1 1 1 1 1 1 0 0 0
1 1 1 1 1 1 1 0 0 0
1 0 1 0 0 0 1 0 0 0
1 0 1 0 0 0 1 0 0 0
1 0 1 1 1 1 1 0 0 0
1 0 0 0 0 0 1 0 0 0
1 1 1 1 1 1 1 1 1 1
Maze 17
101 60 3.2941176471 1.9915147184 66 0.387406235767126
65 13 49 52 50 29 92 69 28 98 99 100 33 2 46 65
63 43 42 42 49 22 62 68 400 400 400 93 32 42 45
401 401 402 402 401 402 402 401 400 400 400 401 401 401 402
0 1 0 0 0 0 0 0 0 0
0 1 1 0 0 0 0 0 0 0
0 1 1 1 1 1 1 1 1 0
0 1 1 0 0 0 0 1 1 0
0 1 1 1 1 1 1 1 1 1
0 1 1 0 1 0 0 1 0 0
0 1 1 1 2 1 1 1 1 0
0 1 1 0 0 0 0 1 0 0
0 1 1 0 0 0 0 1 0 0
0 1 1 1 1 1 1 1 1 1
Maze 18
99 58 3.3818181818 2.1711102278 65 0.380446662934739
15 81 77 1 27 44 22 5 22 53 76 76 60 53 89 15
11 71 71 21 24 42 2 2 52 73 400 56 400 83 85
402 402 401 401 402 401 402 402 401 401 400 402 400 401 401
1 1 1 1 1 0 0 0 0 0
1 1 1 1 2 0 0 0 0 0
1 1 1 1 1 1 1 0 0 0
1 1 0 1 1 0 0 0 0 0
1 1 1 1 1 0 0 0 0 0
1 1 1 1 1 1 1 1 1 1
1 0 1 0 1 1 0 0 0 0
1 1 1 1 1 1 1 0 0 0
1 0 1 1 1 1 1 1 1 0
0 0 0 0 0 0 0 0 0 0
Maze 19
85 131 3.0943396226 2.2203940849 50 0.390151136813416
8 9 1 12 26 76 70 25 6 46 23 38 95 97 21 8
400 400 11 22 400 66 65 5 400 43 33 35 400 91 1
400 400 401 401 400 402 401 402 400 401 401 402 400 401 402
1 1 1 1 1 1 1 2 1 0
1 1 0 0 1 1 0 0 0 0
1 1 1 1 1 1 0 0 0 0
1 0 1 1 1 1 1 1 0 0
1 0 1 1 1 1 0 0 0 0
1 0 0 0 1 1 0 0 0 0
1 0 0 0 1 1 1 1 1 1
1 0 0 0 1 1 0 0 0 0
1 0 0 0 1 0 0 0 0 0
1 1 1 1 1 1 1 0 0 0
Maze 20
75 11 3.2500000000 2.0935713583 22 0.382275962432068
2 81 24 41 59 18 58 23 43 52 62 81 37 26 6 2
1 21 21 51 58 400 53 400 42 400 61 31 36 400 400
402 402 402 401 401 400 401 400 402 400 402 402 401 400 400
1 2 1 1 1 1 0 0 0 0
1 0 0 0 0 1 0 1 0 0
1 1 1 1 0 1 0 1 0 0
1 1 1 1 1 1 1 1 0 0
1 1 1 0 0 0 0 1 0 0
1 1 1 1 1 1 1 1 1 0
1 1 0 0 0 0 0 0 0 0
1 0 0 0 0 0 0 0 0 0
1 0 0 0 0 0 0 0 0 0
0 0 0 0 0 0 0 0 0 0
Maze 21
85 41 3.3500000000 1.8630761059 56 0.385161691748154
26 90 62 92 98 90 84 97 95 88 6 57 52 68 54 26
86 82 400 400 88 400 94 400 85 86 56 400 62 64 24
401 401 400 400 402 400 401 400 402 401 401 400 401 401 402
0 0 0 0 0 1 0 0 0 0
0 0 0 0 0 1 0 0 0 0
0 0 0 1 1 2 0 0 0 0
0 0 0 1 0 1 0 0 0 0
0 0 0 1 0 1 0 0 0 0
0 1 1 1 1 1 1 0 0 0
0 1 1 1 1 1 1 1 0 0
0 1 0 0 0 1 0 0 0 0
0 1 1 1 1 1 1 1 1 1
0 1 1 1 1 1 1 1 0 0
Maze 22
103 46 3.9130434783 1.9651274493 84 0.383262552366609
59 94 73 89 4 35 78 14 83 40 23 7 33 57 47 59
54 93 83 84 34 75 74 13 33 33 3 3 53 400 57
402 401 401 401 401 401 401 402 402 401 402 402 401 400 401
0 0 1 1 1 1 1 0 0 0
0 0 1 1 0 0 0 0 0 0
0 0 1 1 0 0 0 0 0 0
0 0 1 1 1 1 1 1 1 1
0 0 1 1 1 0 1 0 0 0
0 0 1 1 1 1 1 1 2 0
0 0 1 1 1 0 0 0 0 0
0 0 1 1 1 1 1 1 0 0
0 0 1 1 1 1 1 1 1 0
0 0 1 1 0 0 0 0 0 0
Maze 23
107 46 4.0434782609 2.0128678854 105 0.398677779800429
45 19 15 31 10 96 6 23 7 79 37 10 55 50 66 45
15 400 11 1 6 400 3 3 77 77 7 5 45 46 65
402 400 402 402 402 400 402 402 401 401 402 402 402 402 401
1 1 1 1 1 1 1 1 1 1
1 1 1 1 1 1 1 1 1 0
1 0 1 0 1 1 1 0 0 0
1 0 0 0 1 1 1 0 0 0
0 0 0 0 2 1 1 1 1 1
0 0 0 0 1 1 1 0 0 0
0 0 0 0 1 1 1 0 0 0
0 0 0 0 0 1 1 1 1 0
0 0 0 0 0 1 0 0 0 0
0 0 0 0 0 1 0 0 0 0
Maze 24
115 3416 3.3230769231 2.2229650316 119 0.387209657111603
84 28 11 93 59 16 2 49 47 44 68 71 58 100 32 84
24 21 91 53 56 12 42 400 400 64 61 51 98 92 82
402 401 401 402 401 401 401 400 400 401 402 402 401 401 401
0 1 0 0 0 0 0 0 0 0
1 1 1 1 1 1 0 0 0 0
1 1 1 1 1 1 1 1 0 0
1 1 0 1 0 1 0 0 0 0
1 1 1 1 1 1 1 1 1 0
1 1 1 1 1 1 1 1 1 0
1 1 1 1 1 1 1 1 0 0
1 1 1 1 0 0 0 1 0 0
1 1 1 2 0 0 0 1 0 0
1 1 1 1 1 1 1 1 1 1
Maze 25
115 54 2.9836065574 2.0544759984 105 0.378954548168257
10 61 18 57 91 64 89 36 58 8 41 93 97 36 77 10
1 11 17 51 61 84 86 56 400 1 91 400 96 76 7
402 402 402 402 402 401 401 401 400 402 401 400 401 401 402
1 1 1 1 1 1 1 1 1 2
1 1 1 1 1 1 1 1 0 0
1 0 0 0 0 0 1 1 0 0
1 0 0 0 0 1 1 1 0 0
1 0 0 0 0 1 1 1 0 0
1 1 1 1 1 1 1 1 0 0
1 1 1 1 0 1 1 0 0 0
1 0 0 1 0 1 1 0 0 0
1 0 0 1 1 1 1 1 1 0
1 1 1 1 1 1 1 0 0 0
Maze 26
97 93 3.5600000000 2.2000583642 56 0.391774984147320
21 99 55 53 49 55 69 77 44 97 20 30 97 88 98 21
91 95 400 43 45 65 67 74 94 17 400 27 87 400 91
401 401 400 402 402 401 402 401 401 402 400 402 402 400 401
0 0 0 0 0 0 0 0 0 0
0 0 0 0 0 0 1 1 1 1
2 0 0 0 0 0 1 1 1 1
1 0 0 0 0 0 1 0 0 0
1 0 1 1 1 1 1 1 1 0
1 0 1 1 1 0 1 0 0 0
1 0 0 1 1 1 1 1 1 0
1 0 0 1 1 1 1 0 0 0
1 0 0 1 1 0 1 1 0 0
1 1 1 1 1 1 1 1 1 0
Maze 27
97 84 3.4339622642 2.2136457562 71 0.374691545026380
51 22 70 47 55 75 96 57 58 59 2 91 88 71 29 51
21 62 67 45 400 95 56 400 400 52 1 81 81 21 21
402 401 401 402 400 401 402 400 400 401 402 402 401 402 402
1 1 0 0 0 0 0 0 0 0
1 1 0 0 0 0 0 0 0 0
1 1 1 1 1 1 1 1 1 0
1 1 0 0 0 0 0 0 0 0
1 1 0 0 1 1 1 0 0 0
2 1 1 1 1 1 1 1 1 0
1 1 1 1 1 1 1 1 1 1
1 0 0 0 1 1 0 0 0 0
1 1 1 1 1 1 1 1 0 0
1 0 0 0 1 1 0 0 0 0
Maze 28
107 4 3.4285714286 2.1976385809 66 0.409461755321017
20 12 6 3 81 75 45 79 21 77 90 87 100 33 72 20
400 2 400 1 71 400 75 71 71 87 400 97 93 32 12
400 402 400 402 402 400 401 401 401 401 400 401 401 402 402
1 1 1 1 1 1 0 0 0 0
1 1 1 1 1 1 1 1 1 2
1 1 0 0 0 0 0 0 0 0
1 1 1 0 0 0 0 0 0 0
1 1 1 0 1 0 0 0 0 0
1 1 1 0 1 0 0 0 0 0
1 1 1 0 1 0 0 0 0 0
1 1 1 1 1 1 1 1 1 0
1 0 1 0 0 0 1 1 1 1
0 0 1 1 1 1 1 1 1 1
Maze 29
109 1743 3.1929824561 2.0789043078 86 0.383365510041062
29 98 12 72 79 88 27 63 87 2 45 44 95 34 96 29
28 92 400 400 78 87 23 83 82 42 400 94 94 94 26
402 401 400 400 402 401 402 401 401 401 400 401 401 401 402
0 1 0 0 0 0 0 0 0 0
0 1 0 0 0 0 0 0 0 0
0 1 1 1 1 1 1 1 2 0
0 1 1 1 0 1 1 1 0 0
0 1 1 1 1 1 1 1 0 0
0 1 1 1 0 1 1 1 0 0
0 1 1 1 0 1 1 1 0 0
0 1 1 1 1 1 1 1 1 0
0 1 1 1 1 1 1 1 0 0
0 1 1 1 1 1 1 1 0 0
Maze 30
125 339 3.5000000000 2.0475086378 183 0.403959839776126
20 67 21 88 31 94 50 33 39 53 40 98 97 6 56 20
17 61 81 81 91 44 43 400 33 33 38 400 96 400 16
402 401 401 401 401 402 401 400 402 402 402 400 401 400 402
0 0 0 0 0 1 0 0 0 0
0 0 0 0 0 1 1 1 1 2
1 0 0 0 0 1 1 0 0 0
1 0 1 1 1 1 1 1 1 1
1 0 1 1 1 1 1 1 1 1
1 0 1 1 0 1 1 1 0 0
1 1 1 1 1 1 1 1 0 0
1 0 0 1 0 1 0 1 0 0
1 1 1 1 1 1 1 1 0 0
1 1 1 1 0 1 1 1 0 0
Maze 31
93 100 3.5000000000 2.0443376802 45 0.386424222513768
50 82 45 82 91 68 43 12 3 6 63 86 82 77 6 50
42 42 42 81 61 63 42 2 400 3 83 400 72 76 46
402 402 402 402 402 401 401 402 400 402 401 400 402 401 401
0 1 1 1 1 1 0 0 0 0
0 1 1 0 0 1 0 0 0 0
0 1 1 0 0 1 0 0 0 0
0 1 1 0 0 1 0 0 0 0
0 1 1 1 1 1 1 1 1 2
0 1 1 0 0 1 0 0 0 0
1 1 1 1 1 1 1 1 0 0
1 1 1 1 1 1 1 0 0 0
1 1 1 1 1 1 0 0 0 0
1 0 0 0 0 0 0 0 0 0
Maze 32
103 1445 3.1578947368 2.1596455172 77 0.380292214983796
48 12 36 31 92 4 49 36 34 34 65 17 81 26 99 48
42 32 400 91 2 44 46 400 400 64 15 11 21 96 98
401 401 400 401 402 401 401 400 400 401 402 402 402 401 401
0 1 1 1 0 0 0 0 0 0
1 1 1 1 1 1 1 0 0 0
1 1 1 1 1 1 0 0 0 0
1 1 1 1 1 1 0 0 0 0
1 1 1 1 1 1 1 2 1 0
1 1 0 1 1 1 0 1 0 0
1 1 0 1 1 1 0 1 0 0
1 1 0 0 0 1 0 1 0 0
1 1 0 0 0 1 0 1 0 0
1 1 0 0 0 1 1 1 1 0
Maze 33
69 11 3.1052631579 1.9469286306 20 0.380684130679562
58 67 50 35 74 13 35 23 73 93 29 18 14 59 48 58
57 47 45 34 73 33 33 400 400 23 28 400 54 58 400
402 402 401 402 401 401 401 400 400 402 401 400 401 401 400
0 0 0 0 0 0 0 0 0 0
0 0 1 1 1 1 1 1 0 0
0 0 1 1 1 1 1 1 1 0
0 0 1 1 1 0 0 0 0 0
0 0 1 1 1 1 1 1 1 1
0 0 1 1 1 1 1 2 1 0
0 0 1 1 0 0 1 0 0 0
0 0 1 1 0 0 0 0 0 0
0 0 1 0 0 0 0 0 0 0
0 0 1 0 0 0 0 0 0 0
Maze 34
101 2681 3.3333333333 2.1052373260 70 0.395962756472276
52 74 34 91 39 96 71 25 96 69 73 23 62 77 68 52
72 400 31 31 36 91 21 95 66 63 400 22 72 67 62
401 400 402 402 402 401 402 401 402 402 400 402 401 402 401
0 0 0 0 0 0 0 0 0 0
0 0 0 0 0 0 0 0 0 0
1 1 1 1 1 0 0 0 0 0
1 1 1 1 1 1 1 1 1 0
1 1 1 1 1 1 0 0 0 0
1 2 1 1 1 1 0 0 0 0
1 1 1 1 1 1 1 1 1 0
1 1 1 1 1 1 1 0 0 0
1 0 0 0 1 1 0 0 0 0
1 1 1 1 1 1 0 0 0 0
Maze 35
101 12 3.9069767442 1.9573778649 65 0.388289352964722
30 33 30 46 27 47 97 59 1 34 81 58 54 69 33 30
23 23 26 26 400 400 57 51 31 31 51 400 64 63 23
402 402 402 402 400 400 402 401 401 402 402 400 401 401 402
1 0 0 0 0 0 0 0 0 0
1 0 0 0 0 0 0 0 0 0
1 0 1 1 1 1 1 1 1 2
1 1 1 1 0 1 1 0 0 0
1 0 1 0 0 1 1 0 0 0
1 1 1 1 1 1 1 1 1 0
1 0 1 1 1 1 1 1 1 0
1 0 0 0 0 0 1 0 0 0
1 0 0 0 0 0 1 0 0 0
0 0 0 0 0 0 1 0 0 0
Maze 36
97 14113 2.5757575758 2.2735971773 71 0.367860715506107
100 49 71 81 77 6 35 90 39 35 51 57 99 69 81 100
99 41 400 71 76 5 85 89 400 31 400 97 400 61 91
401 402 400 402 401 402 401 401 400 402 400 401 400 402 401
0 0 0 0 1 1 0 0 0 0
0 0 0 0 1 1 0 0 0 0
0 0 0 0 1 1 0 0 0 0
1 1 1 1 1 1 1 1 1 0
1 1 1 1 1 1 1 1 1 0
1 1 1 1 1 1 1 0 1 0
1 1 1 1 1 1 1 1 1 0
1 1 1 1 1 1 1 0 1 0
1 0 0 0 1 1 1 1 1 1
1 1 1 1 1 1 1 1 1 2
Maze 37
81 99 3.1250000000 2.1560348361 35 0.369856524448871
48 7 96 100 77 99 98 64 54 40 29 14 90 48 80 48
47 6 400 97 97 400 94 400 34 39 24 84 88 78 78
401 402 400 401 401 400 401 400 402 401 401 401 401 401 401
0 0 0 0 0 1 1 0 0 0
0 0 0 1 0 1 1 0 0 0
0 0 0 1 1 1 1 1 1 0
0 0 0 1 1 1 1 1 1 1
0 0 0 1 0 1 1 2 0 0
0 0 0 1 0 1 0 1 0 0
0 0 0 1 0 1 0 1 0 0
0 0 0 1 0 1 1 1 1 1
0 0 0 1 1 1 1 1 1 1
0 0 0 1 1 1 1 1 1 1
Maze 38
111 79 3.0476190476 2.1230564909 90 0.390846137632381
98 14 9 48 83 8 58 93 53 70 66 90 2 12 96 98
94 4 8 43 3 400 53 400 63 400 86 82 400 92 400
401 402 402 402 402 400 402 400 401 400 401 401 400 401 400
0 1 1 1 1 1 1 1 1 0
0 1 1 1 0 0 0 1 0 0
0 1 1 1 0 0 0 1 0 0
0 1 1 1 0 0 0 1 0 0
0 1 1 1 1 1 1 1 0 0
0 1 1 1 1 1 1 1 0 0
0 1 1 1 1 1 1 1 1 1
0 1 1 1 0 1 0 0 0 0
0 1 1 1 1 1 1 1 1 1
0 1 1 1 1 1 1 2 0 0
Maze 39
99 16 2.8771929825 2.0366596856 77 0.367480212024378
96 93 50 89 69 50 12 39 20 48 11 93 3 37 17 96
400 43 49 400 49 42 32 19 18 41 91 400 33 400 16
400 402 402 400 402 401 401 402 402 401 401 400 401 400 402
0 0 1 0 0 0 0 0 0 0
1 1 1 0 0 1 1 1 1 1
1 1 1 0 0 1 1 1 1 0
1 1 1 1 1 1 1 1 1 0
1 1 1 1 1 1 1 1 1 1
1 0 1 0 0 1 0 0 1 0
1 0 1 0 0 1 0 0 1 0
1 0 1 0 0 1 0 0 1 0
1 0 1 0 0 1 0 0 1 0
1 1 1 1 1 2 0 0 0 0
Maze 40
133 361 3.4754098361 1.9324767669 148 0.398299259723457
5 19 82 30 91 87 19 34 60 42 10 17 54 1 19 5
15 12 22 21 81 17 14 54 52 2 7 14 51 11 15
401 402 402 402 402 402 402 401 401 402 402 402 401 401 401
1 1 1 1 2 1 1 1 1 1
1 1 1 1 1 1 1 1 1 0
1 1 1 1 1 1 1 1 1 1
1 1 0 1 0 0 1 0 0 0
1 1 0 1 0 0 1 0 0 0
1 1 1 1 1 1 1 1 1 1
1 1 0 0 0 0 1 0 0 0
1 1 0 0 0 0 1 0 0 0
1 1 1 1 1 1 1 0 0 0
1 0 0 0 0 0 0 0 0 0
Maze 41
85 291 3.0943396226 2.2159110899 38 0.371364053612010
97 50 15 72 43 30 27 17 45 81 75 66 73 17 46 97
47 45 12 42 23 400 400 15 41 71 65 63 13 16 96
402 401 402 402 402 400 400 402 402 402 402 402 402 402 401
0 0 0 0 0 0 0 0 0 0
0 1 1 1 1 1 1 0 0 0
0 1 1 1 1 1 1 1 1 1
0 1 1 0 1 1 0 0 0 0
1 1 1 1 1 1 1 1 1 1
1 1 1 0 0 1 1 0 0 0
1 1 1 1 1 1 1 0 0 0
1 1 1 1 1 1 1 0 0 0
1 0 0 0 0 1 1 0 0 0
0 0 0 0 0 1 2 0 0 0
Maze 42
99 21 3.5609756098 1.8269230695 77 0.379821093450261
76 34 52 71 67 81 67 69 94 47 75 1 94 35 14 76
74 32 51 61 61 61 400 64 44 45 71 91 34 34 74
401 402 402 402 402 402 400 402 402 402 401 401 402 401 401
1 0 0 0 0 0 0 0 0 0
1 0 0 1 0 0 0 0 0 0
1 0 0 1 0 0 0 0 0 0
1 1 1 1 1 0 0 0 0 0
1 1 0 1 1 1 1 0 0 0
1 1 0 1 1 0 0 0 0 0
1 1 1 1 1 1 1 1 1 0
1 1 1 1 1 2 0 0 0 0
1 0 0 1 0 0 0 0 0 0
1 1 1 1 0 0 0 0 0 0
Maze 43
117 61 3.6785714286 1.9614227545 156 0.385378169849250
32 90 62 99 26 99 58 13 64 3 18 44 64 39 74 32
82 82 92 96 96 98 53 63 63 13 14 400 34 34 72
401 401 401 401 401 401 401 401 401 401 402 400 402 402 401
0 0 1 0 0 0 0 0 0 0
0 0 1 1 1 1 1 1 0 0
0 0 1 1 0 1 0 0 0 0
0 2 1 1 1 1 1 1 1 0
0 1 1 1 0 1 0 0 0 0
0 1 1 1 1 1 1 1 0 0
0 1 1 1 0 1 0 1 0 0
0 1 1 1 0 1 0 1 0 0
0 1 1 1 1 1 1 1 1 1
0 1 1 1 1 1 1 1 1 0
Maze 44
95 2996 2.9655172414 2.2063813261 71 0.383369902517996
52 25 85 79 36 85 93 23 15 7 94 52 68 100 16 52
22 400 75 76 35 83 400 13 5 4 92 62 98 96 12
402 400 402 401 402 402 400 402 402 402 401 401 401 401 402
0 0 0 1 1 1 1 0 0 0
0 1 1 1 1 1 0 0 0 0
0 1 1 1 1 1 0 0 0 0
0 1 1 1 1 1 0 0 0 0
0 1 1 1 1 1 0 0 0 0
0 2 1 1 1 1 0 0 0 0
0 1 1 1 1 1 1 1 0 0
0 1 1 1 1 1 1 1 1 0
0 1 1 1 1 1 0 1 0 0
0 1 1 1 0 1 1 1 1 1
Maze 45
95 619 3.0000000000 1.9170975905 84 0.395779739553484
70 25 41 43 46 89 53 49 76 4 69 79 89 23 18 70
65 21 400 400 86 83 43 46 74 64 400 400 83 13 68
401 402 400 400 401 401 402 402 401 401 400 400 401 402 401
0 0 0 1 0 0 0 0 0 0
0 0 1 1 1 1 1 1 0 0
1 1 1 1 1 0 0 1 0 0
1 0 1 1 1 0 0 1 0 0
1 1 1 1 1 1 1 1 1 0
0 0 1 1 1 1 0 1 0 0
0 0 1 1 1 1 1 1 1 2
0 0 1 1 1 1 0 0 1 0
0 0 1 1 1 1 1 1 1 0
0 0 0 0 0 0 0 0 0 0
Maze 46
99 67 3.0638297872 1.7974541756 84 0.378615323121253
80 100 41 100 66 79 89 100 89 56 13 28 80 98 41 80
400 91 91 96 76 400 99 99 86 53 23 78 78 91 71
400 401 401 401 401 400 401 401 401 401 401 401 402 401 401
0 0 0 0 0 0 0 0 0 0
0 0 1 0 0 0 0 0 0 0
0 0 1 1 1 1 1 1 0 0
0 0 1 0 0 0 0 1 0 0
1 0 1 0 0 0 0 1 0 0
1 0 1 1 1 1 0 1 0 0
1 0 0 0 0 1 0 1 0 0
1 1 1 1 1 1 1 1 1 2
1 0 0 0 0 1 1 1 1 1
1 1 1 1 1 1 1 1 1 1
Maze 47
87 102 3.2400000000 2.1769963096 38 0.367051393890926
43 100 66 50 67 59 51 32 77 44 26 55 96 44 75 43
93 96 46 47 57 400 31 72 74 24 25 95 94 74 73
401 401 402 402 402 400 402 401 401 402 402 401 401 401 401
0 0 0 0 0 0 0 0 0 0
0 0 0 0 0 0 0 0 0 0
0 0 0 1 1 1 0 0 0 0
1 1 0 1 1 0 0 0 0 0
1 1 2 1 1 1 1 1 1 1
1 1 1 1 1 1 1 1 1 0
0 1 1 1 1 1 1 0 0 0
0 1 1 1 1 1 1 0 0 0
0 0 1 1 1 1 0 0 0 0
0 0 1 1 1 1 1 1 1 1
Maze 48
77 115 3.7073170732 2.1525783848 22 0.369369039214830
5 17 47 60 9 4 39 93 23 46 49 37 20 45 6 5
15 400 57 59 400 34 33 400 43 400 47 17 15 5 400
401 400 401 401 400 401 402 400 401 400 401 402 402 402 400
0 0 0 1 2 1 1 1 1 0
0 0 0 1 1 1 1 1 1 1
0 0 1 1 1 0 1 0 1 0
0 0 1 1 1 1 1 1 1 0
0 0 1 1 1 1 1 1 1 0
0 0 1 0 0 0 1 1 1 1
0 0 1 0 0 0 0 0 0 0
0 0 1 0 0 0 0 0 0 0
0 0 1 0 0 0 0 0 0 0
0 0 1 0 0 0 0 0 0 0
Maze 49
97 1437 3.6078431373 2.1754232752 71 0.390657677099444
24 89 22 66 50 63 96 78 54 53 52 77 38 86 29 24
84 82 62 46 43 93 76 74 400 400 72 37 36 26 400
401 401 401 402 402 401 402 401 400 400 401 402 402 402 400
0 0 0 0 0 0 0 0 0 0
0 0 0 0 0 0 0 0 0 0
0 1 0 2 1 1 1 1 1 0
0 1 0 1 0 1 1 1 0 0
0 1 1 1 1 1 1 1 1 1
0 1 1 1 0 1 1 0 0 0
0 1 1 1 1 1 1 0 0 0
0 1 1 1 1 1 1 1 0 0
0 1 1 1 1 1 1 1 1 0
0 0 1 1 1 1 0 0 0 0
Maze 50
115 2523 3.4242424242 2.3533491928 147 0.401971762891169
47 96 13 38 37 12 60 92 15 46 85 74 8 90 6 47
46 93 33 400 32 52 52 12 45 45 84 4 88 86 46
402 401 401 400 401 401 402 402 401 402 401 402 401 401 401
0 0 0 1 1 1 1 1 0 0
0 1 1 1 1 1 0 1 0 0
0 1 1 1 1 1 0 1 0 0
0 1 1 1 1 1 1 1 0 0
0 1 1 1 1 1 2 1 0 0
0 1 1 1 1 1 1 1 1 1
0 1 1 1 1 1 0 1 0 0
0 1 1 1 1 1 0 1 0 0
0 1 1 1 1 1 1 1 1 1
0 1 1 1 1 1 0 0 0 0
Maze 51
89 12 2.9787234043 1.8845903060 39 0.407045845115541
14 88 92 90 53 62 86 82 80 69 40 34 14 29 57 14
84 82 82 83 52 82 400 72 79 39 400 400 24 27 54
401 402 402 401 402 401 400 402 401 402 400 400 401 402 401
0 0 0 0 0 0 0 0 0 0
0 0 0 2 0 0 0 0 0 0
0 0 0 1 1 1 1 1 1 0
0 0 0 1 1 1 1 1 1 1
0 0 0 1 0 0 1 0 1 0
0 1 1 1 1 1 1 0 1 0
0 1 1 1 0 0 0 0 1 0
0 1 1 1 1 1 1 1 1 1
0 1 1 1 1 1 1 1 1 1
0 1 0 0 0 0 0 0 0 0
Maze 52
87 128 3.3191489362 2.1263750885 50 0.378954892109532
98 30 67 86 15 100 88 77 9 35 58 57 19 56 69 98
28 27 66 85 95 98 87 7 5 55 400 17 16 66 68
402 402 402 401 401 401 401 402 402 401 400 402 402 401 402
0 0 0 0 1 1 1 1 1 0
0 0 0 0 1 1 1 1 1 0
0 0 0 0 1 1 1 1 1 1
0 0 0 0 1 1 1 1 0 0
0 0 0 0 1 1 1 1 0 0
0 0 0 0 1 1 1 1 0 0
0 0 0 0 1 1 1 1 1 0
0 0 0 0 1 1 1 1 0 0
0 0 0 0 1 1 1 1 0 0
0 0 0 0 1 1 1 2 1 1
Maze 53
107 55 3.3877551020 1.8533000006 79 0.386268349226553
87 47 35 74 10 69 84 17 52 7 54 66 79 14 8 87
400 45 34 4 9 64 14 12 2 4 64 76 74 4 7
400 401 402 402 402 402 402 402 402 402 401 401 401 402 402
0 1 1 1 1 1 1 1 1 1
0 1 1 1 1 1 1 0 1 0
0 1 0 1 0 0 1 0 1 0
0 1 0 1 1 0 1 0 1 0
0 1 0 1 1 1 1 0 1 0
0 1 0 1 0 0 1 0 1 0
0 0 0 1 1 1 1 1 1 0
0 0 0 1 1 1 1 1 1 0
0 0 0 1 0 0 2 0 0 0
0 0 0 0 0 0 0 0 0 0
Maze 54
117 202 3.5686274510 1.8657435958 101 0.393641279328605
5 32 80 92 13 25 40 93 12 35 13 54 10 77 52 5
2 72 72 12 23 35 33 92 32 33 53 4 7 72 2
402 401 402 402 401 401 402 401 401 401 401 402 402 401 402
0 1 1 1 2 1 1 1 1 1
0 1 1 1 0 0 1 0 0 0
0 1 1 1 1 0 1 0 0 0
0 1 1 1 1 1 1 1 1 1
0 1 1 1 0 0 1 0 0 0
0 1 1 1 0 0 1 0 0 0
0 1 1 0 0 0 1 0 0 0
0 1 1 1 1 1 1 1 1 1
0 1 1 0 0 0 0 0 0 0
0 1 1 0 0 0 0 0 0 0
Maze 55
103 115 2.7428571429 2.3508994117 71 0.395117758191281
41 27 10 53 45 97 31 89 77 70 98 72 39 59 33 41
21 7 3 43 95 91 81 87 67 68 92 32 400 53 31
402 402 402 402 401 401 401 401 402 402 401 402 400 401 402
0 0 1 1 1 1 1 1 1 1
0 0 1 0 0 0 1 0 0 0
1 1 1 1 1 1 1 0 0 0
1 1 1 1 1 1 1 1 1 0
2 1 1 1 1 0 0 0 1 0
1 1 1 1 1 1 1 1 1 0
1 1 0 0 1 0 1 1 1 1
1 1 0 0 1 0 1 1 0 0
1 1 1 1 1 1 1 1 1 0
1 1 1 1 1 1 1 1 0 0
Maze 56
115 186 3.2280701754 2.0535518162 107 0.392745068962867
60 59 91 46 98 68 71 4 96 74 18 96 54 89 94 60
400 51 41 96 400 61 1 94 94 14 16 94 84 84 54
400 402 402 401 400 402 402 401 401 402 402 401 401 402 402
1 1 1 1 0 0 0 0 0 0
1 0 0 1 1 1 1 1 0 0
1 0 0 1 0 1 0 0 0 0
1 0 0 1 0 1 0 0 0 0
1 1 1 1 1 1 0 0 0 0
1 1 1 1 1 1 1 1 1 2
1 1 1 1 1 1 1 1 0 0
1 0 0 1 0 1 0 1 0 0
1 0 0 1 1 1 1 1 1 0
1 0 0 1 1 1 1 1 0 0
Maze 57
87 116 2.8196721311 2.3512804226 45 0.384801339698524
33 95 5 6 68 27 89 98 91 7 13 37 45 74 24 33
93 400 400 66 67 87 88 400 1 3 33 35 44 400 23
401 400 400 401 401 401 402 400 402 402 401 402 402 400 402
1 1 1 1 1 1 1 0 0 0
1 0 1 0 1 1 0 0 0 0
1 0 1 1 1 1 1 0 0 0
1 0 2 1 1 1 1 0 0 0
1 0 1 1 1 1 1 0 0 0
1 0 1 1 1 1 1 0 0 0
1 0 1 1 1 1 1 1 0 0
1 0 1 1 1 0 1 0 0 0
1 0 1 0 1 0 1 1 1 0
1 1 1 1 1 1 1 1 0 0
Maze 58
73 11 2.7916666667 2.1182331603 16 0.375730314391722
90 17 51 66 65 70 45 66 72 12 12 16 54 63 79 90
87 11 61 400 400 65 65 62 400 400 400 14 53 73 89
401 402 401 400 400 401 401 402 400 400 400 402 402 401 401
0 0 0 0 0 0 0 0 0 0
1 1 1 1 1 1 1 0 0 0
1 1 0 1 0 0 1 0 0 0
1 1 0 1 0 0 1 0 0 0
1 1 0 1 1 0 1 0 0 0
1 1 1 1 1 0 1 0 0 0
1 1 1 1 1 1 1 1 1 1
0 1 1 1 1 1 1 1 1 0
0 0 0 0 0 0 1 1 1 2
0 0 0 0 0 0 0 0 0 0
Maze 59
75 68 3.6774193548 1.7267295267 23 0.400114749453799
8 22 13 5 8 19 51 35 4 46 23 8 6 32 15 8
2 12 3 400 18 11 31 34 44 43 3 400 2 12 5
402 402 402 400 401 402 402 401 401 401 402 400 402 402 402
0 1 1 1 1 1 1 2 0 0
1 1 1 1 1 1 1 1 1 0
1 1 1 1 0 0 0 0 0 0
1 1 1 1 1 0 0 0 0 0
1 0 1 1 1 1 0 0 0 0
1 0 0 0 0 0 0 0 0 0
0 0 0 0 0 0 0 0 0 0
0 0 0 0 0 0 0 0 0 0
0 0 0 0 0 0 0 0 0 0
0 0 0 0 0 0 0 0 0 0
Maze 60
115 419 3.1864406780 2.0085863659 141 0.405858313469258
58 29 68 15 62 12 4 100 17 100 62 28 57 61 27 58
28 28 65 12 400 2 94 97 97 92 22 27 51 21 57
402 402 401 402 400 402 401 401 401 401 402 402 402 402 401
0 1 1 1 0 0 0 0 0 0
0 1 1 1 1 0 1 0 0 0
1 1 1 1 1 1 1 1 1 0
1 1 0 1 1 0 1 1 0 0
1 1 0 1 1 0 1 1 0 0
1 1 1 1 1 1 1 2 0 0
1 1 0 1 1 1 1 1 0 0
0 1 0 1 0 0 1 0 0 0
0 1 0 1 0 0 1 0 0 0
0 1 1 1 1 1 1 1 1 1
Maze 61
115 22 3.1076923077 2.1730107613 120 0.385460418890122
69 80 1 57 46 39 12 30 4 96 100 59 4 77 93 69
79 71 51 56 36 32 22 24 94 400 99 54 74 73 63
401 401 401 401 402 401 401 401 401 400 401 401 401 402 402
1 0 0 1 0 0 0 0 0 0
1 1 0 1 0 0 0 0 0 0
1 1 1 1 1 1 1 1 1 1
1 1 1 1 1 1 1 1 1 0
1 0 0 1 0 1 0 0 0 0
1 1 1 1 1 1 1 1 1 0
1 0 1 1 1 1 1 1 2 0
1 1 1 1 1 1 1 1 1 1
0 0 1 1 0 0 0 0 1 0
0 0 1 1 1 1 1 1 1 1
Maze 62
111 6737 3.3770491803 2.1677176155 104 0.390710982504230
55 15 49 51 40 80 17 70 71 3 59 44 78 15 4 55
400 45 41 31 400 77 67 61 1 53 54 74 75 14 54
400 401 402 402 400 401 401 402 402 401 401 401 401 401 401
1 1 1 1 0 0 0 0 0 0
1 0 1 1 1 0 1 0 0 0
1 0 1 1 1 0 1 0 0 0
1 1 1 1 1 1 1 1 1 1
1 1 1 1 1 1 1 1 1 1
1 0 1 1 2 1 1 1 1 1
1 1 1 1 1 1 1 1 1 1
1 0 0 1 1 1 1 1 1 1
0 0 0 0 0 0 0 0 0 0
0 0 0 0 0 0 0 0 0 0
Maze 63
99 57 3.2941176471 2.0433594885 77 0.382078524680766
5 60 21 43 46 57 50 91 96 46 50 35 41 83 80 5
55 51 41 400 56 47 41 400 400 400 45 31 81 73 75
401 401 401 400 401 402 402 400 400 400 401 402 401 402 401
0 0 0 0 2 0 0 0 0 0
0 0 0 0 1 0 0 0 0 0
1 0 0 0 1 0 0 0 0 0
1 1 1 1 1 0 0 0 0 0
1 1 1 1 1 1 1 1 1 1
1 1 1 1 1 1 1 1 1 1
1 0 0 0 1 1 0 0 0 0
1 0 1 1 1 1 1 1 1 1
1 1 1 0 0 1 0 0 0 0
1 1 1 1 1 1 0 0 0 0
Maze 64
97 21 3.4166666667 2.0029377812 47 0.401049750548771
14 73 3 81 72 96 53 16 16 74 92 100 42 60 55 14
13 400 1 71 92 93 13 400 14 72 400 92 52 400 54
402 400 402 402 401 401 402 400 402 402 400 401 401 400 401
1 1 1 0 0 0 0 0 0 0
1 0 1 2 1 1 0 0 0 0
1 0 1 1 0 0 0 0 0 0
1 0 1 1 0 0 0 0 0 0
1 1 1 1 0 0 0 0 0 0
1 1 1 1 1 1 1 1 1 1
1 1 1 1 0 0 0 0 0 0
1 1 1 1 0 0 0 0 0 0
1 1 1 0 0 0 0 0 0 0
0 1 1 1 1 1 1 1 1 1
Maze 65
123 333 3.6825396825 2.1367015904 148 0.386400400163740
9 54 60 65 45 78 13 86 7 42 20 12 40 61 11 9
4 400 55 400 75 73 83 6 2 12 400 32 31 400 1
402 400 402 400 401 401 401 402 402 402 400 401 402 400 402
1 1 1 1 1 1 1 1 2 0
1 1 1 1 1 1 1 1 1 1
1 1 1 1 0 1 0 0 0 0
1 1 1 1 1 1 1 1 1 1
1 1 1 1 1 1 0 0 0 0
1 0 1 1 1 1 1 1 1 1
1 0 1 0 1 1 0 0 0 0
0 0 1 1 1 1 1 1 0 0
0 0 1 1 1 1 0 0 0 0
0 0 0 0 0 0 0 0 0 0
Maze 66
113 114 3.3000000000 2.0332993979 97 0.398810283384294
3 50 82 21 86 22 90 39 4 89 87 99 79 48 29 3
43 42 81 81 82 82 89 34 84 400 97 400 78 28 23
401 402 401 401 401 401 401 401 401 400 401 400 401 402 401
0 0 2 1 0 0 0 0 0 0
0 0 1 1 0 0 0 0 0 0
1 1 1 1 1 1 1 1 1 0
1 1 1 1 1 1 1 1 1 0
1 1 1 1 1 1 1 1 1 1
1 1 0 1 0 0 0 1 1 0
1 1 0 1 0 0 0 1 1 0
1 1 0 1 0 0 0 1 1 0
1 1 1 1 1 1 1 1 1 1
0 0 0 0 0 0 1 1 1 0
Maze 67
103 244 3.2068965517 2.1260765237 77 0.376861627027899
79 93 64 94 59 79 43 23 4 97 10 88 50 73 51 79
73 63 400 54 400 73 400 3 94 7 8 48 43 71 71
402 402 400 402 400 401 400 402 401 402 402 402 402 401 401
0 0 1 1 0 0 1 1 1 1
0 0 1 1 0 0 1 1 0 0
0 0 1 1 0 0 1 1 0 0
0 0 1 1 0 0 1 1 0 0
0 0 1 1 1 1 1 1 1 1
1 0 1 1 1 1 1 1 1 0
1 0 1 1 0 0 1 1 1 0
1 1 1 1 1 1 1 1 2 0
0 0 1 1 0 0 1 1 0 0
0 0 1 1 1 1 1 0 0 0
Maze 68
107 275 3.3333333333 2.0289853381 62 0.380409081997848
71 80 55 16 71 12 60 48 74 20 17 83 59 89 77 71
400 75 15 11 11 52 58 44 14 400 13 53 400 87 400
400 401 402 402 402 401 401 402 402 400 402 402 400 401 400
0 0 0 0 0 0 0 0 0 0
1 1 1 1 1 1 1 1 1 1
1 1 1 1 1 0 0 0 0 0
1 1 1 1 1 0 0 0 0 0
1 1 1 1 1 1 1 1 0 0
1 1 1 1 1 1 1 1 1 1
1 0 1 1 1 0 0 0 1 0
2 1 1 1 1 1 1 1 1 1
0 0 1 0 0 0 1 1 1 0
0 0 0 0 0 0 0 0 0 0
Maze 69
99 81 3.4000000000 2.0137286468 40 0.378064052970144
72 76 52 35 64 55 4 52 89 83 10 72 24 15 51 72
400 72 32 34 54 54 2 82 400 3 2 22 14 11 71
400 401 402 402 402 401 402 401 400 402 402 402 402 402 401
0 1 1 1 1 1 1 1 1 1
1 1 1 1 1 0 0 0 0 0
1 1 1 1 0 0 0 0 0 0
1 1 1 1 1 0 0 0 0 0
1 1 1 1 0 0 0 0 0 0
1 1 1 1 1 0 0 0 0 0
1 1 1 1 0 0 0 0 0 0
1 2 1 1 1 1 0 0 0 0
0 1 1 1 1 1 1 1 1 0
0 0 0 0 0 0 0 0 0 0
Maze 70
123 418 3.3125000000 2.1565006585 111 0.386742553002980
30 3 93 2 87 42 77 10 96 31 11 73 65 84 82 30
23 400 92 82 82 72 7 6 91 400 71 63 64 400 22
401 400 401 401 401 401 402 402 401 400 401 402 402 400 402
0 1 1 0 0 1 1 1 1 1
1 1 1 0 0 1 1 0 0 0
1 1 1 1 1 1 1 1 1 2
1 1 1 0 0 1 1 0 0 0
1 1 1 0 0 1 1 0 0 0
1 1 1 0 0 1 1 0 0 0
1 1 1 1 1 1 1 0 0 0
1 1 1 1 1 1 1 0 0 0
1 1 1 1 1 1 1 0 0 0
1 1 1 1 1 1 0 0 0 0
Maze 71
97 116 3.2830188679 2.1194202151 62 0.394791483526787
67 7 33 83 13 28 55 61 55 43 71 8 64 78 8 67
400 3 400 400 23 25 51 51 53 41 1 4 74 400 7
400 402 400 400 401 402 402 402 401 402 402 402 401 400 402
1 1 1 1 1 1 1 1 0 0
1 0 1 1 0 0 1 1 0 0
1 0 1 1 1 1 1 1 0 0
1 0 1 1 1 0 1 1 0 0
1 1 1 1 1 0 1 1 0 0
1 1 1 1 1 0 1 1 0 0
1 0 1 1 0 0 2 1 0 0
1 0 1 1 1 1 1 1 0 0
0 0 1 0 0 0 0 0 0 0
0 0 0 0 0 0 0 0 0 0
Maze 72
77 13 2.4745762712 2.3529742011 26 0.377816848863901
67 89 96 97 78 72 20 29 58 48 59 90 37 51 6 67
87 86 400 77 400 12 19 28 400 58 89 87 31 1 66
401 402 400 402 400 402 402 402 400 401 401 401 402 402 401
1 1 1 1 1 1 0 0 0 0
1 1 1 1 1 1 1 1 1 1
1 1 0 0 0 1 0 1 1 0
1 1 1 1 1 1 1 1 0 0
1 1 0 0 0 1 1 1 0 0
1 1 0 0 0 1 1 1 1 0
0 1 0 0 0 1 2 0 1 0
0 1 1 1 1 1 1 1 1 0
0 0 0 0 0 1 1 1 1 1
0 0 0 0 0 1 1 0 0 0
Maze 73
107 5392 3.0344827586 2.0022881626 78 0.379132930260063
61 69 23 54 95 5 3 58 14 81 99 27 53 46 15 61
400 63 53 94 400 400 53 54 11 91 97 23 43 45 11
400 401 401 401 400 400 401 401 402 401 401 402 402 401 402
0 0 1 1 1 0 0 0 0 0
1 1 1 1 1 0 0 0 0 0
1 0 1 1 1 1 1 0 0 0
1 0 1 1 1 0 1 0 0 0
1 0 1 1 1 1 1 0 0 0
1 0 1 1 1 1 1 1 0 0
2 1 1 1 1 1 1 1 1 0
1 0 0 1 1 0 1 0 0 0
1 0 0 1 1 0 1 0 0 0
1 1 1 1 1 1 1 1 1 0
Maze 74
105 916 3.5272727273 2.2277379314 104 0.373512344349780
24 55 95 6 67 92 13 78 6 25 1 6 31 67 95 24
54 400 5 66 62 12 73 76 5 21 400 1 61 65 94
401 400 402 401 402 402 401 401 402 401 400 402 401 402 401
1 1 1 1 1 1 0 0 0 0
1 1 1 0 1 1 0 0 0 0
1 1 1 2 1 1 0 0 0 0
1 1 1 1 1 1 0 0 0 0
1 1 1 1 1 1 0 0 0 0
1 1 1 1 1 1 0 0 0 0
1 1 1 1 1 1 1 0 0 0
0 1 1 1 1 1 1 1 0 0
0 1 0 1 1 0 0 0 0 0
0 1 0 1 1 0 0 0 0 0
Maze 75
101 595 3.4230769231 2.0778394245 59 0.380169106955683
37 25 86 56 80 38 12 30 84 80 82 47 13 49 60 37
35 85 400 76 78 32 22 24 74 72 42 43 43 59 57
401 401 400 401 401 401 401 402 402 402 402 401 401 401 401
0 0 0 0 0 0 0 0 0 0
0 1 1 0 0 0 0 0 0 0
0 1 1 1 1 1 1 1 1 1
0 1 1 1 1 1 2 1 0 0
0 1 1 1 1 1 1 1 1 0
0 1 0 1 1 1 1 1 1 1
0 1 0 1 1 1 0 1 0 0
0 1 1 1 1 1 1 1 1 1
0 1 0 1 1 1 0 0 0 0
0 0 0 0 0 0 0 0 0 0
Maze 76
117 582 3.0447761194 2.1887356390 139 0.370125936726250
99 17 58 52 45 49 90 33 8 92 12 51 77 95 22 99
97 57 400 42 400 89 83 3 2 400 11 71 75 92 92
401 401 400 402 400 401 401 402 402 400 402 401 402 401 401
0 1 1 1 1 1 1 1 0 0
1 1 1 0 0 0 1 0 0 0
1 1 1 0 0 0 1 0 0 0
1 1 1 0 0 0 1 0 0 0
1 1 1 1 1 1 1 1 1 0
1 1 1 1 1 1 1 1 1 0
1 1 1 0 0 0 1 0 1 0
1 1 1 1 1 1 1 0 1 0
0 1 1 1 1 1 1 1 1 1
0 1 1 1 1 1 1 1 2 0
Maze 77
89 200 2.9310344828 2.3333022836 50 0.369117766116276
97 33 23 17 54 97 80 46 4 72 62 28 69 59 62 97
93 400 13 14 94 77 76 44 2 400 22 68 400 52 92
401 400 402 402 401 402 401 401 402 400 402 401 400 402 401
0 1 1 1 0 0 0 0 0 0
0 1 1 1 1 1 1 0 0 0
0 1 1 1 1 1 1 1 0 0
0 1 1 1 0 0 0 1 0 0
0 1 1 1 1 1 0 1 0 0
0 1 1 1 1 1 1 1 1 0
0 1 1 1 0 1 0 1 1 0
0 1 1 1 0 1 1 1 1 1
0 1 1 1 0 0 1 0 0 0
0 1 1 1 1 1 2 0 0 0
Maze 78
67 13 2.9130434783 2.2904870455 16 0.370142040476001
31 5 35 66 76 50 46 82 31 93 73 64 32 25 26 31
1 400 65 400 46 400 42 81 91 400 63 62 22 400 21
402 400 401 400 402 400 402 401 401 400 402 401 402 400 402
1 1 1 1 1 0 0 0 0 0
1 0 0 0 1 0 0 0 0 0
1 1 1 1 1 1 0 0 0 0
2 1 0 0 1 0 0 0 0 0
1 1 1 1 1 1 1 1 1 1
1 1 0 0 1 1 0 0 0 0
1 1 1 1 1 1 0 0 0 0
1 1 1 0 0 1 0 0 0 0
1 1 1 0 0 0 0 0 0 0
1 1 1 0 0 0 0 0 0 0
Maze 79
105 173 3.5471698113 2.1764155732 87 0.397306572300041
47 20 61 33 96 40 76 71 30 18 29 27 96 13 54 47
17 11 31 93 36 36 400 21 28 28 400 26 93 53 44
402 402 402 401 402 402 400 402 401 401 400 402 401 401 402
0 0 0 0 0 0 0 0 0 0
1 1 1 1 1 1 1 1 1 1
1 1 1 1 1 1 1 1 1 1
1 1 1 0 0 1 1 1 1 1
1 0 1 1 1 1 2 0 0 0
1 0 1 1 0 1 0 0 0 0
1 0 1 0 0 1 0 0 0 0
1 1 1 1 1 1 0 0 0 0
0 0 1 0 0 1 0 0 0 0
0 0 1 1 1 1 0 0 0 0
Maze 80
73 191 3.4054054054 1.9609122981 20 0.377113350859645
95 77 22 96 73 87 96 43 41 21 92 55 77 88 88 95
75 72 92 93 83 86 93 400 400 91 52 75 87 400 85
402 401 401 401 401 402 401 400 400 401 402 401 401 400 402
0 0 0 0 0 0 0 0 0 0
0 0 0 0 0 0 0 0 0 0
1 1 0 0 0 0 0 0 0 0
1 1 0 0 0 0 0 0 0 0
1 1 1 0 0 0 0 0 0 0
1 1 1 1 1 0 0 0 0 0
1 1 1 0 1 0 0 0 0 0
1 1 1 1 1 1 1 0 0 0
1 1 1 1 1 1 1 1 0 0
1 1 1 1 2 1 0 0 0 0
Maze 81
105 78 3.2830188679 1.8904653527 120 0.385677261965121
41 51 69 25 16 23 60 79 35 95 89 3 95 37 93 41
400 61 65 15 13 53 59 75 400 85 83 93 35 33 91
400 401 401 402 402 401 402 401 400 402 401 401 402 402 401
0 0 1 0 0 0 0 0 0 0
0 0 1 1 1 1 0 0 0 0
0 0 1 0 1 0 0 0 0 0
0 0 1 1 1 1 1 0 0 0
2 0 1 0 1 0 0 0 0 0
1 0 1 1 1 1 1 1 1 1
1 1 1 1 1 1 1 1 1 0
1 0 1 0 1 1 1 1 1 0
1 0 1 1 1 1 1 1 1 0
1 1 1 1 1 0 0 0 0 0
Maze 82
83 136 3.0943396226 2.3797136307 19 0.383308590411043
8 8 31 64 61 16 19 14 73 44 66 79 52 51 86 8
400 1 61 400 11 400 400 13 43 64 76 72 400 81 6
400 402 401 400 402 400 400 402 402 401 401 401 400 401 402
1 1 1 1 1 1 1 2 0 0
1 1 1 1 1 1 1 1 1 0
1 0 1 0 0 1 0 0 0 0
1 0 1 0 0 1 0 0 0 0
1 0 1 1 0 1 0 0 0 0
1 1 1 1 0 1 0 0 0 0
1 1 1 1 1 1 0 0 0 0
1 1 1 1 1 1 1 1 1 0
1 1 1 1 1 1 0 0 0 0
0 0 0 0 0 0 0 0 0 0
Maze 83
115 68 3.1666666667 2.0813886776 120 0.388995412400926
1 9 73 51 100 95 27 81 95 61 47 48 86 21 54 1
400 3 71 91 400 25 21 91 91 41 400 46 81 51 51
400 402 401 401 400 402 402 401 401 402 400 402 401 401 401
2 1 1 1 1 1 1 1 1 0
1 0 1 0 0 0 0 0 0 0
1 1 1 1 1 1 1 0 0 0
1 0 1 0 1 0 0 0 0 0
1 1 1 1 1 1 1 1 0 0
1 1 1 1 1 1 0 0 0 0
1 0 1 0 1 1 0 0 0 0
1 1 1 0 1 1 0 0 0 0
1 1 1 1 1 1 0 0 0 0
1 1 1 1 1 1 1 1 1 1
Maze 84
101 151 2.8387096774 2.1572959307 65 0.378559157192373
27 72 78 58 33 68 99 35 5 52 12 57 38 98 11 27
22 400 400 53 63 98 95 400 2 400 52 37 400 91 21
402 400 400 401 401 401 401 400 402 400 401 402 400 401 401
0 1 1 1 1 0 0 0 0 0
1 1 0 0 1 0 0 0 0 0
1 1 1 1 1 1 2 0 0 0
1 1 1 0 1 0 1 1 0 0
1 1 1 0 1 0 1 1 0 0
1 1 1 1 1 1 1 1 0 0
1 1 1 1 1 1 1 1 0 0
1 1 1 1 1 1 1 1 0 0
1 0 0 0 1 0 0 1 0 0
1 1 1 1 1 1 1 1 1 0
Maze 85
89 181 2.9666666667 2.3609678287 45 0.417413918142711
10 2 14 52 1 26 87 94 98 49 75 58 97 78 73 10
400 12 12 51 21 86 84 400 48 45 55 57 77 400 3
400 401 402 401 401 401 402 400 402 402 402 402 402 400 402
1 1 1 1 1 1 1 1 1 2
1 1 1 1 0 0 0 0 0 0
1 1 1 1 1 1 0 0 0 0
1 1 1 0 0 1 0 0 0 0
1 1 1 0 1 1 1 1 1 0
1 1 1 0 1 1 1 1 0 0
0 0 1 0 1 1 1 1 0 0
0 0 1 1 1 1 1 1 0 0
0 0 0 1 1 1 1 1 0 0
0 0 0 1 1 1 1 1 0 0
Maze 86
81 6 2.9411764706 2.3300085545 19 0.367210985582582
79 66 21 68 83 52 86 65 75 17 10 44 74 65 99 79
76 61 61 63 82 82 85 400 15 7 4 400 64 95 400
401 401 401 402 401 401 401 400 402 402 402 400 402 401 400
0 0 0 1 1 1 1 1 1 1
0 0 0 1 1 1 1 0 0 0
1 0 0 1 1 0 0 0 0 0
1 0 0 1 1 0 0 0 0 0
1 0 0 1 1 0 0 0 0 0
1 1 0 1 1 0 0 0 0 0
1 1 1 1 1 1 1 1 0 0
0 1 1 1 1 1 1 1 2 0
0 1 1 1 1 1 0 0 1 0
0 0 0 0 1 1 1 1 1 0
Maze 87
113 102 3.2000000000 2.1892069608 120 0.380844527862142
54 96 9 10 80 94 28 93 27 84 64 63 21 67 9 54
94 6 400 400 74 24 23 23 24 400 400 61 61 7 4
401 402 400 400 402 402 402 402 402 400 400 401 401 402 402
0 0 0 1 1 1 1 1 1 1
0 0 0 1 0 1 1 0 0 1
1 0 1 1 1 1 1 1 0 1
1 0 1 1 0 1 1 0 0 1
1 0 1 1 0 1 1 0 0 1
1 0 1 2 0 1 1 0 0 1
1 1 1 1 1 1 1 0 0 1
0 0 1 1 1 1 1 1 1 1
0 0 1 1 0 1 0 0 0 0
0 0 1 1 1 1 0 0 0 0
Maze 88
83 11 3.1818181818 2.0194133944 30 0.402392983832873
68 4 4 87 29 100 87 43 43 89 7 38 29 47 38 68
64 400 84 27 99 97 83 400 83 87 37 28 27 37 400
401 400 401 402 401 401 401 400 401 401 401 402 402 402 400
0 0 0 1 0 0 1 0 0 0
0 0 0 1 0 0 1 0 0 0
0 0 0 1 0 0 1 1 1 0
0 0 0 1 0 0 1 1 1 0
0 0 1 1 0 0 1 1 1 0
0 0 1 1 0 0 1 1 1 0
0 0 1 1 1 1 1 2 1 0
0 0 1 1 0 0 1 0 1 0
0 0 1 1 1 1 1 1 1 0
0 0 0 0 0 0 1 1 1 1
Maze 89
95 158 3.1864406780 2.2957034139 64 0.374368268729288
59 9 40 98 69 79 51 69 86 7 74 15 33 27 42 59
400 39 38 68 400 71 61 66 6 4 14 13 23 22 52
400 401 402 402 400 401 401 402 402 402 402 402 402 402 401
0 0 0 1 1 1 1 0 1 0
0 0 1 1 1 1 0 0 1 0
0 1 1 1 1 1 1 0 1 0
0 1 1 1 0 1 0 1 1 1
0 1 0 1 0 1 0 1 1 0
1 1 1 1 1 1 1 1 2 0
1 1 1 1 1 1 1 1 1 0
1 1 1 1 1 1 1 1 1 0
0 0 0 0 0 1 0 1 0 0
0 0 0 0 0 0 0 1 0 0
Maze 90
117 633 3.5483870968 2.2898601544 139 0.378888665759127
29 52 91 77 7 69 87 94 58 12 39 75 54 6 81 29
22 51 71 400 67 67 84 54 52 32 35 74 4 1 21
402 402 402 400 401 402 402 402 401 401 402 401 402 402 402
1 1 1 1 1 1 1 0 0 0
1 1 0 1 0 0 1 0 0 0
1 1 1 1 1 1 1 1 2 0
1 1 1 1 1 1 1 1 1 0
1 1 0 1 1 0 1 0 0 0
1 1 1 1 1 1 1 1 0 0
1 0 0 1 1 0 1 1 1 0
1 1 1 1 1 1 1 0 0 0
1 0 0 1 1 1 1 0 0 0
1 0 0 1 0 0 0 0 0 0
Maze 91
67 6 2.6222222222 2.1367808236 20 0.375918125516479
56 27 58 79 58 79 78 70 92 41 72 88 66 24 6 56
26 57 78 78 78 400 68 62 91 71 82 86 64 4 400
402 401 401 401 401 400 402 402 401 401 401 401 401 402 400
0 0 0 1 1 1 0 0 0 0
0 0 0 1 0 1 0 0 0 0
0 0 0 1 0 1 1 0 0 0
0 0 0 1 0 1 1 0 0 0
1 0 0 1 0 1 1 0 0 0
1 0 0 1 0 2 1 1 0 0
1 1 1 1 1 1 1 1 1 1
1 1 0 0 0 1 0 1 1 0
1 1 1 1 1 1 1 1 0 0
1 1 0 0 0 0 0 0 0 0
Maze 92
117 184 3.4814814815 2.0382271704 90 0.394300699710896
19 42 21 37 12 35 47 96 91 20 65 63 31 90 92 19
12 41 31 32 32 45 46 400 11 15 400 61 81 82 12
402 401 401 401 401 401 402 400 402 402 400 401 401 402 402
0 0 0 0 0 0 0 0 0 0
1 1 1 1 1 1 1 1 2 1
1 1 0 0 1 0 0 0 0 0
1 1 1 1 1 1 1 0 0 0
1 1 0 0 1 1 1 0 0 0
1 1 0 0 1 1 0 0 0 0
1 1 1 1 1 1 0 0 0 0
1 1 0 0 0 1 0 0 0 0
1 1 1 1 1 1 1 1 1 1
1 1 1 1 1 1 0 0 0 0
Maze 93
93 1523 2.9032258065 2.3122163260 41 0.383821726979394
20 4 15 29 10 76 57 50 8 33 70 57 59 80 1 20
14 14 25 9 6 56 47 48 3 63 67 400 79 71 11
401 401 401 402 402 402 402 401 402 401 401 400 401 401 401
1 0 1 1 1 1 1 1 1 1
1 1 1 1 1 1 1 1 1 2
1 0 1 0 1 1 1 1 1 0
1 0 1 0 0 1 0 1 0 0
1 0 1 0 0 1 1 1 1 1
1 0 1 0 0 1 1 1 1 0
1 0 1 1 1 1 1 1 1 1
1 1 1 1 1 1 1 1 1 1
0 0 0 0 0 0 0 0 0 0
0 0 0 0 0 0 0 0 0 0
Maze 94
85 91 3.3714285714 1.7078197638 41 0.367942719232632
36 63 87 50 87 49 37 85 24 25 73 49 43 53 94 36
33 83 47 47 47 47 35 84 400 23 43 400 400 93 34
402 401 402 402 402 401 402 401 400 402 402 400 400 401 402
0 0 0 0 0 0 0 0 0 0
0 0 0 0 0 0 0 0 0 0
0 0 1 1 1 0 0 0 0 0
0 0 1 1 1 2 1 0 0 0
0 0 1 1 1 1 1 1 1 1
0 0 1 1 1 0 1 0 0 0
0 0 1 1 1 0 1 0 0 0
0 0 1 1 1 0 1 0 0 0
0 0 1 1 1 1 1 0 0 0
0 0 1 1 0 0 0 0 0 0
Maze 95
101 7 3.2000000000 2.2217810464 51 0.384191518634346
40 64 99 66 90 14 46 14 27 60 51 10 13 33 34 40
34 94 96 86 84 44 44 24 57 400 1 3 400 400 400
402 401 401 401 401 401 401 401 401 400 402 402 400 400 400
1 1 1 1 1 1 1 1 1 1
1 0 1 1 0 0 0 0 0 0
1 0 1 1 1 1 1 0 0 0
1 0 1 1 1 1 1 1 1 2
1 0 0 1 1 1 1 0 0 0
1 1 1 1 1 1 1 1 1 1
0 0 0 1 0 1 0 0 0 0
0 0 0 1 0 1 0 0 0 0
0 0 0 1 1 1 1 1 1 1
0 0 0 1 1 1 1 1 1 0
Maze 96
89 22 3.1111111111 1.8546761741 40 0.362570768184467
58 34 86 10 10 14 42 12 65 82 89 26 12 72 44 58
54 84 6 400 4 12 400 62 62 400 86 22 400 42 54
401 401 402 400 402 402 400 401 402 400 401 401 400 402 401
0 0 0 1 1 1 1 1 1 1
0 1 1 1 0 1 0 0 0 0
0 1 1 1 1 1 0 0 0 0
0 1 0 1 0 1 0 0 0 0
0 1 1 1 0 1 0 0 0 0
0 1 0 1 1 1 1 2 0 0
0 1 1 1 1 1 0 0 0 0
0 1 0 1 0 1 0 0 0 0
0 1 1 1 1 1 1 1 1 0
0 0 0 0 0 0 0 0 0 0
Maze 97
97 53 3.5094339623 2.2802289250 59 0.371575557993972
83 38 50 26 29 27 85 53 41 46 1 52 19 82 89 83
33 48 46 400 400 25 83 51 400 41 51 12 12 400 400
402 401 401 400 400 402 401 401 400 401 401 402 402 400 400
1 0 0 0 0 0 0 0 0 0
1 1 1 1 1 1 1 1 1 0
1 1 0 0 1 1 1 1 1 0
1 1 1 1 1 1 1 1 0 0
1 1 1 1 1 1 1 1 1 1
1 1 1 0 1 0 0 0 0 0
0 1 1 0 1 0 0 0 0 0
0 1 1 0 1 0 0 0 0 0
0 1 2 1 1 1 1 1 1 0
0 0 0 0 0 0 0 0 0 0
Maze 98
109 73 2.8181818182 2.1585000996 105 0.374373087033430
97 45 68 31 60 10 45 86 70 93 4 11 40 18 15 97
95 65 61 51 400 5 85 66 63 3 1 31 38 400 95
401 401 401 401 400 402 401 402 402 402 402 401 401 400 401
1 1 1 1 1 1 1 1 1 1
1 0 1 0 1 1 1 1 0 1
1 0 1 0 1 0 0 1 0 1
1 1 1 1 1 1 1 1 1 1
1 0 1 0 1 0 0 0 0 1
1 1 1 1 1 1 1 1 1 1
1 1 1 1 1 1 1 1 1 1
0 0 1 0 1 1 0 0 0 0
0 0 1 0 1 1 0 0 0 0
0 0 1 0 1 1 2 0 0 0
Maze 99
87 12 2.8000000000 2.1524182109 44 0.355397508676173
87 72 42 52 19 88 79 28 60 57 6 71 1 65 46 87
82 400 400 12 18 78 78 58 400 56 1 400 61 45 86
401 400 400 402 402 402 401 401 400 401 402 400 401 402 401
1 1 1 1 1 1 0 0 0 0
1 1 1 1 1 1 1 1 1 0
1 1 0 0 0 1 0 1 0 0
1 1 0 0 0 1 0 1 0 0
1 1 0 0 1 1 0 1 0 0
1 1 0 0 1 1 1 1 1 1
1 1 1 1 1 1 0 1 0 0
1 1 0 0 0 1 0 1 1 0
0 1 1 1 1 1 2 1 0 0
0 0 0 0 0 0 0 0 0 0
Maze 100
111 171 3.2459016393 2.1324940743 86 0.390352470518943
51 75 23 11 62 94 44 10 43 99 47 64 27 11 20 51
71 73 21 61 92 400 4 3 93 97 44 24 21 400 11
401 401 401 401 401 400 402 402 401 401 402 402 401 400 402
0 0 1 1 1 1 1 1 1 1
1 1 1 1 1 1 1 1 1 1
1 1 1 1 1 1 1 0 0 0
1 0 1 1 0 0 0 0 0 0
1 0 1 1 1 1 1 0 0 0
2 0 1 1 0 0 1 0 0 0
1 1 1 1 0 0 1 0 0 0
1 1 1 1 1 0 1 0 0 0
0 1 1 1 0 0 1 0 0 0
0 1 1 1 1 1 1 1 1 0
Maze 101
119 76 3.7192982456 2.0957648666 147 0.386474023570586
5 50 88 28 28 27 95 2 69 63 31 89 22 83 80 5
45 48 400 400 400 25 92 62 400 61 81 82 82 73 75
401 402 400 400 400 402 401 401 400 401 401 401 401 402 401
0 1 0 0 2 0 0 0 0 0
0 1 0 0 1 0 0 0 0 0
0 1 0 0 1 1 1 1 0 0
1 1 0 0 1 0 0 1 0 0
1 1 0 0 1 1 1 1 1 1
1 1 0 0 1 0 0 1 0 0
1 1 1 1 1 1 1 1 1 0
1 1 1 1 1 1 1 1 1 1
1 1 1 1 1 1 1 1 1 0
0 1 1 1 1 0 0 0 0 0
Maze 102
99 491 3.0000000000 2.4316434552 64 0.389643014457259
9 41 62 15 86 21 10 70 50 27 41 47 84 76 48 9
1 61 12 85 81 1 400 400 47 21 400 44 74 46 8
402 401 402 401 401 402 400 400 401 402 400 402 402 402 402
1 1 1 1 1 1 1 1 2 1
1 1 1 1 1 0 0 1 0 1
1 1 1 1 1 1 1 1 0 1
1 1 0 0 1 0 1 1 0 1
1 1 1 1 1 1 1 1 1 1
1 1 0 1 1 1 0 0 0 1
1 1 0 1 1 1 0 0 0 1
1 0 0 1 1 1 0 0 0 0
1 1 1 1 1 1 0 0 0 0
0 0 0 0 0 0 0 0 0 0
Maze 103
91 11 3.4222222222 1.9683462610 45 0.385862875399062
69 38 4 40 28 38 21 59 57 2 39 95 70 90 58 69
68 34 34 38 400 31 51 400 52 32 35 65 400 88 68
401 401 401 401 400 401 401 400 401 401 402 402 400 401 401
0 1 0 1 0 0 0 0 0 0
0 1 0 1 0 0 0 0 0 0
1 1 0 1 0 0 0 1 0 0
1 1 1 1 1 1 1 1 1 1
1 1 0 0 1 0 0 1 0 0
1 1 1 1 1 1 1 1 1 0
0 0 0 0 1 1 1 1 2 1
0 0 0 0 1 0 0 1 0 1
0 0 0 0 1 0 0 1 1 1
0 0 0 0 1 0 0 0 0 0
Maze 104
93 19 3.5319148936 2.0781833240 45 0.386200377593910
82 78 53 49 16 45 32 99 67 50 50 17 90 95 32 82
72 73 43 46 15 42 92 97 47 400 47 87 85 92 400
402 401 402 401 402 401 401 401 402 400 401 401 402 401 400
0 0 0 0 0 0 0 0 0 0
0 0 0 0 1 1 1 0 0 0
0 0 0 0 1 1 1 0 0 0
0 1 0 0 1 1 1 0 0 0
0 1 1 1 1 1 1 1 1 1
0 1 1 0 0 0 1 0 0 0
0 1 1 0 0 0 1 0 0 0
0 1 1 1 1 1 1 1 0 0
0 2 0 0 1 1 1 1 1 1
0 1 1 1 1 1 1 1 1 0
Maze 105
95 70 3.2941176471 2.0204560095 84 0.391588551218095
47 38 88 86 4 57 85 35 94 52 71 49 13 93 22 47
37 400 400 84 54 55 400 34 92 51 41 43 400 92 42
402 400 400 401 401 402 400 402 401 402 402 401 400 401 401
0 0 0 1 0 0 0 0 0 0
0 0 1 1 0 0 0 0 0 0
0 1 1 1 0 0 0 0 0 0
0 1 1 1 1 0 1 1 0 0
1 1 1 1 1 1 2 1 1 0
1 1 1 1 1 1 1 1 0 0
1 1 1 1 1 0 0 1 0 0
1 1 1 1 1 0 0 1 0 0
0 1 1 1 1 1 1 1 0 0
0 1 1 1 0 0 0 0 0 0
Maze 106
115 377 3.1379310345 2.0181138969 131 0.386342442353471
94 11 86 79 25 62 93 11 15 98 68 73 98 19 81 94
91 81 76 75 22 92 91 400 95 400 63 93 18 11 91
401 401 402 401 402 401 401 400 401 400 402 401 402 402 401
0 0 0 0 0 0 0 0 0 0
1 1 1 1 1 1 1 1 1 0
1 1 1 1 1 0 0 1 0 0
1 1 0 0 1 0 0 1 0 0
1 1 0 0 1 0 0 1 0 0
1 1 0 0 1 0 0 1 0 0
1 1 1 1 1 1 1 1 0 0
1 1 1 0 1 1 1 1 1 0
1 1 1 1 1 1 0 1 0 0
1 1 1 2 1 1 1 1 0 0
Maze 107
83 22 3.5111111111 2.1209434717 30 0.382174980418666
22 83 73 36 15 34 15 67 45 27 87 58 17 84 90 22
82 400 33 35 14 14 65 65 25 400 57 57 14 400 82
401 400 402 401 402 402 401 401 402 400 402 401 402 400 401
0 0 0 0 0 0 0 0 0 0
0 0 0 1 1 1 1 0 0 0
0 2 0 1 1 1 1 0 0 0
0 1 1 1 1 1 1 0 0 0
0 1 1 1 1 0 1 0 0 0
0 1 1 1 1 0 1 1 0 0
0 1 1 1 1 1 1 0 0 0
0 1 1 1 0 0 1 0 0 0
0 1 1 1 1 1 1 1 1 1
0 0 0 0 0 0 0 0 0 0
Maze 108
81 11 2.7118644068 2.4048741507 22 0.401045133064965
54 78 80 97 1 15 90 40 39 29 69 57 19 40 90 54
74 400 77 91 11 85 400 400 400 400 67 17 39 400 84
401 400 402 401 401 401 400 400 400 400 401 402 401 400 401
1 0 0 0 0 0 0 0 0 0
1 1 1 1 1 0 1 1 1 0
1 0 0 0 1 0 1 0 1 0
1 0 0 0 1 0 1 0 1 1
1 0 0 0 1 0 1 0 1 1
1 0 0 2 1 0 1 0 1 1
1 0 0 1 1 0 1 1 1 1
1 0 0 1 1 1 1 1 1 1
1 0 0 1 1 1 1 1 1 1
1 1 1 1 1 1 1 0 0 0
Maze 109
95 5039 2.8253968254 2.3195290864 77 0.396966092210594
70 24 75 59 89 95 15 62 38 50 57 9 100 20 18 70
64 74 55 400 85 400 12 32 48 47 7 99 400 400 68
401 401 402 400 402 400 402 402 401 402 402 401 400 400 401
0 0 0 0 0 0 1 1 1 0
0 1 1 1 1 0 1 1 1 1
0 1 0 1 1 0 1 1 1 1
0 1 1 1 1 1 1 1 1 1
0 1 0 1 1 0 1 1 1 1
0 1 0 1 1 1 1 1 1 1
0 1 0 1 1 1 1 1 1 2
0 0 0 1 1 0 0 0 1 1
0 0 0 0 1 1 1 1 1 1
0 0 0 0 1 0 0 0 1 1
Maze 110
83 15 3.1666666667 2.0961030859 30 0.377587856673283
58 43 90 81 82 56 30 65 72 84 73 64 32 53 8 58
53 83 400 400 52 26 25 62 82 83 63 62 52 3 400
401 401 400 400 402 402 402 402 401 401 402 401 401 402 400
0 0 1 1 1 1 1 1 0 0
0 0 1 0 0 0 0 1 0 0
0 0 1 0 1 1 1 1 1 1
0 1 1 0 1 1 0 1 0 0
0 1 1 0 1 1 0 1 0 0
0 1 1 1 1 1 1 2 0 0
0 1 1 1 1 0 0 0 0 0
0 1 1 0 0 0 0 0 0 0
1 1 1 1 1 1 1 1 1 1
0 0 0 0 0 0 0 0 0 0
Maze 111
85 32 3.2857142857 1.9307774652 41 0.383309501836790
43 99 31 12 67 74 85 22 63 22 58 54 72 62 41 43
93 91 11 62 64 84 82 62 62 52 400 52 400 61 400
401 401 402 401 402 401 401 401 401 401 400 402 400 401 400
0 0 0 0 0 0 0 0 0 0
1 1 0 0 0 0 0 0 0 0
1 1 0 0 0 0 0 0 0 0
1 1 0 0 0 0 0 0 0 0
1 1 2 0 0 0 0 0 0 0
1 1 1 1 1 1 1 1 0 0
1 1 1 1 1 1 1 0 0 0
1 1 1 1 0 0 0 0 0 0
1 1 1 1 1 0 0 0 0 0
1 1 1 1 1 1 1 1 1 0
Maze 112
123 325 3.1884057971 2.2336261871 125 0.385659142523293
66 99 74 30 5 52 93 36 23 95 9 100 25 94 41 66
96 94 24 25 2 92 33 33 93 5 99 95 24 91 61
401 401 402 401 402 401 402 401 401 402 401 401 402 401 401
0 1 1 1 1 1 1 1 1 0
0 1 0 0 1 0 0 0 1 0
0 1 1 1 1 1 1 1 1 1
0 1 1 1 1 1 0 0 1 0
1 1 1 1 1 0 0 0 1 0
1 1 1 1 1 0 0 0 1 0
1 1 1 1 1 2 0 0 1 0
1 1 1 1 1 1 0 0 1 0
1 1 1 1 1 1 0 0 1 0
1 1 1 1 1 1 1 1 1 1
Maze 113
91 199 3.1372549020 2.0738461594 50 0.384984666585672
13 29 67 94 24 61 75 15 84 31 92 42 75 68 18 13
23 27 64 400 21 71 400 14 81 91 400 72 65 400 400
401 402 402 400 402 401 400 402 401 401 400 401 402 400 400
0 0 0 0 0 0 0 0 0 0
0 0 2 1 1 1 1 1 0 0
1 1 1 1 1 1 1 1 1 0
1 0 0 1 1 0 1 1 0 0
1 1 0 1 1 0 1 1 0 0
1 1 0 1 1 0 1 1 0 0
1 1 0 1 1 1 1 1 0 0
1 1 1 1 1 0 0 0 0 0
1 1 1 1 0 0 0 0 0 0
1 1 0 1 0 0 0 0 0 0
Maze 114
109 373 3.3214285714 2.0789043078 90 0.407925460184031
60 49 32 8 10 68 80 2 78 66 9 70 27 99 27 60
59 42 2 400 8 78 72 72 76 6 69 67 97 97 57
401 401 402 400 402 401 401 401 401 402 401 401 401 401 401
0 1 1 1 1 1 1 1 1 1
0 1 0 0 0 1 0 1 1 0
0 1 0 0 0 1 1 1 1 0
0 1 0 0 0 1 1 1 1 0
0 1 1 1 1 1 1 1 1 0
0 1 0 0 0 1 1 1 1 2
0 1 0 0 0 1 1 1 1 1
0 1 1 1 1 1 1 1 1 1
0 0 0 0 0 0 1 0 0 0
0 0 0 0 0 0 1 1 1 0
Maze 115
105 40 3.0476190476 2.2519012619 104 0.398362783585217
31 91 30 83 52 85 20 79 25 98 37 57 37 15 42 31
400 21 23 82 82 15 19 75 95 97 400 400 35 12 41
400 402 402 401 401 402 402 401 401 401 400 400 401 402 401
0 0 0 0 0 0 0 0 0 0
0 1 1 1 1 1 1 1 1 1
1 1 1 1 1 1 1 1 1 1
2 1 1 0 1 1 1 0 1 0
1 1 1 0 1 0 1 0 1 0
1 1 1 0 1 0 1 0 1 0
1 1 1 0 1 0 1 0 1 0
1 1 1 0 1 1 1 1 1 0
1 1 1 1 1 0 1 0 0 0
1 0 0 0 1 1 1 1 0 0
Maze 116
109 72 3.0163934426 2.1495722948 97 0.389867707507032
38 74 22 78 100 62 80 93 13 2 64 75 9 24 60 38
34 72 72 98 92 72 73 400 12 62 74 5 4 54 58
402 401 401 401 401 401 402 400 401 401 401 402 402 401 401
0 1 0 1 1 1 1 1 1 0
0 1 1 1 1 0 0 0 0 0
0 1 1 1 1 0 0 0 0 0
0 1 1 1 1 1 1 2 0 0
0 1 1 1 1 0 0 1 0 0
0 1 1 1 1 1 1 1 1 1
0 1 1 1 1 0 0 0 0 0
0 1 1 1 1 1 1 1 1 1
0 1 1 0 0 0 0 1 0 0
0 1 1 1 1 1 1 1 1 1
Maze 117
91 317 3.2075471698 2.2007686967 50 0.376174383714548
71 58 96 34 17 28 25 64 91 88 57 61 100 55 45 71
51 56 94 14 27 400 24 61 81 87 51 91 95 400 41
402 402 401 402 401 400 402 402 402 401 402 401 401 400 402
0 0 0 0 0 0 0 0 0 0
0 0 0 1 1 1 1 0 0 0
0 0 0 1 1 1 1 1 0 0
0 0 0 1 0 0 0 0 0 0
1 1 1 1 1 0 0 0 0 0
1 1 1 1 1 1 1 1 0 0
1 1 1 1 1 1 1 0 0 0
2 0 0 1 1 1 1 0 0 0
1 1 1 1 1 1 1 1 0 0
1 1 1 1 1 1 1 1 1 1
Maze 118
117 49 3.0847457627 1.9171777012 123 0.374457888467805
79 29 41 80 28 11 37 3 54 99 80 34 21 7 21 79
400 21 71 78 21 31 33 53 94 79 74 31 1 1 71
400 402 401 401 401 401 401 401 401 402 401 401 402 402 401
1 1 1 1 1 1 1 0 0 0
1 0 1 0 0 0 0 0 0 0
1 1 1 1 1 1 1 1 1 0
1 1 1 1 1 1 1 1 1 0
1 0 1 1 0 0 0 1 1 0
1 0 1 1 0 0 0 1 1 0
1 0 0 1 0 0 0 1 1 0
1 1 1 1 1 1 1 1 2 1
0 0 0 1 0 0 0 0 1 0
0 0 0 1 1 1 1 1 1 0
Maze 119
103 42 3.7391304348 1.9385716730 51 0.384494709488606
75 23 29 53 27 90 5 17 65 36 36 84 94 19 93 75
73 400 23 23 87 85 15 15 35 400 34 400 14 13 73
401 400 402 402 401 401 401 402 402 400 402 400 402 402 402
0 0 0 0 1 0 0 0 0 0
0 0 1 1 1 1 1 1 1 0
0 0 1 1 1 1 1 1 1 0
0 0 1 1 1 1 1 0 0 0
0 0 1 1 1 0 1 0 0 0
0 0 1 1 1 0 1 0 0 0
0 0 1 1 1 0 1 0 0 0
0 0 1 1 2 0 1 0 0 0
0 0 1 1 1 1 1 1 1 1
0 0 1 1 0 0 0 0 0 0
Maze 120
93 1285 3.0666666667 2.2779762722 50 0.384243105087947
66 4 75 93 84 58 48 43 31 52 5 99 47 10 73 66
64 74 73 83 54 400 400 41 51 2 95 97 7 3 63
401 401 402 402 402 400 400 401 401 402 401 401 402 402 402
0 1 1 1 1 1 1 1 1 1
0 1 1 1 1 0 1 0 0 0
0 1 1 1 1 0 1 0 0 0
1 1 1 1 1 0 1 0 0 0
1 1 1 1 1 1 1 1 0 0
1 1 1 1 1 1 1 1 0 0
0 0 1 1 1 2 1 0 0 0
0 0 1 1 1 0 1 0 0 0
0 0 1 1 1 0 1 0 0 0
0 0 1 0 1 1 1 1 1 0
Maze 121
113 352 3.3666666667 2.1586783508 99 0.381315276717060
35 97 72 1 4 55 98 95 10 53 78 42 49 82 26 35
95 92 71 400 54 95 400 5 3 73 72 400 42 22 25
401 401 401 400 401 401 400 402 402 401 401 400 402 402 402
1 1 1 1 1 1 1 1 1 1
1 0 1 1 1 0 0 0 0 0
1 1 1 1 1 1 0 0 0 0
1 1 1 1 2 0 0 0 0 0
1 1 1 1 1 1 1 1 1 0
1 1 1 1 1 0 0 0 0 0
1 1 1 0 1 0 0 0 0 0
1 1 1 1 1 1 1 1 0 0
0 1 0 0 1 0 0 0 0 0
0 1 1 1 1 1 1 1 0 0
Maze 122
99 1581 3.0181818182 2.1394928595 71 0.371320465149613
92 27 57 8 50 52 9 54 3 24 94 42 65 68 58 92
22 400 7 48 42 2 4 53 23 400 92 62 400 400 52
402 400 402 401 402 402 402 401 401 400 401 401 400 400 402
0 1 1 1 1 1 1 1 1 0
0 1 1 1 0 0 1 1 0 0
0 1 1 1 1 1 1 1 0 0
0 1 1 1 0 0 1 1 0 0
0 1 1 1 1 1 1 1 1 1
0 1 1 1 1 1 1 1 0 0
0 1 1 1 1 1 1 1 0 0
0 1 0 1 0 0 0 0 0 0
0 1 0 1 0 0 0 0 0 0
0 2 1 1 0 0 0 0 0 0
Maze 123
99 197 3.6078431373 2.1968615973 65 0.401651046638798
14 69 1 21 73 21 34 25 11 19 47 67 10 65 39 14
64 61 400 71 71 31 24 21 400 17 400 7 5 35 34
401 401 400 401 401 401 402 401 400 402 400 402 402 402 401
1 0 0 0 1 1 1 1 1 1
1 1 1 2 1 1 1 1 1 0
1 1 1 1 1 0 1 0 0 0
1 1 1 1 1 1 1 1 1 0
1 0 0 1 1 0 1 0 0 0
1 0 0 1 1 0 1 0 0 0
1 1 1 1 1 1 1 1 1 0
1 1 1 0 0 0 0 0 0 0
0 0 0 0 0 0 0 0 0 0
0 0 0 0 0 0 0 0 0 0
Maze 124
97 160 2.5970149254 2.2734740199 54 0.381157134581858
90 8 91 35 73 73 99 59 92 71 63 45 14 61 67 90
88 1 31 33 400 93 400 52 91 61 43 44 11 400 87
401 402 402 402 400 401 400 402 401 402 402 401 402 400 401
1 1 1 1 1 1 1 1 0 0
1 1 1 1 0 0 0 1 0 0
1 0 0 1 0 0 0 1 0 0
1 1 1 1 1 0 0 1 0 0
1 0 1 1 1 0 0 1 0 0
1 1 1 1 1 1 1 1 1 0
1 1 1 1 1 1 1 1 1 0
1 1 1 0 0 0 1 1 1 0
1 1 1 0 0 0 1 1 1 2
1 1 1 1 1 1 1 1 1 0
Maze 125
83 14 3.2727272727 2.0426134039 35 0.395193328508334
51 43 91 48 27 90 97 66 78 58 64 39 13 48 56 51
41 41 41 47 87 87 96 76 400 54 34 33 43 46 400
402 402 402 401 401 402 401 401 400 402 402 401 401 402 400
0 0 0 0 0 0 0 0 0 0
0 0 1 0 0 0 0 0 0 0
0 0 1 0 0 0 1 0 0 0
0 0 1 1 1 1 1 1 1 0
1 1 1 1 1 1 1 1 0 0
2 1 1 1 1 1 1 1 0 0
1 0 0 1 0 1 1 1 0 0
1 0 0 0 0 1 1 1 0 0
1 0 0 0 0 1 1 1 1 1
1 0 0 0 0 1 1 0 0 0
Maze 126
81 87 2.8163265306 2.0755587813 35 0.366326290822719
99 91 62 36 34 85 51 53 59 56 7 54 3 4 100 99
400 61 32 400 84 81 400 400 400 6 4 53 400 94 400
400 402 402 400 401 401 400 400 400 402 402 401 400 401 400
0 0 1 1 1 1 1 0 0 0
0 0 1 1 0 1 0 0 0 0
0 0 1 1 0 1 0 0 0 0
0 1 1 1 1 1 0 0 0 0
0 1 1 1 0 1 0 0 0 0
1 1 1 1 1 1 1 1 1 0
1 1 0 1 0 0 0 0 0 0
1 0 0 1 0 0 0 0 0 0
1 1 1 1 1 0 0 0 0 0
1 1 1 1 1 1 1 1 2 1
Maze 127
103 520 3.4230769231 2.0658832909 46 0.393459162652412
35 76 10 97 5 65 63 98 74 78 7 28 100 84 48 35
75 6 7 95 400 400 93 94 400 77 27 98 94 44 45
401 402 402 401 400 400 401 401 400 401 401 401 401 402 401
0 0 0 0 1 1 1 1 1 1
0 0 0 0 1 1 1 0 0 0
0 0 0 0 1 1 1 1 0 0
0 0 0 0 2 1 1 1 0 0
0 0 0 1 1 1 1 1 0 0
0 0 0 1 1 1 1 1 0 0
0 0 1 1 1 1 1 1 0 0
0 0 1 1 1 1 1 1 0 0
0 0 1 1 1 0 1 1 0 0
0 0 1 1 1 1 1 1 1 1
Maze 128
105 3039 3.2131147541 2.2704001102 92 0.378447639914195
100 90 74 62 21 93 69 74 6 97 35 85 71 26 92 100
400 84 72 61 91 63 64 4 96 95 400 81 21 22 400
400 401 401 401 401 402 402 402 401 401 400 401 402 402 400
0 0 0 1 1 1 0 0 0 0
0 0 0 1 0 1 0 0 0 0
1 1 1 1 1 1 0 0 0 0
1 1 0 1 1 1 0 0 0 0
1 1 0 1 1 1 0 0 0 0
1 1 0 1 1 1 0 0 0 0
1 1 1 1 1 1 1 1 1 0
1 1 1 1 1 1 0 0 0 0
1 1 1 1 1 1 1 1 1 1
1 1 1 1 1 1 1 1 1 2
Maze 129
95 35 3.1538461538 2.0424812504 55 0.383916488163910
55 76 80 2 43 30 89 55 13 46 45 23 22 92 7 55
75 400 72 42 23 29 85 53 43 400 43 400 400 2 5
401 400 401 401 402 402 401 401 401 400 401 400 400 402 402
0 1 1 1 1 1 1 0 0 0
0 1 1 0 1 0 0 0 0 0
0 1 1 1 1 1 1 1 1 1
0 1 1 0 1 0 0 0 1 0
0 1 1 1 1 1 0 0 1 0
0 1 1 1 2 0 0 0 1 0
0 1 0 0 1 0 0 0 1 0
0 1 1 1 1 1 1 1 1 1
0 1 0 0 1 1 1 1 1 0
0 1 0 0 0 0 0 0 0 0
Maze 130
81 102 2.8148148148 2.2402856688 26 0.383256962738895
55 28 23 14 77 97 65 39 47 100 46 68 22 12 61 55
25 400 13 74 400 95 35 37 97 96 66 62 400 11 51
402 400 402 401 400 401 402 402 401 401 401 401 400 402 402
0 0 0 0 0 0 0 0 0 0
1 1 1 1 0 0 0 0 0 0
1 1 1 1 1 1 1 1 0 0
1 1 0 1 1 1 1 1 1 0
1 1 0 1 1 1 1 0 0 0
1 1 1 1 2 1 1 0 0 0
1 1 1 1 1 1 1 1 0 0
0 0 0 1 1 1 1 0 0 0
0 0 0 0 1 1 1 0 0 0
0 0 0 0 1 1 1 1 1 1
Maze 131
91 171 3.1636363636 2.3086358104 50 0.367912553864988
85 76 61 40 56 32 7 77 7 46 71 54 23 73 98 85
75 71 31 36 52 2 400 400 6 41 51 53 400 93 95
402 401 402 402 401 402 400 400 402 402 402 401 400 401 401
0 1 1 1 1 1 1 0 0 0
0 1 0 0 0 1 1 0 0 0
0 1 1 0 0 1 1 0 0 0
1 1 1 1 1 1 1 1 1 1
1 1 1 1 1 1 1 0 0 0
1 1 1 1 1 1 1 0 0 0
1 0 1 0 0 0 1 0 0 0
1 1 1 1 1 1 1 0 0 0
0 0 1 0 2 0 0 0 0 0
0 0 1 1 1 1 1 1 0 0
Maze 132
97 28 3.5416666667 2.0917531492 50 0.378217696693094
37 28 52 30 45 65 10 9 70 19 83 32 63 35 2 37
27 22 22 25 400 5 400 69 69 13 82 62 33 32 32
402 402 402 402 400 402 400 401 401 402 401 401 402 401 401
0 1 0 0 1 1 1 1 1 1
0 1 1 1 1 1 1 1 1 0
0 1 1 1 1 1 1 1 1 1
0 1 1 1 1 1 2 0 1 0
0 1 1 0 1 0 0 0 1 0
0 1 1 0 1 0 0 0 1 0
0 1 1 0 1 0 0 0 1 1
0 1 1 0 0 0 0 0 0 0
0 1 1 0 0 0 0 0 0 0
0 0 0 0 0 0 0 0 0 0
Maze 133
103 49 2.8923076923 2.3063909901 62 0.398551189089867
52 10 79 51 71 97 86 24 40 76 93 81 64 88 11 52
2 9 71 400 91 96 84 34 36 73 91 61 84 81 51
402 402 401 400 401 401 401 401 402 402 401 402 401 401 401
0 1 1 1 1 1 1 1 1 1
1 1 0 0 0 0 0 0 1 0
1 1 0 1 0 0 0 0 1 0
1 1 0 1 1 1 1 1 1 1
1 1 0 1 0 1 0 0 1 0
1 2 0 1 0 1 0 0 1 0
1 1 1 1 0 1 0 0 1 0
1 1 1 1 1 1 1 1 1 0
1 1 1 1 1 1 1 1 0 0
1 1 1 1 1 1 1 0 0 0
Maze 134
97 120 3.1372549020 2.0029377812 60 0.369804564243782
26 26 74 63 73 63 90 23 48 20 51 15 89 17 43 26
400 24 73 400 400 83 83 43 18 11 11 85 87 13 23
400 402 401 400 400 401 401 401 402 402 402 401 401 402 402
0 0 0 0 0 0 0 0 0 0
1 1 1 1 1 1 1 1 1 1
1 0 1 1 1 2 1 1 0 0
1 0 1 1 1 0 1 1 0 0
1 0 1 1 1 1 1 1 0 0
1 0 1 1 1 0 1 0 0 0
0 0 1 1 1 0 1 0 0 0
0 0 1 1 1 0 1 0 0 0
0 0 1 1 1 1 1 1 1 1
0 0 0 0 0 0 0 0 0 0
Maze 135
115 91 3.9200000000 2.0535518162 125 0.391889947274701
33 46 91 95 41 93 15 1 23 82 13 28 93 5 60 33
43 41 400 91 91 13 11 21 22 12 23 23 3 55 53
401 402 400 401 401 402 401 401 402 402 401 402 402 401 401
1 0 1 1 1 0 0 0 0 0
1 1 1 1 1 0 0 0 0 0
1 1 1 1 1 1 1 1 0 0
0 1 2 0 1 0 0 0 0 0
1 1 1 1 1 1 0 0 0 0
1 1 1 1 1 1 1 1 1 1
1 1 1 0 0 0 0 0 0 0
1 1 1 0 0 0 0 0 0 0
1 1 1 0 0 0 0 0 0 0
1 1 1 1 1 0 0 0 0 0
Maze 136
83 21 2.8846153846 2.1209434717 30 0.386983527025687
43 12 52 24 29 68 60 65 58 96 63 10 85 65 84 43
42 400 22 400 28 58 55 55 56 93 3 5 400 64 83
401 400 402 400 402 402 402 402 402 401 402 402 400 402 401
0 0 1 1 1 1 1 1 1 1
0 1 1 0 1 0 0 0 0 0
0 1 1 1 1 1 1 1 1 0
0 1 1 0 1 0 0 1 0 0
0 1 2 0 1 0 0 1 0 0
0 1 1 0 1 1 1 1 1 1
0 0 1 1 1 1 0 1 0 0
0 0 1 1 1 1 0 0 0 0
0 0 1 1 1 1 0 0 0 0
0 0 1 1 1 1 0 0 0 0
Maze 137
111 493 3.4642857143 2.0731022205 112 0.382610417484146
3 57 3 86 24 17 45 10 22 69 60 77 39 83 45 3
53 53 83 84 14 15 5 2 62 59 57 37 33 43 43
401 401 401 401 402 402 402 402 401 402 402 402 402 402 401
0 1 2 1 1 1 1 1 1 1
0 1 1 1 1 1 1 0 0 0
0 1 1 1 1 0 0 0 0 0
0 1 1 1 1 1 1 1 1 0
0 1 1 1 1 0 1 0 0 0
0 1 1 1 1 1 1 1 1 1
0 1 1 1 1 1 1 1 1 0
0 0 1 1 0 0 1 0 0 0
0 0 1 1 1 1 0 0 0 0
0 0 0 0 0 0 0 0 0 0
Maze 138
145 388 3.0238095238 2.3145713865 228 0.384612679313393
83 64 12 80 9 1 89 31 100 20 91 27 5 48 25 83
63 62 72 79 400 81 81 91 400 11 21 25 45 45 23
402 401 401 401 400 401 401 401 400 402 402 401 401 401 402
1 1 1 1 1 1 1 1 1 0
1 1 1 1 1 1 1 1 1 1
1 1 1 1 1 1 1 0 1 1
1 1 1 0 1 0 0 0 1 1
1 1 1 0 1 1 1 1 1 1
1 1 1 0 0 0 0 0 1 1
1 1 1 1 0 0 0 0 1 1
1 1 1 1 1 1 1 1 1 1
1 1 2 1 1 1 1 1 1 1
1 1 1 1 1 1 1 1 1 1
Maze 139
101 120 3.5294117647 2.1173913687 39 0.400254179405079
73 31 18 63 99 51 85 52 28 37 26 51 21 24 39 73
71 11 13 93 91 81 82 22 27 36 21 400 400 34 33
401 402 402 401 401 401 401 402 402 401 402 400 400 401 402
0 0 0 0 0 0 0 0 0 0
1 1 1 1 1 1 1 1 0 0
1 1 1 1 1 1 1 1 0 0
1 1 1 1 1 1 1 1 1 0
1 1 1 0 0 0 0 0 0 0
1 1 1 0 0 0 0 0 0 0
1 1 1 0 0 0 0 0 0 0
1 1 2 0 0 0 0 0 0 0
1 1 1 1 1 0 0 0 0 0
1 1 1 1 1 1 1 1 1 0
Maze 140
63 188 3.0810810811 2.0937656903 10 0.388370357445258
38 60 70 87 77 53 50 39 57 80 17 9 18 80 50 38
58 400 67 400 73 43 49 37 77 77 7 8 78 400 48
401 400 402 400 401 402 401 402 401 401 402 402 401 400 401
0 0 0 0 0 0 1 1 1 0
0 0 0 0 0 0 1 1 0 0
0 0 0 0 0 0 1 1 0 0
0 0 0 0 0 0 1 2 1 0
0 0 1 1 1 1 1 1 1 1
0 0 1 0 0 0 1 1 1 1
0 0 1 0 0 0 1 1 1 1
0 0 1 1 1 1 1 1 1 1
0 0 0 0 0 0 1 0 0 0
0 0 0 0 0 0 0 0 0 0
Maze 141
125 308 2.5853658537 2.3245434885 158 0.390405797915818
6 41 79 20 100 12 2 91 88 19 100 43 83 27 59 6
1 71 19 400 92 400 1 81 18 99 93 400 23 57 56
402 401 402 400 401 400 402 402 402 401 401 400 402 401 401
1 1 1 1 1 2 0 0 0 0
1 1 0 0 0 1 0 1 1 1
1 1 1 1 1 1 1 1 1 1
1 1 1 0 0 1 1 1 1 1
1 1 1 0 0 1 1 1 1 1
1 1 1 0 0 1 1 1 1 1
1 1 1 0 0 0 0 1 1 1
1 1 1 1 1 1 1 1 1 1
1 1 1 1 1 1 1 1 1 1
1 1 1 1 1 1 1 1 1 1
Maze 142
91 67 3.7435897436 2.0755587813 32 0.383204253583218
34 64 11 34 34 71 72 81 6 7 93 21 93 32 67 34
400 61 31 400 31 400 71 1 400 3 91 91 92 62 64
400 401 401 400 402 400 402 402 400 402 401 401 401 401 401
1 1 1 1 1 1 1 0 0 0
1 0 1 0 0 0 0 0 0 0
1 0 1 0 0 0 0 0 0 0
1 1 1 2 0 0 0 0 0 0
1 1 1 1 0 0 0 0 0 0
1 1 1 1 0 0 0 0 0 0
1 1 1 1 1 1 1 0 0 0
1 1 1 0 0 0 0 0 0 0
1 1 1 0 0 0 0 0 0 0
1 1 1 0 0 0 0 0 0 0
Maze 143
103 789 3.5600000000 2.0348505379 77 0.404469445892146
77 95 57 21 68 47 90 34 66 53 57 30 86 4 9 77
75 55 51 61 67 87 84 64 63 400 27 26 84 400 7
402 402 401 401 401 401 401 401 401 400 402 402 401 400 402
0 0 0 1 1 1 1 1 1 0
0 0 0 1 0 0 1 0 0 0
1 0 0 1 0 1 1 1 1 1
1 0 0 1 0 1 1 0 0 0
1 0 0 1 0 1 1 0 0 0
1 1 1 1 1 1 1 0 0 0
1 1 1 1 1 1 1 1 0 0
0 0 0 1 1 1 2 0 0 0
0 0 0 1 1 1 1 1 1 1
0 0 0 0 1 0 0 0 0 0
Maze 144
111 243 3.4333333333 2.2048177770 94 0.386453070655643
85 98 13 11 62 3 67 71 10 17 13 7 26 72 40 85
95 93 400 61 2 63 61 1 7 400 3 6 22 32 35
401 401 400 401 402 401 402 402 402 400 402 402 402 402 402
1 1 1 1 1 1 1 1 1 1
1 1 1 1 1 1 1 0 0 0
1 1 1 1 1 1 0 0 0 0
1 1 1 1 1 1 1 1 1 1
1 1 1 0 1 0 0 0 0 0
1 1 1 0 1 0 0 0 0 0
1 1 1 1 1 1 1 0 0 0
1 1 1 0 1 0 0 0 0 0
0 0 1 0 2 0 0 0 0 0
0 0 1 1 1 1 1 1 0 0
Maze 145
103 368 3.3333333333 2.1215205058 71 0.382862279272791
18 66 83 46 85 61 9 10 15 51 4 80 75 46 41 18
16 63 43 45 81 1 400 5 11 1 74 400 45 400 11
402 402 402 402 401 402 400 402 402 402 401 400 402 400 402
1 1 1 1 1 1 1 1 1 1
1 1 1 1 1 1 1 2 0 0
1 0 0 1 0 1 0 0 0 0
1 0 0 1 0 1 0 0 0 0
1 1 1 1 1 1 0 0 0 0
1 0 1 1 1 1 0 0 0 0
1 0 1 1 1 1 0 0 0 0
1 0 1 1 1 1 1 1 1 1
1 1 1 1 1 0 0 0 0 0
0 0 0 0 0 0 0 0 0 0
Maze 146
109 23 4.0000000000 1.6774551721 92 0.391357802870413
41 58 44 45 79 14 75 11 16 60 31 71 79 4 17 41
51 54 400 75 74 74 71 400 56 51 400 400 74 14 11
401 401 400 401 401 401 401 400 401 401 400 400 401 401 402
0 0 0 1 0 0 0 0 0 0
1 1 1 1 1 1 1 0 0 0
1 0 0 1 0 1 0 0 0 0
1 0 0 1 0 1 0 0 0 0
2 0 0 1 1 1 0 0 0 0
1 1 1 1 1 1 1 1 1 1
1 0 0 1 1 0 0 0 0 0
1 1 1 1 1 1 1 1 1 0
0 0 0 0 0 0 0 0 0 0
0 0 0 0 0 0 0 0 0 0
Maze 147
105 58 3.0645161290 2.1891683911 90 0.382815267062593
5 83 71 90 14 35 38 17 90 69 51 22 10 94 55 5
3 81 81 84 34 400 37 87 89 61 21 2 4 54 400
402 401 401 401 401 400 401 401 401 401 402 402 402 402 400
0 1 1 1 2 1 1 1 1 1
0 1 1 1 1 0 1 0 0 0
1 1 1 1 1 0 1 0 0 0
1 0 1 1 1 1 1 1 0 0
1 0 1 1 1 0 1 0 0 0
1 0 1 1 1 0 1 0 0 0
1 1 1 1 1 1 1 1 1 0
1 0 1 1 0 0 1 0 1 0
1 1 1 1 1 1 1 1 1 1
0 0 0 1 0 0 0 0 0 0
Maze 148
93 322 3.0384615385 2.1446459614 45 0.396864558562410
27 37 23 51 75 3 52 45 74 34 80 14 97 62 57 27
400 33 21 71 73 2 42 44 400 74 74 94 92 52 400
400 401 402 401 401 402 402 402 400 401 401 401 401 402 400
0 1 1 0 0 0 0 0 0 0
0 1 1 1 0 0 0 0 0 0
1 1 1 1 0 0 2 0 0 0
1 1 1 1 1 1 1 0 0 0
1 1 1 1 1 0 1 0 0 0
1 1 1 1 1 1 1 0 0 0
1 1 1 1 0 0 0 0 0 0
1 1 1 1 1 1 1 1 1 1
0 1 0 1 0 0 0 0 0 0
0 1 1 1 1 1 1 0 0 0
Maze 149
101 229 3.2203389831 2.2667339176 77 0.381988776872998
39 15 23 35 60 89 23 95 54 99 59 16 82 89 7 39
35 13 33 55 59 83 93 94 94 400 56 12 400 87 37
401 402 401 401 402 401 401 401 401 400 401 402 400 401 401
0 0 0 0 0 0 1 0 0 0
0 1 1 1 1 1 1 0 0 0
0 1 1 0 1 1 1 0 0 0
0 1 1 1 1 1 1 1 2 0
0 1 1 0 1 1 1 0 0 0
0 1 1 1 1 1 1 1 1 1
0 1 1 1 0 0 1 0 1 0
0 1 1 1 0 0 1 0 1 0
0 1 1 1 1 1 1 1 1 0
0 0 1 1 1 1 1 1 1 0
Maze 150
111 4101 3.2187500000 2.2967484259 104 0.391100634969094
67 92 40 25 64 94 50 80 41 77 68 54 41 90 8 67
62 32 35 24 400 44 400 71 71 67 64 51 81 88 7
402 402 401 402 400 402 400 401 401 402 401 401 401 401 402
0 0 0 0 0 0 1 1 0 0
0 0 0 0 0 0 1 1 0 0
0 0 0 1 1 0 1 1 0 0
0 1 1 1 1 1 1 1 1 1
1 1 0 1 1 1 1 1 1 1
1 1 1 1 0 0 1 1 0 1
1 1 1 1 1 1 2 1 0 1
1 1 1 1 1 1 1 1 1 1
1 1 1 1 1 1 1 1 1 1
0 1 0 1 0 0 0 0 0 0
Maze 151
103 404 3.0000000000 2.3061639429 66 0.380036873660213
63 4 95 68 7 61 100 55 77 92 35 7 35 27 25 63
3 94 65 67 1 91 95 75 72 32 5 5 25 400 23
402 401 402 401 402 401 401 401 402 402 402 402 402 400 402
1 1 1 1 1 1 1 0 0 0
1 0 1 1 1 0 1 0 0 0
1 0 1 1 1 1 1 0 0 0
1 1 1 1 1 0 1 0 0 0
1 1 1 1 0 0 1 0 0 0
1 1 1 1 1 0 1 0 0 0
1 1 2 1 1 1 1 1 0 0
1 1 1 1 1 1 1 0 0 0
1 1 0 1 1 0 0 0 0 0
1 1 1 1 1 1 1 1 1 1
Maze 152
91 32 2.6984126984 2.3909476693 50 0.405249781548960
57 77 87 97 81 87 51 2 79 83 45 26 66 1 19 57
400 400 400 91 400 81 1 72 73 43 25 400 61 11 17
400 400 400 401 400 401 402 401 402 402 402 400 401 401 402
1 1 0 0 0 0 0 0 0 0
1 1 1 1 1 1 1 1 1 0
1 1 0 0 1 1 1 0 0 0
1 1 0 0 1 1 1 0 0 0
1 1 1 1 1 1 1 0 0 0
1 1 1 0 0 1 2 0 0 0
1 1 1 1 1 1 1 0 0 0
1 1 1 1 1 1 1 1 1 0
1 1 1 1 1 1 1 0 0 0
1 1 1 1 1 1 1 0 0 0
Maze 153
87 71 3.0980392157 2.1634544791 50 0.370863466824928
7 13 47 95 35 9 22 85 95 24 83 84 23 28 40 7
3 43 45 400 5 2 82 400 94 23 400 83 400 38 37
402 401 402 400 402 402 401 400 401 402 400 401 400 401 401
0 1 1 1 1 1 2 1 1 0
0 1 1 0 1 0 1 0 0 0
0 1 1 1 1 1 1 1 0 0
0 1 1 1 1 0 1 1 1 1
0 1 1 1 1 1 1 0 0 0
0 1 1 1 1 0 0 0 0 0
0 1 1 1 1 0 0 0 0 0
0 1 1 1 1 0 0 0 0 0
0 1 1 1 1 0 0 0 0 0
0 0 0 1 1 0 0 0 0 0
Maze 154
121 70 3.8695652174 1.8966814366 73 0.388480192469641
31 64 78 15 31 78 81 74 46 13 90 31 18 81 64 31
61 74 75 11 71 71 71 44 43 83 81 11 11 61 61
401 401 401 402 401 402 402 402 401 401 401 402 402 402 401
0 0 0 0 0 0 0 0 0 0
1 1 1 1 1 1 1 1 0 0
1 0 1 0 1 0 0 0 0 0
2 0 1 0 1 0 0 0 0 0
1 0 1 1 1 1 0 0 0 0
1 0 1 1 1 0 0 0 0 0
1 1 1 1 1 0 0 0 0 0
1 1 1 1 1 1 1 1 0 0
1 1 1 1 1 1 1 1 1 1
0 0 0 0 0 0 0 0 0 0
Maze 155
89 605 3.0909090909 2.2136457562 50 0.385480073602710
3 16 58 12 46 83 27 19 26 52 86 56 79 9 24 3
13 56 52 42 43 23 17 16 22 82 400 76 400 4 23
401 401 401 401 402 402 402 402 402 401 400 401 400 402 401
0 0 2 1 1 1 1 1 1 0
0 1 1 1 1 1 1 1 1 0
0 1 1 1 1 1 1 0 1 0
0 1 1 0 0 1 0 0 1 0
0 1 1 1 1 1 0 0 1 0
0 1 1 1 1 1 1 1 1 0
0 1 1 0 0 1 0 0 1 0
0 1 1 0 0 1 1 1 1 0
0 1 1 1 1 1 0 0 0 0
0 0 0 0 0 0 0 0 0 0
Maze 156
87 96 3.0833333333 2.0110985298 39 0.388816447449695
99 15 78 75 49 77 32 65 46 74 33 19 38 97 86 99
95 75 400 45 47 72 62 45 44 73 13 18 37 96 96
401 401 400 402 402 401 401 402 402 401 402 402 402 401 401
0 0 0 0 0 0 0 0 0 0
0 0 1 1 1 1 1 1 1 0
0 0 1 0 1 0 0 1 0 0
0 1 1 0 1 0 1 1 0 0
0 1 1 1 1 1 1 1 1 0
0 1 1 1 1 0 1 0 0 0
0 1 1 1 1 0 1 0 0 0
0 1 1 1 1 1 1 1 0 0
0 0 0 0 1 1 1 0 0 0
0 0 0 0 1 1 1 1 2 0
Maze 157
103 1403 3.3442622951 2.3314986290 59 0.416955572895990
24 37 94 21 76 92 25 98 33 66 18 86 67 68 28 24
34 34 91 71 72 22 95 93 63 16 16 66 400 400 400
401 402 401 401 402 402 401 401 401 402 402 402 400 400 400
0 0 0 0 0 0 0 0 0 0
0 0 0 0 0 1 1 1 0 0
1 1 1 2 1 1 1 1 0 0
1 1 1 1 1 1 1 1 0 0
1 1 1 1 1 1 0 1 0 0
1 1 1 1 1 1 0 1 0 0
1 1 1 1 1 1 1 1 0 0
1 1 1 1 1 1 0 0 0 0
1 1 1 1 1 1 0 0 0 0
1 1 1 1 1 1 1 1 0 0
Maze 158
93 54 3.5714285714 1.8761377231 50 0.397916464005441
98 57 57 12 72 57 3 3 22 75 89 45 68 99 5 98
97 400 52 400 52 53 400 2 72 85 85 65 98 95 95
401 400 401 400 402 401 400 402 401 401 401 401 401 401 401
0 1 1 0 1 0 0 0 0 0
0 1 1 0 1 0 0 0 0 0
0 1 1 0 1 0 0 0 0 0
0 1 1 0 1 0 0 0 0 0
0 1 1 0 1 0 0 0 0 0
0 1 1 1 1 1 1 0 0 0
0 1 0 0 1 1 1 1 0 0
0 1 1 1 1 0 1 1 0 0
0 0 0 0 1 1 1 1 1 0
0 0 0 0 1 1 1 2 1 0
Maze 159
95 18 3.2500000000 2.0227214510 57 0.388680528632412
66 22 83 62 100 51 85 51 11 17 66 62 61 91 59 66
62 82 82 92 91 81 81 400 400 16 400 400 400 51 56
401 401 401 401 401 401 401 400 400 402 400 400 400 402 402
0 0 0 0 0 0 0 0 0 0
1 1 1 1 1 1 1 0 0 0
1 1 0 0 0 1 0 0 0 0
1 1 0 0 0 1 0 0 0 0
1 1 0 0 0 1 0 0 0 0
1 1 1 1 1 1 1 1 1 0
1 1 1 1 1 2 0 0 0 0
1 1 0 0 0 0 0 0 0 0
1 1 1 1 1 0 0 0 0 0
1 1 1 1 1 1 1 1 1 1
Maze 160
75 11 3.2195121951 2.0289336063 30 0.418368038340669
9 9 57 58 31 57 58 53 93 77 90 83 55 67 96 9
400 7 400 51 51 400 400 400 73 87 400 53 65 66 6
400 402 400 401 401 400 400 400 402 401 400 402 401 402 402
0 0 0 0 0 1 1 1 2 0
0 0 0 0 0 1 1 0 0 0
0 0 0 0 0 1 1 0 0 0
1 0 0 0 0 1 1 0 0 0
1 0 0 0 0 1 1 0 0 0
1 1 1 1 1 1 1 1 0 0
0 0 1 0 1 1 1 0 0 0
0 0 1 1 1 1 1 0 0 0
0 0 1 1 1 1 1 1 1 1
0 0 1 0 0 1 0 0 0 0
Maze 161
91 54 3.2608695652 2.0211126695 19 0.397530474298537
10 22 18 100 7 68 64 23 33 7 20 8 69 27 48 10
2 12 98 97 67 400 63 400 3 17 18 68 67 47 8
402 402 401 401 401 400 401 400 402 401 401 401 401 401 402
0 1 1 1 1 1 1 1 1 2
0 1 1 1 1 1 1 1 1 1
0 1 1 0 0 0 1 1 0 0
0 0 1 0 0 0 1 1 0 0
0 0 1 0 0 0 1 1 0 0
0 0 1 0 0 0 1 1 0 0
0 0 1 1 1 1 1 1 1 0
0 0 0 0 0 0 1 1 0 0
0 0 0 0 0 0 1 1 0 0
0 0 0 0 0 0 1 1 1 1
Maze 162
93 304 3.6444444444 1.9918211816 45 0.392234176100063
58 5 37 94 43 26 24 39 53 60 16 16 70 52 31 58
55 35 34 93 23 400 34 33 400 56 400 66 62 51 51
401 401 402 401 402 400 401 402 400 401 400 401 401 401 401
0 0 0 0 1 0 0 0 0 0
0 0 0 0 1 1 0 0 0 0
0 0 1 1 1 1 0 0 0 0
1 0 1 1 1 1 1 1 1 0
1 0 1 1 1 1 0 0 0 0
1 1 1 1 1 1 1 2 1 1
0 1 1 1 1 1 1 1 1 1
0 0 1 1 0 0 0 0 0 0
0 0 1 1 0 0 0 0 0 0
0 0 1 1 0 0 0 0 0 0
Maze 163
105 44 3.2222222222 2.0523633414 87 0.387812020183942
41 39 34 24 98 14 71 48 67 67 63 59 100 51 95 41
31 400 400 94 94 11 41 47 400 400 53 99 91 91 91
402 400 400 401 401 402 402 402 400 400 402 401 401 401 401
0 0 0 0 0 0 0 0 0 0
1 1 1 1 0 0 0 0 0 0
1 0 0 1 0 0 0 0 0 0
1 1 1 1 1 1 1 1 1 0
2 1 1 1 1 1 1 1 0 0
1 0 1 1 1 1 1 1 1 0
1 0 1 1 1 1 1 0 1 0
1 0 0 1 0 0 0 0 1 0
1 0 0 1 0 0 0 0 1 0
1 1 1 1 1 1 1 1 1 1
Maze 164
79 35 3.3488372093 2.0999776797 35 0.386700435802747
85 63 93 84 77 90 88 21 34 90 79 56 60 82 56 85
83 400 83 74 87 400 81 31 84 89 76 400 52 52 55
401 400 402 402 401 400 401 401 401 401 401 400 402 402 402
0 0 0 0 0 0 0 0 0 0
0 0 0 0 0 0 0 0 0 0
1 0 0 0 0 0 0 0 0 0
1 1 1 1 0 0 0 0 0 0
1 0 0 1 0 0 0 0 0 0
1 1 1 1 1 1 1 1 1 1
1 1 1 1 1 1 0 0 0 0
1 1 1 1 1 1 1 1 1 0
1 1 1 1 2 1 1 1 1 1
0 0 1 0 0 0 0 0 0 0
Maze 165
99 114 3.5555555556 2.0080830232 66 0.383070066926378
42 47 63 24 49 15 53 91 75 14 75 8 82 22 45 42
400 43 23 44 45 13 51 71 74 74 5 2 400 42 400
400 402 402 401 401 402 402 402 401 401 402 402 400 401 400
0 1 1 1 1 1 1 1 0 0
0 1 1 1 1 0 0 0 0 0
0 1 1 1 1 0 0 0 0 0
0 1 1 1 1 0 0 0 0 0
0 2 1 1 1 1 1 1 1 0
1 1 1 1 1 0 0 0 0 0
1 1 1 1 1 0 0 0 0 0
1 1 1 1 1 0 0 0 0 0
1 1 0 0 0 0 0 0 0 0
1 0 0 0 0 0 0 0 0 0
Maze 166
113 195 3.4482758621 2.0789043078 112 0.382065222709026
12 69 36 63 18 62 54 47 97 19 5 73 88 2 61 12
62 66 33 13 12 52 44 400 17 15 3 83 82 1 11
401 401 402 402 402 402 402 400 402 401 402 401 401 402 402
1 1 1 1 1 0 0 0 0 0
1 2 1 1 1 1 1 1 1 0
1 1 1 0 0 0 1 0 0 0
1 1 1 1 1 1 1 0 0 0
1 1 1 1 1 1 1 0 0 0
1 1 1 1 0 1 1 0 0 0
1 1 1 1 1 1 1 1 1 0
0 1 1 0 0 0 1 0 0 0
0 1 1 1 1 1 1 1 0 0
0 0 0 0 0 0 1 0 0 0
Maze 167
119 46 3.6734693878 1.8399015042 148 0.386942382355854
70 93 26 39 26 73 47 90 26 13 30 17 94 30 13 70
63 23 36 36 23 43 87 86 23 23 27 14 24 23 63
402 402 401 401 402 402 401 401 401 401 401 402 402 401 401
0 0 0 0 0 0 0 0 0 0
0 0 1 1 1 1 1 0 0 0
0 0 1 1 1 1 1 1 1 1
0 0 1 1 0 1 1 1 1 0
0 0 1 1 1 1 1 0 0 0
0 0 1 1 0 1 1 0 0 0
0 0 1 1 1 1 1 1 1 2
0 0 1 1 0 1 1 0 0 0
0 0 1 1 0 1 1 1 1 1
0 0 1 1 0 0 0 0 0 0
Maze 168
87 153 2.7777777778 2.0559191449 29 0.395796416340462
53 29 12 51 95 99 67 57 62 24 100 37 26 18 47 53
23 22 11 91 400 97 400 52 22 94 97 36 16 17 43
402 401 402 401 400 401 400 402 402 401 401 401 402 402 402
0 0 0 0 0 0 0 0 0 0
1 1 0 0 0 1 1 1 0 0
1 1 1 1 1 1 1 1 1 0
1 1 1 1 0 1 1 0 0 0
1 1 1 1 1 1 1 0 0 0
1 1 2 1 1 1 1 0 0 0
1 1 0 1 0 0 1 0 0 0
1 0 0 1 0 0 1 0 0 0
1 0 0 1 0 0 1 0 0 0
1 1 1 1 1 1 1 1 1 1
Maze 169
97 19 3.2500000000 1.8386511051 64 0.364796531407435
79 54 74 39 62 40 8 22 51 62 29 42 72 23 63 79
74 400 34 32 32 38 2 21 61 22 22 400 22 400 73
401 400 402 402 402 401 402 402 401 402 402 400 402 400 401
0 1 1 1 1 1 1 1 0 0
0 1 0 0 0 0 0 1 0 0
1 1 1 1 1 1 1 1 1 0
1 1 1 1 1 1 1 1 1 1
1 1 1 1 0 0 0 0 0 0
1 1 1 1 0 0 0 0 0 0
1 1 1 1 0 0 0 0 0 0
0 1 1 1 1 1 1 1 2 0
0 0 0 0 0 0 0 0 0 0
0 0 0 0 0 0 0 0 0 0
Maze 170
97 10 3.1698113208 2.0903870615 77 0.415459195345985
80 56 72 44 96 21 87 91 95 84 88 12 28 7 78 80
76 52 42 94 91 81 81 400 94 400 82 22 27 77 400
401 402 402 401 401 401 402 400 401 400 401 401 401 401 400
0 0 0 0 0 0 1 0 0 0
0 1 0 0 0 0 1 0 0 0
1 1 1 1 1 1 1 1 0 0
1 1 0 0 0 0 1 0 0 0
1 1 1 1 0 0 1 0 0 0
1 1 1 1 1 1 1 0 0 0
1 1 0 1 0 1 1 0 0 0
1 1 0 1 0 1 1 1 1 2
1 1 1 1 1 1 1 1 0 0
1 1 1 1 1 1 0 0 0 0
Maze 171
115 186 3.2727272727 2.2699524031 124 0.384899506918995
88 82 24 20 75 30 62 40 96 91 23 79 65 73 65 88
400 22 14 15 25 22 32 36 400 21 73 75 63 63 85
400 402 402 402 402 402 402 402 400 402 401 401 402 402 401
0 0 0 0 0 0 0 0 0 0
0 0 0 1 1 1 1 1 1 1
1 1 1 1 1 1 1 1 1 1
1 1 1 1 1 1 1 1 1 1
1 1 1 0 1 1 0 0 0 0
1 1 1 0 1 1 0 0 0 0
1 1 1 1 1 1 0 0 0 0
1 1 1 1 1 1 1 1 1 0
1 1 1 1 1 1 1 2 0 0
1 1 1 1 1 1 0 0 0 0
Maze 172
109 1258 3.5172413793 2.1713072788 112 0.390910201296588
9 32 78 55 59 46 45 41 29 86 4 55 12 19 96 9
2 72 75 400 56 400 400 21 26 84 54 52 400 16 6
402 401 401 400 401 400 400 402 402 401 401 401 400 402 402
0 1 1 1 1 1 1 1 2 0
0 1 1 1 1 1 1 1 1 0
1 1 1 1 1 1 1 1 1 0
1 1 0 1 0 1 0 0 0 0
1 1 1 1 1 1 0 0 0 0
0 1 1 1 1 1 1 1 1 0
0 1 0 1 1 1 0 0 0 0
0 1 1 1 1 1 1 1 0 0
0 0 0 1 1 1 0 0 0 0
0 0 0 0 0 1 0 0 0 0
Maze 173
91 204 2.7857142857 2.1263750885 22 0.391703247389300
10 76 74 15 80 2 16 19 28 66 36 45 71 4 19 10
6 400 14 75 72 12 400 18 26 400 35 41 1 14 9
402 400 402 401 401 401 400 402 402 400 402 402 402 401 402
1 1 1 1 0 1 1 1 1 2
1 1 1 1 1 1 1 1 1 0
1 1 0 1 1 1 1 1 0 0
1 1 0 1 1 1 0 0 0 0
1 1 1 1 1 1 0 0 0 0
1 1 0 1 1 1 0 0 0 0
1 1 0 1 1 1 0 0 0 0
1 1 1 1 1 1 1 1 1 1
0 0 0 0 0 0 0 0 0 0
0 0 0 0 0 0 0 0 0 0
Maze 174
89 221 3.4468085106 2.1132910682 56 0.381167647785909
38 15 36 23 58 80 94 4 47 70 25 56 71 80 28 38
35 35 33 53 78 74 400 44 67 65 55 51 400 78 400
401 401 401 401 401 402 400 401 401 401 401 402 400 401 400
0 0 0 1 0 0 0 0 0 0
0 0 0 1 1 0 0 0 0 0
0 0 1 1 1 0 0 1 0 0
0 0 1 1 1 1 1 2 0 0
0 0 1 1 1 1 1 1 0 0
1 1 1 1 1 1 1 1 0 0
1 0 0 1 1 1 1 1 1 1
1 1 1 1 1 1 1 1 1 1
0 0 0 1 0 0 0 0 0 0
0 0 0 1 0 0 0 0 0 0
Maze 175
123 121 3.3538461538 2.1338630856 133 0.384811589891895
46 2 90 63 76 51 100 34 19 91 34 16 19 68 29 46
42 82 83 73 71 91 94 14 11 31 14 400 18 28 26
401 401 401 401 401 401 401 402 402 402 402 400 402 402 402
0 1 0 0 0 0 0 0 0 0
1 1 1 1 1 1 1 1 1 0
1 1 0 1 0 1 1 1 1 0
1 1 1 1 0 1 0 1 0 0
1 1 1 1 1 2 0 1 0 0
1 1 0 1 0 0 0 1 0 0
1 1 1 1 0 0 0 1 0 0
1 1 1 1 1 1 0 0 0 0
1 1 1 1 1 1 1 1 1 1
1 1 1 1 1 1 1 1 1 1
Maze 176
103 73 3.6923076923 2.1394928595 71 0.391260947248107
4 80 91 21 53 18 13 56 75 98 45 74 26 70 66 4
74 71 400 51 13 400 53 55 95 95 44 24 66 400 64
401 402 400 401 402 400 401 402 401 401 402 402 401 400 401
0 0 0 2 0 0 0 0 0 0
0 0 1 1 1 1 1 1 0 0
1 0 1 1 1 1 0 0 0 0
1 0 1 1 0 1 0 0 0 0
1 0 1 1 1 1 0 0 0 0
1 1 1 1 1 1 0 0 0 0
1 0 0 1 1 1 1 1 1 1
1 1 1 1 1 1 1 1 1 1
1 0 0 0 1 0 0 0 0 0
1 0 0 0 1 1 1 1 0 0
Maze 177
119 128 3.4666666667 2.1180802006 111 0.387910380597828
47 74 18 97 18 62 56 72 9 76 28 100 72 55 74 47
44 14 17 17 12 52 52 2 6 26 98 92 52 54 44
402 402 402 402 402 402 402 402 402 402 401 401 402 402 402
0 1 1 1 1 1 1 1 1 0
0 1 1 1 1 1 1 1 0 0
0 1 0 1 0 1 1 1 0 0
0 1 0 1 0 1 1 1 0 0
0 1 0 1 1 1 2 1 0 0
0 1 1 1 1 1 1 1 0 0
0 1 0 1 0 1 1 1 0 0
0 1 0 1 0 1 1 1 0 0
0 1 0 0 0 0 1 1 0 0
0 1 1 1 1 1 1 1 1 1
Maze 178
89 59 3.0980392157 2.0640750970 50 0.386468858516291
36 38 2 9 60 10 76 48 24 74 18 56 8 68 47 36
400 32 400 59 400 6 46 44 400 14 16 6 400 67 46
400 401 400 401 400 402 402 401 400 402 402 402 400 401 401
0 1 1 1 1 1 1 1 1 1
0 1 0 1 1 1 1 1 1 1
0 1 0 1 0 1 0 1 1 1
0 1 1 1 1 2 1 1 1 1
0 0 0 1 1 1 1 1 1 1
0 0 0 1 0 1 1 1 1 1
0 0 0 1 0 1 1 1 0 0
0 0 0 1 0 1 0 0 0 0
0 0 0 0 0 0 0 0 0 0
0 0 0 0 0 0 0 0 0 0
Maze 179
113 58 3.7647058824 1.9973055156 105 0.383996896258538
11 3 83 61 50 2 11 38 44 73 8 83 93 70 91 11
1 400 81 41 42 1 31 34 43 3 3 400 63 61 400
402 400 401 402 401 402 401 402 402 402 402 400 402 402 400
1 1 1 1 1 1 1 1 0 0
2 1 1 0 0 0 0 0 0 0
1 1 1 0 0 0 0 0 0 0
1 1 1 1 1 1 1 1 0 0
1 1 1 1 1 1 1 1 1 1
1 0 1 0 0 0 0 0 0 0
1 1 1 1 1 1 1 1 1 1
1 0 1 0 0 0 0 0 0 0
1 1 1 0 0 0 0 0 0 0
1 0 1 0 0 0 0 0 0 0
Maze 180
117 1373 3.4642857143 1.9614227545 115 0.388256151439993
90 38 72 68 75 8 92 25 85 30 57 58 72 6 47 90
88 32 62 65 5 2 22 400 25 27 400 52 2 46 87
401 402 402 402 402 402 402 400 402 402 400 402 402 401 401
0 1 1 1 1 1 1 1 0 0
0 1 0 0 1 1 0 0 0 0
0 1 1 1 1 1 1 1 1 1
0 1 1 1 1 1 1 1 0 0
0 1 0 0 1 1 1 1 0 0
0 1 1 1 1 1 1 1 0 0
0 1 1 1 1 1 1 1 0 0
0 1 0 0 1 0 1 1 0 0
0 1 0 0 1 0 1 1 1 2
0 1 0 0 0 0 0 0 0 0
Maze 181
101 408 3.2222222222 2.1005204137 65 0.379588197028623
23 93 28 66 48 51 78 18 47 32 96 97 16 16 92 23
400 23 26 46 41 71 400 17 42 92 400 96 400 12 22
400 402 402 402 402 401 400 402 401 401 400 401 400 402 402
0 0 0 0 0 0 0 0 0 0
0 1 1 1 1 1 1 1 0 0
0 1 2 1 1 1 1 1 0 0
0 1 1 0 0 1 1 1 0 0
1 1 1 1 1 1 1 1 0 0
1 1 1 0 0 1 0 1 0 0
1 1 1 0 0 1 0 1 0 0
1 1 1 1 1 1 1 1 0 0
0 1 1 0 0 1 0 0 0 0
0 1 1 1 1 1 1 0 0 0
Maze 182
93 18 3.0204081633 2.0055919533 31 0.373504035777673
91 71 25 2 65 58 30 94 98 61 11 61 84 100 82 91
400 21 22 62 55 28 24 400 91 400 400 81 94 92 81
400 402 401 401 402 402 402 400 401 400 400 401 401 401 402
0 1 0 0 0 0 0 0 0 0
1 1 0 0 0 0 0 0 0 0
1 1 1 1 1 1 1 1 1 1
1 1 0 1 0 0 0 1 0 0
1 1 0 1 0 0 0 1 0 0
1 1 0 1 1 1 1 1 0 0
1 1 1 1 1 0 0 0 0 0
1 0 0 1 0 0 0 0 0 0
1 1 1 1 0 0 0 0 0 0
2 1 1 1 1 1 1 1 1 1
Maze 183
113 78 3.1785714286 1.8706338922 61 0.388282970828175
13 46 9 53 25 10 92 98 73 79 24 6 19 46 79 13
43 6 3 23 5 2 400 93 400 74 4 16 16 76 73
401 402 402 402 402 402 400 401 400 401 402 401 402 401 401
0 1 1 1 1 1 1 1 1 1
0 1 2 1 1 1 1 1 1 0
0 1 1 1 1 1 0 0 0 0
0 1 1 1 0 1 0 0 0 0
0 1 1 1 1 1 0 0 0 0
0 1 1 1 0 1 0 0 0 0
0 1 1 1 0 1 0 0 0 0
0 1 1 1 1 1 1 1 1 0
0 1 1 0 0 0 0 0 0 0
0 1 1 1 1 1 1 1 0 0
Maze 184
111 2429 3.5593220339 2.1053300445 91 0.379620981125571
98 17 47 44 88 33 19 57 81 13 75 37 92 13 35 98
97 400 400 84 83 13 17 51 11 73 35 32 12 33 95
401 400 400 401 401 402 402 402 402 401 402 402 402 401 401
0 0 0 0 0 0 0 0 0 0
1 1 1 1 1 1 1 1 1 0
1 1 1 0 0 0 1 0 0 0
1 1 1 1 1 1 1 0 0 0
1 1 1 1 1 1 1 0 0 0
1 1 1 1 1 1 1 0 0 0
1 1 1 1 1 0 1 0 0 0
1 1 1 1 1 0 1 0 0 0
1 1 1 1 1 1 1 1 0 0
0 1 0 0 1 1 1 2 0 0
Maze 185
77 13 3.0909090909 2.0215472566 30 0.363871257143202
15 3 99 57 42 1 57 83 72 85 83 74 85 15 36 15
13 93 97 52 41 51 53 82 82 400 73 84 400 35 35
401 401 401 401 401 401 402 401 401 400 402 401 400 401 401
1 0 1 0 0 0 0 0 0 0
1 0 1 1 2 0 0 0 0 0
1 0 1 0 1 0 0 0 0 0
1 0 1 0 1 1 0 0 0 0
1 1 1 0 1 0 0 0 0 0
1 1 1 1 1 1 1 0 0 0
0 0 1 0 1 0 1 0 0 0
0 1 1 1 1 0 1 0 0 0
0 1 1 1 1 0 1 0 0 0
0 0 1 1 1 1 1 1 1 0
Maze 186
99 117 3.4782608696 1.9474870901 70 0.384516330073334
92 68 16 73 72 95 70 36 62 92 39 25 76 78 23 92
62 66 13 400 92 65 66 32 400 32 35 75 400 73 22
402 401 402 400 401 402 401 402 400 402 401 401 400 401 402
0 0 0 0 0 0 0 0 0 0
0 0 1 1 1 1 0 0 0 0
0 1 1 0 1 1 0 0 0 0
0 1 1 1 1 1 1 1 1 0
0 1 1 0 1 1 0 0 0 0
0 1 1 0 1 1 0 0 0 0
0 1 1 1 1 1 1 1 1 1
0 1 1 1 1 1 1 1 0 0
0 1 0 0 1 0 0 0 0 0
0 2 1 1 1 0 0 0 0 0
Maze 187
77 14 2.7916666667 2.1566368500 26 0.373457769004888
45 66 53 24 5 63 58 100 48 65 67 53 38 18 51 45
65 63 23 4 3 53 98 98 45 400 63 33 400 11 41
401 401 402 402 402 402 401 401 402 400 401 402 400 402 402
0 0 1 1 1 0 0 0 0 0
1 1 1 1 1 1 1 1 0 0
1 0 1 1 0 0 0 1 0 0
1 0 1 1 1 1 1 1 0 0
1 1 1 1 2 1 1 1 0 0
1 0 1 1 1 1 1 1 0 0
0 0 1 1 1 1 1 1 0 0
0 0 0 0 0 0 0 1 0 0
0 0 0 0 0 0 0 1 0 0
0 0 0 0 0 0 0 1 1 1
Maze 188
99 507 3.1379310345 2.0572046726 65 0.386342615205048
57 4 20 7 88 33 19 29 60 50 14 70 35 12 82 57
54 14 17 87 83 13 400 59 400 44 64 65 32 400 52
401 401 401 401 401 402 400 401 400 401 401 401 401 400 402
0 0 0 1 0 0 1 0 0 0
0 1 1 1 1 1 1 1 1 1
0 1 1 1 0 0 1 0 1 0
0 1 1 1 1 0 1 0 1 0
0 1 1 1 1 1 1 1 1 1
0 1 1 1 1 1 2 0 1 1
0 1 1 1 1 1 1 1 1 1
0 1 1 0 0 0 1 0 0 0
0 1 1 1 1 1 1 1 0 0
0 0 0 0 0 0 0 0 0 0
Maze 189
101 37 3.0588235294 1.9429147865 54 0.397422517218146
7 65 12 55 50 65 5 85 99 42 53 56 89 83 50 7
5 62 52 45 45 400 400 95 92 52 400 86 400 43 47
402 401 401 402 402 400 400 401 401 401 400 401 400 402 401
0 0 0 0 1 1 2 0 0 0
0 1 0 0 1 0 1 0 0 0
0 1 0 0 1 0 1 0 0 0
0 1 0 0 1 0 1 0 0 0
0 1 1 1 1 1 1 1 1 1
0 1 1 1 1 1 0 0 0 0
0 1 1 1 1 1 0 0 0 0
0 1 1 0 1 1 0 0 0 0
0 1 1 1 1 1 1 1 1 0
0 1 1 1 1 1 1 1 1 0
Maze 190
105 98 3.3333333333 2.1355672607 99 0.387038223905062
59 56 87 34 70 80 62 12 42 97 11 82 89 51 23 59
400 86 84 64 400 72 400 400 92 91 81 400 81 21 53
400 401 401 401 400 401 400 400 401 401 401 400 401 402 401
0 0 0 0 0 0 0 0 0 0
1 1 0 0 0 0 0 0 0 0
1 1 1 0 0 0 0 0 0 0
1 1 1 1 0 0 0 0 0 0
1 1 1 1 0 0 0 0 0 0
1 1 1 1 1 1 1 1 2 0
1 1 0 1 1 1 1 1 1 1
1 1 1 1 1 1 1 1 1 1
1 1 1 1 1 1 1 1 1 0
1 1 1 1 1 1 1 0 0 0
Maze 191
73 17 2.4912280702 2.3874787338 13 0.386875142222595
9 49 86 17 99 78 68 67 77 44 65 25 63 66 52 9
400 46 16 97 98 400 400 400 74 64 400 23 400 62 2
400 402 402 401 401 400 400 400 401 401 400 402 400 401 402
0 1 1 1 1 1 1 1 2 0
0 1 0 0 0 1 1 0 1 0
0 1 1 1 1 1 1 0 1 0
0 1 1 0 1 1 1 0 1 0
0 1 1 1 1 1 1 1 1 0
0 1 1 1 1 1 1 0 0 0
0 1 1 1 1 1 1 1 0 0
0 0 0 1 1 1 1 1 0 0
0 0 0 0 0 1 1 1 0 0
0 0 0 0 0 0 1 1 1 0
Maze 192
125 19 3.2615384615 2.1288612824 153 0.370364216259995
98 91 75 62 90 83 87 17 76 91 49 31 75 10 81 98
400 71 72 82 400 400 400 16 71 41 41 71 5 1 91
400 402 401 401 400 400 400 402 402 402 401 401 402 402 401
1 1 1 1 1 1 1 1 1 1
1 0 0 0 1 1 1 0 0 0
1 0 0 0 1 1 1 0 0 0
1 0 0 0 1 1 1 0 0 0
1 1 1 1 1 1 1 1 1 0
1 0 0 0 1 1 1 0 0 0
1 1 0 0 1 1 1 0 0 0
1 1 1 1 1 1 1 0 0 0
1 1 1 1 1 1 1 1 1 1
1 1 1 1 1 1 1 2 0 0
Maze 193
99 78 3.0847457627 2.1849535709 64 0.378660355285639
54 46 40 9 70 91 99 84 8 73 73 17 39 48 93 54
44 36 39 69 61 400 94 4 3 400 13 37 38 43 53
402 402 401 401 402 400 401 402 402 400 402 401 402 402 402
0 0 1 1 1 1 1 1 1 0
0 0 1 1 1 1 1 0 1 0
0 0 1 1 0 0 1 0 1 0
0 0 1 1 0 1 1 1 1 1
0 0 1 1 1 1 1 1 1 0
0 0 1 2 0 0 0 0 1 0
1 1 1 1 1 1 1 1 1 1
1 0 1 1 0 0 0 0 0 0
1 0 1 1 0 0 0 0 0 0
1 1 1 1 1 1 1 1 1 0
Maze 194
105 314 3.4385964912 2.1640916832 97 0.390133123866942
35 19 93 100 35 42 34 85 79 83 37 22 70 87 49 35
15 13 400 95 32 32 84 75 73 33 32 62 67 47 45
402 402 400 401 402 402 401 402 402 402 401 401 402 402 401
0 0 0 0 0 0 0 0 0 0
0 0 1 1 1 1 1 1 1 0
0 1 1 0 1 0 0 0 0 0
0 1 1 1 2 1 1 0 0 0
0 1 1 1 1 1 1 1 1 0
0 1 1 1 1 0 1 0 0 0
0 1 1 1 1 1 1 1 1 1
0 0 1 1 1 1 1 1 1 0
0 0 1 1 1 0 1 0 0 0
0 0 1 1 1 1 1 1 1 1
Maze 195
109 39 3.5833333333 1.8208141791 60 0.383433244115623
82 54 8 44 10 56 88 36 52 100 100 34 99 65 67 82
52 4 4 4 6 86 86 32 92 400 94 94 95 400 62
402 402 402 402 402 401 401 402 401 400 401 401 401 400 402
0 0 0 1 1 1 1 1 1 1
0 0 0 1 0 1 0 0 0 0
0 0 0 1 0 1 0 0 0 0
0 1 1 1 1 1 0 0 0 0
0 1 0 1 0 1 0 0 0 0
0 1 1 1 0 1 0 0 0 0
0 1 1 1 1 1 1 0 0 0
0 1 0 1 1 1 0 0 0 0
0 2 0 1 1 1 1 1 0 0
0 1 1 1 1 1 1 1 1 1
Maze 196
103 926 3.3584905660 2.0182390020 60 0.387140839826934
6 27 55 13 90 42 57 28 15 35 99 18 83 38 39 6
26 25 53 83 82 52 27 25 400 95 98 13 33 400 36
401 402 401 401 401 401 402 401 400 401 401 402 402 400 401
0 0 0 0 0 2 0 0 0 0
0 0 1 1 1 1 1 1 0 0
0 0 1 0 1 1 1 1 0 0
0 0 1 1 1 1 1 1 1 0
0 1 1 0 1 0 1 1 0 0
0 1 1 1 1 1 1 1 0 0
0 1 1 0 1 0 0 1 0 0
0 1 1 0 1 0 0 1 0 0
0 1 1 1 1 1 1 1 1 1
0 0 0 0 1 1 1 1 1 0
Maze 197
97 12 3.0909090909 2.1693442348 60 0.356802332695103
82 93 43 79 49 25 63 3 8 42 18 53 14 97 100 82
92 400 73 400 45 23 400 400 2 12 13 13 94 400 92
401 400 401 400 401 402 400 400 402 402 402 402 401 400 401
0 1 1 1 1 1 1 1 0 0
0 1 1 1 1 1 1 1 0 0
0 1 1 1 1 0 0 0 0 0
0 1 1 1 1 0 0 0 0 0
0 1 1 1 1 1 1 1 1 0
0 0 1 1 0 0 0 0 1 0
0 0 1 1 0 0 0 0 1 0
0 0 1 1 1 1 1 1 1 0
0 2 1 1 0 0 0 0 0 0
0 1 1 1 1 1 1 1 1 1
Maze 198
87 110 2.9259259259 2.2159110899 36 0.387771447344719
3 44 95 53 71 95 95 35 35 87 6 34 87 41 18 3
43 94 93 51 91 400 400 400 85 86 4 84 81 11 13
401 401 401 402 401 400 400 400 401 401 402 401 401 402 401
0 0 2 1 1 1 0 0 0 0
1 1 1 1 1 1 1 1 0 0
1 0 1 1 0 1 0 0 0 0
1 0 1 1 1 1 0 0 0 0
1 0 1 1 1 1 0 0 0 0
1 1 1 1 1 1 0 0 0 0
1 0 1 1 1 1 0 0 0 0
1 0 1 1 1 1 0 0 0 0
1 1 1 1 1 1 1 0 0 0
1 1 1 1 1 0 0 0 0 0
Maze 199
107 566 2.9666666667 2.1324940743 85 0.381419609679686
84 9 50 45 98 86 37 12 21 50 5 3 97 44 39 84
4 49 400 95 96 36 32 11 41 45 400 93 94 34 34
402 401 400 401 401 402 401 402 401 401 400 401 401 402 402
0 0 1 1 1 1 1 1 1 0
1 1 1 1 1 0 0 0 1 0
1 1 1 1 1 0 0 0 1 0
1 1 1 1 1 1 1 1 1 0
1 1 1 1 1 1 1 1 1 1
0 0 1 1 1 1 0 0 0 0
0 0 1 1 1 1 0 0 0 0
0 0 1 1 1 1 0 0 0 0
0 0 1 2 1 1 0 0 0 0
0 0 1 1 1 1 1 1 0 0
Maze 200
89 33 3.6888888889 2.0673024749 35 0.377423780137137
47 2 24 43 10 23 35 36 55 37 12 55 59 11 66 47
42 22 23 3 3 33 400 35 35 32 52 400 51 61 46
401 401 402 402 402 401 400 402 402 401 401 400 401 401 402
0 1 1 1 1 1 1 1 1 1
1 1 1 0 0 0 0 0 0 0
1 1 1 1 0 0 0 0 0 0
1 1 1 1 1 1 1 0 0 0
1 1 1 1 1 1 2 0 0 0
1 1 1 1 1 1 1 1 1 0
1 1 1 1 1 1 0 0 0 0
0 0 0 0 0 0 0 0 0 0
0 0 0 0 0 0 0 0 0 0
0 0 0 0 0 0 0 0 0 0
