numMazes: 200
mazeSize: 10
Maze 1
95 40 3.3913043478 1.9800858054 77 0.408933824862001
6 30 6 86 5 90 26 49 100 100 20 19 69 46 78 6
26 26 400 85 85 86 46 99 400 400 400 400 66 76 76
401 401 400 401 401 401 401 401 400 400 400 400 401 401 401
0 0 0 0 1 2 0 0 0 0
0 0 0 0 1 1 0 0 1 1
0 0 0 0 1 1 1 1 1 1
0 0 0 0 1 1 0 0 1 1
0 0 0 0 1 1 1 1 1 1
0 0 0 0 1 1 0 0 1 1
0 0 0 0 1 1 1 1 1 1
0 0 0 0 1 1 1 1 1 1
0 0 0 0 1 1 1 1 1 1
0 0 0 0 0 0 0 0 1 1
Maze 2
101 33 3.2727272727 2.0800979812 77 0.378890119393119
59 1 43 49 53 50 15 3 92 3 87 78 70 26 26 59
51 41 400 43 43 45 13 2 2 83 77 68 66 400 56
401 401 400 402 402 401 401 402 402 401 402 402 401 400 401
1 1 1 0 0 0 0 0 0 0
1 1 1 1 1 0 0 0 0 0
1 1 1 0 1 1 0 0 0 0
1 1 1 0 1 1 0 0 0 0
1 1 1 1 1 1 1 1 1 1
1 1 1 1 1 1 1 1 2 0
0 1 1 0 0 1 1 1 1 1
0 1 1 0 0 0 1 1 0 0
0 1 1 1 1 1 1 0 0 0
0 1 0 0 0 0 0 0 0 0
Maze 3
107 2667 3.7600000000 2.0935368512 87 0.387651872697880
36 11 99 93 65 100 41 25 73 74 47 12 58 37 75 36
31 91 400 63 95 91 21 23 400 44 42 52 57 35 35
401 401 400 402 401 401 402 402 400 402 401 401 401 402 402
0 0 0 0 0 0 0 0 0 0
1 1 0 0 0 0 0 0 0 0
1 1 1 1 1 0 0 0 0 0
1 1 1 1 1 2 1 0 0 0
1 1 1 1 1 1 1 0 0 0
1 1 1 1 1 1 1 1 0 0
1 0 1 1 1 0 0 0 0 0
1 0 1 1 1 0 0 0 0 0
1 0 1 0 1 0 0 0 0 0
1 1 1 1 1 1 1 1 1 1
Maze 4
81 208 2.9056603774 2.3709425416 30 0.395693359334677
36 6 4 17 44 31 42 96 33 91 51 67 10 6 12 36
400 400 14 14 41 41 92 93 31 400 61 7 400 2 32
400 400 401 402 401 401 401 401 402 400 401 402 400 402 401
0 1 1 1 1 1 1 1 1 1
0 1 0 1 1 1 1 0 0 0
0 1 0 1 0 1 1 0 0 0
1 1 1 1 1 2 1 0 0 0
1 1 1 1 0 0 1 0 0 0
1 1 1 0 0 0 1 0 0 0
1 1 1 1 1 1 1 0 0 0
1 1 1 0 0 0 0 0 0 0
1 1 1 0 0 0 0 0 0 0
1 1 1 1 1 1 0 0 0 0
Maze 5
117 23 3.0666666667 1.9502030584 156 0.379011838584728
72 16 23 78 63 79 46 46 77 7 1 80 15 97 2 72
12 13 73 73 73 76 400 76 400 400 71 75 95 92 400
402 402 401 401 401 401 400 401 400 400 401 401 401 401 400
1 1 1 1 1 1 1 0 0 0
1 1 1 1 1 1 1 0 0 0
1 1 1 0 1 0 1 0 0 0
1 1 1 0 1 0 1 0 0 0
1 1 1 0 1 1 1 0 0 0
1 1 1 0 1 1 1 0 0 0
1 1 1 0 1 1 1 0 0 0
1 2 1 1 1 1 1 1 1 1
0 1 0 0 1 0 0 0 0 0
0 1 1 1 1 1 1 0 0 0
Maze 6
105 2422 3.3818181818 2.0912913095 105 0.391782372958514
63 7 57 52 26 38 89 27 49 33 67 16 72 30 8 63
3 400 400 22 36 88 87 47 43 63 66 12 22 28 3
402 400 400 402 401 401 401 401 401 401 401 402 402 401 402
0 0 1 1 1 1 1 1 0 0
0 1 1 1 1 1 1 1 0 0
0 1 1 1 1 1 1 1 1 1
0 1 1 0 0 1 1 1 0 0
0 1 1 1 1 1 1 1 1 0
0 1 1 1 1 1 1 1 0 0
0 1 2 1 1 1 1 1 0 0
0 1 0 0 0 0 1 1 0 0
0 0 0 0 0 0 1 1 1 0
0 0 0 0 0 0 0 0 0 0
Maze 7
97 3 3.0169491525 2.2032315593 84 0.402399842654636
32 84 25 90 95 41 81 97 66 59 67 7 65 85 8 32
82 24 85 85 91 400 91 96 56 57 400 5 400 5 2
401 402 401 402 401 400 401 401 402 402 400 402 400 402 402
0 1 1 1 1 1 1 1 0 0
0 1 0 0 1 0 1 0 0 0
0 1 0 1 1 0 1 0 0 0
0 2 0 1 1 0 1 0 0 0
1 1 0 1 1 0 1 0 0 0
1 1 0 1 1 1 1 1 1 0
1 1 0 1 1 1 1 0 0 0
1 1 0 1 1 1 0 0 0 0
1 1 1 1 1 1 1 1 1 1
1 1 1 1 1 1 1 0 0 0
Maze 8
103 3934 3.2187500000 2.2728652339 84 0.371925394327129
41 70 40 98 13 55 94 5 92 12 12 14 25 97 89 41
61 400 38 93 53 54 4 2 400 400 400 24 95 87 81
401 400 402 401 401 402 402 402 400 400 400 401 401 402 401
0 1 1 1 1 0 0 0 0 0
0 1 1 1 0 0 0 0 0 0
0 1 1 1 1 0 0 0 0 0
0 1 1 1 1 0 0 1 1 1
2 1 1 1 1 0 0 1 0 1
1 1 1 1 1 0 0 1 0 1
1 1 1 1 1 1 1 1 1 1
1 1 1 1 1 0 0 1 0 0
1 1 1 1 1 1 1 1 1 0
0 1 1 1 1 1 1 1 0 0
Maze 9
83 297 3.2888888889 2.0892875990 30 0.387503426459299
48 55 79 67 65 19 97 63 49 17 57 6 35 39 33 48
45 75 77 400 15 17 93 43 47 400 56 5 400 400 43
402 401 401 400 402 402 401 402 401 400 401 402 400 400 401
0 0 0 0 1 1 0 0 0 0
0 0 0 0 1 1 1 1 1 0
0 0 0 0 1 1 1 0 0 0
0 0 1 1 1 1 1 1 1 0
0 0 1 1 1 1 1 2 1 0
0 0 1 0 1 1 1 0 0 0
0 0 1 0 1 1 1 0 0 0
0 0 1 0 1 1 1 1 1 0
0 0 1 0 0 0 1 0 0 0
0 0 1 1 1 1 1 0 0 0
Maze 10
85 20 2.8214285714 2.2402867344 50 0.367740435389550
39 83 63 72 60 45 48 74 70 12 21 53 94 90 80 39
33 400 62 52 55 400 44 64 62 11 51 93 84 400 79
402 400 402 402 401 400 402 402 401 402 401 401 402 400 401
0 0 0 0 0 0 0 0 0 0
1 1 0 0 0 0 0 0 0 0
1 1 0 0 0 0 0 0 0 0
1 1 1 1 1 1 1 1 2 0
1 1 1 1 1 1 1 1 1 0
1 1 1 1 1 1 1 1 1 1
0 1 1 1 1 1 1 1 1 1
0 1 1 1 0 0 0 0 1 1
0 0 1 1 1 1 1 1 1 1
0 0 1 1 0 0 0 0 0 0
Maze 11
129 107 3.5000000000 2.1000208982 142 0.376810874322154
42 91 58 50 9 89 52 1 38 95 47 12 94 1 97 42
41 51 48 49 400 82 51 31 35 45 42 92 91 91 92
402 402 402 401 400 401 401 401 402 402 401 401 401 401 401
1 0 0 0 0 0 0 0 1 0
1 1 0 0 0 0 0 0 1 0
1 1 0 0 0 0 0 0 1 0
1 1 1 1 1 1 1 1 1 0
1 2 1 1 1 1 1 1 1 1
1 1 1 1 1 1 1 1 1 0
1 1 0 0 1 0 0 0 1 0
1 1 0 0 1 0 0 0 1 0
1 1 1 1 1 1 1 1 1 0
1 1 1 1 1 1 1 0 0 0
Maze 12
93 32 3.0344827586 2.3404240308 39 0.400096654475793
16 71 20 70 65 12 36 89 90 67 82 73 93 64 50 16
11 11 400 400 62 32 86 400 87 62 72 400 63 44 46
402 402 400 400 401 401 401 400 401 402 402 400 402 402 401
0 0 0 0 0 0 0 0 0 0
1 1 1 1 1 2 1 1 1 1
1 1 0 0 0 1 0 0 0 1
1 1 1 1 1 1 0 0 0 1
1 1 0 1 1 1 1 1 1 1
1 1 0 1 0 1 0 0 0 1
1 1 1 1 1 1 1 1 1 1
1 1 1 0 0 1 1 0 0 0
0 1 1 0 0 1 1 1 1 1
0 0 1 0 0 0 0 0 0 0
Maze 13
97 232 3.2727272727 2.2394540852 84 0.387143350176599
22 85 3 61 58 47 75 24 39 93 81 51 32 69 51 22
82 83 1 51 57 45 74 34 33 91 400 31 62 61 21
401 401 402 402 401 402 401 401 402 401 400 402 401 401 402
1 1 1 0 0 0 0 0 0 0
1 0 1 0 0 0 0 0 0 0
1 2 1 1 0 0 0 0 0 0
1 1 1 1 1 1 1 1 1 0
1 1 1 1 1 1 1 0 0 0
1 1 1 1 1 1 1 1 0 0
1 1 1 1 1 1 1 1 1 0
1 1 1 1 1 0 0 0 0 0
1 1 1 1 1 0 0 0 0 0
1 1 1 0 0 0 0 0 0 0
Maze 14
85 94 3.0212765957 1.9872811796 45 0.372510185393669
69 47 60 28 42 37 32 60 34 42 84 23 5 3 62 69
67 57 58 22 32 400 52 54 32 82 83 3 400 2 400
401 401 401 402 402 400 401 401 402 401 401 402 400 402 400
0 1 1 1 1 0 0 0 0 0
0 1 1 0 0 0 0 0 0 0
0 1 1 1 1 1 1 1 0 0
0 1 1 1 1 1 1 1 0 0
0 1 1 1 0 0 1 1 0 0
0 1 1 1 1 1 1 1 1 1
0 1 1 1 1 1 1 1 2 0
0 1 1 0 0 0 0 0 0 0
0 1 1 1 0 0 0 0 0 0
0 0 0 0 0 0 0 0 0 0
Maze 15
75 43 3.1162790698 2.0269320651 25 0.366342058064589
30 58 69 87 49 76 99 50 50 99 40 74 96 99 18 30
28 68 67 47 46 96 49 400 49 39 34 94 400 98 28
402 401 402 402 402 401 402 400 402 402 402 401 400 401 401
0 0 0 0 0 0 0 0 0 0
0 0 0 0 0 0 0 1 0 0
0 0 0 0 0 0 0 1 1 2
0 0 0 1 1 1 1 1 1 1
0 0 0 1 0 1 1 1 1 1
0 0 0 1 0 1 1 1 1 0
0 0 0 1 0 1 1 1 1 0
0 0 0 1 0 1 1 1 1 0
0 0 0 1 0 1 1 1 1 0
0 0 0 1 1 1 1 1 1 0
Maze 16
95 101 3.5319148936 1.9170975905 60 0.390507406572019
35 7 58 40 83 3 55 39 27 16 94 9 23 53 51 35
5 57 38 33 400 53 35 37 26 14 4 3 400 400 31
402 401 402 402 400 401 402 401 401 402 402 402 400 400 402
0 0 1 1 1 1 1 1 1 0
0 0 1 1 1 1 1 0 0 0
0 0 1 1 1 1 1 0 0 0
1 1 1 1 2 1 1 1 1 1
1 0 1 1 1 0 1 1 0 0
1 1 1 1 1 0 1 1 0 0
0 0 1 1 0 0 0 0 0 0
0 0 1 1 0 0 0 0 0 0
0 0 1 1 0 0 0 0 0 0
0 0 0 1 0 0 0 0 0 0
Maze 17
121 239 3.0322580645 1.9488596923 124 0.381899725629010
99 48 65 98 81 45 100 16 85 19 97 16 42 54 6 99
98 45 95 91 41 95 96 15 15 17 96 12 52 4 96
401 402 401 401 402 401 401 402 402 402 401 402 401 402 401
0 0 0 1 1 1 0 0 0 0
0 1 1 1 1 1 1 1 1 0
0 1 0 1 1 1 1 0 0 0
0 1 0 1 1 1 1 0 0 0
1 1 1 1 1 1 1 1 0 0
1 1 1 1 1 1 1 1 0 0
1 0 0 0 1 1 1 1 0 0
1 0 0 0 1 1 1 1 0 0
1 0 0 0 1 1 1 1 0 0
1 1 1 1 1 1 1 1 2 1
Maze 18
83 115 3.0212765957 2.0259758536 16 0.364667169019027
8 90 39 9 65 34 43 19 55 65 17 38 44 53 75 8
88 89 400 5 64 33 13 15 400 15 37 34 43 73 5
401 401 400 402 401 402 402 402 400 402 401 402 402 401 402
0 0 0 0 1 1 1 2 1 0
0 0 1 1 1 1 1 1 1 0
0 0 1 0 1 0 1 1 1 0
0 0 1 1 1 1 1 1 1 0
0 0 1 1 1 0 0 1 1 0
0 0 1 1 1 0 0 1 1 0
0 0 1 1 1 0 0 1 1 0
0 0 1 1 1 0 0 1 1 0
0 0 0 0 0 0 0 1 1 1
0 0 0 0 0 0 0 0 0 0
Maze 19
69 7 2.8695652174 2.2040701479 11 0.413153352609403
10 62 3 56 36 57 36 95 75 75 43 66 68 70 28 10
2 2 53 400 56 56 35 400 400 73 63 400 400 68 8
402 402 401 400 401 401 402 400 400 401 401 400 400 401 402
0 1 1 1 1 1 1 1 1 2
0 1 1 0 0 0 0 1 0 0
0 1 1 0 0 0 0 1 0 0
0 1 1 0 1 1 0 1 0 0
0 1 1 0 1 1 0 1 0 0
0 1 1 1 1 1 1 1 0 0
0 1 1 1 1 1 1 1 1 1
0 0 1 1 1 0 0 0 0 0
0 0 0 0 1 0 0 0 0 0
0 0 0 0 1 0 0 0 0 0
Maze 20
97 113 3.1785714286 2.2195666242 50 0.395730692497653
5 91 30 56 89 77 22 52 16 15 89 65 67 14 3 5
1 21 26 86 87 72 400 12 400 85 85 400 64 13 400
402 402 402 401 401 401 400 402 400 401 401 400 401 401 400
1 1 1 1 2 0 0 0 0 0
1 1 1 1 1 1 0 0 0 0
1 1 1 1 1 1 1 1 1 1
1 1 0 1 1 1 0 0 0 0
1 1 0 1 1 1 0 0 0 0
1 1 0 1 1 1 0 0 0 0
1 1 0 1 1 1 1 0 0 0
1 1 1 1 1 1 1 0 0 0
1 0 0 0 1 1 1 1 1 0
1 0 0 0 0 0 0 0 0 0
Maze 21
95 59 3.5217391304 1.9684732732 77 0.374868524649380
32 95 76 35 80 25 64 25 59 11 33 65 75 48 84 32
92 75 75 75 75 24 24 55 51 31 63 400 45 44 82
401 402 401 401 401 402 402 401 401 401 401 400 402 402 401
0 0 0 0 0 0 0 0 0 0
1 0 0 0 0 0 0 0 0 0
1 0 0 1 1 0 0 0 0 0
1 2 1 1 1 0 0 0 0 0
1 1 1 1 1 1 1 1 0 0
1 1 1 1 1 1 1 1 1 0
0 1 1 1 1 0 0 0 0 0
0 1 0 1 1 1 1 1 1 1
0 1 1 1 1 0 0 0 0 0
0 1 1 1 1 0 0 0 0 0
Maze 22
101 319 3.0344827586 2.1005204137 64 0.377215229085394
64 100 91 76 6 13 67 81 90 66 30 69 43 82 76 64
94 400 71 400 3 63 61 400 86 26 29 63 42 72 74
401 400 402 400 402 401 402 400 401 402 402 401 402 402 401
0 0 1 1 1 1 0 0 0 0
0 0 1 0 0 1 0 0 0 0
0 0 1 0 0 1 1 1 1 1
0 0 1 0 0 1 0 0 1 0
0 1 1 0 0 1 0 0 1 0
0 1 1 0 0 1 0 0 1 0
1 1 1 2 1 1 1 1 1 0
1 1 1 1 1 1 0 0 0 0
1 1 1 1 1 1 1 1 1 1
1 1 1 1 1 1 1 1 1 1
Maze 23
89 40 3.2340425532 1.9820085132 39 0.394135579753876
13 43 54 34 61 25 40 69 12 69 51 82 21 18 4 13
400 53 400 31 21 35 39 62 62 61 81 81 11 14 3
400 401 400 402 402 401 402 401 401 401 401 401 402 401 402
0 0 1 1 0 0 0 0 0 0
1 1 2 1 1 1 1 1 0 0
1 1 1 1 1 0 0 0 0 0
1 1 1 1 1 1 1 1 1 1
1 1 1 1 0 0 0 0 1 0
1 1 1 1 0 0 0 0 1 0
1 1 1 1 1 1 1 1 1 0
1 0 0 0 0 0 0 0 0 0
1 1 0 0 0 0 0 0 0 0
0 0 0 0 0 0 0 0 0 0
Maze 24
97 7 3.8125000000 1.6163648076 77 0.388670573073484
46 82 39 52 21 36 61 36 46 74 56 2 57 52 37 46
42 32 32 51 31 31 31 400 44 54 52 52 400 32 36
402 402 402 401 401 402 402 400 402 402 401 401 400 402 402
0 1 0 0 0 0 0 0 0 0
0 1 0 0 0 0 0 0 0 0
1 1 0 0 0 0 0 0 0 0
1 1 1 1 1 1 1 1 1 0
1 1 1 1 1 2 0 0 0 0
1 1 1 1 1 1 1 0 0 0
1 1 0 1 0 0 0 0 0 0
0 1 0 1 0 0 0 0 0 0
0 1 0 0 0 0 0 0 0 0
0 0 0 0 0 0 0 0 0 0
Maze 25
111 1172 3.3333333333 2.1357740401 71 0.380936280607947
20 88 52 11 76 67 99 85 30 36 59 96 77 1 79 20
18 82 51 71 66 97 95 25 26 56 56 76 71 71 19
402 401 401 401 402 401 401 402 402 401 402 402 401 401 402
1 0 0 0 0 0 0 0 0 0
1 0 0 0 0 0 0 1 1 2
1 0 0 0 1 1 1 1 1 1
1 0 0 0 1 1 0 1 1 0
1 0 0 0 1 1 0 1 1 0
1 1 0 0 1 1 1 1 1 0
1 1 0 0 1 1 1 1 1 0
1 1 1 1 1 1 1 1 1 0
0 1 1 1 1 1 1 1 0 0
0 0 0 0 1 1 1 1 1 0
Maze 26
97 6 4.1212121212 1.7038800515 35 0.390443010292410
9 92 3 2 81 21 14 22 51 17 17 41 84 81 8 9
2 2 400 1 400 11 12 21 11 400 11 81 400 1 400
402 402 400 402 400 402 402 402 402 400 402 401 400 402 400
1 1 1 1 1 1 1 1 2 0
1 1 1 1 1 1 1 0 0 0
1 1 0 0 0 0 0 0 0 0
1 1 0 0 0 0 0 0 0 0
1 1 0 0 0 0 0 0 0 0
1 1 0 0 0 0 0 0 0 0
1 1 0 0 0 0 0 0 0 0
1 1 0 0 0 0 0 0 0 0
1 1 1 1 0 0 0 0 0 0
0 1 0 0 0 0 0 0 0 0
Maze 27
107 325 3.2982456140 2.1188546574 94 0.382407751061925
33 52 46 67 100 44 48 5 57 11 85 5 68 52 18 33
32 42 66 97 94 400 45 55 51 81 400 65 62 12 13
402 402 401 401 401 400 401 401 401 401 400 401 401 402 402
0 0 0 0 1 0 0 0 0 0
1 1 1 1 1 1 1 1 0 0
1 1 1 0 1 0 0 0 0 0
1 1 2 0 1 0 0 0 0 0
1 1 1 1 1 1 1 1 0 0
1 1 1 1 1 1 1 0 0 0
1 1 1 1 1 1 1 1 0 0
1 0 0 1 1 0 1 0 0 0
1 1 1 1 1 0 1 0 0 0
0 0 0 1 1 1 1 1 1 1
Maze 28
85 43 3.2888888889 2.0219686223 36 0.403334661293190
1 61 46 94 83 52 47 61 88 24 56 86 87 76 18 1
400 41 44 93 82 42 41 81 84 54 400 400 86 16 11
400 402 402 401 401 402 402 401 401 401 400 400 401 402 401
2 0 0 0 0 0 0 0 0 0
1 1 1 1 1 1 1 1 0 0
1 0 0 1 0 1 0 0 0 0
1 0 0 1 0 1 0 0 0 0
1 1 1 1 1 1 1 0 0 0
1 1 0 1 1 1 0 0 0 0
1 1 0 1 0 1 0 0 0 0
1 1 0 1 0 1 0 0 0 0
1 1 1 1 1 1 1 1 0 0
0 0 1 1 0 0 0 0 0 0
Maze 29
95 23 3.0357142857 2.1256661497 70 0.369653011644235
89 55 89 3 9 21 71 85 97 44 53 37 43 28 66 89
85 85 83 400 1 400 81 95 94 43 33 33 23 26 86
401 401 401 400 402 400 401 401 401 402 402 402 402 402 401
1 1 1 1 1 1 1 1 1 0
1 0 1 0 0 0 0 0 0 0
1 0 1 1 1 1 1 1 0 0
1 0 1 1 1 1 1 0 0 0
1 0 1 1 0 1 0 0 0 0
1 0 1 1 1 1 0 0 0 0
1 0 1 1 1 1 0 0 0 0
1 0 1 1 1 1 0 0 0 0
1 1 1 1 1 1 1 1 2 0
0 0 0 1 1 1 1 0 0 0
Maze 30
81 58 2.9629629630 2.2276235431 30 0.396563183509196
13 15 55 28 11 56 42 97 90 18 46 46 84 51 24 13
400 400 25 21 51 52 92 87 88 16 400 44 81 21 23
400 400 402 401 401 401 401 402 401 402 400 402 401 402 401
0 0 0 0 0 0 0 0 0 0
1 0 2 1 1 1 1 1 0 0
1 1 1 1 1 1 1 1 0 0
1 0 0 0 1 1 0 1 0 0
1 1 0 1 1 1 0 1 0 0
1 1 1 1 1 1 0 1 0 0
1 1 0 1 0 0 0 1 0 0
1 1 0 1 0 0 0 1 0 0
1 1 1 1 0 0 1 1 1 1
0 1 1 1 1 1 1 0 0 0
Maze 31
103 12 2.9180327869 2.1415321292 60 0.360114302793029
25 57 94 90 81 80 8 65 46 50 78 9 91 32 32 25
55 54 84 400 71 78 5 45 400 48 8 1 31 400 22
401 402 402 400 402 401 402 402 400 402 402 402 402 400 402
1 1 1 1 1 1 1 1 1 0
1 0 0 0 1 0 0 1 0 0
1 1 1 1 2 0 0 1 0 0
1 1 0 0 1 0 0 1 0 0
1 0 0 0 1 1 1 1 1 1
1 0 0 1 1 1 1 1 0 0
1 0 0 1 1 0 0 1 0 0
1 1 1 1 1 1 1 1 1 1
1 1 1 1 1 1 1 1 1 1
1 0 0 1 0 0 0 0 0 0
Maze 32
85 12 2.8846153846 2.1701545015 45 0.384286305386351
15 72 96 68 79 91 72 93 13 38 57 9 27 45 83 15
12 92 66 78 71 71 92 400 33 37 7 7 25 43 13
402 401 402 401 402 402 401 400 401 402 402 402 402 402 402
0 0 0 0 0 0 1 1 1 0
0 1 1 1 2 0 1 0 0 0
0 1 1 0 1 1 1 0 0 0
0 1 1 1 1 1 1 1 0 0
0 1 1 1 1 0 1 0 0 0
0 1 1 0 0 0 1 0 0 0
0 1 1 0 0 1 1 1 0 0
1 1 1 1 1 1 1 1 1 0
1 1 1 0 0 1 0 0 0 0
1 1 1 1 1 1 0 0 0 0
Maze 33
123 484 2.8888888889 2.1783309179 111 0.385898486704075
20 88 29 1 77 29 12 10 98 42 91 14 53 70 9 20
18 28 21 71 27 22 2 8 92 41 11 13 63 69 19
402 402 401 401 402 401 402 402 401 402 402 402 401 401 401
1 1 1 1 1 1 1 1 1 1
1 1 1 1 0 0 0 1 1 2
1 1 1 1 1 1 1 1 1 0
1 0 1 0 0 0 1 1 1 0
1 1 1 0 0 0 1 1 1 0
1 1 1 0 0 0 1 1 1 0
1 1 1 1 1 1 1 1 1 1
1 1 1 1 1 1 1 1 0 0
1 1 0 0 0 0 0 1 0 0
1 1 1 1 1 1 1 1 0 0
Maze 34
93 209 3.0689655172 2.3535998562 45 0.382839226268647
27 31 55 96 6 6 21 96 51 39 55 59 53 19 19 27
21 51 95 400 400 1 91 91 31 35 400 400 13 400 17
402 401 401 400 400 402 401 401 402 402 400 400 402 400 402
1 1 1 1 1 1 0 0 0 0
1 0 1 1 1 1 1 1 1 0
1 1 1 1 1 1 2 0 0 0
1 1 1 1 1 1 1 1 1 0
1 0 1 0 1 1 0 0 0 0
1 1 1 1 1 1 1 1 1 0
1 0 0 0 1 1 0 0 0 0
1 0 0 0 1 1 0 0 0 0
1 0 0 0 1 1 0 0 0 0
1 1 1 1 1 1 0 0 0 0
Maze 35
107 42 2.8709677419 2.1414791011 70 0.358485786908506
87 33 85 24 21 95 93 76 46 99 10 54 18 11 98 87
83 83 84 400 91 400 73 400 96 9 4 14 400 91 97
401 401 401 400 401 400 402 400 401 402 402 402 400 401 401
0 0 0 1 1 1 1 1 1 1
1 1 1 1 1 1 1 1 1 0
1 1 1 1 0 0 0 0 1 0
1 0 1 1 0 0 0 0 1 0
1 0 1 1 0 1 0 0 1 0
1 0 1 1 0 1 0 0 1 0
1 0 1 1 0 1 0 0 1 0
1 0 1 1 1 1 0 0 1 0
1 0 1 1 1 1 2 0 1 0
1 1 1 1 1 1 1 1 1 0
Maze 36
97 99 3.0344827586 2.2261530853 66 0.373681293400544
57 41 72 70 7 5 17 86 82 96 68 51 19 10 21 57
51 71 62 67 400 15 16 400 92 66 61 11 9 1 51
401 401 402 401 400 401 402 400 401 402 401 402 402 402 401
1 1 1 1 1 1 1 1 1 1
1 1 1 1 1 1 1 1 1 0
1 0 0 0 0 1 1 0 0 0
1 0 0 0 0 1 1 0 0 0
1 0 0 0 0 1 1 0 0 0
1 1 1 1 1 1 2 0 0 0
1 1 1 1 1 1 1 1 1 1
1 1 0 0 0 1 0 0 0 0
0 1 1 1 1 1 0 0 0 0
0 1 1 1 1 1 0 0 0 0
Maze 37
95 37 3.0909090909 2.1647742959 65 0.384958511711238
58 59 47 94 41 40 64 29 94 46 87 69 79 76 92 58
400 57 44 91 31 34 24 24 44 86 67 400 400 72 52
400 401 402 401 402 402 402 402 402 401 402 400 400 402 402
0 0 0 0 0 0 0 0 0 0
0 0 0 0 0 0 0 0 0 0
0 0 0 1 1 1 1 1 1 0
1 1 1 1 1 1 1 1 1 1
1 0 0 1 1 1 1 0 0 0
1 1 1 1 1 1 1 2 1 0
1 1 0 1 0 1 1 1 1 0
1 1 1 1 1 1 1 1 1 0
1 1 0 1 0 1 1 0 0 0
1 1 1 1 0 0 0 0 0 0
Maze 38
105 60 3.0645161290 2.2955841314 76 0.386491093731898
5 3 53 81 3 20 54 23 30 71 38 46 90 100 23 5
400 400 51 1 13 14 53 400 21 31 36 86 400 93 3
400 400 402 402 401 402 401 400 402 402 402 401 400 401 402
1 1 1 1 2 0 0 0 0 0
1 0 1 1 1 1 1 1 1 1
1 1 1 1 1 1 1 1 1 1
1 1 1 1 1 1 1 1 0 0
1 0 1 1 0 1 0 0 0 0
1 1 1 1 0 1 0 0 0 0
1 0 1 0 0 1 0 0 0 0
1 0 1 0 0 1 0 0 0 0
1 0 1 0 0 1 1 1 1 1
0 0 1 1 1 1 1 1 1 1
Maze 39
83 277 2.9795918367 2.0017719485 30 0.377563908068871
5 79 39 33 67 17 17 60 61 21 23 4 54 5 64 5
75 400 400 63 400 400 57 51 400 400 3 400 4 4 4
401 400 400 401 400 400 401 402 400 400 402 400 402 402 402
0 0 1 1 2 0 0 0 0 0
0 0 1 1 1 0 1 0 0 0
1 1 1 1 1 0 1 0 0 0
1 0 1 1 1 1 1 1 1 0
1 0 1 1 1 0 1 0 1 0
1 1 1 1 1 1 1 1 1 1
1 0 1 1 1 1 1 0 1 0
0 0 0 0 1 1 1 1 1 0
0 0 0 0 0 0 0 0 0 0
0 0 0 0 0 0 0 0 0 0
Maze 40
91 21 3.2000000000 2.1132910682 45 0.372495429463312
95 19 29 79 21 41 74 100 29 13 3 79 85 98 100 95
15 400 400 71 400 71 94 99 23 400 73 75 95 400 400
402 400 400 401 400 401 401 401 401 400 401 402 401 400 400
0 0 1 0 0 0 0 0 0 0
0 0 1 0 1 1 1 1 1 0
1 0 1 1 1 1 1 1 1 0
1 0 1 0 1 0 0 0 1 0
1 0 1 0 1 0 0 0 1 0
1 0 1 0 1 0 0 0 1 0
1 0 1 0 1 0 0 0 1 0
1 1 1 1 1 1 1 1 1 0
0 0 0 1 1 0 0 0 1 0
0 0 0 1 2 1 1 1 1 1
Maze 41
93 157 3.0370370370 2.1939256689 50 0.382916089989871
81 72 43 52 29 18 91 47 85 23 26 63 36 69 54 81
71 42 42 22 28 11 41 45 83 400 23 33 66 64 51
402 402 402 402 401 402 402 402 401 400 402 402 401 401 402
0 0 0 0 0 0 0 0 0 0
1 1 1 1 1 1 1 1 0 0
1 1 1 1 1 1 1 1 1 0
1 1 1 1 1 1 0 0 0 0
1 1 1 1 1 1 1 0 0 0
1 1 1 1 1 1 0 0 0 0
1 1 1 1 1 1 1 1 1 0
1 1 1 0 1 0 0 0 0 0
2 0 1 1 1 0 0 0 0 0
1 0 0 0 0 0 0 0 0 0
Maze 42
101 289 3.0181818182 2.0459614419 59 0.395776362034000
54 67 69 61 36 84 65 26 84 42 22 83 19 89 2 54
64 400 400 31 34 64 25 24 82 400 82 13 400 82 52
401 400 400 402 402 402 402 402 401 400 401 402 400 401 401
0 1 0 0 0 0 0 0 0 0
0 1 1 1 1 1 1 1 1 0
0 1 1 1 1 1 0 0 1 0
1 1 1 1 1 1 0 0 1 0
1 1 1 1 1 0 0 0 1 0
1 1 1 2 1 0 0 0 1 0
1 1 1 1 1 1 1 1 1 0
0 1 1 1 0 0 0 0 1 0
0 1 1 1 1 1 1 1 1 0
0 0 0 0 0 0 0 0 0 0
Maze 43
85 21 3.4893617021 2.2016060160 50 0.376169091260819
74 92 47 25 7 82 89 24 68 80 68 83 84 73 91 74
72 42 45 5 2 400 84 64 78 78 63 400 83 71 71
402 402 401 402 402 400 401 401 401 401 402 400 401 402 402
0 1 1 1 1 1 1 0 0 0
0 1 0 0 1 0 0 0 0 0
0 1 0 1 1 0 0 0 0 0
0 1 0 1 1 0 0 0 0 0
0 1 1 1 1 1 1 0 0 0
0 1 0 1 0 0 0 0 0 0
0 1 1 1 1 1 1 1 0 0
1 1 1 2 0 0 0 1 1 1
1 1 1 1 1 1 1 1 1 0
1 1 0 0 0 0 0 0 0 0
Maze 44
83 100 3.3333333333 2.0234616956 15 0.411001845683304
41 24 4 41 26 14 37 12 57 57 67 74 15 55 10 41
21 400 1 21 24 34 32 52 400 400 64 14 400 5 1
402 400 402 402 401 401 401 401 400 400 402 402 400 402 402
1 1 1 1 1 1 1 1 1 1
1 1 0 1 1 0 0 0 0 0
1 1 1 1 1 1 0 0 0 0
1 1 1 1 1 1 1 0 0 0
2 1 0 1 1 0 0 0 0 0
0 1 1 1 1 1 1 0 0 0
0 0 0 1 1 1 1 0 0 0
0 0 0 1 0 0 0 0 0 0
0 0 0 0 0 0 0 0 0 0
0 0 0 0 0 0 0 0 0 0
Maze 45
131 594 2.9066666667 2.1920678067 133 0.377520090164313
35 87 93 44 56 34 86 78 1 100 10 91 28 70 93 35
85 83 43 54 54 84 76 71 91 400 1 21 68 63 33
401 402 402 401 401 401 402 401 401 400 402 402 401 402 402
1 1 1 1 1 1 1 1 1 1
1 0 0 0 0 0 0 0 0 1
1 1 1 1 1 1 1 1 0 1
1 0 1 1 2 0 0 1 0 1
1 0 1 1 1 0 0 1 0 1
1 0 1 1 1 1 0 1 0 1
1 0 1 1 1 1 1 1 1 1
1 1 1 1 1 1 1 1 0 1
1 0 1 1 1 1 1 0 0 1
1 1 1 1 1 1 1 1 1 1
Maze 46
91 108 3.2083333333 2.1598682574 50 0.399493103291315
17 61 57 11 56 55 26 89 48 39 64 96 16 6 58 17
11 51 51 51 400 25 86 88 38 34 94 400 400 56 57
402 402 401 401 400 402 401 401 402 402 401 400 400 401 401
0 0 0 0 0 1 0 0 0 0
1 1 1 1 1 1 2 0 0 0
1 0 0 0 1 1 1 0 0 0
1 0 0 1 1 1 1 1 1 0
1 0 0 1 1 1 1 1 0 0
1 1 1 1 1 1 1 1 0 0
1 0 0 1 0 1 0 1 0 0
0 0 0 1 0 1 0 1 0 0
0 0 0 1 0 1 1 1 1 0
0 0 0 1 1 1 0 0 0 0
Maze 47
101 185 3.2222222222 2.0297752770 84 0.375825375659705
80 4 57 31 68 96 80 20 94 44 46 74 22 23 45 80
74 54 51 61 66 76 400 14 400 400 44 72 400 43 75
401 401 401 401 402 402 400 402 400 400 402 401 400 401 401
0 0 0 1 0 0 0 0 0 0
0 0 0 1 1 1 1 1 1 1
0 1 1 1 0 0 0 0 0 1
1 1 1 1 0 0 0 0 0 1
1 1 1 1 1 1 0 0 0 1
1 1 1 1 1 1 1 0 0 1
1 1 1 1 1 1 1 1 0 1
0 1 1 1 1 1 1 1 1 2
0 0 0 1 0 1 0 0 0 0
0 0 0 1 0 1 0 0 0 0
Maze 48
93 15 3.3750000000 2.0227214510 45 0.383242852204831
28 31 28 28 50 19 60 93 86 67 53 66 11 77 83 28
21 21 400 48 49 59 53 83 66 63 63 61 71 73 23
402 402 400 401 401 401 402 402 402 401 401 401 401 402 402
0 0 0 0 0 0 0 0 0 0
1 0 0 0 0 0 0 0 1 0
1 1 1 1 1 1 1 2 1 0
1 0 1 0 0 0 0 1 1 0
1 0 1 0 0 0 0 1 1 1
1 0 1 1 1 1 1 1 1 1
1 1 1 1 1 1 1 0 0 0
1 1 1 1 1 1 1 0 0 0
0 0 1 1 1 1 0 0 0 0
0 0 1 0 0 0 0 0 0 0
Maze 49
107 60 3.8695652174 2.0242121464 86 0.385100450335831
81 34 93 38 23 30 29 26 24 66 91 16 62 40 24 81
31 33 33 33 400 400 400 400 64 61 11 12 32 34 21
402 402 402 401 400 400 400 400 401 402 402 402 402 401 402
0 0 0 0 0 0 0 0 0 0
1 1 1 1 1 1 0 0 0 0
1 1 1 1 1 1 1 1 1 1
1 1 1 1 1 1 1 1 1 1
1 1 1 1 0 0 0 0 0 0
1 1 1 1 0 0 0 0 0 0
1 1 1 1 1 1 0 0 0 0
1 0 1 0 0 0 0 0 0 0
2 0 1 0 0 0 0 0 0 0
1 0 1 0 0 0 0 0 0 0
Maze 50
87 56 2.8301886792 2.0720409095 45 0.388960271830735
84 7 2 65 67 77 6 13 36 15 60 89 85 97 6 84
4 400 62 400 400 76 3 33 35 55 59 400 95 96 4
402 400 401 400 400 401 402 401 401 401 402 400 401 401 402
0 1 1 1 1 1 1 0 0 0
0 1 1 1 1 1 0 0 0 0
0 1 1 1 1 1 0 0 0 0
0 1 1 1 1 1 0 0 0 0
0 1 0 1 1 1 0 0 0 0
0 1 0 1 1 1 1 1 1 1
0 1 1 1 1 1 1 0 1 0
0 0 0 1 0 1 1 0 1 0
0 0 0 2 1 1 1 1 1 0
0 0 0 0 1 1 1 0 0 0
Maze 51
107 329 3.7090909091 2.1958558750 86 0.398985553948081
63 60 32 74 69 41 92 62 100 42 49 74 78 80 36 63
53 52 72 64 61 91 400 92 92 400 44 400 400 76 33
402 401 401 402 401 401 400 401 401 400 402 400 400 401 402
0 0 0 0 0 0 0 0 0 0
0 0 0 0 0 0 0 0 0 0
0 0 0 0 0 0 0 0 0 0
0 1 1 1 1 1 0 0 0 0
1 1 1 1 1 1 1 1 1 0
1 1 1 1 1 1 1 1 1 1
1 1 2 1 1 1 1 1 1 0
1 1 1 1 1 1 1 1 1 1
1 1 0 0 0 0 0 0 0 0
1 1 1 1 1 1 1 1 1 1
Maze 52
115 71 3.6078431373 1.9207196674 113 0.384747938259975
52 1 96 88 4 51 85 22 14 78 85 52 100 42 56 52
51 91 86 84 1 81 82 12 74 75 82 92 92 52 400
401 401 402 401 402 401 401 402 401 402 401 401 401 401 400
1 1 1 1 0 0 0 0 0 0
1 1 1 1 0 0 0 0 0 0
1 1 0 1 0 0 0 0 0 0
1 1 0 1 0 0 0 0 0 0
1 1 0 1 0 0 0 0 0 0
1 2 1 1 1 1 0 0 0 0
1 1 0 1 0 0 0 0 0 0
1 1 0 1 1 1 1 1 0 0
1 1 1 1 1 1 1 1 0 0
1 1 1 1 1 1 1 1 1 1
Maze 53
95 91 3.4146341463 1.8155388892 65 0.387357972627438
39 32 54 43 25 20 68 65 25 82 37 62 46 82 3 39
400 52 53 23 15 18 400 400 22 32 32 42 42 2 33
400 401 401 402 402 402 400 400 402 402 402 402 402 402 401
0 1 1 0 0 0 0 0 0 0
0 1 1 0 1 1 1 1 1 1
0 1 1 1 1 0 0 1 0 0
0 1 1 1 1 1 1 1 2 0
0 1 1 1 1 1 0 1 0 0
0 1 1 1 1 0 0 1 0 0
0 1 0 0 1 1 1 1 0 0
0 1 0 0 0 0 0 0 0 0
0 1 0 0 0 0 0 0 0 0
0 0 0 0 0 0 0 0 0 0
Maze 54
99 40 3.8095238095 1.9474870901 54 0.388105883700806
87 37 73 92 52 38 14 77 23 55 2 59 64 15 34 87
400 33 72 400 32 34 74 73 53 52 52 54 14 14 84
400 402 402 400 402 401 401 401 401 401 401 402 402 402 401
0 1 0 0 0 0 0 0 0 0
0 1 0 1 1 0 0 0 0 0
0 1 1 1 0 0 0 0 0 0
0 1 1 1 1 1 1 1 0 0
0 1 1 1 0 0 1 0 0 0
0 1 1 1 1 1 1 1 1 0
0 1 1 1 0 0 1 0 0 0
0 1 1 1 1 1 1 0 0 0
0 1 0 1 1 1 2 0 0 0
0 1 0 0 0 0 0 0 0 0
Maze 55
117 160 3.3225806452 2.1495722948 141 0.393716372947396
31 5 59 44 15 62 1 92 15 43 16 70 32 43 80 31
1 55 54 14 12 61 91 12 13 13 66 62 42 73 71
402 401 401 402 402 401 401 402 402 402 401 401 401 401 401
1 1 1 1 1 0 0 0 0 0
1 1 1 1 1 1 0 0 0 0
1 1 1 1 1 1 0 0 0 0
2 1 1 1 1 1 0 0 0 0
1 1 1 1 1 1 0 0 0 0
1 1 1 1 1 1 1 1 1 0
1 1 1 1 1 1 1 1 1 1
1 1 1 1 1 1 1 1 1 1
1 1 0 0 0 0 0 0 0 0
1 1 0 0 0 0 0 0 0 0
Maze 56
105 43 3.1153846154 1.9083033199 91 0.381235762693048
10 92 79 18 83 45 49 49 26 93 12 5 33 62 10 10
2 72 78 13 43 400 400 46 23 92 2 3 32 2 400
402 402 401 402 402 400 400 401 402 401 402 402 402 402 400
0 1 1 1 1 1 1 1 1 2
0 1 1 1 1 1 1 1 0 0
0 1 1 1 1 1 0 1 0 0
0 1 1 0 0 1 0 1 0 0
0 1 1 1 1 1 1 1 1 0
0 1 1 0 0 0 0 1 0 0
0 1 1 0 0 0 0 1 0 0
0 1 1 1 1 1 1 1 1 0
0 1 1 0 0 0 0 0 0 0
0 1 1 0 0 0 0 0 0 0
Maze 57
85 118 2.8771929825 2.3569250361 50 0.380188741372320
38 17 8 21 80 64 74 25 17 34 51 50 86 73 35 38
37 7 1 71 74 400 24 15 14 31 41 46 83 33 400
401 402 402 401 401 400 402 402 402 402 402 402 401 402 400
1 1 1 1 1 1 1 1 0 0
1 0 0 1 1 1 1 0 0 0
1 0 0 1 1 0 1 0 0 0
1 1 1 1 1 1 1 2 0 0
1 1 1 1 1 1 1 1 1 1
1 0 1 1 0 1 0 0 0 0
1 0 1 1 0 1 0 0 0 0
1 1 1 1 1 1 1 1 1 1
0 0 1 1 1 1 0 0 0 0
0 0 0 0 0 0 0 0 0 0
Maze 58
101 157 3.0508474576 2.1355672607 59 0.398695364442366
34 7 43 46 17 51 4 20 68 32 96 54 10 8 32 34
4 3 400 16 11 1 14 18 62 92 94 4 400 2 400
402 402 400 402 402 402 401 402 401 401 401 402 400 402 400
1 1 1 1 1 1 1 1 1 1
1 1 1 1 1 1 1 1 1 1
1 1 1 1 0 1 0 1 0 0
1 1 1 2 0 1 0 1 0 0
1 1 1 1 1 1 0 1 0 0
1 1 0 1 0 0 0 1 0 0
0 1 1 1 1 1 1 1 0 0
0 1 0 1 0 0 0 0 0 0
0 1 0 1 0 0 0 0 0 0
0 1 1 1 1 1 0 0 0 0
Maze 59
93 258 2.8666666667 2.3174957749 56 0.379294870500832
51 14 79 60 96 20 9 26 47 97 81 37 54 47 26 51
11 74 59 56 16 19 6 46 400 91 31 34 44 46 21
402 401 402 402 402 401 402 401 400 401 402 402 402 401 402
0 0 0 0 0 1 1 1 1 0
1 1 1 1 0 1 1 1 1 1
1 1 1 1 1 1 0 0 0 0
1 1 1 1 1 1 1 0 0 0
1 0 0 1 1 1 1 0 0 0
2 0 0 1 0 1 1 1 1 1
1 0 0 1 0 1 1 0 1 0
1 0 0 1 1 1 1 1 1 0
1 0 0 0 0 1 1 0 0 0
1 1 1 1 1 1 1 0 0 0
Maze 60
121 69 3.0000000000 1.8526929055 101 0.382333009786468
29 33 74 99 29 68 31 99 91 1 39 18 99 72 100 29
23 73 94 400 28 61 91 400 400 31 38 98 92 92 99
402 401 401 400 402 401 401 400 400 401 401 401 401 401 401
1 0 0 0 0 0 0 0 0 0
1 0 0 0 0 0 0 1 0 0
1 0 1 1 1 1 1 1 2 0
1 1 1 1 1 1 1 1 1 0
1 0 1 0 0 0 0 1 1 0
1 0 1 0 0 0 0 1 1 0
1 1 1 1 1 1 1 1 1 0
1 1 1 1 0 0 0 1 1 0
1 1 0 1 0 0 0 1 1 0
1 1 1 1 1 1 1 1 1 1
Maze 61
117 5349 2.8648648649 2.3589706331 140 0.397038450270196
20 64 56 51 32 96 27 43 21 9 100 24 60 33 77 20
14 54 400 31 92 26 23 41 1 99 94 54 53 73 17
402 402 400 402 401 402 402 401 402 401 401 401 401 401 402
1 1 1 1 1 1 1 1 1 0
1 0 0 1 1 1 1 1 1 2
1 0 1 1 1 1 1 0 1 0
1 1 1 1 0 1 1 0 1 0
1 1 1 1 0 1 1 0 1 0
1 1 1 1 1 1 1 1 1 1
0 1 1 1 0 1 1 0 1 0
0 1 1 1 1 1 1 0 1 0
0 1 0 1 0 1 0 0 1 0
0 1 1 1 1 1 1 1 1 1
Maze 62
99 117 3.0943396226 2.0024716013 60 0.389515157877624
53 73 30 37 98 65 93 17 73 98 20 17 37 88 91 53
400 23 27 97 95 63 13 13 93 18 400 400 87 81 51
400 402 402 401 401 402 402 402 401 402 400 400 401 402 402
0 0 0 0 0 0 0 0 0 0
0 0 1 1 1 1 1 1 1 1
0 0 1 1 1 1 1 1 1 1
0 0 1 0 0 0 1 1 0 0
0 0 1 0 0 0 1 1 0 0
1 1 2 0 0 0 1 1 0 0
1 0 1 1 1 0 1 1 0 0
1 0 1 0 1 0 1 1 0 0
1 1 1 1 1 1 1 1 0 0
1 0 1 1 1 1 1 1 0 0
Maze 63
75 13 3.2195121951 1.9925772843 22 0.388549408968476
16 10 86 26 4 53 53 50 66 76 83 34 35 76 59 16
6 6 400 24 3 400 43 46 400 73 33 400 75 56 56
402 402 400 401 402 400 402 402 400 402 402 400 401 402 401
0 0 1 1 0 1 1 1 1 1
0 0 1 1 0 2 0 0 0 0
0 0 1 1 1 1 0 0 0 0
0 0 1 1 1 1 0 0 0 0
0 0 1 1 1 1 1 1 1 1
0 0 1 0 1 1 1 1 1 0
0 0 1 0 1 1 0 0 0 0
0 0 1 1 1 1 0 0 0 0
0 0 1 0 0 1 0 0 0 0
0 0 0 0 0 0 0 0 0 0
Maze 64
97 253 2.6944444444 2.4750763158 70 0.390821213024568
35 6 84 21 26 70 38 19 79 65 98 43 3 17 72 35
5 4 81 400 66 68 18 400 75 95 93 400 13 12 32
402 402 401 400 401 401 402 400 401 401 401 400 401 402 402
0 0 1 1 1 1 0 0 0 0
0 1 1 1 1 1 1 1 1 0
1 1 1 1 1 1 0 1 1 0
1 1 1 1 2 1 0 1 1 0
1 1 1 1 0 1 0 1 1 0
1 1 1 1 0 1 0 1 1 0
1 1 1 1 1 1 1 1 1 1
1 1 1 1 1 1 1 1 1 0
1 1 1 1 1 0 0 0 0 0
0 0 1 1 1 1 1 1 0 0
Maze 65
115 2 3.5348837209 1.6255092363 127 0.390309602273116
84 42 34 42 86 33 86 12 25 92 20 82 39 27 76 84
82 32 32 82 83 83 82 22 22 12 12 32 37 26 74
401 402 402 401 401 401 401 401 402 402 402 402 401 402 402
0 0 0 0 0 0 0 0 0 0
0 1 1 1 1 1 1 1 1 1
0 1 1 1 1 1 1 0 0 0
0 1 1 1 1 1 1 1 1 0
0 1 1 0 0 1 0 0 0 0
0 1 1 0 0 1 0 0 0 0
0 1 1 0 0 1 0 0 0 0
0 1 1 1 1 1 0 0 0 0
0 1 1 2 1 1 0 0 0 0
0 1 0 0 0 0 0 0 0 0
Maze 66
107 4 3.0508474576 2.1719068963 97 0.381362806993448
77 84 27 46 81 1 8 62 43 91 96 1 79 70 38 77
74 24 26 41 400 400 2 42 41 400 91 71 69 68 37
402 402 402 402 400 400 402 402 402 400 401 401 402 401 402
1 1 1 1 1 1 1 1 0 0
1 1 0 0 0 0 0 0 0 0
1 1 0 1 1 1 1 0 0 0
1 1 0 1 0 1 1 1 0 0
1 1 1 1 1 1 1 1 0 0
1 1 0 1 0 0 1 1 0 0
1 1 0 1 0 0 1 1 1 1
1 1 1 1 1 1 2 1 1 0
1 0 0 1 0 0 0 0 0 0
1 1 1 1 1 1 0 0 0 0
Maze 67
97 94 2.8333333333 2.1633019004 77 0.365448422684306
40 73 75 100 49 84 5 49 68 83 37 42 83 77 100 40
33 400 95 99 44 4 45 48 63 33 32 82 73 97 400
402 400 401 401 402 402 401 402 402 402 402 401 402 401 400
0 0 0 1 1 0 0 0 0 0
0 0 0 1 1 0 0 0 0 0
0 0 0 1 1 0 0 0 0 0
0 1 1 1 1 1 1 1 1 2
0 1 1 1 1 1 1 1 1 1
0 1 1 1 0 0 0 1 1 1
0 1 1 1 1 1 1 1 1 1
0 1 1 1 1 1 1 0 1 1
0 1 1 1 1 0 1 0 1 1
0 0 0 0 1 1 1 1 1 1
Maze 68
97 62 2.7857142857 2.0331885774 77 0.376679089392401
91 78 34 13 7 21 53 55 76 17 60 85 61 78 22 91
71 74 33 3 1 51 400 75 16 57 55 81 71 72 21
402 401 401 402 402 401 400 401 402 401 402 401 401 401 402
1 1 1 1 1 1 1 0 0 0
1 0 1 0 0 1 1 0 0 0
1 1 1 0 0 1 1 0 0 0
1 1 1 1 0 1 1 0 0 0
1 1 0 1 0 1 1 0 0 0
1 1 1 1 1 1 1 1 1 1
1 1 0 1 1 1 0 0 0 0
1 1 1 1 1 1 1 1 0 0
1 1 1 1 1 0 0 0 0 0
2 0 0 0 0 0 0 0 0 0
Maze 69
115 327 3.1692307692 2.1607629721 133 0.382858548849680
2 28 100 52 94 86 24 14 94 10 57 41 96 69 76 2
22 98 92 92 84 84 400 400 4 7 51 91 66 66 72
401 401 401 401 402 401 400 400 402 402 401 401 402 402 401
0 2 0 1 1 1 1 1 1 1
0 1 0 1 0 0 1 0 0 0
0 1 1 1 1 1 1 1 0 0
0 1 0 1 0 0 1 1 0 0
1 1 0 1 0 0 1 1 0 0
1 1 1 1 1 1 1 1 0 0
1 1 0 1 0 1 1 1 1 0
1 1 1 1 1 1 0 1 0 0
1 1 0 1 1 1 0 1 0 0
1 1 1 1 1 1 1 1 1 1
Maze 70
113 294 2.8363636364 1.9468473902 80 0.398358279055520
93 2 91 3 81 13 7 86 77 57 96 21 83 87 38 93
92 1 1 1 11 3 6 76 400 56 91 81 400 37 33
401 402 402 402 402 402 402 402 400 402 401 401 400 402 402
1 1 1 1 1 1 1 0 0 0
1 1 1 0 0 1 0 0 0 0
1 1 0 0 0 1 0 0 0 0
1 1 1 1 1 1 1 1 0 0
1 1 1 0 0 1 1 0 0 0
1 1 1 0 0 1 1 0 0 0
1 1 1 0 0 1 1 0 0 0
1 1 1 0 0 1 1 0 0 0
1 1 1 1 1 1 1 0 0 0
1 1 2 1 1 1 0 0 0 0
Maze 71
97 37 2.9830508475 2.2645859833 71 0.375591682238005
7 72 76 35 100 96 58 85 89 45 13 11 91 26 58 7
2 400 75 95 400 56 55 400 85 43 400 400 21 56 57
402 400 401 401 400 402 402 400 401 401 400 400 402 401 401
0 1 1 1 1 1 2 0 0 0
1 1 1 0 0 0 1 0 0 0
1 1 1 1 1 1 1 0 0 0
1 1 1 0 1 1 1 0 0 0
1 1 1 1 1 1 1 0 0 0
1 1 0 0 1 1 1 1 0 0
1 1 0 0 1 1 0 0 0 0
1 1 1 1 1 1 0 0 0 0
1 0 0 0 1 1 1 1 1 0
1 0 0 0 1 1 1 1 1 1
Maze 72
81 46 3.0476190476 1.9700139426 35 0.385745468211640
47 66 61 29 40 16 75 5 19 35 36 38 85 16 13 47
46 400 21 39 36 15 400 15 15 400 400 35 15 400 43
402 400 402 401 401 402 400 401 402 400 400 402 402 400 401
0 0 0 0 1 0 0 0 0 0
0 0 1 1 1 1 1 1 1 0
1 1 1 1 1 1 1 1 1 0
1 0 1 0 1 1 1 1 1 1
1 0 1 1 1 1 2 0 0 0
1 0 0 0 1 1 0 0 0 0
1 1 1 1 1 1 0 0 0 0
0 0 0 0 1 0 0 0 0 0
0 0 0 0 1 0 0 0 0 0
0 0 0 0 0 0 0 0 0 0
Maze 73
101 1001 3.0000000000 2.3530959993 60 0.391352673016191
51 81 61 14 13 49 97 83 9 69 52 91 58 14 85 51
400 400 11 400 43 47 93 3 400 62 51 51 54 84 81
400 400 402 400 401 402 401 402 400 401 402 402 401 401 401
0 0 1 1 1 1 1 1 1 0
1 1 1 1 0 0 0 0 1 0
1 0 1 1 0 0 0 0 1 0
1 0 1 1 0 0 0 0 1 0
1 0 1 1 1 1 1 1 1 0
2 1 1 1 1 1 1 1 1 0
1 1 1 1 1 1 1 1 1 0
1 0 1 1 0 0 1 0 0 0
1 1 1 1 1 0 1 0 0 0
1 0 1 1 1 1 1 0 0 0
Maze 74
89 224 3.1764705882 2.2435598881 45 0.382146157405105
67 15 52 97 17 46 4 55 13 15 85 30 36 25 49 67
65 12 92 400 16 44 54 53 400 400 25 26 35 45 47
401 402 401 400 402 401 401 401 400 400 402 402 401 401 402
0 0 0 1 0 0 0 0 0 0
0 1 1 1 1 1 1 0 0 0
0 1 1 1 1 1 1 1 1 1
0 1 1 1 1 1 1 0 0 0
0 1 1 1 1 1 1 1 1 0
0 1 1 1 1 0 1 0 0 0
0 1 0 0 1 1 2 0 0 0
0 1 0 0 1 0 1 0 0 0
0 1 0 0 1 0 1 0 0 0
0 1 1 1 1 1 1 0 0 0
Maze 75
95 510 2.9629629630 2.0708490455 65 0.363589291606131
80 39 76 47 27 32 46 58 90 6 53 5 93 22 53 80
79 36 46 400 22 42 56 88 86 3 3 3 92 52 73
401 402 402 400 402 401 401 401 401 402 402 402 401 401 401
0 0 1 1 1 1 0 0 0 0
0 0 1 0 0 1 0 0 0 0
0 1 1 1 1 1 1 0 0 0
0 1 1 0 0 1 1 1 1 0
0 1 1 1 1 1 1 0 1 0
0 1 1 0 0 1 1 1 1 0
0 1 1 0 0 1 0 1 1 0
0 1 1 1 1 1 1 1 1 2
0 1 1 0 0 1 1 1 1 1
0 1 1 0 0 0 0 0 0 0
Maze 76
89 21 3.6969696970 1.6678153554 45 0.388149838120918
40 44 18 5 18 41 21 53 13 12 81 81 40 12 52 40
34 14 15 15 11 400 51 400 400 11 400 31 32 400 32
402 402 401 401 402 400 401 400 400 402 400 402 401 400 402
0 0 0 0 1 0 0 0 0 0
1 1 1 1 1 1 1 1 0 0
1 1 1 1 0 0 0 0 0 0
1 1 1 1 1 1 1 1 1 2
1 1 1 1 0 0 0 0 0 0
1 1 1 0 0 0 0 0 0 0
1 0 0 0 0 0 0 0 0 0
1 0 0 0 0 0 0 0 0 0
1 0 0 0 0 0 0 0 0 0
0 0 0 0 0 0 0 0 0 0
Maze 77
81 23 2.7407407407 2.2277784588 21 0.396665727017710
60 68 53 48 78 89 62 99 74 70 22 3 35 39 58 60
58 63 43 400 88 82 92 94 64 62 2 33 400 38 400
402 401 402 400 401 401 401 401 402 401 402 401 400 402 400
0 1 1 0 0 0 0 0 0 0
0 1 1 0 0 0 0 0 0 0
0 1 1 0 0 0 0 0 0 0
0 1 1 1 1 1 1 1 1 0
0 1 1 1 1 1 1 1 0 0
0 1 1 0 0 0 0 1 1 2
0 1 1 1 1 1 1 1 1 1
0 1 0 1 0 0 0 1 0 0
0 1 1 1 1 1 1 1 1 0
0 1 1 1 1 1 1 1 1 0
Maze 78
105 94 3.6296296296 2.1550793855 86 0.399753925232830
10 62 51 63 74 28 81 41 26 56 33 89 53 5 65 10
2 61 61 73 24 21 400 21 400 53 83 83 3 400 5
402 401 401 401 402 402 400 402 400 401 401 401 402 400 402
0 1 1 1 1 1 1 1 1 2
0 1 1 0 1 0 0 0 0 0
1 1 1 1 1 1 1 1 0 0
1 1 1 1 1 1 0 0 0 0
1 1 1 1 1 1 0 0 0 0
1 1 1 1 1 1 0 0 0 0
1 1 1 1 1 0 0 0 0 0
1 0 1 1 0 0 0 0 0 0
1 0 1 1 1 1 1 1 1 0
0 0 0 0 0 0 0 0 0 0
Maze 79
113 99 3.8867924528 2.0980793557 112 0.393772707504849
76 86 13 79 4 86 77 91 60 23 92 86 29 16 18 76
400 83 73 74 84 76 71 51 53 22 82 26 26 400 16
400 401 401 401 401 402 402 402 401 402 402 402 401 400 402
0 0 0 1 0 0 0 0 0 0
0 0 1 1 0 1 1 1 0 0
0 1 1 1 0 1 1 1 1 0
0 1 1 1 0 1 0 0 0 0
0 1 1 1 0 1 0 0 0 0
1 1 1 1 1 1 1 1 1 1
1 1 1 1 0 1 0 0 0 0
1 1 1 1 1 2 1 1 1 0
1 1 1 1 1 1 0 0 0 0
1 1 0 0 0 0 0 0 0 0
Maze 80
111 993 3.2727272727 2.2932307330 112 0.381608135891973
3 85 91 40 56 49 80 44 8 75 71 74 60 72 95 3
83 81 31 36 46 79 74 4 5 400 400 54 52 92 93
401 402 402 402 402 401 401 402 402 400 400 402 402 401 401
0 0 2 1 1 1 1 1 0 0
0 0 1 1 1 0 0 0 0 0
0 0 1 1 1 0 0 0 0 0
1 1 1 1 1 1 1 1 1 1
1 0 1 1 1 1 1 1 1 0
1 1 1 1 1 1 1 1 1 1
1 1 1 1 1 0 0 0 1 0
1 1 1 1 1 1 1 1 1 1
1 1 1 1 1 0 0 0 0 0
1 1 1 1 1 0 0 0 0 0
Maze 81
107 57 3.5555555556 1.7503388895 99 0.379863294510667
92 52 89 47 87 42 90 83 6 52 35 7 55 64 48 92
400 82 87 400 82 82 400 3 2 32 5 5 54 44 42
400 401 401 400 401 401 400 402 402 402 402 402 402 402 402
0 1 1 1 1 1 1 0 0 0
0 1 1 0 1 0 0 0 0 0
0 1 1 0 1 0 0 0 0 0
0 1 1 1 1 0 0 0 0 0
0 1 1 1 1 1 1 1 0 0
0 1 1 1 1 0 1 0 0 0
0 1 1 1 0 0 1 0 0 0
0 1 1 0 0 0 1 0 0 0
0 1 1 1 1 1 1 1 1 1
0 2 0 0 0 0 0 0 0 0
Maze 82
105 96 3.7500000000 1.6923949841 105 0.380207172529917
7 69 27 45 74 17 61 45 16 71 40 71 38 26 16 7
67 67 25 44 14 11 41 15 11 31 31 31 36 400 6
401 401 402 402 402 402 402 402 402 402 402 402 401 400 402
0 0 0 0 0 1 2 0 0 0
1 1 1 1 1 1 1 0 0 0
1 0 0 1 1 1 1 0 0 0
1 1 1 1 1 1 1 1 1 1
1 1 1 1 1 0 1 0 0 0
1 0 0 1 0 0 1 0 0 0
1 0 0 1 0 0 1 1 1 0
1 0 0 1 0 0 0 0 0 0
0 0 0 0 0 0 0 0 0 0
0 0 0 0 0 0 0 0 0 0
Maze 83
73 762 3.1219512195 2.0363789200 16 0.393721703427188
17 49 3 38 18 25 36 65 33 3 28 49 79 37 12 17
47 43 33 400 15 35 35 63 400 23 48 400 77 32 400
401 401 401 400 402 401 402 401 400 401 401 400 401 401 400
0 0 1 0 0 0 0 0 0 0
0 1 1 1 1 1 2 1 0 0
0 1 1 1 1 1 1 1 0 0
0 1 1 1 1 1 1 1 0 0
0 0 1 1 1 1 1 1 1 0
0 0 1 0 1 0 1 0 1 0
0 0 1 1 1 0 1 0 1 0
0 0 0 0 0 0 1 1 1 0
0 0 0 0 0 0 0 0 0 0
0 0 0 0 0 0 0 0 0 0
Maze 84
105 155 3.5510204082 2.0129119245 81 0.394405243103164
99 46 18 23 77 68 81 68 92 16 86 45 14 76 36 99
96 16 13 73 67 61 61 62 12 400 85 44 74 400 96
401 402 402 401 402 402 402 402 402 400 401 401 401 400 401
0 0 0 0 0 0 0 0 0 0
0 1 1 1 1 1 1 1 0 0
0 1 1 1 0 1 0 0 0 0
0 1 1 1 0 1 0 0 0 0
0 1 1 1 1 1 0 0 0 0
0 1 1 1 1 1 0 0 0 0
1 1 1 1 1 1 1 1 0 0
1 1 1 1 1 1 1 0 0 0
1 1 0 0 1 1 0 0 0 0
0 1 0 0 0 1 1 1 2 0
Maze 85
95 220 2.8813559322 2.2190339383 62 0.381827283836769
59 87 91 82 27 20 80 18 67 29 100 60 82 23 65 59
57 81 81 22 17 400 78 17 27 99 400 52 22 63 55
402 402 402 402 402 400 401 402 402 401 400 402 402 401 402
0 0 0 0 0 0 0 0 0 0
0 0 0 0 0 0 1 1 1 1
0 1 1 1 1 1 1 1 1 1
0 1 1 0 0 0 1 1 1 1
0 1 1 0 0 0 1 1 1 1
0 1 1 1 1 1 1 1 2 1
0 1 1 1 1 0 1 1 1 1
0 1 0 0 0 0 1 1 1 1
1 1 1 1 1 1 1 0 1 1
1 0 0 0 0 0 0 0 1 1
Maze 86
83 44 2.7333333333 2.3892116805 25 0.379458823472741
15 20 37 6 32 82 74 36 57 38 40 71 99 73 3 15
400 17 36 2 400 72 34 56 37 400 31 91 93 400 13
400 402 401 402 400 402 402 401 402 400 402 401 401 400 401
0 1 1 1 1 1 0 0 0 0
0 1 1 1 2 1 1 1 1 1
0 1 1 0 0 1 1 0 0 0
1 1 1 1 1 1 1 1 1 1
1 1 1 1 0 1 1 0 0 0
1 1 1 1 0 1 1 0 0 0
1 1 1 1 0 0 0 0 0 0
1 1 1 1 0 0 0 0 0 0
1 1 1 0 0 0 0 0 0 0
1 1 1 1 1 1 1 1 1 0
Maze 87
101 103 3.5600000000 2.1215205058 56 0.411004684268859
37 41 15 71 25 93 96 35 66 94 88 75 20 65 32 37
31 11 11 21 23 400 95 65 64 84 85 15 15 62 400
402 402 402 402 402 400 401 401 402 402 401 402 402 401 400
0 0 0 0 0 0 0 0 0 0
1 1 1 1 1 1 1 1 1 1
1 1 1 1 1 0 0 0 0 0
1 1 1 1 1 1 2 0 0 0
1 1 1 0 1 0 0 0 0 0
1 1 1 0 1 0 0 0 0 0
1 1 1 1 1 1 0 0 0 0
1 0 1 1 1 0 0 0 0 0
0 0 1 1 1 1 1 1 0 0
0 0 1 1 1 1 0 0 0 0
Maze 88
103 117 3.1333333333 2.2346682662 70 0.395257023724456
2 5 91 18 57 51 38 79 26 41 46 95 56 87 16 2
400 1 11 17 400 31 78 76 21 400 45 55 86 86 12
400 402 402 402 400 402 401 401 402 400 402 402 401 401 401
1 2 1 1 1 0 0 0 0 0
1 1 1 1 1 1 1 1 0 0
1 1 1 1 1 1 1 0 0 0
1 1 1 1 1 1 1 1 0 0
1 1 1 1 1 1 1 1 0 0
1 1 1 1 1 1 1 1 0 0
1 0 0 0 1 1 0 1 0 0
1 0 0 0 1 1 1 1 1 0
1 0 0 0 1 1 1 0 0 0
1 0 0 0 1 0 0 0 0 0
Maze 89
117 271 3.1935483871 2.0331821236 132 0.402573712004922
20 68 17 94 8 63 14 38 99 45 10 8 70 29 87 20
18 67 14 4 3 13 34 98 95 5 400 68 69 27 17
402 401 402 402 402 402 401 401 401 402 400 401 401 402 402
0 0 1 1 1 1 1 1 1 1
0 0 1 1 1 1 1 1 1 2
0 0 1 1 1 0 1 1 1 0
0 0 1 1 1 1 1 1 1 0
0 0 1 1 1 0 1 1 1 0
0 0 1 1 1 0 1 1 1 0
0 0 1 1 1 0 1 1 1 1
0 0 0 1 1 0 1 1 0 0
0 0 0 1 1 0 1 1 0 0
0 0 0 1 1 1 1 1 1 0
Maze 90
105 119 3.2280701754 2.1640916832 85 0.398297774265057
6 9 98 3 17 39 37 7 37 100 17 16 95 30 97 6
400 8 93 13 37 400 400 400 97 97 400 15 25 27 96
400 402 401 401 401 400 400 400 401 401 400 402 402 402 401
0 0 1 0 0 2 1 1 1 0
0 0 1 1 1 1 1 1 0 0
0 0 1 0 1 1 1 1 1 1
0 0 1 0 1 1 1 1 1 0
0 0 1 0 1 1 1 1 0 0
0 0 1 0 1 1 1 1 0 0
0 0 1 0 1 1 1 1 0 0
0 0 1 0 1 1 1 1 0 0
0 0 1 0 1 1 1 1 0 0
0 0 1 1 1 1 1 1 1 1
Maze 91
89 1484 2.7812500000 2.3750000000 56 0.379927229766291
71 76 26 13 40 9 58 96 33 62 11 20 47 44 4 71
400 400 23 33 39 8 56 93 32 61 400 17 400 400 1
400 400 401 401 401 402 402 401 402 401 400 402 400 400 402
1 1 1 1 0 0 0 1 1 0
1 1 1 1 1 1 1 1 1 1
1 0 1 1 1 1 1 1 1 0
1 1 1 1 1 1 1 1 1 1
1 1 1 1 1 1 1 1 0 0
1 1 1 0 0 1 1 1 0 0
1 1 1 0 0 1 0 0 0 0
2 1 1 1 1 1 0 0 0 0
0 0 1 0 0 1 0 0 0 0
0 0 1 1 1 1 0 0 0 0
Maze 92
87 444 3.5217391304 2.1567518755 50 0.384301760801389
34 58 36 76 86 43 66 60 65 12 50 50 26 75 100 34
54 56 400 400 83 63 56 55 62 42 400 46 25 95 94
401 401 400 400 401 401 402 402 401 401 400 401 402 401 401
0 0 0 0 0 0 0 0 0 0
0 1 0 0 0 0 0 0 0 0
0 1 0 0 1 1 0 0 0 0
0 1 0 2 1 1 0 0 0 0
0 1 1 1 1 1 1 1 1 1
0 1 1 1 1 1 1 1 1 1
0 1 1 1 1 1 0 0 0 0
0 0 1 1 1 1 0 0 0 0
0 0 1 1 1 1 0 0 0 0
0 0 0 1 1 1 1 1 1 1
Maze 93
111 2436 3.5555555556 2.0078831554 97 0.387570688273286
19 60 26 65 26 98 40 21 78 14 59 86 65 49 86 19
59 56 25 25 96 38 31 71 74 54 56 85 45 46 16
401 401 402 402 401 402 401 401 401 401 402 401 402 402 402
0 0 0 0 0 0 0 0 0 0
0 0 0 1 0 1 1 1 2 0
1 0 0 1 1 1 0 0 1 0
1 1 1 1 1 1 1 1 1 1
1 0 0 1 1 1 1 1 1 0
1 0 0 1 1 1 1 1 1 1
1 0 0 1 1 1 0 1 0 0
1 1 1 1 1 1 1 1 0 0
0 0 0 0 1 1 0 1 0 0
0 0 0 0 0 1 1 1 0 0
Maze 94
107 197 2.9666666667 2.1646335561 98 0.381131722128213
1 100 77 49 79 27 97 84 46 99 35 1 56 76 28 1
91 97 47 400 77 400 94 44 96 95 31 51 400 26 21
401 401 402 400 401 400 401 402 401 401 401 401 400 402 401
2 0 0 0 0 0 0 0 0 0
1 0 0 0 0 0 0 0 0 0
1 1 1 1 1 1 1 1 0 0
1 1 1 1 1 1 1 0 0 0
1 0 0 1 1 1 1 1 1 0
1 1 1 1 1 1 1 0 1 0
1 0 0 1 1 1 1 0 1 0
1 0 0 1 1 1 1 1 1 0
1 0 0 1 1 1 1 0 0 0
1 1 1 1 1 1 1 1 1 1
Maze 95
105 89 3.1724137931 2.2036207679 79 0.391756023723134
7 11 42 38 8 64 23 69 84 59 31 11 66 98 43 7
1 41 32 400 4 63 63 64 54 51 400 61 96 93 3
402 401 402 400 402 401 401 402 402 401 400 401 401 401 402
1 1 1 1 1 1 2 1 0 0
1 0 1 1 0 0 0 1 0 0
1 0 1 1 0 0 0 1 0 0
1 1 1 1 1 1 1 1 0 0
1 1 1 1 0 0 0 0 0 0
1 1 1 1 1 1 1 1 1 0
1 1 1 1 1 1 1 1 1 0
0 0 1 1 0 1 0 0 0 0
0 0 1 1 0 1 0 0 0 0
0 0 1 1 1 1 1 1 0 0
Maze 96
87 13 2.6250000000 1.9744911536 50 0.383678457812310
27 78 27 57 7 23 88 100 17 55 85 66 87 30 79 27
77 77 400 400 3 83 98 97 15 400 65 86 27 29 77
401 401 400 400 402 401 401 401 402 400 402 401 402 402 401
0 0 1 1 1 1 1 0 0 0
0 0 1 0 1 1 1 0 0 0
0 0 1 0 1 0 2 1 1 1
0 0 1 0 1 0 1 0 1 0
0 0 1 0 1 0 1 0 1 0
0 0 1 0 1 0 1 0 1 0
0 0 1 0 1 1 1 0 1 0
0 0 1 0 1 1 1 1 1 0
0 0 1 1 1 1 1 1 0 0
0 0 0 0 0 0 1 1 1 1
Maze 97
111 338 3.3559322034 2.1621833341 86 0.384068209890171
25 64 61 100 4 71 80 81 82 38 54 28 84 83 57 25
24 400 91 94 1 400 71 400 32 34 24 24 400 53 55
402 400 401 401 402 400 402 400 402 402 402 402 400 402 401
1 1 1 1 0 0 0 0 0 0
1 0 0 1 0 0 0 0 0 0
1 0 0 1 2 1 1 1 0 0
1 1 1 1 1 1 1 1 0 0
1 1 0 1 1 0 0 0 0 0
1 1 1 1 1 1 1 0 0 0
1 1 1 1 0 0 0 0 0 0
1 1 1 1 1 1 1 1 1 1
1 1 1 1 0 0 0 0 0 0
1 1 1 1 1 1 1 1 1 1
Maze 98
97 238 2.9836065574 2.3195290864 77 0.374356533646117
92 29 40 31 80 88 50 47 58 5 8 27 10 23 58 92
22 39 400 71 78 48 400 57 55 400 7 7 3 53 52
402 401 400 401 402 402 400 401 401 400 402 402 402 401 402
0 0 1 1 1 1 1 1 1 1
0 0 1 0 1 0 1 0 0 0
0 1 1 1 1 1 1 1 1 0
1 1 1 1 1 1 1 1 1 1
1 1 1 0 1 0 1 1 1 1
1 1 1 1 1 1 1 1 0 0
1 1 0 0 0 0 0 1 0 0
1 1 1 1 1 1 1 1 1 1
0 1 0 0 0 0 0 1 0 0
0 2 0 0 0 0 0 0 0 0
Maze 99
115 120 3.2413793103 2.0281993247 79 0.375767148503486
90 29 29 83 62 98 80 71 28 91 34 70 93 43 100 90
89 400 23 82 92 78 400 21 21 31 64 63 400 93 400
401 400 402 401 401 402 400 402 402 402 401 402 400 401 400
0 0 0 0 0 0 0 0 0 0
0 0 0 0 0 0 0 0 0 0
1 1 1 1 1 1 1 1 1 0
1 1 1 1 0 0 0 0 1 0
1 0 1 1 0 0 0 0 1 0
1 0 1 1 0 0 0 0 1 0
1 1 1 1 1 1 1 1 1 1
1 1 1 1 1 1 1 1 1 1
1 1 1 0 0 0 0 1 1 2
1 1 1 1 1 1 1 1 1 1
Maze 100
83 605 3.1538461538 2.3323997208 26 0.377863466511761
14 40 50 5 73 81 55 41 46 3 7 36 62 95 54 14
34 400 45 3 71 51 51 400 43 400 6 32 92 94 400
401 400 401 402 402 402 401 400 401 400 402 402 401 401 400
0 0 1 1 1 1 1 0 0 0
0 0 1 2 1 1 0 0 0 0
0 0 1 1 1 1 0 0 0 0
0 1 1 1 1 1 1 1 1 1
1 1 1 1 1 1 1 1 1 1
1 1 1 1 1 0 0 0 0 0
1 1 1 1 0 0 0 0 0 0
1 1 1 1 0 0 0 0 0 0
1 1 0 1 0 0 0 0 0 0
0 1 1 1 1 0 0 0 0 0
Maze 101
121 203 3.0606060606 2.2120658871 89 0.376361114843274
97 10 38 79 31 9 91 33 87 70 31 53 76 82 100 97
7 8 78 71 1 1 31 83 67 61 51 73 72 92 400
402 402 401 401 402 402 402 401 402 401 401 401 402 401 400
1 1 1 1 1 1 1 1 1 1
1 0 0 0 0 0 1 1 0 0
1 0 0 0 0 0 1 1 0 0
1 1 1 0 0 0 1 1 0 0
1 0 1 0 0 0 1 1 0 0
1 1 1 0 0 0 1 1 0 0
1 1 1 1 1 1 1 1 1 1
1 1 1 1 1 1 1 1 1 0
1 1 1 1 1 1 1 0 0 0
1 1 1 1 1 1 2 1 1 1
Maze 102
83 45 3.4594594595 1.8576041796 19 0.384470528109432
52 61 66 56 83 85 76 61 86 61 12 96 22 95 72 52
51 400 400 53 400 75 71 81 81 11 92 92 92 92 400
402 400 400 402 400 402 401 401 401 402 401 401 401 401 400
0 0 0 0 0 0 0 0 0 0
1 1 0 0 0 0 0 0 0 0
1 1 0 0 0 0 0 0 0 0
1 1 0 0 0 0 0 0 0 0
1 1 0 0 0 0 0 0 0 0
1 2 1 1 1 1 0 0 0 0
1 1 1 1 1 1 0 0 0 0
1 1 1 1 1 1 0 0 0 0
1 1 1 1 1 1 0 0 0 0
0 1 1 1 1 1 0 0 0 0
Maze 103
127 1721 3.2000000000 2.1019604896 173 0.407487517530175
30 72 10 96 12 68 34 95 78 89 82 50 52 41 17 30
22 2 6 92 62 64 94 75 88 400 42 42 51 11 27
402 402 402 401 401 401 401 402 401 400 402 402 401 402 401
0 1 1 1 1 1 1 1 1 1
1 1 1 1 1 1 1 0 0 0
1 1 1 1 1 1 1 1 1 2
1 1 0 1 0 1 0 0 0 0
1 1 1 1 1 1 1 1 1 1
1 1 0 1 0 1 0 0 0 0
0 1 1 1 1 1 1 1 0 0
0 1 0 1 1 1 1 1 0 0
0 1 1 1 1 1 1 1 1 0
0 1 1 1 1 1 0 0 0 0
Maze 104
103 21 3.2280701754 2.1550793855 77 0.370600356452613
56 65 59 10 69 38 73 1 24 9 83 79 63 96 23 56
55 55 9 9 68 33 71 21 4 3 73 73 93 93 53
402 402 402 402 401 402 401 401 402 402 402 401 401 401 401
1 0 1 1 1 1 1 1 1 1
1 0 1 1 0 0 0 0 1 0
1 1 1 1 0 0 0 0 1 0
1 0 1 1 1 1 1 1 1 0
1 0 1 0 0 0 0 1 1 0
1 0 1 1 1 2 1 1 1 0
1 0 1 0 1 0 0 1 1 0
1 1 1 1 1 1 1 1 1 0
0 0 1 0 0 0 0 0 0 0
0 0 1 1 1 1 0 0 0 0
Maze 105
79 13 3.2173913043 2.1450939769 35 0.394521538283896
37 46 7 54 92 59 25 26 60 49 68 24 1 23 8 37
36 6 4 52 52 55 400 56 59 48 64 21 21 3 7
402 402 402 402 402 401 400 401 401 402 401 401 401 402 402
1 0 1 1 1 1 1 1 0 0
1 0 1 1 0 1 1 0 0 0
1 1 1 1 1 1 1 0 0 0
0 0 0 1 1 1 2 0 0 0
0 0 0 1 1 1 0 1 1 0
0 1 1 1 1 1 1 1 1 1
0 1 0 1 1 1 1 1 0 0
0 1 0 0 0 0 0 0 0 0
0 1 0 0 0 0 0 0 0 0
0 1 0 0 0 0 0 0 0 0
Maze 106
95 101 3.7142857143 2.1903968493 59 0.387390807736310
11 25 61 100 2 22 54 75 3 36 51 62 41 7 13 11
21 21 91 92 400 52 74 73 33 31 61 61 1 3 400
401 402 401 401 400 401 401 401 401 402 401 401 402 402 400
1 1 1 1 1 1 1 0 0 0
2 1 1 0 0 0 0 0 0 0
1 1 1 1 1 0 0 0 0 0
1 1 1 1 1 1 0 0 0 0
1 1 1 0 0 0 0 0 0 0
1 1 1 1 0 0 0 0 0 0
1 1 1 1 0 0 0 0 0 0
1 1 1 1 1 0 0 0 0 0
1 1 0 0 0 0 0 0 0 0
1 1 1 1 1 1 1 1 1 1
Maze 107
81 41 3.2380952381 2.0084553152 26 0.361901775908259
87 16 99 56 79 49 92 64 95 65 61 66 42 73 73 87
86 96 96 76 400 42 62 94 400 400 400 62 72 400 83
401 401 401 401 400 402 402 401 400 400 400 401 401 400 401
0 0 0 0 0 0 0 0 0 0
0 0 0 0 0 1 0 0 0 0
0 0 0 0 0 1 0 0 0 0
0 0 0 0 0 1 0 0 0 0
0 1 1 1 1 1 1 1 1 0
0 1 0 0 0 1 0 0 1 0
1 1 1 1 1 1 0 0 1 0
0 1 1 1 1 1 1 1 1 0
0 1 1 1 1 1 2 0 0 0
0 1 0 1 1 1 1 1 1 0
Maze 108
97 58 3.0000000000 2.1112953808 64 0.388855667831618
32 10 27 18 61 43 6 56 48 82 70 59 46 22 76 32
2 7 17 11 41 3 400 46 42 62 69 56 42 72 72
402 402 402 402 402 402 400 402 402 402 401 401 401 401 401
0 1 1 1 1 1 1 1 1 1
1 1 1 1 1 1 1 1 0 0
1 1 1 0 0 1 1 0 0 0
1 2 1 0 0 1 0 0 0 0
1 1 1 1 1 1 1 1 0 0
1 1 0 0 0 1 1 1 1 0
1 1 1 1 1 1 1 1 1 1
0 1 1 1 1 1 0 0 0 0
0 1 0 0 0 0 0 0 0 0
0 0 0 0 0 0 0 0 0 0
Maze 109
87 7 3.3725490196 2.2739711755 41 0.358429803999171
65 3 16 18 23 66 39 97 90 27 8 3 92 51 92 65
63 13 400 13 63 36 37 87 87 7 400 2 91 91 62
401 401 400 402 401 402 402 402 401 402 400 402 401 401 402
0 1 1 1 1 1 1 1 0 0
0 1 1 1 1 1 1 1 0 0
0 1 1 0 0 0 1 0 0 0
0 1 1 0 0 1 1 1 1 0
0 1 1 0 0 1 1 0 0 0
1 1 1 0 0 1 1 0 0 0
1 1 1 1 2 1 1 0 0 0
1 1 0 0 0 0 1 0 0 0
1 1 0 0 0 0 1 1 1 1
1 1 0 0 0 0 1 0 0 0
Maze 110
87 99 3.3617021277 2.0720409095 41 0.385512120101942
44 33 17 40 78 29 47 2 57 74 30 79 50 60 32 44
43 13 37 38 28 27 42 52 54 24 29 49 400 52 42
401 402 401 402 402 402 401 401 402 402 402 402 400 401 401
0 1 0 0 0 0 0 0 0 0
0 1 1 1 1 1 1 0 0 0
0 1 1 1 1 1 1 1 1 1
0 1 1 1 0 0 1 1 1 1
0 1 1 2 1 1 1 1 1 1
0 1 1 1 1 1 1 1 1 1
0 0 0 1 0 0 0 1 1 0
0 0 0 1 0 0 0 1 1 0
0 0 0 0 0 0 0 0 0 0
0 0 0 0 0 0 0 0 0 0
Maze 111
113 301 2.8709677419 1.9937019114 74 0.381373713212758
72 54 10 14 5 58 68 52 90 8 20 92 97 4 8 72
52 4 4 4 55 400 62 82 88 18 12 400 94 400 2
402 402 402 402 401 400 401 401 401 401 402 400 401 400 402
0 1 1 1 1 1 1 1 1 1
0 1 1 1 1 1 1 1 1 1
0 1 0 1 1 0 0 1 0 0
0 1 0 1 1 0 0 1 0 0
0 1 0 1 1 0 0 1 0 0
0 1 1 1 1 1 1 1 0 0
0 1 1 1 1 1 1 1 0 0
0 2 0 1 0 0 0 1 0 0
0 1 1 1 1 1 1 1 1 1
0 1 1 1 1 1 1 0 0 0
Maze 112
103 287 3.3061224490 1.8854601203 77 0.400096381687770
29 82 12 52 83 8 57 42 95 55 77 34 77 66 82 29
22 400 400 82 3 7 52 92 400 75 74 74 76 62 22
402 400 400 401 402 402 401 401 400 401 401 401 401 402 402
0 0 1 1 1 1 1 1 0 0
0 1 1 0 0 0 1 0 0 0
0 1 1 1 1 1 1 1 2 0
0 1 1 1 0 0 1 0 0 0
0 1 1 1 0 0 1 0 0 0
0 1 1 1 1 1 1 0 0 0
0 1 1 1 1 1 0 0 0 0
0 1 1 1 1 1 1 0 0 0
0 1 1 0 1 0 0 0 0 0
0 1 1 1 1 0 0 0 0 0
Maze 113
111 512 3.3962264151 1.9921757752 97 0.393295080701720
61 61 57 50 81 40 62 57 89 35 67 82 15 57 89 61
400 51 47 41 31 32 52 87 85 65 62 12 55 87 81
400 402 402 402 402 402 402 401 401 401 402 402 401 401 401
0 0 0 0 0 0 0 0 0 0
0 1 1 1 1 0 0 0 0 0
0 1 0 0 1 0 0 0 0 0
1 1 1 1 1 1 1 1 1 1
1 1 1 1 1 1 1 1 1 1
1 1 1 1 1 1 1 0 0 0
2 1 1 1 1 1 1 0 0 0
1 1 0 0 1 0 1 0 0 0
1 1 1 1 1 1 1 1 1 0
0 0 0 0 0 0 0 0 0 0
Maze 114
101 1567 3.1186440678 2.2465058196 77 0.383324219896080
28 1 76 37 66 23 7 22 87 34 43 40 24 12 57 28
21 71 36 36 63 3 2 82 84 33 33 34 22 52 27
401 401 402 402 401 402 402 401 401 402 402 401 401 401 402
1 1 1 1 1 1 1 0 0 0
1 1 1 0 0 0 0 0 0 0
1 1 1 1 1 1 1 2 0 0
1 1 1 1 1 1 1 1 1 1
1 1 1 1 0 1 1 0 0 0
1 1 1 1 1 1 1 0 0 0
1 1 1 1 1 1 0 0 0 0
1 1 1 1 1 1 0 0 0 0
0 1 1 1 1 1 1 0 0 0
0 0 0 0 0 0 0 0 0 0
Maze 115
93 54 3.3469387755 2.1838364972 32 0.402200511587705
65 53 17 81 14 77 70 77 65 64 98 96 79 51 88 65
63 13 11 11 74 67 67 75 400 94 400 76 71 81 85
401 402 402 402 401 402 402 401 400 401 400 402 401 401 401
0 0 0 0 0 0 0 0 0 0
1 1 1 1 1 1 1 0 0 0
1 0 1 1 0 0 0 0 0 0
1 0 1 1 0 0 0 0 0 0
1 0 1 1 0 0 0 0 0 0
1 0 1 1 0 0 0 0 0 0
1 0 1 1 2 0 1 1 1 1
1 1 1 1 1 1 1 1 1 0
1 1 1 1 1 1 1 1 0 0
0 0 0 1 1 1 1 1 0 0
Maze 116
87 96 3.1320754717 2.2792228353 39 0.366814626223552
39 40 40 58 98 37 90 70 32 58 11 94 33 54 23 39
400 400 38 400 97 87 400 62 52 51 91 93 53 53 33
400 400 402 400 401 401 400 401 401 401 401 401 401 401 401
0 0 0 0 0 0 0 0 0 0
1 0 0 0 0 0 0 0 0 0
1 0 1 0 0 0 0 0 0 0
1 1 1 1 1 1 1 1 2 1
1 1 1 0 0 0 1 1 0 0
1 1 1 1 1 1 1 1 0 0
1 1 1 1 1 1 1 1 1 1
1 0 1 0 0 0 1 1 0 1
1 0 1 0 0 0 1 1 1 1
1 1 1 1 0 0 1 1 0 0
Maze 117
75 186 3.7500000000 1.8208033805 26 0.382305893112967
40 32 22 45 60 40 39 62 60 63 33 34 50 66 45 40
400 400 42 55 400 400 32 52 53 400 400 44 46 65 35
400 400 401 401 400 400 402 402 402 400 400 401 402 401 402
0 0 0 0 0 0 0 0 0 0
0 0 0 0 0 0 0 0 0 0
0 1 0 0 0 0 0 0 0 0
0 1 1 1 1 1 1 1 1 2
0 1 1 1 1 1 1 1 1 1
0 1 1 1 1 1 1 1 1 1
0 1 1 0 1 1 0 0 0 0
0 0 0 0 0 0 0 0 0 0
0 0 0 0 0 0 0 0 0 0
0 0 0 0 0 0 0 0 0 0
Maze 118
107 87 3.3220338983 2.2158655666 105 0.379893392474288
59 32 91 15 38 95 19 49 80 96 5 24 3 5 92 59
52 31 11 35 35 15 400 79 76 95 4 23 400 2 52
401 402 402 401 402 402 400 401 402 401 402 401 400 402 402
0 1 1 1 1 0 0 0 0 0
1 1 1 1 1 1 1 1 1 0
1 1 1 1 1 0 0 0 1 0
1 1 0 0 1 1 1 1 1 0
1 1 0 0 1 0 0 0 1 0
1 1 1 1 1 1 1 1 2 0
1 1 0 0 1 0 0 0 1 0
1 1 0 0 1 1 1 1 1 1
1 1 0 0 1 1 0 0 0 0
1 1 0 0 1 1 0 0 0 0
Maze 119
95 367 2.9508196721 2.3195290864 55 0.374171781318387
35 10 79 87 96 25 30 29 59 12 6 82 100 87 20 35
5 9 77 86 95 400 400 400 52 2 2 92 97 17 15
402 402 402 402 401 400 400 400 401 402 402 401 401 402 402
0 1 1 1 1 1 1 1 1 1
0 1 0 0 1 1 1 1 1 1
0 1 0 0 1 1 1 1 1 1
0 1 0 0 2 0 1 0 1 0
0 1 0 0 1 0 1 0 1 0
0 1 1 1 1 1 1 1 1 0
0 1 0 0 1 0 1 0 1 0
0 1 0 0 1 0 1 1 1 0
0 1 0 0 1 1 1 0 0 0
0 1 1 1 1 1 1 1 1 1
Maze 120
83 119 2.9583333333 2.1818293277 35 0.362397094279013
51 31 91 86 79 38 15 82 91 77 94 46 13 76 44 51
400 400 81 76 78 35 12 81 71 74 44 43 73 74 41
400 400 402 402 401 401 402 402 402 402 402 401 401 401 402
0 0 0 0 0 0 0 0 0 0
0 1 1 1 1 0 0 0 0 0
0 1 1 0 1 0 0 0 0 0
1 1 1 0 1 1 1 1 0 0
1 1 1 1 1 1 0 1 0 0
2 1 1 1 0 0 0 1 0 0
1 1 1 1 0 0 0 1 0 0
1 1 1 1 1 1 1 1 1 0
1 1 1 1 1 1 0 0 0 0
1 0 0 1 0 0 0 0 0 0
Maze 121
83 37 3.0188679245 2.2732310462 25 0.393184088605205
23 1 30 24 15 61 79 46 16 15 34 7 40 65 57 23
21 21 400 14 11 71 76 400 400 14 4 37 35 55 53
401 401 400 402 402 401 401 400 400 402 402 401 402 402 401
1 0 0 1 1 1 1 0 0 0
1 1 1 1 1 1 1 0 0 0
1 1 2 1 1 1 1 1 1 1
1 0 1 1 1 1 1 1 1 1
1 0 1 0 1 1 0 0 0 0
1 0 1 1 1 1 1 0 0 0
1 0 0 0 1 1 0 0 0 0
1 1 1 1 1 1 1 1 1 0
0 0 0 0 0 0 0 0 0 0
0 0 0 0 0 0 0 0 0 0
Maze 122
65 23 3.0588235294 1.9371707705 16 0.400131638393547
33 1 24 57 48 34 48 74 38 76 66 31 25 24 34 33
31 21 54 47 44 44 44 34 36 400 61 21 400 400 400
401 401 401 402 401 401 402 402 402 400 401 402 400 400 400
1 0 0 0 0 0 0 0 0 0
1 0 0 0 0 0 0 0 0 0
1 1 1 1 1 0 0 0 0 0
1 1 2 1 1 1 1 1 0 0
1 0 0 1 1 1 1 1 0 0
1 0 0 1 1 1 1 0 0 0
1 1 1 1 1 1 0 0 0 0
0 0 0 1 0 1 0 0 0 0
0 0 0 0 0 0 0 0 0 0
0 0 0 0 0 0 0 0 0 0
Maze 123
123 457 3.0000000000 2.0849600294 140 0.390903076321939
37 22 63 20 75 10 20 53 14 98 53 7 87 51 5 37
32 62 13 15 5 400 13 13 94 93 3 400 81 1 35
401 401 402 402 402 400 402 402 401 401 402 400 401 402 401
1 1 1 1 1 1 1 1 1 1
1 0 1 1 1 1 1 1 1 1
1 1 1 1 1 0 1 0 0 0
1 1 1 1 1 1 2 0 0 0
1 1 1 1 1 0 1 0 0 0
1 1 1 1 1 0 1 0 0 0
1 1 1 1 1 0 1 0 0 0
1 0 1 1 1 0 1 0 0 0
1 1 1 1 1 1 1 0 0 0
0 0 1 1 1 1 1 1 0 0
Maze 124
95 57 3.0847457627 2.3191989030 44 0.383916266582920
62 41 42 21 59 37 17 26 81 99 2 65 69 10 58 62
61 400 41 51 57 400 16 21 91 92 62 400 9 8 52
401 400 401 401 401 400 402 402 401 401 401 400 402 402 402
0 1 0 0 0 0 0 1 1 1
0 1 0 0 0 1 1 1 1 0
1 1 1 1 1 1 1 1 1 0
1 1 0 0 0 0 1 1 1 0
1 1 0 0 0 0 1 1 1 0
1 1 1 1 1 1 1 1 1 0
1 2 1 1 1 1 1 1 1 0
1 1 0 0 0 0 0 0 0 0
1 1 0 0 0 0 0 0 0 0
1 1 1 1 1 1 1 1 1 0
Maze 125
101 268 3.2758620690 2.1943516508 71 0.388186791924607
22 45 83 7 60 11 4 18 60 90 18 73 80 77 52 22
42 43 3 57 51 1 14 58 400 88 13 400 400 72 400
401 402 402 401 401 402 401 401 400 401 402 400 400 401 400
1 1 1 1 1 1 1 0 0 0
1 0 1 1 1 1 1 1 0 0
1 2 1 0 0 0 1 1 0 0
1 1 1 0 0 0 1 1 0 0
1 1 1 1 1 0 1 1 0 0
1 1 1 1 1 1 1 1 1 1
0 1 1 0 0 0 0 1 0 1
0 1 1 1 1 1 1 1 1 1
0 0 1 0 0 0 0 1 1 1
0 0 0 0 0 0 0 0 0 0
Maze 126
85 62 3.0000000000 2.0825200630 36 0.374029439966543
73 45 3 2 15 28 37 85 16 28 51 72 100 35 92 73
43 43 400 12 25 27 35 15 26 21 71 92 95 32 72
402 401 400 401 401 402 402 402 401 402 401 401 401 402 402
0 1 1 0 0 0 0 0 0 0
0 1 1 1 1 1 0 0 0 0
1 1 1 1 1 1 1 1 0 0
1 1 1 1 1 1 1 0 0 0
1 1 1 1 1 0 0 0 0 0
1 1 1 0 1 0 0 0 0 0
1 1 1 0 1 0 0 0 0 0
1 1 2 0 1 0 0 0 0 0
0 1 0 0 1 0 0 0 0 0
0 1 1 1 1 1 1 1 1 1
Maze 127
91 46 3.2452830189 2.3274120741 56 0.391193532022913
42 21 54 87 42 42 14 27 61 78 81 61 6 55 39 42
41 51 84 82 400 12 24 21 71 71 400 1 5 35 32
401 401 401 401 400 402 401 402 401 402 400 402 402 402 402
1 1 1 1 1 1 0 0 0 0
1 1 1 1 1 0 0 0 0 0
1 1 1 1 1 1 1 0 0 0
1 1 1 1 1 1 1 1 1 0
1 2 0 0 1 0 0 0 0 0
1 1 1 1 1 0 0 0 0 0
1 1 0 1 0 0 0 0 0 0
1 1 1 1 1 1 1 1 0 0
1 1 1 1 1 1 1 0 0 0
0 0 0 0 0 0 0 0 0 0
Maze 128
123 24 3.2307692308 1.7371389856 112 0.379974581519429
63 89 86 17 60 21 27 62 9 10 53 9 53 62 7 63
83 400 16 57 51 400 22 2 400 3 3 3 52 2 3
401 400 402 401 401 400 402 402 400 402 402 402 402 402 402
0 1 1 1 1 1 1 1 1 1
0 1 1 0 0 1 1 0 0 0
1 1 1 1 1 1 1 0 0 0
1 1 1 0 0 1 1 0 0 0
1 1 1 0 0 1 1 0 0 0
1 1 1 1 1 1 1 1 1 1
0 1 2 0 0 1 0 0 0 0
0 0 1 0 0 1 0 0 0 0
0 0 1 1 1 1 1 1 1 0
0 0 0 0 0 0 0 0 0 0
Maze 129
111 102 3.3846153846 2.0182390020 74 0.370589614318709
25 98 100 92 36 5 71 28 41 56 2 71 75 25 77 25
95 400 400 32 35 1 21 21 51 52 1 400 400 75 75
401 400 400 402 401 402 402 402 401 401 402 400 400 401 401
1 1 1 1 1 0 0 0 0 0
1 1 0 0 1 0 0 0 0 0
1 1 1 1 2 1 1 1 0 0
1 1 1 1 1 1 0 0 0 0
1 1 0 0 1 0 0 0 0 0
1 1 1 1 1 1 0 0 0 0
1 1 0 0 1 0 0 0 0 0
1 1 1 1 1 1 1 0 0 0
0 1 0 0 1 0 0 0 0 0
0 1 1 1 1 1 1 1 1 1
Maze 130
85 10 3.5263157895 1.9176782906 33 0.377215606387896
6 85 66 71 66 86 73 62 43 30 55 28 71 27 5 6
5 65 61 61 400 83 72 42 23 25 25 21 21 25 400
402 402 402 402 400 401 401 402 402 402 402 402 402 401 400
0 0 0 0 1 2 0 0 0 0
0 0 0 0 1 0 0 0 0 0
1 1 1 1 1 1 1 1 1 1
1 0 1 0 1 0 0 0 0 0
1 1 1 0 1 0 0 0 0 0
1 1 0 0 1 0 0 0 0 0
1 1 1 1 1 1 0 0 0 0
1 1 1 0 1 1 0 0 0 0
0 0 1 1 1 1 0 0 0 0
0 0 0 0 0 0 0 0 0 0
Maze 131
75 262 3.0638297872 2.2200808201 35 0.387537460752040
5 76 40 21 57 64 32 14 15 28 14 15 11 6 36 5
75 36 31 51 54 62 12 400 25 24 400 400 1 400 35
401 402 401 401 402 401 402 400 401 401 400 400 402 400 401
1 1 1 1 2 1 0 0 0 0
1 1 1 1 1 1 0 0 0 0
1 1 0 1 1 1 1 1 0 0
1 1 1 1 1 1 1 1 1 1
1 1 0 0 1 1 0 0 0 0
1 1 1 1 1 1 1 0 0 0
0 1 1 1 1 1 0 0 0 0
0 0 0 0 1 1 0 0 0 0
0 0 0 0 0 0 0 0 0 0
0 0 0 0 0 0 0 0 0 0
Maze 132
105 903 3.1785714286 2.0675947945 65 0.382590647752632
71 35 72 40 8 75 15 31 42 80 20 42 43 28 14 71
31 32 32 38 5 400 11 41 72 400 12 400 23 24 11
402 402 402 401 402 400 402 401 401 400 402 400 402 401 402
0 0 0 0 1 1 1 1 0 0
1 1 1 1 1 1 1 1 1 1
1 1 1 1 1 1 1 1 0 1
1 1 1 1 1 1 1 1 1 1
1 1 1 0 1 0 0 0 0 1
1 1 0 0 1 0 0 0 0 1
1 1 0 0 1 0 0 0 0 1
2 1 1 1 1 1 1 1 1 1
0 0 0 0 0 0 0 0 0 0
0 0 0 0 0 0 0 0 0 0
Maze 133
91 46 3.1372549020 2.0454221345 50 0.374406626099522
62 96 57 3 66 6 35 60 36 38 41 35 79 87 80 62
92 56 53 63 400 5 55 56 400 31 31 75 77 77 72
401 402 401 401 400 402 401 401 400 402 402 401 402 402 401
0 0 1 0 1 1 0 0 0 0
0 0 1 0 1 1 0 0 0 0
0 0 1 0 1 1 0 0 0 0
1 1 1 1 1 1 1 1 0 0
1 0 1 0 1 1 0 0 0 0
0 0 1 1 1 1 1 1 1 1
0 2 1 1 1 1 0 0 0 0
0 1 1 1 1 1 1 1 1 1
0 1 0 0 0 1 1 0 0 0
0 1 1 1 1 1 0 0 0 0
Maze 134
93 117 3.2500000000 2.0870694350 50 0.399012429364834
74 58 1 47 54 51 41 5 55 47 46 78 91 31 30 74
54 51 41 44 400 400 1 400 45 400 76 71 400 21 24
402 401 401 402 400 400 402 400 402 400 401 402 400 402 402
1 1 1 1 1 0 0 0 0 0
1 0 0 0 1 0 0 0 0 0
1 1 1 1 1 1 1 1 1 1
1 0 0 1 1 0 0 0 0 0
1 1 1 1 1 1 1 0 0 0
1 1 1 1 1 1 1 1 0 0
1 0 0 1 0 1 0 0 0 0
1 1 1 2 1 1 1 1 0 0
1 0 0 0 0 0 0 0 0 0
1 0 0 0 0 0 0 0 0 0
Maze 135
105 226 2.9122807018 1.8737942134 105 0.370980088270318
9 63 36 28 35 47 8 43 84 8 71 66 32 84 68 9
3 33 26 25 45 7 3 83 4 1 61 62 82 64 8
402 402 402 402 401 402 402 401 402 402 402 401 401 402 402
1 1 1 1 1 1 1 1 2 0
1 0 1 1 0 0 1 1 0 0
1 0 1 1 1 1 1 1 0 0
1 1 1 1 1 1 1 1 0 0
1 1 1 1 1 1 1 1 0 0
1 1 1 1 0 0 0 1 0 0
1 1 1 1 1 1 1 1 0 0
1 1 1 1 0 0 0 0 0 0
0 1 1 1 0 0 0 0 0 0
0 0 0 0 0 0 0 0 0 0
Maze 136
113 532 3.7735849057 2.0183155153 84 0.383430181514000
24 2 88 73 17 92 33 59 16 55 43 27 4 93 98 24
22 82 83 13 12 32 53 56 15 53 23 24 3 400 94
401 401 401 402 402 402 401 401 402 401 402 401 402 400 401
0 1 1 1 0 0 0 0 0 0
0 1 1 1 1 1 1 0 0 0
0 1 1 2 1 1 1 0 0 0
0 1 1 1 1 1 0 0 0 0
0 1 1 1 1 1 0 0 0 0
0 1 1 1 1 1 1 1 1 0
0 1 1 1 0 0 0 0 0 0
0 1 1 1 0 0 0 0 0 0
0 1 1 1 1 1 1 1 0 0
0 1 1 1 1 1 1 1 0 0
Maze 137
109 345 3.0943396226 1.8760843753 98 0.390068232030815
6 66 93 13 73 16 20 53 38 35 87 32 17 94 22 6
400 63 400 400 13 400 13 33 400 85 82 12 14 92 2
400 402 400 400 402 400 402 402 400 401 401 402 402 401 402
0 1 1 1 1 2 0 0 0 0
0 1 1 1 1 1 1 1 1 1
0 1 1 1 0 1 0 0 0 0
0 1 1 1 1 1 1 1 0 0
0 1 1 1 1 1 0 0 0 0
0 1 1 1 1 1 0 0 0 0
0 1 1 1 1 1 0 0 0 0
0 1 1 1 1 0 0 0 0 0
0 1 1 1 1 1 1 0 0 0
0 1 1 1 0 0 0 0 0 0
Maze 138
105 11 3.5102040816 1.9407436380 70 0.384844243010143
79 78 63 67 12 71 38 87 96 3 40 91 11 21 33 79
400 73 400 62 11 31 37 86 93 33 31 400 400 31 73
400 401 400 401 402 402 402 402 401 401 402 400 400 401 401
0 0 1 0 0 0 0 0 0 0
1 1 1 0 0 0 0 0 0 0
1 1 1 0 0 0 0 0 0 0
1 1 1 1 1 1 1 1 1 1
1 1 1 0 0 0 1 0 0 0
1 1 1 0 0 0 1 0 0 0
1 1 1 1 1 1 1 0 0 0
1 0 1 1 1 1 1 1 2 0
1 0 1 0 0 1 1 0 0 0
1 0 1 1 1 1 0 0 0 0
Maze 139
61 37 3.6000000000 1.9455893706 7 0.365440658194173
86 84 92 53 64 48 12 93 64 32 57 57 64 65 74 86
400 82 52 63 44 42 92 63 62 52 400 54 400 64 84
400 402 402 401 402 401 401 402 401 401 400 402 400 402 401
0 0 0 0 0 0 0 0 0 0
0 1 0 0 0 0 0 0 0 0
0 1 0 0 0 0 0 0 0 0
0 1 0 0 0 0 0 0 0 0
0 1 1 1 1 1 1 1 0 0
0 1 1 1 1 1 1 0 0 0
0 1 1 1 1 0 0 0 0 0
0 1 1 1 0 0 0 0 0 0
0 1 1 1 1 2 0 0 0 0
0 1 1 0 0 0 0 0 0 0
Maze 140
109 46 3.1935483871 2.3020900337 92 0.379484374013242
54 64 73 1 68 100 25 8 21 79 63 5 35 60 8 54
400 63 71 61 98 95 5 1 71 73 3 400 55 58 4
400 402 401 401 401 401 402 402 401 401 402 400 401 401 402
1 1 1 1 1 1 1 1 0 0
1 0 1 1 1 0 0 1 0 0
1 0 1 1 1 0 0 1 0 0
1 0 1 1 1 0 0 1 0 0
1 0 1 1 1 0 0 1 0 0
1 0 1 2 1 1 1 1 1 1
1 1 1 1 1 1 1 1 0 0
1 1 1 1 1 1 1 1 1 0
0 0 0 0 1 0 0 1 0 0
0 0 0 0 1 1 1 1 1 1
Maze 141
87 310 3.0769230769 2.1634544791 56 0.369204198973798
45 82 83 75 39 42 17 46 86 18 8 93 74 70 26 45
42 400 73 35 32 12 16 400 16 400 3 73 64 66 25
402 400 402 402 402 402 402 400 402 400 402 402 402 401 402
0 0 1 1 1 1 1 1 0 0
0 1 1 1 1 1 1 1 0 0
0 1 1 0 1 1 0 0 0 0
0 1 1 1 1 1 1 1 1 0
0 1 1 1 2 1 0 0 0 0
0 1 1 0 1 1 0 0 0 0
0 1 1 1 1 1 1 1 1 1
0 1 1 1 1 1 0 0 0 0
0 1 1 0 0 1 0 0 0 0
0 0 1 0 0 0 0 0 0 0
Maze 142
95 40 2.9090909091 2.0626550785 65 0.386416126156286
11 84 20 45 93 16 21 31 47 19 17 20 58 45 7 11
81 14 15 43 13 11 400 41 17 400 400 18 55 5 1
401 402 402 402 402 402 400 401 402 400 400 402 401 402 402
1 1 1 1 1 1 1 0 0 0
2 1 1 1 1 1 1 1 1 1
1 0 1 1 1 0 1 1 0 0
1 0 1 1 1 0 1 1 0 0
1 1 1 1 1 1 1 1 0 0
1 0 1 1 1 1 1 1 0 0
1 0 1 1 0 0 0 0 0 0
1 0 1 1 0 0 0 0 0 0
1 1 1 1 0 0 0 0 0 0
0 0 1 0 0 0 0 0 0 0
Maze 143
93 406 3.8604651163 2.0781833240 50 0.373330768820826
52 88 24 15 48 13 64 82 55 84 2 95 95 16 24 52
82 84 14 45 43 63 62 52 54 82 92 400 15 14 22
401 401 402 401 401 401 402 402 402 401 401 400 402 402 402
0 1 0 0 0 0 0 0 0 0
0 1 1 1 1 1 0 0 0 0
0 1 1 1 1 0 0 0 0 0
0 1 1 1 1 0 0 0 0 0
0 1 1 1 1 1 1 1 0 0
0 2 1 1 1 0 0 0 0 0
0 1 1 1 1 0 0 0 0 0
0 1 0 1 1 0 0 0 0 0
0 1 1 1 1 1 1 1 0 0
0 1 1 1 1 0 0 0 0 0
Maze 144
121 108 3.3684210526 1.9840914103 94 0.394852147654300
51 30 13 37 64 63 91 50 37 76 24 40 100 41 100 51
21 23 33 34 400 61 41 47 36 74 34 400 91 91 91
402 401 401 402 400 402 402 401 402 401 401 400 401 401 401
0 0 0 0 0 0 0 0 0 0
0 0 1 0 0 0 0 0 0 0
1 1 1 1 1 1 1 1 1 1
1 0 1 1 1 1 1 1 1 1
1 1 1 1 1 1 1 1 1 1
2 0 0 1 0 1 0 0 0 1
1 1 1 1 0 1 0 0 0 1
1 0 0 1 1 1 0 0 0 1
1 0 0 0 0 0 0 0 0 1
1 1 1 1 1 1 1 1 1 1
Maze 145
89 32 3.2000000000 2.1425375218 45 0.364625700756881
36 24 62 46 62 53 60 66 18 23 81 98 41 45 86 36
34 22 42 42 52 400 56 16 13 21 91 91 400 85 400
401 402 402 402 402 400 402 402 402 402 401 401 400 401 400
0 0 0 0 0 0 0 0 0 0
0 0 1 1 1 1 1 1 0 0
1 1 1 1 0 1 0 0 0 0
1 1 0 1 1 2 0 0 0 0
1 1 1 1 1 1 0 0 0 0
1 1 1 1 1 1 1 1 1 1
1 1 0 0 1 1 0 0 0 0
1 0 0 0 1 1 0 0 0 0
1 0 0 0 1 1 0 0 0 0
1 1 1 1 1 1 1 1 0 0
Maze 146
95 117 3.0800000000 2.0151328562 71 0.377818799803471
84 94 22 56 98 74 47 76 4 42 83 55 1 50 86 84
400 92 52 96 94 44 46 74 2 82 53 51 41 46 400
400 401 401 401 401 402 402 401 402 401 402 401 401 402 400
1 1 1 1 0 0 0 0 0 0
1 1 0 1 0 0 0 0 0 0
1 1 0 1 0 0 0 0 0 0
1 1 0 1 0 0 0 0 0 0
1 1 1 1 1 1 1 1 1 1
1 1 1 1 1 1 0 0 0 0
0 1 1 1 0 1 0 0 0 0
0 1 1 1 1 1 0 0 0 0
0 1 1 2 1 1 0 0 0 0
0 1 1 1 1 1 1 1 0 0
Maze 147
89 39 3.8181818182 2.0656215146 50 0.397899447402311
40 82 13 17 41 34 66 32 54 49 53 44 27 26 75 40
32 12 400 11 31 64 62 52 44 43 43 24 400 25 35
402 402 400 402 402 401 401 401 402 402 402 402 400 402 402
0 0 0 0 0 0 0 0 0 0
1 1 1 1 1 1 1 0 0 0
1 1 0 1 1 1 1 0 0 0
1 1 1 1 1 1 1 1 1 2
1 1 1 1 1 1 1 1 1 0
0 1 1 1 1 0 0 0 0 0
0 1 1 1 1 1 0 0 0 0
0 1 0 0 1 0 0 0 0 0
0 1 0 0 0 0 0 0 0 0
0 0 0 0 0 0 0 0 0 0
Maze 148
117 12 3.1525423729 1.9386644853 88 0.389260928135633
13 3 29 99 99 11 10 63 100 21 18 23 76 79 75 13
400 23 400 400 91 1 3 93 91 11 13 73 400 400 73
400 401 400 400 401 402 402 401 401 402 402 401 400 400 401
1 1 1 1 1 1 1 1 1 1
1 1 2 1 1 1 1 1 0 0
1 0 1 1 1 1 1 1 1 0
1 0 1 0 0 0 0 0 1 0
1 0 1 0 0 0 0 0 1 0
1 0 1 0 0 0 0 0 1 0
1 0 1 0 0 0 0 0 1 0
1 0 1 1 1 1 1 1 1 0
1 0 1 0 0 0 0 0 1 0
1 1 1 1 1 1 1 1 1 1
Maze 149
111 473 3.3333333333 2.0231268657 112 0.385706681363569
70 23 63 57 14 69 18 89 5 5 52 69 31 30 26 70
63 400 53 54 64 68 88 85 400 2 62 61 21 400 66
401 400 402 401 401 401 401 401 400 402 401 401 402 400 401
0 1 1 1 1 0 0 0 0 0
0 1 0 1 1 0 0 1 0 0
1 1 1 1 1 1 1 1 1 1
1 1 1 1 1 1 0 1 0 0
1 1 1 1 1 1 0 1 0 0
1 1 1 1 1 1 1 1 0 0
1 1 1 1 1 1 1 1 1 2
0 0 0 0 1 0 0 1 0 0
0 0 0 0 1 1 1 1 1 0
0 0 0 0 0 0 0 0 0 0
Maze 150
109 213 3.4035087719 2.0989941232 104 0.380095240962763
40 96 100 17 77 63 66 35 95 16 92 30 66 84 29 40
36 400 97 400 73 400 65 400 15 12 22 26 64 24 39
402 400 401 400 401 400 401 400 402 402 402 402 402 402 401
0 0 0 0 0 0 0 0 0 0
0 1 1 1 1 1 1 0 0 0
0 1 1 1 1 1 1 1 1 1
0 1 0 1 1 1 1 1 1 2
0 1 0 1 1 1 1 0 0 0
0 1 0 1 1 1 1 0 0 0
0 1 1 1 1 1 1 0 0 0
0 1 1 1 1 1 1 0 0 0
0 1 0 1 1 1 1 0 0 0
0 1 0 0 1 1 1 1 1 1
Maze 151
127 188 3.2238805970 2.0987883256 155 0.407492775665445
76 18 23 90 21 71 41 92 40 45 96 28 76 32 10 76
16 13 83 81 400 400 91 32 35 95 26 26 72 2 6
402 402 401 401 400 400 401 402 402 401 402 402 401 402 402
0 1 1 1 1 1 1 1 1 1
0 1 1 1 1 1 1 1 0 0
1 1 1 0 0 1 1 1 0 0
1 1 1 1 1 1 1 1 1 1
1 1 1 0 1 1 0 0 0 0
1 1 1 0 1 1 0 0 0 0
1 1 1 0 1 1 0 0 0 0
1 1 1 1 1 2 0 0 0 0
1 1 1 1 1 1 1 1 1 1
1 1 0 0 1 1 0 0 0 0
Maze 152
95 37 3.1666666667 1.9438814316 60 0.402412425845990
5 34 62 63 89 43 91 31 66 35 36 89 21 16 31 5
4 32 400 83 83 41 400 61 65 400 86 81 11 11 1
402 402 400 401 401 402 400 401 401 400 401 401 402 402 402
1 1 1 1 2 0 0 0 0 0
1 1 1 1 1 1 0 0 0 0
1 0 0 1 0 0 0 0 0 0
1 1 1 1 1 1 0 0 0 0
1 1 1 0 1 1 0 0 0 0
1 1 1 0 1 1 0 0 0 0
1 1 1 1 1 1 0 0 0 0
1 0 1 0 0 1 0 0 0 0
1 1 1 1 1 1 1 1 1 0
1 0 0 0 0 0 0 0 0 0
Maze 153
103 39 3.5510204082 1.9691594222 56 0.405600672030252
56 5 29 32 2 12 25 80 82 56 83 21 60 41 5 56
55 25 22 400 400 22 75 72 52 53 81 51 51 1 55
401 401 402 400 400 401 401 402 402 402 401 401 401 402 401
1 1 1 1 1 0 0 0 0 0
1 1 0 0 1 0 0 0 0 0
1 1 1 1 1 1 1 1 1 0
1 1 0 0 1 0 0 0 0 0
1 0 0 0 1 0 0 0 0 0
1 1 1 1 1 2 1 1 1 1
1 1 1 0 1 0 0 0 0 0
1 1 1 1 1 1 1 1 1 1
1 1 1 0 0 0 0 0 0 0
0 0 0 0 0 0 0 0 0 0
Maze 154
121 46 3.4137931034 1.9311559743 115 0.384983254758383
88 8 66 14 56 33 38 89 39 23 80 3 80 52 22 88
400 6 64 54 53 400 88 400 33 73 73 73 72 400 82
400 402 401 401 401 400 401 400 401 401 401 401 401 400 401
0 0 1 0 0 1 1 1 0 0
0 0 1 1 0 1 0 1 0 0
0 1 1 1 0 1 0 1 0 0
0 1 1 1 1 1 1 1 1 0
0 1 1 1 0 1 0 1 1 0
0 1 1 1 1 1 0 1 1 0
0 1 1 1 1 1 0 1 1 0
0 1 1 1 1 1 1 1 1 1
0 1 1 1 1 1 1 2 1 0
0 0 0 0 0 0 0 0 0 0
Maze 155
111 276 3.6734693878 2.0023486013 85 0.393984428683305
21 52 71 89 75 11 68 75 2 48 39 94 49 84 36 21
51 51 81 85 71 61 65 72 42 38 34 44 44 34 31
401 402 401 401 401 401 402 401 401 402 402 402 402 402 401
0 1 0 0 0 0 0 0 0 0
1 1 0 0 0 0 0 0 0 0
2 1 0 0 0 0 0 0 0 0
1 1 1 1 1 1 1 1 1 0
1 1 1 1 1 1 1 1 1 0
1 1 0 1 0 0 0 0 0 0
1 1 1 1 1 1 1 1 0 0
1 1 1 1 1 0 0 0 0 0
1 1 1 1 1 1 1 1 1 0
0 0 0 1 0 0 0 0 0 0
Maze 156
95 204 2.9629629630 2.0601645749 77 0.378384609554785
89 66 9 30 79 60 51 77 8 64 25 44 40 89 46 89
86 6 29 29 59 400 71 7 4 24 24 34 39 86 86
401 402 401 402 402 400 401 402 402 402 402 402 402 401 401
0 0 0 1 1 1 1 1 1 0
0 0 0 1 0 1 1 0 1 0
0 0 0 1 1 1 1 0 1 1
0 0 0 1 1 1 1 1 1 1
0 0 0 1 0 1 1 0 1 0
1 1 1 1 1 1 1 1 1 1
1 0 0 1 0 1 1 0 1 0
1 1 1 1 1 1 1 0 1 0
0 0 0 0 0 1 1 1 2 0
0 0 0 0 0 0 0 0 0 0
Maze 157
93 860 2.9642857143 2.1936411298 56 0.369677350854919
38 18 55 13 53 78 9 64 97 6 46 71 24 56 78 38
400 15 53 400 73 8 4 94 96 400 41 21 54 76 400
400 402 401 400 401 402 402 401 401 400 402 402 401 401 400
0 0 0 1 1 1 1 1 1 0
0 0 1 1 1 1 1 1 0 0
1 1 1 1 1 1 0 1 0 0
1 0 1 1 1 1 0 2 0 0
1 1 1 1 1 1 0 1 0 0
1 0 1 1 1 1 0 1 0 0
1 0 1 1 0 1 0 1 0 0
1 0 1 1 1 1 1 1 0 0
0 0 0 1 0 1 0 0 0 0
0 0 0 1 1 1 1 0 0 0
Maze 158
85 82 3.0212765957 2.1157132875 40 0.377403584031156
99 65 94 72 4 26 13 71 44 53 54 23 56 91 44 99
95 64 92 2 24 23 11 41 43 400 53 53 51 41 94
401 402 401 402 401 401 402 402 402 400 401 401 402 402 401
0 1 1 1 0 0 0 0 0 0
1 1 1 1 0 0 0 0 0 0
1 1 1 1 1 1 0 0 0 0
1 1 1 0 0 0 0 0 0 0
1 1 1 1 0 0 0 0 0 0
1 1 1 1 1 1 0 0 0 0
1 1 0 1 1 0 0 0 0 0
1 1 0 1 1 0 0 0 0 0
1 1 0 1 1 0 0 0 0 0
1 1 1 1 1 1 1 1 2 0
Maze 159
121 32 2.8474576271 1.9245248635 115 0.396681201791468
73 4 72 61 3 59 100 39 90 11 8 84 11 8 25 73
3 2 71 1 53 99 99 89 81 1 4 81 1 5 23
402 402 401 402 401 401 401 401 401 402 402 401 402 402 402
1 1 1 1 1 1 1 1 0 0
1 1 1 1 1 0 0 0 0 0
1 1 1 1 1 0 0 0 0 0
1 1 1 1 0 0 0 0 1 0
1 1 1 1 0 0 0 0 1 0
1 1 1 1 1 1 1 1 1 0
1 1 1 1 0 0 0 0 1 0
1 1 2 1 0 0 0 0 1 0
1 1 1 1 1 1 1 1 1 1
0 0 0 0 0 0 0 0 1 1
Maze 160
129 29 3.6949152542 2.0388753341 167 0.411106340474050
40 61 33 66 12 65 98 23 90 23 80 52 29 18 67 40
31 31 63 62 62 95 93 83 83 73 72 22 28 17 37
402 402 401 401 401 401 401 401 401 401 401 402 401 402 402
0 0 0 0 0 0 0 0 0 0
0 1 0 0 0 0 1 1 0 0
0 1 1 1 1 1 1 1 1 0
1 1 1 1 1 1 1 1 1 2
1 1 1 0 0 0 1 0 0 0
1 1 1 0 0 0 1 0 0 0
1 1 1 1 1 1 1 0 0 0
0 1 1 1 1 1 1 1 1 1
0 0 1 1 1 1 1 1 1 1
0 0 1 1 1 1 1 1 0 0
Maze 161
103 519 3.1935483871 2.2572409891 71 0.389514808519442
47 65 85 22 9 70 14 79 33 33 59 10 30 22 70 47
45 400 82 2 69 64 74 73 400 53 9 400 400 62 67
402 400 401 402 401 401 401 401 400 401 402 400 400 401 401
0 1 1 1 1 1 1 1 1 1
0 1 0 1 0 0 0 0 1 1
0 1 1 1 1 1 1 1 1 1
0 1 1 1 0 0 0 0 1 0
0 1 1 1 1 1 2 0 1 0
0 1 1 1 1 1 1 1 1 0
0 1 1 1 1 1 1 1 1 1
0 1 1 1 1 1 1 1 1 0
0 1 1 1 1 0 0 0 0 0
0 0 0 0 0 0 0 0 0 0
Maze 162
73 21 2.7692307692 2.3240442051 12 0.367821074224446
70 46 59 60 29 31 86 85 12 1 6 45 49 47 86 70
66 56 400 59 21 81 400 82 11 400 5 400 400 46 66
401 401 400 401 402 401 400 401 401 400 402 400 400 402 402
1 1 1 1 1 1 0 0 0 0
1 1 0 0 1 0 0 0 0 0
1 1 1 1 1 1 1 1 1 0
1 1 0 0 1 0 0 0 1 0
1 1 0 0 1 1 1 1 1 0
1 1 0 0 0 1 1 1 1 1
1 1 0 0 0 1 1 1 1 2
1 1 0 0 0 1 0 0 0 0
1 1 1 1 1 1 0 0 0 0
0 0 0 0 0 0 0 0 0 0
Maze 163
107 58 3.6250000000 1.9047805562 85 0.380468600749306
38 75 70 56 15 14 68 42 75 28 75 18 63 99 63 38
35 65 66 55 400 64 62 72 25 25 15 13 93 93 33
402 402 401 401 400 401 401 401 402 402 402 402 401 401 402
0 0 0 0 0 0 0 0 0 0
0 0 1 1 1 1 1 1 0 0
0 0 1 1 1 1 1 1 0 0
0 0 1 1 1 1 1 2 0 0
0 1 1 1 1 0 0 0 0 0
0 1 1 1 1 1 0 0 0 0
0 1 1 1 1 1 1 1 1 1
0 1 1 1 1 0 0 0 0 0
0 0 1 0 0 0 0 0 0 0
0 0 1 1 1 1 1 1 1 0
Maze 164
111 69 3.7142857143 2.2277880680 85 0.396465054978802
66 24 34 1 79 32 97 100 82 21 7 94 64 40 86 66
64 400 31 71 72 92 400 92 81 1 4 400 34 36 400
401 400 401 401 401 401 400 401 401 402 402 400 402 402 400
1 1 1 1 1 1 1 0 0 0
1 0 0 1 0 0 0 0 0 0
1 0 0 1 0 0 0 0 0 0
1 1 1 1 1 1 1 1 1 1
1 1 0 1 0 1 0 0 0 0
1 1 0 1 0 1 0 0 0 0
1 1 0 1 1 2 0 0 0 0
1 1 1 1 1 1 1 1 1 0
1 1 0 1 0 1 0 0 0 0
0 1 1 1 1 1 1 1 1 1
Maze 165
85 10 2.8679245283 2.2176430051 31 0.386656394192172
63 33 57 11 18 27 51 31 83 100 38 45 35 40 13 63
400 53 51 400 17 21 400 81 93 98 35 400 400 33 400
400 401 401 400 402 402 400 401 401 401 402 400 400 401 400
0 0 0 0 0 0 0 0 0 0
1 1 1 1 1 1 1 1 0 0
1 1 1 1 1 1 1 0 0 0
1 0 1 1 1 1 1 1 1 1
1 0 1 0 1 0 0 1 0 0
1 1 1 1 1 1 1 1 0 0
1 0 2 0 0 0 0 1 0 0
1 0 0 0 0 0 0 1 0 0
1 1 1 0 0 0 0 1 0 0
0 0 1 1 1 1 1 1 1 1
Maze 166
87 102 3.5121951220 1.9196849603 41 0.405137794480372
64 16 32 53 5 84 77 44 2 66 63 5 17 10 47 64
14 12 52 3 4 74 74 42 62 400 3 15 7 7 44
402 402 401 402 402 402 401 401 401 400 402 401 402 402 402
0 1 1 1 1 0 1 1 1 1
0 1 1 1 1 1 1 0 0 0
0 1 1 1 0 0 1 0 0 0
0 1 1 1 0 0 1 0 0 0
0 1 1 1 1 1 1 0 0 0
0 1 1 1 0 0 0 0 0 0
0 1 1 2 1 1 0 0 0 0
0 0 0 1 1 1 1 0 0 0
0 0 0 1 0 0 0 0 0 0
0 0 0 0 0 0 0 0 0 0
Maze 167
87 39 3.4883720930 1.9501561501 44 0.386372134062543
37 87 48 57 67 55 97 39 35 83 79 44 19 97 83 37
400 47 47 400 65 95 37 400 33 73 74 14 17 93 33
400 402 402 400 401 401 402 400 402 402 401 402 402 401 402
0 0 0 0 0 0 0 0 0 0
0 0 0 1 1 1 1 1 1 0
0 0 0 1 0 0 1 0 0 0
0 0 1 1 1 1 2 1 1 0
0 0 1 1 0 0 1 1 0 0
0 0 1 1 1 0 1 0 0 0
0 0 1 1 1 1 1 0 0 0
0 0 1 1 1 1 1 1 1 0
0 0 1 0 1 0 1 0 0 0
0 0 1 1 1 1 1 0 0 0
Maze 168
89 126 3.1428571429 2.2959605596 36 0.381567779436293
16 69 55 87 86 34 48 40 71 76 91 5 9 49 67 16
66 65 85 400 84 44 38 31 400 71 1 400 400 47 66
401 401 401 400 401 401 402 402 400 402 402 400 400 402 401
1 1 1 1 1 1 1 1 1 0
1 0 0 0 0 2 0 0 1 0
1 0 0 0 0 1 0 0 1 0
1 1 1 1 1 1 1 1 1 1
1 0 0 1 1 1 1 1 1 0
1 0 0 1 1 1 1 0 0 0
1 0 0 1 1 1 1 1 1 0
1 1 1 1 1 1 0 0 0 0
1 0 0 1 1 1 1 0 0 0
1 0 0 0 0 0 0 0 0 0
Maze 169
105 30 3.5789473684 1.6594584082 87 0.388766199835842
73 96 42 56 52 89 62 69 90 31 88 42 43 83 31 73
93 92 52 400 82 82 400 89 81 81 82 400 400 81 71
401 401 401 400 401 401 400 401 401 401 401 400 400 401 401
0 0 0 0 0 0 0 0 0 0
0 0 0 0 0 0 0 0 0 0
0 0 0 0 0 0 0 0 0 0
1 0 0 0 0 0 0 0 0 0
1 1 1 0 0 0 0 0 0 0
1 1 1 1 1 1 0 0 0 0
1 1 1 1 1 1 1 1 1 0
1 1 2 0 0 0 0 0 1 0
1 1 1 1 1 1 1 1 1 1
0 1 1 1 1 1 0 0 0 0
Maze 170
83 291 3.0800000000 2.1525993444 30 0.373448819493904
46 37 35 20 38 74 25 75 67 59 10 67 92 34 78 46
36 400 15 18 34 24 400 65 57 9 7 62 32 74 76
402 400 402 402 402 402 400 402 402 402 402 402 402 401 401
0 0 0 0 0 0 1 1 1 1
0 0 0 0 1 1 1 1 1 1
0 0 0 1 1 0 1 1 1 0
0 1 1 1 1 1 1 1 1 0
0 1 0 1 1 2 1 0 1 0
0 1 0 1 1 1 1 1 1 0
0 1 1 1 1 1 1 0 0 0
0 1 0 1 1 1 1 1 0 0
0 1 0 0 0 0 0 0 0 0
0 1 0 0 0 0 0 0 0 0
Maze 171
91 128 3.2083333333 2.0103642316 41 0.372370811077266
68 23 24 77 35 8 31 7 74 35 33 79 47 17 8 68
63 400 74 75 5 1 1 4 34 400 73 77 400 7 400
401 400 401 401 402 402 402 402 402 400 401 401 400 402 400
1 1 1 1 1 1 1 1 0 0
1 0 0 1 1 0 1 1 0 0
1 0 1 1 1 0 1 1 0 0
1 0 1 1 1 0 1 1 0 0
0 0 1 1 1 0 1 1 0 0
0 0 1 1 1 0 1 1 0 0
0 0 1 1 1 1 1 2 0 0
0 0 1 1 1 1 1 1 1 0
0 0 0 0 0 0 0 0 0 0
0 0 0 0 0 0 0 0 0 0
Maze 172
101 40 3.3962264151 2.1318092796 60 0.371028670380107
77 33 79 8 56 9 38 35 29 87 65 82 85 99 13 77
73 73 78 6 6 8 400 25 27 85 62 400 95 93 73
401 401 401 402 402 402 400 402 402 401 402 400 401 401 401
0 0 0 0 0 1 1 1 1 0
0 0 1 0 0 1 0 1 0 0
0 0 1 0 1 1 1 1 1 0
0 0 1 0 1 1 1 1 0 0
0 0 1 0 0 1 1 1 0 0
0 0 1 0 0 1 1 1 0 0
0 1 1 1 1 0 1 1 0 0
0 1 1 1 1 1 2 1 1 0
0 1 1 1 1 1 1 0 0 0
0 0 1 1 1 1 1 1 1 0
Maze 173
139 99 3.9629629630 1.8454969728 174 0.393416796704717
82 10 13 67 4 68 32 85 66 21 88 3 95 32 56 82
2 3 63 64 64 62 82 65 61 81 83 93 92 52 52
402 402 401 401 401 401 401 402 401 401 401 401 401 401 402
0 1 1 1 1 1 1 1 1 1
0 1 1 1 0 0 0 0 0 0
1 1 1 1 0 0 0 0 0 0
1 1 1 1 0 0 0 0 0 0
1 1 1 1 0 0 0 0 0 0
1 1 1 1 1 1 0 0 0 0
1 1 1 1 1 1 1 1 0 0
1 1 1 0 1 0 0 0 0 0
1 2 1 1 1 1 1 1 0 0
0 1 1 1 1 0 0 0 0 0
Maze 174
91 22 3.1836734694 1.9861345364 50 0.395538104272899
24 92 44 7 39 41 34 86 27 76 27 59 98 38 40 24
22 42 4 37 31 31 84 26 26 26 57 58 400 400 34
402 402 402 401 402 402 401 402 402 402 401 402 400 400 401
0 0 0 1 1 1 1 0 0 0
0 0 0 1 0 0 1 0 0 0
0 1 1 2 0 1 1 0 0 0
1 1 1 1 1 1 1 1 1 1
1 1 1 1 0 1 1 1 0 0
0 1 0 1 0 1 1 1 1 0
0 1 0 1 0 1 0 1 0 0
0 1 0 1 0 1 0 1 0 0
0 1 0 1 1 1 0 1 0 0
0 1 0 0 0 0 0 1 0 0
Maze 175
89 6 2.7169811321 1.9145044378 41 0.390721271471379
4 2 92 14 22 93 98 86 68 37 55 70 27 9 85 4
400 400 12 12 92 400 96 66 67 35 65 67 7 5 84
400 400 402 402 401 400 401 402 401 402 401 401 402 402 401
0 1 1 2 1 1 1 1 1 0
0 1 1 1 1 0 1 0 0 0
0 1 0 1 1 0 1 0 0 0
0 1 0 1 1 1 1 0 0 0
0 1 0 1 1 0 1 0 0 0
0 1 0 1 1 0 1 0 0 0
0 1 0 1 1 1 1 1 1 1
0 1 0 1 1 1 0 0 0 0
0 1 0 1 1 1 0 0 0 0
0 1 1 1 1 1 1 1 0 0
Maze 176
87 98 2.9615384615 2.2215787790 50 0.375755157333295
92 45 29 21 58 10 79 64 66 75 62 94 44 42 77 92
42 25 400 51 8 9 74 400 65 72 92 400 400 72 72
402 402 400 401 402 402 401 400 402 401 401 400 400 401 402
0 0 0 0 0 0 0 1 1 1
0 0 0 0 0 0 0 1 1 0
1 1 1 1 1 1 1 1 1 0
1 0 0 0 1 0 0 1 1 0
1 1 1 1 1 0 0 1 1 0
1 1 1 1 1 1 1 1 1 0
0 1 0 1 1 1 0 0 1 0
0 1 1 1 1 1 1 1 1 0
0 1 0 1 0 0 0 0 0 0
0 2 1 1 0 0 0 0 0 0
Maze 177
101 820 3.2592592593 2.1475332332 64 0.403191248385744
6 17 58 95 12 80 51 86 98 69 64 76 91 58 78 6
16 57 55 92 72 71 81 96 68 400 74 71 51 400 76
401 401 402 401 401 401 401 401 402 400 401 402 402 400 401
0 0 0 0 0 2 0 0 0 0
0 1 0 0 0 1 1 0 0 0
0 1 0 0 0 1 1 0 0 0
0 1 0 0 0 1 1 0 0 0
0 1 0 0 0 1 1 0 0 0
1 1 1 1 1 1 1 1 0 0
1 1 0 1 1 1 1 1 1 0
1 1 1 1 1 1 1 1 1 1
1 1 1 1 1 1 0 1 0 0
1 1 1 1 1 1 1 1 0 0
Maze 178
93 7 3.0980392157 2.0543486302 36 0.402752244976488
75 39 99 98 1 95 98 54 74 56 15 55 31 40 78 75
35 400 400 91 91 400 94 400 54 55 400 51 400 38 400
402 400 400 401 401 400 401 400 402 401 400 401 400 402 400
1 0 0 0 0 0 0 0 0 0
1 0 0 0 1 0 0 0 0 0
1 0 0 0 1 0 0 0 0 0
1 1 1 1 1 1 1 1 1 1
1 0 0 0 1 0 0 1 1 0
1 1 1 1 1 1 0 1 1 0
1 0 0 1 1 0 0 1 1 0
1 0 0 1 2 1 1 1 1 0
1 0 0 1 0 0 0 0 1 0
1 1 1 1 1 1 1 1 1 0
Maze 179
103 111 3.2400000000 1.9651274493 64 0.381102589698807
84 99 76 67 47 99 43 30 98 32 79 88 57 93 13 84
94 96 66 400 97 93 23 28 92 72 78 87 53 400 83
401 401 402 400 401 401 402 402 401 401 402 401 402 400 401
0 0 0 0 0 0 0 0 0 0
0 0 1 0 0 0 0 0 0 0
0 0 1 1 1 1 1 1 1 1
0 1 1 0 0 0 0 1 0 0
0 1 1 0 0 0 1 1 0 0
0 1 1 1 1 1 1 1 0 0
0 1 1 0 0 1 1 1 0 0
0 1 1 1 1 1 1 1 1 0
0 1 1 2 0 1 1 1 0 0
0 1 1 1 1 1 1 1 1 0
Maze 180
95 403 3.0566037736 2.0626550785 46 0.391894762875330
100 100 91 57 64 43 73 82 99 61 24 95 27 31 49 100
400 400 51 54 63 400 72 92 91 21 94 25 21 41 99
400 400 402 402 401 400 402 401 401 402 401 402 402 401 401
0 0 0 0 0 0 0 0 0 0
0 0 0 0 0 0 0 0 0 0
1 1 1 1 1 1 1 0 0 0
1 0 0 1 1 0 0 0 0 0
1 1 1 1 1 1 1 1 1 0
1 1 1 1 1 1 1 0 1 0
1 0 1 1 1 0 0 0 1 0
1 1 1 1 1 0 0 0 1 0
1 1 0 1 1 0 0 0 1 0
1 1 1 1 1 1 1 1 1 2
Maze 181
83 36 3.1250000000 2.1489159387 35 0.383113332921965
47 60 41 69 99 89 72 15 62 43 60 77 77 90 29 47
57 51 61 400 400 82 12 12 42 53 57 400 87 89 27
401 401 401 400 400 401 402 402 402 401 402 400 401 401 402
0 0 0 0 0 0 0 0 0 0
0 1 1 1 1 0 0 0 0 0
0 1 0 0 0 0 1 1 1 0
0 1 0 0 0 0 1 0 1 0
1 1 1 0 0 0 2 0 1 0
1 1 1 1 1 1 1 1 1 1
1 1 1 1 1 1 1 1 1 0
0 1 0 0 0 0 1 0 1 0
0 1 1 1 1 1 1 1 1 1
0 0 0 0 0 0 0 0 1 0
Maze 182
99 453 3.1228070175 2.2290065006 59 0.376249643194903
78 72 9 78 7 14 36 71 23 46 77 26 62 21 65 78
400 2 8 77 4 34 31 21 43 76 76 22 61 61 75
400 402 402 401 402 401 402 402 401 401 401 402 401 401 401
0 1 1 1 1 1 1 1 1 0
0 1 0 1 0 0 1 1 0 0
1 1 1 1 1 1 1 1 0 0
1 1 1 1 1 1 1 1 0 0
1 1 1 1 1 1 1 1 0 0
1 1 0 0 0 1 1 1 0 0
1 1 1 1 1 1 1 1 0 0
1 1 1 1 1 1 1 2 0 0
0 0 0 0 0 0 0 0 0 0
0 0 0 0 0 0 0 0 0 0
Maze 183
91 18 3.2340425532 2.0211126695 50 0.399322541381308
18 42 17 33 74 80 99 28 95 100 78 75 95 49 65 18
12 12 13 73 400 79 98 25 400 98 400 400 45 45 15
402 402 402 401 400 402 401 402 400 401 400 400 402 402 402
0 0 0 0 0 0 0 0 0 0
0 1 1 1 1 1 1 2 0 0
0 1 1 0 1 1 1 1 0 0
0 1 1 0 1 0 0 1 0 0
0 1 1 0 1 1 1 1 1 0
0 0 1 0 1 0 0 1 0 0
0 0 1 0 1 0 0 1 0 0
0 0 1 1 1 1 1 1 1 1
0 0 0 0 1 0 0 1 1 0
0 0 0 0 1 1 1 1 1 1
Maze 184
115 24 3.7647058824 1.9595964546 96 0.388916854777187
4 79 61 50 65 80 5 33 10 75 54 40 34 17 38 4
74 71 41 45 75 75 3 3 5 74 34 400 14 37 34
401 401 402 402 401 401 402 402 402 401 402 400 402 401 401
0 0 1 2 1 1 1 1 1 1
0 0 1 1 1 1 1 0 0 0
0 0 1 1 1 0 1 0 0 0
0 0 1 1 1 1 1 1 1 1
1 1 1 1 1 1 1 1 1 1
1 0 0 1 1 0 0 0 0 0
1 0 0 1 1 0 0 0 0 0
1 1 1 1 1 1 1 1 1 1
0 0 0 0 0 0 0 0 0 0
0 0 0 0 0 0 0 0 0 0
Maze 185
87 23 2.8275862069 2.2402867344 44 0.393646326667914
64 9 22 54 65 82 31 88 50 39 70 50 74 37 68 64
4 2 52 64 62 81 81 48 49 69 400 44 34 67 400
402 402 401 401 402 401 401 402 401 401 400 402 402 401 400
0 1 1 1 1 1 1 1 1 0
0 1 0 1 0 0 0 0 0 0
0 1 0 1 0 0 0 0 0 0
1 1 0 1 1 1 1 0 1 0
1 1 0 1 1 1 1 1 1 1
1 1 1 1 0 0 1 1 1 1
1 1 1 2 1 1 1 1 1 1
1 1 0 1 0 0 0 1 0 0
1 1 1 1 1 1 1 1 0 0
0 0 0 0 0 0 0 0 0 0
Maze 186
89 26 2.9433962264 2.0640750970 33 0.366170678782833
35 25 52 65 12 56 9 17 7 38 19 53 68 52 99 35
400 22 62 62 52 6 7 400 37 18 13 63 62 92 95
400 402 401 401 401 402 402 400 401 402 402 401 401 401 401
0 0 0 0 0 1 1 1 1 0
0 1 1 1 1 1 1 1 1 0
0 1 1 1 1 1 1 1 0 0
0 1 1 0 2 1 1 1 0 0
0 1 1 0 1 1 0 0 0 0
0 1 1 1 1 1 0 0 0 0
0 1 1 1 1 1 1 1 0 0
0 1 0 0 1 0 0 0 0 0
0 1 0 0 1 0 0 0 0 0
0 1 1 1 1 1 1 1 1 0
Maze 187
105 131 3.1428571429 2.1355672607 105 0.392875593181791
63 21 8 19 59 97 42 72 40 51 79 23 1 36 51 63
61 1 18 400 57 92 400 32 31 71 73 21 31 31 61
401 402 401 400 402 401 400 402 402 401 401 401 401 402 401
1 1 1 1 1 1 1 1 0 0
1 0 0 0 0 0 0 1 1 0
1 1 1 0 0 0 0 0 1 0
1 1 1 1 1 1 1 1 1 1
1 1 1 0 0 0 0 0 1 0
1 1 1 0 0 0 1 1 1 0
1 1 2 0 0 0 1 0 0 0
1 1 1 1 1 1 1 1 1 0
0 1 0 0 0 0 1 0 0 0
0 1 1 1 1 1 1 0 0 0
Maze 188
121 41 3.2413793103 1.9455427902 114 0.413122959437376
53 71 46 51 61 96 12 100 41 82 20 99 96 57 30 53
51 41 41 400 91 92 92 91 81 12 19 400 56 27 23
402 402 402 400 401 401 401 401 401 402 402 400 402 402 402
0 0 0 0 0 0 0 0 0 0
0 1 1 1 1 1 1 1 1 1
0 1 1 1 1 1 1 1 1 1
0 1 1 0 0 0 1 0 1 0
1 1 1 1 1 1 1 0 1 0
1 1 2 0 0 1 1 0 1 0
1 1 0 0 0 1 0 0 1 0
1 1 0 0 0 1 0 0 1 0
1 1 0 0 0 1 0 0 1 0
1 1 1 1 1 1 1 1 1 1
Maze 189
107 194 3.0526315789 1.9755909871 61 0.387313516798405
66 72 3 88 35 45 31 90 52 5 51 64 27 34 17 66
62 2 83 85 400 41 81 82 2 1 61 24 24 14 16
402 402 401 401 400 401 401 401 402 402 401 402 402 402 402
1 1 1 1 1 0 0 0 0 0
1 1 1 1 1 1 1 0 0 0
1 1 1 1 1 1 1 0 0 0
1 1 1 1 1 1 0 0 0 0
1 1 1 1 1 1 0 0 0 0
1 1 1 1 1 1 0 0 0 0
1 1 1 1 1 2 0 0 0 0
1 1 1 0 1 0 0 0 0 0
1 1 1 1 1 1 1 1 1 1
0 0 0 0 0 0 0 0 0 0
Maze 190
73 7 2.9333333333 2.0714889014 13 0.387577453991013
88 49 8 68 58 34 34 55 60 79 92 25 10 68 97 88
48 48 400 400 54 400 54 400 59 72 22 5 8 67 87
402 401 400 400 401 400 401 400 402 402 402 402 402 402 402
0 0 0 0 1 1 1 1 1 1
0 0 0 0 1 0 0 1 0 0
0 1 1 1 1 0 0 1 0 0
0 1 0 1 0 0 0 1 0 0
0 1 0 1 0 0 0 1 1 0
0 1 0 1 1 1 1 1 1 1
0 1 0 0 0 0 1 1 1 0
0 1 1 1 1 1 1 1 1 0
0 1 0 0 0 0 1 2 0 0
0 1 0 0 0 0 1 0 0 0
Maze 191
123 13693 3.4516129032 2.2535359228 113 0.399847901101226
92 84 9 39 66 21 78 88 71 25 80 1 40 23 56 92
82 4 400 36 61 71 400 81 21 75 71 31 33 53 52
402 402 400 402 401 401 400 401 402 401 401 401 401 401 402
1 0 0 1 1 1 1 1 1 0
1 0 0 1 0 0 0 0 1 0
1 1 1 1 1 0 0 0 1 0
1 1 1 1 1 1 1 1 1 1
1 0 1 1 1 1 0 0 0 0
1 1 1 1 1 1 0 0 0 0
1 1 1 1 1 1 0 0 0 0
1 1 1 1 1 1 1 1 1 1
1 1 1 1 1 1 1 1 0 0
0 2 0 0 0 0 0 0 0 0
Maze 192
103 4 2.8474576271 2.0601645749 77 0.394402744627104
55 25 53 8 71 3 81 53 6 49 27 77 70 30 99 55
400 23 3 1 1 1 51 3 46 47 400 67 400 29 95
400 402 402 402 402 402 402 402 401 401 400 402 400 402 401
1 1 1 1 1 1 1 1 0 0
1 0 1 0 0 1 0 0 0 0
1 0 1 1 1 1 1 0 1 1
1 0 1 0 1 1 1 0 1 1
1 0 1 0 1 1 1 1 1 1
1 1 1 0 2 0 1 0 1 1
1 0 0 0 1 0 1 1 1 1
1 0 0 0 1 0 1 0 1 0
1 0 0 0 1 0 0 0 1 0
0 0 0 0 1 1 1 1 1 0
Maze 193
97 92 2.5937500000 2.1746181624 71 0.381939109483071
26 88 41 2 30 90 18 44 73 88 55 86 45 82 32 26
86 81 1 22 400 88 14 43 83 85 85 85 42 400 22
401 401 402 401 400 401 402 402 401 401 401 401 402 400 402
1 1 0 0 0 0 0 0 0 0
1 1 0 1 1 1 1 1 0 0
1 1 1 1 1 2 1 1 1 1
1 1 0 1 0 1 0 1 0 1
1 1 1 1 1 1 0 1 0 1
1 1 1 0 1 1 0 1 0 1
1 1 1 0 1 1 0 1 0 1
1 1 1 0 1 1 0 1 0 1
1 1 1 1 1 1 1 1 1 1
0 0 0 0 0 0 0 0 0 0
Maze 194
93 192 3.5348837209 1.9627286949 40 0.376109734863049
14 98 45 79 55 67 98 38 83 87 84 4 95 76 53 14
94 95 75 75 65 97 400 33 400 400 400 94 75 73 13
401 401 401 401 401 401 400 402 400 400 400 401 402 401 402
0 0 0 1 0 0 0 0 0 0
0 0 1 2 0 0 0 0 0 0
0 0 1 1 0 0 0 0 0 0
0 0 1 1 1 1 1 1 0 0
0 0 1 1 1 0 0 1 0 0
0 0 1 1 1 0 0 1 0 0
0 0 1 1 1 1 1 1 0 0
0 0 1 1 1 1 1 1 1 0
0 0 1 1 1 1 1 1 0 0
0 0 0 1 1 1 1 1 0 0
Maze 195
125 97 2.9090909091 2.0859111062 154 0.404303387571418
46 19 91 10 98 16 36 9 100 51 9 35 33 14 53 46
16 11 1 8 96 400 6 99 91 1 5 400 13 13 43
402 402 402 402 401 400 402 401 401 402 402 400 402 402 402
1 1 1 1 1 1 1 1 1 1
1 1 1 1 1 1 1 1 1 0
1 0 1 0 1 1 0 1 1 0
1 0 1 1 1 1 0 1 1 0
1 0 1 1 1 2 0 1 1 0
1 0 1 0 0 1 0 1 1 0
1 0 0 0 0 1 0 1 1 0
1 0 0 0 0 1 0 1 1 0
1 0 0 0 0 1 0 1 1 0
1 1 1 1 1 1 1 1 1 1
Maze 196
101 90 2.8484848485 2.3084047626 77 0.367707639326237
11 83 46 78 30 12 15 23 42 42 52 88 3 100 59 11
81 43 76 28 22 400 13 22 400 400 82 83 93 99 51
401 402 401 402 401 400 402 402 400 400 401 401 401 401 401
0 0 1 0 0 0 0 0 0 0
2 1 1 1 1 0 0 0 0 0
1 1 1 1 1 1 1 1 1 1
1 1 1 0 0 0 0 1 0 0
1 1 1 1 1 1 0 1 0 0
1 1 1 1 1 1 1 1 1 0
1 1 1 0 0 1 0 1 1 0
1 1 1 0 0 1 1 1 1 0
1 1 1 1 1 1 1 1 1 0
0 0 1 1 1 1 1 1 1 1
Maze 197
107 438 3.0285714286 2.4286434831 49 0.365013638448971
25 39 100 30 10 68 61 73 57 28 2 91 15 20 82 25
35 99 400 400 8 400 71 53 27 22 1 11 400 12 22
401 401 400 400 402 400 401 402 402 401 402 402 400 402 402
1 1 0 0 0 0 0 1 1 1
1 1 1 1 1 1 1 1 1 1
1 1 1 1 2 1 1 1 0 1
1 1 0 0 1 1 1 1 1 1
1 1 0 0 0 0 1 1 1 1
1 1 1 1 1 1 1 1 1 1
1 1 1 1 1 1 1 1 1 1
1 1 1 0 0 0 0 0 1 1
1 1 0 0 0 0 0 0 1 1
1 0 0 0 0 0 0 0 1 1
Maze 198
99 32 3.1153846154 1.9746594957 54 0.381607683733195
56 13 63 23 24 98 37 30 51 39 100 47 40 83 43 56
53 400 400 400 94 97 27 21 31 99 97 37 33 400 53
401 400 400 400 401 401 402 402 402 401 401 402 402 400 401
0 0 0 0 0 0 0 0 0 0
0 0 1 0 0 0 0 0 0 0
1 1 1 1 1 1 1 1 1 1
1 1 1 1 1 1 1 1 1 1
1 0 1 1 0 0 1 0 1 0
1 0 1 1 1 2 1 0 1 0
0 0 1 1 0 0 1 0 1 0
0 0 1 1 0 0 1 0 1 0
0 0 1 1 0 0 1 0 1 0
0 0 0 1 1 1 1 1 1 1
Maze 199
105 71 3.0370370370 2.0198898669 79 0.390840009714418
44 6 14 23 14 22 51 74 18 71 8 98 88 21 70 44
4 4 13 13 12 21 71 14 11 1 400 400 81 61 64
402 402 402 402 402 402 401 402 402 402 400 400 401 401 401
1 1 1 1 1 1 1 1 0 0
1 1 1 1 1 1 1 1 0 0
1 1 1 1 0 0 0 1 0 0
1 0 0 1 0 0 0 1 0 0
1 0 0 2 0 0 0 1 0 0
1 0 0 1 0 0 0 1 0 0
1 1 1 1 1 1 1 1 1 1
1 1 1 1 0 0 0 1 0 0
1 1 1 1 1 1 1 1 0 0
0 0 0 0 0 0 0 1 0 0
Maze 200
103 353 3.0312500000 2.2777687567 64 0.393674372663877
58 96 72 56 93 20 70 56 87 100 94 98 10 85 28 58
56 92 52 53 13 400 66 86 97 400 400 8 5 25 400
402 401 402 402 402 400 401 401 401 400 400 402 402 402 400
0 0 0 0 1 1 1 1 1 1
0 0 1 1 1 1 1 1 1 1
0 0 1 0 1 1 1 1 0 1
0 0 1 0 1 0 0 1 0 1
0 0 1 0 1 0 0 1 0 1
0 1 1 1 1 1 1 2 0 1
0 1 1 0 1 1 1 1 1 1
0 1 1 0 1 1 0 1 0 0
0 1 1 0 1 1 1 1 0 0
0 1 1 1 1 1 1 1 1 1
