numMazes: 200
mazeSize: 10
Maze 1
93 43 3.0943396226 2.1152672496 32 0.375928912798023
24 63 100 70 14 11 16 60 100 41 69 45 36 54 66 24
23 93 400 64 400 400 56 400 91 61 65 35 34 64 64
402 401 400 401 400 400 401 400 401 401 401 402 402 401 401
0 0 0 0 0 0 0 0 0 0
1 1 1 1 1 1 0 0 0 0
0 0 1 2 0 1 0 0 0 0
0 0 1 1 1 1 0 0 0 0
1 0 1 1 1 1 0 0 0 0
1 0 1 1 1 1 1 1 1 1
1 1 1 1 1 1 1 1 1 1
1 0 1 0 0 0 0 0 0 1
1 0 1 0 0 0 0 0 0 1
1 1 1 1 1 1 1 1 1 1
Maze 2
91 22 2.9795918367 1.9806273400 44 0.370095376738701
47 41 57 45 76 52 59 18 18 42 20 12 15 51 7 47
400 51 55 75 72 400 58 400 12 12 400 400 11 1 400
400 401 401 401 401 400 401 400 402 402 400 400 402 402 400
1 1 1 1 1 1 1 0 0 0
1 1 1 1 1 1 1 1 1 1
1 1 0 0 0 0 1 1 0 0
1 1 0 0 0 0 1 1 0 0
1 1 1 1 1 1 2 1 0 0
1 1 1 1 1 1 1 1 1 0
0 1 0 0 1 0 0 0 0 0
0 1 1 1 1 1 0 0 0 0
0 0 0 0 0 0 0 0 0 0
0 0 0 0 0 0 0 0 0 0
Maze 3
105 4 3.0357142857 2.0917531492 91 0.401691692512262
11 98 11 14 41 100 15 46 38 46 59 10 8 56 2 11
91 91 400 11 91 95 45 36 36 56 9 400 6 52 1
401 401 400 402 401 401 401 402 402 401 402 400 402 401 402
1 1 0 0 0 1 1 1 1 1
2 1 1 1 1 1 0 0 1 0
1 1 0 0 1 1 0 0 1 0
1 1 0 0 1 1 1 1 1 0
1 1 0 0 1 1 0 0 1 0
1 1 1 1 1 1 1 1 1 0
1 0 0 0 1 0 0 0 0 0
1 0 0 0 1 0 0 0 0 0
1 0 0 0 1 0 0 0 0 0
1 1 1 1 1 1 1 1 1 1
Maze 4
115 55 3.2363636364 1.9292132148 113 0.387353766823483
2 71 80 55 82 20 53 29 49 52 2 20 44 50 13 2
1 400 75 52 12 13 23 400 42 400 12 14 400 43 12
402 400 401 402 402 402 402 400 402 400 401 402 400 401 401
1 2 0 0 0 0 0 0 0 0
1 1 1 1 1 1 1 1 1 1
1 1 1 1 1 1 1 1 1 0
1 1 1 1 0 0 0 0 1 0
1 1 1 1 1 1 1 1 1 1
1 1 1 1 1 0 0 0 0 0
1 1 0 0 1 0 0 0 0 0
1 1 1 1 1 1 1 1 1 1
0 1 0 0 0 0 0 0 0 0
0 0 0 0 0 0 0 0 0 0
Maze 5
105 101 3.0158730159 2.1510178837 105 0.391358732488272
85 13 53 38 72 46 11 42 48 80 16 23 100 30 67 85
83 400 33 32 42 41 41 400 78 76 13 93 400 27 65
401 400 402 402 402 401 401 400 401 401 402 401 400 402 402
0 0 0 0 0 0 0 0 0 0
1 0 1 1 1 1 0 0 0 0
1 0 1 0 0 1 1 1 1 1
1 1 1 1 1 1 1 1 0 1
1 1 1 1 1 1 1 1 0 1
0 1 1 0 0 1 1 1 0 1
0 1 1 0 1 1 1 1 0 1
0 1 1 0 1 1 1 1 1 1
0 0 1 1 2 0 0 0 0 1
0 0 1 1 1 1 1 1 1 1
Maze 6
105 36 2.9824561404 2.0483390199 70 0.379026770691371
47 67 10 81 18 68 45 36 55 61 24 43 7 21 88 47
400 7 1 11 400 65 35 35 51 21 23 3 1 81 87
400 402 402 402 400 401 402 402 402 402 402 402 402 401 401
1 1 1 1 1 1 1 1 1 1
1 1 1 1 1 1 1 1 0 0
1 1 1 1 0 0 1 1 0 0
1 0 1 0 1 1 1 1 0 0
1 0 1 0 1 0 2 1 0 0
1 1 1 1 1 0 1 1 0 0
1 0 0 0 1 1 1 1 0 0
1 0 0 0 0 0 1 0 0 0
1 1 1 1 1 1 1 1 0 0
0 0 0 0 0 0 0 0 0 0
Maze 7
123 364 3.1388888889 2.2255191325 141 0.381896146704077
83 72 99 20 86 33 99 47 71 30 2 45 38 35 8 83
82 92 19 16 83 93 97 41 21 22 42 35 400 5 3
401 401 402 402 401 401 401 402 402 401 401 402 400 402 402
0 1 1 1 1 1 1 1 0 0
0 1 1 0 1 1 1 1 1 1
1 1 1 1 1 1 1 1 1 1
1 1 1 0 1 1 1 1 1 0
1 1 1 1 1 1 1 0 1 0
1 0 1 0 0 1 1 0 1 0
1 0 1 0 0 1 1 0 1 0
1 1 1 0 0 1 1 0 1 0
0 1 2 1 1 1 1 0 1 0
0 1 1 1 1 1 1 1 1 0
Maze 8
107 203 3.0937500000 2.2667339176 91 0.371765942675250
3 31 89 20 38 28 71 50 15 20 37 7 5 73 70 3
1 81 19 18 400 21 41 45 400 17 400 400 3 63 63
402 401 402 402 400 402 402 401 400 402 400 400 402 402 401
1 1 2 1 1 1 1 0 0 0
1 0 1 0 1 1 1 1 1 1
1 1 1 1 1 1 1 1 1 0
1 0 1 0 1 0 1 1 1 0
1 1 1 1 1 1 1 1 1 1
1 0 1 0 0 0 0 0 1 0
1 0 1 1 1 1 1 1 1 1
1 0 1 0 0 0 0 0 1 0
1 1 1 1 1 1 1 1 1 0
0 0 0 0 0 0 0 0 0 0
Maze 9
119 617 3.5925925926 2.0286093508 106 0.388552026134882
30 53 37 38 52 19 98 30 97 58 13 8 29 92 5 30
23 33 400 32 12 18 28 27 57 53 3 28 22 2 25
402 402 400 402 402 402 402 402 402 401 402 401 402 402 401
0 1 1 1 1 1 1 1 0 0
0 1 1 1 1 1 1 1 1 0
0 1 1 1 1 1 1 1 1 2
0 1 1 1 1 1 1 1 0 0
0 1 1 0 0 0 1 1 0 0
0 1 1 1 1 1 1 1 0 0
0 1 0 0 0 0 1 1 0 0
0 1 0 0 0 0 1 1 0 0
0 1 0 0 0 0 1 1 0 0
0 1 0 0 0 0 1 1 0 0
Maze 10
109 233 3.7500000000 2.1732826639 78 0.371611289931278
80 2 39 94 6 45 26 19 50 19 33 8 36 34 91 80
72 32 34 4 5 25 16 49 49 13 3 6 400 31 71
401 401 402 402 402 402 402 401 401 402 402 402 400 402 402
0 1 1 1 1 1 1 1 0 0
0 1 1 1 1 1 1 1 1 0
0 1 1 1 1 1 0 0 1 0
1 1 1 1 1 1 1 1 1 0
1 1 0 1 1 0 0 0 1 1
1 1 0 1 0 0 0 0 0 0
1 1 0 1 0 0 0 0 0 0
1 1 1 1 1 1 1 1 1 2
1 0 0 1 0 0 0 0 0 0
1 0 0 1 0 0 0 0 0 0
Maze 11
111 238 3.3114754098 2.2080290710 91 0.397235578850019
84 38 26 30 53 1 59 99 50 80 12 27 14 77 19 84
34 36 400 23 51 51 400 49 400 72 22 24 74 17 14
402 401 400 402 401 401 400 402 400 401 401 401 401 402 402
1 0 0 0 0 0 0 0 0 0
1 1 0 1 1 1 1 1 1 0
1 1 1 1 1 1 1 1 1 1
1 1 1 1 1 1 1 1 0 0
1 1 1 1 0 0 1 0 1 1
1 1 1 1 1 1 1 1 1 1
0 1 0 1 0 0 1 0 1 1
0 1 1 1 1 1 1 1 1 1
0 0 0 2 0 0 0 0 1 0
0 0 0 0 0 0 0 0 1 0
Maze 12
87 75 2.8000000000 2.2739711755 36 0.396687927412578
57 38 58 73 47 48 75 100 86 4 9 49 99 71 14 57
37 400 53 43 400 45 95 96 84 400 400 400 91 11 54
402 400 402 402 400 402 401 401 401 400 400 400 401 402 401
0 0 0 1 1 1 1 1 1 0
1 1 1 1 0 0 0 0 1 0
1 0 0 1 0 0 0 0 1 0
1 0 0 1 0 0 1 1 1 0
1 0 1 1 1 1 1 1 1 0
1 0 1 1 1 1 2 1 1 0
1 0 1 1 1 0 0 0 1 0
1 0 1 1 1 0 0 0 1 0
1 0 0 1 1 1 0 0 1 0
1 1 1 1 1 1 1 1 1 1
Maze 13
99 610 3.5094339623 2.0696655537 77 0.391354749739282
6 16 63 38 56 56 1 19 6 45 5 37 82 8 70 6
400 13 33 36 400 51 11 16 5 400 35 32 2 68 66
400 402 402 402 400 401 401 401 402 400 401 402 402 401 401
1 1 1 1 1 2 1 1 0 0
1 1 1 1 1 1 1 1 1 0
1 1 1 0 1 1 0 1 0 0
1 1 1 1 1 1 1 1 0 0
1 1 1 0 1 1 0 1 0 0
1 1 1 1 1 1 0 1 0 0
0 1 1 0 0 1 1 1 1 1
0 1 0 0 0 0 0 0 0 0
0 1 0 0 0 0 0 0 0 0
0 0 0 0 0 0 0 0 0 0
Maze 14
113 355 3.3214285714 2.0180817907 112 0.391455264045250
11 86 27 2 68 32 92 30 88 87 52 2 44 85 36 11
81 26 22 62 62 400 22 28 400 82 400 42 84 35 31
401 402 401 401 401 400 402 402 400 401 400 401 401 402 401
0 1 0 0 0 0 0 0 0 0
2 1 0 0 0 0 0 0 0 0
1 1 1 1 1 1 1 1 1 1
1 1 1 1 1 1 0 1 0 0
1 1 1 1 1 1 0 1 0 0
1 1 0 1 1 1 0 1 0 0
1 1 1 1 1 1 1 1 0 0
1 1 0 1 1 1 0 1 0 0
1 1 1 1 1 1 1 1 0 0
0 1 0 0 0 0 0 0 0 0
Maze 15
89 35 2.8965517241 2.3262273994 32 0.386412650455082
100 19 26 32 74 93 56 43 83 50 37 94 90 40 10 100
99 16 22 72 73 53 53 400 43 47 34 84 400 400 400
401 402 402 401 402 402 401 400 402 401 402 402 400 400 400
0 0 0 0 0 0 0 0 0 1
0 0 0 0 0 1 1 1 1 1
0 1 1 1 1 1 0 0 1 1
0 1 0 1 1 1 1 0 1 1
0 1 1 1 1 1 1 1 1 1
0 1 1 1 1 1 0 0 1 1
0 1 1 1 0 0 0 0 1 1
0 1 1 1 0 0 0 0 1 1
0 0 1 1 1 1 1 1 1 1
0 0 1 1 0 0 0 0 1 2
Maze 16
85 602 3.0196078431 2.2087334001 40 0.394122496453659
26 57 51 62 42 67 25 38 80 42 25 70 86 91 73 26
56 400 61 400 62 65 35 78 72 22 65 66 81 71 23
401 400 401 400 401 401 401 401 401 402 401 402 402 402 402
0 0 0 0 0 0 0 0 0 0
0 0 0 0 0 0 0 0 0 0
0 1 1 1 1 2 0 0 0 0
0 1 1 0 1 1 1 1 0 0
0 1 1 0 1 1 0 1 0 0
1 1 1 1 1 1 1 1 0 0
1 1 1 1 1 1 1 1 1 1
1 1 1 1 1 1 1 1 1 1
1 1 1 1 1 1 0 0 0 0
1 0 0 0 0 0 0 0 0 0
Maze 17
101 9 3.0000000000 2.2340692958 52 0.392976671817752
30 17 2 95 79 57 49 81 100 73 42 12 39 38 11 30
27 12 92 75 77 47 41 91 93 72 400 32 400 31 21
401 401 401 402 401 402 402 401 401 401 400 401 400 401 401
0 1 0 0 0 0 0 0 0 0
1 1 1 1 1 1 1 0 0 0
1 1 1 1 1 1 1 1 1 2
1 1 1 1 1 1 1 1 1 0
1 1 1 1 1 1 1 1 1 0
1 1 0 0 0 0 1 0 0 0
1 1 0 0 0 0 1 0 0 0
1 1 1 0 1 1 1 1 1 0
1 1 1 0 1 0 0 0 0 0
1 1 1 1 1 1 1 1 1 1
Maze 18
81 57 3.3953488372 2.1042648818 30 0.401180196833368
46 73 52 37 44 21 1 56 13 56 48 34 9 27 64 46
43 72 32 34 41 400 51 53 53 46 44 4 7 24 44
402 401 402 402 401 400 401 401 401 402 401 402 402 402 402
1 0 0 1 1 1 1 1 1 0
1 0 1 1 0 0 1 0 0 0
1 0 1 1 1 1 1 0 0 0
1 1 1 1 1 1 1 0 0 0
1 1 1 1 1 2 1 1 0 0
1 1 1 1 1 1 0 0 0 0
0 1 1 1 0 0 0 0 0 0
0 1 1 0 0 0 0 0 0 0
0 0 0 0 0 0 0 0 0 0
0 0 0 0 0 0 0 0 0 0
Maze 19
109 1884 3.3684210526 2.0956654259 105 0.378623529802937
20 66 85 84 19 84 27 39 82 68 27 1 54 72 88 20
16 65 400 14 14 24 37 32 62 67 21 51 52 82 18
402 402 400 402 402 402 401 402 402 401 401 401 402 401 402
1 0 0 0 0 0 0 0 0 0
1 0 0 1 1 1 1 1 1 2
1 1 1 1 1 1 1 1 0 0
1 1 1 1 1 1 1 1 1 0
1 1 0 1 0 1 1 1 0 0
1 1 1 1 0 1 1 1 0 0
0 1 1 1 1 1 1 1 0 0
0 1 0 1 1 0 0 1 0 0
0 1 1 1 1 1 1 1 0 0
0 0 0 0 0 0 0 0 0 0
Maze 20
93 28 3.3181818182 1.8508588434 19 0.380234309426324
88 73 98 74 78 87 33 81 88 53 33 82 7 33 78 88
83 93 94 400 77 83 31 400 83 400 32 2 3 73 400
401 401 401 400 402 401 402 400 401 400 402 402 402 401 400
0 1 1 1 1 1 1 0 0 0
0 1 1 0 0 0 0 0 0 0
0 1 1 0 0 0 0 0 0 0
1 1 1 0 0 0 0 0 0 0
1 1 1 0 0 0 0 0 0 0
1 1 1 0 0 0 0 0 0 0
1 1 1 0 0 0 0 0 0 0
1 1 1 1 1 1 1 1 0 0
1 1 1 1 1 1 1 2 0 0
0 0 1 1 1 1 1 1 0 0
Maze 21
109 110 3.2857142857 2.1492103785 68 0.361748705190012
9 22 21 89 10 50 8 31 29 48 26 51 42 86 91 9
2 400 81 9 400 48 1 21 28 46 21 41 82 81 1
402 400 401 402 400 401 402 402 402 401 402 402 401 402 402
1 1 1 1 1 1 1 1 2 1
1 1 0 0 0 0 0 1 1 1
1 1 1 1 1 1 1 1 1 1
1 0 0 0 0 1 0 1 1 1
1 1 0 0 0 1 1 1 1 1
1 1 0 0 0 0 0 0 1 0
1 1 0 0 0 0 0 0 1 0
1 1 0 0 0 0 0 0 1 0
1 1 1 1 1 1 1 1 1 0
1 0 0 0 0 0 0 0 0 0
Maze 22
113 473 3.4181818182 2.0340312028 98 0.388024007538951
47 1 74 62 93 7 94 2 72 1 92 40 57 57 26 47
41 71 72 92 3 4 92 400 71 91 32 37 400 56 46
401 401 401 401 402 402 401 400 401 401 402 402 400 401 401
1 1 1 1 1 1 1 0 0 0
1 1 1 1 0 0 0 0 0 0
1 1 1 1 0 1 0 0 0 0
1 1 1 1 1 1 1 1 1 1
1 1 1 1 1 1 2 0 0 0
1 1 1 1 0 1 1 0 0 0
1 1 1 1 0 0 0 0 0 0
1 1 1 1 0 0 0 0 0 0
1 1 1 1 0 0 0 0 0 0
1 1 1 1 0 0 0 0 0 0
Maze 23
87 69 2.8888888889 2.2330575306 35 0.403524437470768
11 31 95 86 23 14 55 83 57 64 100 38 25 14 49 11
400 91 85 83 13 54 53 53 54 94 98 35 24 44 41
400 401 402 401 402 401 402 402 402 401 401 401 401 401 401
0 0 0 0 0 0 0 0 0 0
2 0 1 1 0 0 0 0 0 0
1 0 1 1 1 0 0 0 0 0
1 0 1 1 1 1 1 1 0 0
1 1 1 1 1 1 1 1 1 0
1 0 1 1 1 1 1 1 0 0
1 0 1 1 0 0 0 1 0 0
1 0 1 1 0 0 0 1 0 0
1 0 1 1 1 1 0 1 0 0
1 1 1 1 1 1 1 1 1 1
Maze 24
101 15 3.9487179487 1.9564907374 48 0.398066119700411
91 42 73 71 11 100 95 42 74 62 87 11 43 58 60 91
41 72 400 400 91 400 92 72 72 82 81 41 53 400 51
402 401 400 400 401 400 401 401 401 401 401 401 401 400 402
0 0 0 0 0 0 0 0 0 0
1 0 0 0 0 0 0 0 0 0
1 0 0 0 0 0 0 0 0 0
1 0 0 0 0 0 0 0 0 0
1 1 1 0 0 0 0 0 0 0
1 1 1 1 1 1 1 1 1 1
1 1 0 0 0 0 0 0 0 0
1 1 1 1 0 0 0 0 0 0
1 1 1 1 1 1 1 0 0 0
2 1 1 1 1 1 1 1 1 1
Maze 25
99 10 2.9411764706 1.8926282988 77 0.389119995630713
30 88 96 87 56 32 99 16 98 6 65 16 18 46 80 30
28 86 86 86 52 92 96 96 96 5 15 400 16 76 400
402 402 402 401 401 401 401 401 401 402 402 400 402 401 400
0 0 0 0 1 1 0 0 0 0
0 0 0 0 1 1 1 1 0 0
0 0 0 0 1 1 0 1 1 2
0 1 0 0 1 1 0 1 0 1
0 1 0 0 1 1 0 1 0 1
0 1 1 1 1 1 0 1 0 1
0 1 0 0 1 1 0 1 0 1
0 1 0 0 0 1 1 1 1 1
0 1 0 0 0 1 1 1 0 0
0 1 1 1 1 1 1 1 1 0
Maze 26
95 38 3.5102040816 2.1382786214 56 0.370950576010451
83 98 13 20 61 12 26 13 37 14 25 59 20 69 98 83
93 93 400 11 11 22 23 33 34 24 55 19 19 68 93
401 401 400 402 402 401 401 401 401 401 401 402 402 402 401
0 0 0 0 0 0 0 0 0 0
1 1 1 1 1 1 1 1 1 1
1 1 1 1 1 1 0 0 1 0
1 0 1 1 1 1 1 0 1 0
1 0 1 0 1 0 0 0 1 0
1 0 1 0 1 1 1 1 1 0
1 0 1 0 0 0 0 1 1 0
0 0 1 0 0 0 0 1 0 0
0 0 2 0 0 0 0 1 0 0
0 0 1 1 1 1 1 1 0 0
Maze 27
71 18 2.8444444444 2.0228874408 20 0.397100294993890
49 54 35 25 15 2 57 76 71 11 59 63 44 78 79 49
44 34 400 400 12 52 56 400 400 51 53 43 74 400 400
402 402 400 400 401 401 402 400 400 401 402 402 401 400 400
0 1 0 0 0 0 0 0 0 0
1 1 1 1 1 0 0 0 0 0
1 1 0 0 1 0 0 0 0 0
1 1 0 1 1 0 0 0 0 0
1 1 1 1 1 1 1 1 2 0
1 1 1 1 1 1 1 1 1 0
1 0 1 1 0 1 0 0 1 0
1 1 1 1 1 1 1 1 1 0
0 0 0 0 0 0 0 0 0 0
0 0 0 0 0 0 0 0 0 0
Maze 28
97 109 3.3454545455 2.1621356322 77 0.388229588840997
41 81 77 32 29 46 15 89 29 4 47 74 18 53 33 41
400 71 72 22 26 45 85 400 24 44 44 14 13 400 31
400 402 401 402 402 401 401 400 401 401 402 402 402 400 402
0 0 0 1 0 0 0 0 0 0
0 0 1 1 1 1 1 1 0 0
0 1 1 1 1 1 1 1 1 0
1 1 1 1 1 1 0 0 1 0
2 1 1 1 1 1 1 0 1 0
1 1 1 1 1 0 0 0 1 0
1 1 0 1 1 0 0 0 1 0
1 1 1 1 1 1 1 0 1 0
1 0 0 0 1 1 1 1 1 0
0 0 0 0 0 0 0 0 0 0
Maze 29
81 329 3.0980392157 2.2655160340 35 0.378242160878425
23 30 53 21 34 66 47 89 17 22 65 79 58 75 54 23
400 23 51 31 64 46 87 87 12 62 75 78 55 74 53
400 402 401 401 401 402 401 401 402 401 401 401 402 401 401
0 0 0 0 0 0 0 0 0 0
0 1 1 1 1 1 1 0 0 0
1 1 2 1 1 1 1 1 1 1
1 1 1 1 0 0 1 0 0 0
1 1 1 1 0 1 1 0 0 0
1 1 1 1 1 1 1 1 0 0
0 1 1 1 1 1 1 1 0 0
0 0 0 1 1 1 1 1 1 0
0 0 0 0 0 0 1 1 1 0
0 0 0 0 0 0 0 0 0 0
Maze 30
97 49 3.5294117647 2.1903618002 58 0.384251057633377
4 41 59 51 62 49 20 67 49 3 34 43 40 77 21 4
1 51 400 61 42 19 17 47 43 33 33 33 37 71 1
402 401 400 401 402 402 402 402 401 401 402 402 402 401 402
1 1 1 2 0 0 0 0 0 0
1 0 1 0 0 0 1 1 1 1
1 0 1 0 0 0 1 0 1 0
1 0 1 1 1 1 1 1 1 1
1 1 1 1 1 1 1 1 1 0
1 1 1 1 1 1 1 1 1 0
1 1 0 0 0 0 1 0 0 0
1 1 1 1 1 1 1 0 0 0
0 0 0 0 0 0 0 0 0 0
0 0 0 0 0 0 0 0 0 0
Maze 31
111 68 3.4736842105 2.1529397116 81 0.381001704634792
84 16 70 43 8 26 84 52 21 89 36 67 78 51 80 84
14 66 63 3 6 24 82 51 81 86 66 77 71 71 74
402 401 401 402 402 402 401 401 401 401 401 401 401 401 402
0 0 1 1 1 1 1 1 0 0
0 0 1 1 1 1 0 0 0 0
1 0 1 1 1 1 0 0 0 0
1 0 1 1 0 1 0 0 0 0
1 0 1 1 0 1 0 0 0 0
1 1 1 1 0 1 0 0 0 0
1 1 1 1 1 1 1 1 1 1
1 1 1 1 1 1 1 1 1 1
1 1 1 2 1 1 1 1 1 0
0 0 0 0 0 0 0 0 0 0
Maze 32
73 12 2.4406779661 2.5186762009 16 0.384671286742810
52 32 93 9 27 26 45 34 14 24 59 28 9 100 55 52
400 92 3 7 400 25 44 400 400 54 58 8 99 95 400
400 401 402 402 400 402 401 400 400 401 401 402 401 401 400
0 0 1 1 1 1 1 1 1 0
0 0 1 1 0 0 1 1 1 0
0 0 1 1 1 1 1 1 1 0
0 1 1 1 1 0 0 1 1 0
0 1 1 1 1 0 0 1 1 0
0 2 1 1 1 1 1 1 1 0
0 1 1 0 1 0 0 0 1 0
0 1 1 0 1 0 0 0 1 0
0 1 1 0 1 0 0 0 1 0
0 1 1 0 1 1 1 1 1 1
Maze 33
83 156 3.1372549020 2.2427085094 22 0.372220158902411
95 52 33 44 6 33 15 19 29 71 52 88 15 46 62 95
92 32 43 4 3 13 400 400 21 51 82 85 45 42 92
401 402 401 402 402 402 400 400 402 402 401 401 401 402 401
0 0 1 1 1 1 0 0 0 0
0 0 1 1 1 1 1 1 1 0
1 1 1 1 1 1 1 1 1 0
1 1 1 1 1 0 0 0 0 0
1 1 1 1 1 1 0 0 0 0
1 1 0 0 1 0 0 0 0 0
1 1 0 0 1 0 0 0 0 0
1 1 0 0 1 0 0 0 0 0
0 1 1 1 1 1 1 1 0 0
0 1 1 1 2 0 0 0 0 0
Maze 34
109 38 3.5652173913 1.8519749068 84 0.405916334974210
51 64 37 59 92 83 57 83 97 41 55 60 92 11 9 51
61 34 57 52 82 53 53 93 91 51 400 52 91 1 1
401 402 401 402 402 402 402 401 401 401 400 402 401 402 402
1 1 1 1 1 1 1 1 1 0
1 0 0 0 0 0 0 0 0 0
1 0 0 0 0 0 0 0 0 0
1 0 0 1 1 1 1 0 0 0
1 0 0 1 0 0 1 0 0 0
2 1 1 1 1 1 1 1 1 1
1 1 1 1 0 0 0 0 0 0
1 1 1 0 0 0 0 0 0 0
1 1 1 0 0 0 0 0 0 0
1 1 1 1 1 1 1 0 0 0
Maze 35
105 42 3.8604651163 1.8277255548 86 0.390104739419158
64 5 24 36 53 19 91 12 56 24 42 8 44 6 84 64
4 4 34 33 13 11 11 52 54 22 2 4 4 4 400
402 402 401 402 402 402 402 401 401 402 402 402 402 402 400
0 1 1 1 1 1 1 1 0 0
1 1 1 1 1 1 1 1 1 0
1 1 1 1 0 0 0 0 0 0
1 1 1 1 1 1 0 0 0 0
1 1 1 1 0 0 0 0 0 0
1 1 1 1 1 1 0 0 0 0
1 0 0 2 0 0 0 0 0 0
1 0 0 1 0 0 0 0 0 0
1 0 0 1 0 0 0 0 0 0
1 0 0 0 0 0 0 0 0 0
Maze 36
111 1405 3.3333333333 2.1753695252 97 0.389750368882954
29 17 31 49 58 40 11 95 33 28 44 1 8 73 2 29
27 11 41 48 38 31 91 93 23 24 41 400 3 72 22
401 402 401 402 402 401 401 401 402 402 401 400 402 401 401
1 1 1 1 1 1 1 1 0 0
1 1 1 1 1 1 1 0 0 0
1 1 1 1 1 1 1 1 2 0
1 1 1 1 1 1 1 1 1 1
1 1 1 1 1 1 1 1 1 0
1 1 1 0 0 0 0 1 0 0
1 1 1 0 0 0 0 0 0 0
1 1 1 0 0 0 0 0 0 0
1 0 1 0 0 0 0 0 0 0
1 1 1 1 1 0 0 0 0 0
Maze 37
83 17 2.7916666667 2.1029670512 26 0.392736448669691
77 93 22 11 13 87 42 72 64 54 16 17 62 20 40 77
73 92 21 400 83 82 400 62 400 14 400 12 12 400 37
402 401 401 400 401 401 400 402 400 402 400 402 402 400 402
0 0 0 0 0 0 0 0 0 0
1 1 1 1 1 1 1 1 1 1
1 1 1 1 0 0 0 0 0 1
0 1 1 1 0 0 1 1 1 1
0 1 1 1 0 0 1 0 0 0
0 1 1 1 0 0 1 0 0 0
0 1 1 1 0 0 1 0 0 0
0 1 1 1 1 1 2 0 0 0
0 1 1 1 1 1 1 0 0 0
0 1 1 0 0 0 0 0 0 0
Maze 38
85 21 2.7755102041 1.9755145026 50 0.378549905226577
86 73 94 62 48 90 87 90 61 12 33 48 70 33 3 86
83 93 92 42 88 400 400 81 11 32 43 68 63 400 83
401 401 401 402 401 400 400 401 402 401 401 401 401 400 401
0 0 1 0 0 0 0 0 0 0
1 1 1 0 0 0 0 0 0 0
1 1 1 0 0 0 0 0 0 0
1 1 1 0 0 0 0 0 0 0
1 1 1 1 1 1 1 1 0 0
1 1 1 0 0 0 0 1 0 0
1 1 1 1 1 1 1 1 1 1
1 1 1 0 0 0 0 1 0 0
1 1 1 1 1 2 1 1 1 1
0 1 1 1 0 0 0 0 0 0
Maze 39
91 335 3.0909090909 2.2548680486 56 0.389775665253816
20 12 21 26 28 50 99 15 36 11 61 46 4 50 77 20
400 11 400 400 48 49 95 35 31 400 41 44 44 47 17
400 402 400 400 401 402 401 401 401 400 402 401 401 402 402
0 0 0 1 0 0 0 0 0 0
1 1 1 1 1 1 1 1 1 2
1 1 1 1 1 1 1 1 0 0
1 1 1 1 1 1 1 1 0 0
1 1 1 1 1 1 1 1 1 1
1 0 0 0 1 0 1 0 1 0
1 0 0 0 1 0 1 0 1 0
0 0 0 0 1 0 1 0 1 0
0 0 0 0 1 0 0 0 1 0
0 0 0 0 1 1 1 1 1 0
Maze 40
101 127 2.8484848485 2.2126112110 60 0.359531987150782
46 90 78 39 73 68 87 10 91 95 76 37 2 52 4 46
86 88 38 33 63 67 7 1 400 75 36 32 400 2 44
401 401 402 402 402 402 402 402 400 402 402 401 400 402 401
1 1 1 1 1 1 1 1 1 1
1 1 0 1 0 0 1 0 0 0
1 1 0 1 0 0 1 0 0 0
1 1 1 1 1 1 1 1 1 0
1 1 1 1 1 2 1 1 0 0
1 1 1 0 0 1 1 1 0 0
1 0 1 1 1 1 1 1 0 0
1 0 1 0 1 1 1 1 0 0
1 0 0 0 1 1 1 1 1 1
1 1 1 1 1 0 0 0 0 0
Maze 41
83 40 2.7241379310 2.3033934030 13 0.368490505699356
29 22 97 86 75 16 4 32 13 13 17 83 88 29 100 29
400 92 96 85 15 14 2 12 400 400 13 400 28 99 99
400 401 401 401 402 401 402 402 400 400 402 400 402 401 401
0 1 1 1 0 0 0 0 0 0
0 1 1 1 1 1 1 0 0 0
0 1 1 1 1 1 1 1 2 0
0 1 1 0 1 0 0 1 1 0
0 1 1 0 1 0 0 1 1 0
0 1 1 0 1 0 0 1 1 0
0 1 1 0 1 0 0 1 1 0
0 1 1 0 1 0 0 1 1 0
0 1 1 1 1 1 1 1 1 0
0 1 1 1 1 1 1 0 1 1
Maze 42
107 361 3.2941176471 2.0601645749 98 0.388499496191946
25 35 85 91 11 84 13 91 56 18 3 45 81 27 69 25
400 400 81 400 81 83 11 51 16 13 43 41 21 67 65
400 400 402 400 401 401 402 402 402 401 401 402 402 401 401
0 0 1 0 0 0 0 0 0 0
1 1 1 1 1 1 1 1 0 0
1 1 1 1 2 1 1 0 0 0
1 0 1 0 1 1 1 0 0 0
1 1 1 1 1 1 1 0 0 0
1 1 1 1 1 1 1 0 0 0
1 0 1 0 1 1 1 1 1 0
1 0 1 0 1 0 0 0 0 0
1 1 1 1 1 0 0 0 0 0
1 0 0 0 0 0 0 0 0 0
Maze 43
109 395 3.1803278689 2.1242832090 85 0.375515926692752
100 8 68 79 57 82 2 87 8 32 75 16 70 97 75 100
98 400 78 77 52 400 82 7 2 72 15 66 67 95 95
401 400 401 401 402 400 401 402 402 401 402 401 402 401 401
0 1 1 1 1 1 1 1 0 0
0 1 0 0 1 1 1 1 0 0
0 1 0 0 1 1 1 1 0 0
0 1 0 0 1 1 1 1 0 0
0 1 0 0 1 1 1 1 0 0
0 1 1 1 1 1 1 1 0 0
0 1 0 0 1 1 1 1 1 1
0 1 1 1 1 0 1 1 1 0
0 1 1 1 1 1 1 1 0 0
0 0 0 0 1 1 1 1 1 2
Maze 44
91 458 3.3076923077 2.1567518755 45 0.387287906447621
21 38 44 27 5 98 56 81 85 25 35 92 68 58 75 21
31 34 24 25 95 96 51 400 400 400 32 62 400 55 71
401 402 402 401 401 401 402 400 400 400 402 402 400 402 401
0 0 0 0 1 0 0 0 0 0
0 0 0 0 1 0 0 0 0 0
2 0 0 1 1 1 1 0 0 0
1 1 1 1 1 1 1 1 0 0
1 1 0 1 1 0 0 0 0 0
1 1 1 1 1 1 1 1 0 0
1 1 1 1 1 1 1 1 0 0
1 1 1 1 1 1 0 0 0 0
1 1 1 1 1 1 0 0 0 0
0 1 0 0 1 1 1 1 0 0
Maze 45
77 30 3.2727272727 2.2470388083 22 0.357241150591915
86 66 59 45 11 19 3 93 51 85 73 71 73 92 42 86
400 56 55 41 400 13 400 91 81 83 400 400 72 400 82
400 402 401 401 400 401 400 401 401 401 400 400 402 400 401
0 0 1 0 0 0 0 0 0 0
1 1 1 1 1 1 1 1 1 0
1 0 1 0 0 0 0 0 0 0
1 0 1 0 0 0 0 0 0 0
1 1 1 1 1 0 0 0 0 0
1 1 1 0 1 1 1 1 1 0
1 1 1 0 0 1 0 0 0 0
1 1 1 0 0 1 0 0 0 0
1 1 1 1 1 2 0 0 0 0
1 1 1 0 0 0 0 0 0 0
Maze 46
123 663 3.1384615385 2.0050208700 131 0.384463906885940
88 17 61 41 99 72 84 28 85 46 2 99 34 38 43 88
87 11 400 91 92 82 24 25 45 42 92 94 400 33 83
401 402 400 401 401 401 402 402 402 401 401 401 400 402 401
0 1 0 0 0 0 0 0 0 0
1 1 1 1 1 1 1 0 0 0
1 1 0 1 1 1 1 1 0 0
1 1 1 1 1 1 1 1 0 0
1 1 1 1 1 1 1 0 0 0
1 1 1 1 1 0 1 0 0 0
1 1 1 1 1 0 1 0 0 0
1 1 1 1 1 0 1 0 0 0
1 1 1 1 1 1 1 2 0 0
1 1 1 1 1 1 1 1 1 0
Maze 47
107 272 2.8648648649 2.4701119947 98 0.373533857887760
64 79 80 46 15 94 38 29 100 13 6 41 88 17 60 64
74 400 76 45 14 34 28 99 93 3 1 81 87 57 54
401 400 401 401 402 402 402 401 401 402 402 401 401 401 402
1 1 1 1 1 1 0 0 0 0
1 0 1 1 1 0 1 0 0 0
1 0 1 1 1 0 1 1 1 0
1 0 1 1 1 1 1 1 1 0
1 0 1 1 1 1 1 0 1 0
1 0 1 1 1 1 1 1 1 1
1 0 1 2 0 1 1 0 1 0
1 0 1 1 1 1 1 1 1 1
1 1 1 1 1 1 1 1 1 0
0 0 1 1 1 1 1 1 1 1
Maze 48
117 4389 3.0133333333 2.4377538230 156 0.374323436648743
71 65 100 48 52 19 40 81 87 10 73 16 66 90 66 71
61 95 98 42 12 39 31 400 7 3 13 400 86 86 61
402 401 401 402 402 401 402 400 402 402 402 400 401 401 402
0 0 1 1 1 1 1 1 1 1
0 1 1 1 1 1 1 1 1 0
0 1 1 0 0 1 1 0 1 0
1 1 1 1 1 1 1 1 1 1
1 1 1 1 1 1 1 1 0 0
1 1 1 0 0 1 1 1 0 0
1 1 1 1 1 1 1 1 0 0
2 0 1 0 1 1 1 1 0 0
1 1 1 1 1 1 1 1 1 1
0 0 0 0 1 1 1 1 1 1
Maze 49
113 1313 3.1470588235 2.2810413410 104 0.396833199723769
11 34 99 75 70 92 3 97 58 66 8 77 9 69 19 11
31 94 95 65 62 2 93 57 56 6 7 7 400 400 400
401 401 401 402 402 402 401 402 402 402 402 402 400 400 400
0 1 1 0 0 1 1 1 1 0
2 1 1 1 1 1 1 1 1 0
1 1 1 0 0 1 1 0 1 0
1 1 1 1 0 1 1 0 1 0
0 1 1 1 0 1 1 0 1 0
0 1 1 1 0 1 1 1 1 0
0 1 1 1 1 1 1 1 1 1
0 1 1 1 1 0 1 0 0 0
0 1 1 1 1 0 1 0 0 0
0 1 1 1 1 1 1 1 1 0
Maze 50
107 564 3.0175438596 1.9708340383 120 0.379935834323963
12 71 67 27 88 77 9 60 22 62 7 75 2 36 74 12
11 61 400 87 87 7 59 52 400 2 5 72 32 34 72
402 402 400 401 401 402 401 401 400 402 402 401 401 402 401
0 1 1 1 1 1 1 1 1 0
1 2 0 0 1 0 1 0 1 0
1 1 0 0 1 0 1 0 1 0
1 1 1 1 1 1 1 0 1 0
1 1 0 1 1 0 1 0 1 0
1 1 1 1 1 1 1 1 1 1
1 1 1 1 1 1 1 0 0 0
1 1 1 1 1 0 1 0 0 0
0 0 0 0 0 0 1 1 0 0
0 0 0 0 0 0 0 0 0 0
Maze 51
99 26 3.2558139535 1.9747366924 65 0.386874498614881
64 26 59 64 61 1 84 41 91 87 27 1 71 26 12 64
24 56 54 400 400 81 81 400 81 400 21 400 21 22 62
402 401 402 400 400 401 401 400 402 400 401 400 402 401 401
1 0 0 0 0 0 0 0 0 0
1 1 0 0 0 0 0 0 0 0
1 1 1 1 1 1 1 0 0 0
1 1 0 1 0 1 1 0 0 0
1 1 0 1 0 1 1 0 0 0
1 1 0 1 1 1 1 1 1 0
1 1 1 2 0 0 1 0 0 0
1 0 0 0 0 0 1 0 0 0
1 1 1 1 1 1 1 0 0 0
1 0 0 0 0 0 0 0 0 0
Maze 52
107 349 3.7037037037 2.1285007614 91 0.380718848774595
59 94 50 89 61 41 47 31 29 67 30 72 90 69 36 59
54 44 49 81 400 400 41 21 27 27 22 82 89 66 56
402 402 402 401 400 400 401 402 402 402 402 401 401 401 401
0 0 0 0 0 0 0 0 0 0
0 0 0 0 0 0 0 0 0 0
1 1 1 1 1 1 1 1 1 1
1 1 0 0 0 1 1 0 0 0
1 1 1 1 1 1 1 1 1 1
1 1 0 1 1 1 1 1 2 0
1 1 0 1 0 1 1 1 1 0
1 1 0 1 0 0 0 0 1 0
1 1 1 1 1 1 1 1 1 1
0 0 0 1 0 0 0 0 0 0
Maze 53
65 162 2.7391304348 2.2329640825 13 0.384820940654715
65 75 64 73 34 12 20 47 77 62 71 57 46 32 27 65
400 74 63 33 32 400 17 400 72 61 51 56 42 22 25
400 401 402 402 401 400 402 400 401 402 402 401 401 402 402
0 0 0 0 0 0 0 0 0 0
0 1 1 1 1 1 1 1 1 1
0 1 1 1 1 1 1 0 0 0
0 1 1 1 1 0 1 0 0 0
0 1 1 1 1 1 1 0 0 0
1 1 1 1 1 1 1 0 0 0
1 1 1 1 2 0 1 0 0 0
1 1 1 1 1 1 1 0 0 0
0 0 0 0 0 0 0 0 0 0
0 0 0 0 0 0 0 0 0 0
Maze 54
95 177 3.4285714286 2.0032876006 60 0.387654614432031
68 24 78 51 31 8 55 34 65 96 68 89 43 88 94 68
64 74 71 400 1 5 54 64 95 66 88 83 83 84 64
401 401 401 400 402 402 401 401 401 402 401 401 401 402 402
1 1 1 1 1 1 1 1 0 0
1 0 0 0 1 0 0 0 0 0
1 0 0 1 1 0 0 0 0 0
1 0 0 1 1 0 0 0 0 0
1 0 1 1 1 0 0 0 0 0
1 0 1 1 1 0 0 0 0 0
1 0 1 1 1 1 1 2 0 0
1 1 1 1 1 1 1 1 0 0
0 0 1 1 1 1 1 1 1 0
0 0 0 1 1 1 0 0 0 0
Maze 55
77 70 3.1111111111 2.2282984634 26 0.368463000650329
57 100 78 69 75 75 91 63 66 34 57 77 53 48 1 57
97 98 68 65 400 71 61 400 64 54 400 73 43 41 51
401 401 402 402 400 402 402 400 401 401 400 401 402 401 401
1 0 0 0 0 0 0 0 0 0
1 0 0 0 0 0 0 0 0 0
1 0 0 0 0 0 0 0 0 0
1 0 0 1 0 0 0 0 0 0
1 1 1 1 1 1 1 1 0 0
1 1 1 1 1 1 2 0 0 0
1 1 1 1 1 1 1 1 1 0
1 1 1 1 1 1 1 1 0 0
1 0 0 0 0 0 1 1 0 0
1 0 0 0 0 0 1 1 1 1
Maze 56
89 211 3.0526315789 2.3333022836 45 0.363237080399884
95 45 93 70 23 28 8 42 96 24 24 24 42 16 57 95
400 43 63 63 400 400 2 92 94 400 400 22 12 56 55
400 402 402 401 400 400 402 401 401 400 400 402 402 401 402
0 1 1 1 1 1 1 1 0 0
0 1 1 1 1 1 0 1 0 0
0 1 1 1 1 1 1 1 0 0
0 1 1 1 0 1 0 0 0 0
0 1 1 1 1 1 0 0 0 0
0 1 1 1 1 1 1 0 0 0
0 1 1 1 1 1 1 1 1 1
0 1 1 1 1 0 0 0 0 0
0 1 1 1 1 0 0 0 0 0
0 1 1 1 2 1 0 0 0 0
Maze 57
107 151 3.1785714286 2.0666966352 105 0.396793360146454
1 77 100 13 86 91 31 47 88 87 13 43 26 78 12 1
71 97 93 83 81 400 41 87 400 83 400 23 76 72 11
401 401 401 401 402 400 401 401 400 401 400 402 401 401 401
2 0 0 0 0 0 0 0 0 0
1 1 1 0 0 0 0 0 0 0
1 1 1 1 1 1 0 0 0 0
1 1 1 0 0 1 0 0 0 0
1 1 1 1 1 1 1 0 0 0
1 1 1 0 0 1 1 0 0 0
1 1 1 0 0 1 1 0 0 0
1 1 1 1 1 1 1 1 0 0
1 1 1 1 1 1 1 1 0 0
1 0 1 1 1 1 1 1 1 1
Maze 58
101 295 2.7457627119 2.0932335658 77 0.361109055031865
20 84 86 56 74 60 99 7 61 46 7 1 77 86 86 20
14 400 400 54 54 59 97 1 41 6 400 71 76 400 16
402 400 400 402 402 402 401 402 402 402 400 401 402 400 402
1 1 1 1 1 1 1 0 0 0
1 0 0 1 1 1 1 1 1 2
1 0 0 1 0 1 1 0 0 0
1 0 0 1 0 1 1 0 0 0
1 1 1 1 1 1 1 0 0 0
1 0 0 1 1 1 1 1 1 1
1 0 0 1 0 1 1 0 1 0
1 1 1 1 1 1 1 0 1 0
0 0 0 1 1 1 1 0 1 0
0 0 0 0 0 0 1 1 1 0
Maze 59
89 54 3.1153846154 2.3501761872 41 0.380846334020471
47 61 4 18 33 34 89 70 39 53 36 39 59 11 63 47
41 1 14 13 400 84 69 69 33 33 400 400 51 61 43
402 402 401 402 400 401 402 401 402 402 400 400 401 401 402
1 1 1 1 0 0 0 0 0 0
1 0 1 1 1 1 1 1 0 0
1 0 1 0 0 0 0 0 0 0
1 0 1 1 1 1 1 1 1 0
1 1 1 1 1 1 2 0 1 0
1 1 1 1 1 1 1 1 1 0
1 1 1 1 0 0 0 0 1 1
0 0 0 1 0 0 0 0 1 0
0 0 0 1 1 1 1 1 1 0
0 0 0 0 0 0 0 0 0 0
Maze 60
105 73 3.5918367347 1.9263251758 77 0.374998544011417
73 15 95 8 3 4 51 9 37 63 38 26 41 45 99 73
13 400 5 400 400 1 1 7 33 33 36 21 400 95 93
402 400 402 400 400 402 402 402 402 402 401 402 400 401 401
1 1 1 1 1 1 1 1 1 0
1 0 1 1 1 0 1 0 0 0
1 1 1 1 1 1 1 0 0 0
1 0 1 1 1 1 1 1 0 0
1 1 1 1 1 0 0 0 0 0
1 0 1 0 1 0 0 0 0 0
0 0 1 0 1 0 0 0 0 0
0 0 2 0 1 0 0 0 0 0
0 0 1 0 1 0 0 0 0 0
0 0 1 1 1 1 1 1 1 0
Maze 61
133 1056 3.4754098361 2.0474775273 201 0.391288504273645
39 96 57 91 7 34 81 87 84 30 96 1 76 22 51 39
36 56 51 1 4 31 400 400 24 26 91 71 72 21 31
402 402 402 402 402 402 400 400 402 402 401 401 401 402 402
1 1 1 1 1 1 1 0 0 0
1 0 0 1 0 0 0 0 0 0
1 1 0 1 1 1 1 1 1 1
1 1 1 1 1 1 1 1 2 0
1 1 0 1 0 1 0 0 0 0
1 1 1 1 1 1 1 0 0 0
1 1 0 1 0 1 0 0 0 0
1 1 1 1 1 1 0 0 0 0
1 1 1 1 1 1 1 0 0 0
1 1 1 1 1 1 0 0 0 0
Maze 62
95 111 3.5319148936 2.1173913687 84 0.369205782098639
48 69 94 59 74 48 66 25 86 39 7 63 51 67 95 48
68 64 54 54 44 46 65 85 36 37 3 61 61 65 45
401 402 402 402 402 402 401 401 402 401 402 401 401 402 402
0 0 1 1 1 1 1 0 0 0
0 0 1 0 0 0 1 0 0 0
0 0 1 0 1 0 1 0 0 0
0 0 1 0 1 1 1 1 1 0
0 0 1 1 1 1 1 2 0 0
1 0 1 1 1 1 1 1 1 0
1 1 1 1 1 1 1 1 1 0
0 0 0 1 1 1 0 0 0 0
0 0 0 1 1 1 0 0 0 0
0 0 0 1 1 0 0 0 0 0
Maze 63
83 33 3.0800000000 2.1809893109 30 0.359694986672357
88 79 91 77 29 90 83 43 22 63 56 23 4 82 92 88
78 71 71 27 89 400 400 42 62 53 53 3 2 400 82
402 402 402 402 401 400 400 401 401 402 401 402 402 400 402
0 1 1 1 0 0 0 0 0 0
0 1 1 0 0 0 0 0 0 0
0 1 1 0 0 0 1 1 1 0
0 1 1 0 0 0 1 0 1 0
0 1 1 0 0 0 1 0 1 0
0 1 1 1 1 1 1 0 1 0
0 1 1 0 0 0 1 0 1 0
1 1 1 1 1 1 1 1 1 0
1 1 1 1 1 1 1 2 1 1
1 1 0 0 0 0 0 0 0 0
Maze 64
91 524 2.6176470588 2.4378851658 50 0.402649310347753
18 22 16 96 45 93 98 88 67 79 51 7 87 72 35 18
12 12 400 95 43 400 400 87 77 71 1 400 82 32 15
402 402 400 401 402 400 400 401 401 401 402 400 401 402 402
1 1 1 1 1 1 1 0 0 0
1 1 1 1 1 1 1 2 0 0
1 1 0 0 1 1 1 0 0 0
1 1 1 1 1 1 1 0 0 0
1 1 1 1 1 1 1 0 0 0
1 1 1 0 1 1 1 0 0 0
1 1 1 0 1 1 1 0 0 0
1 1 1 1 1 1 1 1 1 0
0 1 1 1 1 1 1 1 0 0
0 0 1 1 1 1 1 1 0 0
Maze 65
99 7482 3.4545454545 2.2465058196 84 0.393977248782263
34 75 50 32 64 31 38 6 97 60 94 73 86 18 68 34
74 45 42 62 61 400 36 96 57 54 93 83 16 400 64
401 402 401 401 401 400 401 401 402 402 401 401 402 400 401
0 0 0 0 0 1 0 0 0 0
0 0 0 0 0 1 1 1 0 0
0 0 0 0 0 1 0 1 0 0
1 1 1 2 1 1 1 1 0 0
1 1 1 1 1 1 1 1 1 1
1 1 0 1 1 1 1 1 1 1
1 1 1 1 1 1 1 1 0 0
0 0 1 1 1 1 1 0 0 0
0 0 1 1 1 1 1 0 0 0
0 0 1 1 0 1 1 0 0 0
Maze 66
89 66 3.2156862745 2.1837316244 50 0.403164625564822
93 26 49 92 66 33 47 89 57 7 36 27 10 29 60 93
23 46 42 62 63 43 87 87 400 6 26 7 9 59 53
402 401 402 402 401 401 401 401 400 402 402 402 402 401 402
0 0 0 0 0 1 1 1 1 1
0 0 0 0 0 1 1 0 1 0
0 0 1 1 1 1 1 0 1 0
0 0 1 0 0 1 1 0 1 0
0 1 1 1 1 1 1 1 1 0
0 1 1 1 1 1 1 1 1 1
0 1 1 1 1 1 1 0 0 0
0 1 1 0 0 0 1 0 0 0
0 1 1 0 0 0 1 1 1 0
0 1 2 0 0 0 0 0 0 0
Maze 67
67 103 2.9500000000 2.0685460481 20 0.414499428140407
18 63 55 5 26 66 86 67 48 86 75 58 97 45 54 18
13 53 400 25 400 400 66 47 46 85 55 57 95 44 14
402 402 400 401 400 400 402 402 402 401 402 402 401 402 402
0 0 0 0 1 0 0 0 0 0
0 0 1 1 1 1 1 2 0 0
0 0 1 1 1 1 0 0 0 0
0 0 1 1 1 1 0 0 0 0
0 0 1 1 1 1 1 1 0 0
0 0 1 1 1 1 1 1 0 0
0 0 1 0 1 1 1 0 0 0
0 0 0 0 1 1 1 0 0 0
0 0 0 0 1 1 1 0 0 0
0 0 0 0 1 1 1 0 0 0
Maze 68
121 214 3.1935483871 1.9906159924 100 0.384441463737332
100 79 17 3 80 44 98 71 9 54 84 89 23 79 76 100
99 77 13 73 74 94 91 1 4 400 400 83 73 400 96
401 401 401 401 401 401 401 402 402 400 400 401 401 400 401
1 1 1 1 1 1 1 1 1 0
1 0 1 1 1 1 1 0 0 0
1 0 1 1 0 0 1 0 0 0
1 0 1 1 0 0 1 0 0 0
1 0 1 1 0 0 1 0 0 0
1 0 1 1 0 0 1 0 0 0
1 0 1 1 0 0 1 0 0 0
1 0 1 1 1 1 1 1 1 1
1 0 1 1 1 1 1 1 1 0
1 1 1 1 1 1 1 1 1 2
Maze 69
99 170 3.0000000000 1.9414247824 77 0.387293077021414
49 56 58 50 96 22 26 54 51 28 52 8 57 12 62 49
46 400 48 46 92 400 24 400 21 22 2 7 52 400 42
402 400 402 402 401 400 402 400 402 402 402 402 401 400 402
0 1 1 1 1 1 1 1 0 0
0 1 0 0 0 0 1 0 0 0
1 1 1 1 1 1 1 1 0 0
1 1 0 1 0 0 1 0 0 0
1 1 1 1 1 1 1 1 2 1
1 1 1 1 1 1 1 1 0 0
0 1 0 0 0 1 0 0 0 0
0 1 0 0 0 1 0 0 0 0
0 1 0 0 0 1 0 0 0 0
0 1 1 1 1 1 0 0 0 0
Maze 70
91 31 2.9333333333 2.2847360612 36 0.398103737158135
86 42 48 75 63 34 3 65 40 5 79 10 100 79 67 86
82 400 45 73 33 33 63 35 35 75 9 400 99 77 66
401 400 402 401 402 401 401 402 401 401 402 400 401 401 402
0 0 1 0 1 0 0 0 1 1
0 0 1 0 1 0 0 0 1 1
0 0 1 0 1 0 0 0 1 1
0 0 1 1 1 1 1 1 1 1
0 1 1 1 1 1 1 1 1 1
0 1 1 0 1 0 0 0 1 1
0 1 1 1 1 1 1 0 1 1
0 1 1 1 1 1 1 1 1 1
0 1 1 1 1 2 0 0 1 1
0 0 0 0 0 0 0 0 1 1
Maze 71
81 2065 2.8214285714 2.3311831654 26 0.360839012630638
91 85 67 7 89 8 46 83 52 42 66 49 19 26 54 91
81 65 400 87 88 6 43 82 400 62 46 400 16 24 51
402 402 400 401 401 402 402 401 400 401 402 400 402 402 402
0 0 0 0 0 1 1 1 0 0
0 0 0 0 0 1 1 1 1 0
0 0 0 1 1 1 1 1 1 0
0 0 0 1 0 1 1 1 1 0
0 1 1 1 1 1 1 1 1 0
1 1 1 1 0 1 1 1 0 0
1 1 1 1 1 1 1 1 0 0
1 1 1 0 1 0 1 1 0 0
1 1 1 1 1 0 1 1 1 0
2 0 0 0 0 0 0 0 0 0
Maze 72
85 3 3.0638297872 1.9951367140 56 0.361570432982922
54 40 98 9 51 4 40 8 28 25 28 76 87 75 84 54
34 38 8 1 1 34 38 400 400 400 26 86 85 74 400
402 402 402 402 402 401 401 400 400 400 402 401 401 402 400
1 1 1 1 1 1 1 1 1 0
1 0 0 1 0 0 0 1 0 0
1 0 0 1 1 1 1 1 0 0
1 0 0 1 1 1 1 1 1 1
1 0 0 1 0 1 0 1 0 0
1 0 0 2 0 1 0 1 0 0
0 0 0 1 0 1 0 1 0 0
0 0 0 1 1 1 0 1 0 0
0 0 0 1 1 1 1 1 0 0
0 0 0 0 0 0 0 1 0 0
Maze 73
85 346 3.2727272727 1.9562299112 45 0.383053405103310
5 65 37 69 84 17 65 14 29 29 38 83 79 28 47 5
400 35 67 64 14 15 64 24 400 28 33 73 78 27 45
400 402 401 402 402 402 401 401 400 402 402 402 401 402 401
0 0 0 0 2 0 0 0 0 0
0 0 0 1 1 1 1 0 0 0
0 0 0 1 1 1 1 1 1 0
0 0 1 1 1 1 1 1 0 0
0 0 1 1 1 1 1 1 0 0
0 0 1 1 1 0 1 1 0 0
0 0 1 1 1 1 1 1 1 0
0 0 1 1 1 1 1 1 1 0
0 0 1 1 0 0 0 0 0 0
0 0 0 0 0 0 0 0 0 0
Maze 74
107 107 2.9552238806 2.3431119864 70 0.403647011877745
49 31 4 9 74 81 19 24 62 39 28 68 100 4 28 49
41 1 400 4 71 11 14 22 32 38 400 98 94 24 48
401 402 400 402 402 402 402 402 402 401 400 401 401 401 401
1 1 1 1 1 1 1 1 1 0
1 1 1 1 1 1 1 1 1 0
1 1 1 1 1 1 1 1 0 0
1 1 1 1 1 1 1 1 1 0
1 1 1 1 1 1 1 1 2 0
1 1 0 1 0 0 0 1 0 0
1 1 0 1 0 0 0 1 0 0
1 1 1 1 0 0 0 1 0 0
1 0 0 1 0 0 0 1 0 0
0 0 0 1 1 1 1 1 1 1
Maze 75
109 97 3.1290322581 2.1845061249 104 0.364818432971293
25 74 45 99 40 66 7 20 72 81 66 91 70 17 86 25
24 44 95 39 36 6 17 12 71 61 61 61 67 16 85
402 402 401 402 402 402 401 402 402 402 402 402 401 402 401
0 0 0 0 0 1 1 0 0 0
0 1 1 1 1 1 1 1 1 1
0 1 0 1 2 1 1 0 0 0
0 1 0 1 1 1 1 1 1 1
0 1 0 1 1 1 1 0 1 0
0 1 0 1 1 1 1 0 1 0
1 1 1 1 1 1 1 1 1 1
1 1 0 1 1 1 0 0 1 0
1 0 0 0 1 1 0 0 1 0
1 0 0 0 1 1 1 1 1 0
Maze 76
83 23 3.2272727273 2.1042648818 20 0.392826209064209
58 18 9 98 94 92 57 61 62 11 66 59 66 38 31 58
400 8 8 400 400 52 51 400 61 61 56 56 36 400 51
400 402 402 400 400 402 402 400 401 401 402 402 402 400 401
0 0 0 0 0 0 0 1 1 0
1 0 0 0 0 0 0 1 0 0
1 0 0 0 0 0 0 1 0 0
1 1 1 1 1 1 1 1 0 0
1 0 0 0 0 1 0 1 0 0
1 1 1 1 1 1 1 2 1 0
1 1 1 1 1 1 0 1 0 0
0 1 0 0 0 0 0 1 0 0
0 1 0 0 0 0 0 1 0 0
0 1 1 1 1 1 1 1 0 0
Maze 77
97 39 3.0333333333 2.2312033591 64 0.393413402980040
14 20 44 98 32 98 69 90 8 8 16 47 85 80 23 14
400 14 94 92 92 68 89 88 400 6 46 45 75 73 13
400 402 401 401 401 402 401 401 400 402 401 402 402 401 402
0 0 0 0 0 1 1 1 0 0
0 0 1 2 1 1 1 1 1 1
0 0 1 1 0 1 0 1 0 0
0 1 1 1 0 1 0 1 0 0
0 1 1 1 1 1 1 1 0 0
0 1 1 1 1 0 0 1 0 0
0 1 1 1 1 0 0 1 1 0
0 1 1 1 1 1 1 1 1 1
0 1 0 1 1 0 0 1 1 1
0 1 1 1 1 1 1 1 0 0
Maze 78
105 4741 3.4545454545 2.1976385809 98 0.388142294240055
37 21 90 46 82 74 25 87 14 76 91 59 36 8 37 37
31 81 86 42 72 24 85 84 74 71 51 56 6 7 400
401 401 401 402 402 402 401 401 401 402 402 401 402 402 400
0 0 0 0 0 1 1 1 0 0
0 0 0 1 0 1 1 0 0 0
1 0 0 1 1 1 1 0 0 0
1 1 1 1 1 1 2 0 0 0
1 1 1 1 1 1 0 0 0 0
1 1 1 1 1 1 1 1 1 0
1 1 0 1 1 1 0 0 0 0
1 1 1 1 1 1 0 0 0 0
1 1 1 1 1 1 1 1 1 1
1 0 0 0 0 0 0 0 0 0
Maze 79
79 35 2.9200000000 2.2121281637 26 0.362502233470612
43 87 46 29 53 61 37 82 92 99 86 44 58 36 43 43
83 86 26 23 51 31 32 400 400 96 84 54 56 33 400
401 401 402 402 402 402 402 400 400 401 401 401 401 402 400
0 0 0 0 0 0 0 0 0 0
0 0 0 0 0 0 0 0 0 0
0 0 1 1 1 1 1 1 1 0
1 1 1 1 1 1 1 0 0 0
1 1 2 1 0 1 0 0 0 0
1 1 1 1 1 1 1 1 0 0
1 1 1 1 0 1 0 0 0 0
0 1 1 1 0 1 0 0 0 0
0 1 1 1 1 1 1 0 0 0
0 1 1 1 1 1 1 1 1 0
Maze 80
85 141 2.9811320755 2.2304195997 50 0.371518437263252
69 64 51 94 22 24 31 49 79 58 79 6 93 65 62 69
400 61 91 92 400 21 41 400 78 78 76 3 63 400 400
400 401 401 401 400 402 401 400 401 401 401 402 402 400 400
0 0 1 1 1 1 0 0 0 0
0 0 1 0 0 1 0 0 0 0
1 1 1 1 0 1 0 0 0 0
1 1 1 0 0 1 0 0 0 0
1 1 1 1 1 1 1 1 1 0
1 1 1 0 0 1 0 1 1 0
1 1 1 1 1 1 1 1 2 0
1 1 1 0 0 1 1 1 1 0
1 1 1 0 0 0 0 0 0 0
1 1 1 1 0 0 0 0 0 0
Maze 81
101 234 3.6170212766 1.9577917400 71 0.395212086855976
51 77 62 59 54 31 78 15 66 33 68 58 84 18 28 51
71 72 52 400 51 71 75 65 63 63 400 54 14 400 21
401 401 402 400 401 401 401 401 401 401 400 402 402 400 402
0 0 0 0 0 0 0 0 0 0
0 0 0 1 1 1 1 1 0 0
1 1 1 1 1 1 1 1 0 0
1 0 1 1 1 0 0 0 0 0
1 0 1 1 1 0 0 0 0 0
2 1 1 1 1 1 1 1 1 0
1 1 1 1 1 1 1 1 0 0
1 1 1 1 1 1 1 1 0 0
0 0 0 1 0 0 0 0 0 0
0 0 0 0 0 0 0 0 0 0
Maze 82
115 43 3.1379310345 1.9874666352 139 0.386526991420697
94 4 18 91 85 29 40 79 14 68 21 88 55 57 70 94
400 14 11 81 25 39 39 74 64 61 81 85 400 67 64
400 401 402 402 402 401 402 401 401 401 401 401 400 401 402
0 0 0 1 0 0 0 0 0 0
1 1 1 1 1 1 1 1 0 0
1 0 0 1 1 1 1 1 1 0
1 0 0 1 1 0 0 0 1 1
1 0 0 1 1 0 0 0 1 0
1 0 0 1 1 1 1 0 1 0
1 1 1 1 1 1 1 1 1 1
1 0 0 1 1 1 1 1 1 0
1 1 1 1 1 1 1 1 0 0
1 0 0 2 0 0 0 0 0 0
Maze 83
85 136 2.8148148148 2.1924125492 36 0.397512816284415
57 73 87 96 51 33 56 57 71 4 27 69 89 25 79 57
53 83 86 91 31 53 400 51 1 24 67 400 85 75 77
402 401 402 401 402 401 400 402 402 401 401 400 401 401 401
1 1 1 1 0 0 0 0 0 0
1 0 0 1 0 0 0 0 0 0
1 0 0 1 1 1 1 0 0 0
1 1 1 0 1 0 1 0 0 0
1 0 1 0 1 0 1 0 0 0
1 1 1 1 1 1 2 0 0 0
1 0 1 0 1 0 1 1 1 0
1 0 1 0 1 1 1 1 1 0
1 0 1 1 1 1 1 1 1 0
1 1 1 1 1 1 0 0 0 0
Maze 84
83 33 3.4444444444 1.8043847446 35 0.388427204475966
75 40 32 36 32 59 84 62 22 42 25 58 62 13 14 75
35 400 400 400 52 54 82 400 400 22 55 52 12 400 74
402 400 400 400 401 402 401 400 400 402 401 402 402 400 401
0 0 0 0 0 0 0 0 0 0
0 1 1 1 0 0 0 0 0 0
0 1 1 1 1 0 0 0 0 0
0 1 1 1 1 1 1 1 1 1
0 1 0 1 1 0 0 0 0 0
0 1 1 1 1 1 1 1 1 0
0 1 0 1 1 0 0 0 0 0
0 1 0 1 2 0 0 0 0 0
0 1 1 1 0 0 0 0 0 0
0 0 0 0 0 0 0 0 0 0
Maze 85
93 4 3.1153846154 2.1945283944 56 0.372638303775002
81 48 15 1 6 71 70 85 41 31 87 79 65 86 95 81
41 45 11 400 1 61 65 81 400 81 77 75 85 85 91
402 401 401 400 402 402 402 401 400 401 402 401 401 402 401
1 1 1 1 1 1 0 0 0 0
1 1 1 1 1 0 0 0 0 0
1 0 0 0 1 0 0 0 0 0
1 0 0 0 1 0 0 0 0 0
1 1 1 1 1 1 1 1 0 0
1 0 0 0 0 0 0 0 0 0
1 1 1 1 1 1 1 1 1 1
1 0 0 0 1 1 1 1 1 0
2 1 1 1 1 1 1 0 0 0
1 1 1 1 1 0 0 0 0 0
Maze 86
85 102 3.0800000000 2.1425375218 40 0.380312746276262
77 23 54 6 24 25 56 37 17 33 26 96 2 53 4 77
73 53 4 4 400 55 36 400 13 23 400 92 52 3 74
401 401 402 402 400 401 402 400 402 402 400 401 401 402 401
0 1 1 1 1 1 0 0 0 0
0 1 1 1 1 1 1 0 0 0
0 1 1 1 1 1 1 0 0 0
0 1 1 1 1 1 1 0 0 0
0 1 1 1 1 1 0 0 0 0
0 1 1 1 1 1 0 0 0 0
0 1 1 1 0 1 0 0 0 0
0 1 1 1 1 1 2 0 0 0
0 1 0 0 0 1 0 0 0 0
0 1 1 1 1 1 0 0 0 0
Maze 87
89 189 2.9824561404 2.2996439890 44 0.409691455945161
3 17 21 6 59 68 27 79 63 49 68 41 58 30 26 3
13 11 1 56 58 67 77 73 43 48 61 51 28 400 23
401 402 402 401 402 401 401 401 402 402 401 401 402 400 401
1 1 2 1 1 1 0 0 0 0
1 1 1 1 1 1 1 0 0 0
1 0 1 1 1 1 1 1 1 1
0 0 0 0 0 1 1 1 0 0
1 0 1 1 1 1 1 1 1 0
1 1 1 1 1 1 1 1 1 0
1 1 1 1 1 1 1 1 0 0
0 0 1 1 1 1 1 1 1 0
0 0 0 0 0 0 0 0 0 0
0 0 0 0 0 0 0 0 0 0
Maze 88
101 38 2.4810126582 2.4891876124 64 0.364783553566135
91 99 40 48 78 34 62 87 20 8 25 93 29 10 8 91
400 39 38 400 74 32 82 17 18 5 23 23 9 400 1
400 402 402 400 401 402 401 402 401 402 402 402 402 400 402
1 1 1 1 1 1 1 1 1 1
1 0 0 0 1 0 1 1 1 1
1 0 1 1 1 1 1 1 1 0
1 1 1 1 0 0 1 1 1 1
1 1 1 1 0 0 1 1 1 0
1 1 1 1 0 0 1 1 1 0
1 1 1 1 0 0 1 1 1 0
1 1 1 1 1 1 1 1 1 0
1 1 1 1 1 1 1 0 1 0
2 1 1 1 1 1 1 1 1 0
Maze 89
83 18 2.9795918367 2.1525993444 35 0.371659338343803
32 52 96 40 50 43 16 32 34 46 97 45 53 7 62 32
400 92 36 400 400 13 12 400 44 96 95 43 3 2 400
400 401 402 400 400 402 402 400 401 401 401 402 402 402 400
0 1 1 1 1 1 1 0 0 0
0 1 1 1 1 1 0 0 0 0
0 1 1 0 0 0 0 0 0 0
0 2 1 1 0 1 1 1 1 1
0 1 1 1 1 1 1 1 1 1
0 1 1 0 1 1 0 0 0 0
0 1 0 0 1 1 0 0 0 0
0 1 0 0 1 1 0 0 0 0
0 1 0 0 1 1 0 0 0 0
0 1 1 1 1 1 1 0 0 0
Maze 90
77 12 3.0000000000 2.0514493790 30 0.362997447473608
68 70 31 73 86 67 27 22 4 32 65 31 54 47 7 68
400 61 71 83 66 400 400 2 2 62 61 51 44 400 67
400 401 401 401 402 400 400 402 402 401 401 401 402 400 401
0 1 1 1 0 0 1 0 0 0
0 1 0 0 0 0 1 0 0 0
0 1 1 1 1 1 1 0 0 0
1 1 0 0 0 0 1 0 0 0
1 1 0 1 1 1 1 0 0 0
1 1 1 1 0 0 1 0 0 0
1 1 1 1 1 1 1 2 1 1
1 1 1 0 0 1 0 0 0 0
0 0 1 1 1 1 0 0 0 0
0 0 0 0 0 0 0 0 0 0
Maze 91
105 18 3.6744186047 1.9513479019 48 0.372182575703538
93 74 95 12 81 33 8 35 28 22 91 33 21 85 2 93
73 94 92 11 31 3 5 25 400 21 31 31 81 82 92
402 401 401 402 402 402 402 402 400 402 402 401 401 401 401
0 1 1 1 1 1 1 1 0 0
1 1 1 0 1 0 0 0 0 0
1 1 1 1 1 1 1 1 0 0
1 1 1 0 1 0 0 0 0 0
1 1 0 0 0 0 0 0 0 0
1 1 0 0 0 0 0 0 0 0
1 1 0 0 0 0 0 0 0 0
1 1 1 1 0 0 0 0 0 0
1 1 1 1 1 0 0 0 0 0
1 1 2 1 1 0 0 0 0 0
Maze 92
113 555 3.0303030303 2.2742792991 90 0.391892526086766
75 80 91 4 50 32 36 98 71 12 42 29 97 55 81 75
400 71 1 44 42 400 96 91 11 400 22 27 95 51 71
400 402 402 401 401 400 401 401 402 400 402 402 401 402 402
1 1 1 1 0 0 0 0 0 0
1 1 0 1 0 0 0 0 0 0
1 1 1 1 1 1 1 1 1 0
1 1 1 1 1 1 1 0 0 0
1 1 1 1 1 1 1 1 1 1
1 1 1 1 1 1 1 0 0 0
1 0 0 0 1 1 1 0 0 0
1 1 1 1 2 1 1 1 1 1
1 0 0 0 1 1 1 0 0 0
1 1 1 1 1 1 1 1 0 0
Maze 93
105 538 3.3793103448 2.2742404594 94 0.378444448300952
39 22 51 46 30 66 68 33 84 7 59 9 11 81 9 39
32 21 41 26 26 400 63 83 4 57 400 1 400 1 400
401 402 402 402 402 400 401 401 402 401 400 402 400 402 400
1 1 1 1 1 1 1 1 1 0
1 0 0 1 0 0 1 0 1 0
1 1 0 1 0 1 1 1 1 1
1 1 1 1 1 1 1 1 2 0
1 1 1 1 1 1 1 0 1 0
1 0 1 1 0 1 1 1 1 0
1 0 1 1 1 1 1 1 0 0
1 0 1 1 0 0 0 0 0 0
1 0 1 1 0 0 0 0 0 0
0 0 0 0 0 0 0 0 0 0
Maze 94
75 24 3.1250000000 2.3162017482 19 0.360712776667789
32 39 10 9 33 80 21 23 42 41 73 60 59 39 32 32
400 9 400 3 73 71 400 22 400 71 53 400 400 400 400
400 402 400 402 401 401 400 402 400 401 402 400 400 400 400
0 0 1 1 1 1 1 1 1 1
0 0 1 0 0 0 0 0 1 0
1 1 1 0 0 0 0 0 1 0
1 2 1 1 1 1 1 1 1 0
1 1 1 0 0 0 0 0 1 0
1 0 1 1 1 1 1 1 1 1
1 0 1 0 0 0 0 0 0 0
1 1 1 1 1 1 1 1 1 1
0 0 0 0 0 0 0 0 0 0
0 0 0 0 0 0 0 0 0 0
Maze 95
81 20 3.1063829787 2.2015895029 30 0.380199306010443
60 34 17 15 98 85 95 84 58 38 70 69 91 43 71 60
54 14 400 95 95 400 94 54 400 68 400 61 41 41 51
401 402 400 401 401 400 401 402 400 401 400 402 402 402 402
0 0 0 0 0 0 0 0 0 0
0 0 0 1 1 1 1 0 0 0
0 0 0 1 1 0 0 0 0 0
0 0 0 1 1 0 0 1 0 0
1 1 1 1 1 0 0 1 0 0
1 1 1 1 1 1 1 1 1 2
1 1 1 1 1 1 1 1 1 1
1 0 0 1 1 0 0 0 0 0
1 0 0 1 1 0 0 0 0 0
1 0 0 1 1 1 1 1 0 0
Maze 96
121 1793 3.0909090909 2.0859111062 148 0.376586713792836
71 87 79 94 40 9 49 88 20 43 97 70 81 20 93 71
81 77 74 34 39 400 48 18 13 93 67 61 11 13 91
401 402 402 402 401 400 402 402 402 401 402 402 402 402 401
0 0 0 0 0 0 0 0 1 0
1 1 1 1 1 1 1 1 1 1
1 0 1 0 0 0 0 1 1 0
1 0 1 1 1 1 1 1 1 1
1 0 1 1 0 0 0 1 1 0
1 0 1 1 0 0 0 1 0 0
1 1 1 1 1 1 1 1 1 1
2 0 1 1 1 1 1 1 1 0
1 1 1 1 1 1 1 1 0 0
1 1 1 1 1 1 1 0 0 0
Maze 97
83 36 3.4090909091 2.1413861022 26 0.355179485840184
61 14 47 45 93 39 8 32 14 23 35 21 4 1 92 61
11 44 400 43 33 38 2 12 13 33 31 1 400 91 91
402 401 400 402 402 401 402 402 402 401 401 402 400 401 401
1 1 1 1 1 1 1 1 0 0
1 1 1 1 0 0 0 1 0 0
1 1 1 1 0 0 0 1 0 0
1 1 1 1 1 1 1 1 1 0
1 0 1 1 1 1 1 0 0 0
1 0 1 0 0 0 0 0 0 0
2 0 1 0 0 0 0 0 0 0
1 0 1 0 0 0 0 0 0 0
1 0 1 0 0 0 0 0 0 0
1 1 1 0 0 0 0 0 0 0
Maze 98
85 104 3.0000000000 2.2525737094 44 0.380644033141624
8 6 44 44 33 45 82 16 40 2 81 70 28 37 56 8
400 4 400 43 43 42 12 36 32 1 61 68 27 36 6
400 402 400 401 401 402 402 401 401 402 402 401 402 402 402
1 1 0 1 1 1 1 2 0 0
1 1 1 1 1 1 0 0 0 0
1 1 0 1 0 1 1 1 0 0
1 1 1 1 1 1 1 1 1 1
1 1 1 1 1 1 0 1 0 0
1 1 0 0 0 1 0 1 0 0
1 1 1 1 1 1 1 1 1 1
1 1 0 0 0 0 0 0 0 0
1 1 0 0 0 0 0 0 0 0
0 0 0 0 0 0 0 0 0 0
Maze 99
89 22 2.9333333333 2.3833754369 50 0.369999083084500
84 86 25 91 60 30 18 97 58 4 10 4 15 63 76 84
400 85 21 51 400 28 17 57 54 400 400 14 13 73 74
400 401 402 402 400 401 402 402 401 400 400 401 402 401 402
0 0 0 1 1 1 1 1 1 1
0 0 1 1 1 0 1 1 0 0
1 1 1 1 1 0 1 1 1 1
1 0 1 1 1 0 1 0 0 1
1 0 1 1 1 0 1 0 0 1
1 1 1 1 1 1 1 1 1 1
1 0 1 0 1 0 1 0 0 0
1 0 1 1 1 1 1 0 0 0
1 0 0 2 1 1 1 0 0 0
1 0 0 0 0 0 1 0 0 0
Maze 100
117 585 2.7605633803 2.0528807285 118 0.371139369665446
68 35 89 51 23 98 9 7 1 68 8 22 29 20 72 68
65 85 81 21 93 8 400 400 61 400 2 400 19 12 62
401 401 401 402 401 402 400 400 401 400 402 400 402 402 402
1 1 1 1 1 1 1 1 1 0
1 1 1 1 1 1 1 1 1 1
1 1 1 1 1 1 1 1 1 0
1 1 1 0 1 0 0 1 0 0
1 1 1 0 1 0 0 1 0 0
1 1 1 0 1 0 0 1 0 0
1 1 1 1 1 1 1 2 0 0
1 1 1 0 1 0 0 1 0 0
1 1 1 1 1 1 1 1 1 0
0 0 1 1 1 1 1 1 0 0
Maze 101
115 72 3.6428571429 2.0625464733 132 0.405352953906688
27 73 12 38 72 93 44 1 18 96 39 87 8 57 100 27
23 72 32 32 92 43 41 11 16 36 37 7 7 97 97
402 401 401 402 401 402 401 401 402 402 402 402 402 401 401
1 0 0 0 0 0 1 1 0 0
1 1 1 1 1 1 1 1 0 0
1 1 1 1 1 1 2 0 0 0
1 1 1 1 1 1 1 1 1 0
1 1 1 1 0 1 1 0 0 0
0 1 1 0 0 1 1 0 0 0
0 1 1 0 0 1 1 0 0 0
0 1 1 0 0 1 1 0 0 0
0 1 1 0 0 1 1 0 0 0
0 1 1 0 0 1 1 1 1 1
Maze 102
125 36 3.5000000000 1.9488596923 151 0.392337866965944
92 58 74 18 1 100 12 14 85 15 57 4 85 88 51 92
52 54 14 11 91 92 400 84 400 55 54 84 400 81 91
402 402 402 401 401 401 400 401 400 401 401 401 400 401 401
1 0 0 1 0 0 0 0 0 0
1 1 1 1 1 1 1 1 0 0
1 1 0 1 1 0 0 0 0 0
1 1 0 1 1 0 0 0 0 0
1 1 0 1 1 0 0 0 0 0
1 1 1 1 1 1 1 1 0 0
1 1 0 1 1 0 0 0 0 0
1 1 0 1 1 0 0 0 0 0
1 1 1 1 1 1 1 1 0 0
1 2 1 1 1 1 1 1 1 1
Maze 103
91 56 3.0384615385 2.1493700152 50 0.404861794455556
7 13 66 83 63 94 1 89 70 61 54 69 69 95 46 7
3 63 63 400 93 91 81 69 400 51 64 400 65 45 6
402 401 402 400 401 401 401 402 400 402 401 400 402 402 402
1 0 1 1 1 1 2 0 0 0
1 0 1 0 0 1 0 0 0 0
1 0 1 0 0 1 0 0 0 0
1 0 1 0 0 1 0 0 0 0
1 0 1 0 1 1 0 0 0 0
1 1 1 1 1 0 0 0 0 0
1 1 1 1 1 1 1 1 1 1
1 0 1 0 1 0 0 0 1 0
1 1 1 1 1 1 1 1 1 0
1 1 1 1 1 0 0 0 0 0
Maze 104
69 33 2.7600000000 2.2827464840 8 0.357702241769530
46 67 28 3 31 11 6 14 34 71 97 72 15 55 56 46
66 27 23 1 400 1 4 400 31 91 92 12 400 400 400
401 402 401 402 400 402 402 400 402 401 401 402 400 400 400
1 1 1 1 1 1 0 0 0 0
1 1 1 1 1 0 0 0 0 0
1 1 1 1 1 1 1 1 0 0
1 1 1 1 1 0 1 0 0 0
1 1 0 0 1 2 1 0 0 0
1 1 0 0 1 1 1 0 0 0
1 1 0 0 0 1 1 0 0 0
1 1 0 0 0 0 0 0 0 0
1 1 0 0 0 0 0 0 0 0
1 1 1 1 1 1 1 0 0 0
Maze 105
85 97 2.9583333333 2.0408497557 50 0.378108656432032
85 96 17 86 68 59 21 40 70 60 75 21 43 34 69 85
95 16 16 66 58 51 31 400 400 55 71 41 33 64 65
401 402 402 402 402 401 401 400 400 402 401 401 402 401 402
0 0 0 0 0 0 0 0 0 0
0 0 0 0 0 1 1 0 0 0
1 0 0 0 0 1 0 0 0 0
1 1 1 1 1 1 1 1 1 1
1 1 1 1 0 1 0 0 0 1
1 1 1 1 1 1 1 1 1 1
1 0 0 1 1 1 1 1 1 1
1 1 1 1 1 1 0 0 0 0
0 0 0 0 2 1 0 0 0 0
0 0 0 0 1 1 0 0 0 0
Maze 106
95 359 3.2307692308 2.2175054495 66 0.384130849752442
100 71 41 2 78 34 35 66 91 13 31 23 83 47 65 100
91 400 1 72 74 400 65 61 11 11 21 400 43 45 95
401 400 402 401 401 400 401 402 402 402 402 400 402 402 401
1 1 0 0 0 0 0 0 0 0
1 1 1 0 0 0 0 0 0 0
1 1 1 0 0 0 0 0 0 0
1 1 1 1 1 0 0 0 0 0
1 1 1 1 1 1 1 0 0 0
1 1 1 1 1 0 0 0 0 0
1 1 1 1 1 1 0 0 0 0
1 1 1 1 1 1 1 1 0 0
1 0 1 0 1 0 0 0 0 0
1 1 1 1 1 1 1 1 1 2
Maze 107
87 396 3.0566037736 2.2258788001 45 0.393070241257500
64 39 55 63 91 33 89 27 9 60 59 93 68 49 67 64
34 35 53 61 31 83 87 7 59 400 53 63 48 47 400
402 402 402 402 402 401 401 402 401 400 402 402 402 402 400
0 0 0 0 0 0 1 1 1 0
0 0 0 0 0 0 1 0 1 0
0 0 0 0 0 0 1 0 1 0
1 1 1 1 1 1 1 1 1 0
1 0 1 1 1 0 1 1 1 0
1 0 1 1 1 1 1 1 1 1
1 1 1 2 1 1 1 1 0 0
1 0 1 0 0 0 1 0 0 0
1 0 1 1 1 1 1 1 1 0
1 0 1 0 0 0 0 0 0 0
Maze 108
93 40 3.7619047619 1.9509538634 45 0.406575583133113
16 77 25 85 66 14 35 98 71 99 48 14 15 50 68 16
76 75 400 65 64 34 95 91 91 98 44 400 45 48 66
401 401 400 402 401 401 401 401 401 401 401 400 401 402 401
0 0 0 0 0 0 0 0 0 0
0 0 0 1 1 2 0 0 0 0
0 0 0 1 1 1 0 0 0 0
0 0 0 1 1 1 0 0 0 0
0 0 0 1 1 1 1 1 1 1
0 0 0 1 1 1 0 1 0 0
0 0 0 1 1 1 1 1 0 0
1 0 0 0 1 1 1 1 0 0
1 0 0 0 1 0 0 1 0 0
1 1 1 1 1 1 1 1 1 0
Maze 109
113 380 3.2903225806 2.1640436624 99 0.407718447236148
48 71 7 24 70 82 5 100 97 100 69 25 16 79 74 48
41 1 4 64 62 2 95 400 400 99 65 15 76 400 44
402 402 402 401 402 402 401 400 400 401 401 402 401 400 402
1 1 1 1 1 1 1 0 0 0
1 1 0 1 1 1 0 0 0 0
1 1 0 1 1 1 0 0 0 0
1 1 0 1 1 1 0 0 0 0
1 1 1 1 1 1 1 2 0 0
1 1 0 1 1 1 0 0 0 0
1 1 1 1 1 1 1 1 1 1
1 1 0 1 1 1 1 1 1 0
0 1 0 0 1 0 0 0 1 0
0 0 0 0 1 1 1 1 1 1
Maze 110
85 22 2.8800000000 2.1168425665 32 0.357918425673070
100 18 14 55 17 25 57 61 57 18 10 9 24 71 56 100
98 400 54 15 15 55 51 51 17 8 400 4 21 51 96
401 400 401 402 402 401 402 402 402 402 400 402 402 402 401
0 0 0 1 1 1 1 1 1 1
0 0 0 1 1 1 1 1 0 0
1 1 1 1 1 0 1 1 0 0
1 0 0 1 1 0 1 1 0 0
1 0 0 1 1 0 1 1 0 0
1 1 1 1 1 1 1 1 0 0
1 0 0 0 0 1 0 1 0 0
1 0 0 0 0 1 0 1 0 0
0 0 0 0 0 1 0 1 0 0
0 0 0 0 0 1 1 1 1 2
Maze 111
95 273 3.4693877551 2.2126880212 77 0.371020655490218
42 34 95 69 94 38 95 55 54 9 12 77 48 50 22 42
32 94 65 64 34 35 400 400 4 2 72 47 400 42 400
402 401 402 402 402 402 400 400 402 402 401 402 400 401 400
0 1 1 1 1 1 1 1 1 0
0 1 0 1 0 0 0 0 0 0
0 1 0 1 0 0 0 0 0 0
0 1 1 1 1 1 1 1 0 0
0 2 1 1 1 1 1 1 1 1
0 1 0 1 1 0 1 0 0 0
0 1 0 1 1 1 1 1 1 0
0 1 1 1 1 1 1 0 0 0
0 0 0 1 1 0 0 0 0 0
0 0 0 1 1 0 0 0 0 0
Maze 112
117 12 3.2500000000 1.6859409928 120 0.395939962550020
22 50 51 43 51 4 74 8 50 34 76 91 4 84 19 22
42 41 41 41 1 400 4 48 44 74 71 1 400 14 12
401 402 402 402 402 400 402 401 401 401 402 402 400 402 402
1 1 1 1 1 1 1 1 0 0
1 1 1 1 1 1 1 1 1 0
1 2 0 1 0 0 0 1 0 0
1 1 0 1 0 0 0 1 0 0
1 1 1 1 1 1 1 1 1 1
1 0 0 1 0 0 0 0 0 0
1 0 0 1 0 0 0 0 0 0
1 1 1 1 1 1 0 0 0 0
1 0 0 1 0 0 0 0 0 0
1 0 0 0 0 0 0 0 0 0
Maze 113
109 8596 3.3125000000 2.2683852583 92 0.374345531602980
39 40 76 28 89 37 75 76 70 92 77 24 58 11 100 39
400 36 26 88 87 35 400 66 62 72 74 54 51 91 99
400 402 402 401 401 402 400 402 402 402 401 401 401 401 401
0 0 0 0 0 0 0 0 0 0
1 0 0 0 0 0 0 0 0 0
1 0 0 1 0 1 1 1 0 0
1 0 0 1 1 1 1 1 2 1
1 0 0 1 1 1 1 1 1 0
1 1 1 1 1 1 1 1 1 0
1 1 1 1 1 1 1 1 1 1
1 1 1 1 1 1 1 1 1 0
1 1 0 0 0 0 1 1 1 0
1 1 1 1 1 1 1 1 1 1
Maze 114
89 21 3.2244897959 2.1598682574 29 0.377849900333908
47 1 53 12 98 99 99 73 5 52 53 97 46 88 59 47
41 51 52 92 400 400 93 3 2 400 93 96 86 58 57
401 401 401 401 400 400 401 402 402 400 401 401 401 402 401
1 1 1 1 1 0 0 0 0 0
1 1 1 0 0 0 0 0 0 0
1 1 1 0 0 0 0 0 0 0
1 1 1 0 0 0 0 0 0 0
1 1 1 1 1 1 2 0 0 0
1 1 1 0 0 1 1 1 1 0
0 1 1 0 0 1 0 1 0 0
0 1 1 0 0 1 0 1 0 0
0 1 1 0 0 1 1 1 0 0
0 1 1 1 1 1 1 1 1 0
Maze 115
91 1220 3.1851851852 2.1670090362 45 0.381114188051171
24 28 49 32 36 77 40 37 75 82 30 71 55 6 44 24
400 48 42 400 76 37 400 35 72 22 21 51 5 4 400
400 401 401 400 401 402 400 402 402 402 402 402 402 402 400
0 0 0 1 1 1 0 0 0 0
0 0 0 1 1 0 0 0 0 0
1 1 1 2 1 1 1 1 1 1
1 1 1 1 1 1 1 1 1 1
1 1 1 1 1 1 1 1 1 0
1 1 1 1 1 1 1 0 0 0
1 1 0 0 1 1 1 0 0 0
1 1 1 1 1 1 1 0 0 0
0 1 0 0 0 0 0 0 0 0
0 0 0 0 0 0 0 0 0 0
Maze 116
113 21 3.7037037037 2.0484159515 90 0.389485352569268
60 37 93 19 62 38 27 67 88 1 29 33 87 58 87 60
57 33 13 12 32 37 400 87 81 21 23 83 57 57 57
401 402 402 402 402 401 400 401 401 401 402 401 402 402 402
1 0 0 0 0 0 0 0 0 0
1 1 1 1 1 1 1 1 1 0
1 1 1 1 1 1 1 1 1 0
1 1 1 1 1 1 1 1 0 0
1 1 1 0 0 0 1 0 0 0
1 1 1 0 0 0 1 1 1 2
1 1 1 0 0 0 1 0 0 0
1 0 1 0 0 0 1 0 0 0
1 1 1 1 1 1 1 1 0 0
0 0 1 0 0 0 0 0 0 0
Maze 117
91 6 2.9285714286 2.2243968588 56 0.406709189560280
7 63 62 65 71 64 31 99 93 90 4 15 45 25 68 7
3 400 400 61 61 61 91 400 83 84 14 400 400 65 67
402 400 400 402 402 401 401 400 402 401 401 400 400 401 401
0 0 1 1 1 1 2 0 0 0
0 0 1 1 1 0 1 0 0 0
0 0 1 1 1 0 1 0 0 0
1 0 1 1 1 0 1 0 0 0
1 0 1 1 1 0 1 0 0 0
1 0 1 1 1 0 1 0 0 0
1 1 1 1 1 1 1 1 0 0
1 0 0 1 0 0 0 0 0 0
1 0 1 1 1 1 1 1 1 1
1 1 1 1 1 1 1 1 1 0
Maze 118
89 3 2.8620689655 2.4537849691 28 0.383142551636206
65 98 64 91 43 44 51 41 4 51 96 56 10 70 15 65
95 94 61 41 400 41 400 1 1 91 400 6 400 65 400
401 401 402 402 400 402 400 402 402 401 400 402 400 401 400
1 1 1 1 0 1 1 1 1 1
1 0 0 0 1 1 0 0 0 1
1 0 0 0 1 1 0 0 0 1
1 0 0 0 1 1 0 0 0 1
1 1 1 1 1 1 0 0 0 1
1 0 0 0 1 1 0 0 0 1
1 1 1 1 2 1 1 1 1 1
1 0 0 1 1 1 0 0 0 0
1 0 0 1 1 1 0 0 0 0
1 1 1 1 1 1 1 1 0 0
Maze 119
101 71 3.0877192982 2.2096145359 54 0.397951058593652
76 47 73 97 11 81 4 94 76 100 90 44 90 50 39 76
46 43 93 91 400 1 400 74 96 400 84 84 400 49 36
402 402 401 401 400 402 400 402 401 400 401 401 400 401 402
1 1 1 1 0 0 0 0 0 0
1 0 0 1 0 0 0 0 0 0
1 0 0 1 0 0 0 0 0 0
1 0 0 1 0 1 1 1 1 0
1 0 1 1 1 1 1 0 1 1
1 0 1 1 0 1 0 0 0 1
1 0 1 1 0 1 0 0 0 1
1 0 1 1 1 2 0 0 0 1
1 0 1 1 1 1 1 1 1 1
1 1 1 1 1 1 1 1 1 1
Maze 120
81 10 2.8888888889 2.3402175750 30 0.364433193192107
25 65 68 9 7 50 96 68 63 15 54 72 61 62 90 25
400 400 8 400 47 46 66 400 13 14 52 71 400 82 85
400 400 402 400 401 402 402 400 402 402 402 401 400 401 401
0 0 0 0 0 0 1 1 1 0
0 0 1 1 1 0 1 1 0 0
0 0 1 1 2 0 1 1 0 0
0 0 1 1 1 0 1 1 0 0
0 0 1 1 1 1 1 1 1 1
0 1 1 1 1 1 0 1 0 0
1 1 1 1 1 1 1 1 0 0
1 1 0 0 1 1 0 0 0 0
0 1 1 1 1 1 1 1 1 1
0 0 0 0 0 1 0 0 0 0
Maze 121
99 9 2.5797101449 2.2718348948 54 0.358873736334390
81 89 30 88 49 2 18 8 22 76 11 17 48 99 99 81
400 29 28 48 42 12 400 2 72 71 400 47 98 400 91
400 402 402 402 401 401 400 402 401 401 400 401 401 400 401
0 1 1 1 1 1 1 1 0 0
1 1 1 1 1 1 1 1 0 0
1 1 0 0 0 0 1 1 1 1
1 1 0 0 0 0 1 1 1 0
1 1 1 1 1 1 1 1 1 0
1 1 0 0 0 0 0 1 1 0
1 1 0 0 0 0 0 1 1 0
1 1 1 1 1 1 0 1 1 0
2 1 1 1 1 1 1 1 1 0
1 1 1 1 1 1 1 1 1 0
Maze 122
97 996 3.3090909091 2.1968884368 77 0.392371728571276
2 44 39 43 15 71 67 59 74 48 59 89 42 88 36 2
42 34 33 13 11 61 57 54 44 58 400 82 82 86 32
401 402 402 402 402 402 402 402 402 401 400 401 401 401 401
0 2 0 0 0 0 0 0 0 0
1 1 1 1 1 0 0 0 0 0
1 1 1 0 0 0 0 0 0 0
1 1 1 1 1 1 1 1 1 0
1 1 1 1 1 1 1 1 0 0
1 1 0 1 1 1 1 1 1 0
1 1 1 1 1 1 1 0 1 0
1 1 0 1 0 1 0 0 1 0
0 1 1 1 1 1 1 1 1 0
0 0 0 0 0 0 0 0 0 0
Maze 123
111 372 3.4516129032 2.2112130952 99 0.378780428087033
37 86 59 5 79 24 70 67 20 18 64 98 42 83 91 37
36 56 55 75 74 64 400 17 400 14 94 92 82 81 31
402 402 401 401 401 401 400 402 400 402 401 401 401 402 402
0 0 0 0 1 0 0 0 0 0
0 0 0 1 1 1 1 1 1 1
0 0 0 1 1 0 1 0 0 0
1 1 1 1 1 1 2 0 0 0
1 1 0 1 1 1 1 0 0 0
1 1 0 1 1 1 1 1 1 0
1 1 0 1 1 1 1 1 1 1
1 1 0 1 1 1 1 1 1 0
1 1 1 1 0 1 0 0 0 0
1 1 1 1 1 1 1 1 0 0
Maze 124
113 15 3.7391304348 1.8110688865 84 0.406082944333758
51 5 6 61 26 2 75 81 86 24 17 94 17 94 67 51
1 400 1 21 22 72 71 400 84 14 14 14 14 64 61
402 400 402 402 401 401 402 400 401 402 402 402 402 402 401
1 1 1 1 1 1 0 0 0 0
1 1 0 1 1 1 1 0 0 0
1 1 1 1 1 1 0 0 0 0
1 1 0 1 0 0 0 0 0 0
1 1 0 1 0 0 0 0 0 0
2 1 0 1 0 0 0 0 0 0
1 1 1 1 1 1 1 0 0 0
1 1 1 1 1 0 0 0 0 0
1 1 1 1 1 1 0 0 0 0
0 0 0 1 0 0 0 0 0 0
Maze 125
129 346 3.2923076923 2.1362388883 168 0.396712706794804
7 24 40 82 46 67 50 88 33 100 2 39 17 72 60 7
4 34 32 42 66 47 48 83 93 92 32 37 12 52 57
402 401 402 402 401 402 402 401 401 401 401 401 402 402 401
0 1 0 1 1 1 2 0 0 0
0 1 1 1 1 1 1 0 0 0
0 1 0 1 0 0 1 0 0 0
0 1 1 1 1 1 1 1 1 1
0 1 1 1 1 1 1 1 1 1
0 1 1 1 1 1 1 1 1 1
0 1 1 0 0 1 1 1 0 0
0 1 1 0 0 0 0 1 0 0
0 1 1 1 1 1 1 1 0 0
0 1 1 1 1 1 1 1 1 1
Maze 126
83 7 3.1538461538 2.2792228353 19 0.399779651828937
55 47 39 12 82 27 15 14 60 69 67 98 10 58 95 55
45 37 32 400 22 25 400 54 59 400 97 8 8 55 400
402 402 401 400 402 401 400 401 402 400 401 402 402 402 400
0 0 0 0 0 0 0 1 1 1
0 1 0 1 1 0 0 1 0 0
0 1 1 1 1 1 1 1 0 0
0 1 1 1 1 1 1 1 1 0
0 1 0 1 1 1 1 1 0 0
0 1 0 1 2 1 1 1 1 1
0 1 0 0 1 0 1 1 1 0
0 1 0 0 1 0 1 1 0 0
0 1 0 0 1 0 1 1 0 0
0 0 0 0 1 0 1 1 0 0
Maze 127
79 110 3.1818181818 2.0394153354 25 0.382696732675554
17 53 21 25 41 69 39 66 55 12 74 63 12 13 55 17
13 51 400 21 61 400 36 65 52 72 73 62 400 53 15
402 401 400 402 401 400 402 401 401 401 401 401 400 401 402
0 0 0 0 0 0 0 0 0 0
0 1 1 1 1 1 2 0 0 0
1 1 1 1 1 0 0 0 0 0
1 1 1 0 1 1 1 1 1 0
1 1 1 0 1 1 0 0 1 0
1 1 1 1 1 1 0 0 1 0
1 1 1 1 1 1 1 1 1 0
0 1 1 1 0 0 0 0 0 0
0 0 0 0 0 0 0 0 0 0
0 0 0 0 0 0 0 0 0 0
Maze 128
127 32 3.2698412698 2.0341553125 166 0.392685913891960
18 83 37 82 96 81 50 29 80 23 9 93 47 19 2 18
13 33 32 92 91 41 49 79 73 3 3 43 17 12 12
402 402 402 401 401 402 401 401 401 402 402 402 402 401 401
0 1 1 1 1 1 1 1 1 0
0 1 1 1 1 1 1 2 1 0
0 0 1 0 0 0 1 0 1 0
0 1 1 1 1 1 1 0 1 0
1 1 1 1 1 1 1 1 1 1
1 1 1 0 0 0 0 0 1 0
1 1 1 0 0 0 0 0 1 0
1 1 1 1 1 1 1 1 1 1
1 1 1 0 0 0 0 0 0 0
1 1 1 1 1 1 0 0 0 0
Maze 129
115 171 3.3454545455 2.0386868050 124 0.386449787516010
60 37 11 65 48 13 60 11 40 32 11 85 3 9 70 60
57 31 61 45 43 53 51 31 400 31 81 83 400 69 400
401 401 401 402 401 401 401 401 400 401 401 401 400 401 400
0 0 1 1 1 1 1 1 1 0
1 0 1 0 0 0 0 0 1 0
1 0 1 0 0 0 0 0 1 0
1 1 1 1 1 1 1 1 1 1
1 0 1 1 1 1 1 1 1 0
1 1 1 1 1 1 1 1 1 2
1 1 1 1 1 0 0 0 1 1
1 0 1 0 0 0 0 0 0 0
1 1 1 1 1 0 0 0 0 0
0 0 0 0 0 0 0 0 0 0
Maze 130
109 46 3.5409836066 2.3681055564 105 0.399519923087494
65 71 40 13 84 54 98 2 65 5 70 10 60 87 68 65
61 31 33 83 400 94 92 62 400 65 400 400 57 67 400
402 402 401 401 400 401 401 401 400 401 400 400 402 402 400
0 1 0 0 1 0 0 0 0 1
0 1 1 0 1 0 0 0 0 1
0 1 1 0 1 0 0 0 0 1
1 1 1 1 1 1 1 1 1 1
1 1 1 0 1 0 0 0 0 1
1 1 1 1 1 0 1 1 1 1
1 1 1 1 2 1 1 1 1 1
1 1 1 1 0 0 1 0 0 0
0 1 1 1 0 0 1 0 0 0
0 1 1 1 1 1 1 1 0 0
Maze 131
111 1450 3.0277777778 2.4195861119 92 0.387425452570109
39 60 82 91 18 23 68 51 79 9 74 65 100 84 43 39
59 52 81 11 13 63 61 71 400 4 64 95 94 83 33
401 402 402 402 402 401 401 401 400 402 402 401 401 401 402
0 0 0 1 1 1 1 1 1 0
1 1 1 1 1 1 1 1 1 0
1 0 1 1 0 0 0 0 1 0
1 0 1 1 1 1 1 1 2 0
1 0 1 1 0 0 0 0 1 0
1 1 1 1 1 1 1 1 1 1
1 1 1 1 1 1 1 1 1 0
1 1 1 1 1 1 1 1 1 0
1 1 1 1 1 0 0 0 0 0
1 0 0 1 1 1 1 1 1 1
Maze 132
101 58 3.2452830189 2.0238695693 58 0.375060166127295
84 9 36 96 80 60 94 23 42 58 45 34 9 73 99 84
4 6 400 76 400 54 93 22 52 55 44 4 3 93 94
402 402 400 402 400 402 401 402 401 401 401 402 402 401 401
0 0 1 1 1 1 1 1 1 0
0 0 1 1 0 1 0 0 0 0
0 1 1 1 0 1 0 0 0 0
0 1 1 1 0 1 0 0 0 0
0 1 1 1 1 1 0 0 0 0
0 1 1 1 1 1 1 1 1 1
0 0 1 1 0 1 0 0 0 1
0 0 1 1 0 1 1 1 1 1
0 0 1 2 0 1 0 0 0 0
0 0 1 1 1 1 1 1 1 0
Maze 133
123 43 3.3548387097 1.9867102869 105 0.378547938539129
78 13 90 53 4 21 90 49 100 18 92 32 37 22 76 78
73 83 83 3 1 81 89 99 98 12 400 400 32 72 400
401 401 401 402 402 401 401 401 401 402 400 400 401 401 400
1 1 1 1 0 0 0 0 0 0
1 1 1 1 1 1 1 1 0 0
1 1 1 0 0 0 0 1 0 0
1 1 1 1 1 1 1 1 0 0
1 1 1 0 0 0 0 1 1 0
1 1 1 0 0 0 0 1 1 0
1 1 1 0 0 0 0 1 1 0
1 1 1 1 1 1 1 2 1 0
1 1 1 1 1 1 1 1 1 1
0 1 0 0 0 0 0 1 1 1
Maze 134
107 60 3.5769230769 2.0804820237 76 0.380309541813899
14 94 69 12 65 44 58 70 39 96 28 67 51 81 100 14
400 64 62 62 64 54 68 69 36 26 27 61 400 91 94
400 402 401 401 401 401 401 401 402 402 402 401 400 401 401
0 0 0 0 0 0 0 0 0 0
0 1 0 2 0 0 0 0 0 0
0 1 0 1 0 1 1 1 0 0
0 1 0 1 0 1 1 1 1 0
0 1 0 1 0 1 1 0 1 0
1 1 0 1 1 1 1 1 1 0
1 1 1 1 1 1 1 1 1 1
1 0 0 1 0 1 0 0 0 0
1 0 0 1 0 1 0 0 0 0
1 1 1 1 1 1 1 1 1 1
Maze 135
87 27 3.4285714286 1.9806273400 45 0.410062940716914
62 76 13 62 23 53 44 50 76 99 43 40 44 38 62 62
72 73 12 22 400 43 400 46 96 93 33 34 34 32 400
401 401 402 402 400 402 400 402 401 401 402 402 402 402 400
0 0 0 0 0 0 0 0 0 0
0 1 1 0 0 0 0 0 0 0
0 1 1 0 0 0 0 0 0 0
0 1 1 1 1 1 1 1 1 1
0 1 1 1 1 1 1 1 1 1
0 1 1 0 0 1 0 0 0 0
0 2 1 0 0 1 0 0 0 0
0 1 1 1 1 1 0 0 0 0
0 0 1 0 0 1 0 0 0 0
0 0 1 1 1 1 1 1 1 0
Maze 136
89 12 3.3023255814 1.9878600601 36 0.376056015905312
42 48 98 28 31 70 68 51 44 81 47 36 40 19 30 42
400 400 400 21 61 400 61 41 41 41 46 400 39 29 22
400 400 400 402 401 400 401 402 402 402 401 400 401 401 402
0 0 0 0 0 0 0 0 0 0
0 0 0 0 0 0 0 0 1 0
1 1 1 1 1 1 1 1 1 1
1 1 0 0 0 1 1 1 1 1
1 2 1 1 1 1 1 1 0 0
1 0 0 0 0 0 0 1 0 0
1 1 1 1 1 1 1 1 1 1
1 0 0 0 0 0 0 1 0 0
1 0 0 0 0 0 0 1 0 0
0 0 0 0 0 0 0 1 0 0
Maze 137
95 26 3.1600000000 2.1003805404 54 0.385859673872570
26 25 7 18 71 79 90 22 67 11 79 53 75 45 25 26
400 5 17 11 400 89 82 62 61 71 73 73 400 400 400
400 402 401 402 400 401 401 401 401 401 401 401 400 400 400
0 0 0 0 1 1 1 0 0 0
1 1 1 1 1 1 1 1 0 0
1 1 0 0 1 2 0 0 0 0
1 1 0 0 1 0 0 0 0 0
1 1 0 0 1 0 0 0 0 0
1 1 1 0 1 0 0 0 0 0
1 1 1 1 1 1 1 0 0 0
1 1 1 1 1 1 1 1 1 0
0 1 1 1 1 1 1 1 1 1
0 0 0 0 0 0 0 0 0 0
Maze 138
91 177 3.2400000000 2.0565098260 41 0.382473778632515
2 85 48 30 67 50 22 55 86 4 13 45 3 28 7 2
82 45 28 27 47 42 52 85 84 3 43 43 23 27 400
401 402 402 402 402 401 401 401 401 402 401 401 401 401 400
0 2 1 1 1 1 1 0 0 0
0 1 1 1 0 0 1 0 0 0
0 1 1 1 1 1 1 1 1 1
0 1 1 1 0 0 1 1 0 0
0 1 1 1 1 1 1 1 1 1
0 1 1 1 1 0 1 0 0 0
0 1 0 1 1 0 1 0 0 0
0 1 0 1 1 0 0 0 0 0
0 1 1 1 1 1 0 0 0 0
0 0 0 0 0 0 0 0 0 0
Maze 139
103 333 3.0169491525 2.1609832374 54 0.399894053105630
85 98 31 48 83 91 63 3 8 98 56 45 5 79 6 85
95 91 41 43 81 61 400 400 400 96 55 400 75 76 5
401 401 401 402 402 402 400 400 400 401 401 400 401 401 402
0 0 1 1 1 1 1 1 0 0
0 0 1 0 1 1 0 1 0 0
0 0 1 0 1 1 0 1 0 0
1 0 1 0 1 1 0 1 0 0
1 1 1 1 1 1 1 1 0 0
1 0 1 0 1 1 0 1 0 0
1 1 1 0 1 1 0 1 0 0
1 0 1 0 1 1 1 1 1 0
1 1 1 0 2 1 0 1 0 0
1 1 1 1 1 1 1 1 0 0
Maze 140
89 156 3.1836734694 2.0341609652 45 0.379590714394019
70 68 76 37 46 70 15 73 49 56 96 94 78 40 12 70
400 66 36 36 66 65 13 43 46 400 400 74 38 32 62
400 402 402 402 401 401 402 402 402 400 400 402 402 401 401
0 0 0 0 0 0 0 0 0 0
0 1 1 1 1 0 0 0 0 0
0 1 1 0 1 0 0 0 0 0
0 1 1 1 1 1 1 1 1 1
0 1 1 1 1 1 1 1 1 0
0 1 1 0 1 1 0 1 0 0
0 1 1 1 1 1 1 1 1 2
0 0 1 1 1 1 1 1 0 0
0 0 0 1 0 1 0 0 0 0
0 0 0 1 1 1 0 0 0 0
Maze 141
73 23 2.6037735849 2.2790300007 20 0.361005693337430
64 34 5 68 79 19 97 67 83 81 87 45 4 31 62 64
400 4 65 78 400 17 400 63 400 400 85 44 1 61 400
400 402 401 401 400 402 400 402 400 400 401 401 402 401 400
1 1 1 1 1 0 0 0 0 0
1 0 0 1 1 0 1 1 1 0
1 0 0 1 1 0 1 0 1 0
1 0 0 1 1 0 1 0 1 0
1 0 0 1 1 0 1 0 1 0
1 0 0 1 1 0 1 0 1 0
1 1 1 2 1 1 1 1 1 0
0 0 1 0 1 0 1 1 1 0
1 1 1 1 1 1 1 0 0 0
0 0 0 0 0 0 1 0 0 0
Maze 142
101 35 2.5277777778 2.2829168527 64 0.390083929532040
6 75 81 100 98 12 41 67 58 20 50 90 26 44 90 6
5 71 91 400 92 11 61 57 18 400 400 86 24 84 86
402 402 401 400 401 402 401 402 402 400 400 401 402 401 401
0 0 0 0 1 2 0 0 0 0
1 1 0 0 1 1 0 1 1 1
1 1 0 1 1 1 0 1 0 1
1 1 0 1 1 1 0 1 0 1
1 1 0 1 1 1 0 1 0 1
1 1 0 1 1 1 1 1 0 1
1 1 1 1 1 1 1 0 0 1
1 1 1 1 1 1 0 0 0 1
1 1 0 1 1 1 1 1 1 1
1 1 1 1 1 1 1 1 1 1
Maze 143
121 36 2.7692307692 1.9669181830 107 0.371232973676262
78 30 23 83 41 2 97 18 80 8 23 9 2 100 38 78
28 400 400 81 1 92 17 78 78 3 3 400 92 98 400
402 400 400 401 402 401 402 401 401 402 402 400 401 401 400
1 1 1 1 1 1 1 1 1 0
1 1 1 0 0 0 1 1 0 0
1 1 1 1 1 1 1 1 1 1
1 1 1 0 0 0 1 1 0 0
1 1 1 0 0 0 1 1 0 0
1 1 1 0 0 0 1 1 0 0
1 1 1 0 0 0 1 1 0 0
1 1 1 0 0 0 1 2 1 1
1 1 1 0 0 0 1 1 0 0
0 1 1 1 1 1 1 1 1 1
Maze 144
87 9 3.2340425532 2.0415697197 40 0.365652231116454
17 95 27 30 59 29 40 60 4 2 92 66 4 75 18 17
15 25 400 29 400 39 400 54 400 400 62 64 74 15 400
402 402 400 402 400 401 400 401 400 400 402 401 401 402 400
0 1 1 1 0 0 0 0 0 0
0 1 0 1 1 1 2 1 0 0
0 1 0 1 1 1 1 1 1 1
0 1 0 1 1 0 0 0 1 1
0 1 0 1 1 0 0 0 1 1
0 1 0 1 1 1 1 1 1 1
0 1 1 1 1 1 0 0 0 0
0 1 0 1 1 0 0 0 0 0
0 1 0 0 1 0 0 0 0 0
0 1 0 0 1 0 0 0 0 0
Maze 145
97 64 3.0384615385 2.0080830232 56 0.384170941300697
67 92 77 45 98 90 12 62 74 3 4 76 82 2 38 67
62 72 75 95 88 82 400 72 73 400 74 72 400 32 37
402 402 401 401 402 401 400 401 401 400 401 402 400 401 402
0 1 1 1 0 0 0 0 0 0
0 1 1 1 0 0 0 0 0 0
0 1 1 1 0 0 0 0 0 0
0 1 1 1 1 1 1 1 0 0
0 1 1 1 1 0 1 0 0 0
0 1 1 1 1 0 1 0 0 0
0 1 1 1 1 1 2 0 0 0
0 1 1 1 1 1 1 0 0 0
0 1 1 1 1 1 1 1 1 1
0 1 0 0 1 1 1 1 0 0
Maze 146
115 35 3.3437500000 2.2507487506 132 0.397930952449493
99 77 71 9 14 40 93 17 74 78 94 6 56 19 70 99
97 400 1 4 34 33 13 14 400 74 4 400 16 69 69
401 400 402 402 401 402 402 402 400 402 402 400 402 401 402
1 1 1 1 1 1 1 1 1 0
1 0 1 1 1 1 1 1 1 0
1 0 1 1 0 1 0 0 1 0
1 0 1 1 1 1 1 1 1 1
1 0 1 1 0 1 0 0 1 0
1 0 1 1 0 1 0 0 1 0
1 0 1 1 0 0 0 0 1 1
1 1 1 1 1 1 1 1 1 0
0 0 1 1 0 0 1 0 1 0
0 0 1 1 0 0 1 1 2 0
Maze 147
99 108 3.1724137931 2.1883374556 71 0.369314916940794
94 60 76 20 59 30 100 58 29 96 86 26 15 82 48 94
54 56 16 19 29 400 98 28 26 400 400 25 12 42 44
402 402 402 402 402 400 401 402 402 400 400 401 402 402 402
0 0 0 0 0 0 0 0 0 0
0 1 1 1 1 1 1 1 1 1
0 1 0 0 1 1 1 1 1 1
0 1 0 0 0 1 0 1 1 1
0 1 1 1 1 1 1 1 1 1
0 1 0 1 1 1 1 1 1 1
0 1 0 1 0 1 0 1 0 1
0 1 0 1 0 1 0 1 0 1
0 1 0 1 0 1 0 1 0 1
0 0 0 2 0 1 0 1 1 1
Maze 148
105 912 3.1475409836 2.3314986290 83 0.368589260697152
95 86 95 92 65 51 89 8 73 11 75 39 73 74 17 95
85 85 400 62 61 81 88 3 71 71 35 33 400 14 15
402 402 400 402 401 401 401 402 401 401 402 402 400 402 402
0 0 1 1 1 1 1 1 0 0
1 0 1 1 1 1 1 1 0 0
1 0 1 1 1 0 0 1 0 0
1 0 1 1 1 1 1 1 1 0
1 0 1 1 1 0 0 1 0 0
1 0 1 1 1 0 0 1 0 0
1 1 1 1 1 0 0 1 0 0
1 1 1 1 1 0 0 1 0 0
1 1 1 1 1 1 1 1 1 0
0 1 1 1 2 0 0 0 0 0
Maze 149
111 201 3.1864406780 2.1472172833 60 0.400727950487075
11 56 89 21 33 82 99 11 14 19 74 67 61 16 28 11
51 86 81 31 32 92 91 400 400 14 64 400 11 26 21
401 401 401 401 402 401 401 400 400 402 402 400 402 401 401
0 0 0 0 0 0 0 0 0 0
2 1 1 1 1 1 1 1 1 0
1 1 1 1 1 1 1 1 0 0
1 1 1 1 0 0 0 0 0 0
1 1 0 1 0 0 0 0 0 0
1 1 1 1 1 1 0 0 0 0
1 1 1 1 1 1 1 0 0 0
1 1 0 1 0 1 0 0 0 0
1 1 1 1 1 1 1 1 1 0
1 1 1 1 1 1 1 1 1 0
Maze 150
89 46 3.7209302326 2.0312500000 50 0.379509744660261
57 82 74 92 67 23 47 14 67 89 85 77 64 1 74 57
52 72 72 62 63 43 44 64 87 400 75 74 61 71 54
402 402 402 402 401 401 401 401 401 400 402 401 401 401 402
1 0 0 0 0 0 0 0 0 0
1 0 0 1 0 0 0 0 0 0
1 0 1 1 0 0 0 0 0 0
1 0 1 1 0 0 0 0 0 0
1 0 1 1 1 1 1 0 0 0
1 1 1 1 1 1 2 0 0 0
1 1 1 1 1 1 1 0 0 0
1 1 1 1 1 1 1 0 0 0
0 1 0 0 1 1 1 1 1 0
0 1 0 0 0 0 0 0 0 0
Maze 151
101 15 3.3636363636 1.7540202934 48 0.397723260097366
14 9 13 99 33 28 54 83 85 85 38 83 24 10 12 14
4 3 93 93 23 24 53 400 400 35 33 23 4 2 400
402 402 401 401 402 402 402 400 400 402 402 402 402 402 400
0 1 1 1 1 1 1 1 1 1
0 1 1 2 0 0 0 0 0 0
0 0 1 1 1 1 1 1 0 0
0 0 1 1 1 1 1 1 0 0
0 0 1 1 1 0 0 0 0 0
0 0 1 1 1 0 0 0 0 0
0 0 1 0 1 0 0 0 0 0
0 0 1 0 1 0 0 0 0 0
0 0 1 1 1 0 0 0 0 0
0 0 1 1 1 1 1 1 1 0
Maze 152
115 762 3.4333333333 2.0675427230 148 0.389313129419337
40 93 51 79 24 47 30 98 14 35 72 50 65 66 13 40
33 91 71 74 44 27 28 94 34 32 42 45 400 63 33
402 401 401 401 401 402 402 401 401 402 402 402 400 401 401
0 0 0 0 0 0 0 0 0 0
0 0 1 1 0 0 0 0 0 0
0 0 1 1 0 0 1 1 1 1
0 1 1 1 1 1 1 1 1 2
0 1 1 1 1 1 1 1 1 1
1 1 1 1 1 0 0 1 0 0
1 1 1 1 1 1 0 1 0 0
1 1 1 1 1 1 1 1 1 0
1 0 1 1 0 0 0 1 0 0
1 1 1 1 1 1 1 1 0 0
Maze 153
125 1129 3.2647058824 2.2438139710 146 0.392171270669388
65 10 99 32 36 66 33 19 31 70 8 31 35 11 10 65
5 9 92 400 400 63 13 11 61 68 1 400 31 1 5
402 402 401 400 400 401 402 402 401 401 402 400 401 402 402
1 1 1 1 1 1 1 1 1 1
1 1 1 1 1 1 1 1 1 0
1 0 1 0 1 0 0 1 1 0
1 1 1 1 1 1 0 1 1 0
1 1 1 0 1 1 0 1 1 0
1 1 1 0 1 1 0 1 1 0
1 1 1 1 2 1 1 1 1 1
0 1 0 0 0 0 0 0 1 0
0 1 0 0 0 0 0 0 1 0
0 1 1 1 1 1 1 1 1 0
Maze 154
87 22 3.6744186047 2.0959983016 35 0.393072757386359
100 9 9 60 34 57 37 69 54 99 24 20 17 30 19 100
99 400 59 54 54 400 67 64 94 94 14 400 27 29 99
401 400 401 401 401 400 401 401 401 401 402 400 401 401 401
0 0 0 0 0 0 0 0 1 0
0 0 0 1 1 1 1 1 1 1
0 0 0 1 0 0 1 1 1 1
0 0 0 1 0 0 1 0 1 0
0 0 0 1 0 0 1 0 1 0
0 0 0 1 1 1 1 1 1 1
0 0 0 1 1 1 1 1 1 0
0 0 0 1 0 0 0 0 1 0
0 0 0 1 0 0 0 0 1 0
0 0 0 1 1 1 1 1 1 2
Maze 155
79 6 2.7241379310 2.4567818864 30 0.352476653807765
22 80 40 58 76 72 83 85 83 4 46 8 26 21 91 22
72 400 38 56 400 82 400 400 3 44 6 6 400 400 21
401 400 402 402 400 401 400 400 402 401 402 402 400 400 402
0 0 1 1 0 1 1 1 0 0
0 0 1 1 0 1 0 0 0 0
1 2 1 1 1 1 0 0 0 0
1 1 1 1 0 1 0 1 1 1
1 1 1 1 1 1 0 1 0 1
1 1 1 0 0 1 1 1 0 1
1 1 1 0 0 1 0 0 0 1
1 1 1 1 1 1 1 1 1 1
1 1 1 1 1 0 0 0 0 0
1 0 0 0 0 0 0 0 0 0
Maze 156
91 104 3.1489361702 1.9864249499 45 0.394258413460736
43 91 66 64 24 64 25 60 22 24 59 83 50 18 13 43
41 61 400 400 400 24 55 52 400 54 53 43 48 400 400
402 402 400 400 400 402 401 401 400 401 402 402 401 400 400
0 0 0 0 0 0 0 0 0 0
0 0 1 1 1 1 1 1 0 0
0 1 1 1 1 0 0 1 0 0
0 1 1 1 1 0 0 1 0 0
1 1 2 1 1 1 1 1 1 1
1 1 1 1 1 1 1 1 1 1
1 1 1 1 1 1 0 0 0 0
1 0 1 0 0 0 0 0 0 0
1 0 1 0 0 0 0 0 0 0
1 0 0 0 0 0 0 0 0 0
Maze 157
123 75 3.3225806452 2.1083865466 113 0.386340014154564
53 60 38 78 92 38 65 45 90 21 10 72 56 72 6 53
400 58 400 72 32 35 400 85 81 1 2 52 52 2 3
400 401 400 402 402 402 400 401 401 402 402 402 402 402 402
1 1 1 1 1 1 1 1 1 1
1 1 1 0 0 0 0 0 0 0
1 1 1 0 0 0 0 0 0 0
1 1 1 1 1 1 1 1 0 0
1 1 1 0 1 0 0 1 0 0
1 1 2 1 1 1 1 1 1 1
1 1 0 0 1 0 0 1 0 0
1 1 1 1 1 1 1 1 0 0
1 1 1 1 1 1 1 1 1 1
0 1 0 0 0 0 0 0 0 0
Maze 158
93 81 2.9259259259 2.1025120994 36 0.374517663426571
82 83 96 53 63 90 98 51 26 61 3 85 6 56 94 82
400 93 93 400 83 88 91 21 21 1 83 5 400 54 92
400 401 401 400 401 402 401 402 402 402 401 402 400 402 401
1 1 1 0 1 1 0 0 0 0
1 0 1 0 1 1 0 0 0 0
1 1 1 1 1 1 0 0 0 0
1 0 1 0 1 1 0 0 0 0
1 0 1 0 1 1 0 0 0 0
1 0 1 1 1 1 0 0 0 0
1 0 1 1 1 0 0 0 0 0
1 0 1 1 1 0 0 0 0 0
1 2 1 1 1 1 1 1 1 1
1 1 1 1 1 1 1 1 0 0
Maze 159
95 116 3.3181818182 1.9820085132 59 0.384193017031665
31 57 18 91 22 72 11 4 28 45 62 32 6 51 1 31
51 17 11 21 400 71 1 24 25 42 400 2 1 400 400
401 402 402 402 400 401 402 401 402 402 400 402 402 400 400
1 1 1 1 1 1 0 0 0 0
1 1 1 1 1 1 1 1 0 0
1 1 0 1 1 1 1 1 0 0
2 1 0 0 1 0 1 0 0 0
1 1 1 1 1 0 1 0 0 0
1 1 1 1 1 1 1 0 0 0
1 1 0 0 0 0 0 0 0 0
1 1 0 0 0 0 0 0 0 0
1 0 0 0 0 0 0 0 0 0
1 0 0 0 0 0 0 0 0 0
Maze 160
95 320 2.8965517241 2.2912421463 53 0.383252517708654
32 57 100 37 82 65 46 42 6 17 10 76 99 10 39 32
52 97 97 32 62 45 400 2 16 7 6 96 9 9 400
401 401 401 402 402 402 400 402 401 402 402 401 402 402 400
0 1 1 1 1 1 1 1 1 1
0 1 0 0 0 1 1 0 1 0
0 1 0 0 0 1 0 0 1 0
0 2 1 1 1 1 1 1 1 0
0 1 1 1 1 1 1 0 1 0
0 1 1 1 1 1 1 0 1 0
0 1 1 1 1 1 1 0 1 0
0 1 0 0 0 1 1 0 1 0
0 1 0 0 0 1 1 0 1 0
0 0 0 0 0 1 1 1 1 1
Maze 161
95 265 3.0714285714 2.1843202261 60 0.385132981639012
26 10 89 66 83 59 19 32 55 79 83 28 25 44 9 26
6 9 86 63 53 400 12 52 75 73 23 400 24 4 6
402 402 401 402 402 400 402 401 401 402 402 400 402 402 402
0 0 0 1 1 1 1 1 1 1
0 1 1 1 1 1 1 1 1 0
0 1 1 1 1 2 1 1 1 0
0 1 1 1 0 0 0 0 1 0
0 1 1 1 0 0 0 0 1 0
0 1 1 1 1 1 1 1 1 0
0 0 1 1 1 1 0 0 1 0
0 0 1 1 1 1 1 1 1 0
0 0 1 0 0 1 1 1 1 0
0 0 0 0 0 0 0 0 0 0
Maze 162
83 5 2.6521739130 1.8201692250 19 0.373472298242740
22 82 66 76 22 92 38 60 30 8 37 67 76 41 84 22
400 62 400 72 400 32 58 400 28 7 400 66 71 81 82
400 402 400 401 400 402 401 400 401 402 400 402 401 401 401
0 0 0 0 0 0 1 1 0 0
0 0 0 0 0 0 1 1 0 0
0 2 0 0 0 0 1 1 1 1
0 1 1 1 1 1 1 1 0 1
1 1 0 0 0 0 1 1 0 1
1 1 0 0 0 0 1 1 1 1
1 1 1 1 1 1 1 0 0 0
1 1 1 1 1 1 0 0 0 0
1 1 1 1 0 0 0 0 0 0
0 1 0 0 0 0 0 0 0 0
Maze 163
111 10 3.3818181818 2.0658832909 105 0.376815281296635
21 13 14 100 48 2 46 85 17 15 6 25 100 1 83 21
11 400 94 98 42 42 45 15 400 5 5 95 91 81 81
402 400 401 401 401 401 402 402 400 402 402 401 401 401 401
1 1 0 0 1 1 0 0 0 0
1 1 1 1 1 1 1 0 0 0
2 1 0 1 1 0 0 0 0 0
1 1 0 1 1 0 0 0 0 0
1 1 1 1 1 1 1 1 0 0
1 0 0 1 1 0 0 1 0 0
1 0 0 1 1 0 0 1 0 0
1 0 0 1 1 0 0 1 0 0
1 1 1 1 1 0 0 1 0 0
1 1 1 1 1 1 1 1 1 1
Maze 164
95 22 3.6666666667 2.1421620914 59 0.400133390447262
32 71 52 24 32 82 9 46 80 9 79 26 74 46 2 32
31 51 22 22 400 2 6 76 79 400 76 24 44 42 400
402 402 402 402 400 402 402 401 401 400 401 402 402 401 400
0 1 1 1 1 1 1 1 1 0
0 1 0 0 0 1 0 0 1 0
0 1 1 1 1 1 0 0 1 0
1 2 0 1 0 1 0 0 1 0
1 1 1 1 1 1 0 0 1 0
1 1 0 1 0 1 0 0 1 0
1 1 0 1 0 1 0 0 1 0
1 1 0 1 0 1 1 1 1 1
0 1 0 0 0 0 0 0 0 0
0 0 0 0 0 0 0 0 0 0
Maze 165
83 11 3.0000000000 1.9913604401 30 0.380220205098433
66 49 58 16 3 52 51 83 11 83 42 49 26 87 52 66
46 48 56 13 2 400 81 81 81 82 400 46 86 82 62
402 402 401 401 402 400 401 401 401 401 400 401 401 401 401
0 1 1 0 0 0 0 0 0 0
1 1 1 1 1 1 0 0 0 0
1 1 0 0 0 1 0 0 0 0
1 1 0 0 0 1 0 0 0 0
1 1 1 1 1 1 1 1 1 0
1 1 0 0 0 1 1 1 0 0
1 1 1 1 1 2 0 0 0 0
1 1 0 0 0 1 0 0 0 0
1 1 1 1 1 1 1 0 0 0
0 0 0 0 0 0 0 0 0 0
Maze 166
109 265 4.0000000000 1.8154079341 71 0.386841617716990
42 65 91 55 61 88 65 92 30 73 91 81 27 83 13 42
62 61 51 51 81 85 62 22 23 71 400 21 23 400 12
401 402 402 402 401 401 402 402 402 402 400 402 402 400 402
0 0 0 0 0 0 0 0 0 0
0 1 1 0 0 0 0 0 0 0
1 1 1 1 1 1 1 1 1 1
1 1 1 0 0 0 0 0 0 0
1 2 1 0 0 0 0 0 0 0
1 1 1 1 1 0 0 0 0 0
1 1 1 1 1 0 0 0 0 0
1 1 1 0 1 0 0 0 0 0
1 1 1 1 1 1 1 1 0 0
1 1 0 0 0 0 0 0 0 0
Maze 167
89 35 3.1923076923 2.2356913271 39 0.405009069198107
21 71 36 63 94 13 62 32 19 70 75 73 95 28 42 21
400 31 33 93 93 12 400 12 69 65 400 93 25 22 41
400 402 402 401 401 402 400 402 401 402 400 401 402 402 401
0 0 0 0 0 0 0 0 0 0
0 1 1 1 1 1 1 1 1 0
2 1 1 1 1 1 1 1 1 0
1 1 1 1 1 1 0 0 1 0
1 1 1 0 1 0 0 0 1 0
1 1 1 0 1 0 0 0 1 0
1 1 1 0 1 1 1 1 1 1
1 0 1 1 1 0 0 0 0 0
0 0 1 0 1 0 0 0 0 0
0 0 1 1 1 0 0 0 0 0
Maze 168
83 117 3.6842105263 2.0576317263 30 0.369990179323479
66 94 23 74 17 33 37 8 26 23 38 93 85 67 72 66
64 93 73 14 13 400 7 6 400 33 33 83 65 62 62
402 401 401 402 402 400 402 402 400 401 402 402 402 402 402
0 0 0 0 0 1 1 1 0 0
0 0 1 1 1 1 1 0 0 0
0 0 1 1 1 1 1 0 0 0
0 0 1 1 1 1 1 1 0 0
0 0 1 1 0 0 0 0 0 0
0 0 1 1 0 0 0 0 0 0
0 1 1 1 1 2 1 0 0 0
0 1 1 1 1 0 0 0 0 0
0 0 1 1 1 0 0 0 0 0
0 0 1 1 0 0 0 0 0 0
Maze 169
95 2393 3.0909090909 2.2000583642 71 0.382787404713953
67 44 82 42 93 9 25 15 54 2 38 68 42 1 29 67
64 42 400 92 3 5 400 14 52 32 400 62 41 21 27
401 402 400 401 402 402 400 402 401 401 400 401 401 401 402
1 1 1 1 1 1 1 1 1 0
1 1 1 1 1 0 0 0 0 0
1 1 1 1 1 1 1 1 1 0
1 1 1 1 1 1 1 1 0 0
1 1 1 1 0 0 1 1 0 0
0 1 1 1 0 0 1 1 0 0
0 1 1 1 1 1 2 1 0 0
0 1 1 0 0 0 0 0 0 0
0 1 1 0 0 0 0 0 0 0
0 1 1 0 0 0 0 0 0 0
Maze 170
105 648 3.1000000000 2.1891683911 98 0.408714187281180
54 14 45 6 58 32 11 75 53 100 26 77 73 17 99 54
400 44 5 56 52 31 71 73 93 96 76 400 13 97 94
400 401 402 401 401 401 401 401 401 401 401 400 402 401 401
0 0 0 0 1 1 0 0 0 0
1 0 1 1 1 1 1 0 0 0
1 0 1 1 1 1 1 0 0 0
1 1 1 1 1 1 1 0 0 0
1 1 1 1 1 1 1 0 0 0
1 1 1 2 1 1 1 1 0 0
1 0 1 1 0 1 1 0 0 0
1 1 1 1 1 1 1 0 0 0
0 0 1 1 0 1 1 0 0 0
0 0 1 1 1 1 1 1 1 1
Maze 171
137 4524 4.0689655172 2.1310668245 256 0.394753440689019
83 79 81 49 93 71 68 2 75 59 91 57 4 66 19 83
73 71 41 43 91 61 62 72 55 51 51 54 64 16 13
402 402 402 402 401 402 401 401 402 402 402 401 401 402 402
0 1 0 1 0 0 0 0 0 0
0 1 1 1 1 1 1 1 1 0
0 1 1 1 0 1 0 0 0 0
0 1 1 1 0 1 0 0 0 0
1 1 1 1 1 1 1 1 1 0
1 1 1 1 1 1 1 1 1 0
1 1 1 1 1 1 1 1 0 0
1 1 1 1 1 1 1 1 1 0
1 0 2 0 0 0 0 0 0 0
1 1 1 0 0 0 0 0 0 0
Maze 172
99 90 3.0545454545 2.0483390199 50 0.375008313503974
55 89 35 61 47 87 5 1 65 98 82 72 70 63 59 55
85 85 31 41 400 85 400 61 95 92 400 62 400 53 400
401 401 402 402 400 401 400 401 401 401 400 402 400 402 400
1 1 1 1 1 0 0 0 0 0
1 0 0 0 1 0 0 0 0 0
1 0 0 0 1 0 0 0 0 0
1 1 1 1 1 0 0 0 0 0
1 1 1 1 1 1 1 0 0 0
1 0 1 1 2 1 1 1 1 0
1 1 1 1 1 1 1 1 1 1
0 1 0 0 1 0 1 0 0 0
0 1 0 0 1 1 1 1 1 0
0 1 1 1 1 1 1 1 0 0
Maze 173
133 177 3.5925925926 1.9311559743 144 0.379165115449063
98 11 38 23 100 72 49 81 27 5 72 31 71 41 2 98
91 31 33 93 92 42 41 21 25 2 71 400 400 1 92
401 401 401 401 401 402 402 402 401 402 401 400 400 402 401
1 1 1 1 1 0 0 0 0 0
1 1 0 0 1 0 0 0 0 0
1 1 1 1 1 1 1 0 0 0
1 1 1 1 1 1 1 1 0 0
1 1 1 1 1 1 1 1 1 0
1 1 1 0 0 0 0 0 0 0
1 1 1 0 0 0 0 0 0 0
1 1 1 0 0 0 0 0 0 0
1 1 1 0 0 0 0 0 0 0
1 1 1 1 1 1 1 2 1 1
Maze 174
107 412 3.2000000000 2.1604287540 105 0.394992056107242
65 58 93 92 28 42 86 6 23 16 35 59 96 81 9 65
55 53 400 22 22 82 400 3 13 15 55 56 91 1 5
402 402 400 402 402 401 400 402 402 402 401 402 401 402 402
1 1 1 1 1 1 1 1 1 0
1 0 1 1 1 1 0 0 0 0
1 1 1 1 1 1 1 1 0 0
1 1 0 0 1 1 0 0 0 0
1 1 0 0 1 1 0 0 0 0
1 1 1 1 1 1 1 1 1 0
1 1 1 0 2 1 0 0 0 0
1 1 1 0 0 1 0 0 0 0
1 1 1 1 1 1 0 0 0 0
1 1 1 1 1 1 0 0 0 0
Maze 175
101 68 3.0476190476 2.3328305505 59 0.390451956001994
61 11 40 16 1 71 100 52 80 26 28 32 56 47 61 61
400 31 36 11 400 91 92 72 76 400 22 52 46 41 400
400 401 401 401 400 401 401 401 401 400 402 401 402 402 400
1 0 0 0 0 0 0 0 0 0
1 1 1 1 1 1 0 0 0 0
1 1 1 1 1 1 1 1 0 0
1 1 1 1 1 1 1 1 1 1
1 1 1 1 1 1 1 0 0 0
1 1 1 1 1 1 0 0 0 0
2 1 0 0 0 1 0 0 0 0
1 1 1 1 1 1 1 1 1 1
1 1 0 0 0 0 0 0 0 0
1 1 1 1 1 1 1 1 1 1
Maze 176
85 405 3.0181818182 2.2828677994 56 0.374121426699710
27 78 57 81 24 97 85 6 24 11 44 33 67 98 46 27
77 77 51 21 94 95 5 4 21 41 43 63 97 96 26
401 401 402 402 401 401 402 402 401 401 401 401 401 401 402
0 0 0 1 1 1 0 0 0 0
1 0 0 1 1 0 0 0 0 0
1 1 1 1 1 1 2 0 0 0
1 0 1 1 1 1 1 0 0 0
1 1 1 1 1 1 1 0 0 0
1 1 1 1 1 1 1 0 0 0
1 0 1 1 1 1 1 0 0 0
1 0 0 1 1 1 1 1 0 0
1 0 0 1 1 1 1 0 0 0
0 0 0 1 1 1 1 1 0 0
Maze 177
95 19 3.0000000000 2.3230336243 39 0.367435360764227
98 78 69 12 24 43 1 57 71 44 73 47 10 31 95 98
400 68 62 22 23 41 51 51 41 43 43 7 1 91 400
400 402 401 401 402 401 401 402 402 402 402 402 402 401 400
1 1 1 1 1 1 1 1 1 1
1 1 0 0 0 0 1 0 0 0
1 1 1 1 0 0 1 0 0 0
1 1 1 0 0 0 1 0 0 0
1 1 1 1 1 1 1 0 0 0
1 1 1 1 1 1 1 0 0 0
1 1 1 1 1 1 1 1 1 0
1 0 1 0 0 0 0 1 0 0
1 0 0 0 0 0 0 1 0 0
1 1 1 1 1 1 1 2 0 0
Maze 178
121 634 3.3461538462 1.8072655960 114 0.378132486877717
23 86 20 83 91 35 20 81 58 76 83 11 21 75 39 23
83 16 13 81 31 15 11 51 56 73 81 400 71 35 33
401 402 402 402 402 402 402 402 402 402 401 400 401 402 401
0 0 0 0 0 0 0 0 0 0
1 1 1 1 1 1 1 1 1 1
1 0 2 0 1 1 0 0 0 0
1 1 1 1 1 1 1 1 1 0
1 0 1 0 1 1 0 0 0 0
1 1 1 1 1 1 1 1 0 0
1 0 1 0 1 1 0 0 0 0
1 1 1 1 1 1 0 0 0 0
1 1 1 1 1 1 0 0 0 0
1 0 0 0 0 0 0 0 0 0
Maze 179
91 85 3.2500000000 2.0493837165 45 0.402218642901587
35 1 81 22 66 35 12 33 62 27 65 36 90 60 13 35
31 400 21 62 65 32 32 32 22 25 35 86 400 53 33
401 400 402 401 401 401 401 402 402 402 402 401 400 401 401
1 0 0 0 0 0 0 0 0 0
1 1 1 0 0 0 0 0 0 0
1 1 1 1 1 1 1 0 0 0
1 1 1 1 2 1 0 0 0 0
1 1 1 0 1 1 0 0 0 0
1 1 1 1 1 1 1 1 1 1
1 1 1 1 1 1 0 0 0 1
1 0 0 0 0 1 0 0 0 1
1 0 0 0 0 1 1 1 1 1
0 0 0 0 0 0 0 0 0 0
Maze 180
111 116 3.7500000000 1.8872473800 120 0.384207761652823
4 40 43 40 34 60 31 35 9 83 55 57 94 17 32 4
34 33 33 400 54 51 400 5 3 53 400 54 14 12 2
401 402 402 400 401 401 400 402 402 402 400 402 402 402 402
0 1 1 2 1 1 1 1 1 0
0 1 1 1 1 1 1 0 0 0
0 1 1 1 1 0 0 0 0 0
1 1 1 1 1 1 1 1 1 1
1 0 1 1 0 0 0 0 0 0
1 1 1 1 1 1 1 1 1 1
0 0 1 1 0 0 0 0 0 0
0 0 1 1 0 0 0 0 0 0
0 0 1 1 0 0 0 0 0 0
0 0 0 1 0 0 0 0 0 0
Maze 181
85 18 3.0196078431 2.2159110899 45 0.379688874614007
92 23 40 80 51 95 83 6 6 19 16 35 53 94 32 92
22 33 400 71 91 93 3 400 16 400 15 33 93 92 400
402 401 400 401 401 401 402 400 401 400 402 402 401 401 400
0 0 1 1 1 1 0 0 0 0
0 0 1 0 1 1 1 1 1 0
0 1 1 0 1 0 0 0 0 0
0 1 1 1 1 1 1 1 1 1
0 1 1 0 0 0 0 0 0 1
1 1 1 0 0 0 0 0 0 1
1 1 1 0 0 0 0 0 0 1
1 1 1 1 1 1 1 1 1 1
1 1 1 0 0 0 0 0 0 0
1 2 1 1 1 0 0 0 0 0
Maze 182
95 38 2.9642857143 2.0674287209 64 0.395879273025930
4 22 46 50 26 53 80 53 2 36 50 86 71 2 18 4
2 42 400 46 23 73 73 52 32 46 46 81 1 12 14
402 401 400 401 402 401 401 401 401 401 402 401 402 401 401
1 1 1 2 0 0 0 0 0 0
1 1 1 1 1 1 1 1 0 0
1 1 1 1 1 1 0 0 0 0
1 1 1 1 1 1 0 0 0 0
1 1 1 1 1 1 1 1 1 1
1 1 1 0 0 1 0 0 0 0
1 0 1 0 0 1 0 0 0 0
1 0 1 1 1 1 1 1 1 1
1 1 1 1 1 1 0 0 0 0
0 0 0 0 0 0 0 0 0 0
Maze 183
67 67 2.8444444444 2.2641248875 16 0.382692339040055
49 50 36 54 56 51 12 35 73 68 50 10 19 39 85 49
400 46 34 400 400 11 32 33 63 48 400 9 400 35 45
400 401 402 400 400 402 401 402 402 402 400 402 400 402 402
0 0 0 0 0 0 0 0 1 1
1 1 0 0 0 0 0 0 1 1
1 1 0 0 0 0 0 0 1 1
1 1 1 1 1 1 1 1 1 1
1 0 1 1 1 1 1 1 2 1
1 1 1 1 1 1 0 1 0 0
0 0 1 1 1 1 1 1 0 0
0 0 1 0 1 0 0 0 0 0
0 0 0 0 1 0 0 0 0 0
0 0 0 0 0 0 0 0 0 0
Maze 184
95 45 3.0175438596 2.1774865224 59 0.394271012659654
48 64 9 23 9 89 86 68 55 71 25 2 27 18 90 48
44 4 3 3 400 400 66 65 51 21 22 22 17 88 88
402 402 402 402 400 400 402 401 402 402 401 401 402 401 401
0 1 1 1 1 1 1 1 1 0
0 1 1 1 0 0 1 1 1 0
1 1 1 1 1 1 1 1 1 0
1 0 0 1 0 0 0 1 1 0
1 0 0 1 1 1 1 2 1 0
1 1 1 1 1 0 0 1 1 0
1 0 0 1 1 1 1 1 1 0
1 0 0 0 0 1 0 1 1 0
0 0 0 0 0 1 1 1 1 1
0 0 0 0 0 0 0 0 0 0
Maze 185
85 37 2.8070175439 2.3425345807 56 0.364323054542038
19 55 57 100 83 6 2 5 31 68 60 74 55 77 47 19
15 400 97 93 3 400 400 1 61 58 54 54 75 400 17
402 400 401 401 402 400 400 402 401 402 402 402 401 400 402
1 1 1 1 1 1 0 0 0 0
1 0 1 0 1 1 1 1 2 0
1 0 1 0 1 0 1 0 0 0
1 0 1 0 1 0 1 0 0 0
1 0 1 0 1 0 1 0 0 0
1 0 1 1 1 1 1 1 1 1
1 1 1 1 1 1 1 1 0 0
0 0 1 1 1 1 1 0 0 0
0 0 1 0 0 0 1 0 0 0
0 0 1 1 1 1 1 1 1 1
Maze 186
99 34 3.2222222222 2.1137200236 77 0.380604463368148
16 80 73 86 60 12 30 68 47 96 18 32 51 35 29 16
76 400 83 56 52 22 28 67 46 16 12 31 31 25 26
401 400 401 402 401 401 402 401 402 402 402 402 402 402 401
0 0 0 0 0 0 0 0 0 0
0 1 1 1 1 2 1 1 0 0
0 1 1 1 1 1 1 1 1 1
1 1 1 1 1 1 0 1 0 0
1 1 0 0 0 1 1 1 0 0
1 1 1 1 1 1 1 1 1 1
0 0 0 0 0 1 1 1 0 0
0 0 1 1 1 1 1 1 1 1
0 0 1 1 1 1 0 0 0 0
0 0 0 0 0 1 0 0 0 0
Maze 187
79 104 3.0454545455 2.0426134039 21 0.387293979845069
52 10 16 58 50 63 4 58 56 46 53 66 38 59 43 52
2 6 56 48 43 3 54 400 400 43 63 36 58 53 42
402 402 401 402 402 402 401 400 400 402 401 402 401 401 402
0 1 1 1 1 1 1 1 1 1
0 1 1 1 0 1 0 0 0 0
0 1 1 1 0 1 0 0 0 0
0 1 1 1 0 1 1 1 0 0
0 1 1 1 1 1 1 1 1 1
0 2 1 1 1 1 1 1 1 0
0 0 1 1 1 1 0 0 0 0
0 0 0 0 0 0 0 0 0 0
0 0 0 0 0 0 0 0 0 0
0 0 0 0 0 0 0 0 0 0
Maze 188
83 191 3.1428571429 2.1924125492 22 0.375076171632666
64 43 2 11 3 96 50 12 75 90 91 73 62 71 52 64
63 42 1 1 93 46 42 72 85 81 71 72 61 51 62
401 401 402 402 401 402 401 401 401 402 402 401 402 402 401
1 1 1 0 0 0 0 0 0 0
1 1 1 0 0 0 0 0 0 0
0 1 1 0 0 0 0 0 0 0
0 1 1 0 0 0 0 0 0 0
0 1 1 1 1 1 1 1 1 1
1 1 1 0 0 1 0 0 0 0
1 1 1 2 0 1 0 0 0 0
1 1 1 1 1 1 0 0 0 0
1 1 1 1 1 1 1 1 1 1
1 0 1 1 1 1 0 0 0 0
Maze 189
107 506 2.7605633803 2.4221124954 112 0.379989231229665
6 1 95 20 83 2 33 11 69 19 15 28 7 78 16 6
400 91 15 13 82 32 31 61 400 400 25 27 77 76 400
400 401 402 402 401 401 401 401 400 400 401 401 401 401 400
1 1 1 1 1 2 1 0 0 0
1 1 1 1 1 1 1 1 1 1
1 1 1 0 1 1 1 1 1 0
1 1 1 0 1 1 1 0 1 0
1 1 1 0 1 1 1 0 1 0
1 1 1 0 1 1 1 0 1 0
1 1 1 1 1 1 1 1 1 0
1 1 1 0 1 1 1 1 0 0
1 1 1 0 1 0 0 0 0 0
1 1 1 1 1 0 0 0 0 0
Maze 190
77 6 3.0810810811 1.8551581612 30 0.389643800819695
92 2 4 82 16 22 33 11 31 27 67 55 62 35 54 92
400 400 2 12 12 32 31 400 21 400 65 52 32 34 52
400 400 402 402 402 401 401 400 402 400 401 402 402 402 402
0 1 1 1 0 0 0 0 0 0
1 1 1 1 1 1 0 0 0 0
1 1 1 1 1 1 1 0 0 0
1 1 1 1 1 0 1 0 0 0
0 1 0 1 0 0 1 0 0 0
0 1 1 1 1 0 1 0 0 0
0 1 0 0 1 1 1 0 0 0
0 1 0 0 0 0 0 0 0 0
0 1 0 0 0 0 0 0 0 0
0 2 0 0 0 0 0 0 0 0
Maze 191
113 529 3.2063492063 2.1570717029 99 0.382567417576594
98 77 20 50 4 32 74 9 13 60 51 79 35 67 7 98
97 17 400 44 2 72 4 3 53 400 71 75 65 400 97
401 402 400 401 402 401 402 402 401 400 401 401 401 400 401
0 1 1 1 1 1 1 1 1 0
0 1 1 1 0 0 1 1 1 1
0 1 1 1 0 0 1 0 0 1
0 1 1 1 1 0 1 0 0 1
0 1 1 1 1 1 1 1 1 1
1 1 1 1 1 1 1 1 1 1
1 1 0 1 1 1 1 0 0 0
1 1 1 1 1 1 1 1 1 0
0 0 0 0 0 0 1 0 0 0
0 0 0 0 0 0 1 2 0 0
Maze 192
111 70 2.7428571429 2.2709422638 77 0.376793550153852
33 58 100 96 41 56 18 92 94 22 80 50 9 41 76 33
53 98 400 91 51 16 12 400 92 72 400 49 1 71 73
401 401 400 401 401 402 402 400 401 401 400 401 402 401 401
1 1 1 1 1 1 1 1 1 0
1 1 1 1 1 1 1 1 1 0
1 1 0 0 0 1 0 0 1 0
1 1 2 0 0 1 0 0 1 0
1 1 1 0 0 1 0 0 1 1
1 1 1 1 1 1 1 1 0 1
1 1 1 0 0 0 0 1 0 1
1 1 1 1 1 1 1 1 1 1
1 1 0 0 0 0 0 1 0 0
1 1 1 1 1 1 1 1 1 1
Maze 193
85 90 2.9411764706 2.2016060160 40 0.361912992191533
87 20 22 93 38 37 40 16 53 33 45 71 77 92 92 87
17 12 92 33 400 400 36 13 400 43 41 400 72 400 82
402 402 401 402 400 400 401 402 400 401 402 400 402 400 402
0 0 0 0 0 0 0 0 0 0
0 1 1 1 1 1 1 1 1 1
0 1 1 0 0 1 1 0 0 0
0 1 1 1 1 1 1 1 1 1
1 1 1 1 1 0 1 0 0 0
1 1 1 0 0 0 1 0 0 0
1 1 1 0 0 0 1 0 0 0
1 1 1 1 1 1 1 0 0 0
0 1 1 1 1 1 2 0 0 0
0 1 1 0 0 0 0 0 0 0
Maze 194
95 307 2.7619047619 2.1936379531 70 0.384578116330357
87 56 13 51 46 30 57 9 80 42 25 18 67 59 33 87
86 53 11 41 26 27 7 79 72 22 15 17 57 53 83
401 401 402 402 402 402 402 401 401 402 402 402 402 401 401
0 0 0 0 0 0 1 1 1 0
1 1 1 0 1 1 1 1 1 0
1 1 1 1 1 1 1 1 1 1
1 1 1 0 0 1 1 0 1 0
1 1 1 1 1 1 1 0 1 0
1 1 1 1 1 1 1 1 1 0
0 1 1 0 0 1 1 0 1 0
0 1 1 1 1 1 1 1 1 1
0 0 1 1 1 1 2 0 0 0
0 0 0 0 0 0 0 0 0 0
Maze 195
87 114 3.5555555556 2.1456267315 45 0.392748430499885
29 19 44 81 30 77 6 6 9 28 6 50 54 16 57 29
400 14 41 21 27 76 400 400 8 26 46 44 14 56 27
400 402 402 402 402 401 400 400 402 401 401 402 402 401 402
0 0 0 0 0 1 1 1 1 0
0 0 0 1 1 1 1 1 1 0
1 1 1 1 1 1 1 1 2 1
1 0 0 1 0 1 1 0 0 0
1 1 1 1 1 1 1 1 1 1
1 0 0 1 0 1 1 0 0 0
1 0 0 0 0 1 1 0 0 0
1 0 0 0 0 1 1 0 0 0
1 0 0 0 0 0 0 0 0 0
0 0 0 0 0 0 0 0 0 0
Maze 196
101 78 3.3818181818 2.0976340071 39 0.378875977247623
5 14 100 98 44 86 2 12 52 51 20 33 57 92 91 5
4 94 400 94 84 82 400 400 400 11 13 53 52 400 1
402 401 400 401 401 401 400 400 400 402 402 401 402 400 402
1 1 1 1 2 0 0 0 0 0
1 1 1 1 1 1 1 1 1 1
1 1 1 1 0 0 0 0 0 0
1 1 1 1 0 0 0 0 0 0
1 1 1 1 0 0 0 0 0 0
1 1 1 1 1 1 1 0 0 0
1 1 0 1 0 0 0 0 0 0
1 1 0 1 0 0 0 0 0 0
1 1 1 1 1 1 0 0 0 0
1 1 0 1 1 1 1 1 1 1
Maze 197
71 69 3.1162790698 2.2212806879 16 0.361381354933014
75 70 68 42 44 37 38 13 1 1 67 28 87 34 53 75
65 400 62 400 34 400 33 11 400 61 27 27 84 33 73
402 400 401 400 402 400 401 401 400 401 402 402 401 402 401
1 0 0 0 0 0 0 0 0 0
1 1 1 0 0 0 0 0 0 0
1 0 1 0 0 0 1 1 0 0
1 0 1 1 1 1 1 1 0 0
1 1 1 1 0 0 1 0 0 0
1 1 1 1 0 0 1 0 0 0
1 1 1 1 1 1 1 1 1 1
0 0 1 1 2 0 1 0 0 0
0 0 0 1 1 1 1 0 0 0
0 0 0 0 0 0 0 0 0 0
Maze 198
99 36 2.9117647059 2.4466271627 84 0.382498242700055
95 51 9 5 27 30 20 89 14 34 69 23 50 58 61 95
91 1 400 25 400 400 19 84 400 64 63 43 48 51 91
401 402 400 401 400 400 402 401 400 401 401 401 402 402 401
1 1 1 1 1 1 1 1 1 0
1 0 0 1 1 0 0 0 1 1
1 0 1 1 1 1 1 1 1 1
1 0 1 1 0 0 0 0 1 0
1 0 1 1 1 1 1 1 1 1
1 1 1 1 1 1 1 1 1 0
1 0 1 1 1 1 1 1 1 0
1 0 0 1 0 0 0 0 1 0
1 0 0 1 1 1 1 1 1 0
1 1 1 1 2 0 0 0 0 0
Maze 199
107 36 3.0476190476 2.2481381577 104 0.376336991614221
55 93 41 25 96 7 23 82 29 62 100 98 38 69 96 55
53 91 21 95 6 3 22 22 22 92 400 400 68 66 95
402 401 402 401 402 402 402 402 402 401 400 400 401 402 401
0 0 1 1 1 1 1 0 0 0
0 0 1 0 0 1 0 0 0 0
1 1 1 1 1 1 1 1 1 0
1 1 0 0 1 1 0 1 0 0
1 1 0 0 1 1 0 1 0 0
1 1 1 1 2 1 0 1 0 0
1 1 1 0 1 1 1 1 1 0
1 1 1 0 1 1 0 1 0 0
1 1 1 0 1 1 0 1 0 0
1 1 1 1 1 1 1 1 1 1
Maze 200
101 13716 3.2131147541 2.3019750991 77 0.383497148961801
7 79 41 44 37 21 68 18 18 43 85 8 62 34 43 7
77 71 400 34 31 61 400 400 13 83 5 2 32 33 3
401 401 400 402 401 401 400 400 402 401 402 402 402 402 402
0 1 1 1 1 1 2 1 0 0
0 1 1 1 1 1 1 1 0 0
1 1 1 0 1 0 1 1 0 0
1 1 1 1 1 1 1 1 0 0
1 1 1 1 1 0 1 1 0 0
1 1 1 0 1 0 1 1 0 0
1 1 1 1 1 1 1 1 0 0
1 1 1 1 1 1 1 1 1 0
0 0 1 1 1 0 0 0 0 0
0 0 0 0 0 0 0 0 0 0
