numMazes: 200
mazeSize: 10
Maze 1
111 82 3.2068965517 2.0611736348 85 0.382877798611544
2 86 36 1 21 9 82 80 78 89 31 33 29 54 91 2
82 400 31 400 1 2 72 400 88 81 400 23 24 51 1
401 400 401 400 402 402 402 400 401 401 400 402 402 402 402
1 2 1 1 1 1 1 1 1 0
1 1 0 0 0 0 0 0 0 0
1 1 1 1 1 1 1 1 1 0
1 1 1 1 1 1 0 0 0 0
1 1 0 1 0 1 0 0 0 0
1 1 1 1 0 1 0 0 0 0
1 1 0 0 0 1 0 0 0 0
1 1 1 1 1 1 1 1 1 1
1 1 1 1 1 1 1 1 1 0
1 0 0 0 0 0 0 0 0 0
Maze 2
97 210 3.0740740741 2.0842658187 55 0.388613584369172
51 64 21 10 47 87 68 93 58 6 17 69 81 88 44 51
61 61 1 7 400 67 63 53 56 16 67 61 400 84 41
401 401 402 402 400 402 402 402 401 401 401 402 400 401 402
1 1 1 1 1 1 1 1 1 1
1 0 0 0 0 1 1 0 0 0
1 0 0 0 0 1 1 0 0 0
1 0 0 0 0 1 1 0 0 0
1 1 1 1 0 1 1 0 0 0
2 0 1 1 1 1 1 1 0 0
1 1 1 1 1 1 1 1 1 0
1 0 1 1 0 0 1 0 0 0
1 1 1 1 1 1 1 1 0 0
0 0 1 0 0 0 0 0 0 0
Maze 3
93 4465 3.4693877551 2.0097305899 36 0.366983897579803
72 36 45 41 68 37 77 20 54 14 56 81 75 26 79 72
32 35 400 61 67 400 17 14 400 54 51 71 25 76 400
402 402 400 401 401 400 402 402 400 401 402 402 402 401 400
0 0 0 0 0 0 0 0 0 0
0 0 0 1 1 1 1 1 1 1
0 0 0 1 1 1 1 0 0 0
0 1 1 1 1 1 1 0 0 0
1 1 1 1 1 1 1 0 0 0
1 1 1 1 1 1 1 0 0 0
1 1 1 1 1 1 1 1 0 0
1 2 1 1 1 1 1 1 1 0
1 0 0 0 0 0 0 0 0 0
0 0 0 0 0 0 0 0 0 0
Maze 4
91 93 2.8727272727 2.0466196453 30 0.384221304735830
40 46 70 84 74 15 7 18 85 11 19 46 8 45 79 40
36 66 64 400 14 5 17 15 81 400 16 6 5 75 39
402 401 402 400 402 402 401 402 401 400 402 402 402 401 402
0 0 0 0 1 1 1 1 0 0
1 1 1 1 1 1 1 1 1 0
1 0 0 1 1 1 0 0 0 0
1 0 0 1 1 1 1 1 1 2
1 0 0 1 1 1 0 0 1 0
1 0 0 1 1 1 0 0 1 0
1 0 0 1 1 1 1 1 1 1
1 0 0 1 1 1 1 1 1 0
1 1 1 1 1 0 0 0 0 0
0 0 0 0 0 0 0 0 0 0
Maze 5
103 374 3.0461538462 2.3443937055 71 0.389364010904826
67 56 27 52 50 80 3 81 29 18 78 96 45 100 84 67
66 26 22 42 400 73 1 21 28 400 76 95 95 94 64
401 402 402 402 400 401 402 402 401 400 402 401 401 401 402
1 1 1 0 0 0 0 0 0 0
1 0 1 0 0 0 0 1 0 0
1 1 1 1 1 1 1 1 1 0
1 1 1 0 0 1 0 1 0 0
1 1 1 1 1 1 1 1 1 1
1 1 1 0 1 1 0 1 0 1
1 0 1 1 1 1 2 1 0 1
1 0 1 1 1 1 1 1 1 1
1 0 0 1 1 1 0 0 0 0
0 0 0 1 1 1 1 1 1 1
Maze 6
89 40 3.6279069767 2.0428932316 56 0.370265851930492
34 93 75 38 31 49 23 35 69 35 11 73 87 73 32 34
33 73 35 400 41 43 33 65 65 31 71 83 83 72 400
402 402 402 400 401 401 401 401 401 401 401 401 401 401 400
0 0 0 0 0 0 0 0 0 0
1 0 0 0 0 0 0 0 0 0
1 0 1 0 0 0 0 0 0 0
1 1 1 2 1 1 1 1 0 0
1 1 1 1 1 1 1 1 1 0
1 1 1 0 1 0 0 0 0 0
1 1 1 0 1 1 1 1 1 0
1 1 1 1 1 0 0 0 0 0
0 0 1 1 1 1 1 0 0 0
0 0 1 0 0 0 0 0 0 0
Maze 7
89 242 2.8571428571 2.2243968588 40 0.372682499731599
97 9 17 52 72 93 59 68 74 29 65 81 51 56 52 97
7 7 12 400 92 53 58 64 24 25 61 400 400 400 92
402 402 402 400 401 402 402 402 402 402 402 400 400 400 401
0 0 0 0 0 0 1 1 1 0
0 1 1 1 1 1 1 0 0 0
0 1 0 1 1 1 1 1 1 0
0 1 0 1 1 0 1 0 0 0
0 1 0 1 1 0 1 0 0 0
1 1 1 1 1 1 1 1 1 0
1 1 1 1 1 1 1 1 0 0
1 1 1 1 0 0 1 0 0 0
1 1 1 0 0 0 1 0 0 0
0 1 1 1 1 1 2 0 0 0
Maze 8
89 421 3.1200000000 2.0757999580 44 0.394741902796683
45 84 44 28 15 67 77 31 96 64 56 11 29 48 97 45
44 400 24 25 65 400 71 91 94 54 51 21 28 47 95
402 400 402 401 401 400 401 401 401 402 401 401 402 402 401
0 0 0 0 0 0 0 0 0 0
1 0 0 0 1 0 0 0 0 0
1 1 1 1 1 1 1 1 1 0
1 0 0 1 1 0 0 1 0 0
1 0 0 1 2 0 1 1 0 0
1 1 1 1 1 1 1 0 0 0
1 0 0 1 1 1 1 0 0 0
1 1 1 1 1 1 1 0 0 0
1 0 0 1 1 0 1 0 0 0
1 1 1 1 1 1 1 0 0 0
Maze 9
97 19 3.6279069767 1.8669380451 71 0.388818570460078
4 88 24 23 48 44 61 99 53 57 73 86 83 89 96 4
84 84 400 43 400 41 91 93 400 53 83 400 400 86 94
401 401 400 401 400 402 401 401 400 402 401 400 400 402 401
0 0 0 2 0 0 0 0 0 0
0 0 0 1 0 0 0 0 0 0
0 0 1 1 0 0 0 0 0 0
0 0 1 1 0 0 0 0 0 0
1 1 1 1 1 1 1 1 0 0
1 0 1 1 1 1 1 0 0 0
1 0 1 1 0 0 0 0 0 0
1 0 1 1 0 0 0 0 0 0
1 0 1 1 1 1 1 1 1 0
1 1 1 1 1 1 1 1 1 0
Maze 10
121 90 3.2812500000 2.1818656305 165 0.402712538718199
2 61 9 18 94 59 1 67 51 57 40 78 33 30 34 2
1 1 8 14 54 51 61 61 400 37 38 73 23 24 32
402 402 402 402 402 401 401 401 400 402 402 401 402 402 401
1 2 1 1 1 1 1 1 1 0
1 1 0 1 1 1 1 1 0 0
1 1 1 1 1 1 1 1 1 1
1 1 1 1 0 0 1 1 1 1
1 0 1 1 0 0 1 1 0 0
1 1 1 1 1 1 1 1 1 0
1 1 1 1 1 1 1 1 0 0
0 0 1 1 1 1 1 1 0 0
0 0 0 1 0 0 0 0 0 0
0 0 0 1 0 0 0 0 0 0
Maze 11
95 17 2.9285714286 2.2130222928 65 0.374061923031742
80 50 62 73 38 15 1 41 15 62 30 36 12 87 58 80
400 42 72 33 35 11 400 11 12 22 26 32 82 57 78
400 402 401 402 401 401 400 402 402 402 402 401 401 402 401
1 0 0 0 0 0 0 0 0 0
1 1 1 1 1 0 0 0 0 0
1 1 1 1 1 1 1 1 1 1
1 1 1 1 1 1 1 1 0 0
1 1 1 1 1 1 1 1 1 1
0 1 1 0 0 0 1 1 0 1
0 1 1 0 0 0 1 1 0 1
0 1 1 0 0 0 1 1 1 2
0 1 1 1 1 1 1 0 0 0
0 0 0 0 0 0 0 0 0 0
Maze 12
83 9 2.8947368421 1.7073454169 25 0.397631024734300
54 49 69 31 42 65 88 61 69 77 37 65 86 71 69 54
44 400 61 41 62 85 81 400 67 400 35 85 81 61 64
402 400 401 401 401 401 401 400 402 400 402 401 401 402 401
0 0 0 0 0 0 0 0 0 0
0 0 0 0 0 0 0 0 0 0
0 0 0 0 0 0 0 0 0 0
1 0 0 0 1 1 1 0 0 0
1 1 0 1 1 1 1 1 1 0
1 1 0 2 1 0 1 0 1 0
1 1 1 1 1 1 1 1 1 0
1 0 0 0 1 0 1 0 0 0
1 1 1 1 1 1 1 1 0 0
0 0 0 0 0 0 0 0 0 0
Maze 13
97 62 3.0000000000 2.2983870875 58 0.383415497032986
5 9 88 96 11 22 4 86 55 53 84 15 53 21 97 5
400 8 86 91 21 2 84 85 400 83 14 13 51 91 95
400 402 402 401 401 402 401 401 400 401 402 402 401 401 401
0 1 1 1 2 1 1 1 1 0
1 1 1 1 1 0 0 1 0 0
1 1 1 1 1 0 0 1 0 0
1 0 1 1 1 0 0 1 0 0
1 0 1 1 1 0 0 1 0 0
1 1 1 1 1 0 0 1 0 0
1 0 1 1 1 0 0 1 0 0
1 0 1 1 1 0 0 1 0 0
1 0 1 1 1 1 1 1 0 0
1 1 1 1 1 1 1 0 0 0
Maze 14
83 202 2.8888888889 2.2377515472 35 0.365643251696725
19 37 94 47 98 9 6 39 43 51 67 80 57 54 18 19
17 34 44 97 8 400 36 33 41 61 77 77 400 14 400
402 402 402 401 402 400 401 402 402 401 401 401 400 402 400
0 0 0 0 0 1 1 1 1 0
0 0 0 1 1 1 1 1 2 0
0 0 0 1 0 1 1 1 0 0
0 0 1 1 1 1 1 1 1 0
1 1 1 1 1 1 1 1 0 0
1 0 0 1 1 1 1 1 0 0
1 1 1 1 1 1 1 1 0 0
0 0 0 1 0 0 1 1 1 1
0 0 0 1 0 0 1 1 0 0
0 0 0 1 0 0 1 1 0 0
Maze 15
101 145 3.2857142857 2.1237448862 77 0.370131309829640
74 38 50 20 74 82 68 27 36 19 82 6 66 31 77 74
34 48 400 14 72 62 67 26 16 12 2 400 61 71 400
402 401 400 402 402 402 401 402 402 402 402 400 401 401 400
0 1 1 1 1 1 0 0 0 0
0 1 1 1 1 1 1 1 1 1
0 1 0 1 0 1 1 0 0 1
1 1 0 1 1 1 1 1 0 1
1 1 0 1 0 1 1 1 1 1
1 1 0 1 0 1 1 0 0 0
1 1 1 1 1 1 1 1 0 0
1 1 1 2 1 1 1 0 0 0
0 1 0 0 0 0 0 0 0 0
0 0 0 0 0 0 0 0 0 0
Maze 16
105 2 3.1372549020 2.0553176823 79 0.398995533828318
31 6 9 81 15 13 48 24 49 1 59 70 60 70 11 31
1 400 1 11 400 43 44 44 41 51 69 400 400 61 400
402 400 402 402 400 401 401 401 401 401 401 400 400 401 400
1 1 1 1 1 1 1 1 1 0
1 1 1 1 1 0 0 0 0 0
1 0 1 1 0 0 0 0 0 0
2 0 1 1 0 0 0 0 0 0
1 1 1 1 1 1 1 1 1 0
1 1 1 1 1 1 1 1 1 1
1 1 1 1 1 1 1 1 1 1
1 0 0 0 0 0 0 0 0 0
1 0 0 0 0 0 0 0 0 0
0 0 0 0 0 0 0 0 0 0
Maze 17
95 210 3.1578947368 2.2621608086 60 0.378018125349341
66 56 92 18 67 76 8 44 63 78 21 1 44 16 3 66
400 52 12 17 66 6 4 43 73 71 400 41 14 13 63
400 402 402 402 402 402 402 402 401 401 400 401 402 401 401
1 0 1 1 1 1 1 1 0 0
1 1 1 1 1 1 1 1 0 0
1 1 1 1 0 1 1 0 0 0
1 1 1 1 0 1 1 0 0 0
1 1 1 1 0 1 1 0 0 0
1 1 1 1 1 1 1 0 0 0
1 1 1 1 1 2 1 0 0 0
1 1 1 1 1 1 1 1 0 0
0 1 0 0 0 0 0 0 0 0
0 1 0 0 0 0 0 0 0 0
Maze 18
77 7 2.9166666667 2.1073958466 30 0.374947450615606
26 87 71 82 90 78 42 22 52 3 63 58 45 77 34 26
86 81 81 400 88 72 400 400 2 400 53 55 75 74 24
401 401 401 400 401 401 400 400 402 400 402 401 401 401 402
0 1 1 0 0 0 0 0 0 0
0 1 1 0 0 0 0 0 0 0
0 1 1 1 1 2 0 0 0 0
0 1 1 1 0 1 0 0 0 0
0 1 1 1 1 1 0 0 0 0
0 1 1 1 1 1 1 1 0 0
0 1 1 1 1 1 0 0 0 0
1 1 1 1 1 1 1 1 0 0
1 1 1 1 1 1 1 1 1 1
0 0 0 0 0 0 0 0 0 0
Maze 19
115 731 3.2786885246 2.1518147395 126 0.397582404276827
3 83 59 71 63 87 100 84 13 92 67 79 41 39 90 3
400 53 51 61 83 97 94 83 12 62 77 71 31 89 83
400 402 402 402 401 401 401 401 402 402 401 401 402 401 401
0 0 2 0 0 0 0 0 0 0
0 1 1 0 0 0 0 0 0 0
0 1 1 0 0 0 0 0 0 0
1 1 1 1 1 1 1 1 1 0
1 1 1 0 0 0 0 0 1 0
1 1 1 1 1 1 1 1 1 0
1 1 1 1 1 1 1 0 1 0
1 1 1 1 1 1 1 1 1 0
0 1 1 1 1 1 1 1 1 1
0 1 0 1 1 1 1 1 1 1
Maze 20
81 78 3.0833333333 2.0663452372 30 0.408752729566662
60 46 33 58 57 2 83 36 37 50 67 28 78 36 8 60
56 43 53 400 52 82 33 400 47 47 27 400 76 6 58
401 401 401 400 401 401 402 400 401 402 402 400 401 402 401
0 1 0 0 0 1 1 1 0 0
0 1 0 0 0 1 0 1 0 0
0 1 0 0 0 1 1 1 0 0
0 1 1 1 1 1 1 1 0 0
0 1 1 1 1 1 1 1 1 1
0 1 1 1 1 1 1 1 1 2
0 1 1 0 0 1 1 1 0 0
0 1 1 0 0 1 1 1 0 0
0 1 1 0 0 0 0 0 0 0
0 0 0 0 0 0 0 0 0 0
Maze 21
111 133 3.2000000000 2.1510178837 98 0.386336768610420
16 31 71 64 94 100 1 87 22 56 28 67 25 22 96 16
11 400 61 400 400 91 81 82 52 26 27 65 400 92 400
402 400 402 400 400 401 401 401 401 402 402 401 400 401 400
1 0 0 0 0 0 0 0 0 0
1 1 1 1 1 2 0 0 0 0
1 1 1 1 1 1 1 1 0 0
1 1 0 0 1 1 1 0 0 0
1 1 0 0 1 1 1 0 0 0
1 1 1 1 1 1 1 0 0 0
1 1 1 1 1 1 1 0 0 0
1 1 0 1 0 1 0 0 0 0
1 1 1 1 1 1 1 0 0 0
1 1 1 1 1 1 1 1 1 1
Maze 22
83 62 2.9787234043 2.0576317263 26 0.396953677878199
16 39 69 9 99 15 39 49 97 14 14 49 7 18 46 16
36 400 400 400 95 35 400 47 94 400 44 47 17 16 400
401 400 400 400 401 401 400 402 401 400 401 401 401 402 400
0 0 0 0 0 0 1 0 1 0
0 0 0 1 1 2 1 1 1 0
0 0 0 1 1 1 1 0 1 0
0 0 0 1 1 1 1 1 1 0
0 0 0 1 1 1 1 1 1 0
0 0 0 1 1 0 1 0 1 0
0 0 0 1 1 0 1 0 1 0
0 0 0 1 1 0 1 0 1 0
0 0 0 1 1 0 1 0 1 0
0 0 0 1 1 1 1 1 1 0
Maze 23
97 37 3.0169491525 2.2759322444 70 0.364724912134318
100 56 37 58 78 33 64 83 64 94 26 93 77 20 31 100
96 36 57 400 73 63 63 63 400 24 23 73 17 11 91
401 402 401 400 401 401 402 402 400 402 402 402 402 402 401
0 0 0 0 0 0 0 0 0 0
1 1 1 1 1 1 1 1 1 1
1 0 1 1 1 1 1 0 0 0
1 0 1 1 0 1 1 0 0 0
1 0 1 1 0 1 1 0 0 0
1 0 1 1 0 1 1 1 0 0
1 0 1 1 0 1 1 1 0 0
1 0 1 1 1 1 1 1 0 0
1 0 1 1 0 1 0 0 0 0
1 1 1 1 1 1 1 1 1 2
Maze 24
81 114 3.4634146341 2.0853103103 23 0.363780634548261
45 44 68 97 44 98 15 36 36 67 86 67 53 11 87 45
400 64 67 94 94 95 35 400 66 66 66 63 51 81 85
400 401 402 401 401 401 401 400 401 402 402 401 401 401 401
0 0 0 0 0 0 0 0 0 0
1 0 0 0 1 0 0 0 0 0
1 0 0 0 1 0 0 0 0 0
1 0 0 0 1 1 0 0 0 0
1 0 0 1 2 1 0 0 0 0
1 1 1 1 1 1 0 0 0 0
1 0 1 1 1 1 1 1 0 0
1 0 0 1 1 1 1 0 0 0
1 1 1 1 1 1 1 0 0 0
0 0 0 1 1 1 1 1 0 0
Maze 25
109 141 3.4716981132 2.0535518162 105 0.391681947649571
2 49 66 87 22 55 58 82 26 19 12 70 13 26 38 2
42 46 86 82 52 400 52 22 16 400 62 63 23 36 32
401 402 401 401 401 400 402 402 402 400 401 401 401 401 401
0 2 0 0 0 0 0 0 0 0
0 1 1 1 1 1 1 1 1 0
0 1 1 1 1 1 0 0 0 0
0 1 1 1 1 1 1 1 0 0
0 1 1 1 1 1 1 1 1 0
0 1 1 1 1 1 1 1 0 0
0 1 1 1 1 1 1 1 1 1
0 1 0 0 0 1 0 0 0 0
0 1 1 1 1 1 1 0 0 0
0 0 0 0 0 0 0 0 0 0
Maze 26
85 59 3.4893617021 2.1524182109 45 0.381211625158033
24 65 27 27 48 36 2 83 84 71 50 11 61 79 44 24
64 25 400 47 46 32 82 400 81 41 41 400 71 74 400
401 402 400 401 401 401 401 400 401 402 401 400 401 401 400
0 1 0 0 0 0 0 0 0 0
1 1 0 0 0 0 0 0 0 0
1 1 0 2 1 1 1 0 0 0
1 1 1 1 1 1 1 0 0 0
1 1 1 1 1 1 1 1 1 1
1 1 0 1 1 0 0 0 0 0
1 1 0 1 1 0 0 0 0 0
1 1 1 1 1 1 1 1 1 0
1 1 1 1 0 0 0 0 0 0
0 0 0 0 0 0 0 0 0 0
Maze 27
121 95 3.3442622951 2.1465854247 100 0.372968810583517
5 22 57 53 100 18 54 3 34 1 47 73 9 91 5 5
2 52 400 93 98 14 53 33 31 41 43 3 1 1 400
402 401 400 401 401 402 401 401 401 401 402 402 402 402 400
1 1 1 1 2 1 1 1 1 0
1 1 1 1 1 1 1 1 0 0
1 1 1 1 0 0 0 1 0 0
1 1 1 1 0 0 0 1 0 0
1 1 1 1 1 1 1 1 0 0
1 1 1 1 1 1 1 1 0 0
1 0 1 0 0 0 0 1 0 0
1 0 1 0 0 0 0 1 0 0
1 0 1 0 0 0 0 1 0 0
1 0 1 1 1 1 1 1 1 1
Maze 28
85 197 2.7692307692 2.1738157887 26 0.395427922807741
13 71 55 25 75 43 64 8 10 99 44 13 45 15 63 13
11 51 400 400 73 63 4 400 9 94 43 43 400 13 400
402 402 400 400 401 401 402 400 402 401 401 401 400 402 400
0 0 0 1 1 1 1 1 1 1
1 1 2 1 1 0 0 0 1 0
1 0 1 1 1 0 0 0 1 0
1 0 1 1 1 0 0 0 1 0
1 0 1 1 1 0 0 0 1 0
1 1 1 1 1 0 0 0 1 0
1 0 1 1 1 0 0 0 1 0
1 0 1 1 1 0 0 0 1 0
0 0 0 1 0 0 0 0 1 0
0 0 0 1 1 1 1 1 1 0
Maze 29
115 454 3.6226415094 2.1229509825 113 0.379487212492228
84 78 89 31 49 33 35 22 78 21 64 2 71 14 99 84
74 88 81 41 43 400 32 72 71 61 62 1 11 94 94
402 401 401 401 401 400 401 401 401 401 401 402 402 401 401
1 1 0 0 0 0 0 0 0 0
1 1 1 1 0 0 0 0 0 0
1 1 0 1 0 0 0 0 0 0
1 1 1 1 1 0 0 0 0 0
1 1 1 1 1 1 1 1 1 0
1 1 0 1 0 0 0 0 0 0
1 1 1 1 0 0 0 0 0 0
1 1 1 1 1 1 1 1 0 0
1 1 1 2 1 1 1 1 1 0
0 0 0 1 1 1 1 1 1 0
Maze 30
103 68 3.5909090909 1.8251346908 70 0.394727308148976
83 18 24 11 37 20 37 66 63 19 99 20 37 14 70 83
13 14 21 31 17 17 36 400 13 400 19 17 34 64 63
402 402 401 401 402 402 402 400 402 400 402 402 401 401 402
0 0 0 0 0 0 0 0 0 0
1 0 1 1 1 1 1 1 1 1
1 1 1 1 0 0 1 0 1 0
1 1 1 1 1 1 1 0 1 0
0 0 1 1 0 1 0 0 1 0
0 0 1 1 0 1 0 0 1 0
0 0 1 1 1 1 1 1 1 1
0 0 1 0 0 0 0 0 1 0
0 0 2 0 0 0 0 0 1 0
0 0 0 0 0 0 0 0 1 0
Maze 31
111 1153 3.5517241379 2.1310048011 105 0.388282058799671
57 93 46 40 8 70 91 78 14 47 73 28 1 37 59 57
53 43 36 38 68 61 71 74 44 43 23 21 31 57 400
402 402 402 401 401 402 402 401 401 402 402 401 401 401 400
1 0 0 0 0 0 0 1 0 0
1 0 0 1 0 0 0 1 0 0
1 1 1 1 1 1 1 1 0 0
1 1 1 1 1 1 1 1 1 1
0 0 1 1 1 1 1 1 0 0
0 0 1 1 1 1 2 1 1 0
1 1 1 1 1 1 1 1 1 1
1 1 1 1 1 1 1 1 0 0
1 0 1 0 0 0 0 0 0 0
1 0 1 0 0 0 0 0 0 0
Maze 32
101 161 3.3103448276 2.3311565995 70 0.390939452320067
21 7 21 83 16 39 53 77 80 26 15 26 11 47 88 21
1 1 81 13 36 33 73 400 76 25 25 21 41 87 81
402 402 401 402 401 402 401 400 401 401 401 401 401 401 401
1 1 1 1 1 1 1 0 0 0
1 0 1 1 1 1 0 0 0 0
2 1 1 1 1 1 0 0 0 0
1 0 1 1 1 1 1 1 1 0
1 1 1 1 1 1 1 0 0 0
1 0 1 0 0 1 1 0 0 0
1 0 1 0 0 1 1 0 0 0
1 0 1 1 1 1 1 1 1 1
1 1 1 1 1 1 1 1 0 0
0 0 0 0 0 0 0 0 0 0
Maze 33
107 49 3.2280701754 2.1188546574 85 0.390824844226918
88 96 11 49 40 66 13 97 55 48 93 92 18 13 45 88
86 91 41 39 36 63 93 95 45 43 400 12 400 43 85
402 401 401 402 402 401 401 401 402 402 400 402 400 401 401
0 0 0 0 0 0 0 0 0 0
1 1 1 1 1 1 1 1 0 0
1 1 1 0 0 0 0 0 0 0
1 1 1 0 0 1 1 1 1 1
1 1 1 1 1 1 1 1 1 0
1 1 1 0 1 1 0 0 0 0
1 1 1 1 1 1 0 0 0 0
1 1 1 0 1 0 0 0 0 0
1 1 1 0 1 1 1 2 0 0
1 1 1 1 1 1 1 0 0 0
Maze 34
101 542 2.9836065574 2.1976385809 77 0.387086914114568
2 76 36 13 38 13 1 8 68 13 54 42 16 89 30 2
72 400 33 33 33 11 400 400 63 53 52 12 86 29 22
401 400 401 401 401 401 400 400 401 401 401 402 401 402 401
1 2 1 1 1 1 1 1 0 0
1 1 1 1 1 1 0 1 0 0
0 1 1 1 1 1 1 1 1 1
0 1 1 1 1 1 1 1 1 0
0 1 1 0 0 1 0 1 1 0
0 1 1 1 0 1 0 1 1 0
0 1 1 1 1 1 1 1 1 0
0 1 1 1 1 1 0 0 1 0
0 0 0 0 0 1 1 1 1 0
0 0 0 0 0 0 0 0 0 0
Maze 35
105 75 3.1290322581 2.2999231533 87 0.408309377253211
35 10 71 89 61 55 66 78 85 72 99 18 85 16 57 35
5 1 81 81 51 65 76 75 82 92 98 15 15 56 55
402 402 401 401 402 401 401 402 401 401 401 402 402 401 401
1 1 1 1 1 1 1 1 1 1
1 0 0 0 1 1 1 1 0 0
1 0 0 0 1 1 0 1 0 0
1 0 0 0 2 1 0 1 0 0
1 0 0 0 1 1 0 1 0 0
1 1 1 1 1 1 1 1 0 0
1 0 0 0 1 1 0 1 0 0
1 1 0 0 1 1 1 1 0 0
1 1 1 1 1 1 1 1 1 0
0 1 1 1 1 1 1 1 1 0
Maze 36
93 207 3.4893617021 2.0157783355 50 0.396082322333036
33 33 81 55 37 3 76 73 75 26 60 82 24 59 80 33
400 31 51 35 33 73 400 400 25 56 52 22 54 79 73
400 402 402 402 401 401 400 400 402 401 402 402 401 401 401
0 0 1 0 0 0 0 0 0 0
0 0 1 0 0 0 0 0 0 0
0 1 1 1 1 1 0 0 0 0
1 1 2 1 1 1 1 0 0 0
1 1 1 1 1 1 0 0 0 0
1 1 1 1 1 1 1 1 1 1
1 1 1 0 1 0 0 0 1 0
1 1 1 1 1 1 1 1 1 1
1 1 0 0 0 0 0 0 0 0
0 0 0 0 0 0 0 0 0 0
Maze 37
79 23 3.4146341463 2.1489820574 30 0.406136915177407
43 32 21 75 71 56 92 62 86 74 23 70 48 73 65 43
42 31 71 400 51 52 400 82 84 73 63 68 43 63 63
401 401 401 400 402 402 400 401 401 401 401 401 402 402 401
0 0 0 0 0 0 0 0 0 0
0 0 0 0 0 0 0 0 0 0
1 0 1 0 0 0 0 0 0 0
1 1 1 0 0 0 0 0 0 0
1 1 2 1 1 1 1 1 0 0
1 1 1 1 1 1 0 1 0 0
1 1 1 1 1 1 1 1 1 1
1 1 1 1 1 0 0 0 0 0
0 1 1 1 1 1 0 0 0 0
0 1 0 0 0 0 0 0 0 0
Maze 38
105 903 3.0000000000 2.3443937055 105 0.370119887653534
59 28 43 88 71 68 58 49 29 76 61 18 65 7 71 59
58 23 83 81 61 400 48 400 26 71 11 15 5 1 51
401 402 401 401 402 400 402 400 402 401 402 402 402 402 402
1 1 1 1 1 1 1 0 0 0
1 1 1 1 1 1 1 1 0 0
1 0 1 1 1 1 1 1 1 0
1 0 1 0 1 1 0 1 1 0
1 0 1 0 1 1 0 1 1 0
1 1 1 1 1 1 1 1 2 0
1 1 1 1 1 1 1 1 0 0
1 1 1 1 1 1 0 0 0 0
1 1 1 1 1 1 1 1 0 0
0 0 0 0 0 0 0 0 0 0
Maze 39
83 172 3.4222222222 2.1738157887 35 0.396300323947383
29 27 3 24 39 70 26 85 33 67 95 36 42 45 41 29
400 23 23 34 69 66 25 83 63 65 35 32 400 400 21
400 401 401 401 401 401 402 401 401 402 402 402 400 400 402
0 0 1 0 0 0 0 0 0 0
0 0 1 0 0 0 0 0 0 0
1 1 1 1 1 1 1 1 2 0
1 1 1 1 1 1 1 1 1 0
1 1 1 1 1 1 0 0 1 0
0 0 1 0 1 1 0 0 1 0
0 0 1 1 1 1 1 1 1 1
0 0 1 0 1 0 0 0 0 0
0 0 1 1 1 0 0 0 0 0
0 0 0 0 1 0 0 0 0 0
Maze 40
93 43 3.0877192982 2.2106602173 45 0.351639667912049
56 24 100 74 78 6 11 12 63 62 85 94 11 89 96 56
54 94 94 400 76 1 400 62 400 82 84 91 81 86 400
401 401 401 400 401 402 400 401 400 401 402 401 401 402 400
1 1 1 1 1 1 0 0 0 0
1 1 0 0 0 1 0 0 0 0
1 1 0 1 0 1 0 0 0 0
1 1 0 1 0 1 0 0 0 0
1 1 0 1 0 1 0 0 0 0
1 1 0 1 1 2 0 0 0 0
1 1 1 1 0 1 0 0 0 0
1 1 0 1 1 1 1 1 0 0
1 1 1 1 1 1 1 1 1 0
1 1 1 1 1 1 1 1 1 1
Maze 41
89 6 3.2444444444 2.0128969290 45 0.402171860226034
38 81 11 36 39 45 62 55 77 15 100 58 47 41 37 38
31 400 31 400 35 42 52 75 75 95 98 57 400 31 400
402 400 401 400 402 402 402 401 401 401 401 401 400 402 400
0 0 0 0 0 0 0 0 0 0
1 0 0 0 1 0 0 0 0 0
1 0 0 0 1 0 0 0 0 0
1 1 1 1 1 1 1 2 1 0
1 1 1 1 1 1 1 0 0 0
1 1 1 1 1 0 1 1 0 0
1 1 0 0 1 0 0 1 0 0
1 0 0 0 1 1 1 1 0 0
1 0 0 0 1 0 0 1 0 0
0 0 0 0 1 1 1 1 1 1
Maze 42
101 1069 3.4339622642 2.1275846358 66 0.387189713531856
87 4 58 25 31 94 53 37 80 56 68 51 67 56 31 87
84 54 55 21 91 93 33 77 76 66 61 61 66 51 81
401 401 401 402 401 401 402 401 401 401 401 401 401 401 401
0 0 0 1 0 0 0 0 0 0
0 0 0 1 0 0 0 0 0 0
1 1 1 1 1 0 0 0 0 0
1 0 1 1 1 1 1 0 0 0
1 0 1 1 1 0 1 0 0 0
1 1 1 1 1 1 1 1 0 0
1 1 1 1 1 1 1 1 0 0
1 0 1 1 0 1 1 1 1 1
1 1 1 1 1 1 2 0 0 0
1 1 1 1 0 0 0 0 0 0
Maze 43
87 11629 3.2075471698 2.2853392385 40 0.382129776667476
42 58 30 49 75 53 5 28 93 22 26 67 19 36 38 42
52 28 29 45 73 3 25 23 92 400 66 17 16 400 32
401 402 402 402 401 402 401 402 401 400 401 402 402 400 402
0 0 1 1 1 0 0 0 0 0
0 0 1 0 1 1 1 1 1 0
0 1 1 1 1 1 1 1 1 1
0 1 1 1 1 1 1 1 1 0
0 2 1 0 1 1 1 1 1 0
0 1 1 1 1 1 1 1 0 0
0 1 1 0 1 1 1 0 0 0
0 1 1 1 1 0 0 0 0 0
0 1 1 0 0 0 0 0 0 0
0 1 1 0 0 0 0 0 0 0
Maze 44
87 163 3.2156862745 2.2304195997 50 0.375843779998867
74 55 1 87 35 36 50 5 54 66 57 47 37 93 3 74
54 51 81 85 400 46 45 4 64 56 400 400 33 400 73
402 401 401 401 400 401 401 402 401 402 400 400 402 400 401
1 0 1 1 1 0 0 0 0 0
1 0 1 1 1 0 0 0 0 0
1 0 1 1 1 0 0 0 0 0
1 0 1 1 1 1 1 0 0 0
1 0 1 1 1 1 1 1 1 1
1 1 1 1 1 1 1 0 0 0
1 0 1 1 1 1 0 0 0 0
1 0 1 2 1 0 0 0 0 0
1 1 1 1 1 1 1 0 0 0
0 0 1 0 0 0 0 0 0 0
Maze 45
77 20 2.8846153846 2.3003813610 35 0.392011138703020
18 34 13 17 26 95 62 61 25 27 31 69 97 76 60 18
14 33 400 16 25 92 400 21 400 21 61 67 96 56 58
402 401 400 402 402 401 400 402 400 402 401 402 401 402 401
0 0 0 0 0 0 0 0 0 0
0 0 1 1 1 1 1 2 0 0
1 1 1 1 1 1 1 1 0 0
1 0 1 1 1 0 0 1 0 0
1 0 0 0 1 0 0 1 0 0
1 0 0 0 1 1 1 1 1 1
1 1 1 1 1 1 1 1 1 0
0 1 0 0 1 1 1 0 0 0
0 1 0 0 1 1 1 0 0 0
0 1 1 1 1 1 1 0 0 0
Maze 46
101 964 3.1698113208 2.0308739810 70 0.384547213618361
81 67 74 12 93 4 35 29 51 97 28 16 35 13 26 81
61 64 72 92 3 34 25 21 91 27 26 15 33 23 21
402 402 401 401 402 401 402 402 401 402 401 402 401 401 402
0 0 1 1 0 0 0 0 0 0
0 1 1 1 1 1 0 0 0 0
1 1 1 1 1 1 1 1 1 0
1 1 1 1 1 0 1 0 0 0
1 1 1 0 0 0 1 0 0 0
1 1 1 0 0 0 1 0 0 0
1 1 1 1 1 1 1 0 0 0
1 1 1 1 0 0 1 0 0 0
2 1 1 0 0 0 1 0 0 0
1 1 1 1 1 1 1 0 0 0
Maze 47
111 63 3.1698113208 1.9755909871 105 0.373251092115975
60 31 68 56 11 58 8 71 43 5 23 95 76 37 73 60
51 61 66 51 51 400 1 41 3 3 93 75 36 33 53
401 401 401 401 401 400 402 402 402 402 401 402 402 402 402
1 1 1 1 1 1 1 1 0 0
1 0 1 0 0 0 0 1 0 0
1 0 1 0 0 0 0 1 0 0
1 0 1 1 1 1 1 1 0 0
1 1 1 0 0 1 0 1 0 0
1 1 1 1 1 1 1 1 1 2
1 1 1 1 1 1 1 1 0 0
1 0 1 0 1 1 0 0 0 0
0 0 1 0 1 0 0 0 0 0
0 0 1 1 1 0 0 0 0 0
Maze 48
99 68 2.8679245283 2.1132910682 71 0.388845211147430
67 46 1 65 71 22 29 47 87 63 56 63 1 93 7 67
66 41 61 61 21 400 27 400 83 53 53 61 91 3 400
401 401 401 402 402 400 402 400 401 402 402 401 401 402 400
1 0 1 1 1 1 1 0 0 0
1 0 1 0 0 0 1 0 0 0
1 1 1 1 1 1 1 1 1 0
1 0 1 0 0 0 1 0 0 0
1 1 1 1 1 1 1 0 0 0
1 0 1 1 1 1 1 0 0 0
1 1 1 1 1 1 2 0 0 0
1 0 1 0 0 0 1 0 0 0
1 0 1 1 1 1 1 0 0 0
1 1 1 0 0 0 0 0 0 0
Maze 49
75 6 3.0232558140 2.0289336063 26 0.366703353247837
26 26 39 10 31 23 50 13 47 42 36 36 96 87 16 26
400 36 9 1 21 43 43 43 400 32 400 400 86 86 400
400 401 402 402 402 401 401 401 400 402 400 400 402 401 400
1 1 1 1 1 1 1 1 1 1
1 0 1 0 0 1 0 0 1 0
1 1 1 0 0 2 0 0 1 0
1 1 1 1 1 1 1 1 1 0
0 1 1 1 1 1 1 1 1 1
0 0 0 0 0 1 0 0 0 0
0 0 0 0 0 1 0 0 0 0
0 0 0 0 0 1 0 0 0 0
0 0 0 0 0 1 1 0 0 0
0 0 0 0 0 1 0 0 0 0
Maze 50
107 49 3.1250000000 2.3654319197 86 0.364297875631952
42 78 99 61 51 57 20 1 62 2 40 31 86 31 45 42
72 98 91 400 400 17 11 61 400 32 400 81 81 41 400
401 401 401 400 400 402 401 401 400 401 400 401 401 401 400
1 1 0 0 0 0 0 0 0 0
1 1 1 1 1 1 1 1 1 1
1 1 0 0 0 0 1 0 0 0
1 1 1 1 1 1 1 1 1 1
1 2 1 1 1 0 1 0 0 0
1 1 1 1 1 1 1 0 0 0
1 1 0 0 0 0 0 0 0 0
1 1 1 1 1 1 1 1 0 0
1 1 1 1 1 1 0 1 0 0
1 1 1 1 1 1 1 1 1 0
Maze 51
105 625 3.3584905660 2.0233896127 104 0.378372616152103
9 43 54 8 96 58 61 70 48 10 15 52 24 65 94 9
3 53 4 6 56 51 400 68 8 5 12 22 64 64 4
402 401 402 402 402 402 400 401 402 402 402 402 401 402 402
0 0 1 1 1 1 1 1 2 1
0 1 1 1 1 1 0 1 0 0
0 1 1 1 0 1 0 1 0 0
0 1 1 1 0 1 0 1 0 0
0 1 1 1 0 1 0 1 0 0
1 1 1 1 1 1 1 1 0 0
1 1 1 1 1 1 1 1 1 1
0 0 0 1 0 1 0 0 0 0
0 0 0 1 0 1 0 0 0 0
0 0 0 1 0 1 0 0 0 0
Maze 52
117 156 3.4687500000 2.2617752328 148 0.380611426515386
12 88 7 7 13 50 91 1 29 97 43 73 43 58 93 12
82 87 400 3 43 41 400 21 27 93 400 400 53 53 92
401 401 400 402 401 402 400 401 402 401 400 400 401 402 401
1 0 1 1 1 1 1 0 0 0
1 2 1 0 0 0 1 0 0 0
1 1 1 1 1 1 1 1 1 0
1 1 1 0 0 0 1 0 0 0
1 1 1 1 1 1 1 1 1 1
1 1 1 1 1 1 1 1 0 0
1 1 1 0 0 0 1 0 0 0
1 1 1 0 0 0 1 0 0 0
1 1 1 1 1 1 1 1 0 0
1 1 1 1 1 1 1 0 0 0
Maze 53
113 3 3.2173913043 1.6473777783 112 0.392084610214489
40 23 73 39 61 38 91 42 33 39 92 15 26 85 88 40
33 400 33 31 31 31 41 32 400 32 12 25 25 400 38
401 400 402 402 402 402 402 402 400 402 402 401 402 400 402
0 0 0 0 0 0 0 0 0 0
0 1 1 1 1 0 0 0 0 0
0 1 1 0 1 1 0 0 0 0
1 1 1 1 1 1 1 1 1 2
1 1 1 0 1 0 0 1 0 0
1 1 1 0 1 0 0 1 0 0
1 1 1 0 1 0 0 1 0 0
1 1 1 0 1 0 0 1 0 0
1 1 0 0 1 1 1 1 0 0
1 1 0 0 0 0 0 0 0 0
Maze 54
85 60 3.2083333333 2.0493837165 50 0.376704959472142
79 25 49 49 72 30 18 72 65 19 20 58 88 95 85 79
75 45 400 42 22 28 12 62 15 400 18 400 85 400 75
401 401 400 402 402 401 402 402 402 400 402 400 402 400 402
0 0 0 0 0 0 0 0 0 0
0 1 1 1 1 1 1 1 1 1
0 1 1 1 1 1 1 1 1 1
0 1 0 0 1 0 0 1 0 0
0 1 1 1 1 1 1 1 1 0
0 1 0 0 1 0 0 1 0 0
0 1 1 1 1 0 0 1 0 0
0 1 0 0 1 1 1 1 2 0
0 0 0 0 1 1 1 1 0 0
0 0 0 0 1 0 0 0 0 0
Maze 55
75 17 3.0697674419 2.0590760249 23 0.388301299155488
46 16 48 27 47 71 26 29 63 77 16 68 69 99 77 46
400 46 47 400 41 21 400 23 73 76 66 400 400 97 76
400 401 401 400 402 402 400 402 401 401 401 400 400 401 401
0 0 0 0 0 0 0 0 0 0
0 0 0 0 0 1 0 0 0 0
1 1 1 1 1 1 1 1 1 0
1 0 1 0 0 1 1 0 0 0
1 1 1 1 1 2 1 1 0 0
1 0 1 0 0 1 0 0 0 0
1 0 1 0 0 1 1 1 1 0
1 0 1 1 1 1 1 0 1 0
0 0 0 0 0 0 1 0 1 0
0 0 0 0 0 0 1 1 1 0
Maze 56
89 193 3.0800000000 2.1562500000 50 0.398967799860405
30 39 54 66 15 54 51 74 31 47 31 68 62 4 60 30
29 34 64 65 14 400 71 71 41 41 61 400 2 54 400
402 402 401 401 402 400 401 401 401 401 401 400 402 401 400
0 1 1 1 0 0 0 0 0 0
0 1 0 1 1 0 0 0 0 0
0 1 0 1 1 0 0 0 1 2
1 1 0 1 1 1 1 1 1 1
1 1 1 1 1 1 1 0 0 1
1 1 1 1 1 1 1 1 1 1
1 1 1 1 1 1 1 1 0 0
1 1 1 1 0 0 0 0 0 0
0 0 0 0 0 0 0 0 0 0
0 0 0 0 0 0 0 0 0 0
Maze 57
87 21 2.9615384615 2.0720409095 50 0.355468402421995
50 48 29 97 50 68 87 89 27 34 8 12 96 59 65 50
400 28 27 47 48 67 400 87 24 4 2 92 56 55 45
400 402 402 402 402 402 400 401 402 402 402 401 402 402 402
0 1 1 1 1 1 1 1 0 0
0 1 0 1 0 0 0 0 0 0
0 1 0 1 1 1 1 1 1 0
0 1 0 1 0 0 1 1 0 0
0 1 0 0 1 1 1 1 1 2
0 1 0 0 1 1 1 1 1 0
0 1 0 0 1 1 1 1 0 0
0 1 0 0 0 1 1 0 0 0
0 1 0 0 0 1 1 1 1 0
0 1 1 1 1 1 1 0 0 0
Maze 58
99 157 3.1864406780 2.3043813974 77 0.381422023610753
2 76 38 91 26 32 38 28 19 54 94 62 97 59 46 2
72 36 31 21 22 400 400 18 14 400 92 92 57 56 42
401 402 402 402 402 400 400 402 402 400 401 401 402 401 401
0 2 0 0 0 0 0 0 0 0
0 1 0 1 1 1 1 1 1 0
1 1 1 1 1 1 0 1 0 0
1 1 1 1 1 1 1 1 0 0
1 1 1 1 1 1 0 0 0 0
1 1 0 1 0 1 1 1 1 0
1 1 0 1 0 1 1 0 0 0
1 1 1 1 1 1 1 0 0 0
1 1 0 1 0 0 1 0 0 0
1 1 1 1 1 1 1 0 0 0
Maze 59
89 321 2.8196721311 2.3985723358 29 0.390242231958296
56 11 18 10 77 90 94 24 43 91 70 58 48 52 23 56
51 400 8 7 87 84 400 23 41 61 68 400 42 22 53
401 400 402 402 401 402 400 402 402 402 401 400 402 402 401
0 0 0 0 0 0 1 1 1 1
1 1 1 1 1 1 1 1 0 0
1 1 1 1 0 0 1 0 0 0
1 1 1 1 0 0 1 0 0 0
1 1 1 1 1 1 1 1 0 0
1 1 1 1 1 2 1 1 0 0
1 1 1 1 1 1 1 1 1 1
1 0 0 1 0 0 1 0 0 0
1 0 0 1 1 1 1 1 1 1
1 0 0 1 0 0 0 0 0 0
Maze 60
87 19 3.1162790698 1.7978002009 44 0.387521763680579
45 74 30 84 29 9 78 68 46 46 46 82 29 8 13 45
44 24 24 24 400 8 400 66 400 400 42 22 28 3 43
402 402 402 402 400 402 400 401 400 400 402 402 401 402 401
0 0 1 1 1 1 1 1 1 0
0 0 1 0 0 0 0 1 1 0
0 1 1 1 1 1 1 1 1 1
0 1 1 1 0 0 0 1 0 0
0 1 1 1 2 1 0 1 0 0
0 1 0 1 0 1 0 1 0 0
0 1 0 1 0 1 1 1 0 0
0 1 0 1 0 0 0 1 0 0
0 1 0 1 0 0 0 0 0 0
0 0 0 0 0 0 0 0 0 0
Maze 61
91 891 3.2452830189 2.2996439890 36 0.385364834125410
21 14 45 89 40 80 88 11 55 64 39 70 13 65 24 21
11 44 85 39 400 78 81 51 54 34 69 63 63 64 400
402 401 401 402 400 402 401 401 402 402 401 401 401 401 400
0 0 0 0 0 0 0 0 0 0
1 1 1 1 0 0 0 0 0 0
2 1 1 1 0 0 0 0 0 0
1 0 1 1 1 1 1 1 1 1
1 0 1 1 1 0 0 0 1 1
1 1 1 1 1 0 0 0 1 1
1 0 1 1 1 1 1 1 1 1
1 0 0 0 1 0 0 1 1 1
1 1 1 1 1 1 1 1 1 0
0 0 0 0 0 0 0 0 0 0
Maze 62
93 49 3.4883720930 2.1098800302 56 0.366439724370368
73 66 59 61 19 21 51 4 43 73 67 71 2 43 91 73
63 56 51 11 11 400 1 3 400 63 61 1 42 41 71
402 402 402 402 402 400 402 402 400 402 402 402 401 402 402
1 1 1 1 0 0 0 0 0 0
1 1 1 1 1 1 1 1 1 0
1 1 1 0 0 0 0 0 0 0
1 1 1 0 0 0 0 0 0 0
1 1 1 0 0 0 0 0 0 0
1 1 1 1 1 1 1 1 1 0
1 1 1 1 1 1 1 0 0 0
1 1 2 0 0 0 0 0 0 0
1 0 0 0 0 0 0 0 0 0
1 0 0 0 0 0 0 0 0 0
Maze 63
75 19 2.6792452830 2.2330607497 30 0.374263227791026
18 34 69 10 60 68 44 85 36 56 42 82 13 16 48 18
14 64 9 400 58 64 84 35 400 52 400 12 400 46 400
402 401 402 400 402 401 401 402 400 401 400 402 400 401 400
0 0 0 0 0 0 0 0 1 1
0 1 1 1 1 1 1 2 1 1
0 1 0 1 0 1 0 1 1 1
0 1 0 1 1 1 0 1 1 1
0 1 0 1 1 1 1 1 1 1
0 1 1 1 1 1 0 1 1 1
0 1 0 1 1 1 1 1 1 0
0 1 0 1 1 0 0 0 0 0
0 1 0 1 1 0 0 0 0 0
0 0 0 0 0 0 0 0 0 0
Maze 64
101 19 3.5744680851 2.0858885378 64 0.369499815517291
21 41 78 60 87 39 11 34 61 16 71 43 48 12 27 21
400 71 58 57 37 31 31 31 11 11 41 400 42 22 400
400 401 402 402 402 401 401 402 402 402 402 400 401 401 400
0 0 0 0 0 0 0 0 0 0
1 1 1 1 1 1 0 0 0 0
2 1 1 1 1 1 1 0 0 0
1 1 1 1 1 1 1 1 1 0
1 1 1 1 1 1 1 1 0 0
1 0 0 0 0 0 1 1 1 1
1 0 0 0 0 0 1 1 0 0
1 1 1 1 1 1 1 1 0 0
0 0 0 0 0 0 1 0 0 0
0 0 0 0 0 0 0 0 0 0
Maze 65
81 621 2.9433962264 2.2600651031 26 0.372366009912095
17 24 14 40 89 57 8 3 59 67 54 77 83 29 48 17
14 400 34 39 87 7 400 53 57 64 74 73 23 28 47
402 400 401 402 401 402 400 401 402 401 401 402 402 402 401
0 0 1 1 1 1 1 1 0 0
0 0 1 1 1 1 2 0 0 0
0 0 1 1 1 1 1 1 1 0
0 0 1 1 1 1 1 1 1 1
0 0 1 0 0 0 1 1 1 0
0 0 1 1 1 1 1 1 1 0
0 0 1 1 1 1 1 0 1 0
0 0 1 1 1 1 1 0 1 0
0 0 1 0 0 0 1 1 1 0
0 0 0 0 0 0 0 0 0 0
Maze 66
109 236 3.4583333333 1.8999319913 99 0.395123570970127
50 12 57 32 22 66 50 55 93 32 31 77 96 40 82 50
42 52 52 400 62 46 45 53 92 400 71 76 36 32 42
401 401 401 400 401 402 402 402 401 400 401 402 402 402 402
0 0 0 0 0 0 0 0 0 0
0 1 0 0 0 0 0 0 0 0
0 1 0 0 0 0 0 0 0 0
1 1 1 1 1 1 1 1 1 1
1 1 1 1 1 1 1 1 1 2
1 1 1 1 1 1 1 0 0 0
1 1 1 1 1 1 0 0 0 0
1 1 1 1 1 1 1 0 0 0
0 1 1 0 0 1 0 0 0 0
0 1 1 0 0 1 0 0 0 0
Maze 67
109 456 3.3548387097 2.3145362514 97 0.364350947822817
68 100 67 25 48 96 30 88 97 10 34 79 83 31 89 68
98 97 65 45 46 26 28 87 7 4 74 73 81 81 88
401 401 401 401 402 402 402 402 402 402 401 402 401 401 401
0 0 0 1 1 1 1 1 1 1
0 0 0 1 0 0 1 0 0 0
0 0 0 1 1 1 1 1 1 1
1 0 0 1 1 1 1 1 0 0
1 0 0 1 1 1 1 1 0 0
1 0 0 1 1 1 1 1 0 0
1 0 0 1 1 1 1 2 0 0
1 0 1 1 1 1 1 1 1 0
1 1 1 1 1 1 1 1 1 0
0 0 0 0 0 1 1 1 1 1
Maze 68
117 756 3.2857142857 2.1132791717 120 0.378929850287724
21 11 82 14 62 1 70 80 86 9 33 91 23 86 80 21
400 81 12 12 61 61 400 76 6 3 31 21 83 76 71
400 401 402 402 401 401 400 402 402 402 402 402 401 402 401
1 0 1 1 1 1 1 1 1 0
1 1 1 1 0 1 0 0 0 0
2 1 1 0 0 1 0 0 0 0
1 1 1 0 0 1 0 0 0 0
1 1 1 0 0 1 0 0 0 0
1 1 1 0 0 1 0 0 0 0
1 1 1 1 1 1 1 1 1 1
1 1 1 1 1 1 1 1 1 1
1 1 1 1 1 1 0 0 0 0
1 0 0 0 0 0 0 0 0 0
Maze 69
91 36 3.2400000000 2.0785037691 56 0.389264297197298
36 55 59 62 83 78 33 83 79 59 85 11 64 2 18 36
35 400 52 82 73 73 400 73 400 55 81 61 62 12 16
402 400 402 401 402 401 400 402 400 402 401 401 401 401 402
0 1 0 0 0 0 0 0 0 0
1 1 1 1 1 1 1 1 0 0
1 1 0 0 0 1 0 0 0 0
1 1 1 0 1 2 0 0 0 0
1 1 1 0 1 0 0 0 0 0
1 1 1 1 1 1 1 1 1 0
1 1 1 1 1 0 0 0 1 0
1 1 1 1 1 1 1 1 1 0
1 1 1 1 1 0 0 0 0 0
0 0 0 0 0 0 0 0 0 0
Maze 70
91 131 3.5909090909 1.9977524024 50 0.393314516575683
32 29 93 56 96 98 36 63 62 25 35 69 82 77 12 32
22 23 53 400 400 96 33 400 22 400 65 62 72 72 400
402 402 402 400 400 401 402 400 402 400 401 402 402 401 400
0 0 0 0 0 0 0 0 0 0
0 1 0 0 0 0 0 0 0 0
0 1 1 1 1 1 1 1 1 0
0 2 1 1 1 1 0 0 0 0
0 1 1 0 1 1 0 0 0 0
0 1 1 1 1 1 0 0 0 0
0 1 1 1 1 1 1 1 1 0
0 1 1 1 1 1 1 0 0 0
0 1 1 0 0 1 0 0 0 0
0 0 1 0 0 1 1 1 0 0
Maze 71
81 291 3.0400000000 2.1635793721 30 0.387015675779944
23 17 60 49 18 14 68 34 38 28 78 11 39 49 30 23
13 57 59 48 400 64 64 400 400 400 71 31 400 29 400
402 401 401 401 400 401 401 400 400 400 401 401 400 402 400
0 0 0 0 0 0 0 0 0 0
1 0 1 1 1 1 1 1 0 0
1 0 2 1 1 1 1 1 1 1
1 1 1 1 1 1 1 1 1 0
1 0 0 1 0 0 1 1 1 0
1 0 0 1 0 0 1 1 1 1
1 0 0 1 1 1 1 1 0 0
1 1 1 1 1 1 1 1 0 0
0 0 0 0 0 0 0 0 0 0
0 0 0 0 0 0 0 0 0 0
Maze 72
85 108 3.3023255814 2.0287996724 45 0.374743168694786
38 75 31 55 50 26 52 36 82 94 95 53 74 61 11 38
35 71 51 45 46 22 32 32 92 400 93 73 71 400 31
402 401 401 402 401 402 402 402 401 400 401 401 401 400 401
0 0 0 0 0 0 0 0 0 0
1 0 0 0 0 0 0 0 0 0
1 1 1 1 1 1 0 0 0 0
1 1 1 1 1 1 1 2 0 0
1 1 0 0 1 1 1 1 1 1
1 1 1 1 1 0 0 0 0 0
1 1 1 0 1 0 0 0 0 0
1 1 1 1 1 0 0 0 0 0
0 1 1 0 0 0 0 0 0 0
0 1 1 1 1 0 0 0 0 0
Maze 73
85 21 3.1600000000 2.1114862534 45 0.389904812538235
10 30 57 85 36 4 60 82 96 72 83 82 22 76 20 10
400 27 55 35 34 54 52 92 92 82 400 400 72 16 400
400 402 402 402 401 401 402 401 401 401 400 400 401 402 400
0 0 0 1 0 0 0 0 0 2
0 0 0 1 0 1 1 1 1 1
0 1 0 1 0 1 1 1 1 1
0 1 0 1 1 1 1 0 0 0
0 1 0 1 1 1 1 0 0 0
0 1 1 1 1 1 1 1 1 1
0 1 0 0 1 1 0 0 0 0
0 1 1 1 1 1 0 0 0 0
0 1 1 0 1 0 0 0 0 0
0 1 1 1 1 1 0 0 0 0
Maze 74
107 155 2.9824561404 2.0459614419 80 0.383406995638229
51 28 65 95 72 63 20 85 1 28 28 51 70 78 32 51
21 25 400 92 62 13 15 81 21 400 21 61 68 72 31
402 402 400 401 402 402 402 401 401 400 402 401 402 401 402
1 0 0 0 0 0 0 0 0 0
1 0 1 1 1 1 1 1 1 1
1 1 1 1 1 1 1 1 0 0
1 1 1 0 1 0 0 0 0 0
1 1 1 0 1 0 0 0 0 0
2 1 1 0 1 0 0 0 0 0
1 1 1 1 1 1 1 1 1 1
1 1 1 1 1 1 1 1 0 0
1 1 1 1 1 0 0 0 0 0
0 1 1 1 1 0 0 0 0 0
Maze 75
95 39 3.1698113208 2.1639973307 66 0.374511518363381
91 62 17 41 71 61 54 10 52 95 33 66 27 16 62 91
61 12 11 400 400 51 4 2 92 93 63 26 26 12 61
402 402 402 400 400 402 402 402 401 401 401 402 401 402 402
0 1 1 1 1 1 1 1 1 1
1 1 1 1 1 1 1 0 0 0
1 1 0 1 0 1 1 0 0 0
1 1 1 1 0 1 0 0 0 0
1 1 1 1 0 1 0 0 0 0
1 1 1 1 0 1 0 0 0 0
1 1 1 1 1 1 0 0 0 0
1 1 1 0 0 0 0 0 0 0
1 1 1 0 0 0 0 0 0 0
2 1 1 1 1 0 0 0 0 0
Maze 76
85 158 3.5384615385 1.9251786428 50 0.385927353680178
54 86 24 6 45 40 55 67 30 48 94 27 27 43 38 54
84 84 4 5 35 35 65 27 28 44 24 400 23 33 34
401 401 402 402 402 402 401 402 402 402 402 400 402 402 402
0 0 0 1 1 1 0 0 0 0
0 0 0 1 1 0 0 0 0 0
0 0 1 1 1 1 1 1 1 1
0 0 1 1 1 1 1 1 1 1
0 0 1 1 1 1 1 1 0 0
0 0 0 2 1 0 1 0 0 0
0 0 0 1 1 1 1 0 0 0
0 0 0 1 0 0 0 0 0 0
0 0 0 1 1 1 0 0 0 0
0 0 0 1 0 0 0 0 0 0
Maze 77
101 293 3.4800000000 1.9698997141 65 0.378786307047003
98 55 25 15 78 42 4 79 57 57 82 26 74 6 93 98
95 400 400 75 72 2 74 77 400 52 22 24 4 3 400
401 400 400 401 401 402 401 401 400 402 402 402 402 402 400
0 1 1 1 1 1 0 0 0 0
0 1 1 1 1 0 0 0 0 0
0 1 1 1 1 1 0 0 0 0
0 1 1 1 1 0 0 0 0 0
0 1 1 1 1 0 0 0 0 0
0 1 1 1 1 1 1 0 0 0
0 1 1 1 1 0 1 0 0 0
0 1 1 1 1 1 1 1 1 0
0 1 1 0 1 0 0 0 0 0
0 0 1 1 1 1 1 2 0 0
Maze 78
83 18 2.9600000000 2.0801934000 26 0.380802771620069
27 26 59 17 52 62 1 11 14 86 62 8 42 58 67 27
400 56 57 12 400 61 400 400 84 82 2 2 52 57 400
400 401 401 402 400 401 400 400 401 401 402 402 401 402 400
1 1 1 1 1 1 1 1 0 0
1 1 1 1 1 1 1 0 0 0
1 1 0 1 0 1 2 0 0 0
1 1 0 1 0 1 1 0 0 0
1 1 0 1 0 1 1 0 0 0
1 1 1 1 1 1 1 1 1 0
1 1 0 1 0 0 1 0 0 0
0 1 0 1 0 0 0 0 0 0
0 1 1 1 1 1 0 0 0 0
0 0 0 0 0 0 0 0 0 0
Maze 79
111 39 3.1764705882 1.7483994631 84 0.384599979690819
86 34 46 10 74 30 94 98 14 15 15 94 99 17 72 86
84 44 6 4 24 24 400 94 400 400 14 400 97 12 82
401 401 402 402 402 402 400 401 400 400 402 400 401 402 401
0 0 0 1 1 1 1 1 1 1
0 1 1 1 1 1 1 0 0 0
0 1 0 1 1 1 1 1 1 1
0 1 0 1 0 1 1 0 0 0
0 1 0 1 1 1 1 0 0 0
0 1 0 1 0 0 1 0 0 0
0 1 0 1 0 0 1 0 0 0
0 1 0 1 0 0 1 0 0 0
0 1 1 1 1 2 1 0 0 0
0 0 0 1 1 1 1 1 1 0
Maze 80
99 183 3.5102040816 2.0887779718 44 0.368526939985531
31 100 41 36 12 22 20 34 67 16 74 71 93 75 56 31
91 91 31 32 400 12 14 64 66 14 400 91 73 55 51
401 401 402 401 400 402 402 401 401 402 400 401 402 402 401
0 0 0 0 0 0 0 0 0 0
0 1 1 1 1 1 1 1 1 1
0 1 0 1 0 1 0 0 0 0
2 1 1 1 1 1 0 0 0 0
1 0 0 1 0 1 0 0 0 0
1 1 1 1 1 1 0 0 0 0
1 0 0 1 1 1 1 0 0 0
1 1 1 1 1 0 0 0 0 0
1 0 1 0 0 0 0 0 0 0
1 1 1 1 1 1 1 1 1 1
Maze 81
105 1559 3.6153846154 2.1174324509 105 0.397652305246431
72 15 45 59 14 57 76 49 23 69 27 85 97 24 30 72
12 400 55 54 54 56 46 43 63 67 25 95 94 400 22
402 400 401 401 401 402 402 401 401 401 402 401 401 400 402
0 0 0 0 0 0 0 0 0 0
0 1 1 1 1 0 0 0 0 0
0 1 1 1 1 1 1 1 1 1
0 1 1 1 1 0 1 0 0 0
0 1 1 1 1 1 1 1 1 0
0 1 1 1 1 1 1 1 1 0
0 1 1 1 1 1 1 1 1 0
0 2 0 1 1 1 0 0 0 0
0 0 0 1 1 0 0 0 0 0
0 0 0 1 1 1 1 0 0 0
Maze 82
99 110 3.2068965517 2.2539504741 70 0.402477652212192
50 43 32 76 89 89 51 91 26 43 58 43 30 98 16 50
400 42 72 86 400 81 400 21 23 53 53 23 28 96 46
400 401 401 401 400 401 400 402 402 401 401 402 402 401 401
0 0 0 0 0 0 0 0 0 0
0 0 0 0 0 1 0 0 0 0
1 1 1 1 1 1 1 1 1 1
1 1 1 0 0 1 0 1 0 0
1 1 1 1 1 1 1 1 1 2
1 1 1 1 1 1 1 1 0 0
1 1 0 0 0 1 0 1 0 0
1 1 1 1 1 1 0 1 0 0
1 1 1 1 1 1 1 1 1 0
1 0 0 0 0 1 1 1 0 0
Maze 83
105 827 3.2000000000 2.0619818784 105 0.382968166113757
88 61 3 39 73 56 98 75 40 17 74 76 24 31 4 88
81 1 33 33 53 96 95 35 37 14 400 74 21 1 84
401 402 401 402 402 401 401 402 401 402 400 401 402 402 401
1 1 1 1 0 0 0 0 0 0
1 0 1 1 1 1 1 0 0 0
1 1 1 1 0 0 1 0 0 0
1 0 1 1 1 1 1 1 1 1
1 0 1 1 1 0 0 0 0 0
1 0 1 1 1 1 0 0 0 0
1 0 1 1 1 1 0 0 0 0
1 0 1 1 1 1 0 0 0 0
1 1 1 1 1 1 1 2 0 0
0 0 0 0 1 1 1 1 0 0
Maze 84
83 18 2.8444444444 1.8464831123 23 0.359341885010165
70 54 93 68 83 91 77 16 7 34 3 65 42 41 73 70
64 53 63 63 81 71 76 6 4 33 63 62 400 71 63
401 402 402 402 402 402 401 402 402 401 401 401 400 401 402
0 0 1 1 1 1 1 0 0 0
0 0 1 1 0 1 0 0 0 0
0 0 1 1 0 1 0 0 0 0
0 0 1 1 0 1 0 0 0 0
1 1 1 0 0 1 0 0 0 0
1 1 1 1 0 1 0 0 0 0
1 1 1 1 1 1 1 1 1 2
1 1 1 1 1 1 1 0 0 0
1 1 1 0 0 0 0 0 0 0
1 0 1 0 0 0 0 0 0 0
Maze 85
67 57 3.1891891892 1.9933261918 11 0.379140189255447
45 86 24 28 85 80 97 98 87 46 53 86 88 99 86 45
85 84 400 25 75 77 400 97 86 43 83 400 98 96 85
401 401 400 402 402 402 400 401 401 402 401 400 401 401 401
0 0 0 0 0 0 0 0 0 0
0 0 0 0 0 0 0 0 0 0
0 0 0 1 1 1 1 1 0 0
0 0 0 1 1 0 0 0 0 0
0 0 1 1 2 1 0 0 0 0
0 0 1 1 1 1 0 0 0 0
0 0 1 1 1 1 0 0 0 0
0 0 1 1 1 1 1 1 1 1
0 0 1 1 1 1 1 1 0 0
0 0 0 0 0 1 1 1 1 0
Maze 86
93 84 2.7692307692 1.9806273400 45 0.381841504587267
82 31 8 47 56 20 10 65 65 31 41 10 86 84 47 82
81 1 7 46 16 400 5 400 61 400 1 6 400 44 42
401 402 402 402 402 400 402 400 401 400 402 402 400 402 402
1 1 1 1 1 1 1 1 1 1
1 0 0 0 1 1 1 1 1 1
1 0 0 0 1 1 1 0 0 0
1 0 0 0 1 1 1 0 0 0
1 1 1 1 1 1 1 0 0 0
1 1 0 1 1 1 0 0 0 0
1 1 1 1 1 1 0 0 0 0
1 1 0 1 0 1 0 0 0 0
1 2 0 1 1 1 0 0 0 0
0 0 0 0 0 0 0 0 0 0
Maze 87
97 1819 2.9062500000 2.2824814928 84 0.380019405217925
67 28 81 78 88 19 7 95 79 16 63 57 68 80 9 67
27 21 71 400 18 17 5 75 76 13 53 67 78 79 7
402 402 402 400 402 401 402 402 401 402 402 401 401 401 402
0 0 0 0 1 1 1 1 1 0
0 0 1 1 1 1 1 1 1 0
1 1 1 1 1 1 1 1 1 0
1 0 1 0 1 1 1 1 1 0
1 0 1 0 1 1 1 1 1 0
1 0 1 1 1 1 1 1 1 0
1 0 1 0 1 1 2 1 1 0
1 1 1 1 1 1 1 1 1 1
1 0 0 0 1 0 0 1 0 0
0 0 0 0 1 0 0 0 0 0
Maze 88
123 196 3.5438596491 1.9375029648 89 0.386092152898192
12 30 88 87 1 64 19 21 19 16 44 9 13 88 10 12
22 28 400 81 61 14 11 11 400 14 4 3 83 8 2
401 402 400 401 401 402 402 402 400 402 402 402 401 402 402
1 1 1 1 1 1 1 1 1 1
1 2 1 1 1 1 1 1 1 0
1 1 1 1 1 1 1 1 1 1
1 0 1 1 0 0 0 1 0 0
1 0 1 1 0 0 0 1 0 0
1 0 1 1 0 0 0 1 0 0
1 1 1 1 0 0 0 1 0 0
1 0 1 0 0 0 0 1 0 0
1 1 1 1 1 1 1 1 0 0
0 0 0 0 0 0 0 0 0 0
Maze 89
81 19 3.5121951220 2.0708638520 30 0.375298302186671
77 97 29 41 1 31 30 26 76 100 36 45 67 52 56 77
400 27 21 400 400 21 400 400 96 96 35 65 62 400 76
400 402 402 400 400 402 400 400 401 401 402 401 401 400 401
1 0 0 0 0 0 0 0 0 0
1 0 0 0 0 0 0 0 0 0
1 1 1 1 1 1 1 1 1 1
1 0 0 0 1 1 1 0 0 0
1 0 0 0 1 1 1 0 0 0
0 1 1 1 1 1 1 0 0 0
0 1 1 1 1 1 1 0 0 0
0 0 0 0 0 1 2 0 0 0
0 0 0 0 0 1 1 0 0 0
0 0 0 0 0 1 1 1 1 1
Maze 90
93 39 3.4230769231 2.1705323067 45 0.384215337666526
45 47 75 30 71 81 85 81 63 69 22 17 23 85 60 45
400 45 25 21 400 400 400 61 400 62 12 13 83 55 55
400 402 402 402 400 400 400 402 400 401 402 402 401 402 401
0 0 0 0 0 0 0 0 0 0
0 1 1 1 1 1 1 0 0 0
1 1 1 1 1 1 1 1 1 1
1 1 1 0 1 0 0 0 0 0
1 1 1 0 2 1 1 0 0 0
1 1 1 0 1 1 1 1 1 1
1 1 1 1 1 1 1 1 1 0
1 0 1 0 1 0 0 0 0 0
1 1 1 1 1 0 0 0 0 0
0 0 0 0 0 0 0 0 0 0
Maze 91
83 23 2.9019607843 2.1842552171 22 0.357625898112177
82 84 60 99 28 82 23 63 45 65 27 8 24 92 74 82
400 54 59 98 22 22 400 43 400 25 7 4 22 72 72
400 402 402 401 402 402 400 402 400 402 402 402 402 402 402
0 0 0 1 1 1 1 1 0 0
0 0 0 1 0 0 1 0 0 0
0 1 1 1 1 1 1 1 0 0
0 1 1 0 1 0 0 1 0 0
0 1 1 1 1 0 0 1 0 0
0 1 1 1 1 1 1 1 1 1
0 1 1 1 1 0 0 1 1 0
0 1 1 1 0 0 0 1 1 0
0 2 1 1 0 0 0 1 1 0
0 1 0 0 0 0 0 1 1 0
Maze 92
89 18 3.0566037736 2.1667049426 26 0.368830236000560
11 24 27 74 57 68 20 24 33 98 23 93 91 62 76 11
21 400 24 54 67 18 14 23 93 93 400 400 61 72 71
401 400 402 402 401 402 402 402 401 401 400 400 402 401 401
0 0 0 0 0 0 0 0 0 0
2 0 0 1 1 1 1 1 1 1
1 1 1 1 1 1 1 1 0 0
1 0 1 1 0 0 0 1 0 0
1 0 1 1 0 0 0 1 0 0
1 0 1 1 1 1 1 1 0 0
1 1 1 1 0 0 1 1 0 0
1 1 1 1 1 1 0 0 0 0
1 0 1 0 0 0 0 0 0 0
1 1 1 1 1 1 1 1 0 0
Maze 93
65 23 2.9473684211 1.9813785819 20 0.365605777599180
92 32 57 80 78 89 89 67 4 58 89 93 72 71 63 92
400 52 77 400 88 400 87 64 54 88 83 92 400 61 62
400 401 401 400 401 400 401 401 401 401 402 401 400 402 402
0 0 0 1 0 0 0 0 0 0
0 0 0 1 0 0 0 0 0 0
0 0 0 1 0 0 0 0 0 0
0 1 0 1 0 0 0 0 0 0
0 1 0 1 0 0 0 0 0 0
0 1 1 1 1 1 1 1 0 0
1 1 1 1 1 1 1 1 0 0
1 1 0 0 0 0 1 1 1 1
0 1 1 1 1 1 1 1 1 0
0 2 1 0 0 0 0 0 0 0
Maze 94
109 521 3.7200000000 1.9725486941 86 0.390790517105379
65 85 40 86 58 7 89 39 36 100 43 60 93 50 69 65
400 35 36 56 57 87 400 400 96 93 53 53 43 49 400
400 402 402 402 401 401 400 400 401 401 401 402 402 402 400
0 0 0 0 0 0 1 0 0 0
0 0 0 0 0 0 1 0 0 0
0 0 0 0 0 0 1 0 0 0
0 0 0 0 1 1 1 1 1 1
0 0 1 1 1 1 1 1 1 1
0 0 1 1 1 1 1 1 1 1
0 0 1 0 2 1 1 1 1 0
0 0 1 0 1 1 1 0 1 0
0 0 1 0 1 1 1 1 1 0
0 0 1 1 1 1 1 1 1 1
Maze 95
97 229 2.9491525424 2.2001134794 71 0.373122086172049
67 58 24 11 13 69 63 96 71 79 8 16 20 83 22 67
57 54 21 400 63 400 93 91 400 78 6 400 13 82 62
402 401 401 400 401 400 401 401 400 401 402 400 402 401 401
0 0 0 0 0 1 1 1 0 0
1 1 1 1 1 1 1 1 1 1
1 1 1 1 0 0 0 1 0 0
0 1 1 1 0 0 0 1 0 0
0 1 1 1 0 0 0 1 0 0
0 1 1 1 1 1 1 1 0 0
0 1 1 1 1 1 2 1 1 0
1 1 1 1 1 1 1 1 1 0
1 1 1 0 0 0 0 0 0 0
1 1 1 1 1 1 0 0 0 0
Maze 96
93 217 2.9433962264 2.0443376802 36 0.377471950184336
24 56 48 41 98 29 76 87 24 83 64 45 35 26 100 24
54 46 400 91 28 26 86 84 23 63 44 400 25 96 94
401 402 400 401 402 402 401 401 402 402 402 400 402 401 401
0 0 0 0 0 0 0 0 0 0
0 0 0 0 0 0 0 0 0 0
0 0 1 2 1 1 1 1 1 0
0 0 1 1 1 1 0 1 0 0
1 1 1 1 1 1 1 1 0 0
1 0 1 1 1 1 0 1 0 0
1 0 1 1 0 1 0 1 0 0
1 0 1 1 0 1 0 1 0 0
1 0 1 1 1 1 1 1 0 0
1 1 1 1 1 1 1 1 1 1
Maze 97
83 166 3.0869565217 1.9943199809 35 0.389693054928957
5 33 75 72 59 15 14 37 50 86 25 94 84 39 48 5
3 73 400 52 55 400 34 47 46 85 24 400 34 38 45
402 401 400 402 401 400 401 401 402 401 402 400 402 402 401
0 0 1 1 2 0 0 0 0 0
0 0 1 1 1 0 0 0 0 0
0 0 1 1 1 0 0 0 0 0
0 0 1 1 1 1 1 1 1 0
0 0 1 1 1 1 1 1 1 1
0 1 1 1 1 1 1 1 1 0
0 1 1 1 1 1 0 0 0 0
0 1 1 1 1 1 0 0 0 0
0 0 0 1 1 1 0 0 0 0
0 0 0 1 0 0 0 0 0 0
Maze 98
103 46 3.7777777778 2.0872871471 62 0.373020668821270
25 76 47 81 29 4 76 55 20 2 14 17 32 91 46 25
75 46 41 21 24 74 75 15 12 12 400 12 31 41 45
401 402 402 402 401 401 401 402 401 401 400 402 402 402 401
0 1 0 1 0 0 0 0 0 0
0 1 1 1 1 1 1 1 1 1
1 1 1 1 2 1 1 1 1 0
1 1 0 1 1 0 0 0 0 0
1 1 1 1 1 1 1 0 0 0
1 0 0 1 1 1 0 0 0 0
1 0 0 1 1 1 0 0 0 0
1 0 0 1 1 1 0 0 0 0
1 0 0 0 0 0 0 0 0 0
1 0 0 0 0 0 0 0 0 0
Maze 99
101 67 2.7924528302 1.9253515625 65 0.379353812134402
93 67 31 2 52 60 18 93 69 29 18 93 92 26 33 93
63 61 1 400 400 58 13 63 400 28 13 400 22 23 400
402 401 402 400 400 401 402 402 400 401 402 400 402 402 400
1 1 0 0 0 0 0 0 0 0
1 1 1 1 1 1 1 1 0 0
1 1 1 1 1 1 0 1 1 0
1 1 1 0 0 0 0 1 1 0
1 1 1 0 0 0 0 1 1 0
1 1 1 1 1 1 1 1 1 1
1 1 1 1 1 1 1 1 1 0
0 1 1 0 0 0 0 0 0 0
0 1 1 0 0 0 0 0 0 0
0 1 2 0 0 0 0 0 0 0
Maze 100
107 883 3.0294117647 2.3307401231 81 0.393359872478326
54 10 34 21 35 95 53 12 91 99 49 12 68 38 90 54
4 4 31 31 400 93 52 11 400 400 42 62 400 88 84
402 402 401 401 400 401 401 402 400 400 401 401 400 401 401
0 0 0 1 1 1 1 1 1 1
1 1 0 1 0 0 0 0 0 0
1 1 0 1 0 0 0 0 0 0
1 1 1 1 1 0 0 1 0 0
1 1 1 1 1 1 1 1 1 0
1 1 1 2 1 0 0 1 1 0
1 1 1 1 1 1 1 1 1 0
1 0 1 1 1 0 0 1 1 0
1 0 1 1 1 1 1 1 1 1
1 1 1 1 1 1 1 1 1 0
Maze 101
99 369 2.4788732394 2.3345177095 77 0.394484761368197
95 77 37 93 91 2 32 28 44 90 48 53 53 90 9 95
75 400 33 400 1 400 22 24 84 88 43 400 83 89 5
402 400 402 400 402 400 402 402 401 401 402 400 401 401 402
1 1 0 0 1 1 1 1 1 0
1 1 0 0 1 0 0 0 1 0
1 1 1 1 1 1 1 1 1 0
1 1 1 1 1 1 1 0 1 0
1 0 1 1 1 1 1 1 1 0
1 0 1 1 1 0 1 1 1 0
1 0 1 1 1 0 1 1 1 0
1 0 1 1 1 1 1 1 1 0
1 0 1 1 1 1 1 1 1 1
1 1 1 0 2 0 0 0 0 0
Maze 102
109 125 3.0163934426 2.0705324397 89 0.389668137480693
11 84 42 55 7 82 58 60 91 96 28 54 83 27 8 11
81 82 52 5 2 52 400 51 400 26 24 53 23 7 1
401 401 401 402 402 402 400 402 400 402 402 402 402 402 402
1 1 1 1 1 1 1 1 0 0
2 1 0 0 1 0 1 0 0 0
1 1 1 1 1 1 1 1 0 0
1 1 1 1 1 1 0 0 0 0
1 1 1 1 1 1 0 0 0 0
1 1 1 1 1 1 1 1 1 1
1 1 1 0 0 1 0 0 0 0
1 1 1 0 0 1 0 0 0 0
1 1 1 1 0 1 0 0 0 0
1 1 1 1 1 1 0 0 0 0
Maze 103
81 44 3.2173913043 2.1566368500 30 0.401364710896051
37 27 53 35 52 74 93 77 51 84 47 44 81 30 20 37
400 23 33 32 72 73 73 71 81 44 400 41 21 400 17
400 402 402 402 401 402 402 401 401 402 400 402 402 400 402
0 0 0 0 0 0 0 0 0 0
0 0 0 0 0 0 1 1 1 1
1 1 1 1 1 1 1 1 1 1
1 1 1 1 1 0 2 0 0 0
1 1 1 1 1 1 1 0 0 0
1 1 1 1 0 0 0 0 0 0
1 1 0 1 0 0 0 0 0 0
1 1 1 1 1 1 1 0 0 0
1 1 1 1 0 0 0 0 0 0
0 0 1 0 0 0 0 0 0 0
Maze 104
109 1748 3.2000000000 2.3423652786 112 0.389776597938206
93 91 45 87 2 93 39 30 54 69 74 95 91 88 18 93
400 41 85 82 92 33 29 24 64 64 94 400 81 400 13
400 402 401 401 401 402 402 402 401 402 401 400 402 400 402
0 1 0 0 0 0 0 0 0 0
0 1 1 1 1 1 1 1 0 0
0 1 1 1 1 1 1 1 1 1
0 1 1 1 1 1 1 1 1 0
1 1 1 1 1 0 0 1 0 0
1 1 1 1 1 0 0 1 0 0
1 1 1 1 1 1 1 1 1 0
1 1 1 1 1 0 0 1 0 0
1 1 1 1 1 1 1 1 0 0
1 1 2 1 1 0 0 0 0 0
Maze 105
79 107 3.3333333333 1.9767226489 30 0.393602438695736
28 13 56 56 78 14 25 40 66 46 89 39 34 69 16 28
23 53 400 76 74 24 35 36 400 86 400 400 64 66 26
401 401 400 401 401 401 401 402 400 401 400 400 401 401 401
0 0 0 0 0 0 0 0 0 0
0 0 1 1 0 1 0 0 0 0
0 0 1 1 1 1 1 2 0 0
0 0 1 1 1 1 1 1 1 1
0 0 1 1 0 1 0 0 1 0
0 0 1 1 1 1 0 0 1 0
0 0 0 1 1 1 1 1 1 0
0 0 0 1 1 1 1 1 1 0
0 0 0 0 0 1 1 1 1 0
0 0 0 0 0 0 0 0 0 0
Maze 106
89 114 2.9130434783 1.7927363273 36 0.365568276673940
2 61 61 68 34 51 70 8 35 21 56 73 66 77 59 2
1 400 400 64 31 61 68 5 31 51 53 63 76 57 52
402 400 400 401 402 401 401 402 401 401 402 402 401 402 401
1 2 0 0 1 1 1 1 0 0
1 1 0 0 1 0 0 1 0 0
1 1 0 0 1 0 0 1 0 0
1 1 1 1 1 0 0 1 0 0
1 1 0 1 0 0 0 1 0 0
1 1 1 1 1 1 1 1 1 0
1 1 1 1 1 1 1 1 1 1
0 0 1 0 0 1 1 0 0 0
0 0 0 0 0 0 0 0 0 0
0 0 0 0 0 0 0 0 0 0
Maze 107
95 13 3.5510204082 2.0992168406 66 0.394697802100636
62 18 14 43 80 35 60 66 56 76 38 65 29 74 25 62
12 400 13 73 75 55 56 400 400 36 35 25 24 24 22
402 400 402 401 401 401 402 400 400 402 402 402 402 402 402
0 0 0 0 0 0 0 0 0 0
0 1 1 1 1 1 1 1 0 0
0 1 1 1 1 1 1 1 1 0
0 1 1 1 1 1 1 1 0 0
0 1 1 1 1 1 0 0 0 0
0 1 1 1 1 1 1 1 1 1
0 2 1 1 1 1 0 0 0 0
0 0 1 1 1 1 1 1 1 1
0 0 0 0 0 0 0 0 0 0
0 0 0 0 0 0 0 0 0 0
Maze 108
93 122 3.5294117647 2.2225016104 45 0.390780786614394
13 33 38 7 42 46 93 9 47 84 95 32 25 87 35 13
400 400 37 2 400 43 3 7 44 94 92 22 85 85 33
400 400 401 402 400 402 402 402 402 401 401 402 401 401 401
0 1 1 1 1 1 1 1 1 0
0 1 2 0 0 0 1 0 0 0
0 1 1 1 1 0 1 0 0 0
0 1 1 1 1 1 1 1 0 0
0 1 1 1 1 1 1 0 0 0
0 1 1 1 1 0 0 0 0 0
0 1 1 1 1 0 0 0 0 0
0 1 1 1 1 0 0 0 0 0
0 1 1 1 1 1 1 0 0 0
0 1 1 1 1 0 0 0 0 0
Maze 109
109 606 3.1250000000 2.2760177239 83 0.364441589397237
23 4 100 16 27 13 39 87 49 4 10 10 2 99 77 23
3 94 96 26 23 33 37 47 44 400 400 400 92 97 73
402 401 401 401 401 401 402 402 401 400 400 400 401 401 401
0 1 1 1 1 1 1 1 1 1
0 1 1 1 0 1 0 0 0 0
0 1 2 1 1 1 1 0 0 0
0 1 1 1 1 1 1 1 1 0
0 1 1 1 1 1 1 1 1 0
0 1 1 1 0 1 1 0 0 0
0 1 1 1 0 1 1 0 0 0
0 1 1 1 1 1 1 0 0 0
0 1 0 1 0 1 1 0 0 0
0 1 1 1 1 1 1 1 1 1
Maze 110
95 63 3.4615384615 2.3003784360 77 0.388794508571804
55 91 45 20 72 77 88 15 13 56 49 3 8 13 15 55
51 41 15 12 400 87 85 400 53 46 43 400 3 400 400
402 402 402 402 400 401 401 400 401 402 401 400 402 400 400
0 0 1 1 1 1 1 1 0 0
0 1 1 1 1 1 1 1 1 1
0 1 1 0 1 0 0 0 0 0
0 1 1 0 1 0 0 0 0 0
1 1 1 1 1 1 1 1 1 0
1 1 1 1 2 1 0 0 0 0
1 1 0 0 1 0 0 0 0 0
1 1 1 1 1 1 1 0 0 0
1 0 0 0 1 1 1 1 0 0
1 0 0 0 0 0 0 0 0 0
Maze 111
87 44 3.0400000000 2.0916755873 44 0.408902116049440
16 32 22 71 11 63 4 12 77 36 97 67 39 55 83 16
12 400 21 400 61 3 2 72 76 96 400 37 35 53 13
402 400 402 400 401 402 402 401 401 401 400 402 402 402 402
0 1 1 1 0 0 0 0 0 0
1 1 1 1 1 2 0 0 0 0
1 1 1 0 0 0 0 0 0 0
1 1 1 0 1 1 1 1 1 0
1 1 1 0 1 1 1 0 0 0
1 1 1 1 1 1 1 0 0 0
1 1 1 0 0 1 1 0 0 0
1 1 1 1 1 1 1 0 0 0
0 0 1 0 0 1 1 0 0 0
0 0 0 0 0 1 1 0 0 0
Maze 112
75 24 3.3142857143 1.8310151047 23 0.380566026484199
33 42 12 52 38 42 37 83 61 33 16 47 22 61 73 33
32 400 400 32 32 32 33 81 31 13 46 42 21 71 400
402 400 400 402 402 402 402 401 402 402 401 401 402 401 400
0 0 0 0 0 0 0 0 0 0
0 1 1 1 1 1 0 0 0 0
1 1 1 0 0 1 0 0 0 0
1 1 2 1 1 1 1 1 0 0
1 1 1 1 1 1 1 0 0 0
1 1 1 0 0 0 0 0 0 0
1 0 1 0 0 0 0 0 0 0
1 1 1 0 0 0 0 0 0 0
1 1 1 0 0 0 0 0 0 0
0 0 0 0 0 0 0 0 0 0
Maze 113
109 899 2.9836065574 2.0390090268 105 0.375818250984114
79 50 83 39 39 88 33 6 79 10 16 70 78 21 83 79
49 43 33 400 38 83 3 76 9 6 66 68 71 81 73
402 402 402 400 402 401 402 401 402 402 401 402 401 401 402
0 0 1 1 1 1 1 1 1 1
0 0 1 0 0 1 0 0 1 0
1 0 1 0 0 1 0 0 1 0
1 0 1 1 1 1 1 1 1 0
1 0 1 1 1 1 1 1 1 1
1 0 1 0 0 1 0 1 1 0
1 0 1 0 0 1 1 1 1 1
1 1 1 1 1 1 1 1 2 0
1 1 1 1 1 1 1 1 0 0
0 0 0 0 0 0 0 0 0 0
Maze 114
105 62 3.0169491525 2.1435735922 104 0.377511278558540
86 44 32 15 88 19 90 65 83 16 84 26 66 13 98 86
84 42 12 85 18 89 85 63 13 14 24 400 63 93 96
401 401 402 401 402 401 401 402 402 402 402 400 401 401 401
0 0 0 0 0 0 0 0 0 0
0 1 1 1 1 1 0 1 1 0
0 1 1 1 1 1 0 1 1 0
0 1 1 1 1 1 0 1 1 0
0 1 1 1 1 1 0 1 1 0
0 0 1 1 1 1 0 1 1 0
0 0 1 1 1 1 0 1 1 0
0 0 1 1 1 0 0 1 1 0
0 0 1 1 1 2 1 1 1 1
0 0 1 1 1 1 1 1 0 0
Maze 115
73 33 3.2272727273 2.2738049036 20 0.396965600512915
34 85 88 46 63 52 62 54 63 100 74 15 16 67 19 34
84 400 86 43 62 400 52 53 93 94 14 400 66 17 14
401 400 401 402 401 400 402 402 401 401 402 400 401 402 402
0 0 0 0 0 0 0 0 0 0
0 0 0 1 1 1 1 1 1 0
0 0 0 1 0 1 1 0 0 0
0 0 0 2 0 1 1 0 0 0
0 0 1 1 1 1 1 0 0 0
0 1 1 1 0 1 1 0 0 0
0 1 1 1 0 1 1 0 0 0
0 0 1 1 0 1 0 0 0 0
0 0 1 1 1 1 1 1 0 0
0 0 1 1 1 1 1 1 1 1
Maze 116
83 223 3.2608695652 2.0259758536 25 0.381434914763888
75 88 54 44 33 67 45 90 79 16 27 20 98 60 23 75
85 84 400 43 63 65 85 89 76 26 17 18 58 53 73
401 401 400 401 401 401 401 401 401 401 402 402 402 401 401
0 0 0 0 0 0 0 0 0 0
0 0 0 0 0 1 1 1 1 1
0 0 1 0 0 1 1 1 0 0
0 0 1 0 0 1 0 1 0 0
0 0 1 1 1 1 0 1 0 0
0 0 1 1 1 1 1 1 1 1
0 0 1 1 1 1 1 1 0 0
0 0 1 1 2 1 1 1 1 0
0 0 0 1 1 1 1 1 1 1
0 0 0 0 0 0 0 1 0 0
Maze 117
87 114 2.9454545455 2.2243968588 45 0.366612826437748
24 99 59 77 49 90 63 30 72 83 35 37 27 68 34 24
94 400 57 47 89 83 23 22 82 33 400 400 67 64 400
401 400 402 402 401 401 402 402 401 402 400 400 401 401 400
0 0 0 0 0 0 0 0 0 0
0 0 0 0 0 0 0 0 0 0
0 1 1 2 1 1 1 1 1 1
0 1 1 1 1 1 1 0 0 0
0 1 1 1 0 0 1 1 1 0
0 1 1 1 0 0 1 1 1 0
0 1 1 1 1 1 1 1 1 0
0 1 1 1 0 0 1 0 1 0
0 1 1 1 1 1 1 1 1 1
0 0 0 1 1 1 1 1 1 0
Maze 118
67 17 3.3548387097 1.9032466893 20 0.392786874831141
44 43 26 67 5 56 5 96 75 28 39 37 41 32 33 44
400 23 66 65 55 55 95 95 25 38 400 31 31 400 43
400 402 401 401 401 401 401 401 402 401 400 402 402 400 401
0 0 0 0 1 0 0 0 0 0
0 0 0 0 1 0 0 0 0 0
0 0 1 1 1 1 1 1 0 0
1 1 1 1 1 1 1 1 1 0
1 0 1 2 1 1 0 0 0 0
0 0 0 0 1 1 0 0 0 0
0 0 0 0 1 1 1 0 0 0
0 0 0 0 1 0 0 0 0 0
0 0 0 0 1 0 0 0 0 0
0 0 0 0 1 1 0 0 0 0
Maze 119
131 27609 3.5294117647 2.1555842081 175 0.379484194637863
80 86 32 39 57 94 49 88 29 96 2 88 5 81 32 80
76 82 400 37 54 44 48 28 26 92 82 85 1 31 72
402 401 400 402 402 402 402 402 402 401 401 401 402 402 401
1 1 1 1 1 0 0 0 0 0
1 1 0 0 1 0 0 0 0 0
1 1 0 0 1 1 1 1 1 0
1 1 1 1 1 1 1 1 1 0
1 1 0 1 1 1 1 1 1 0
1 1 0 1 1 1 1 1 0 0
1 1 0 1 1 1 0 1 0 0
1 1 1 1 1 1 1 1 1 2
1 1 1 1 1 1 1 1 0 0
0 1 1 1 1 1 0 0 0 0
Maze 120
79 12 3.3953488372 2.1115768835 22 0.391980291710051
25 23 46 32 12 59 12 26 24 67 93 71 44 19 15 25
400 43 42 400 52 52 22 400 64 63 91 41 14 400 400
400 401 401 400 401 401 401 400 401 402 401 402 402 400 400
0 0 0 0 0 0 0 0 0 0
0 1 0 1 1 1 1 1 1 0
0 1 1 1 2 1 0 0 0 0
0 1 1 1 0 0 0 0 0 0
1 1 1 1 1 1 0 0 0 0
1 1 1 1 1 1 1 1 1 0
1 0 1 1 1 1 1 0 0 0
1 0 1 0 0 0 0 0 0 0
1 0 1 0 0 0 0 0 0 0
1 1 1 0 0 0 0 0 0 0
Maze 121
113 64 3.0370370370 1.8706151407 92 0.374753142815916
42 99 7 11 59 87 99 84 1 31 56 40 71 58 38 42
92 97 1 51 57 97 94 81 400 51 36 31 51 400 32
401 401 402 401 402 401 401 401 400 401 402 402 402 400 402
1 1 1 1 1 1 1 0 0 0
1 0 0 0 0 0 1 0 0 0
1 0 0 0 0 0 1 0 0 0
1 1 1 1 1 1 1 1 1 1
1 2 0 0 0 1 1 1 0 0
1 1 1 1 1 1 1 1 1 0
1 1 0 0 0 0 1 0 0 0
1 1 0 0 0 0 1 0 0 0
1 1 1 1 0 0 1 0 0 0
0 1 1 1 1 1 1 1 1 0
Maze 122
99 60 2.7575757576 2.3043813974 63 0.385076882409606
82 71 81 85 69 6 85 63 10 100 48 95 86 11 45 82
81 400 400 65 66 5 83 3 400 98 45 85 81 41 42
401 400 400 402 401 402 401 402 400 401 402 402 401 401 402
0 0 1 1 1 1 1 1 1 1
1 0 1 0 1 1 0 0 0 1
1 0 1 0 1 1 0 0 0 1
1 0 1 0 1 1 0 0 0 1
1 1 1 1 1 1 1 1 0 1
1 1 1 0 1 1 0 1 0 1
1 1 1 0 1 1 1 1 1 1
1 1 1 0 1 0 0 1 0 1
1 2 1 1 1 1 0 1 0 1
0 0 0 0 1 0 0 1 1 1
Maze 123
119 893 3.0447761194 2.1180802006 113 0.383337200209211
55 89 8 73 19 79 29 99 69 42 100 28 72 72 50 55
85 88 3 13 400 400 400 400 62 92 98 22 400 42 45
401 401 402 402 400 400 400 400 401 401 401 402 400 402 402
0 0 1 1 1 1 1 1 0 0
0 0 1 1 1 1 1 1 1 0
0 1 1 1 1 1 1 1 1 0
0 1 1 0 0 0 0 1 1 0
0 1 1 1 1 1 1 1 1 1
0 1 1 0 2 0 0 1 1 0
0 1 1 1 1 1 1 1 1 0
0 1 1 0 1 0 0 1 1 0
0 1 0 0 1 1 1 1 1 0
0 1 1 1 1 1 1 1 1 1
Maze 124
85 37 2.9090909091 2.2277784588 56 0.388720937465711
29 14 44 46 43 48 2 25 97 60 83 62 1 53 37 29
24 400 400 400 400 42 22 95 57 53 82 61 51 33 27
401 400 400 400 400 401 401 401 402 402 401 401 401 402 402
1 1 0 0 0 0 0 0 0 0
1 1 0 1 0 0 0 0 0 0
1 1 1 1 1 1 1 1 2 0
1 1 1 1 1 1 1 0 0 0
1 1 1 1 1 1 1 1 0 0
1 1 1 1 1 1 1 1 1 1
1 1 1 0 1 0 1 0 0 0
0 1 1 0 1 0 1 0 0 0
0 1 1 0 1 0 1 0 0 0
0 0 0 0 1 1 1 0 0 0
Maze 125
99 6106 3.1428571429 2.3706535691 77 0.373078075021182
52 45 41 37 78 9 22 41 59 16 85 49 39 14 88 52
42 400 31 77 8 2 21 51 56 15 45 400 34 84 82
402 400 402 401 402 402 402 401 401 402 402 400 401 401 401
0 1 1 1 1 1 1 1 1 0
0 1 0 1 1 1 0 1 0 0
1 1 0 1 1 1 0 1 0 0
1 1 1 1 1 1 1 1 1 0
1 1 1 1 1 1 1 1 1 0
1 2 1 1 1 1 1 1 1 0
0 1 0 1 1 0 1 1 0 0
0 1 0 1 1 0 1 1 0 0
0 1 1 1 1 1 1 1 0 0
0 0 0 0 0 0 0 0 0 0
Maze 126
91 10 2.6031746032 2.4139812339 28 0.358811118779256
83 21 41 8 10 30 99 9 36 14 82 91 23 76 99 83
81 400 1 400 400 29 400 6 34 12 81 21 73 96 93
401 400 402 400 400 402 400 402 401 402 402 402 401 401 401
1 1 1 1 1 1 1 1 1 1
1 1 1 1 0 1 0 0 1 1
1 1 1 1 0 1 0 0 1 1
1 1 1 1 1 1 0 0 1 0
1 1 1 0 0 0 0 0 1 0
1 1 1 0 0 0 0 0 1 0
1 1 1 0 0 0 0 0 1 0
1 1 1 1 1 1 0 0 1 0
1 1 2 0 0 1 0 0 1 0
1 0 1 1 1 1 1 1 1 0
Maze 127
93 43 3.3488372093 1.9690665352 36 0.390977918417873
92 15 81 43 52 34 2 14 86 21 1 19 25 5 61 92
12 11 41 42 32 32 12 84 81 400 11 15 400 1 91
402 402 402 402 402 401 401 401 401 400 401 402 400 402 401
1 1 1 1 1 0 0 0 0 0
1 1 1 1 1 1 1 1 1 0
1 1 0 1 1 0 0 0 0 0
1 1 1 1 0 0 0 0 0 0
1 1 1 1 0 0 0 0 0 0
1 1 0 1 0 0 0 0 0 0
1 1 0 1 0 0 0 0 0 0
1 1 0 1 0 0 0 0 0 0
1 1 1 1 1 1 0 0 0 0
1 2 0 0 0 0 0 0 0 0
Maze 128
111 23 3.5833333333 1.9233085249 99 0.392133743654435
82 28 76 15 44 85 21 84 15 11 81 89 44 29 13 82
22 26 75 14 84 81 81 14 400 400 400 84 24 23 12
402 402 401 402 401 401 401 402 400 400 400 401 402 401 402
0 0 0 0 0 0 0 0 0 0
1 1 1 1 1 0 0 0 0 0
1 1 1 1 1 1 1 1 1 0
1 1 0 1 1 1 0 0 0 0
1 1 0 1 1 1 0 0 0 0
1 1 0 1 1 1 0 0 0 0
1 1 0 1 1 1 0 0 0 0
1 1 0 1 1 1 0 0 0 0
1 2 1 1 1 1 1 1 1 0
0 0 0 0 0 0 0 0 0 0
Maze 129
123 1817 3.0410958904 2.2986875151 95 0.395764018933116
11 87 28 99 81 25 76 100 57 90 9 85 59 86 19 11
81 27 98 91 21 75 96 97 87 89 5 55 56 16 400
401 402 401 401 402 401 401 401 401 401 402 402 402 402 400
0 0 0 0 1 1 1 1 1 0
2 1 1 1 1 1 1 1 1 0
1 1 1 1 1 1 1 1 1 0
1 0 0 0 1 1 1 1 1 0
1 0 0 0 1 1 1 1 1 0
1 0 0 0 1 1 1 1 1 0
1 0 0 0 1 1 1 1 1 0
1 0 0 0 1 1 1 1 1 0
1 1 1 1 1 1 1 1 1 1
1 1 1 1 1 1 1 1 1 1
Maze 130
81 30 3.0638297872 2.0685146398 26 0.368056415039261
89 57 22 4 14 79 8 38 52 31 56 23 16 34 57 89
87 52 2 400 74 78 400 32 51 51 53 13 14 54 87
401 401 402 400 401 401 400 402 401 401 401 402 402 401 401
0 1 1 1 0 0 0 1 0 0
0 1 1 1 1 1 0 1 0 0
0 1 1 1 0 0 0 1 0 0
1 1 1 1 1 1 1 1 0 0
1 1 1 1 0 0 0 1 0 0
1 1 1 1 1 1 1 1 0 0
0 0 0 1 0 0 1 1 0 0
0 0 0 1 1 1 1 1 1 0
0 0 0 0 0 0 1 1 2 0
0 0 0 0 0 0 0 0 0 0
Maze 131
83 54 3.4634146341 2.0566331988 35 0.380586778218075
71 45 35 84 3 3 36 38 18 47 81 68 82 65 48 71
41 400 34 83 400 33 400 400 17 41 61 62 62 45 41
402 400 402 401 400 401 400 400 402 402 402 402 402 402 402
0 0 1 0 0 0 0 0 0 0
0 0 1 0 0 0 1 1 0 0
0 0 1 0 0 0 1 1 0 0
0 0 1 1 1 1 1 1 0 0
1 1 1 1 1 1 1 1 0 0
1 0 1 1 1 0 0 0 0 0
1 1 1 1 1 1 1 1 0 0
2 1 1 1 0 0 0 0 0 0
1 1 1 1 0 0 0 0 0 0
0 0 0 0 0 0 0 0 0 0
Maze 132
87 189 3.1481481481 2.2525737094 36 0.386730241421226
40 69 82 74 39 32 67 87 1 83 43 45 36 10 28 40
39 62 72 34 400 62 400 81 81 400 400 35 6 8 38
402 402 402 402 400 401 400 401 401 400 400 402 402 402 401
1 0 0 0 0 1 1 1 1 1
1 0 0 0 0 1 0 1 0 0
1 0 0 0 0 1 0 1 0 0
1 1 1 1 1 1 1 1 1 2
1 1 1 1 1 0 0 0 1 0
1 1 1 1 0 0 0 0 1 0
1 1 1 1 1 1 1 1 1 0
1 1 1 1 0 0 1 0 0 0
1 1 1 1 1 1 1 0 0 0
0 0 0 0 0 0 0 0 0 0
Maze 133
95 66 3.1250000000 1.9006422746 57 0.400686683326908
25 85 52 5 90 88 75 32 72 6 28 47 83 18 13 25
400 82 2 85 400 85 72 400 2 26 27 43 13 400 23
400 401 402 401 400 401 401 400 402 401 402 402 402 400 401
0 1 1 1 1 1 0 0 0 0
0 1 1 1 1 1 1 1 0 0
0 1 1 1 2 1 1 1 0 0
0 1 1 0 1 0 1 0 0 0
0 1 1 1 1 1 1 0 0 0
0 1 1 0 1 0 0 0 0 0
0 1 1 0 1 0 0 0 0 0
0 1 1 1 1 0 0 0 0 0
0 1 1 1 1 1 1 1 1 1
0 0 0 0 0 0 0 0 0 0
Maze 134
97 186 2.8474576271 2.1843202261 77 0.386009617126198
52 30 60 47 96 38 71 84 52 18 68 58 72 88 39 52
22 400 57 46 36 31 81 82 12 400 400 52 82 38 32
402 400 401 402 402 402 401 401 402 400 400 402 401 402 402
0 0 0 0 0 0 0 0 0 0
0 1 1 1 1 1 1 1 0 0
0 1 1 1 1 1 1 1 1 1
1 1 1 1 1 1 1 1 1 1
1 1 0 0 0 1 1 1 0 1
1 2 1 1 1 1 1 1 1 1
1 1 0 0 0 1 0 1 0 0
1 1 0 0 0 1 0 1 0 0
1 1 1 1 1 1 1 1 0 0
0 0 0 0 0 1 0 0 0 0
Maze 135
99 948 3.0344827586 2.1376306737 84 0.379723741272529
48 16 67 11 46 46 27 53 68 18 54 88 49 3 97 48
46 66 61 41 400 26 23 63 400 14 84 48 43 93 47
401 401 401 401 400 402 402 401 400 402 401 402 401 401 402
0 0 1 0 0 0 0 0 0 0
1 0 1 1 1 1 1 1 0 0
1 0 1 1 1 1 1 1 0 0
1 0 1 1 0 1 0 1 0 0
1 1 1 1 1 1 1 2 1 0
1 0 1 1 0 1 1 1 0 0
1 1 1 1 1 1 1 1 0 0
0 0 1 1 0 0 1 1 0 0
0 0 1 1 1 1 1 1 0 0
0 0 1 1 1 1 1 0 0 0
Maze 136
91 138 2.7187500000 2.4004349034 50 0.413626958044907
32 29 28 47 61 91 73 95 28 89 36 84 52 10 9 32
22 400 27 41 400 71 93 25 88 86 34 82 2 400 2
402 400 402 402 400 402 401 402 401 401 402 401 402 400 402
0 1 1 1 1 1 1 1 1 1
0 1 0 0 0 0 0 0 0 0
0 1 1 1 1 1 1 1 1 0
0 2 0 1 1 1 1 1 0 0
1 1 1 1 1 1 1 1 0 0
1 1 0 1 1 1 0 1 0 0
1 1 0 1 1 1 0 1 0 0
1 1 1 1 1 1 0 1 0 0
1 1 1 1 1 1 1 1 1 0
1 0 1 1 1 0 0 0 0 0
Maze 137
95 17 3.2500000000 2.2694236115 46 0.388210386202465
33 94 73 10 25 86 90 18 67 96 89 35 72 72 27 33
93 93 3 5 85 400 88 17 66 86 85 32 400 22 23
401 401 402 402 401 400 401 402 402 402 401 402 400 402 402
0 0 1 1 1 1 1 1 1 1
0 0 1 0 1 0 1 1 0 0
0 1 1 1 1 1 1 1 0 0
0 1 2 1 1 0 1 1 0 0
0 1 1 0 1 0 1 1 0 0
0 1 1 0 1 0 1 1 0 0
0 1 1 0 1 1 1 1 0 0
0 1 1 0 1 1 0 1 0 0
0 0 1 0 1 1 1 1 1 1
0 0 1 1 0 1 0 0 0 0
Maze 138
67 21 2.9268292683 2.0472446538 16 0.398535166144386
51 55 59 48 77 47 80 46 87 33 46 57 18 44 45 51
400 400 58 47 400 77 76 86 83 43 56 17 14 400 41
400 400 401 402 400 401 401 401 401 401 401 402 402 400 402
0 0 0 0 0 0 0 0 0 0
0 0 0 1 1 1 1 1 0 0
0 0 0 1 0 0 1 0 0 0
0 0 1 1 0 0 1 0 0 0
1 1 1 1 1 1 1 1 0 0
2 1 1 1 1 1 1 1 1 0
0 0 1 0 0 1 1 0 0 0
0 0 1 0 0 1 1 1 1 1
0 0 1 1 1 1 1 0 0 0
0 0 0 0 0 0 0 0 0 0
Maze 139
93 328 2.9180327869 2.2802289250 45 0.370851096415400
85 37 13 33 29 79 76 2 18 43 84 5 12 96 67 85
35 33 400 23 400 400 72 12 13 83 4 2 92 66 65
402 401 400 402 400 400 401 401 402 401 402 402 401 402 402
0 1 1 1 1 0 0 0 0 0
0 1 1 1 1 1 1 1 0 0
0 1 1 1 1 1 1 1 1 0
0 1 1 1 1 1 1 0 1 0
0 1 1 1 1 0 0 0 1 0
0 1 1 1 1 0 0 0 1 0
0 1 1 1 1 1 1 0 1 0
0 1 1 1 1 1 1 1 1 0
0 1 1 1 2 1 0 0 0 0
0 1 1 1 1 1 0 0 0 0
Maze 140
109 14 2.9411764706 1.8738863797 92 0.388641973045353
86 48 71 5 1 89 84 98 86 45 61 20 49 47 21 86
46 41 1 400 81 400 94 96 85 41 11 19 400 41 81
402 402 402 400 401 400 401 401 401 402 402 402 400 401 401
1 1 1 1 1 0 0 0 0 0
1 1 1 1 1 1 1 1 1 1
1 0 0 0 0 0 0 0 1 0
1 0 0 0 0 0 0 0 1 0
1 1 1 1 1 1 1 1 1 0
1 0 0 0 1 1 0 0 0 0
1 0 0 0 1 1 0 0 0 0
1 0 0 0 1 1 0 0 0 0
1 1 1 1 1 2 1 1 1 0
0 0 0 1 1 1 1 1 0 0
Maze 141
81 7 2.7692307692 2.2354601107 30 0.396585805874056
21 64 69 94 60 90 97 82 41 56 41 55 37 30 24 21
61 400 64 54 400 87 92 81 51 51 51 35 27 400 400
401 400 402 402 400 402 401 401 401 401 401 402 402 400 400
0 0 0 0 0 0 0 0 0 0
0 0 0 0 0 0 0 0 0 0
2 1 1 1 1 1 1 1 1 1
1 0 0 0 1 1 1 0 0 0
1 0 0 0 1 0 0 0 0 0
1 1 1 1 1 1 1 1 1 1
1 1 1 1 1 1 1 1 1 1
1 0 0 1 0 0 0 0 0 1
1 1 0 1 0 0 1 1 1 1
0 1 1 1 1 1 1 0 0 0
Maze 142
69 39 3.2500000000 2.1306011430 16 0.416418679140162
32 13 4 23 66 32 42 75 70 69 94 76 96 50 24 32
12 3 3 63 62 400 72 65 400 64 74 400 46 44 22
402 402 402 401 401 400 401 402 400 402 402 400 402 401 402
0 0 1 1 0 0 0 0 0 0
0 1 1 0 0 0 0 0 0 0
0 1 1 1 0 0 0 0 0 0
0 2 1 1 0 0 0 0 0 0
0 1 1 1 1 1 1 1 1 1
0 1 1 0 0 1 0 0 0 0
0 1 1 1 1 1 1 1 1 1
0 1 1 1 1 1 0 0 0 0
0 0 0 1 0 1 0 0 0 0
0 0 0 1 0 1 0 0 0 0
Maze 143
97 881 3.2452830189 2.1376306737 66 0.391914119766174
39 67 81 98 77 7 79 53 47 76 15 66 20 78 65 39
37 61 91 97 400 77 73 43 46 75 65 16 18 75 35
402 402 401 401 400 401 401 402 402 401 401 402 402 401 402
0 0 0 0 0 0 1 0 0 0
0 0 0 0 1 1 1 1 1 1
0 0 0 0 1 1 1 1 0 0
0 0 0 0 1 1 1 1 2 0
0 0 1 1 1 1 1 1 0 0
0 0 1 0 1 1 1 1 0 0
1 1 1 1 1 1 1 1 0 0
1 0 1 1 1 1 1 1 1 0
1 0 0 0 0 0 1 0 0 0
1 1 1 1 1 1 1 1 0 0
Maze 144
91 73 3.1600000000 2.0415697197 45 0.391886736450478
81 3 12 29 86 78 7 30 68 26 79 43 37 26 53 81
1 2 22 26 76 77 27 28 66 76 73 33 36 23 51
402 402 401 402 402 401 401 402 401 401 401 402 401 402 402
1 1 1 0 0 0 1 0 0 0
1 1 0 0 0 0 1 0 0 0
1 1 1 1 1 1 1 1 1 1
1 0 1 1 1 1 1 1 0 0
1 0 1 0 0 1 1 1 0 0
1 1 1 0 0 1 1 1 0 0
1 0 1 0 0 1 1 1 0 0
1 0 1 1 1 1 1 1 1 0
2 0 0 0 0 1 0 0 0 0
0 0 0 0 0 0 0 0 0 0
Maze 145
107 57 3.1851851852 1.9429147865 70 0.405008514406240
15 65 25 72 29 87 21 74 43 76 12 41 30 50 12 15
400 400 22 22 27 81 71 73 73 72 11 21 400 42 400
400 400 402 402 402 401 401 401 401 401 402 402 400 401 400
0 0 0 0 0 0 0 0 0 0
1 1 1 1 2 0 0 0 0 0
1 1 1 1 1 1 1 1 1 1
1 1 0 0 1 0 1 0 0 1
1 1 1 1 1 1 1 1 1 1
1 1 1 0 1 0 1 0 0 0
1 1 1 0 1 0 1 0 0 0
1 1 1 1 1 1 1 0 0 0
1 1 1 1 1 1 1 0 0 0
0 0 0 0 0 0 0 0 0 0
Maze 146
103 40 3.3191489362 1.8077868623 42 0.379886976684428
98 59 14 46 60 22 44 60 11 68 51 2 5 3 66 98
58 54 44 56 52 42 54 51 61 61 1 400 400 63 96
402 401 401 401 401 401 401 401 401 401 402 400 400 401 401
1 1 1 1 1 0 0 0 0 0
1 0 1 1 0 0 0 0 0 0
1 1 1 1 0 0 0 0 0 0
1 1 1 1 0 0 0 0 0 0
1 1 1 1 1 1 0 0 0 0
1 1 1 1 1 1 1 1 1 1
1 1 1 1 1 1 1 1 0 0
0 0 0 0 0 1 0 1 0 0
0 0 0 0 0 1 0 1 0 0
0 0 0 0 0 1 1 2 0 0
Maze 147
101 46 3.9047619048 1.8349750762 71 0.391876066075335
92 30 12 34 93 22 64 64 37 47 14 66 3 40 83 92
22 22 32 33 92 62 400 34 400 44 64 63 33 33 82
402 401 401 402 401 401 400 402 400 401 401 401 401 402 402
0 0 1 0 0 0 0 0 0 0
0 1 1 1 0 0 0 0 0 0
0 1 1 1 1 1 1 1 1 1
0 1 1 1 1 1 1 1 1 1
0 1 1 1 1 1 1 0 0 0
0 1 1 1 0 0 0 0 0 0
0 1 1 1 1 1 0 0 0 0
0 1 1 0 0 0 0 0 0 0
0 1 1 0 0 0 0 0 0 0
0 2 1 0 0 0 0 0 0 0
Maze 148
101 768 3.4042553191 1.8619600037 65 0.384954215191692
82 65 17 30 52 67 33 67 36 70 69 4 72 49 37 82
62 15 27 22 62 63 63 66 66 400 64 2 42 47 32
402 402 401 402 401 401 401 401 401 400 401 402 402 401 402
0 1 1 1 0 0 0 0 0 0
0 1 0 1 1 1 1 0 0 0
0 1 1 1 1 1 1 1 1 1
0 1 1 1 1 1 1 0 0 0
0 1 1 1 1 1 1 1 1 0
0 1 1 1 1 1 0 0 0 0
0 1 1 1 1 1 1 1 1 1
0 1 0 0 0 0 0 0 0 0
0 2 0 0 0 0 0 0 0 0
0 0 0 0 0 0 0 0 0 0
Maze 149
81 258 3.6500000000 2.0615222477 30 0.387562240099483
49 62 15 48 50 16 42 21 38 34 7 56 57 19 46 49
42 12 45 400 46 12 41 31 400 4 6 400 17 16 400
402 402 401 400 401 402 401 401 400 402 402 400 402 402 400
0 0 0 1 1 1 1 0 0 0
0 1 1 1 1 1 1 1 1 0
1 1 0 1 1 1 1 0 0 0
1 1 1 1 1 1 1 1 0 0
1 1 1 1 1 1 1 1 2 1
0 1 0 0 0 1 1 0 0 0
0 1 0 0 0 0 0 0 0 0
0 0 0 0 0 0 0 0 0 0
0 0 0 0 0 0 0 0 0 0
0 0 0 0 0 0 0 0 0 0
Maze 150
89 184 3.0000000000 2.1945283944 36 0.397787214214113
25 10 95 31 23 24 61 33 62 56 9 84 53 35 16 25
5 5 91 21 400 21 31 32 52 6 4 83 33 15 15
402 402 401 402 400 402 402 402 402 402 402 401 402 402 402
0 0 0 1 1 1 1 1 1 1
0 0 0 1 1 1 0 0 0 0
1 1 1 1 2 1 0 0 0 0
1 1 1 1 1 1 0 0 0 0
1 1 1 1 1 1 0 0 0 0
1 1 1 1 1 1 0 0 0 0
1 1 1 1 1 0 0 0 0 0
1 0 1 1 1 0 0 0 0 0
1 0 1 1 1 0 0 0 0 0
1 1 1 1 1 0 0 0 0 0
Maze 151
85 377 3.0196078431 2.1735887902 45 0.378542839961411
15 37 37 18 68 33 75 94 79 29 82 39 68 36 64 15
35 400 17 400 63 73 74 74 400 22 32 38 66 34 14
401 400 402 400 401 401 402 402 400 402 402 402 401 402 402
0 0 0 0 0 0 0 0 0 0
0 0 0 1 2 0 1 1 0 0
0 1 1 1 1 1 1 1 1 0
0 1 1 1 1 1 1 1 1 0
0 1 1 1 0 1 0 1 1 0
0 1 1 1 0 1 0 1 1 0
0 1 1 1 1 1 1 1 1 0
0 1 1 1 1 1 1 1 1 0
0 1 0 1 0 0 0 0 0 0
0 0 0 1 0 0 0 0 0 0
Maze 152
111 61 4.0000000000 1.8136801976 86 0.387897204493560
12 9 72 54 38 51 40 38 45 45 83 10 21 13 67 12
2 2 52 34 31 31 400 35 400 43 3 1 11 63 62
402 402 402 402 402 402 400 402 400 402 402 402 402 401 401
1 1 1 1 1 1 1 1 1 1
1 2 1 0 0 0 0 0 0 0
1 1 1 0 0 0 0 0 0 0
1 1 1 1 1 1 1 1 1 1
1 1 1 1 1 0 0 0 0 0
1 1 1 1 0 0 0 0 0 0
0 1 1 1 1 1 1 0 0 0
0 1 1 0 0 0 0 0 0 0
0 0 1 0 0 0 0 0 0 0
0 0 0 0 0 0 0 0 0 0
Maze 153
105 106 3.2203389831 2.1925271406 78 0.365654610689987
51 83 100 93 60 10 64 7 100 100 60 42 57 90 78 51
81 93 400 53 400 4 4 97 400 400 52 52 87 88 71
401 401 400 402 400 402 402 401 400 400 401 401 401 401 401
0 0 0 1 1 1 1 1 1 1
0 0 0 1 0 0 1 0 0 1
0 0 0 1 0 0 1 0 0 1
0 0 0 1 0 0 1 0 0 1
0 1 0 1 0 0 1 0 0 1
2 1 1 1 1 1 1 1 1 1
1 0 1 1 0 0 1 0 0 1
1 1 1 1 1 1 1 1 0 1
1 1 1 0 0 0 1 1 1 1
0 0 1 1 1 1 1 1 1 1
Maze 154
99 287 2.8125000000 2.2437875504 84 0.405269872952628
73 19 47 97 53 94 51 14 66 35 48 63 88 29 6 73
13 17 400 93 93 91 11 64 65 45 43 83 28 26 3
402 402 400 401 401 401 402 401 401 401 402 401 402 401 402
0 0 1 1 1 1 0 0 0 0
1 1 1 1 1 1 1 1 1 0
1 0 1 1 0 1 1 1 1 0
1 0 1 1 1 0 1 1 0 0
1 0 1 1 1 1 1 1 0 0
1 0 1 1 1 0 1 1 0 0
1 0 1 1 1 1 1 1 0 0
1 0 2 0 0 0 1 1 0 0
1 0 1 1 1 1 1 1 0 0
1 1 1 1 1 1 1 0 0 0
Maze 155
87 89 3.6923076923 1.8892137705 39 0.397760773116804
36 54 43 95 36 75 53 62 90 35 78 42 70 45 44 36
34 53 93 35 35 73 52 82 85 75 72 62 65 400 34
402 401 401 402 402 401 402 401 401 401 401 401 401 400 402
0 0 0 0 0 0 0 0 0 0
0 0 0 0 0 0 0 0 0 0
0 0 0 0 0 0 0 0 0 0
0 0 0 1 1 2 0 0 0 0
0 1 1 1 1 0 0 0 0 0
0 1 1 1 1 0 0 0 0 0
0 1 1 1 1 1 1 1 1 1
0 1 1 1 1 1 1 1 0 0
0 1 1 1 1 1 1 1 1 1
0 0 1 1 1 0 0 0 0 0
Maze 156
113 60 3.9183673469 1.9713664829 99 0.380229372473673
2 78 65 85 81 80 11 53 26 12 71 81 87 25 99 2
72 75 400 400 71 71 51 23 22 11 400 400 85 95 92
401 401 400 400 402 401 401 402 401 402 400 400 401 401 401
0 2 0 0 0 0 0 0 0 0
1 1 0 0 0 0 0 0 0 0
1 1 1 1 1 1 0 0 0 0
1 1 1 0 1 0 0 0 0 0
1 1 1 0 1 0 0 0 0 0
1 1 1 0 1 0 0 0 0 0
1 1 0 0 1 0 0 0 0 0
1 1 1 1 1 1 1 1 1 1
1 1 1 1 1 1 1 0 0 0
0 1 1 1 1 1 1 1 1 0
Maze 157
109 122 3.8039215686 2.1435735922 92 0.377761202827072
70 41 38 36 30 52 48 89 28 5 68 29 8 50 91 70
61 31 400 26 22 42 88 88 25 65 28 28 48 41 61
401 402 400 402 402 402 401 401 401 401 402 401 401 402 402
0 0 0 0 1 0 0 1 0 0
0 0 0 0 1 0 0 1 0 0
0 1 1 1 1 1 1 1 1 1
1 1 1 1 1 1 1 1 0 0
1 1 1 1 1 1 1 1 1 1
1 1 0 0 1 0 0 1 0 0
1 1 1 1 1 1 1 1 1 2
1 0 0 0 0 0 0 1 0 0
1 0 0 0 0 0 0 1 1 0
1 0 0 0 0 0 0 0 0 0
Maze 158
85 308 3.6000000000 2.1850306080 45 0.374487442560142
86 59 53 43 66 84 56 28 48 65 1 88 37 46 40 86
56 400 400 63 64 54 26 400 45 61 81 87 36 36 36
402 400 400 401 402 402 402 400 402 401 401 401 402 402 402
1 0 0 0 0 0 0 0 0 0
1 0 0 0 0 0 0 0 0 0
1 0 0 0 0 1 1 1 0 0
1 0 0 0 0 1 1 1 1 1
1 0 1 0 1 1 1 1 0 0
1 0 1 1 1 1 1 1 1 0
1 1 1 1 1 1 1 0 0 0
1 0 0 1 0 1 1 0 0 0
1 1 1 1 1 2 1 1 0 0
0 0 0 0 0 0 0 0 0 0
Maze 159
89 30 3.0000000000 2.3362717556 44 0.391905330223910
70 91 21 55 32 7 48 73 84 87 43 46 14 99 89 70
61 400 51 52 2 47 43 83 400 83 400 44 94 400 69
402 400 401 401 402 401 402 401 400 401 400 401 401 400 402
0 1 1 1 1 1 1 0 0 0
0 1 0 1 0 0 1 0 0 0
1 1 0 1 0 0 1 0 0 0
1 1 0 1 0 0 1 0 0 0
1 1 1 1 1 1 1 1 0 0
1 1 1 1 1 0 0 0 0 0
1 1 1 1 1 1 1 1 1 2
1 0 1 1 0 0 0 0 1 0
1 0 1 1 1 1 1 0 1 0
1 0 0 1 1 1 1 1 1 0
Maze 160
93 13 2.7213114754 2.1936379531 44 0.383164302405662
89 30 37 98 32 83 53 83 20 26 67 73 35 54 24 89
29 27 97 92 82 400 400 13 16 66 63 33 34 400 84
402 402 401 401 401 400 400 402 402 401 402 402 402 400 401
0 0 0 0 0 0 0 0 0 0
0 0 1 1 1 1 1 1 1 1
0 0 1 1 0 1 1 1 1 1
0 1 1 1 1 1 1 0 1 0
0 1 1 1 0 1 1 0 1 0
0 1 1 1 0 1 1 0 1 0
0 1 1 1 1 1 1 0 1 0
0 1 1 1 0 0 1 0 1 0
0 1 1 1 1 1 1 1 2 0
0 1 1 1 1 1 1 1 0 0
Maze 161
97 542 3.3200000000 2.1538174925 66 0.387987837654235
58 51 46 63 94 91 73 41 4 15 77 27 91 48 4 58
400 41 43 93 400 71 71 1 14 75 400 21 41 44 54
400 402 402 401 400 402 401 402 401 401 400 402 402 401 401
1 1 1 1 0 0 0 0 0 0
1 0 0 1 1 0 0 0 0 0
1 1 1 1 1 1 1 0 0 0
1 0 0 1 1 0 1 0 0 0
1 1 1 1 1 1 1 1 0 0
1 1 1 1 1 1 1 2 0 0
1 0 1 0 1 0 1 0 0 0
1 1 1 0 1 1 1 0 0 0
1 0 1 0 0 0 0 0 0 0
1 1 1 1 0 0 0 0 0 0
Maze 162
95 68 2.9333333333 2.2290065006 77 0.366357783147503
17 13 58 60 97 57 27 41 83 89 10 24 53 25 82 17
400 53 400 57 400 400 21 81 400 9 4 23 23 22 12
400 401 400 402 400 400 402 401 400 402 402 402 402 402 402
0 0 0 1 1 1 1 1 1 1
0 1 1 1 1 1 2 0 1 0
1 1 1 1 1 1 1 0 1 0
1 1 1 0 0 0 1 0 1 0
1 1 1 0 0 0 1 0 1 0
1 1 1 1 1 1 1 1 1 1
1 1 0 0 0 0 1 0 1 0
1 1 0 0 0 0 1 0 1 0
1 1 1 1 1 1 1 1 1 0
0 0 0 0 0 0 1 0 0 0
Maze 163
105 30 2.8615384615 2.2156916738 83 0.399309346505364
28 59 47 18 91 63 44 69 26 98 72 90 14 11 63 28
58 57 17 11 61 43 64 66 96 92 82 84 400 61 23
401 401 402 402 402 402 401 401 401 401 401 401 400 401 402
0 0 0 0 0 0 0 0 0 0
1 1 1 1 1 1 1 1 0 0
1 0 1 1 1 1 1 2 0 0
1 0 1 1 0 1 1 1 0 0
1 0 1 1 0 1 1 1 0 0
1 0 1 1 0 1 1 1 1 0
1 1 1 1 1 1 1 1 1 0
1 1 0 1 0 1 0 0 0 0
1 1 1 1 1 1 1 1 1 1
1 1 1 1 1 1 1 1 0 0
Maze 164
93 21 3.3333333333 1.9019619614 36 0.386896724567911
66 25 16 75 37 23 5 91 40 62 75 13 6 27 45 66
65 15 15 35 33 3 1 31 32 72 73 3 26 25 65
401 402 402 402 401 402 402 402 402 401 401 402 401 402 401
1 1 1 1 1 1 0 0 0 0
1 0 1 0 1 1 0 0 0 0
1 0 1 0 1 1 1 0 0 0
1 1 1 1 1 1 1 1 1 1
1 1 1 0 1 0 0 0 0 0
1 1 1 0 1 0 0 0 0 0
1 1 1 0 1 2 0 0 0 0
1 1 1 1 1 0 0 0 0 0
1 0 0 0 0 0 0 0 0 0
1 0 0 0 0 0 0 0 0 0
Maze 165
67 37 3.3939393939 2.0035572600 7 0.373000205213536
44 54 43 7 13 51 55 64 21 75 53 33 64 51 84 44
400 53 3 3 11 400 54 61 71 73 400 63 61 81 400
400 401 402 402 402 400 402 401 401 401 400 401 401 401 400
0 0 1 1 1 1 1 0 0 0
1 1 1 0 0 0 0 0 0 0
1 0 1 0 0 0 0 0 0 0
1 0 1 0 0 0 0 0 0 0
1 0 1 2 0 0 0 0 0 0
1 1 1 1 1 0 0 0 0 0
1 1 1 1 0 0 0 0 0 0
1 1 1 1 1 0 0 0 0 0
1 1 1 1 0 0 0 0 0 0
0 0 0 0 0 0 0 0 0 0
Maze 166
95 22 3.0400000000 1.9977524024 64 0.365979089960384
5 1 4 57 70 10 16 9 51 9 50 35 73 25 53 5
400 400 54 67 400 6 6 1 1 49 45 33 23 23 3
400 400 401 401 400 402 402 402 402 401 401 402 402 402 402
1 1 1 1 2 1 1 1 1 1
1 0 1 1 0 1 0 0 1 1
1 0 1 1 1 0 0 0 1 1
1 0 1 1 1 0 0 0 1 1
1 0 1 1 1 1 1 1 1 1
1 0 1 1 1 1 1 0 0 1
0 0 1 0 0 0 1 1 1 1
0 0 1 0 0 0 0 0 0 0
0 0 0 0 0 0 0 0 0 0
0 0 0 0 0 0 0 0 0 0
Maze 167
77 64 3.3636363636 2.1148712311 35 0.387136568698663
22 77 44 75 67 53 31 42 40 69 56 36 33 93 27 22
72 74 74 65 63 51 41 32 39 66 400 400 400 23 400
401 401 401 402 401 401 401 402 402 401 400 400 400 402 400
0 0 0 0 0 0 0 0 0 0
0 0 0 0 0 0 0 0 0 0
0 2 1 1 1 1 1 0 0 0
1 1 1 1 1 1 1 1 1 1
1 1 1 1 0 1 0 0 1 0
1 1 1 1 0 1 0 0 1 0
0 1 1 1 1 1 1 1 1 0
0 1 1 1 1 1 1 0 0 0
0 0 1 0 0 0 0 0 0 0
0 0 1 0 0 0 0 0 0 0
Maze 168
111 387 2.9722222222 2.3483607501 87 0.396579945592763
89 84 15 71 10 88 68 65 12 19 76 96 100 13 56 89
400 14 11 1 8 400 400 62 400 16 400 400 93 53 86
400 402 402 402 402 400 400 401 400 402 400 400 401 401 401
1 1 1 1 1 1 1 1 1 1
1 1 1 1 1 1 1 1 1 0
1 1 1 1 0 1 0 1 0 0
1 1 1 1 0 1 0 1 0 0
1 1 1 1 0 1 0 1 0 0
1 1 1 1 1 1 0 1 0 0
1 1 1 1 1 1 1 1 0 0
1 0 1 1 0 1 0 1 0 0
0 0 1 1 1 1 1 1 2 0
0 0 1 1 1 1 1 1 1 1
Maze 169
113 717 2.8115942029 2.1586783508 90 0.385104895821181
85 7 73 94 20 88 23 26 4 83 11 12 49 90 62 85
5 3 93 14 18 83 400 24 3 81 400 42 89 82 82
402 402 401 402 402 401 400 401 402 401 400 401 401 401 401
0 0 1 1 1 1 1 0 0 0
1 1 1 1 1 1 1 1 1 1
1 1 1 1 1 1 0 1 0 0
1 1 1 1 1 0 0 1 0 0
1 1 1 1 1 1 1 1 1 0
1 0 1 1 1 0 0 1 1 0
1 1 1 1 1 0 0 1 1 0
1 1 1 1 1 0 0 1 1 0
1 1 1 1 2 1 1 1 1 1
0 0 1 1 0 0 0 0 0 0
Maze 170
89 128 2.8333333333 2.3068695392 50 0.391161690350863
12 16 94 96 47 78 69 88 90 52 95 81 3 66 69 12
400 14 400 46 77 68 68 400 82 92 91 1 63 400 62
400 402 400 402 401 402 402 400 401 401 401 402 401 400 401
1 1 1 0 0 0 0 0 0 0
1 2 1 1 1 1 0 0 0 0
1 1 1 1 0 0 0 0 0 0
1 1 1 1 0 0 0 0 0 0
1 1 1 1 0 1 1 0 0 0
1 1 1 1 0 1 1 0 0 0
1 1 1 1 1 1 1 1 1 0
1 1 0 1 0 1 1 1 0 0
1 1 1 1 1 1 1 1 1 1
1 1 1 1 1 1 0 0 0 0
Maze 171
129 297 3.7500000000 1.9296174022 168 0.383931113873848
69 12 93 80 2 53 16 61 36 30 83 66 51 37 94 69
62 92 73 72 52 13 11 31 26 23 63 61 31 34 64
401 401 402 401 401 402 402 402 402 402 402 401 402 402 402
0 1 0 0 0 0 0 0 0 0
1 1 1 1 1 1 0 0 0 0
1 1 1 1 1 1 1 1 1 1
1 1 1 1 1 1 1 0 0 0
1 1 1 1 0 0 0 0 0 0
1 1 1 1 0 0 0 0 0 0
1 1 1 1 1 1 1 1 2 0
0 1 1 1 1 1 1 1 1 1
0 1 1 1 0 0 0 0 0 0
0 1 1 1 0 0 0 0 0 0
Maze 172
91 77 3.2444444444 1.9086994046 50 0.398112134299894
56 14 85 15 1 1 37 69 95 78 80 72 80 14 12 56
54 84 400 11 400 31 67 65 75 400 400 400 74 400 52
401 401 400 401 400 401 401 402 402 400 400 400 401 400 401
1 0 0 0 0 0 0 0 0 0
1 1 1 1 1 0 0 0 0 0
1 1 0 1 1 0 0 0 0 0
1 1 1 1 1 1 1 0 0 0
0 1 0 1 1 0 1 0 0 0
0 1 1 1 1 2 1 0 0 0
0 0 0 1 1 1 1 1 1 0
0 1 1 1 1 1 1 1 1 1
0 0 0 1 1 0 0 0 0 0
0 0 0 0 1 0 0 0 0 0
Maze 173
97 99 3.3207547170 2.2689205864 71 0.389988398289260
71 95 91 12 57 92 81 64 7 23 55 3 15 76 16 71
91 400 11 52 52 91 61 4 3 53 53 13 75 400 11
401 400 402 401 402 401 402 402 402 401 401 401 401 400 402
0 0 1 1 1 1 1 0 0 0
1 1 1 1 1 1 0 0 0 0
1 1 1 1 1 1 0 0 0 0
1 1 1 1 1 1 0 0 0 0
1 1 1 1 1 1 0 0 0 0
1 1 1 1 1 1 1 0 0 0
1 1 1 1 1 1 0 0 0 0
2 1 0 0 1 1 0 0 0 0
1 1 0 0 0 0 0 0 0 0
1 1 1 1 1 0 0 0 0 0
Maze 174
101 101 2.8615384615 2.2369178431 53 0.359235570196389
32 41 69 18 70 28 8 73 60 20 32 98 90 47 68 32
31 61 68 68 68 400 3 53 400 12 92 88 87 67 62
402 401 401 401 401 400 402 402 400 402 401 402 401 401 401
0 0 1 1 1 1 1 1 0 0
0 1 1 1 1 1 1 1 1 1
0 1 1 0 0 0 0 1 0 1
1 2 1 0 0 0 0 1 0 1
1 1 1 0 0 0 1 1 0 1
1 1 1 1 1 1 1 1 1 1
1 1 1 1 1 1 1 1 1 1
0 1 1 0 0 0 1 0 0 0
0 1 0 0 0 0 1 1 1 1
0 1 1 1 1 1 1 1 0 0
Maze 175
109 622 3.1384615385 2.1788787443 120 0.389842119728536
28 67 25 97 92 39 1 60 64 5 86 82 77 26 9 28
27 65 95 400 32 31 51 54 4 85 400 72 76 6 8
402 401 401 400 402 401 401 402 402 401 400 402 401 402 402
1 0 0 1 1 1 1 1 1 0
1 0 0 1 1 1 0 1 0 0
1 0 0 1 1 1 1 2 0 0
1 1 1 1 1 1 1 1 1 0
1 1 0 1 1 1 1 0 0 0
1 1 1 1 1 1 1 1 1 1
0 1 0 1 1 1 1 0 0 0
0 1 1 1 1 1 1 0 0 0
0 1 1 1 1 1 0 0 0 0
0 1 1 1 1 1 1 0 0 0
Maze 176
95 33 2.8518518519 1.9625296936 71 0.384823495900103
65 58 40 63 94 6 44 59 76 24 73 91 8 26 74 65
55 38 33 93 4 4 54 56 74 23 71 1 6 24 64
402 402 402 401 402 402 401 402 401 402 402 402 402 402 402
1 1 1 1 1 1 1 1 0 0
1 0 0 1 0 1 0 0 0 0
1 0 1 1 1 1 0 0 0 0
1 0 1 1 1 1 1 1 1 1
1 0 1 1 0 0 0 1 0 0
1 0 1 1 1 1 1 1 1 0
1 0 1 1 2 1 0 0 0 0
1 1 1 1 1 1 0 0 0 0
1 0 1 1 0 0 0 0 0 0
1 0 1 1 0 0 0 0 0 0
Maze 177
117 426 3.2542372881 2.0826899201 133 0.378976324226433
93 20 14 76 15 10 11 61 57 1 19 68 3 22 56 93
13 400 74 75 5 1 400 51 51 11 18 63 2 52 53
402 400 401 401 402 402 400 402 401 401 402 401 402 401 402
1 1 1 1 1 1 1 1 1 1
1 1 1 1 1 1 1 1 1 1
1 1 1 1 1 0 0 1 0 0
1 1 1 1 1 0 0 1 0 0
1 1 1 1 1 0 0 1 0 0
1 1 1 1 1 1 1 1 0 0
1 0 1 1 1 1 1 1 0 0
0 0 1 1 1 1 0 0 0 0
0 0 1 0 0 0 0 0 0 0
0 0 2 0 0 0 0 0 0 0
Maze 178
85 18 2.9565217391 2.0493837165 50 0.388348313351783
36 18 72 84 18 14 36 50 4 47 86 89 99 39 76 36
16 12 82 14 400 34 46 44 44 46 400 400 400 36 400
402 402 401 402 400 401 401 401 401 402 400 400 400 402 400
0 0 0 1 0 0 0 0 0 0
0 1 1 1 1 1 1 1 0 0
0 1 0 1 0 1 0 0 0 0
0 1 0 1 1 2 1 1 1 0
0 1 0 1 1 1 1 1 1 1
0 1 0 1 0 1 0 0 1 0
0 1 0 1 0 1 0 0 1 0
0 1 0 1 0 1 0 0 1 0
0 1 1 1 0 1 1 1 1 0
0 0 0 0 0 0 0 0 1 0
Maze 179
105 841 2.9142857143 2.4286434831 92 0.389886608906203
5 17 8 72 87 69 7 78 33 38 31 50 100 75 91 5
15 7 2 82 67 67 77 73 400 400 41 400 95 71 1
401 402 402 401 402 401 401 401 400 400 401 400 401 402 402
1 1 1 1 2 1 1 1 0 0
1 1 0 0 1 1 1 0 0 0
1 1 0 0 0 0 1 0 0 0
1 1 1 1 1 1 1 1 0 0
1 1 1 1 1 1 1 1 1 1
1 1 1 0 0 0 1 0 0 1
1 1 1 0 0 0 1 1 1 1
1 1 1 1 1 1 1 1 0 1
1 1 1 1 1 1 1 0 0 1
1 0 0 0 1 1 1 1 1 1
Maze 180
115 233 3.6140350877 2.0877925226 135 0.391329227829310
91 13 16 48 62 59 73 27 82 40 34 52 50 74 78 91
11 400 46 42 52 53 23 22 32 400 32 42 44 400 71
402 400 401 402 402 402 402 402 402 400 402 402 402 400 402
0 0 0 0 0 0 0 0 0 0
1 1 1 1 1 1 0 0 0 0
1 1 1 1 1 1 1 0 0 0
1 1 1 1 1 1 1 1 1 1
1 1 1 1 1 1 1 1 1 1
1 1 1 1 1 1 1 1 1 0
1 1 1 1 0 0 0 0 0 0
1 1 1 1 1 1 1 1 0 0
1 1 0 0 0 0 0 0 0 0
2 0 0 0 0 0 0 0 0 0
Maze 181
101 41 3.0566037736 2.1639973307 60 0.375161603856552
97 57 28 89 53 24 54 1 42 44 13 91 100 1 73 97
400 27 88 83 23 400 51 41 400 43 11 400 91 71 93
400 402 401 401 402 400 401 401 400 401 402 400 401 401 401
1 0 0 0 0 0 0 0 0 0
1 1 1 0 0 0 0 0 0 0
1 0 1 1 0 0 1 1 0 0
1 0 1 1 0 0 1 1 0 0
1 1 1 1 0 0 1 1 0 0
1 1 1 1 0 0 1 1 0 0
1 0 1 0 0 0 1 1 0 0
1 1 1 0 0 0 1 1 0 0
1 0 1 1 1 1 1 1 1 0
1 1 1 1 1 1 2 1 1 1
Maze 182
109 41 2.7042253521 2.2921622146 81 0.380858889265272
7 91 33 68 9 80 76 89 28 93 32 52 16 32 65 7
1 31 63 8 79 400 86 88 23 92 400 12 12 62 5
402 402 401 402 401 400 401 401 402 401 400 402 402 401 402
1 1 1 1 1 1 2 1 1 0
1 1 1 1 1 1 0 1 1 0
1 1 1 1 1 1 1 1 1 0
1 1 1 0 1 0 0 1 1 0
1 1 1 0 1 0 0 1 1 0
1 1 1 0 1 0 0 1 1 0
1 1 1 1 1 1 1 1 1 0
1 1 1 0 0 1 1 1 1 1
1 1 1 0 0 1 1 1 1 0
1 1 1 0 0 0 0 0 0 0
Maze 183
97 15 3.7297297297 1.7669826959 84 0.386804260250649
55 50 27 24 12 47 83 19 18 11 30 24 27 63 29 55
45 47 400 22 42 43 13 400 400 21 400 400 23 23 25
402 401 400 401 401 402 402 400 400 401 400 400 402 402 402
0 0 0 0 0 0 0 0 0 0
1 1 1 1 1 1 1 1 1 0
1 1 1 1 1 1 1 1 1 1
0 1 1 0 1 0 1 0 0 0
0 1 1 1 1 1 1 1 1 1
0 0 1 0 2 0 0 0 0 0
0 0 1 0 0 0 0 0 0 0
0 0 1 0 0 0 0 0 0 0
0 0 1 0 0 0 0 0 0 0
0 0 0 0 0 0 0 0 0 0
Maze 184
99 160 3.2800000000 2.0023458814 59 0.393149877986366
39 67 77 92 47 84 23 74 39 85 82 12 92 20 50 39
37 400 72 42 44 83 73 34 35 400 400 400 12 400 49
402 400 402 402 402 401 401 402 402 400 400 400 402 400 401
0 0 0 0 0 0 0 0 0 0
0 1 1 1 1 1 1 1 1 1
0 1 1 0 0 0 0 0 0 1
0 1 1 1 1 1 1 1 2 1
0 1 1 1 1 1 1 0 1 1
0 1 1 1 1 0 1 0 0 0
0 1 1 1 1 0 1 0 0 0
0 1 1 1 1 1 1 0 0 0
0 1 1 1 1 0 0 0 0 0
0 1 0 0 0 0 0 0 0 0
Maze 185
99 54 3.2888888889 1.9153225729 65 0.381083667405160
64 52 95 27 52 91 58 81 62 15 34 48 91 55 51 64
62 92 25 22 51 51 51 61 12 14 44 41 51 400 61
401 401 402 402 402 402 402 402 402 402 401 402 402 400 401
0 0 0 0 0 0 0 0 0 0
0 1 1 1 1 0 0 0 0 0
0 1 1 1 1 1 1 0 0 0
0 1 0 1 1 0 0 0 0 0
1 1 1 1 1 1 1 1 0 0
1 1 1 1 1 1 1 1 0 0
1 1 1 2 1 0 0 0 0 0
1 1 0 0 1 0 0 0 0 0
1 1 0 0 1 0 0 0 0 0
1 1 1 1 1 0 0 0 0 0
Maze 186
93 57 3.5909090909 1.9859280322 56 0.391724920456046
54 16 68 82 74 87 65 85 32 87 3 79 76 61 82 54
14 66 62 72 84 85 400 82 82 83 73 400 71 81 52
402 401 402 402 401 401 400 401 401 401 401 400 401 401 402
0 0 1 0 0 0 0 0 0 0
0 0 1 1 1 1 0 0 0 0
0 0 1 1 0 1 0 0 0 0
0 1 1 1 0 1 0 0 0 0
0 1 1 1 0 1 0 0 0 0
0 1 1 2 0 1 0 0 0 0
1 1 1 1 1 1 1 1 0 0
1 1 1 1 1 1 1 1 1 0
1 1 1 1 1 1 1 0 0 0
0 0 0 0 0 0 0 0 0 0
Maze 187
99 4518 3.1071428571 2.1196431912 77 0.385623788329536
2 48 58 44 87 40 21 67 75 53 67 19 14 48 85 2
42 400 54 84 37 31 61 65 73 63 17 400 44 45 82
401 400 401 401 402 401 401 402 401 401 402 400 401 402 401
0 2 0 0 0 0 0 0 0 0
0 1 0 1 1 1 1 1 1 0
1 1 0 1 0 0 1 0 0 0
1 1 1 1 1 1 1 1 1 1
1 1 1 1 1 1 1 1 0 0
1 1 1 1 1 1 1 1 0 0
1 1 1 1 1 1 1 0 0 0
0 1 1 1 1 0 1 0 0 0
0 1 1 1 1 1 1 0 0 0
0 0 0 0 0 0 0 0 0 0
Maze 188
99 92 3.6521739130 2.0263695460 71 0.389951361577906
68 41 23 11 92 38 29 56 92 59 22 82 61 47 44 68
61 21 21 91 32 28 26 52 52 52 400 81 41 400 64
401 402 401 401 402 402 402 402 402 401 400 401 402 400 401
0 0 0 0 0 0 0 0 0 0
1 0 0 0 0 0 0 0 0 0
1 1 1 0 0 1 1 1 1 0
1 1 1 1 1 1 1 1 0 0
1 1 1 1 1 1 1 0 0 0
1 1 1 1 1 1 1 1 1 0
1 1 1 1 1 1 1 2 0 0
1 1 0 0 0 0 0 0 0 0
1 1 0 0 0 0 0 0 0 0
1 1 0 0 0 0 0 0 0 0
Maze 189
95 60 3.4285714286 2.1407989874 64 0.378382988638162
41 71 15 63 50 85 87 19 92 46 31 12 27 26 41 41
400 11 13 43 45 400 17 12 42 41 11 22 400 21 400
400 402 402 402 402 400 402 402 402 401 402 401 400 402 400
0 0 0 0 0 0 0 0 0 0
1 1 1 1 1 1 1 1 1 0
1 1 1 1 1 1 1 0 0 0
1 1 1 0 0 0 1 0 0 0
2 1 1 1 1 1 1 1 1 1
1 1 1 0 1 0 1 0 0 0
1 1 1 0 1 0 1 0 0 0
1 1 0 0 1 0 1 0 0 0
0 1 0 0 1 1 1 0 0 0
0 1 0 0 0 0 0 0 0 0
Maze 190
93 53 3.3962264151 2.1968615973 56 0.404355446822429
29 55 30 38 65 78 24 58 93 44 1 10 47 16 40 29
25 25 28 35 75 74 54 53 43 41 400 7 46 36 39
402 402 402 402 401 401 401 402 402 401 400 402 401 401 401
1 1 1 1 1 1 1 1 1 1
1 0 0 0 0 1 1 0 0 0
1 0 0 1 1 1 1 1 2 1
1 0 0 1 1 1 1 1 1 1
1 1 1 1 1 1 1 0 0 0
0 0 1 1 1 1 1 1 0 0
0 0 1 1 1 0 0 0 0 0
0 0 1 1 1 1 1 1 0 0
0 0 1 0 0 0 0 0 0 0
0 0 1 0 0 0 0 0 0 0
Maze 191
65 39 3.3333333333 2.1255834692 8 0.375308113675985
42 72 54 36 63 95 91 71 72 11 14 64 11 51 91 42
400 52 34 33 93 400 400 400 71 400 400 61 400 400 41
400 402 402 402 401 400 400 400 401 400 400 401 400 400 402
0 0 0 0 0 0 0 0 0 0
1 1 1 1 0 0 0 0 0 0
1 0 0 1 0 0 0 0 0 0
1 0 1 1 1 1 0 0 0 0
1 2 1 1 0 0 0 0 0 0
1 1 1 1 0 0 0 0 0 0
1 1 1 1 0 0 0 0 0 0
1 1 1 0 0 0 0 0 0 0
1 0 1 0 0 0 0 0 0 0
1 1 1 1 1 0 0 0 0 0
Maze 192
109 734 3.3584905660 1.8984398466 86 0.384779685774039
12 56 23 94 12 47 64 13 79 36 11 71 99 79 80 12
52 53 93 92 42 44 63 73 76 31 400 91 400 400 72
401 401 401 401 401 402 401 401 401 401 400 401 400 400 401
0 0 0 0 0 0 0 0 0 0
1 2 1 0 0 0 0 0 0 0
1 1 1 0 0 0 0 0 0 0
1 1 1 1 1 1 0 0 0 0
1 1 1 1 1 1 1 0 0 0
1 1 1 1 1 1 0 0 0 0
1 1 1 1 0 1 0 0 0 0
1 1 1 1 1 1 1 1 1 1
1 1 1 0 0 0 0 0 1 0
1 1 1 1 1 1 1 1 1 0
Maze 193
119 362 3.4000000000 2.0957648666 96 0.375575646138012
34 5 54 90 68 10 72 57 70 21 67 4 85 50 52 34
4 4 84 88 8 2 52 67 61 61 64 84 45 42 32
402 402 401 401 402 402 402 401 401 401 401 401 402 402 402
0 1 1 1 1 1 1 1 1 1
0 1 0 1 0 0 0 1 0 0
1 1 0 1 0 0 0 1 0 0
1 1 1 2 0 0 0 1 0 0
1 1 1 1 1 1 1 1 1 1
1 1 1 1 1 1 1 1 0 0
1 1 1 1 1 1 1 1 1 1
0 1 0 1 1 0 0 1 0 0
0 0 0 1 1 1 1 1 1 1
0 0 0 0 0 0 0 0 0 0
Maze 194
71 129 3.0243902439 1.9746241325 13 0.394753054634815
47 7 67 57 55 27 36 24 99 27 16 59 75 33 24 47
400 400 400 400 25 26 34 94 97 26 56 55 73 23 44
400 400 400 400 402 402 401 401 401 401 401 402 401 402 401
0 0 0 0 0 0 1 0 0 0
0 0 0 0 0 1 1 0 0 0
0 0 1 1 1 1 1 0 0 0
0 0 1 1 1 1 1 0 0 0
0 0 1 1 1 1 2 0 0 0
0 0 1 1 1 1 1 1 1 0
0 0 1 1 1 0 1 0 0 0
0 0 1 1 1 0 1 0 0 0
0 0 0 1 0 0 1 0 0 0
0 0 0 1 1 1 1 1 1 0
Maze 195
99 15 3.1764705882 1.9633141066 71 0.387748841644472
54 63 50 31 10 75 95 89 45 51 50 47 88 6 6 54
53 43 41 1 5 400 85 85 41 41 400 87 86 400 4
402 402 401 402 402 400 402 401 402 402 400 401 401 400 402
1 1 1 1 1 1 1 1 1 1
1 0 0 1 1 1 0 0 0 0
1 0 0 1 1 1 0 0 0 0
1 0 0 1 1 1 0 0 0 0
1 1 1 1 1 1 1 1 1 1
1 0 1 2 1 1 1 0 0 0
0 0 1 0 1 1 1 0 0 0
0 0 0 0 1 1 1 0 0 0
0 0 0 0 1 1 1 1 1 0
0 0 0 0 1 0 0 0 0 0
Maze 196
113 10050 3.4000000000 2.1442119026 97 0.382901849925939
46 80 62 24 67 24 8 29 95 4 87 3 51 56 31 46
76 72 22 64 64 4 28 25 94 84 83 1 400 51 41
401 401 402 401 401 402 401 402 401 401 401 402 400 401 401
1 1 1 1 1 1 1 1 0 0
1 0 1 1 0 0 0 1 0 0
1 1 1 1 1 1 1 1 1 0
1 1 1 1 1 0 0 0 0 0
1 1 1 1 1 2 0 0 0 0
1 1 1 1 1 1 0 0 0 0
0 1 1 1 1 1 1 0 0 0
0 1 1 1 1 1 1 1 1 1
0 0 1 1 1 1 1 0 0 0
0 0 0 1 1 0 0 0 0 0
Maze 197
91 163 3.2592592593 2.2782590234 45 0.395170419505048
37 9 24 69 53 59 44 45 41 78 83 41 28 76 64 37
7 4 64 63 400 54 400 400 71 73 81 21 26 74 34
402 402 401 401 400 401 400 400 401 402 401 402 402 401 402
0 0 0 1 1 1 1 1 1 0
0 0 0 1 0 0 1 0 0 0
1 1 1 1 1 1 1 1 0 0
1 0 0 1 1 1 2 0 0 0
1 1 1 1 1 1 0 0 0 0
1 0 1 1 1 1 1 1 1 0
1 0 1 1 1 1 1 1 1 0
1 1 1 1 1 1 1 1 0 0
1 1 1 0 0 0 0 0 0 0
0 0 0 0 0 0 0 0 0 0
Maze 198
93 31 2.7142857143 2.1250000000 45 0.373737581365214
82 96 39 59 61 51 51 5 10 78 63 34 60 81 11 82
92 36 400 51 400 400 1 400 8 73 33 54 51 400 81
401 402 400 402 400 400 402 400 402 401 402 401 402 400 401
1 1 1 1 1 1 1 1 1 1
1 0 0 0 0 0 0 1 0 0
1 0 0 0 0 0 0 1 0 0
1 0 1 1 0 1 1 1 1 0
1 0 1 1 0 1 0 1 1 0
1 1 1 1 1 1 1 1 1 1
1 0 1 0 0 1 0 1 0 0
1 0 1 1 1 1 1 1 0 0
1 2 0 0 0 1 0 0 0 0
0 1 1 1 1 1 0 0 0 0
Maze 199
119 115 3.0491803279 1.9595964546 130 0.393092975019113
4 13 90 14 61 12 38 41 20 37 89 97 32 20 47 4
3 83 84 11 11 32 31 11 17 87 87 92 12 17 44
402 401 401 402 402 401 402 402 402 401 402 401 402 402 401
0 0 1 2 0 0 0 0 0 0
1 1 1 1 1 1 1 1 1 1
1 1 1 1 0 0 1 0 0 0
1 1 1 1 1 1 1 1 0 0
1 1 1 1 1 1 1 0 0 0
1 1 1 1 0 0 1 0 0 0
1 1 1 1 0 0 1 0 0 0
0 1 1 1 0 0 1 0 0 0
0 1 1 1 1 1 1 1 1 1
0 1 1 1 1 1 1 0 0 0
Maze 200
97 179 3.0877192982 2.2435598881 65 0.383634064761039
31 86 88 91 24 29 97 35 1 18 20 47 57 12 82 31
81 400 81 21 400 27 95 31 11 400 17 400 52 400 81
401 400 402 402 400 402 401 401 401 400 402 400 401 400 401
1 0 0 0 0 0 0 0 0 0
1 1 1 1 1 1 1 1 1 1
1 1 1 1 1 1 1 1 1 0
2 1 1 1 1 0 1 0 0 0
1 1 0 0 1 0 1 0 0 0
1 1 1 1 1 1 1 0 0 0
1 1 0 0 1 0 1 0 0 0
1 1 0 0 1 0 1 0 0 0
1 1 1 1 1 1 1 1 0 0
1 0 0 0 1 1 1 0 0 0
