numMazes: 200
mazeSize: 10
Maze 1
79 8 3.0000000000 2.1566368500 35 0.410661209396150
12 25 34 57 31 80 95 61 73 57 84 37 47 48 28 12
22 24 54 51 71 75 91 71 53 54 34 400 400 400 22
401 402 401 401 401 402 401 401 402 402 402 400 400 400 401
0 0 0 0 0 0 0 0 0 0
0 2 0 0 0 0 0 0 0 0
0 1 1 1 1 1 1 1 0 0
1 0 0 1 1 1 1 1 0 0
1 0 0 1 0 0 1 1 0 0
1 1 1 1 1 1 1 0 0 0
1 0 1 1 0 0 0 0 0 0
1 1 1 1 1 1 1 1 1 1
1 0 0 1 1 0 0 0 0 0
1 1 1 1 1 0 0 0 0 0
Maze 2
83 194 3.1666666667 2.1809893109 30 0.386798717453512
85 34 18 55 36 95 13 21 46 13 74 60 48 36 77 85
84 14 15 35 35 93 11 41 43 73 54 58 46 76 75
401 402 402 402 402 401 402 401 401 401 402 401 401 401 402
0 0 0 0 0 0 0 0 0 0
1 1 1 1 1 1 1 1 0 0
1 0 1 1 1 0 0 0 0 0
1 0 1 1 1 1 0 0 0 0
1 1 1 1 1 1 1 1 0 0
0 0 1 1 1 1 1 1 1 1
0 0 1 1 1 1 0 0 0 0
0 0 1 1 1 1 1 0 0 0
0 0 1 1 2 0 0 0 0 0
0 0 1 1 1 0 0 0 0 0
Maze 3
123 249 2.9696969697 2.0665010727 107 0.399362683252242
8 14 62 14 38 79 14 9 99 12 78 1 3 65 11 8
4 12 12 34 78 74 4 400 92 72 71 400 63 61 1
402 402 402 401 401 401 402 400 401 401 401 400 401 401 402
1 1 1 1 1 1 1 2 1 0
1 1 1 1 0 0 0 0 1 0
1 1 1 1 0 0 0 0 1 0
1 1 1 1 1 1 1 1 1 0
1 1 1 1 0 0 0 1 1 0
1 1 1 1 0 0 0 1 1 0
1 1 1 1 1 0 0 1 1 0
1 1 1 1 1 1 1 1 1 0
0 1 0 0 0 0 0 0 1 0
0 1 1 1 1 1 1 1 1 0
Maze 4
85 55 2.9122807018 2.2286107981 34 0.378663719466945
56 67 50 3 37 42 85 55 12 20 7 36 44 100 99 56
66 47 43 33 32 82 400 52 400 17 6 34 94 400 96
401 402 401 401 402 401 400 401 400 401 402 402 401 400 401
0 0 1 0 0 1 1 0 0 0
0 1 1 1 1 1 1 1 1 1
0 1 1 0 0 1 0 0 0 0
0 1 1 1 1 1 1 0 0 0
0 1 1 1 1 1 1 1 1 1
0 1 1 1 1 2 1 0 0 0
0 1 0 1 1 1 1 0 0 0
0 1 0 1 1 1 0 0 0 0
0 1 1 1 1 1 0 0 0 0
0 0 0 1 1 1 1 1 1 1
Maze 5
85 122 3.1250000000 2.1114862534 50 0.376848866784605
67 42 48 45 10 9 29 82 73 67 62 77 93 16 54 67
62 400 400 5 400 400 22 72 63 400 72 73 13 14 64
401 400 400 402 400 400 402 402 402 400 401 402 402 402 401
0 0 0 0 1 1 1 1 1 1
0 0 1 1 1 1 0 0 1 0
0 1 1 1 1 1 1 1 1 0
0 1 1 1 1 0 0 0 0 0
0 1 1 1 1 1 1 1 0 0
0 1 1 1 0 0 0 0 0 0
0 1 1 1 1 1 2 0 0 0
0 1 1 1 1 1 1 0 0 0
0 1 1 0 0 0 0 0 0 0
0 0 1 0 0 0 0 0 0 0
Maze 6
91 184 2.9000000000 2.2232849288 45 0.393067392920743
72 20 36 53 71 62 85 79 17 65 54 100 4 13 73 72
12 16 33 51 61 82 75 77 15 64 94 94 3 400 400
402 402 402 402 402 401 402 401 402 401 401 401 402 400 400
0 0 1 1 0 0 0 0 0 0
0 1 1 1 1 1 1 1 1 1
0 1 1 1 1 1 1 0 0 0
0 1 1 1 1 1 1 0 0 0
0 1 1 1 1 0 1 0 0 0
1 1 1 1 1 0 1 0 0 0
1 1 1 1 1 0 1 0 0 0
1 2 1 1 1 1 1 1 1 0
0 1 1 1 1 0 0 0 0 0
0 0 0 1 1 1 1 1 1 1
Maze 7
127 8697 3.5937500000 2.0973593989 193 0.388944983059967
88 54 85 22 67 9 63 10 96 79 83 30 46 11 17 88
84 84 82 62 7 3 3 6 76 73 23 26 41 400 87
401 401 401 401 402 402 402 402 402 402 402 402 401 400 401
0 0 1 1 1 1 1 1 1 1
1 1 1 1 1 1 1 0 0 0
1 1 1 1 1 1 1 1 1 1
1 1 1 0 0 1 1 0 0 0
1 1 1 1 1 1 1 0 0 0
0 1 1 1 0 1 1 0 0 0
0 1 1 1 1 1 1 0 0 0
0 1 1 1 1 1 1 1 1 0
0 1 1 1 1 1 1 2 0 0
0 0 0 0 0 1 0 0 0 0
Maze 8
107 532 3.2203389831 2.1107027785 99 0.398701413343217
57 84 43 80 22 39 63 94 93 50 98 14 17 49 10 57
54 83 73 72 32 33 93 400 43 48 94 400 47 9 7
402 401 401 401 401 402 401 400 402 402 401 400 401 402 402
0 0 0 0 0 0 1 1 1 1
0 0 0 1 1 1 1 0 1 0
0 1 0 1 0 0 1 0 1 0
0 1 1 1 1 1 1 1 1 0
0 1 1 1 1 1 1 1 1 1
0 1 1 1 1 1 2 1 0 0
0 1 1 1 0 0 0 1 0 0
0 1 1 1 1 1 1 1 1 1
0 0 1 1 0 0 0 1 0 0
0 0 1 1 1 1 1 1 0 0
Maze 9
99 271 3.0491803279 2.1475332332 65 0.379590070044944
37 70 68 89 5 59 62 10 2 8 38 26 19 49 61 37
67 400 88 85 55 52 2 400 400 400 36 16 400 41 31
401 400 401 401 401 402 402 400 400 400 401 402 400 402 402
0 1 1 1 1 1 1 1 1 1
0 1 0 0 1 1 1 1 1 0
0 1 0 0 1 1 0 1 1 0
1 1 1 1 1 1 2 1 1 0
1 1 1 1 1 1 1 1 1 0
1 1 1 1 1 1 1 1 1 0
1 1 0 0 1 0 1 1 1 1
0 0 0 0 1 0 0 1 0 0
0 0 0 0 1 1 1 1 1 0
0 0 0 0 0 0 0 0 0 0
Maze 10
87 3 3.3478260870 2.1047990871 39 0.390724299846240
80 23 25 63 51 31 43 18 3 98 72 63 80 37 60 80
73 400 23 61 400 41 13 13 93 92 62 73 77 57 400
401 400 402 401 400 401 402 401 401 401 402 401 401 401 400
0 0 1 0 0 0 0 0 0 0
0 0 1 1 1 1 1 1 0 0
0 0 1 1 1 0 0 0 0 0
1 0 1 0 0 0 1 0 0 0
1 1 1 0 0 0 1 0 0 0
1 0 1 0 0 0 1 1 1 1
1 1 1 0 0 0 1 0 0 1
0 1 1 1 1 1 1 1 1 2
0 1 1 0 0 0 0 0 0 0
0 1 1 1 1 1 1 1 0 0
Maze 11
107 752 3.2666666667 2.2193299396 80 0.378194262710977
44 17 78 60 45 41 40 63 63 69 23 95 47 92 100 44
14 77 58 55 400 31 33 400 400 63 93 45 42 400 94
402 401 402 401 400 402 402 400 400 401 401 402 402 400 401
0 0 0 0 0 0 0 0 0 0
0 0 0 1 1 1 1 0 0 0
0 0 1 1 0 0 1 0 0 0
1 1 1 1 1 1 1 1 1 1
1 1 1 2 1 1 1 0 0 0
0 1 1 1 1 1 1 1 1 1
0 1 1 1 1 1 1 1 1 0
0 1 1 1 1 0 1 1 0 0
0 1 1 1 1 0 0 0 0 0
0 1 1 1 1 1 1 1 1 1
Maze 12
91 306 3.2800000000 2.0858885378 50 0.398562376212647
23 56 16 28 93 44 7 48 86 92 70 56 23 40 29 23
53 400 26 23 43 4 47 46 82 62 66 53 33 39 400
401 400 401 402 402 402 401 402 402 402 401 401 401 401 400
0 0 0 1 1 1 1 0 0 0
0 0 0 1 0 1 1 0 0 0
0 0 2 1 1 1 1 1 1 0
0 0 1 1 1 1 1 1 1 1
0 0 1 1 0 1 1 1 0 0
0 0 1 1 1 1 0 0 0 0
0 1 1 1 1 1 1 1 1 1
0 1 1 0 0 1 0 0 0 0
0 1 1 1 1 1 0 0 0 0
0 1 1 0 0 0 0 0 0 0
Maze 13
99 17 3.5918367347 2.0023458814 59 0.391504964765098
20 36 86 17 99 67 3 53 35 73 9 15 48 80 77 20
16 400 16 97 97 63 400 33 33 3 5 45 78 400 17
402 400 402 401 401 401 400 402 402 402 402 401 401 400 402
0 0 1 1 1 1 1 1 1 0
0 0 1 0 1 1 1 1 1 2
0 0 1 0 1 1 1 0 0 0
0 0 1 1 1 1 1 0 0 0
0 0 1 0 1 1 1 1 0 0
0 0 1 0 0 1 1 1 0 0
0 0 1 1 1 1 1 1 0 0
0 0 1 0 0 1 1 1 1 1
0 0 0 0 0 1 1 0 0 0
0 0 0 0 0 0 1 1 1 0
Maze 14
89 159 3.4583333333 2.2116705953 45 0.379467109297672
25 76 48 78 98 2 75 53 69 55 91 52 43 41 95 25
75 46 400 400 92 72 73 63 65 51 51 42 400 91 400
401 402 400 400 401 401 401 401 401 402 402 402 400 401 400
0 1 0 0 0 0 0 0 0 0
0 1 0 0 0 0 0 0 0 0
0 1 0 0 2 0 0 0 0 0
0 1 0 0 1 0 0 0 0 0
1 1 1 0 1 1 1 1 0 0
1 1 1 1 1 1 0 1 0 0
1 1 1 1 1 1 1 1 1 0
1 1 1 1 1 1 0 1 0 0
1 1 0 0 1 0 0 1 0 0
1 1 1 1 1 1 1 1 0 0
Maze 15
103 13 3.2203389831 2.1492103785 71 0.385500161882179
24 88 96 56 18 66 50 92 93 96 91 71 10 84 28 24
84 86 400 16 16 46 42 400 400 400 400 1 4 24 400
401 402 400 402 402 402 402 400 400 400 400 402 402 402 400
1 1 1 1 1 1 1 1 1 1
1 0 0 1 0 1 1 1 0 0
1 0 0 2 1 1 1 1 0 0
1 0 0 1 0 1 0 0 0 0
1 1 1 1 1 1 1 1 1 1
1 1 0 1 0 1 0 0 0 0
1 1 0 1 0 1 0 0 0 0
1 1 0 1 0 1 0 0 0 0
1 1 0 1 1 1 1 1 0 0
1 1 1 1 1 1 0 0 0 0
Maze 16
101 1138 3.1724137931 2.1719068963 65 0.406359172665844
9 96 71 63 77 81 22 58 68 71 50 72 44 55 53 9
6 91 61 73 71 21 52 400 61 41 42 42 54 400 3
402 401 402 401 402 402 401 400 402 402 402 402 401 400 402
0 0 1 1 1 1 1 1 2 0
0 0 1 0 0 1 0 0 0 0
1 1 1 0 0 1 0 0 0 0
1 1 1 0 0 1 0 0 0 0
1 1 1 1 1 1 1 1 1 1
1 1 1 1 1 1 1 1 0 0
1 1 1 1 1 1 1 1 0 0
1 1 1 1 1 1 1 0 0 0
1 0 0 0 0 1 0 0 0 0
1 1 1 1 1 1 0 0 0 0
Maze 17
93 35 2.9836065574 2.3956835541 50 0.359822035309727
98 78 17 15 67 44 39 8 53 10 40 12 86 87 54 98
400 77 400 65 64 34 38 3 3 400 32 82 400 84 94
400 401 400 401 401 402 401 402 402 400 401 401 400 401 401
0 0 1 1 1 1 1 1 1 1
0 1 1 0 1 1 1 1 0 1
0 1 1 0 1 0 1 1 0 1
0 1 1 1 1 1 1 1 1 1
0 1 1 1 1 0 1 0 0 0
0 1 1 1 1 0 1 0 0 0
0 1 0 1 1 1 1 0 0 0
0 1 0 1 0 0 1 1 0 0
0 1 1 1 1 1 1 1 0 0
0 0 0 1 1 1 1 2 0 0
Maze 18
97 76 2.7575757576 2.2604583530 70 0.396425713720533
15 13 76 94 80 46 95 72 52 33 19 96 61 9 48 15
400 73 74 74 76 45 92 400 32 13 16 91 1 8 45
400 401 402 402 401 402 401 400 402 402 402 401 402 402 401
1 1 1 1 1 1 1 1 1 0
1 0 1 1 2 1 1 1 1 0
1 0 1 0 1 1 0 1 0 0
1 1 1 0 1 1 0 1 0 0
1 1 1 0 1 1 1 1 0 0
1 1 1 0 1 1 0 0 0 0
1 1 1 0 1 1 0 0 0 0
1 1 1 1 1 1 1 1 1 1
1 1 0 1 1 1 0 0 0 0
1 1 1 1 1 1 0 0 0 0
Maze 19
81 17 2.7307692308 2.1601197994 26 0.380452364606962
47 69 27 71 6 74 73 95 89 67 35 5 44 79 78 47
67 67 21 1 4 400 93 85 87 65 400 4 74 400 77
401 401 402 402 402 400 401 402 401 401 400 402 401 400 401
1 1 1 1 1 1 0 0 0 0
1 0 0 1 1 0 0 0 0 0
1 1 1 1 1 1 1 0 0 0
1 0 0 1 1 0 1 0 0 0
1 0 0 1 1 0 2 0 0 0
1 0 0 1 1 0 1 0 0 0
1 0 0 1 1 1 1 1 1 0
1 0 1 1 1 1 1 1 1 0
0 0 1 0 1 1 1 1 1 0
0 0 1 1 1 0 0 0 0 0
Maze 20
89 12 3.3777777778 1.9562388415 44 0.380890717370766
44 77 2 52 75 18 11 72 17 45 26 66 39 43 42 44
74 72 400 72 15 400 71 12 15 25 400 36 33 400 400
401 401 400 401 402 400 401 402 402 402 400 402 402 400 400
0 1 0 0 0 0 0 0 0 0
1 1 1 1 1 1 1 1 0 0
1 1 0 0 1 1 0 0 0 0
1 1 1 1 1 1 1 1 1 0
1 1 1 2 1 1 0 0 0 0
1 1 0 1 1 1 0 0 0 0
1 1 0 1 1 1 0 0 0 0
1 1 1 1 1 1 1 0 0 0
0 0 0 0 0 0 0 0 0 0
0 0 0 0 0 0 0 0 0 0
Maze 21
117 34 3.0000000000 2.0629378497 156 0.396529643055277
71 30 64 17 64 39 99 48 83 55 74 18 96 61 34 71
21 24 14 14 34 400 98 43 53 54 14 16 91 31 31
402 402 402 402 402 400 401 402 402 402 402 402 401 402 402
0 0 0 0 0 0 0 0 0 0
0 0 0 1 1 1 1 1 0 0
1 1 1 1 1 1 1 1 1 1
1 1 1 1 1 1 1 1 1 0
1 0 1 1 1 1 1 1 1 0
1 0 1 1 1 1 0 1 1 0
1 0 1 1 0 1 0 1 1 0
2 0 1 1 0 1 0 1 1 0
1 0 1 0 0 1 0 1 1 0
1 1 1 1 1 1 0 1 1 0
Maze 22
105 414 3.7777777778 2.2397489900 91 0.382618271945582
88 16 72 66 42 23 27 81 40 6 22 18 46 4 64 88
86 12 62 62 22 400 21 31 36 2 12 16 44 400 84
401 402 402 401 402 400 402 402 401 402 402 402 401 400 401
0 1 1 1 1 1 0 0 0 0
0 1 1 1 1 1 1 1 0 0
1 1 1 1 1 1 1 0 0 0
1 1 1 1 1 1 1 1 1 1
1 1 0 1 1 1 0 0 0 0
1 1 0 1 0 1 0 0 0 0
1 1 1 1 1 1 0 0 0 0
1 1 0 1 0 1 0 0 0 0
1 0 0 1 1 1 1 2 0 0
0 0 0 0 0 0 0 0 0 0
Maze 23
87 11 2.9200000000 2.1850306080 36 0.368995412727323
1 83 16 46 9 35 32 11 89 70 89 64 85 56 23 1
81 13 400 6 5 400 31 81 69 69 84 84 55 53 21
401 402 400 402 402 400 401 401 402 402 401 401 402 401 401
2 0 0 0 1 1 1 1 1 0
1 0 1 1 1 1 0 0 0 0
1 1 1 0 1 1 0 0 0 0
1 1 1 1 1 1 0 0 0 0
1 0 1 0 0 1 0 0 0 0
1 0 1 1 1 1 0 0 0 0
1 0 1 1 1 0 0 0 1 1
1 0 1 1 1 0 0 0 1 0
1 1 1 1 1 1 1 1 1 0
0 0 0 0 0 0 0 0 0 0
Maze 24
91 39 3.3333333333 1.9096162670 39 0.369559104990037
44 43 99 76 59 27 43 57 92 60 95 46 92 83 52 44
400 93 96 56 57 23 53 52 52 55 45 42 82 82 42
400 401 401 402 401 402 401 402 402 402 402 402 402 401 402
0 0 0 0 0 0 0 0 0 0
0 0 0 0 0 0 0 0 0 0
0 0 1 1 1 1 1 0 0 0
0 0 1 0 0 0 1 0 0 0
0 1 1 2 1 1 1 0 0 0
0 1 1 1 1 1 1 1 1 1
0 1 1 0 1 1 0 0 0 0
0 1 1 0 1 1 0 0 0 0
0 1 1 0 1 1 0 0 0 0
0 1 1 1 1 1 1 1 1 0
Maze 25
103 69 3.1578947368 2.0834597977 58 0.372022627039824
52 60 15 49 18 55 87 34 95 36 77 25 51 99 64 52
400 55 45 48 15 85 84 94 35 76 75 21 91 94 62
400 401 401 401 402 401 401 401 402 401 401 402 401 401 401
0 0 0 0 0 0 0 0 0 0
0 0 0 0 1 1 1 1 0 0
1 1 1 1 1 0 0 1 0 0
1 0 0 1 1 1 0 1 0 0
1 0 0 1 1 1 1 1 1 0
1 2 1 1 1 1 1 1 1 1
1 1 1 1 1 1 0 0 0 0
1 0 0 1 1 1 1 0 0 0
1 0 0 1 1 1 1 0 0 0
1 1 1 1 1 1 1 1 1 0
Maze 26
117 11 3.8867924528 1.9635191582 102 0.393730185379874
64 58 58 32 72 6 62 76 1 88 43 8 93 70 67 64
54 400 52 400 2 2 72 71 81 83 3 3 63 400 400
402 400 401 400 402 402 401 401 401 401 402 402 402 400 400
1 1 1 1 1 1 1 1 0 0
1 1 1 0 0 0 0 0 0 0
1 1 1 0 0 0 0 0 0 0
1 1 1 0 0 0 0 0 0 0
1 1 1 0 0 0 0 0 0 0
1 1 1 1 1 1 1 1 0 0
1 1 1 2 1 1 1 1 1 1
1 1 1 1 1 1 0 0 0 0
1 1 1 1 1 1 1 1 0 0
0 0 1 0 0 0 0 0 0 0
Maze 27
95 39 3.1372549020 2.1110656681 60 0.382503741781896
27 46 96 16 91 55 4 57 26 20 94 74 93 61 72 27
26 400 400 11 51 54 54 56 16 14 400 73 91 71 22
402 400 400 402 402 401 401 401 402 402 400 402 401 401 402
0 0 0 1 0 0 0 0 0 0
1 1 1 1 1 1 1 1 1 1
1 1 1 1 1 1 2 0 0 0
1 1 0 1 0 1 0 0 0 0
1 1 0 1 0 1 0 0 0 0
1 1 1 1 1 1 1 0 0 0
1 1 0 1 0 1 0 0 0 0
1 1 1 1 0 1 0 0 0 0
1 0 1 1 0 1 0 0 0 0
1 1 1 1 0 1 0 0 0 0
Maze 28
115 17 3.4166666667 1.8084397258 148 0.381515650183364
21 85 90 25 23 46 56 57 95 1 99 51 90 24 27 21
81 400 85 400 43 400 400 55 91 91 91 81 84 400 400
401 400 401 400 401 400 400 402 401 401 401 401 401 400 400
1 0 0 0 0 0 0 0 0 0
1 0 0 0 0 0 0 0 0 0
2 1 1 1 1 1 1 0 0 0
1 0 1 1 1 0 0 0 0 0
1 0 1 1 1 1 0 0 0 0
1 0 0 1 1 1 1 0 0 0
1 0 0 1 1 0 0 0 0 0
1 0 0 1 1 0 0 0 0 0
1 1 1 1 1 1 1 1 1 1
1 1 1 1 1 1 1 1 1 0
Maze 29
87 63 3.0000000000 2.1850306080 40 0.397640817331588
49 20 71 21 36 49 21 78 23 36 66 84 56 37 38 49
19 11 400 31 46 41 71 73 33 400 64 54 36 400 48
402 402 400 401 401 401 401 401 401 400 402 402 402 400 401
0 0 0 0 0 0 0 0 0 0
1 1 1 1 1 1 1 1 1 1
1 0 1 0 0 0 0 0 1 0
1 1 1 1 1 1 1 1 1 0
1 1 1 1 1 1 1 1 2 0
1 0 1 1 1 1 0 0 0 0
1 0 1 1 1 1 0 0 0 0
1 1 1 1 1 1 1 1 0 0
0 0 0 1 0 0 0 0 0 0
0 0 0 0 0 0 0 0 0 0
Maze 30
71 109 2.9302325581 2.0203976356 20 0.394766491625786
84 82 2 45 75 38 64 41 21 18 38 45 16 46 26 84
400 400 42 400 35 34 61 400 11 400 35 15 400 400 24
400 400 401 400 402 402 401 400 402 400 402 402 400 400 402
0 1 0 0 0 0 0 0 0 0
1 1 1 1 1 1 1 1 0 0
1 1 0 1 1 1 0 1 0 0
1 1 0 1 1 1 1 1 0 0
1 1 1 1 1 1 0 0 0 0
1 1 0 1 1 0 0 0 0 0
1 1 1 1 1 0 0 0 0 0
0 1 0 1 1 0 0 0 0 0
0 1 1 2 0 0 0 0 0 0
0 0 0 0 0 0 0 0 0 0
Maze 31
87 165 3.4545454545 2.1025120994 44 0.392955041126438
52 25 22 95 45 47 93 65 22 44 13 36 42 38 89 52
22 400 92 400 400 43 63 62 42 43 33 32 32 88 82
402 400 401 400 400 402 402 401 401 401 401 402 402 401 401
0 0 0 0 0 0 0 0 0 0
0 0 1 0 0 0 0 0 0 0
0 1 1 1 1 0 0 0 0 0
0 1 1 1 1 1 1 1 0 0
0 1 1 1 1 1 1 1 0 0
0 2 1 0 1 0 0 1 0 0
0 1 1 1 1 0 0 1 0 0
0 1 1 0 1 0 0 1 0 0
0 1 1 1 1 1 1 1 1 0
0 1 1 1 1 0 0 0 0 0
Maze 32
93 10 2.7741935484 2.2915395204 38 0.388182140740976
72 30 67 50 46 86 61 38 52 15 2 8 67 98 92 72
22 27 47 400 400 81 31 32 12 12 400 7 97 400 400
402 402 402 400 400 401 402 402 402 401 400 402 401 400 400
0 1 1 1 1 1 1 1 0 0
0 1 1 1 1 0 1 0 0 0
0 1 1 1 1 1 1 1 1 1
1 1 1 1 1 1 1 1 0 0
1 1 0 0 0 1 1 1 1 1
1 1 0 0 0 1 1 0 0 0
1 1 0 0 0 1 1 0 0 0
1 2 0 0 0 1 1 0 0 0
1 1 1 1 1 1 1 0 0 0
0 1 1 1 1 1 1 1 0 0
Maze 33
107 352 3.3333333333 2.1740574993 61 0.377005657198176
100 21 65 57 86 27 89 17 51 69 63 80 28 56 88 100
91 61 55 56 26 87 87 11 61 400 73 78 26 86 98
401 401 402 402 402 401 401 402 401 400 401 401 402 401 401
0 0 0 0 0 0 0 0 0 0
1 1 1 1 1 1 1 0 0 0
1 0 0 0 0 1 1 1 0 0
1 0 0 0 0 1 1 1 0 0
1 0 0 0 0 1 1 1 0 0
1 0 0 0 1 1 1 1 0 0
1 1 1 1 1 1 1 1 1 0
1 0 1 1 1 1 1 1 1 1
1 0 0 0 0 1 1 1 1 0
1 1 1 1 1 1 1 1 1 2
Maze 34
105 77 3.3333333333 1.9698997141 85 0.382384154009495
54 87 21 19 15 20 19 65 22 95 15 95 30 27 51 54
84 81 11 400 400 400 15 62 92 400 400 25 400 21 400
401 401 402 400 400 400 402 401 401 400 400 402 400 402 400
0 0 0 0 0 0 0 0 0 0
1 1 1 1 1 1 1 1 1 1
1 1 1 1 1 1 1 1 1 1
1 1 0 0 1 0 0 0 0 0
1 1 0 0 1 0 0 0 0 0
1 1 1 2 1 0 0 0 0 0
1 1 1 1 1 0 0 0 0 0
1 1 0 1 1 0 0 0 0 0
1 1 1 1 1 1 1 0 0 0
0 1 1 1 1 0 0 0 0 0
Maze 35
97 1404 3.0491803279 2.3328305505 64 0.381745191867187
7 78 11 16 99 29 32 40 13 2 16 54 67 46 19 7
77 71 400 96 400 22 400 33 12 12 14 64 66 16 17
401 401 400 401 400 402 400 401 401 401 402 401 401 402 401
0 1 0 0 0 0 2 0 0 0
1 1 1 1 1 1 1 1 1 0
1 1 1 1 1 1 1 1 1 0
1 1 1 1 1 1 1 1 1 1
1 0 0 1 0 1 1 0 1 0
1 0 0 1 0 1 1 0 1 0
1 0 0 1 1 1 1 0 1 0
1 1 1 1 1 1 1 1 1 0
0 0 0 0 0 1 0 0 1 0
0 0 0 0 0 1 1 1 1 0
Maze 36
93 466 3.5200000000 2.1803772006 56 0.389390161442577
4 25 94 95 2 1 42 42 48 51 78 36 1 37 95 4
24 24 400 92 400 41 400 400 41 71 76 31 31 35 94
401 402 400 401 400 401 400 400 402 401 401 401 401 402 401
1 1 0 2 0 0 0 0 0 0
1 1 0 1 0 0 0 0 0 0
1 1 0 1 1 0 0 0 0 0
1 1 1 1 1 1 1 0 0 0
1 1 1 1 1 1 1 1 0 0
1 1 0 1 1 1 0 0 0 0
1 1 0 1 1 1 0 0 0 0
1 1 1 1 1 1 1 1 0 0
0 1 0 1 1 0 0 0 0 0
0 1 1 1 1 0 0 0 0 0
Maze 37
87 32 3.0588235294 2.1875000000 44 0.373758914498280
76 17 49 99 35 33 33 100 63 48 21 11 63 94 55 76
16 47 400 95 400 400 93 93 43 41 400 61 93 54 75
402 401 400 401 400 400 401 401 402 401 400 401 401 402 401
0 0 0 0 0 0 0 0 0 0
1 0 0 0 0 1 1 0 0 0
1 0 0 0 0 1 1 0 0 0
1 0 1 1 1 1 1 0 0 0
1 1 1 1 1 1 1 1 1 0
1 0 1 1 1 1 0 0 1 0
1 1 1 1 1 1 0 0 1 0
0 0 1 1 1 2 0 0 1 0
0 0 1 1 1 0 0 0 1 0
0 0 1 1 1 1 1 1 1 1
Maze 38
89 316 2.7000000000 2.2313349286 36 0.382477948475315
77 22 84 7 31 68 87 52 93 44 16 18 10 60 57 77
72 82 4 1 61 67 82 92 43 14 400 8 400 400 400
401 401 402 402 401 402 401 401 402 402 400 402 400 400 400
1 1 1 1 1 1 1 1 1 1
1 0 0 1 1 1 1 1 0 1
1 1 0 1 0 0 0 0 0 1
1 1 0 1 0 0 0 0 0 1
1 1 1 1 0 0 0 0 0 1
1 1 1 1 0 0 1 1 1 1
1 1 1 1 1 1 1 1 0 0
0 1 1 1 1 1 2 0 0 0
0 1 1 1 1 1 1 0 0 0
0 1 1 0 0 0 0 0 0 0
Maze 39
101 109 3.6000000000 1.8600868373 35 0.378474004076843
27 83 75 32 32 50 52 47 95 62 22 30 82 61 94 27
23 73 72 400 42 42 42 45 92 400 400 22 81 91 24
402 402 401 400 401 402 402 402 401 400 400 402 401 401 402
0 0 0 0 0 0 0 0 0 0
0 0 0 0 0 0 0 0 0 0
0 1 1 1 1 1 2 1 1 1
0 1 1 1 0 0 0 0 0 0
0 1 1 1 1 1 1 1 1 1
0 1 1 1 1 0 0 0 0 0
1 1 1 1 1 0 0 0 0 0
1 1 1 1 1 0 0 0 0 0
1 1 1 1 1 0 0 0 0 0
1 1 1 1 1 0 0 0 0 0
Maze 40
93 253 2.9830508475 2.3586158647 56 0.384832757122548
12 64 98 14 5 6 39 51 54 44 27 89 60 93 6 12
62 94 94 4 400 36 31 400 400 24 87 59 53 3 2
401 401 401 402 400 401 402 400 400 402 401 402 402 402 402
0 1 1 1 1 1 0 0 0 0
0 2 1 1 0 1 0 0 0 0
0 1 1 1 1 1 1 0 0 0
1 1 1 1 1 1 1 1 1 0
1 1 1 1 0 0 1 0 0 0
1 1 1 1 1 1 1 1 1 1
0 1 1 1 0 0 1 0 1 0
0 0 1 1 0 0 1 0 1 0
0 0 1 1 0 0 1 1 1 0
0 0 1 1 1 1 1 1 0 0
Maze 41
89 33 2.6567164179 2.4222916684 44 0.376129475303807
61 100 84 92 2 74 66 39 20 20 15 64 88 7 6 61
91 94 82 400 72 64 36 19 400 400 14 84 87 400 1
401 401 402 400 401 402 402 402 400 400 402 401 401 400 402
1 1 1 1 1 1 1 0 0 0
1 1 0 1 1 1 1 1 1 1
1 1 0 1 0 0 1 0 1 0
1 1 0 1 0 1 1 1 1 0
1 1 0 1 0 1 1 0 0 0
1 1 0 1 0 1 1 0 0 0
2 1 0 1 1 1 1 0 0 0
1 1 1 1 0 0 1 0 0 0
1 1 1 1 1 1 1 1 0 0
1 1 1 1 1 1 1 1 1 1
Maze 42
103 151 2.8571428571 2.3158509097 77 0.382782272987417
31 14 71 91 5 96 68 30 91 58 67 77 94 32 37 31
11 11 400 1 95 66 28 21 51 57 400 74 92 400 400
402 402 400 402 401 402 402 402 402 402 400 402 401 400 400
1 1 1 1 1 0 0 0 0 0
1 1 1 1 1 0 0 0 0 0
1 1 1 1 1 1 1 1 1 1
2 1 1 1 1 1 1 1 0 0
1 1 0 0 1 0 0 1 0 0
1 1 1 1 1 1 1 1 0 0
1 1 0 0 1 1 1 1 0 0
1 1 0 1 1 1 1 0 0 0
1 1 0 1 1 1 0 0 0 0
1 1 1 1 1 1 0 0 0 0
Maze 43
97 33 2.9454545455 2.0827643622 84 0.383511260976093
8 32 9 9 20 41 6 52 64 47 37 83 54 13 88 8
2 2 400 19 11 1 2 62 44 400 33 53 53 83 400
402 402 400 401 402 402 402 401 402 400 402 402 401 401 400
1 1 1 1 1 1 1 2 1 0
1 1 1 1 1 1 1 1 1 1
1 1 1 0 0 0 0 1 0 0
1 1 1 1 1 1 1 1 0 0
1 1 1 1 1 1 1 1 0 0
0 1 1 1 0 0 0 1 0 0
0 1 1 1 0 0 0 1 0 0
0 0 1 0 0 0 0 1 0 0
0 0 1 1 1 1 1 1 0 0
0 0 0 0 0 0 0 0 0 0
Maze 44
91 54 3.2307692308 2.1838364972 50 0.382562198352640
28 46 74 60 81 47 57 24 71 97 45 26 85 80 38 28
26 44 54 51 41 400 54 21 91 95 25 25 75 78 400
402 402 402 402 402 400 401 402 401 401 402 402 402 401 400
0 0 0 0 0 0 0 0 0 0
0 0 0 0 0 0 0 0 0 0
1 1 1 1 1 1 1 2 0 0
1 0 0 1 1 1 0 1 0 0
1 1 1 1 1 1 1 1 0 0
1 1 1 1 1 1 1 1 1 1
1 0 0 1 1 0 0 1 0 0
1 0 0 1 1 1 1 1 1 1
1 0 0 0 1 0 0 0 0 0
1 1 1 1 1 1 1 0 0 0
Maze 45
119 375 3.3448275862 2.0929222600 148 0.380484408159087
47 27 22 69 8 71 3 43 50 92 47 10 71 75 28 47
400 400 62 68 1 1 400 400 42 42 7 1 400 25 27
400 400 401 401 402 402 400 400 402 402 402 402 400 402 402
1 1 1 1 1 1 1 1 1 1
1 0 1 0 0 0 1 1 0 0
1 1 1 1 1 1 1 1 0 0
1 1 1 0 1 0 1 1 0 0
1 1 1 1 1 1 2 1 1 1
1 1 0 0 1 0 0 1 0 0
1 1 1 1 1 1 1 1 1 0
1 1 1 1 1 0 0 0 0 0
0 1 0 0 0 0 0 0 0 0
0 1 0 0 0 0 0 0 0 0
Maze 46
97 10045 2.8852459016 2.2312033591 71 0.377284698922708
54 60 20 75 56 10 37 63 28 90 19 37 22 47 78 54
400 400 15 55 6 7 33 23 88 89 17 32 42 77 74
400 400 402 402 402 402 402 402 401 401 402 401 401 401 401
0 0 0 0 0 1 1 1 1 1
0 0 0 0 1 1 1 1 1 1
0 1 1 1 1 1 1 1 1 1
0 1 1 1 1 1 1 1 1 1
0 1 1 1 1 1 1 1 1 1
0 0 1 2 1 1 1 1 1 1
0 0 1 1 1 0 1 1 1 0
0 0 0 1 1 1 1 1 1 0
0 0 0 0 0 0 0 1 1 1
0 0 0 0 0 0 0 0 0 0
Maze 47
119 23 3.0645161290 2.0430907776 87 0.383474888142066
80 40 58 82 55 20 82 55 68 72 61 15 10 81 19 80
400 38 52 52 15 12 52 65 62 71 11 5 1 11 79
400 402 402 402 402 402 402 401 402 401 402 402 402 402 401
1 1 1 1 1 1 1 1 1 1
1 1 1 1 1 1 1 1 1 1
1 1 0 0 1 0 0 0 1 0
1 1 0 0 1 0 0 1 1 1
1 1 0 0 1 0 0 1 1 1
1 1 1 1 1 1 1 1 1 1
1 1 1 1 1 1 1 1 1 1
1 1 0 0 0 0 0 0 1 2
1 1 0 0 0 0 0 0 0 0
0 0 0 0 0 0 0 0 0 0
Maze 48
103 497 2.9062500000 2.2580311572 71 0.374075137015573
85 21 43 94 52 46 10 62 82 13 77 29 15 88 56 85
81 41 93 92 42 6 2 400 12 73 27 25 85 86 55
401 401 401 401 402 402 402 400 402 401 402 401 401 401 402
0 1 1 1 1 1 1 1 1 1
0 1 1 0 1 1 0 0 0 0
1 1 1 0 1 1 1 1 1 0
1 1 1 0 1 1 1 0 0 0
1 1 1 1 1 1 1 0 0 0
1 1 1 0 1 1 1 0 0 0
1 1 1 0 1 1 1 0 0 0
1 1 1 1 1 1 1 0 0 0
1 1 1 1 2 1 1 1 0 0
0 1 1 1 0 0 0 0 0 0
Maze 49
71 34 3.6250000000 2.0555064245 13 0.362989305253961
85 71 65 59 54 94 89 84 88 52 21 92 74 71 83 85
81 61 55 400 400 84 400 400 82 51 91 72 400 81 400
401 402 402 400 400 402 400 400 401 401 401 402 400 401 400
0 0 0 0 0 0 0 0 0 0
0 0 0 0 0 0 0 0 0 0
1 0 0 0 0 0 0 0 0 0
1 0 0 0 0 0 0 0 0 0
1 0 0 0 0 0 0 0 0 0
1 1 0 1 1 1 1 1 1 0
1 1 1 1 1 0 0 0 0 0
1 1 1 1 0 0 0 0 0 0
1 1 1 1 2 1 1 1 1 0
1 1 0 1 0 0 0 0 0 0
Maze 50
89 20 3.0454545455 1.9633545216 36 0.364651631804166
26 56 99 80 77 79 45 61 61 58 25 36 91 36 81 26
400 96 79 400 400 75 41 400 51 55 35 31 31 31 21
400 401 402 400 400 401 402 400 402 401 401 402 402 402 402
0 0 0 0 0 0 0 0 0 0
0 0 0 0 0 0 0 0 0 0
1 1 1 1 1 2 0 0 0 0
1 1 1 1 1 1 0 0 0 0
1 1 1 1 1 1 0 0 0 0
1 1 1 1 1 1 1 1 0 0
1 0 0 0 1 1 0 0 0 0
1 0 0 0 1 1 1 1 1 1
1 0 0 0 0 1 0 0 1 0
1 0 0 0 0 1 1 1 1 0
Maze 51
105 43 3.0645161290 2.2217845674 105 0.363509609739684
86 3 25 58 18 98 40 48 20 42 59 68 82 98 41 86
83 23 55 400 400 38 38 18 12 52 58 62 92 91 81
401 401 401 400 400 402 402 402 402 401 402 402 401 401 401
0 0 1 0 0 0 0 0 0 0
0 1 1 1 1 1 1 1 1 1
0 1 1 1 1 0 0 1 0 0
0 1 1 0 1 0 0 1 1 1
1 1 1 0 1 0 0 1 0 0
1 1 1 1 1 1 1 1 1 0
1 1 1 1 1 1 1 1 0 0
1 1 1 0 0 0 0 1 0 0
1 1 1 1 1 2 0 1 0 0
1 1 1 1 1 1 1 1 0 0
Maze 52
103 159 2.9393939394 2.2852363519 70 0.405795375005865
1 35 48 75 35 66 2 88 10 67 40 49 70 10 56 1
31 45 45 400 65 62 82 8 7 37 39 69 400 6 51
401 401 402 400 401 401 401 402 402 402 402 401 400 402 401
2 1 0 0 0 1 1 1 1 1
1 1 0 0 0 1 1 1 0 1
1 1 0 0 0 1 1 1 0 1
1 1 1 1 1 1 1 1 1 1
1 1 0 0 1 1 1 1 1 1
1 1 1 1 1 1 1 1 1 1
0 1 1 1 1 1 1 1 1 1
0 1 0 0 1 0 0 1 0 0
0 1 1 1 1 1 1 1 0 0
0 0 0 0 0 0 0 0 0 0
Maze 53
85 169 3.8918918919 1.8750000000 32 0.378192091512763
84 99 45 77 72 66 56 100 86 43 31 42 72 89 23 84
94 95 75 400 62 400 96 96 83 41 41 400 82 83 83
401 401 401 400 402 400 401 401 401 401 401 400 401 401 401
0 0 0 0 0 0 0 0 0 0
0 0 0 0 0 0 0 0 0 0
0 0 1 0 0 0 0 0 0 0
1 0 1 0 0 0 0 0 0 0
1 1 1 0 1 0 0 0 0 0
0 1 1 0 1 1 0 0 0 0
0 1 1 1 1 1 0 0 0 0
0 1 1 1 1 1 1 0 0 0
0 1 1 2 1 1 1 1 1 0
0 0 0 1 1 1 1 1 1 1
Maze 54
99 53 3.2222222222 2.1336290192 35 0.392731204320288
15 66 80 93 54 93 6 74 17 5 68 50 20 100 55 15
65 76 73 53 53 3 4 14 15 65 48 400 400 95 400
401 401 402 402 402 402 402 402 401 401 402 400 400 401 400
0 0 1 1 1 1 0 0 0 0
0 0 1 1 2 1 1 0 0 1
0 0 1 1 1 0 0 0 0 1
0 0 1 1 1 0 0 0 0 1
0 0 1 1 1 0 0 1 1 1
0 0 1 1 1 0 0 1 0 1
0 0 1 1 1 1 1 1 0 1
0 0 1 1 1 1 1 1 1 1
0 0 1 0 1 0 0 0 0 1
0 0 1 0 1 1 1 1 1 1
Maze 55
101 298 3.2982456140 2.2766398377 77 0.367510345954609
17 97 44 14 75 89 40 22 21 19 41 34 100 78 33 17
400 94 400 74 85 39 32 400 11 11 31 94 98 73 13
400 401 400 401 401 402 401 400 402 402 402 401 401 401 402
0 0 0 0 0 0 0 0 0 0
1 1 1 1 1 1 2 1 1 0
1 1 1 1 0 0 1 0 0 0
1 1 1 1 1 1 1 1 1 1
1 0 1 1 0 0 1 0 1 0
0 0 1 1 0 0 1 0 1 0
0 0 1 1 0 0 1 0 1 0
0 0 1 1 1 1 1 1 1 0
0 0 0 1 1 1 1 1 1 0
0 0 0 1 1 1 1 1 1 1
Maze 56
107 808 2.9090909091 2.2306852128 104 0.376323166841306
72 85 45 51 26 80 44 28 6 98 30 97 23 51 95 72
82 400 41 21 76 74 24 26 96 28 27 93 21 91 92
401 400 402 402 401 401 402 401 401 402 402 401 402 401 401
0 0 0 0 0 1 0 0 0 0
0 0 0 0 0 1 0 0 0 0
1 1 1 1 1 1 1 1 1 1
1 0 1 1 0 1 1 1 0 0
1 1 1 1 1 1 1 1 0 0
1 0 1 1 1 1 1 1 0 0
1 0 1 1 1 1 1 1 0 0
1 2 1 1 1 1 1 1 1 1
1 1 1 1 1 1 1 1 0 0
1 1 1 1 1 1 1 1 0 0
Maze 57
89 32 2.8474576271 2.2243968588 45 0.411659402837490
28 10 4 52 43 52 4 45 90 76 92 65 71 39 90 28
8 400 2 42 42 2 44 85 86 72 62 61 31 89 88
402 400 402 402 402 402 401 401 401 402 402 402 402 401 401
0 1 1 1 1 1 1 1 1 1
0 1 0 1 0 0 0 1 0 0
0 1 0 1 0 0 0 2 0 0
1 1 1 1 1 1 1 1 1 0
1 1 1 1 1 0 0 1 1 0
1 1 0 0 1 0 0 1 1 0
1 1 1 1 1 0 0 1 1 0
1 1 1 1 1 1 0 1 1 0
0 1 0 0 1 1 1 1 1 1
0 1 0 0 0 0 0 0 0 0
Maze 58
87 25 2.9600000000 2.1493700152 56 0.379616843362582
53 15 24 13 53 23 98 57 73 9 40 34 1 35 68 53
13 14 23 400 400 93 97 53 3 39 400 31 31 65 63
402 402 401 400 400 401 401 402 402 401 400 401 401 401 401
1 0 1 1 1 1 1 1 1 0
1 0 1 1 1 0 0 0 1 0
1 0 1 1 0 0 0 0 1 0
1 1 1 1 1 1 1 1 1 1
0 0 1 0 1 0 0 0 0 0
0 0 2 1 1 1 1 0 0 0
0 0 1 1 1 1 1 1 0 0
0 0 1 0 0 0 1 0 0 0
0 0 1 0 0 0 1 0 0 0
0 0 1 1 1 1 1 1 0 0
Maze 59
89 468 2.8253968254 2.4143283646 29 0.390074791402173
43 41 59 48 43 20 56 80 30 88 7 77 77 1 12 43
400 51 58 400 13 16 76 400 28 87 400 400 71 11 42
400 401 401 400 402 402 401 400 402 401 400 400 401 401 401
1 0 0 0 0 0 1 0 0 0
1 1 1 1 1 1 1 1 1 1
1 1 1 0 0 1 1 1 1 1
1 1 1 0 0 1 1 1 0 1
1 1 2 1 1 1 1 1 0 1
1 1 1 1 1 1 1 1 1 1
1 0 0 0 0 1 1 1 0 1
1 1 1 1 1 1 1 1 1 1
0 0 0 0 0 0 1 1 0 0
0 0 0 0 0 0 0 0 0 0
Maze 60
105 1741 3.2142857143 2.0713505547 87 0.387054224094247
60 4 41 68 48 82 3 52 56 52 96 47 43 100 65 60
54 1 61 400 42 2 2 400 400 92 46 400 93 95 55
401 402 401 400 402 402 402 400 400 401 402 400 401 401 402
1 1 1 1 0 0 0 0 0 0
1 1 0 1 0 0 0 0 0 0
1 1 0 1 0 0 0 0 0 0
1 1 0 1 0 0 0 0 0 0
1 1 1 1 1 1 1 1 0 0
1 1 1 1 1 1 1 1 1 2
1 1 1 1 1 1 1 1 0 0
0 1 1 0 1 1 0 0 0 0
0 1 1 0 1 1 0 0 0 0
0 1 1 1 1 1 1 1 1 1
Maze 61
75 773 2.7916666667 2.2306728349 30 0.388657846943357
27 31 56 74 4 7 17 63 59 39 26 14 5 67 20 27
21 51 54 400 400 400 13 53 400 36 24 4 65 17 17
402 401 402 400 400 400 402 402 400 401 401 402 401 402 402
0 0 0 1 1 1 1 0 0 0
0 0 1 1 1 1 1 1 1 1
1 1 1 1 1 1 2 0 0 0
1 0 1 1 1 1 1 1 1 0
1 0 1 1 1 0 1 0 1 0
1 1 1 1 1 1 1 1 1 0
0 0 1 1 1 1 1 0 0 0
0 0 0 1 0 0 0 0 0 0
0 0 0 0 0 0 0 0 0 0
0 0 0 0 0 0 0 0 0 0
Maze 62
101 23 2.9824561404 2.1215205058 66 0.398734451945484
87 72 82 31 5 43 76 12 78 14 34 46 97 41 80 87
82 400 81 1 3 73 72 72 74 400 44 96 91 71 77
401 400 401 402 402 401 401 401 401 400 401 401 401 401 402
1 1 1 1 1 0 0 0 0 0
1 1 1 1 0 0 0 0 0 0
1 1 1 1 0 0 0 0 0 0
1 1 1 1 0 0 0 0 0 0
1 1 1 1 1 1 0 0 0 0
1 1 1 1 0 1 0 0 0 0
1 1 1 1 0 1 0 0 0 0
1 1 1 1 1 1 1 1 1 1
1 1 1 1 1 1 2 0 0 0
1 1 1 1 1 1 1 0 0 0
Maze 63
69 21 2.7391304348 2.2122807294 16 0.348556909986427
81 98 67 89 57 27 33 91 14 16 16 46 57 49 53 81
91 97 87 87 400 23 31 11 400 400 400 56 47 43 51
401 401 401 401 400 402 402 402 400 400 400 401 402 402 402
0 0 0 0 0 0 0 0 0 0
1 1 1 1 1 1 0 0 0 0
1 0 1 1 1 1 1 0 0 0
1 1 1 0 0 1 1 0 0 0
1 0 1 1 1 1 1 1 1 0
1 1 1 0 0 1 1 0 0 0
1 0 0 0 0 0 1 0 0 0
1 0 0 0 0 0 1 0 0 0
2 0 0 0 0 0 1 1 1 0
1 1 1 1 1 1 1 1 0 0
Maze 64
115 2787 3.1818181818 2.3265958955 119 0.388849840615769
51 91 43 60 61 30 8 97 73 25 49 13 72 6 75 51
400 41 53 51 21 28 7 93 23 45 43 12 2 5 71
400 402 401 402 402 401 402 401 402 401 401 402 402 402 401
0 1 1 1 1 1 1 1 0 0
0 1 1 0 1 0 1 1 0 0
1 1 1 1 1 1 1 1 1 1
1 1 1 0 1 0 1 0 0 0
1 1 1 1 1 1 1 1 1 0
2 1 1 1 1 1 1 1 1 1
1 1 1 0 1 0 1 0 0 0
1 1 1 1 1 0 1 0 0 0
1 0 1 0 0 0 1 0 0 0
1 0 1 1 1 1 1 0 0 0
Maze 65
91 140 3.0740740741 2.1198111672 35 0.384009176685112
87 9 51 64 33 42 41 70 47 47 3 14 40 86 17 87
7 1 61 63 32 400 61 67 400 43 13 34 36 16 400
402 402 401 401 402 400 401 401 400 401 401 401 402 402 400
1 1 1 1 1 1 1 1 1 0
1 0 1 1 0 1 1 0 0 0
1 0 1 1 0 1 1 0 0 0
1 1 1 1 1 1 1 1 1 1
1 1 1 1 1 1 1 0 0 0
1 0 1 0 0 1 1 0 0 0
1 1 1 1 1 1 1 1 1 1
0 0 0 0 0 1 1 0 0 0
0 0 0 0 0 1 2 0 0 0
0 0 0 0 0 0 0 0 0 0
Maze 66
87 133 2.8771929825 2.2548680486 50 0.381716164476365
39 78 18 14 14 69 80 3 97 87 37 8 84 45 56 39
38 400 400 400 64 79 73 93 400 400 7 4 44 55 36
402 400 400 400 401 401 401 401 400 400 402 402 402 401 402
0 0 1 1 1 1 1 1 0 0
0 0 1 1 1 1 1 1 0 0
0 0 1 1 0 0 1 1 0 0
0 0 1 1 0 1 1 1 2 0
0 0 1 1 1 1 1 1 0 0
0 0 1 1 1 1 1 1 0 0
0 0 1 1 1 1 1 1 1 0
0 0 1 1 1 1 1 1 1 1
0 0 1 1 0 0 1 0 0 0
0 0 1 1 1 1 1 0 0 0
Maze 67
105 293 2.9846153846 2.2366068961 85 0.386939749987934
14 30 78 90 35 63 96 58 66 51 8 62 8 57 39 14
24 28 88 85 33 93 56 56 61 1 2 2 7 37 34
401 402 401 401 402 401 402 402 401 402 402 402 402 402 401
1 1 1 1 1 1 1 1 0 0
1 1 0 2 0 0 1 0 0 0
1 1 0 1 1 1 1 1 1 1
1 1 1 1 1 1 1 1 1 0
1 1 1 0 1 0 1 1 0 0
1 1 1 0 1 1 1 1 0 0
1 1 1 1 1 1 0 1 0 0
0 0 1 0 1 1 0 1 0 0
0 0 1 0 1 1 1 1 1 1
0 0 1 1 1 1 0 0 0 0
Maze 68
81 44 2.8363636364 2.3569250361 30 0.355997052031536
78 66 49 90 10 86 42 47 84 94 45 39 75 96 67 78
76 46 89 400 6 82 400 44 400 44 35 35 95 66 77
401 402 401 400 402 401 400 402 400 402 402 402 401 402 401
0 0 0 0 0 1 1 1 1 1
0 0 0 0 0 1 0 0 0 1
0 0 0 0 0 1 0 0 0 1
0 0 0 0 1 1 1 1 1 1
0 1 1 1 1 1 1 1 1 1
0 1 0 1 1 1 0 0 1 1
0 1 0 1 1 1 1 0 1 1
0 1 0 1 1 1 1 2 1 1
0 1 1 1 1 1 0 0 1 1
0 0 0 1 1 1 0 0 0 0
Maze 69
103 58 3.5471698113 2.1728967634 71 0.398496759312768
45 6 71 24 77 62 50 63 36 63 90 54 46 12 12 45
5 1 21 74 72 42 43 33 33 83 84 44 42 400 42
402 402 402 401 401 402 402 402 402 401 401 402 401 400 401
1 1 1 1 1 1 0 0 0 0
1 1 0 0 1 0 0 0 0 0
1 1 1 1 1 0 0 0 0 0
1 1 1 1 1 1 0 0 0 0
1 1 1 1 2 1 1 1 1 1
1 1 1 1 0 0 0 0 0 0
1 1 1 1 0 0 0 0 0 0
1 1 1 1 1 1 1 0 0 0
0 0 1 1 1 1 1 1 1 1
0 0 0 0 0 0 0 0 0 0
Maze 70
99 298 2.6000000000 2.3574443786 50 0.374261658194439
23 58 38 83 99 26 66 95 81 56 19 12 90 30 24 23
53 400 33 93 96 400 65 91 51 16 400 82 400 400 400
401 400 402 401 401 400 402 401 402 402 400 401 400 400 400
0 0 0 0 0 0 0 0 0 0
0 1 1 1 1 1 1 1 1 0
0 1 2 1 1 1 1 1 1 1
0 1 1 1 1 1 1 1 0 1
0 1 1 0 0 1 0 1 0 1
1 1 1 1 1 1 1 1 0 1
1 1 1 0 1 1 0 0 0 1
1 1 1 0 1 1 0 0 0 1
1 1 1 1 1 1 1 1 1 1
1 1 1 1 1 1 1 1 1 0
Maze 71
111 1729 3.6538461538 1.9978377799 94 0.377863178196298
15 98 81 89 66 99 47 74 54 59 59 3 100 51 67 15
95 91 400 86 96 97 44 400 400 400 53 93 91 61 65
401 401 400 401 401 401 402 400 400 400 401 401 401 401 401
0 0 1 0 0 0 0 0 0 0
0 0 1 0 2 0 0 0 0 0
0 0 1 0 1 0 0 0 0 0
0 0 1 0 1 0 0 0 0 0
0 0 1 1 1 1 1 0 0 0
1 0 1 1 1 1 1 1 1 0
1 1 1 1 1 1 1 0 0 0
1 0 1 1 1 1 1 0 0 0
1 1 1 1 1 1 1 1 1 0
1 1 1 1 1 1 1 1 1 1
Maze 72
99 907 3.2857142857 2.2063813261 84 0.379178024453099
89 59 81 46 52 99 96 16 77 18 4 68 51 43 47 89
400 51 41 42 92 400 400 76 17 14 64 61 41 400 87
400 402 402 402 401 400 400 401 402 401 401 401 402 400 401
0 0 0 1 0 0 0 0 0 0
0 0 0 1 1 1 1 1 0 0
0 0 0 1 0 1 1 0 0 0
0 0 0 1 0 1 1 0 0 0
1 1 1 1 1 1 1 0 0 0
1 1 1 1 1 1 1 1 1 0
1 1 1 1 1 1 1 1 1 0
1 1 0 0 0 1 1 0 1 0
1 1 0 0 0 1 1 1 2 0
0 1 1 1 1 1 1 1 1 0
Maze 73
91 1655 3.1923076923 2.2034033850 56 0.384188866808176
86 15 17 94 58 36 69 94 77 58 8 56 72 38 98 86
85 400 14 54 56 66 64 74 57 400 6 52 32 400 96
401 400 402 402 401 401 402 402 402 400 402 402 402 400 401
0 0 0 0 0 1 1 1 0 0
0 0 0 1 1 1 1 1 0 0
0 0 0 1 1 1 0 1 0 0
0 1 1 1 1 1 1 1 0 0
0 1 0 1 1 1 0 1 0 0
0 1 1 1 1 1 1 1 0 0
0 1 0 1 1 1 1 1 1 0
0 1 0 1 1 1 1 1 0 0
0 0 0 1 1 2 0 1 0 0
0 0 0 1 0 1 1 1 0 0
Maze 74
93 17 3.0169491525 2.4072239978 39 0.385263660791360
47 31 1 24 39 30 14 62 80 11 51 56 99 82 45 47
41 400 21 34 29 24 12 72 71 400 400 96 92 42 400
401 400 401 401 402 401 402 401 401 400 400 401 401 402 400
1 0 0 0 0 0 0 0 0 0
1 1 1 1 0 0 0 0 0 0
1 1 1 1 1 1 1 1 1 1
1 1 0 1 1 1 1 1 1 0
1 1 1 1 1 1 2 0 0 0
1 1 1 1 1 1 0 0 0 0
1 1 0 0 0 1 0 0 0 0
1 1 1 1 1 1 1 1 1 1
0 1 0 0 0 1 0 0 0 0
0 1 1 1 1 1 1 1 1 0
Maze 75
97 731 3.3469387755 1.9971713062 71 0.386839551511011
15 67 61 35 87 99 17 86 79 51 42 82 79 52 48 15
65 400 31 85 97 97 16 76 71 41 400 72 72 42 45
401 400 402 401 401 401 402 402 401 402 400 402 401 402 401
0 0 0 0 0 0 0 0 0 0
0 0 0 0 2 1 1 0 0 0
0 0 0 0 1 1 1 0 0 0
1 1 1 1 1 1 1 0 0 0
1 1 1 1 1 1 1 1 0 0
1 1 0 0 1 1 1 0 0 0
1 1 1 1 1 1 1 0 0 0
1 1 1 1 1 1 1 1 1 0
0 1 0 0 1 1 1 0 0 0
0 0 0 0 0 0 1 1 1 0
Maze 76
81 25 2.8000000000 1.9371803769 30 0.390611384226028
59 89 44 93 51 43 73 54 44 58 99 83 3 76 43 59
400 84 43 91 41 400 53 400 54 98 93 400 73 73 53
400 401 402 401 402 400 402 400 401 401 401 400 401 401 401
0 0 1 0 0 0 0 0 0 0
0 0 1 0 0 0 0 0 0 0
0 0 1 0 0 0 0 0 0 0
0 0 1 0 0 0 0 0 0 0
1 1 1 1 0 0 0 0 0 0
1 0 1 1 1 1 1 1 2 0
1 0 1 1 0 0 0 1 1 0
1 0 1 1 1 1 0 1 1 0
1 0 1 1 1 1 1 1 1 0
1 1 1 1 1 1 1 1 1 0
Maze 77
97 3062 3.2363636364 2.2033133171 53 0.386746613886200
64 49 7 6 33 85 5 16 27 14 63 40 90 4 80 64
44 47 400 3 83 400 15 26 24 13 33 400 84 74 74
402 401 400 402 401 400 401 401 401 402 402 400 401 401 401
0 0 1 1 1 1 1 0 0 0
0 0 1 1 1 1 1 0 0 0
0 0 1 1 1 1 1 0 0 0
0 0 1 1 1 1 1 1 1 1
0 0 1 1 1 1 1 1 1 1
0 0 1 1 1 0 0 0 0 1
0 0 1 2 1 0 0 0 0 1
0 0 1 1 1 1 1 1 1 1
0 0 1 1 1 1 1 1 1 1
0 0 0 0 0 0 0 0 0 0
Maze 78
109 263 3.2982456140 2.0789043078 98 0.394926213187101
63 40 3 27 48 33 79 37 62 8 30 6 90 77 49 63
33 33 23 47 43 73 77 32 2 28 26 86 87 47 43
402 401 401 401 401 401 401 402 402 401 401 401 401 402 402
0 1 1 1 1 1 1 1 0 0
0 1 1 0 0 1 0 1 0 0
0 1 1 1 1 1 1 1 1 1
0 1 1 1 1 1 1 1 1 1
0 1 1 1 1 1 1 1 1 0
0 1 1 0 0 1 1 0 0 0
0 1 2 0 0 1 1 0 0 0
0 0 1 1 1 1 1 1 1 0
0 0 0 0 0 1 1 1 1 1
0 0 0 0 0 0 0 0 0 0
Maze 79
83 78 3.3191489362 2.0892875990 30 0.380683653796898
38 7 27 90 70 49 12 59 59 94 35 30 36 2 37 38
37 400 87 400 69 42 52 400 54 34 25 26 32 32 400
401 400 401 400 401 401 401 400 402 402 402 402 401 401 400
0 1 0 0 0 0 1 0 0 0
0 1 0 0 0 0 1 0 0 0
0 1 0 0 1 1 1 1 1 1
0 1 1 1 1 1 1 2 0 0
0 1 1 1 1 1 1 1 1 0
0 1 1 1 1 1 1 1 1 0
0 0 0 1 0 0 1 0 1 1
0 0 0 1 0 0 1 0 0 1
0 0 0 1 0 0 1 1 1 1
0 0 0 1 0 0 0 0 0 0
Maze 80
97 207 2.9454545455 2.1446459614 65 0.405192907769573
16 86 1 17 87 26 47 71 35 43 66 9 27 9 59 16
400 81 11 400 86 46 41 31 33 63 6 7 7 400 56
400 401 401 400 401 401 402 402 402 401 402 402 402 400 401
1 0 0 0 0 1 1 1 1 0
1 1 1 1 1 2 1 0 1 0
1 0 0 0 0 1 1 0 1 0
1 1 1 1 1 1 1 0 1 0
1 1 1 1 1 1 1 0 1 0
1 0 1 0 0 1 1 1 1 0
1 0 1 1 1 1 1 0 0 0
1 0 0 0 0 1 1 0 0 0
1 1 1 1 1 1 1 0 0 0
0 0 0 0 0 0 0 0 0 0
Maze 81
109 89 3.1186440678 2.0658832909 112 0.380125048919727
30 64 70 49 98 84 96 70 3 52 47 7 69 11 71 30
24 400 69 48 94 94 66 63 2 42 400 67 61 400 21
402 400 401 402 401 401 402 401 402 402 400 401 401 400 402
0 1 1 0 0 0 1 0 0 0
1 1 1 0 0 0 1 0 0 0
1 1 1 1 1 1 1 1 1 2
1 1 1 1 0 0 1 0 0 0
1 1 1 1 1 1 1 1 1 0
1 1 1 1 0 0 1 1 1 0
1 1 1 1 1 1 1 1 1 1
1 0 0 0 0 1 0 1 0 0
0 0 0 1 0 1 0 1 0 0
0 0 0 1 1 1 1 1 0 0
Maze 82
101 341 3.5348837209 1.8619600037 84 0.382887683275019
25 32 80 49 94 70 82 78 15 76 56 33 65 84 79 25
22 72 79 44 64 62 72 75 75 400 53 63 64 74 75
402 401 401 402 402 402 402 401 401 400 401 401 402 402 401
0 0 0 0 0 0 0 0 0 0
0 0 0 0 1 0 0 0 0 0
0 1 1 1 2 0 0 0 0 0
0 1 1 0 1 0 0 0 0 0
0 1 1 1 1 1 1 1 1 0
0 1 1 1 1 1 0 0 1 0
0 1 1 1 1 1 1 1 1 1
0 1 1 1 1 1 1 1 1 1
0 1 0 1 0 0 0 0 0 0
0 0 0 1 0 0 0 0 0 0
Maze 83
95 28 3.1836734694 2.0649466257 66 0.372101481979884
54 93 57 28 100 47 25 3 83 57 94 93 35 92 47 54
53 53 27 98 97 45 23 400 53 54 400 33 32 42 44
402 402 402 401 401 401 401 400 402 402 400 402 402 402 402
0 0 1 0 0 0 0 0 0 0
0 0 1 0 0 0 0 0 0 0
0 0 1 1 1 0 1 1 0 0
0 1 1 1 1 0 1 1 0 0
0 1 1 1 1 1 1 1 0 0
0 1 1 2 1 1 1 1 0 0
0 1 1 1 0 0 1 1 0 0
0 1 1 1 0 0 1 1 0 0
0 1 1 1 0 0 1 1 0 0
0 1 1 1 0 0 1 1 1 1
Maze 84
109 476 3.1384615385 2.2365181755 112 0.386018984122952
79 7 69 15 51 5 13 40 38 17 88 10 95 52 46 79
77 67 65 11 1 3 33 400 37 87 8 5 92 42 76
401 401 401 402 402 402 401 400 401 401 402 402 401 402 401
1 1 1 1 1 1 1 1 1 1
1 1 1 1 1 0 1 1 0 0
1 0 1 0 1 0 1 1 0 0
1 0 1 1 1 1 1 1 1 1
1 1 1 1 1 1 1 1 0 0
1 1 0 0 1 1 1 1 0 0
0 1 0 0 1 1 1 1 1 0
0 1 0 0 1 1 1 1 2 0
0 1 0 0 1 0 1 1 0 0
0 1 1 1 1 0 0 0 0 0
Maze 85
87 39 3.3333333333 2.0119403039 40 0.364434671779262
68 61 91 74 16 13 64 13 20 3 62 4 22 57 80 68
400 400 71 14 400 63 63 400 13 2 2 2 52 77 78
400 400 402 402 400 401 401 400 401 402 402 402 401 401 401
0 1 1 1 0 0 0 0 0 0
0 1 1 1 1 1 1 1 1 1
0 1 1 1 0 0 0 0 0 0
0 1 1 1 0 0 0 0 0 0
0 1 1 1 0 0 0 0 0 0
0 1 1 1 1 1 1 0 0 0
1 1 1 1 1 1 1 2 0 0
1 1 1 1 0 0 1 1 1 1
1 0 0 0 0 0 0 0 0 0
1 0 0 0 0 0 0 0 0 0
Maze 86
109 292 3.3114754098 2.2015787966 90 0.380488780156838
88 61 63 15 8 23 90 28 13 19 60 17 97 79 31 88
81 400 13 5 3 83 88 23 400 59 57 400 77 71 81
401 400 402 402 402 401 401 401 400 401 401 400 402 401 401
0 0 1 1 1 1 1 1 0 0
0 0 1 1 1 1 1 1 1 0
0 0 1 1 1 1 1 1 1 0
1 0 1 0 0 0 1 1 1 0
1 0 1 0 0 0 1 1 1 0
1 0 1 0 0 0 1 1 1 1
1 1 1 0 0 0 1 1 0 0
1 1 1 1 1 1 1 1 1 0
1 1 1 1 1 1 1 2 1 1
0 0 0 0 0 0 1 0 0 0
Maze 87
83 21 2.8301886792 2.1743949138 35 0.410063603905090
36 47 91 24 86 62 76 7 17 49 80 70 45 77 6 36
46 41 21 84 82 72 6 400 47 79 400 65 75 76 400
401 402 402 401 401 401 402 400 401 401 400 401 401 401 400
0 0 0 0 0 1 1 0 0 0
0 0 0 0 0 1 1 0 0 0
1 1 1 1 0 1 1 0 0 0
1 0 0 1 0 2 1 0 0 0
1 1 1 1 1 1 1 1 1 0
1 0 0 1 1 1 0 0 1 0
1 1 0 1 1 1 1 1 1 1
1 1 1 1 1 1 1 0 1 1
1 1 1 1 1 1 0 0 0 0
1 0 0 0 0 0 0 0 0 0
Maze 88
101 1617 2.7777777778 2.3975595609 71 0.369370264567641
41 44 46 37 24 92 82 70 47 10 28 85 21 100 19 41
400 400 36 34 22 400 62 67 7 8 25 81 91 99 11
400 400 402 401 402 400 402 401 402 402 402 401 401 401 402
0 0 0 0 0 0 1 1 1 1
1 1 1 1 1 1 1 1 1 0
1 1 1 1 1 1 1 1 1 0
1 1 0 1 1 1 1 0 1 0
2 1 1 1 1 1 1 0 1 0
1 1 0 0 1 0 1 0 1 0
1 1 1 1 1 1 1 1 1 1
1 1 0 0 1 0 0 0 1 0
1 1 1 1 1 0 0 0 1 0
1 1 1 1 1 1 1 1 1 1
Maze 89
93 22 2.9811320755 2.0688403132 45 0.380552625102867
21 55 78 30 69 84 74 54 87 82 19 94 85 82 67 21
51 75 28 29 64 400 400 84 400 12 14 84 400 62 61
401 401 402 402 402 400 400 401 400 402 402 402 400 402 401
0 0 0 0 0 0 0 0 0 0
0 1 1 1 1 1 1 1 1 0
2 1 0 1 0 0 0 1 1 1
1 1 0 1 0 0 0 1 1 0
1 1 0 1 0 0 0 1 1 0
1 1 1 1 1 0 0 1 1 0
1 1 1 1 1 1 1 1 1 0
0 1 0 1 1 1 1 1 0 0
0 1 1 1 1 1 1 0 0 0
0 0 0 1 0 0 0 0 0 0
Maze 90
97 48 3.4000000000 2.1296986218 77 0.395533993286631
5 61 22 66 64 52 30 46 54 92 27 40 75 72 58 5
1 21 62 400 62 22 26 44 52 22 37 35 400 52 55
402 402 401 400 401 402 402 402 402 402 401 402 400 402 401
1 1 1 1 2 0 0 0 0 0
1 0 0 0 1 0 0 0 0 0
1 1 1 1 1 1 1 1 1 1
1 1 0 0 1 1 1 1 1 1
1 1 0 1 1 1 0 0 0 0
1 1 1 1 1 1 1 1 0 0
1 1 1 1 1 1 0 0 0 0
0 1 1 1 1 0 0 0 0 0
0 1 0 0 0 0 0 0 0 0
0 1 0 0 0 0 0 0 0 0
Maze 91
91 594 3.3703703704 2.1903968493 56 0.377167118508577
68 37 29 23 9 77 78 55 40 62 56 4 47 21 65 68
67 27 400 3 7 400 75 35 32 52 54 44 41 61 400
401 402 400 402 402 400 401 402 402 402 401 401 401 401 400
0 0 1 1 1 1 1 1 1 0
0 0 1 1 0 0 1 0 0 0
1 0 1 1 1 1 1 1 1 0
1 1 1 1 1 1 1 1 1 1
1 1 1 1 1 1 1 0 0 0
1 1 1 1 1 1 1 0 0 0
1 1 1 1 1 1 1 2 0 0
0 0 0 0 1 1 1 1 0 0
0 0 0 0 0 0 0 0 0 0
0 0 0 0 0 0 0 0 0 0
Maze 92
113 912 3.1724137931 2.1090768646 99 0.391381717501506
73 1 40 79 95 51 26 58 1 94 29 86 83 78 63 73
71 31 39 75 91 21 56 51 91 24 26 400 73 73 400
401 401 402 402 401 402 401 401 401 402 402 400 402 401 400
1 0 0 0 0 0 0 0 0 0
1 0 0 0 0 0 0 0 0 0
1 1 1 1 1 1 1 1 1 0
1 1 1 1 1 1 1 1 1 1
1 0 0 1 0 1 0 0 1 0
1 1 1 1 1 1 1 1 1 0
1 0 1 1 0 1 0 0 1 0
1 1 2 1 1 1 1 1 1 0
1 0 1 1 1 1 0 0 0 0
1 1 1 1 1 0 0 0 0 0
Maze 93
121 914 3.4915254237 2.0474906715 124 0.384280104258139
90 13 99 34 17 17 45 24 7 47 40 72 17 99 15 90
83 93 94 14 400 15 44 4 400 37 32 12 97 95 85
401 401 401 402 400 402 401 402 400 402 402 402 401 401 401
0 0 0 1 1 1 1 0 0 0
0 1 1 1 1 1 1 0 0 0
0 1 1 1 1 0 1 0 0 0
0 1 1 1 1 1 1 1 1 1
0 1 1 1 1 0 1 0 0 0
0 1 1 1 1 0 1 0 0 0
0 1 1 1 1 0 1 0 0 0
0 1 1 1 1 0 1 0 0 0
0 0 1 1 1 1 1 1 1 2
0 0 1 1 1 1 1 1 1 0
Maze 94
75 41 3.6216216216 1.9925772843 30 0.387927814807790
67 8 15 39 35 7 77 68 15 55 64 84 68 53 16 67
7 5 35 400 5 400 67 65 400 54 400 64 63 13 66
402 402 401 400 402 400 402 401 400 402 400 402 401 402 401
0 0 0 0 1 1 1 1 0 0
0 0 1 1 1 1 1 0 0 0
0 0 1 0 1 1 1 0 0 0
0 0 1 0 1 1 1 1 1 0
0 0 1 0 1 1 1 0 0 0
0 0 1 1 1 1 1 0 0 0
0 0 1 1 1 1 2 1 0 0
0 0 0 1 0 0 1 0 0 0
0 0 0 1 0 0 0 0 0 0
0 0 0 0 0 0 0 0 0 0
Maze 95
107 39 2.9000000000 2.1394928595 81 0.382677452570610
70 12 31 98 74 93 21 54 8 93 41 56 14 16 78 70
62 11 91 94 73 91 51 4 3 91 51 54 400 76 68
401 402 401 401 402 401 401 402 402 401 401 401 400 401 402
0 0 1 1 1 1 1 1 0 0
1 1 1 1 1 1 0 0 0 0
1 1 1 1 0 1 0 0 0 0
1 1 1 1 0 1 0 0 0 0
1 1 1 1 0 1 0 0 0 0
1 1 1 1 1 1 0 0 0 0
1 1 1 1 1 1 1 1 1 2
1 0 1 1 0 1 1 1 0 0
1 0 1 1 0 0 0 0 0 0
1 1 1 1 1 1 1 1 0 0
Maze 96
99 610 3.2280701754 2.1596455172 84 0.384714450927021
3 19 87 39 17 45 15 78 42 41 22 8 60 41 76 3
13 17 37 37 15 400 75 72 400 21 2 58 51 71 73
401 402 402 401 402 400 401 401 400 402 402 401 401 401 401
0 1 2 1 1 1 1 1 0 0
0 1 1 1 1 1 1 1 1 0
1 1 1 0 1 0 1 1 0 0
1 0 1 0 1 0 1 1 1 0
1 1 1 0 1 0 1 1 0 0
1 1 1 1 1 1 1 1 1 1
1 1 1 0 1 0 1 0 0 0
1 1 1 1 1 1 1 1 0 0
0 0 0 0 0 0 1 0 0 0
0 0 0 0 0 0 0 0 0 0
Maze 97
97 34 3.0000000000 2.0359730652 55 0.374829287523898
49 32 62 95 32 2 99 60 9 44 42 25 69 87 25 49
42 400 92 92 400 92 59 59 4 400 22 65 67 85 45
401 400 401 401 400 401 402 401 402 400 402 401 402 401 401
0 1 0 1 1 1 1 1 1 0
0 1 0 1 0 0 0 0 1 0
0 1 1 1 1 0 0 0 1 0
0 1 0 1 1 0 0 0 1 0
0 1 1 1 1 1 1 1 2 0
0 1 0 0 1 0 0 0 1 1
0 1 0 0 1 1 1 1 1 0
0 1 0 0 1 0 1 0 1 0
0 1 0 0 1 1 1 0 1 0
0 1 1 1 1 1 1 1 1 0
Maze 98
101 130 3.1525423729 2.1857791348 77 0.384020859641863
86 52 80 57 64 18 75 40 77 32 20 99 88 85 99 86
82 72 77 54 14 15 35 37 72 12 19 98 400 95 96
401 401 401 402 402 402 402 402 401 402 402 401 400 401 401
0 0 0 0 0 0 0 0 0 0
0 1 1 1 1 1 1 1 1 1
0 1 0 1 1 0 0 0 1 0
0 1 0 1 1 1 1 1 1 1
0 1 0 1 1 0 1 0 1 0
0 1 0 1 1 1 1 0 1 0
0 1 0 1 1 0 1 0 1 0
0 1 1 1 1 1 1 1 1 1
0 1 1 1 1 2 1 1 1 0
0 0 0 0 1 1 1 1 1 0
Maze 99
119 69 3.6428571429 2.0085863659 107 0.387281327653825
79 57 20 41 20 72 69 24 90 82 36 91 66 76 86 79
77 17 11 11 12 62 64 84 400 32 31 61 400 400 76
401 402 402 402 402 402 401 401 400 402 402 402 400 400 402
0 0 0 0 0 0 0 0 0 0
1 1 1 1 1 1 1 1 1 1
1 1 0 1 0 0 1 0 0 0
1 1 1 1 1 1 1 0 0 0
1 1 0 1 0 0 1 0 0 0
1 1 0 1 0 0 1 0 0 0
1 1 1 1 1 1 1 1 1 0
1 1 0 1 0 1 1 1 2 0
1 1 1 1 1 1 1 1 1 1
1 0 0 0 0 0 0 0 0 0
Maze 100
101 22 3.6744186047 1.8889449313 71 0.378900467412519
36 29 56 90 54 23 58 26 2 60 73 34 89 94 37 36
26 26 86 84 53 53 56 22 52 53 33 84 84 34 400
402 402 401 401 401 401 401 401 401 402 402 401 402 402 400
0 1 0 0 0 0 0 0 0 0
0 1 0 0 0 0 0 0 0 0
0 1 1 1 1 1 1 1 1 0
0 1 1 1 1 2 1 0 0 0
0 1 1 1 0 1 0 0 0 0
0 1 1 1 1 1 1 1 1 1
0 0 1 1 0 1 0 0 0 0
0 0 1 1 0 1 0 0 0 0
0 0 0 1 1 1 1 1 1 1
0 0 0 1 0 0 0 0 0 0
Maze 101
97 138 3.4893617021 2.0542333435 77 0.398829465316606
12 73 21 48 95 43 92 12 75 63 88 46 58 73 25 12
72 71 41 45 93 42 400 72 73 83 86 56 53 23 22
401 401 401 402 401 402 400 401 401 401 401 401 402 402 401
0 0 0 0 0 0 0 0 0 0
0 2 0 0 0 0 0 0 0 0
1 1 1 1 1 0 0 0 0 0
1 1 1 0 0 0 0 0 0 0
1 1 1 1 1 1 1 1 0 0
1 1 1 1 1 1 1 1 0 0
1 1 1 0 1 1 0 0 0 0
1 1 1 1 1 1 0 0 0 0
0 1 1 1 1 1 1 1 0 0
0 1 1 1 1 0 0 0 0 0
Maze 102
93 571 3.2830188679 2.1382786214 45 0.385882157033921
78 73 7 86 38 1 15 69 87 65 47 85 45 62 92 78
400 3 6 36 31 11 65 67 85 45 45 400 42 400 72
400 402 402 402 401 401 401 402 401 402 402 400 402 400 402
1 0 1 1 1 1 1 0 0 0
1 1 1 1 1 1 0 0 0 0
1 0 1 0 1 1 0 0 0 0
1 1 1 1 1 1 1 1 0 0
0 1 1 1 1 1 1 0 0 0
0 1 1 0 1 1 0 0 0 0
0 1 1 0 1 1 1 1 1 0
0 1 1 1 1 1 1 2 0 0
0 1 0 0 1 1 1 0 0 0
0 1 0 0 0 0 0 0 0 0
Maze 103
107 127 2.8333333333 2.3572258063 120 0.399539008436087
13 27 50 63 85 35 1 1 82 6 75 9 68 40 100 13
23 47 43 83 400 31 400 81 2 5 5 8 38 400 93
401 401 402 401 400 401 400 401 402 402 402 402 402 400 401
1 1 1 1 1 1 1 1 1 0
1 1 2 0 1 0 0 1 0 0
1 1 1 1 1 1 1 1 0 0
1 1 1 1 1 0 1 1 1 1
1 1 1 1 1 1 1 1 1 1
1 1 1 0 1 0 0 1 0 1
1 1 1 0 1 0 0 1 0 1
1 1 1 0 1 0 0 0 0 1
1 1 1 1 1 0 0 0 0 1
0 0 1 1 1 1 1 1 1 1
Maze 104
113 237 3.4814814815 2.0024639478 86 0.382975107434480
63 37 12 81 81 97 7 67 1 76 79 13 48 22 77 63
33 32 11 400 91 400 400 61 71 400 73 43 42 72 73
402 401 402 400 401 400 400 401 401 400 401 401 401 401 401
1 0 0 0 0 0 1 0 0 0
1 1 1 0 0 0 1 0 0 0
1 1 1 0 0 0 1 0 0 0
1 1 1 1 1 1 1 0 0 0
1 1 1 1 1 1 1 1 0 0
1 1 1 0 0 0 1 0 0 0
1 1 2 1 1 1 1 0 0 0
1 1 1 1 1 1 1 1 1 0
1 0 0 0 0 0 1 0 0 0
1 1 1 1 1 1 1 0 0 0
Maze 105
103 54 3.2962962963 2.0447947784 60 0.377590691371839
87 18 15 28 64 29 66 10 27 77 74 42 99 37 22 87
17 400 25 24 24 26 6 7 400 400 72 92 97 32 82
402 400 401 402 402 402 402 402 400 400 401 401 401 401 401
0 0 0 0 0 1 1 1 1 1
0 0 0 0 1 1 1 1 0 0
0 1 0 1 1 1 1 1 1 0
0 1 1 1 1 1 1 0 0 0
0 1 0 1 0 1 1 0 0 0
0 1 0 1 0 1 1 0 0 0
0 1 0 1 0 1 1 0 0 0
0 1 1 1 1 1 1 0 0 0
0 1 1 1 1 1 2 0 0 0
0 1 1 1 1 1 1 1 1 0
Maze 106
101 67 3.4615384615 2.1318092796 60 0.383961762457227
80 23 44 39 56 8 93 22 34 23 9 30 77 28 63 80
73 43 34 36 6 3 92 32 33 3 29 27 27 23 73
401 401 402 402 402 402 401 401 401 402 401 402 402 402 401
0 0 1 1 1 1 1 1 1 0
0 0 1 0 0 1 0 0 1 0
0 1 1 1 1 1 1 1 1 1
0 1 1 1 1 1 1 1 1 0
0 1 1 1 0 1 1 0 0 0
0 1 1 0 0 1 1 0 0 0
0 1 1 0 0 0 1 0 0 0
0 1 1 1 1 1 1 1 1 2
0 1 1 0 0 0 0 0 0 0
0 1 1 0 0 0 0 0 0 0
Maze 107
85 986 3.4893617021 2.1456267315 45 0.385353467941468
58 42 18 42 46 35 24 13 75 6 84 64 94 86 91 58
52 12 12 400 45 34 23 73 5 4 400 400 84 81 51
401 402 402 400 401 401 401 401 402 402 400 400 402 402 402
0 0 0 1 1 1 0 0 0 0
0 1 1 1 1 1 1 1 0 0
0 1 1 1 1 0 0 0 0 0
0 1 1 1 1 0 0 0 0 0
0 1 1 1 1 1 0 0 0 0
1 1 1 1 1 1 1 2 0 0
1 0 1 1 1 0 0 0 0 0
1 0 1 1 1 0 0 0 0 0
1 1 1 1 1 1 0 0 0 0
1 0 0 1 0 0 0 0 0 0
Maze 108
99 64 3.0526315789 2.1421620914 33 0.359994687516920
21 22 66 66 53 55 70 10 93 55 92 100 69 11 93 21
400 62 400 63 400 65 400 3 53 52 400 99 61 91 91
400 401 400 401 400 401 400 402 402 402 400 401 401 401 401
0 0 1 1 1 1 1 1 1 1
1 0 1 0 0 0 0 0 0 1
2 1 1 0 0 0 0 0 0 1
1 1 1 0 0 0 0 0 0 1
1 1 1 0 0 0 0 0 0 1
1 1 1 1 1 0 0 0 0 1
1 1 1 1 1 1 1 1 1 1
1 1 1 0 0 0 0 0 1 0
1 1 1 0 0 0 0 0 1 0
1 1 1 1 1 1 1 1 1 1
Maze 109
91 19 2.8771929825 2.1740246732 45 0.391818395995244
59 2 27 73 56 75 84 97 93 32 90 50 47 7 13 59
52 22 23 53 55 74 94 400 92 82 400 400 400 3 53
401 401 402 402 402 402 401 400 401 401 400 400 400 402 401
0 1 1 1 1 1 1 0 0 0
0 1 1 0 0 0 1 0 0 0
0 1 1 1 1 1 1 0 0 0
0 1 1 0 0 0 1 0 0 0
0 1 1 0 0 0 1 1 1 1
0 1 1 1 1 1 1 1 2 1
0 1 1 0 1 0 0 0 0 1
0 1 1 1 1 0 0 0 0 1
0 1 1 1 1 1 1 1 1 1
0 1 1 1 1 1 1 0 0 0
Maze 110
99 714 2.8484848485 2.2869834431 66 0.382481492395814
29 38 100 59 70 62 40 55 35 79 32 47 89 97 71 29
28 98 99 69 400 32 35 400 75 72 42 87 87 91 21
402 401 401 401 400 402 402 400 401 401 401 401 402 401 402
0 0 0 0 0 0 0 0 0 0
0 0 0 0 0 0 0 0 0 0
1 1 1 1 1 1 1 1 2 0
1 1 1 1 1 1 1 1 1 1
1 1 1 1 1 1 1 1 0 0
1 1 0 0 1 0 1 1 1 0
1 1 1 1 1 1 1 1 1 1
1 1 1 1 1 1 1 1 1 0
1 0 0 0 0 0 1 1 1 0
1 1 1 1 1 1 1 1 1 1
Maze 111
107 261 3.5000000000 2.1609832374 112 0.384550232902589
50 32 27 70 88 21 87 38 4 66 55 1 47 63 58 50
42 22 67 68 81 81 37 34 64 65 51 41 43 53 48
401 402 401 402 401 401 402 401 401 401 401 401 402 402 402
1 0 0 1 0 0 0 0 0 0
1 0 0 1 0 0 0 0 0 0
1 1 1 1 1 1 1 0 0 0
1 1 0 1 1 1 1 1 0 0
1 1 1 1 1 1 1 1 1 2
1 1 1 1 1 1 1 1 0 0
1 0 1 1 1 1 1 1 1 1
1 0 0 0 0 0 1 1 0 0
1 1 1 1 1 1 1 1 0 0
0 0 0 0 0 0 0 0 0 0
Maze 112
89 1182 3.3200000000 2.1907235182 50 0.383881917060703
50 39 7 76 53 48 50 17 65 92 76 40 38 71 28 50
49 37 6 73 43 400 47 15 62 72 36 400 31 21 48
401 401 402 401 402 400 401 402 402 402 402 400 402 402 401
0 0 0 0 0 1 1 0 0 0
0 0 0 0 1 1 1 0 0 0
1 1 1 1 1 1 1 1 0 0
1 1 1 1 1 1 1 1 1 1
1 0 1 1 1 1 1 1 1 2
1 0 1 0 1 1 0 0 0 0
1 1 1 1 1 1 0 0 0 0
1 1 1 1 1 1 0 0 0 0
0 1 0 0 0 0 0 0 0 0
0 1 0 0 0 0 0 0 0 0
Maze 113
101 15 3.5555555556 1.8349750762 55 0.383613662395418
9 19 88 38 7 43 27 74 44 35 65 12 64 9 72 9
400 18 400 37 3 23 24 400 34 400 62 62 4 2 2
400 402 400 401 402 402 402 400 402 400 401 401 402 402 402
0 1 1 1 1 1 1 1 2 0
0 1 1 1 0 0 1 1 1 0
0 1 1 1 1 1 1 1 0 0
0 1 1 1 1 0 1 1 0 0
0 1 1 1 1 0 0 1 0 0
0 1 0 1 1 0 0 1 0 0
0 1 1 1 1 0 0 1 0 0
0 1 0 1 0 0 0 1 0 0
0 0 0 0 0 0 0 1 0 0
0 0 0 0 0 0 0 0 0 0
Maze 114
117 44 3.2592592593 1.8861115875 125 0.384536266300143
19 5 2 65 88 3 54 40 1 67 93 37 38 42 93 19
15 400 62 85 83 53 34 31 61 63 33 400 32 92 13
401 400 401 401 401 401 402 401 401 402 402 400 402 401 402
1 1 1 1 1 0 0 0 0 0
1 1 1 1 1 1 1 1 2 0
1 1 1 0 0 0 0 0 0 0
1 1 1 1 1 1 1 1 1 1
1 1 1 1 0 0 0 0 0 0
1 1 1 1 0 0 0 0 0 0
1 1 1 1 1 1 1 0 0 0
0 1 1 0 1 0 0 0 0 0
0 1 1 1 1 1 1 1 0 0
0 1 1 0 0 0 0 0 0 0
Maze 115
113 19 2.9677419355 2.0130638720 60 0.396494525351937
78 22 8 21 95 94 44 18 10 74 84 10 97 19 80 78
72 2 1 91 400 400 14 8 4 400 4 7 17 79 400
401 402 402 401 400 400 402 402 402 400 402 402 402 401 400
1 1 1 1 1 1 1 1 1 1
1 1 0 1 1 1 1 1 1 0
1 1 0 1 0 0 1 0 1 0
1 1 0 1 0 0 1 0 1 0
1 1 0 1 0 0 1 0 1 0
1 1 0 1 0 0 1 0 1 0
1 1 0 1 0 0 1 0 1 0
1 1 1 1 1 1 1 2 1 1
1 0 0 1 0 0 1 0 0 0
1 1 1 1 1 0 1 0 0 0
Maze 116
89 362 3.0196078431 2.0804349849 45 0.387184012644211
27 45 98 82 71 71 35 87 14 1 45 23 64 19 12 27
25 95 92 81 400 31 85 84 11 41 43 63 14 400 22
402 401 401 401 400 402 401 401 401 401 401 401 402 400 401
1 0 0 0 0 0 0 0 0 0
1 1 1 1 1 1 1 1 1 0
1 1 1 1 1 1 2 0 0 0
1 1 1 1 1 0 0 0 0 0
1 1 1 1 1 0 0 0 0 0
1 0 1 1 1 0 0 0 0 0
1 0 1 1 1 0 0 0 0 0
1 0 0 1 1 0 0 0 0 0
1 1 0 1 1 1 1 0 0 0
0 1 1 1 1 1 1 1 0 0
Maze 117
97 286 3.2800000000 1.9523029392 65 0.382689328974675
17 8 56 16 96 87 15 13 98 17 53 47 84 99 54 17
7 6 400 400 86 85 400 93 97 13 43 44 94 94 14
402 402 400 400 402 401 400 401 401 402 402 402 401 401 402
0 0 0 0 0 1 1 1 0 0
0 0 1 1 1 1 2 0 0 0
0 0 1 1 1 1 1 0 0 0
0 0 1 1 1 1 1 0 0 0
0 0 1 1 1 1 1 0 0 0
0 0 1 1 1 1 1 0 0 0
0 0 1 1 1 1 1 0 0 0
0 0 1 1 1 1 1 0 0 0
0 0 1 1 1 1 1 0 0 0
0 0 1 1 1 1 1 1 1 0
Maze 118
97 934 3.2830188679 2.0638631072 59 0.383939655863706
89 16 9 67 54 56 83 39 76 75 52 48 15 82 37 89
86 6 7 64 400 53 33 36 400 72 42 45 12 32 87
401 402 402 401 400 402 402 402 400 401 402 401 402 402 401
0 0 0 0 0 1 1 1 1 0
0 1 1 1 1 1 1 0 0 0
0 1 0 0 1 1 1 0 0 0
0 1 1 1 1 1 1 1 1 0
0 1 1 1 1 1 1 1 0 0
0 1 1 1 1 1 1 0 0 0
0 1 1 1 1 1 1 0 0 0
0 1 1 1 1 1 1 0 0 0
0 1 1 0 0 1 1 1 2 0
0 0 0 0 0 0 0 0 0 0
Maze 119
99 54 3.6734693878 2.0992168406 64 0.402460180125491
8 41 76 52 12 89 53 44 13 85 85 95 49 61 52 8
1 71 72 400 82 83 43 43 83 400 400 45 41 51 2
402 401 401 400 401 401 402 401 401 400 400 402 402 402 402
1 1 1 1 1 1 1 2 0 0
1 1 1 0 0 0 0 0 0 0
1 1 1 0 0 0 0 0 0 0
1 1 1 0 0 0 0 0 0 0
1 1 1 1 1 1 1 1 1 0
1 1 1 0 1 0 0 0 0 0
1 1 1 0 1 0 0 0 0 0
1 1 1 1 1 1 0 0 0 0
0 1 1 1 1 1 1 1 1 0
0 0 0 0 1 0 0 0 0 0
Maze 120
93 204 3.1904761905 1.9306319463 45 0.371296479962449
75 44 91 1 76 48 54 28 25 91 71 11 56 36 72 75
74 41 400 71 46 44 24 400 21 400 400 51 400 32 400
401 402 400 401 402 402 402 400 402 400 400 401 400 402 400
1 0 0 0 0 0 0 0 0 0
1 0 0 0 0 0 0 0 0 0
1 1 1 1 1 1 1 1 0 0
1 1 1 1 1 1 0 0 0 0
1 1 1 1 1 1 1 1 0 0
1 1 1 1 1 1 0 0 0 0
1 1 0 1 0 1 0 0 0 0
1 1 1 1 2 1 0 0 0 0
1 0 0 0 0 0 0 0 0 0
1 0 0 0 0 0 0 0 0 0
Maze 121
87 45 3.3200000000 2.1598682574 36 0.399062957989058
57 27 63 14 89 42 2 1 21 36 74 18 35 15 9 57
400 23 13 84 82 400 400 400 31 34 14 15 400 5 7
400 402 402 401 401 400 400 400 401 402 402 402 400 402 402
1 1 0 0 1 1 1 1 1 0
1 1 1 1 1 1 1 1 0 0
1 1 1 1 1 1 1 0 0 0
1 1 1 1 1 1 1 0 0 0
0 1 1 1 0 0 1 0 0 0
0 1 1 1 0 0 2 0 0 0
0 1 1 1 0 0 0 0 0 0
0 1 0 1 0 0 0 0 0 0
0 1 1 1 1 1 1 1 1 0
0 0 0 0 0 0 0 0 0 0
Maze 122
103 167 3.4468085106 1.8854601203 29 0.378882172613284
92 47 6 18 82 16 12 82 95 6 29 32 13 83 99 92
42 46 16 12 12 400 400 92 5 26 22 12 400 93 400
402 401 401 402 402 400 400 401 402 401 402 402 400 401 400
0 0 0 0 1 1 0 0 0 0
0 1 1 1 1 1 1 1 0 0
0 1 1 1 1 1 1 1 1 0
0 1 1 0 1 1 0 0 0 0
0 1 1 1 1 1 1 0 0 0
0 1 1 0 1 0 0 0 0 0
0 1 1 0 1 0 0 0 0 0
0 1 1 0 1 0 0 0 0 0
0 1 1 0 1 0 0 0 0 0
0 2 1 1 1 1 1 1 1 0
Maze 123
91 4 2.5172413793 2.1493700152 36 0.367404645714318
81 72 51 88 10 69 100 75 57 33 27 41 72 27 24 81
71 71 81 8 9 99 95 55 53 23 21 71 22 400 21
402 401 401 402 402 401 401 402 401 402 402 401 402 400 402
0 0 0 0 0 0 0 1 1 1
0 0 0 0 0 0 0 1 1 0
1 1 1 1 1 1 1 1 1 0
1 1 1 0 0 0 0 1 1 0
1 1 1 0 0 0 0 1 1 0
1 1 1 1 1 1 1 1 1 0
1 1 0 0 1 0 0 1 1 0
1 1 0 0 1 0 0 1 1 0
2 1 1 1 1 1 1 1 1 0
0 0 0 0 1 1 1 1 1 1
Maze 124
85 90 3.2173913043 2.0804349849 44 0.386764997225622
3 63 39 40 37 25 68 32 43 30 20 43 60 18 39 3
400 33 400 400 35 65 62 42 23 400 13 53 58 38 33
400 402 400 400 401 401 401 401 402 400 402 401 401 401 401
0 0 2 0 0 0 0 0 0 0
0 0 1 1 1 1 1 1 1 1
0 0 1 1 1 1 1 1 1 1
0 1 1 1 1 1 1 1 1 1
0 1 1 0 1 0 0 1 0 0
0 1 1 1 1 1 1 1 1 1
0 1 1 1 1 1 1 1 0 0
0 0 0 0 0 0 0 0 0 0
0 0 0 0 0 0 0 0 0 0
0 0 0 0 0 0 0 0 0 0
Maze 125
105 32 2.9830508475 2.0597981081 81 0.365367648057100
100 91 97 10 45 32 3 33 94 55 13 49 98 99 42 100
400 400 7 5 42 2 400 93 54 53 43 48 400 92 92
400 400 402 402 401 402 400 401 402 401 401 402 400 401 401
0 1 1 0 1 1 1 1 1 1
0 1 1 0 1 0 1 0 0 0
0 1 1 0 1 0 1 0 0 0
0 1 1 0 1 0 1 0 0 0
0 1 1 1 1 1 1 1 1 0
0 1 1 1 1 0 1 1 0 0
0 1 1 1 0 0 1 1 0 0
0 1 1 1 0 0 1 1 0 0
0 1 1 1 0 0 1 1 0 0
1 1 1 1 1 1 1 1 1 2
Maze 126
95 36 2.8518518519 1.9857456601 54 0.378237300470588
89 8 93 37 33 83 35 4 3 22 95 66 12 58 57 89
88 3 33 400 400 33 34 400 2 92 65 62 52 400 87
401 402 402 400 400 402 401 400 402 401 402 401 401 400 401
0 1 1 1 1 1 1 1 0 0
0 1 1 1 0 0 0 1 0 0
0 1 1 1 0 0 0 1 0 0
0 1 1 1 1 1 1 1 0 0
0 1 1 0 0 0 0 1 0 0
0 1 1 1 1 1 1 1 0 0
0 1 1 1 1 1 1 1 0 0
0 1 1 0 1 0 1 1 0 0
0 1 1 0 1 0 1 1 2 0
0 1 1 1 1 0 0 0 0 0
Maze 127
109 1089 3.1384615385 2.2709422638 69 0.395223826175850
20 71 84 25 75 98 78 25 60 100 23 66 14 88 16 20
11 81 24 400 95 400 75 55 400 93 63 64 84 86 400
402 401 402 400 401 400 401 401 400 401 401 401 401 401 400
0 0 0 0 0 0 0 0 0 0
1 1 1 1 1 1 1 1 1 2
1 0 1 1 1 1 0 0 0 0
1 0 1 1 1 1 0 0 0 0
1 0 1 1 1 1 0 0 0 0
1 0 1 1 1 1 1 1 1 1
1 0 1 1 1 1 0 0 0 1
1 0 1 1 1 1 1 1 0 1
1 1 1 1 1 1 1 1 0 1
0 0 1 1 1 1 1 1 1 1
Maze 128
125 77 3.6538461538 1.9432203736 168 0.381371502366948
58 52 77 86 21 76 28 92 29 73 18 23 81 80 46 58
400 72 76 81 71 26 22 22 23 13 13 21 71 76 56
400 401 402 401 401 402 402 402 402 402 402 402 402 401 401
0 0 0 0 0 0 0 0 0 0
0 0 1 1 1 1 1 1 0 0
1 1 1 1 1 1 1 1 1 0
1 1 1 0 0 1 0 0 0 0
1 1 1 0 0 1 0 0 0 0
1 1 1 1 1 1 1 2 0 0
1 1 1 0 0 1 0 0 0 0
1 1 1 1 1 1 1 1 1 1
1 1 1 1 1 1 0 0 0 0
0 1 0 0 0 0 0 0 0 0
Maze 129
103 19 3.8695652174 2.0315511780 32 0.387419058207363
94 39 15 91 61 21 83 99 64 61 51 17 94 33 87 94
34 35 11 400 400 81 93 94 400 400 11 14 93 83 84
402 401 402 400 400 401 401 401 400 400 402 402 401 401 402
0 0 0 0 0 0 0 0 0 0
1 1 1 1 1 1 1 0 0 0
1 0 0 1 1 0 0 0 0 0
1 0 1 1 1 1 1 1 1 0
1 0 1 1 0 0 0 0 0 0
1 0 1 1 0 0 0 0 0 0
1 1 1 1 0 0 0 0 0 0
1 0 1 1 0 0 0 0 0 0
1 1 1 1 1 1 1 0 0 0
1 0 1 2 1 1 1 1 1 0
Maze 130
111 67 3.6538461538 2.0858715019 73 0.374203320395818
56 91 72 45 45 77 89 6 51 7 72 19 12 59 43 56
51 71 42 400 75 87 86 1 1 2 12 400 52 53 53
402 402 402 400 401 401 401 402 402 402 402 400 401 401 401
1 1 1 1 1 1 1 0 0 0
1 1 1 1 1 1 1 1 1 0
1 1 0 0 0 1 0 0 0 0
1 1 0 0 0 1 0 0 0 0
1 1 1 1 1 1 0 0 0 0
1 1 1 1 1 2 1 1 1 0
1 1 0 0 1 1 0 0 0 0
1 1 0 0 1 1 1 0 0 0
1 0 0 0 0 1 1 1 1 0
1 0 0 0 0 0 0 0 0 0
Maze 131
119 3 3.5652173913 1.8066938505 92 0.387875771969664
53 99 70 13 65 4 70 92 68 43 17 20 51 16 17 53
93 69 63 63 64 64 62 62 63 13 400 11 11 400 13
401 402 401 401 401 401 402 402 401 402 400 402 402 400 402
0 0 0 1 0 0 0 0 0 0
1 1 1 1 1 1 1 1 1 1
1 0 1 1 0 0 0 0 0 0
1 0 1 1 0 0 0 0 0 0
1 0 1 1 0 0 0 0 0 0
1 0 2 1 0 0 0 0 0 0
0 1 1 1 1 1 1 1 1 1
0 1 1 0 0 0 0 0 1 0
0 1 1 0 0 0 0 0 1 0
0 1 1 1 1 1 1 1 1 0
Maze 132
65 12 2.8717948718 1.9522259200 16 0.353916978745389
59 45 63 82 85 23 35 32 15 21 36 31 72 85 87 59
55 43 62 400 83 33 400 12 11 31 400 71 82 400 57
401 402 402 400 401 401 400 402 402 401 400 401 401 400 402
0 0 0 0 0 0 0 0 0 0
1 1 1 1 1 0 0 0 0 0
1 1 1 0 0 0 0 0 0 0
1 1 1 1 1 1 0 0 0 0
1 0 1 1 1 0 0 0 0 0
1 0 1 0 1 1 1 1 2 0
1 1 1 0 0 0 1 0 0 0
1 1 1 0 0 0 1 0 0 0
0 1 1 1 1 1 1 0 0 0
0 0 0 0 0 0 0 0 0 0
Maze 133
71 24 3.5428571429 2.0823309034 20 0.389951119602441
72 72 54 66 48 94 73 98 26 56 75 14 58 64 55 72
400 52 64 46 44 93 93 96 400 55 74 54 54 54 52
400 402 401 402 402 401 401 401 400 402 401 401 402 402 402
0 0 0 0 0 0 0 0 0 0
0 0 0 1 0 0 0 0 0 0
0 0 0 1 0 1 0 0 0 0
0 0 0 1 0 1 0 0 0 0
0 0 0 1 1 1 1 1 0 0
0 1 1 1 1 1 1 1 0 0
0 1 0 1 1 1 0 0 0 0
0 2 1 1 1 1 0 0 0 0
0 0 1 1 0 1 0 0 0 0
0 0 1 1 1 1 1 1 0 0
Maze 134
93 19 3.1379310345 2.2461694829 50 0.405453458617897
11 9 20 74 39 8 98 72 96 90 70 77 9 21 32 11
1 19 14 34 38 400 92 92 86 400 67 7 1 31 31
402 401 402 402 401 400 401 401 402 400 402 402 402 401 401
1 1 1 1 1 1 1 1 1 0
2 0 0 1 1 1 1 1 1 1
1 0 0 1 0 0 1 1 0 0
1 1 0 1 1 1 1 1 1 0
0 0 0 1 0 0 1 1 0 0
0 0 0 1 0 0 1 1 0 0
0 0 0 1 0 0 1 1 1 1
0 1 0 1 0 0 1 1 0 1
0 1 0 0 0 1 1 1 1 1
0 1 1 1 1 1 1 1 0 0
Maze 135
83 343 3.4545454545 2.1269673984 30 0.390721586510554
81 33 18 57 67 65 3 37 75 62 23 48 83 65 46 81
31 13 17 400 400 63 33 35 72 22 43 43 63 45 41
402 402 402 400 400 401 401 402 401 402 401 402 402 402 402
0 0 1 0 0 0 0 0 0 0
0 0 1 1 1 1 1 1 0 0
0 1 1 0 0 0 1 0 0 0
1 1 1 1 1 1 1 0 0 0
1 1 1 1 1 1 1 1 0 0
1 1 1 0 1 0 1 0 0 0
1 1 1 1 1 1 1 0 0 0
1 1 1 1 1 0 0 0 0 0
2 0 1 0 0 0 0 0 0 0
0 0 0 0 0 0 0 0 0 0
Maze 136
95 40 2.7241379310 2.0992168406 71 0.388337489113173
60 10 8 64 60 98 64 52 43 87 18 20 65 60 14 60
400 400 4 54 58 94 62 42 83 17 400 15 55 54 54
400 400 402 402 402 401 401 402 401 402 400 402 402 401 401
0 0 0 1 1 1 1 1 1 1
0 0 0 1 1 1 1 1 1 1
0 0 0 1 1 0 1 0 0 1
0 0 0 1 1 0 1 0 0 1
0 1 1 1 1 0 1 0 0 1
0 1 1 1 1 1 1 1 1 2
0 1 1 1 1 0 1 1 0 0
0 0 1 1 0 0 1 1 0 0
0 0 1 1 1 1 1 1 0 0
0 0 0 1 1 1 1 1 0 0
Maze 137
95 255 2.7924528302 1.9742555751 56 0.396889038211462
87 86 83 75 14 44 18 46 51 92 20 37 85 21 19 87
400 400 73 74 400 14 16 41 91 12 17 35 81 11 17
400 400 402 401 400 402 402 402 401 402 402 402 401 402 402
0 0 0 0 0 0 0 0 0 0
1 1 1 1 1 1 1 1 1 1
1 1 0 1 0 1 1 0 0 0
1 1 0 1 1 1 1 0 0 0
1 1 1 1 1 1 1 0 0 0
1 1 0 1 1 0 1 0 0 0
1 1 0 1 1 0 1 0 0 0
1 1 1 1 1 0 1 0 0 0
1 1 1 1 1 1 2 0 0 0
1 1 0 0 0 0 0 0 0 0
Maze 138
79 14 3.6842105263 2.0160795621 26 0.410774714974395
22 22 17 91 14 36 75 55 75 95 59 51 23 63 25 22
400 12 11 11 34 35 400 400 400 55 400 21 400 23 400
400 402 402 402 401 402 400 400 400 402 400 402 400 402 400
0 0 0 0 0 0 0 0 0 0
1 1 1 1 1 1 1 0 0 0
1 2 1 1 1 0 0 0 0 0
1 0 1 1 1 1 0 0 0 0
1 0 1 0 1 0 0 0 0 0
1 1 1 1 1 1 1 1 1 0
1 0 1 0 1 0 0 0 0 0
1 0 0 0 1 0 0 0 0 0
1 0 0 0 1 0 0 0 0 0
1 0 0 0 1 0 0 0 0 0
Maze 139
85 4 3.0204081633 2.0008256729 56 0.381873558960787
6 13 76 23 75 58 95 35 26 28 46 35 19 62 21 6
3 73 73 73 55 55 400 25 400 26 45 15 12 61 1
402 401 401 401 402 402 400 402 400 402 401 402 402 401 402
1 1 1 1 1 2 0 0 0 0
1 1 1 1 1 1 1 1 1 0
1 1 1 0 1 1 1 1 0 0
1 1 1 0 1 1 0 0 0 0
1 1 1 0 1 1 0 0 0 0
1 1 1 0 1 1 1 1 0 0
1 1 1 0 1 0 0 0 0 0
0 0 1 1 1 1 0 0 0 0
0 0 0 0 1 0 0 0 0 0
0 0 0 0 1 0 0 0 0 0
Maze 140
113 231 3.1875000000 2.2921622146 58 0.387173946899761
91 68 60 100 15 25 77 11 93 71 28 48 20 84 58 91
61 58 400 95 400 75 71 91 91 21 400 18 14 54 51
402 402 400 401 400 401 401 401 401 402 400 402 402 402 402
0 0 0 0 0 0 0 0 0 0
1 0 0 1 1 1 1 1 1 1
1 1 1 1 1 1 1 1 0 0
1 0 0 1 1 0 0 1 0 0
1 0 0 1 1 0 0 1 0 0
1 1 1 1 1 1 1 1 1 1
1 1 1 1 1 1 1 1 0 1
1 1 1 1 1 1 1 0 0 1
1 0 0 1 1 0 0 0 0 1
2 1 1 0 1 1 1 1 1 1
Maze 141
89 24 3.5384615385 1.8472640172 40 0.373380191780041
11 39 40 23 38 26 69 30 52 33 55 32 74 72 28 11
31 400 33 33 36 66 29 22 32 53 52 72 400 22 21
401 400 401 401 401 401 402 402 402 401 401 401 400 402 401
0 0 0 0 0 0 0 0 0 0
2 0 0 0 0 0 0 0 0 0
1 1 1 1 1 1 1 1 1 1
1 1 1 1 1 1 1 1 1 1
0 1 1 0 0 1 0 0 1 0
0 1 1 1 1 1 0 0 1 0
0 1 0 0 0 1 1 1 1 0
0 1 1 1 0 0 0 0 0 0
0 0 0 0 0 0 0 0 0 0
0 0 0 0 0 0 0 0 0 0
Maze 142
119 344 3.3898305085 2.0139831370 156 0.388740749170792
32 65 86 49 95 70 13 88 78 51 20 63 5 32 48 32
62 85 46 45 65 63 83 400 71 11 13 3 2 42 42
401 401 402 402 402 401 401 400 401 402 402 402 402 401 401
0 1 1 1 1 0 0 0 0 0
1 1 1 1 1 1 1 1 1 1
1 1 1 0 0 0 0 0 0 0
1 2 1 0 0 0 0 0 0 0
1 1 1 1 1 1 1 1 1 0
1 1 1 0 1 1 0 0 0 0
1 1 1 1 1 1 1 1 1 1
1 1 1 1 1 1 1 1 0 0
0 0 1 1 1 1 1 1 0 0
0 0 0 0 1 0 0 0 0 0
Maze 143
81 78 3.1304347826 2.0663452372 26 0.371259282011402
60 37 34 89 76 5 12 24 38 6 6 87 18 75 87 60
57 400 84 86 75 2 22 34 36 400 86 17 15 85 57
401 400 401 401 401 402 401 401 401 400 401 402 402 401 402
0 1 1 1 1 1 0 0 0 0
0 1 0 0 1 1 1 1 0 0
0 1 1 1 1 1 1 0 0 0
0 0 0 1 1 1 1 1 0 0
0 0 0 1 1 1 1 0 0 0
0 0 0 1 1 1 1 1 1 2
0 0 0 1 1 1 1 0 0 0
0 0 0 1 1 1 1 0 0 0
0 0 0 1 1 1 1 1 1 0
0 0 0 0 0 0 0 0 0 0
Maze 144
77 22 3.4500000000 2.0836749843 30 0.373553970935670
22 65 63 58 24 67 83 31 2 24 92 72 76 43 63 22
62 400 53 54 64 63 81 1 22 22 400 400 73 400 62
401 400 402 401 401 402 401 402 401 402 400 400 401 400 401
1 1 0 0 0 0 0 0 0 0
1 1 0 0 0 0 0 0 0 0
1 2 1 1 0 0 0 0 0 0
1 1 0 1 0 0 0 0 0 0
1 1 1 1 0 0 0 0 0 0
1 1 1 1 1 1 1 1 0 0
1 1 1 1 1 1 1 0 0 0
1 1 1 1 1 1 0 0 0 0
1 1 1 0 0 0 0 0 0 0
0 1 0 0 0 0 0 0 0 0
Maze 145
119 94 3.1803278689 1.9614227545 130 0.383562444874258
95 32 63 85 38 58 100 2 66 85 82 19 51 80 28 95
92 62 83 35 400 98 92 62 65 400 12 11 71 78 25
401 401 401 402 400 401 401 401 402 400 402 402 401 401 402
0 1 0 0 0 0 0 0 0 0
1 1 1 1 1 1 1 1 1 0
1 1 0 0 1 1 1 1 0 0
1 1 0 0 1 1 1 1 0 0
1 1 0 0 1 0 0 1 0 0
1 1 0 0 1 0 0 1 0 0
1 1 1 1 1 1 0 1 0 0
1 1 1 1 1 1 1 1 1 1
0 1 1 1 1 0 0 1 0 0
0 1 1 1 2 1 1 1 1 1
Maze 146
119 264 3.8039215686 1.9420551678 148 0.389796876829575
59 3 55 84 2 56 42 39 23 79 31 54 6 72 93 59
53 53 54 82 52 52 32 33 73 71 51 4 2 92 53
401 401 402 401 401 401 402 401 401 401 401 402 402 401 402
0 1 1 1 1 1 0 0 0 0
0 1 1 1 0 0 0 0 0 0
0 1 1 1 0 0 0 0 0 0
1 1 1 1 1 1 1 1 1 0
1 1 1 1 0 0 0 0 0 0
1 1 1 1 1 1 1 1 2 0
1 1 1 1 0 0 0 0 0 0
1 1 1 1 1 1 1 1 1 0
0 1 1 1 0 0 0 0 0 0
0 1 1 0 0 0 0 0 0 0
Maze 147
85 11 2.7619047619 1.9880734034 41 0.378952739856549
23 22 91 64 56 16 81 35 35 61 29 49 49 71 35 23
400 21 61 54 400 11 31 400 31 21 400 400 41 31 33
400 402 402 402 400 402 402 400 402 402 400 400 402 402 401
0 0 0 0 0 0 0 0 0 0
1 1 1 1 1 1 0 0 0 0
1 1 2 1 1 1 1 1 1 0
1 1 1 1 1 1 0 0 1 0
1 1 1 1 1 1 1 1 1 0
1 0 0 1 1 1 0 0 0 0
1 1 1 1 0 0 0 0 0 0
1 0 0 0 0 0 0 0 0 0
1 0 0 0 0 0 0 0 0 0
1 0 0 0 0 0 0 0 0 0
Maze 148
97 199 3.3200000000 2.0601645749 77 0.404152610966462
75 83 38 64 71 54 18 96 70 69 35 66 69 41 29 75
73 33 34 61 51 14 16 66 400 65 65 400 61 21 25
402 402 402 402 402 402 402 402 400 401 401 400 401 402 402
0 0 0 0 0 0 0 0 0 0
0 0 0 1 1 1 1 1 0 0
1 1 1 1 1 1 1 1 1 0
1 0 1 1 1 1 1 1 0 0
1 0 1 1 1 1 0 0 0 0
1 1 1 1 1 1 0 0 0 0
1 1 1 1 1 1 1 1 1 1
1 0 1 1 2 1 0 0 0 0
0 0 1 0 0 1 0 0 0 0
0 0 0 0 0 1 0 0 0 0
Maze 149
105 322 3.5384615385 2.0597981081 98 0.369128243419217
80 35 100 15 30 7 26 84 32 57 87 34 97 53 79 80
75 95 95 25 27 6 24 82 52 400 84 94 93 73 400
401 401 401 401 401 402 402 401 401 400 401 401 401 401 400
0 0 0 0 0 1 1 0 0 0
0 0 0 0 1 1 1 0 0 0
0 0 0 1 1 1 1 1 1 1
0 1 0 1 1 0 0 0 0 0
0 1 0 1 1 0 0 0 0 0
0 1 1 1 1 1 1 0 0 0
0 1 1 1 1 0 1 0 0 0
0 1 1 1 1 1 1 1 1 2
0 1 1 1 1 1 1 0 0 0
0 0 1 1 1 1 1 1 1 1
Maze 150
89 14 3.2444444444 1.9070121524 34 0.399423213394168
47 6 20 51 18 14 39 25 25 35 49 6 76 12 6 47
46 16 11 11 400 34 35 400 400 45 46 400 72 2 46
401 401 402 402 400 401 401 400 400 401 401 400 401 402 401
0 1 1 1 1 1 0 0 0 0
1 1 1 1 1 1 1 1 1 1
1 1 0 1 1 1 0 0 0 0
1 1 0 1 1 1 1 1 1 0
1 1 0 0 1 1 2 1 1 0
1 1 0 0 0 1 0 0 0 0
0 1 0 0 0 1 0 0 0 0
0 1 1 1 1 1 0 0 0 0
0 0 0 0 0 0 0 0 0 0
0 0 0 0 0 0 0 0 0 0
Maze 151
91 105 3.1636363636 2.2367571148 39 0.380639003266347
30 44 6 21 42 80 36 46 19 5 38 76 68 62 85 30
24 4 1 41 72 76 400 16 15 35 36 66 400 82 25
402 402 402 401 401 401 400 402 401 401 402 402 400 401 402
1 1 1 1 1 1 0 0 0 0
1 0 0 1 1 1 1 1 1 0
1 0 0 1 1 1 1 1 1 2
1 0 0 1 1 1 1 1 0 0
1 1 0 1 1 1 0 0 0 0
0 1 0 0 1 1 0 0 0 0
0 1 1 1 1 1 1 1 0 0
0 1 1 1 1 1 1 1 1 1
0 1 1 1 1 0 0 0 0 0
0 0 0 0 0 0 0 0 0 0
Maze 152
103 458 3.2413793103 2.1510178837 70 0.394250336392419
20 22 15 60 64 89 83 28 37 49 92 5 65 42 34 20
12 12 55 54 84 400 23 27 47 42 2 400 62 32 14
402 402 401 402 401 400 402 402 401 402 402 400 401 402 402
0 1 1 1 1 0 0 0 0 0
0 1 1 1 1 1 1 1 1 2
0 1 1 1 1 1 1 1 0 0
0 1 1 1 1 0 1 0 0 0
0 1 1 1 1 1 1 1 1 0
0 1 1 1 1 1 1 1 1 1
0 1 1 1 1 0 0 0 0 0
0 1 1 1 0 0 0 0 0 0
0 1 1 1 1 1 1 1 1 0
0 1 0 0 0 0 0 0 0 0
Maze 153
97 33 3.0689655172 2.1437003132 53 0.376486551248631
100 75 86 40 67 86 2 30 62 43 81 86 46 10 99 100
95 85 36 37 66 82 22 22 42 41 400 400 6 9 400
401 401 402 402 402 401 401 402 402 402 400 400 402 402 400
0 1 0 0 0 1 1 1 1 1
0 1 0 0 0 1 0 0 1 0
0 1 1 1 1 1 1 1 1 1
0 1 0 0 0 1 1 1 1 1
1 1 1 0 0 1 1 0 1 0
1 1 0 0 0 1 1 0 1 0
1 1 0 0 0 1 1 0 1 0
1 1 0 0 1 1 0 0 1 0
1 1 1 1 1 1 0 0 1 0
0 0 0 0 1 1 1 1 1 2
Maze 154
105 15 3.5714285714 1.7731665830 112 0.390474710804644
35 30 93 29 17 73 31 58 73 94 96 53 26 54 1 35
25 23 23 27 13 71 51 53 93 400 93 23 24 51 31
402 402 402 401 402 401 401 402 401 400 401 402 402 401 401
1 0 0 0 0 0 0 0 0 0
1 0 1 1 1 1 1 0 0 0
1 0 1 1 1 1 1 1 1 1
1 1 1 1 2 0 0 0 0 0
1 0 1 1 0 0 0 0 0 0
1 1 1 1 1 1 1 1 0 0
1 0 1 0 0 0 0 0 0 0
1 1 1 0 0 0 0 0 0 0
0 0 1 0 0 0 0 0 0 0
0 0 1 1 1 1 0 0 0 0
Maze 155
91 69 2.9629629630 2.1968615973 41 0.375723246179601
62 27 100 83 44 56 39 38 99 8 5 52 13 8 43 62
22 97 93 43 54 36 400 98 98 400 2 12 3 3 42
402 401 401 402 401 402 400 401 401 400 402 402 402 402 402
0 1 1 1 1 1 1 1 0 0
0 1 1 0 0 0 0 1 0 0
0 1 1 1 1 1 1 1 0 0
0 1 1 0 0 1 1 1 1 0
0 1 1 1 0 1 1 1 0 0
0 1 1 1 1 1 1 1 0 0
0 2 1 0 0 0 1 1 0 0
0 0 1 0 0 0 1 1 0 0
0 0 1 0 0 0 1 1 0 0
0 0 1 1 1 1 1 1 1 1
Maze 156
131 105 3.6071428571 1.8943891345 153 0.389274389858370
29 74 40 61 100 49 98 14 79 34 65 88 31 86 84 29
24 34 31 91 99 48 94 74 74 64 85 81 81 400 24
402 402 402 401 401 402 401 401 401 401 401 401 401 400 402
0 0 0 0 0 0 0 0 0 0
0 0 0 1 0 0 0 0 0 0
0 0 0 1 1 1 1 1 2 0
1 1 1 1 1 1 1 1 1 1
1 0 0 1 0 0 0 1 1 0
1 0 0 1 0 0 0 1 1 0
1 0 0 1 1 0 0 1 1 0
1 0 0 1 1 1 1 1 1 0
1 1 1 1 1 1 1 1 1 0
1 1 1 1 1 1 1 1 1 1
Maze 157
107 117 3.9130434783 1.9305208340 98 0.396743722198269
92 63 12 48 14 37 2 26 80 80 93 49 62 56 29 92
62 62 42 44 34 32 22 76 400 73 43 42 52 26 22
402 401 401 401 401 401 401 401 400 402 402 402 402 402 402
0 1 0 0 0 0 0 0 0 0
0 1 0 1 0 0 0 0 0 0
0 1 1 1 1 1 1 1 1 0
0 1 1 1 1 1 1 0 0 0
0 1 1 1 1 1 1 1 1 0
0 1 1 1 1 1 0 0 0 0
0 1 1 0 0 1 0 0 0 0
0 1 1 1 1 1 1 1 1 1
0 1 1 0 0 0 0 0 0 0
0 2 1 0 0 0 0 0 0 0
Maze 158
111 14 3.4827586207 2.1732826639 85 0.387958442155714
1 75 94 46 9 96 36 80 17 53 50 87 78 12 62 1
71 74 44 6 6 400 76 77 13 43 47 77 72 400 61
401 402 402 402 402 400 401 401 402 402 402 402 401 400 401
2 0 0 0 0 1 1 1 1 0
1 1 1 1 1 1 1 0 0 0
1 1 1 0 0 1 1 0 0 0
1 1 1 0 0 1 1 0 0 0
1 1 1 1 1 1 1 1 1 1
1 1 1 1 0 1 1 0 0 0
1 1 0 1 0 1 1 0 0 0
1 1 1 1 1 1 1 1 1 1
0 0 0 1 0 1 1 0 0 0
0 0 0 1 0 1 0 0 0 0
Maze 159
115 561 3.1250000000 2.1042567993 148 0.382611278220251
8 92 70 90 90 51 3 49 5 51 28 24 90 65 25 8
2 62 400 400 81 1 43 45 1 21 400 84 85 400 5
402 402 400 400 401 402 401 401 402 402 400 401 401 400 402
1 1 1 1 1 1 1 2 0 0
1 1 1 0 1 0 0 0 0 0
1 1 1 1 1 1 1 1 0 0
1 1 1 1 1 0 0 0 0 0
1 1 1 1 1 1 1 1 1 0
1 1 0 1 1 0 0 0 0 0
1 1 1 1 1 1 1 1 1 1
1 1 0 1 1 0 0 0 0 1
1 1 1 1 1 1 1 1 1 1
0 1 0 0 0 0 0 0 0 0
Maze 160
97 25 3.2142857143 2.2804131582 64 0.371465427202521
14 31 96 84 43 16 56 7 81 58 21 13 65 68 78 14
11 91 94 83 13 400 6 1 51 51 11 63 400 400 74
402 401 401 401 402 400 402 402 402 401 402 401 400 400 401
1 1 1 1 1 1 1 0 0 0
1 1 1 2 1 1 0 0 0 0
1 0 1 1 0 1 0 0 0 0
1 0 1 1 0 1 0 0 0 0
1 0 1 1 0 1 0 0 0 0
1 1 1 1 1 1 1 1 0 0
1 0 1 1 1 1 1 1 0 0
1 0 1 1 1 1 1 1 0 0
1 0 1 1 0 0 0 0 0 0
1 1 1 1 1 1 0 0 0 0
Maze 161
111 4118 3.1176470588 2.4049850059 105 0.395243079639150
71 8 35 69 41 46 99 25 94 80 19 1 34 57 55 71
1 5 65 61 400 96 95 24 74 79 11 31 54 400 51
402 402 401 401 400 401 401 402 402 401 401 401 401 400 402
1 1 1 1 1 1 1 1 0 0
1 1 1 1 1 1 1 1 1 0
1 0 0 1 1 0 0 0 1 0
1 1 1 1 1 0 0 0 1 0
1 1 1 1 1 1 0 0 1 0
1 1 1 1 1 1 1 0 1 0
1 1 1 1 1 1 1 1 1 0
2 0 0 1 1 1 1 1 1 1
0 0 0 1 1 1 0 0 0 0
0 0 0 1 1 1 1 1 1 0
Maze 162
97 67 2.8928571429 2.1296986218 47 0.354769885032142
67 17 80 36 74 80 87 58 20 79 58 19 91 67 90 67
400 77 76 34 400 77 57 18 19 78 18 11 61 87 87
400 401 401 402 400 402 402 402 402 401 402 402 402 401 401
0 0 0 0 0 0 0 0 0 0
1 1 1 1 1 1 1 1 1 1
1 0 0 0 0 0 1 1 1 0
1 0 0 1 1 1 1 1 1 0
1 0 0 1 0 1 1 1 1 0
1 0 0 1 0 1 1 1 1 0
1 1 1 1 1 1 2 1 1 0
1 0 0 1 1 1 1 1 1 1
1 0 0 0 0 0 1 1 1 1
1 0 0 0 0 0 0 0 0 0
Maze 163
123 187 3.4181818182 1.9225980951 133 0.412542369795806
70 91 38 24 85 31 87 13 50 87 33 40 26 20 77 70
61 31 34 84 81 81 83 43 47 83 400 36 16 17 67
402 402 401 401 401 401 401 401 402 401 400 401 402 402 402
0 0 0 0 0 0 0 0 0 0
0 0 1 0 0 1 1 1 1 1
0 0 1 1 0 1 1 0 0 0
1 1 1 1 1 1 1 1 1 1
1 0 1 1 1 1 1 1 1 1
1 0 1 1 0 0 1 0 0 0
1 1 1 1 1 1 1 1 1 2
1 0 1 1 0 0 1 0 0 0
1 1 1 1 1 1 1 0 0 0
1 0 0 0 0 0 0 0 0 0
Maze 164
113 363 3.3448275862 2.1161052913 63 0.380665806649529
35 91 18 28 61 87 100 56 30 19 32 39 14 100 66 35
31 11 400 21 81 97 96 26 29 12 400 34 94 96 65
402 402 400 402 401 401 401 402 401 402 400 401 401 401 401
0 0 0 0 0 0 0 0 0 0
1 1 1 1 1 1 1 1 1 0
1 1 1 1 1 1 1 1 1 1
1 1 1 1 2 1 1 1 1 0
1 0 0 1 1 1 0 0 0 0
1 0 0 1 1 1 0 0 0 0
1 0 0 1 1 1 0 0 0 0
1 0 0 1 0 1 0 0 0 0
1 1 1 1 1 1 1 0 0 0
1 0 0 1 1 1 1 1 1 1
Maze 165
125 551 3.1549295775 2.3093992775 158 0.394140071308605
5 91 76 30 82 49 96 86 58 100 32 51 87 40 41 5
1 71 26 22 42 46 400 56 98 92 31 81 37 31 1
402 402 402 402 402 402 400 402 401 401 402 401 402 402 402
1 1 1 1 2 0 0 0 0 0
1 0 0 0 0 0 0 0 0 0
1 1 1 1 1 1 1 1 1 1
1 1 1 1 1 1 1 1 1 1
1 1 1 1 1 1 1 1 1 0
1 1 0 0 0 1 1 1 0 0
1 1 0 0 0 1 1 1 0 0
1 1 1 1 1 1 1 1 0 0
1 1 1 1 1 1 1 1 0 0
1 1 1 1 1 1 1 1 1 1
Maze 166
103 213 3.0000000000 2.1971563403 62 0.399384981513059
51 10 75 19 68 31 41 74 80 25 7 29 40 87 96 51
1 5 15 18 61 400 71 400 75 5 27 39 37 86 91
402 402 402 402 401 400 401 400 401 402 401 401 402 402 401
1 1 1 1 1 1 1 1 1 1
1 0 0 0 1 1 1 1 1 0
1 0 0 0 1 0 1 1 1 0
1 0 0 0 1 0 1 1 1 1
1 0 0 0 1 0 1 1 0 0
2 0 0 0 1 0 1 1 0 0
1 1 1 1 1 1 1 1 0 0
1 1 1 1 1 1 1 1 1 1
1 0 0 0 0 1 1 0 0 0
1 1 1 1 1 1 0 0 0 0
Maze 167
111 62 2.9310344828 1.9110256108 99 0.402089017567554
10 96 64 68 90 34 34 34 90 29 89 61 20 89 14 10
6 94 400 88 84 400 400 84 89 400 81 11 19 84 4
402 401 400 401 401 400 400 401 401 400 401 402 402 401 402
0 0 0 1 1 1 1 1 1 2
1 1 1 1 1 1 1 1 1 1
1 0 0 1 0 1 0 0 1 0
1 0 0 1 0 1 0 0 1 0
1 0 0 1 0 1 0 0 1 0
1 0 0 1 0 1 0 0 1 0
1 0 0 1 1 1 1 1 1 0
1 0 0 1 0 1 0 1 1 0
1 1 1 1 1 1 1 1 1 1
0 0 0 1 1 1 0 0 0 0
Maze 168
63 27 2.9230769231 2.0319086107 7 0.373859600533716
21 32 40 50 43 37 35 27 74 57 23 54 65 75 22 21
31 400 400 400 33 400 25 24 54 53 53 64 400 72 400
401 400 400 400 402 400 402 402 402 401 401 401 400 401 400
0 0 0 0 0 0 0 0 0 0
0 0 0 0 0 0 0 0 0 0
2 1 1 1 1 1 1 0 0 0
1 1 1 1 1 1 1 1 1 1
0 1 1 1 1 1 1 1 1 1
0 1 1 1 1 1 1 0 0 0
0 1 0 1 1 0 0 0 0 0
0 1 1 1 1 0 0 0 0 0
0 0 0 0 0 0 0 0 0 0
0 0 0 0 0 0 0 0 0 0
Maze 169
99 558 3.1379310345 2.2430458920 66 0.385588429349576
18 29 7 4 57 92 100 65 48 98 36 15 76 5 83 18
28 27 400 54 52 400 95 45 400 96 35 75 75 3 13
401 401 400 401 402 400 401 402 400 401 401 401 401 402 402
0 0 1 1 1 1 1 0 0 0
0 0 1 1 1 1 1 2 0 0
0 0 1 1 1 0 1 1 1 0
0 0 1 1 1 1 0 0 0 0
0 0 1 1 1 1 1 1 0 0
0 1 1 1 1 1 1 1 0 0
0 1 1 0 1 1 0 1 0 0
0 1 1 0 1 1 0 1 0 0
0 1 1 0 1 1 0 1 0 0
0 1 1 1 1 1 1 1 1 1
Maze 170
103 679 3.2727272727 2.0834597977 84 0.370931779580166
14 68 98 26 80 2 30 24 25 57 2 61 64 79 15 14
64 400 96 76 72 22 400 400 55 52 1 400 74 75 400
401 400 401 401 401 401 400 400 401 401 402 400 401 401 400
1 1 0 0 0 0 0 0 0 0
1 1 0 2 1 0 0 0 0 0
1 1 1 1 1 1 1 1 1 1
1 1 0 1 1 1 0 0 0 0
1 1 0 1 1 1 0 0 0 0
1 1 1 1 1 1 1 0 0 0
1 1 1 1 1 1 1 1 0 0
0 1 1 1 1 1 1 1 1 1
0 0 0 0 0 1 0 1 0 0
0 0 0 0 0 1 1 1 0 0
Maze 171
95 87 2.6857142857 2.4316434552 70 0.396698526879250
90 32 34 17 57 65 99 91 23 93 56 10 68 56 54 90
82 400 14 400 55 95 400 21 400 53 6 8 66 400 84
401 400 402 400 402 401 400 402 400 402 402 402 401 400 401
0 0 0 0 0 1 1 1 1 1
0 0 0 1 1 1 1 1 0 0
1 1 1 1 0 1 1 1 0 0
1 1 1 1 0 1 1 1 0 0
1 1 1 0 0 1 1 1 0 0
1 1 1 1 1 1 1 1 0 0
1 1 1 1 1 1 1 1 0 0
1 1 1 1 1 0 0 0 0 0
1 1 1 1 1 1 1 1 1 2
1 1 1 1 1 1 1 1 1 0
Maze 172
121 581 2.8666666667 1.9044797120 140 0.381735554997235
80 29 1 70 96 33 30 91 69 66 59 39 95 61 91 80
79 21 61 66 93 23 21 61 400 56 400 35 91 400 71
401 401 401 402 401 402 402 402 400 402 400 402 401 400 402
1 0 0 0 0 0 0 0 0 0
1 0 0 0 0 0 0 0 0 0
1 1 1 1 1 1 1 1 1 1
1 0 1 0 1 1 1 1 1 0
1 0 1 0 1 0 0 0 1 0
1 0 1 0 1 1 1 1 1 0
1 1 1 1 1 1 1 1 1 1
1 1 1 1 1 1 1 1 1 2
1 0 1 0 1 1 0 0 0 0
1 1 1 1 1 1 0 0 0 0
Maze 173
81 66 3.1489361702 2.1632051702 35 0.372621972628654
85 49 20 26 69 58 9 80 82 85 96 35 79 89 72 85
45 19 16 66 68 8 79 72 400 95 95 75 400 82 82
402 402 402 401 401 402 401 402 400 401 401 401 400 401 401
0 0 0 0 0 0 0 1 1 0
0 0 0 0 0 1 1 1 1 1
0 0 0 0 0 1 0 1 1 0
0 0 0 0 1 1 0 1 1 0
0 0 0 0 1 1 1 1 1 0
0 0 0 0 1 1 0 1 1 0
0 0 0 0 1 1 1 1 1 0
0 1 1 1 1 1 1 1 1 1
0 1 1 1 2 1 1 1 1 0
0 0 0 0 1 1 0 0 0 0
Maze 174
89 40 2.5937500000 2.3376277998 36 0.366053263771358
83 64 67 88 29 11 98 58 27 20 33 86 54 32 46 83
63 400 87 28 21 91 400 57 17 13 83 84 52 42 43
402 400 401 402 401 401 400 401 402 402 401 401 401 401 402
0 0 0 0 0 0 0 0 0 0
1 0 1 1 1 1 1 1 1 1
1 1 1 1 1 1 1 1 1 0
1 1 1 0 0 0 1 1 0 0
1 1 1 1 1 1 1 1 0 0
1 1 1 1 0 0 1 1 0 0
1 0 1 1 1 1 1 1 0 0
1 0 1 1 0 0 1 1 0 0
1 0 2 1 1 1 1 1 0 0
1 1 1 1 1 1 1 1 0 0
Maze 175
99 27 3.3584905660 2.1484533688 84 0.371779524662795
84 69 29 49 94 56 12 66 77 26 64 63 91 18 91 84
64 400 400 44 54 52 62 76 76 24 400 61 11 11 81
402 400 400 402 402 401 401 401 401 402 400 402 402 402 402
0 0 0 0 0 0 0 0 0 0
1 1 1 1 1 1 1 1 0 0
1 1 0 1 1 1 0 0 1 0
1 1 0 1 0 1 0 0 1 0
1 1 0 1 1 1 1 1 1 0
1 1 1 1 1 1 0 0 1 0
1 1 1 1 1 1 1 1 1 0
1 0 0 1 0 1 1 0 0 0
1 1 1 2 0 0 0 0 0 0
1 0 0 1 0 0 0 0 0 0
Maze 176
83 97 3.2173913043 2.1380330774 35 0.390342632067886
45 44 61 30 47 70 35 47 7 79 56 84 66 72 26 45
400 41 21 27 67 65 45 400 77 76 54 64 62 22 25
400 402 402 402 401 401 401 400 401 401 402 402 402 402 402
0 0 0 0 0 0 1 0 0 0
0 0 0 0 0 0 1 0 0 0
1 1 1 1 1 1 1 1 1 1
1 1 0 0 1 0 1 0 0 0
1 1 1 1 2 1 1 0 0 0
1 1 0 1 1 1 1 0 0 0
1 1 1 1 1 1 1 1 1 1
0 1 0 1 0 1 1 1 1 0
0 0 0 1 0 0 0 0 0 0
0 0 0 0 0 0 0 0 0 0
Maze 177
111 624 3.4642857143 2.0796552878 94 0.399574551478529
46 34 67 69 65 38 1 78 55 22 39 90 7 70 2 46
44 64 400 400 35 31 71 75 52 32 89 87 67 62 42
401 401 400 400 402 401 401 401 401 401 401 401 401 401 401
1 1 0 0 0 0 1 0 0 0
1 1 0 0 0 0 1 0 0 0
1 1 0 0 0 0 1 0 0 0
1 1 1 1 1 1 1 1 1 0
1 1 1 1 1 2 1 0 1 0
1 1 1 1 1 0 1 0 1 0
1 1 1 1 1 1 1 1 1 1
1 1 1 1 1 1 1 1 1 0
0 0 0 0 0 0 1 1 1 1
0 0 0 0 0 0 0 0 0 0
Maze 178
85 78 3.3043478261 2.0916755873 41 0.388479952298627
41 17 39 32 64 59 23 45 2 11 3 49 89 49 21 41
11 37 400 62 54 53 43 42 1 1 43 400 400 41 400
402 401 400 401 402 401 401 401 402 402 401 400 400 401 400
1 1 1 0 0 0 0 0 0 0
1 1 1 1 1 1 1 0 0 0
1 1 1 0 0 0 1 0 0 0
1 1 1 1 1 1 1 1 1 0
2 1 1 1 1 1 1 1 1 0
0 1 1 1 1 1 1 1 1 0
0 1 1 1 0 0 0 0 1 0
0 0 0 0 0 0 0 0 1 0
0 0 0 0 0 0 0 0 1 0
0 0 0 0 0 0 0 0 0 0
Maze 179
95 30 3.6000000000 1.8312573999 71 0.392537140337217
45 18 17 72 4 62 54 27 2 65 64 50 82 65 61 45
15 400 12 2 2 52 24 22 62 400 44 42 62 400 41
402 400 402 402 402 402 402 401 401 400 402 402 402 400 402
0 1 1 1 0 0 0 0 0 0
0 1 1 1 1 1 1 1 0 0
0 1 1 1 1 1 1 0 0 0
0 1 0 1 1 0 0 0 0 0
1 1 1 1 2 1 1 1 1 1
1 1 1 1 0 0 0 0 0 0
1 1 1 1 1 0 0 0 0 0
0 1 0 0 0 0 0 0 0 0
0 1 0 0 0 0 0 0 0 0
0 0 0 0 0 0 0 0 0 0
Maze 180
103 606 3.3454545455 2.0979063311 71 0.373429452748255
72 87 52 94 48 20 65 77 37 28 23 68 23 80 34 72
82 82 92 44 18 15 75 400 27 400 63 63 73 74 32
401 401 401 402 402 402 401 400 402 400 401 401 401 401 402
0 0 0 0 0 0 0 0 0 0
0 0 0 0 1 1 1 1 1 1
0 0 1 1 1 1 1 1 0 0
0 1 1 1 1 0 1 1 0 0
0 1 1 1 1 1 1 1 0 0
0 1 1 1 1 0 1 0 0 0
0 1 1 1 1 1 1 1 0 0
0 2 1 1 1 1 1 1 1 1
0 1 1 1 1 1 1 0 0 0
0 1 1 1 0 0 0 0 0 0
Maze 181
77 172 2.7234042553 2.0180422358 26 0.389158627296586
80 68 18 46 33 22 17 58 62 25 57 33 25 12 7 80
78 400 16 43 32 12 57 52 22 55 53 23 22 2 77
401 400 402 401 401 402 401 402 402 401 401 402 401 402 401
0 1 1 1 1 1 1 0 0 0
0 1 1 1 1 1 1 1 0 0
0 1 1 1 1 1 1 1 0 0
0 1 1 0 1 1 1 1 0 0
0 1 1 1 1 1 1 1 0 0
0 1 1 1 1 1 1 1 0 0
0 1 0 0 0 0 1 1 0 0
0 0 0 0 0 0 1 1 1 2
0 0 0 0 0 0 0 0 0 0
0 0 0 0 0 0 0 0 0 0
Maze 182
83 32 2.8679245283 2.2028219586 26 0.366715166429430
55 95 70 39 6 78 88 2 3 31 9 29 66 88 79 55
400 65 69 36 76 400 82 400 1 1 400 26 86 78 75
400 402 401 401 401 400 401 400 402 402 400 402 401 402 401
1 1 1 1 1 1 1 1 1 0
1 1 0 0 0 1 0 0 1 0
1 1 0 0 0 1 1 1 1 0
1 1 0 0 0 1 1 1 1 0
0 1 0 0 0 1 0 0 1 0
0 1 0 0 2 1 0 0 1 0
0 1 0 0 1 1 1 1 1 1
0 1 0 0 1 1 1 1 1 0
0 1 1 1 1 1 1 1 0 0
0 0 0 0 1 0 0 0 0 0
Maze 183
123 632 3.2812500000 2.1680326206 112 0.386366394163321
34 76 27 33 81 6 25 99 17 34 81 80 32 99 15 34
74 26 23 31 1 5 95 97 14 31 71 72 92 95 14
401 402 402 402 402 402 401 401 402 402 402 401 401 401 402
1 1 1 1 1 1 0 0 0 0
1 0 0 1 1 1 1 0 0 0
1 0 1 1 1 1 1 0 0 0
1 1 1 2 1 1 1 0 0 0
1 1 0 1 1 1 1 0 0 0
1 1 0 1 1 1 1 0 0 0
1 1 0 1 1 1 1 0 0 0
1 1 1 1 1 1 1 1 1 1
1 1 0 0 1 0 1 0 0 0
0 1 1 1 1 1 1 1 1 0
Maze 184
97 11 2.7666666667 2.0917531492 58 0.366753769078638
67 24 37 60 9 22 87 22 89 70 43 98 96 65 77 67
64 34 57 59 2 82 82 82 69 63 93 400 95 75 400
401 401 401 401 402 401 401 401 402 401 401 400 401 401 400
0 1 1 1 1 1 1 1 1 0
0 1 0 0 0 0 0 0 1 0
0 1 0 1 0 0 0 0 1 0
0 1 0 1 1 1 1 0 1 0
0 1 1 1 0 0 1 0 1 0
0 1 1 1 0 0 1 1 1 1
0 1 1 1 1 1 2 1 1 1
0 1 1 0 1 1 1 0 1 0
0 1 1 1 1 1 1 1 1 0
0 0 1 1 1 1 1 1 0 0
Maze 185
115 60 3.4516129032 2.1640436624 120 0.380162200416964
86 15 80 55 97 30 68 27 87 97 33 91 60 31 14 86
85 75 75 95 27 28 67 400 400 93 31 51 51 11 84
401 401 401 401 402 402 401 400 400 401 402 402 401 402 401
0 0 0 0 0 0 0 0 0 0
1 1 1 1 1 0 0 0 0 0
1 0 0 1 1 0 1 1 1 1
1 1 1 1 1 0 1 1 0 0
1 0 1 1 1 0 1 1 0 0
1 1 1 1 1 1 1 1 1 1
1 0 1 1 1 0 1 1 0 0
1 0 1 1 1 1 1 1 1 1
1 0 1 1 1 2 1 0 0 0
1 0 1 1 1 1 1 0 0 0
Maze 186
107 58 3.3478260870 1.7934887472 92 0.382404898148001
39 64 2 4 60 69 83 38 73 23 4 61 59 21 53 39
34 62 400 54 59 63 33 33 400 3 1 51 51 51 33
402 401 400 401 402 402 402 402 400 402 402 402 401 401 402
1 1 1 1 0 0 0 0 0 0
1 1 1 1 0 0 0 0 0 0
1 1 1 1 0 0 0 0 0 0
1 1 1 1 1 1 1 1 2 0
1 1 1 1 0 0 0 0 0 0
1 1 1 1 1 1 1 1 1 1
1 1 1 1 1 1 1 1 1 0
0 0 1 0 0 0 0 0 0 0
0 0 1 0 0 0 0 0 0 0
0 0 0 0 0 0 0 0 0 0
Maze 187
85 69 3.7297297297 1.8320248375 50 0.385156157335016
6 55 60 25 45 29 40 58 35 62 40 65 34 74 49 6
5 400 55 400 25 39 38 55 32 32 35 64 400 44 46
402 400 401 400 402 401 402 401 402 402 402 401 400 402 401
0 0 0 0 1 2 0 0 0 0
0 0 0 0 1 1 0 0 0 0
0 0 0 0 1 1 1 1 1 0
0 1 1 1 1 1 1 1 1 1
0 1 0 1 1 1 1 1 1 0
0 1 0 1 1 1 1 1 1 1
0 1 0 1 1 0 0 0 0 0
0 0 0 1 0 0 0 0 0 0
0 0 0 0 0 0 0 0 0 0
0 0 0 0 0 0 0 0 0 0
Maze 188
101 145 3.2727272727 2.1633019004 71 0.374123838675527
95 83 38 49 83 5 14 50 77 14 71 45 82 95 58 95
93 33 48 43 3 4 44 47 74 11 41 42 92 55 55
401 402 401 402 402 402 401 402 401 402 402 402 401 402 402
0 0 1 1 1 0 0 0 0 0
1 1 1 1 0 0 0 0 0 0
1 0 1 1 0 0 0 0 0 0
1 0 1 1 1 1 1 1 0 0
1 1 1 1 1 1 1 1 1 1
1 1 1 1 1 1 1 1 0 0
1 1 1 1 1 0 1 0 0 0
1 1 1 1 1 1 1 0 0 0
0 1 1 0 1 0 0 0 0 0
0 1 1 1 2 0 0 0 0 0
Maze 189
81 1574 3.4146341463 2.0445426968 30 0.391718514560422
91 33 75 87 36 55 43 67 57 34 49 55 80 87 49 91
31 73 85 86 35 53 63 400 54 44 45 75 77 47 41
402 401 401 401 402 401 401 400 401 401 402 401 402 402 402
0 0 0 0 0 0 0 0 0 0
0 0 0 0 0 0 0 0 0 0
0 0 0 0 0 0 0 0 0 0
1 1 1 1 1 1 0 0 0 0
1 1 1 1 1 1 1 1 1 0
1 0 1 1 1 1 1 0 0 0
1 0 1 1 1 1 1 0 0 0
1 0 1 1 1 1 1 1 1 1
1 0 0 0 1 1 1 0 0 0
2 0 0 0 0 0 0 0 0 0
Maze 190
93 5 3.3333333333 2.1463343897 45 0.365144266916964
28 30 50 89 100 9 60 65 25 79 97 58 1 84 51 28
400 400 49 99 99 59 55 400 75 77 57 51 81 81 21
400 400 402 401 401 401 402 400 401 402 402 401 401 401 402
1 0 0 0 0 0 0 0 1 0
1 0 0 0 0 0 0 0 1 0
1 1 1 1 1 1 1 2 1 1
1 0 0 0 1 0 0 0 1 1
1 0 0 0 1 0 0 0 1 1
1 1 1 1 1 1 1 1 1 1
1 0 0 0 1 0 1 0 1 0
1 0 0 0 1 1 1 1 1 0
1 1 1 1 0 0 1 0 1 0
0 0 0 0 0 0 1 0 1 1
Maze 191
107 13 3.1000000000 2.1340820619 48 0.384642580164789
11 98 52 33 80 87 92 24 9 72 18 7 20 15 3 11
91 92 32 73 77 82 22 4 2 12 17 17 400 13 1
401 401 402 401 402 402 402 402 402 402 401 401 400 401 402
1 1 1 1 1 1 1 1 1 0
2 1 1 1 1 1 1 1 1 1
1 1 1 1 0 0 0 0 0 0
1 1 1 0 0 0 0 0 0 0
1 1 1 0 0 0 0 0 0 0
1 1 1 0 0 0 0 0 0 0
1 1 1 0 0 0 0 0 0 0
1 1 1 1 1 1 1 1 1 1
1 1 1 1 1 1 1 0 0 0
1 1 1 1 1 1 1 1 0 0
Maze 192
111 214 2.6461538462 2.1396951613 86 0.369665860414731
76 86 51 78 10 72 91 34 50 40 74 41 98 10 38 76
400 81 71 8 2 71 31 44 400 34 71 91 8 8 36
400 401 401 402 402 402 402 401 400 402 401 401 402 402 402
0 1 1 1 1 1 1 1 1 1
0 1 0 0 0 0 0 1 0 0
0 1 0 0 0 0 0 1 0 0
1 1 1 1 1 1 1 1 1 1
1 1 0 1 1 1 1 1 1 1
1 1 0 1 0 1 0 1 0 0
1 1 0 1 0 1 0 1 0 0
1 1 1 1 1 2 1 1 0 0
1 1 1 1 1 1 0 1 0 0
1 1 1 1 1 1 1 1 0 0
Maze 193
99 81 3.0689655172 2.1719068963 71 0.360602131409874
66 90 19 59 69 23 59 30 75 30 6 61 32 49 80 66
86 89 400 400 63 53 29 25 25 26 1 31 42 79 76
401 401 400 400 401 401 402 402 402 401 402 402 401 401 401
1 1 1 1 1 1 0 0 0 0
1 0 0 0 0 1 0 0 1 0
1 0 1 0 1 1 1 1 1 1
1 1 1 0 1 0 0 0 1 0
1 1 1 1 1 1 1 1 1 0
1 0 1 1 1 1 1 1 1 0
1 0 1 1 1 2 1 1 1 0
0 0 0 0 1 1 1 1 1 1
0 0 0 0 0 1 1 1 1 1
0 0 0 0 0 0 0 0 0 0
Maze 194
75 6 3.1052631579 1.9381657953 30 0.381681374454342
37 12 38 38 3 34 60 11 11 21 34 97 59 60 56 37
32 32 400 33 33 54 51 400 400 31 94 57 400 400 36
401 401 400 401 401 401 401 400 400 401 401 402 400 400 402
0 0 1 0 0 0 0 0 0 0
1 1 1 0 0 0 0 0 0 0
1 1 1 0 0 0 0 0 0 0
1 1 1 1 1 1 2 1 0 0
1 0 0 1 0 1 0 0 0 0
1 1 1 1 1 1 1 1 1 1
0 0 0 1 0 0 1 0 0 0
0 0 0 1 0 0 1 0 0 0
0 0 0 1 0 0 1 0 0 0
0 0 0 1 1 1 1 0 0 0
Maze 195
133 539 3.3529411765 2.2052950771 163 0.379958705805984
90 21 98 36 65 12 66 13 9 29 91 85 20 82 62 90
81 91 96 35 62 62 63 3 400 21 81 15 12 400 82
401 401 401 402 401 401 401 402 400 402 402 402 402 400 401
0 0 1 1 1 1 1 1 1 0
0 1 1 1 1 1 1 1 1 1
1 1 1 1 1 1 1 1 1 0
1 1 1 0 1 1 0 0 0 0
1 1 1 0 1 1 0 0 0 0
1 1 1 0 1 1 0 0 0 0
1 1 1 1 1 1 0 0 0 0
1 1 0 0 1 1 0 0 0 0
1 1 1 1 1 1 1 1 1 2
1 1 1 1 1 1 1 1 0 0
Maze 196
109 64 3.4800000000 1.9764579225 78 0.390534558647584
54 81 25 82 27 23 54 90 65 24 19 53 92 48 19 54
51 21 22 22 400 53 84 85 64 14 13 52 42 18 14
402 402 402 402 400 401 401 401 401 402 402 402 402 402 402
0 0 0 0 0 0 0 0 0 0
0 0 1 1 1 1 1 1 1 0
1 1 1 1 1 1 1 1 0 0
1 1 1 1 0 0 0 1 0 0
1 1 1 1 1 1 1 1 0 0
1 1 1 2 0 0 0 0 0 0
1 1 0 1 1 0 0 0 0 0
1 1 0 1 1 0 0 0 0 0
1 1 0 1 1 1 1 1 1 1
0 1 0 0 0 0 0 0 0 0
Maze 197
85 123 2.9818181818 2.2667425955 36 0.366644899341788
79 94 34 59 99 38 33 9 74 83 32 33 49 38 8 79
74 400 54 400 98 400 3 4 73 82 400 43 48 400 78
402 400 401 400 401 400 402 402 402 401 400 401 401 400 401
0 0 1 1 1 1 1 1 1 0
0 0 1 1 0 0 0 1 0 0
0 0 1 1 0 0 0 1 0 0
0 1 1 1 1 1 1 1 0 0
0 1 1 1 1 1 1 1 1 0
0 1 0 1 1 1 1 1 1 0
0 1 0 1 0 0 0 1 1 0
0 1 1 1 1 1 1 1 2 0
0 1 1 1 0 0 0 1 1 0
0 0 0 1 0 0 0 1 1 0
Maze 198
77 12 3.0400000000 2.2693307184 26 0.377846004378478
58 44 30 73 92 85 66 18 1 10 34 57 47 56 57 58
54 24 23 72 82 65 16 11 400 4 54 400 46 400 400
401 402 402 402 402 402 402 401 400 402 401 400 402 400 400
1 1 1 1 1 1 1 1 1 1
1 1 1 1 1 1 1 1 0 0
0 0 1 1 1 1 1 1 1 1
0 0 1 1 0 1 0 0 0 0
0 0 1 1 0 1 1 0 0 0
0 0 1 1 1 1 1 2 0 0
0 0 1 0 1 1 0 0 0 0
0 1 1 0 1 0 0 0 0 0
0 1 1 1 1 0 0 0 0 0
0 1 0 0 0 0 0 0 0 0
Maze 199
95 64 2.7936507937 2.3560508276 66 0.393524940492709
31 22 45 50 17 39 61 56 98 91 10 35 50 30 30 31
21 42 400 47 37 31 51 96 400 1 5 45 400 400 21
402 401 400 401 401 402 402 401 400 402 402 401 400 400 402
1 1 1 1 1 1 1 1 1 1
1 0 0 0 1 0 1 0 0 0
1 1 1 1 1 1 1 1 1 1
2 1 1 1 1 1 1 1 1 1
1 1 1 1 1 1 1 1 1 1
1 1 1 1 1 1 0 0 0 0
1 0 0 0 0 1 0 0 0 0
1 0 0 0 0 1 0 0 0 0
1 0 0 0 0 1 0 0 0 0
1 1 1 1 1 1 1 1 0 0
Maze 200
77 267 3.0400000000 2.2755603531 35 0.369288082903360
65 48 78 72 46 24 5 42 81 66 73 43 14 85 99 65
45 400 400 42 44 4 2 41 61 63 400 13 84 95 95
402 400 400 402 401 402 402 402 402 402 400 402 401 401 401
0 1 1 1 1 0 0 0 0 0
0 1 1 1 0 0 0 0 0 0
0 1 1 1 0 0 0 0 0 0
0 1 1 1 0 0 0 0 0 0
1 1 1 1 1 1 1 1 0 0
1 1 1 1 1 0 0 1 0 0
1 1 1 1 2 1 0 1 0 0
1 1 1 1 1 1 1 1 0 0
1 0 0 1 1 0 0 0 0 0
0 0 0 0 1 1 1 1 1 0
