numMazes: 200
mazeSize: 10
Maze 1
103 356 3.2187500000 2.2790326024 84 0.395783939672454
12 1 49 28 42 98 4 14 59 88 91 86 6 77 67 12
11 41 48 22 92 94 400 54 58 81 81 400 76 400 62
401 401 401 402 401 401 400 401 402 402 402 400 401 400 401
1 0 0 1 0 1 0 0 0 0
1 2 0 1 0 1 0 0 0 0
1 1 1 1 1 1 1 1 0 0
1 1 0 1 0 1 0 1 0 0
1 1 1 1 1 1 1 1 1 0
0 1 0 1 1 1 1 1 1 0
0 1 1 1 1 1 1 1 0 0
0 1 0 1 0 1 1 1 0 0
1 1 1 1 1 1 1 1 0 0
1 1 1 1 1 1 1 1 0 0
Maze 2
111 117 3.9230769231 2.0980793557 85 0.385533779262635
32 49 42 74 53 30 92 24 3 80 44 59 66 99 67 32
42 400 72 73 23 22 22 23 73 74 54 56 96 97 62
401 400 401 401 402 402 402 401 401 401 401 402 401 401 401
0 0 1 0 0 0 0 0 0 0
0 0 1 0 0 0 0 0 0 0
0 1 1 1 1 1 1 1 1 1
0 2 1 0 0 0 0 0 0 0
0 1 1 1 1 1 1 1 1 0
0 1 1 1 1 1 1 1 1 0
0 1 1 1 1 1 1 0 0 0
0 1 1 1 1 1 1 1 1 1
0 1 0 0 0 1 1 0 0 0
0 1 0 0 0 1 1 1 1 0
Maze 3
101 30 3.0819672131 2.2126112110 84 0.376248403567268
74 42 95 60 53 87 47 1 49 3 40 38 26 6 12 74
72 92 55 400 83 400 41 41 43 33 400 36 400 2 72
401 401 402 400 401 400 401 401 401 401 400 401 400 402 401
1 1 1 1 1 1 0 0 0 0
1 1 1 0 0 1 0 0 0 0
1 1 1 0 0 1 0 0 0 0
1 1 1 1 1 1 1 1 1 1
1 1 1 1 1 1 1 1 1 0
0 1 1 1 1 1 1 1 1 1
0 1 1 0 1 0 1 0 0 0
0 1 1 2 1 0 1 0 0 0
0 1 1 1 1 1 1 0 0 0
0 1 1 1 1 0 0 0 0 0
Maze 4
79 46 2.7200000000 2.0755587813 25 0.370998484317129
64 85 70 27 18 43 29 39 47 55 58 87 72 60 17 64
84 65 67 17 13 23 400 37 45 400 57 82 52 57 14
401 402 401 402 402 402 400 402 402 400 402 401 402 401 402
0 0 0 0 0 0 0 0 0 0
0 0 1 1 1 1 1 1 0 0
0 0 1 1 1 1 1 1 1 0
0 0 1 1 0 0 1 1 1 0
0 0 1 1 1 1 1 0 0 0
0 1 1 1 1 1 1 1 1 1
0 1 0 2 1 1 1 1 1 1
0 1 0 1 1 0 1 0 0 0
0 1 1 1 1 1 1 0 0 0
0 0 0 0 0 0 0 0 0 0
Maze 5
89 158 3.1538461538 2.1667049426 38 0.381067147376783
1 64 64 88 55 100 55 24 12 12 97 48 52 14 53 1
61 400 84 85 95 95 54 22 400 92 47 42 12 13 51
401 400 401 401 401 401 401 401 400 401 402 402 402 402 401
2 0 0 0 0 0 0 0 0 0
1 1 1 1 0 0 0 0 0 0
1 1 1 1 0 0 0 0 0 0
1 1 1 1 0 0 0 0 0 0
1 1 1 1 1 1 1 1 0 0
1 1 1 1 1 0 1 0 0 0
1 1 1 1 1 0 1 0 0 0
0 1 0 1 1 0 1 0 0 0
0 1 0 1 1 1 1 1 0 0
0 1 1 1 1 1 1 1 1 1
Maze 6
91 1026 2.8518518519 2.1446459614 50 0.366912612760134
60 78 96 65 16 90 20 56 44 70 77 23 42 58 63 60
58 76 95 15 86 400 16 54 64 67 73 22 52 53 53
402 402 401 402 401 400 402 401 401 402 401 402 401 402 402
0 0 0 0 0 0 0 0 0 0
0 0 0 0 1 1 1 1 1 1
0 1 1 0 1 1 0 0 0 1
0 1 1 0 1 1 0 0 0 1
0 1 1 1 1 1 0 0 0 1
0 1 1 1 1 1 1 1 1 2
0 0 1 1 1 1 1 1 1 1
0 0 1 1 1 1 1 1 0 1
0 0 0 0 1 1 1 1 1 1
0 0 0 0 1 1 0 0 0 0
Maze 7
103 265 3.7872340426 2.0190077300 66 0.377397666354378
83 83 57 24 66 29 98 47 51 27 1 59 51 49 43 83
400 53 54 64 26 28 97 41 21 21 51 400 41 400 400
400 402 401 401 402 402 401 402 402 401 401 400 402 400 400
1 0 0 0 0 0 0 0 0 0
1 0 0 0 0 0 0 0 0 0
1 1 1 1 1 1 1 1 1 0
1 0 0 1 0 1 0 1 0 0
1 1 1 1 1 1 1 1 1 0
1 1 1 1 1 1 1 1 1 0
0 0 1 1 1 1 1 1 0 0
0 0 1 0 0 0 1 1 0 0
0 0 2 0 0 0 1 1 0 0
0 0 0 0 0 0 1 1 0 0
Maze 8
79 8 3.0434782609 2.0926160557 30 0.394729219117556
34 52 23 72 91 33 63 24 83 15 27 54 100 96 46 34
32 22 22 71 31 400 23 23 13 25 24 94 400 400 44
402 402 402 402 402 400 402 402 402 401 402 401 400 400 401
0 0 0 0 0 0 0 0 0 0
0 0 1 1 1 0 0 0 0 0
0 1 1 1 1 1 1 0 0 0
1 1 1 2 0 0 0 0 0 0
1 1 1 1 1 1 0 0 0 0
1 1 1 1 0 1 0 0 0 0
1 1 1 1 0 1 0 0 0 0
1 1 1 1 0 1 0 0 0 0
1 0 1 1 0 1 0 0 0 0
1 0 0 1 1 1 1 1 1 1
Maze 9
85 63 3.4666666667 2.1126964219 44 0.375092789579025
62 21 41 32 40 64 25 12 97 14 51 68 83 74 63 62
61 400 31 400 34 24 22 92 94 11 61 63 73 73 400
401 400 402 400 402 402 401 401 401 402 401 402 402 401 400
0 0 0 0 0 0 0 0 0 0
1 1 1 1 0 0 0 0 0 0
1 1 1 1 1 0 0 0 0 0
1 1 1 1 1 1 1 1 1 1
1 1 0 1 0 0 0 0 0 0
1 1 0 1 0 0 0 0 0 0
1 2 1 1 1 1 1 1 0 0
0 1 1 1 0 0 0 0 0 0
0 1 1 1 0 0 0 0 0 0
0 1 1 1 1 1 1 0 0 0
Maze 10
71 33 3.2500000000 2.0777899335 13 0.390680404466484
46 41 42 21 26 7 25 43 14 63 98 15 66 37 6 46
400 400 41 400 6 5 23 13 13 93 95 65 36 36 400
400 400 401 400 402 402 402 402 402 401 401 401 402 401 400
0 0 0 0 1 1 1 0 0 0
0 0 1 1 1 1 0 0 0 0
1 1 1 1 1 1 0 0 0 0
1 0 1 0 1 1 1 0 0 0
1 1 1 1 1 2 0 0 0 0
0 0 1 0 1 1 0 0 0 0
0 0 1 0 1 1 0 0 0 0
0 0 1 0 1 0 0 0 0 0
0 0 1 0 1 0 0 0 0 0
0 0 1 1 1 1 1 1 0 0
Maze 11
67 17 2.4150943396 2.4087347466 12 0.348934246314003
96 50 40 30 39 24 51 17 47 67 79 24 12 23 53 96
46 400 400 29 34 21 11 400 400 77 74 22 22 400 93
402 400 400 402 401 402 402 400 400 401 401 401 401 400 401
0 0 0 0 0 0 0 0 0 0
1 1 1 1 1 1 1 0 0 0
1 1 1 1 0 0 1 0 1 1
1 0 1 1 1 1 1 1 1 1
1 0 1 1 0 1 1 1 1 1
1 0 1 1 0 1 1 0 0 0
0 0 1 1 0 1 1 0 0 0
0 0 1 1 1 1 1 1 1 0
0 0 1 0 0 1 0 0 0 0
0 0 1 1 1 2 0 0 0 0
Maze 12
77 714 2.9787234043 2.1189443476 21 0.385164725981024
26 13 15 75 69 43 20 90 6 16 26 84 45 53 36 26
23 400 400 65 63 13 400 86 400 400 24 44 43 33 400
401 400 400 402 401 402 400 401 400 400 402 402 402 402 400
0 0 0 0 0 1 0 0 0 0
0 0 1 1 1 1 1 1 1 1
0 0 1 1 1 2 0 0 0 1
0 0 1 1 1 1 0 0 0 1
0 0 1 1 1 1 0 0 0 1
0 0 1 1 1 1 0 0 0 1
0 0 1 1 1 1 1 1 1 1
0 0 0 1 1 1 0 0 0 1
0 0 0 1 0 1 1 1 1 1
0 0 0 0 0 0 0 0 0 0
Maze 13
77 8 3.7714285714 1.9507741613 22 0.367442619015426
55 96 75 53 19 3 47 42 75 46 72 63 62 46 28 55
95 95 73 13 13 43 400 72 45 42 62 400 42 26 25
401 401 401 402 401 401 400 401 402 402 402 400 402 402 402
0 0 1 0 0 0 0 0 0 0
0 0 1 1 1 1 1 1 1 0
0 0 1 0 1 1 1 1 0 0
0 0 1 0 1 1 0 0 0 0
0 1 1 1 1 1 1 0 0 0
0 1 1 0 2 0 0 0 0 0
0 1 1 0 1 0 0 0 0 0
0 1 1 1 1 0 0 0 0 0
0 0 0 0 1 0 0 0 0 0
0 0 0 0 1 1 0 0 0 0
Maze 14
81 106 3.1627906977 1.9306319463 26 0.389800353483132
57 31 44 70 97 97 73 83 67 24 95 77 100 91 85 57
51 41 64 67 400 93 400 63 64 94 75 97 400 81 55
401 401 401 402 400 401 400 402 401 401 402 401 400 402 402
0 0 0 0 0 0 0 0 0 0
0 0 0 0 0 0 0 0 0 0
0 0 0 1 0 0 0 0 0 0
1 0 0 1 0 0 0 0 0 0
1 1 1 1 0 0 0 0 0 0
1 1 1 1 1 1 2 0 0 0
0 0 1 1 1 1 1 1 1 1
0 0 1 1 1 1 1 0 0 0
1 1 1 1 1 0 1 0 0 0
1 1 1 1 1 1 1 1 1 1
Maze 15
119 1031 3.3571428571 1.9530308903 156 0.399918667692204
37 29 50 8 87 1 55 18 77 14 68 86 1 29 85 37
27 49 48 7 81 51 15 17 74 64 66 81 21 25 35
402 401 401 402 401 401 402 402 401 401 402 401 401 402 402
1 0 0 0 0 0 1 1 0 0
1 0 0 1 1 1 1 1 0 0
1 1 1 1 1 1 1 1 1 0
1 0 0 1 1 1 2 1 1 0
1 0 0 1 1 0 1 1 1 1
1 1 1 1 1 0 1 0 0 0
1 0 0 1 1 1 1 1 0 0
1 0 0 1 1 1 1 0 0 0
1 1 1 1 1 1 1 0 0 0
0 0 0 0 0 0 0 0 0 0
Maze 16
111 59 3.4716981132 1.9973055156 71 0.373021167639155
54 43 95 63 37 74 22 62 66 8 2 90 11 88 53 54
53 93 93 33 34 72 400 400 6 400 82 81 81 83 400
401 401 401 402 402 401 400 400 402 400 401 401 401 401 400
0 1 1 1 1 1 1 1 0 0
1 1 0 0 0 1 0 0 0 0
1 1 0 0 0 1 0 0 0 0
1 1 1 1 1 1 1 0 0 0
1 1 1 1 0 1 0 0 0 0
1 1 1 2 0 1 0 0 0 0
1 1 1 1 1 1 0 0 0 0
1 1 1 1 0 0 0 0 0 0
1 1 1 1 1 1 1 1 1 1
0 0 1 1 1 0 0 0 0 0
Maze 17
129 123 3.3043478261 2.2085887767 128 0.399263113657812
10 93 61 81 45 77 40 95 27 100 53 94 17 64 81 10
3 91 400 41 75 37 35 25 97 93 93 14 14 61 1
402 401 400 402 401 402 402 402 401 401 401 402 402 402 402
1 1 1 1 1 1 1 1 1 2
1 0 1 1 1 1 1 0 0 0
1 0 1 1 1 1 1 0 0 0
1 0 1 1 1 1 1 1 1 1
1 1 1 1 1 0 1 0 0 0
1 0 1 1 1 0 1 0 0 0
1 1 1 1 1 0 1 0 0 0
1 0 1 1 1 1 1 0 0 0
1 0 1 1 1 0 1 0 0 0
1 1 1 1 1 1 1 1 1 1
Maze 18
79 101 3.3023255814 2.1085041588 26 0.374943490488514
96 57 73 74 58 75 25 63 74 42 40 34 94 53 89 96
56 53 400 54 55 400 23 73 72 32 400 400 93 83 86
402 402 400 402 402 400 402 401 401 402 400 400 401 401 402
0 0 0 0 0 0 0 0 0 0
0 0 0 0 0 0 0 0 0 0
0 0 1 1 1 0 0 0 0 0
0 1 1 1 1 1 1 1 1 1
0 1 1 1 1 0 0 0 0 0
0 1 1 1 1 1 1 1 0 0
0 1 1 1 1 1 0 0 0 0
0 1 1 1 1 1 0 0 0 0
0 0 1 1 1 1 1 1 1 0
0 0 1 1 0 2 0 0 0 0
Maze 19
89 35 3.3469387755 2.1025120994 56 0.390851656503100
32 13 17 96 58 79 80 61 27 44 94 27 42 32 49 32
12 400 16 56 78 400 71 21 24 400 24 22 400 42 42
402 400 402 402 401 400 401 402 402 400 402 402 400 401 401
0 0 0 0 0 0 0 0 0 0
0 1 1 1 1 1 1 0 0 0
1 1 1 1 1 1 1 0 0 0
1 2 0 1 0 1 0 0 0 0
1 1 1 1 1 1 1 1 1 0
1 0 0 1 0 1 1 1 0 0
1 0 0 1 0 1 0 1 0 0
1 1 1 1 1 1 1 1 1 1
0 0 0 1 0 1 0 0 0 0
0 0 0 1 0 1 0 0 0 0
Maze 20
107 129 3.1481481481 2.0564018782 85 0.401459163514232
91 2 8 47 58 72 14 83 67 91 64 60 25 4 59 91
1 400 7 57 52 12 13 63 61 61 54 55 24 54 51
402 400 402 401 402 402 402 402 402 402 402 401 401 401 402
1 1 1 1 1 1 1 1 0 0
1 1 1 1 0 0 1 0 0 0
1 1 1 1 1 0 1 0 0 0
1 1 1 1 1 0 1 0 0 0
1 1 1 1 1 0 1 0 0 0
1 1 1 1 1 1 1 1 1 1
1 1 1 1 1 1 1 0 0 0
1 1 1 0 0 0 0 0 0 0
1 0 1 0 0 0 0 0 0 0
2 0 0 0 0 0 0 0 0 0
Maze 21
95 597 2.9508196721 2.2912421463 84 0.393646947414212
79 83 18 66 76 9 100 75 46 88 8 20 23 28 57 79
73 13 16 400 6 99 95 45 86 400 18 13 400 27 77
402 402 402 400 402 401 401 402 401 400 401 402 400 402 401
0 0 0 0 0 1 1 1 1 0
0 0 1 1 1 1 1 1 1 1
0 0 1 1 1 1 1 1 1 0
0 0 1 0 0 1 1 1 1 0
0 0 1 0 1 1 1 1 1 0
0 0 1 0 1 1 1 1 1 0
0 0 1 0 1 1 1 1 1 0
0 0 1 1 1 1 1 1 2 0
0 0 1 0 1 1 1 1 1 0
0 0 0 0 1 1 1 1 1 1
Maze 22
127 390 3.0400000000 2.1987427741 142 0.385262275988256
57 78 17 69 2 99 8 40 80 91 10 83 22 2 53 57
77 77 67 62 92 98 38 400 71 1 3 82 400 52 400
401 401 401 401 401 401 401 400 402 402 402 401 400 401 400
1 1 1 1 1 1 1 1 1 1
1 1 1 0 0 0 1 1 0 0
1 1 1 0 0 0 1 1 0 0
1 1 1 0 0 0 1 1 1 1
1 1 1 0 0 0 1 1 0 1
1 1 1 1 1 1 2 1 0 1
1 1 1 1 1 1 1 1 1 1
1 1 1 1 1 1 1 1 1 1
1 1 1 0 0 0 0 1 0 0
1 1 1 1 1 1 1 1 1 0
Maze 23
95 468 3.3454545455 2.2000583642 60 0.378826085299850
89 88 94 9 45 91 75 63 95 47 49 46 75 18 32 89
400 84 4 5 41 71 73 93 45 400 400 45 15 12 82
400 402 402 402 402 402 401 401 402 400 400 402 402 402 401
0 0 0 1 1 1 1 1 1 0
0 1 1 1 1 1 1 1 0 0
0 1 0 1 1 0 0 0 0 0
0 1 0 1 1 0 0 0 0 0
1 1 1 1 1 1 1 1 1 0
1 1 0 1 1 0 0 0 0 0
1 1 1 1 1 0 0 0 0 0
1 1 1 1 1 0 0 0 0 0
1 1 1 1 1 1 1 1 2 0
1 0 1 1 1 0 0 0 0 0
Maze 24
101 16 2.9354838710 2.2279068081 71 0.390562892180711
18 20 98 3 7 53 13 82 61 26 39 27 13 38 84 18
400 18 93 400 3 400 12 81 21 36 37 23 33 34 14
400 402 401 400 402 400 402 401 402 401 401 401 401 402 402
0 0 1 1 1 1 1 0 0 0
0 1 1 1 1 1 1 2 1 1
1 1 1 1 1 1 1 1 0 0
1 1 1 1 1 1 1 1 1 0
1 1 1 1 0 0 0 1 0 0
1 1 1 1 0 0 0 1 0 0
1 1 1 1 0 0 0 1 0 0
1 1 1 1 0 0 0 1 0 0
1 1 1 1 0 0 0 1 0 0
0 0 1 1 1 1 1 1 0 0
Maze 25
93 26 2.9818181818 2.1110656681 44 0.382584045102610
40 39 95 60 36 3 71 59 12 43 6 8 5 30 80 40
400 35 55 56 33 1 51 52 42 3 400 400 25 400 400
400 402 402 401 401 402 402 401 401 402 400 400 401 400 400
1 1 1 1 1 1 1 1 0 0
1 1 1 0 1 0 0 0 0 0
1 1 1 0 1 1 1 1 1 1
1 1 1 1 1 1 1 1 1 2
1 1 1 0 1 1 0 0 0 1
1 1 1 1 1 1 1 1 1 1
1 0 0 0 1 0 0 0 0 1
1 0 0 0 1 0 0 0 0 1
0 0 0 0 1 0 0 0 0 0
0 0 0 0 1 0 0 0 0 0
Maze 26
91 56 3.2452830189 2.2621608086 41 0.383343838884619
76 9 23 28 37 3 92 20 27 16 16 30 84 43 43 76
6 3 400 27 33 2 12 17 26 400 26 24 83 400 73
402 402 400 402 401 402 402 402 401 400 401 402 401 400 401
0 1 1 1 1 1 1 1 1 0
0 1 1 1 1 1 1 1 1 1
0 1 1 1 1 1 1 1 1 1
0 1 1 1 1 1 1 0 0 0
0 1 1 1 0 1 0 0 0 0
0 1 1 1 0 1 0 0 0 0
0 1 1 1 0 1 0 0 0 0
0 1 1 1 1 2 0 0 0 0
0 1 1 1 0 0 0 0 0 0
0 1 0 0 0 0 0 0 0 0
Maze 27
109 439 3.0943396226 1.9641229842 112 0.387135058401232
69 21 50 88 2 31 77 68 27 29 86 42 64 1 21 69
61 41 48 82 1 71 67 67 400 26 82 62 61 400 61
401 401 402 401 402 401 402 401 400 402 401 401 401 400 401
1 1 0 0 0 0 0 0 0 0
1 1 0 0 0 0 0 0 0 0
1 1 0 0 0 1 1 1 1 0
1 1 0 0 0 1 1 0 0 0
1 1 1 1 1 1 1 1 1 1
1 1 0 0 0 1 1 1 0 0
1 1 1 1 1 1 1 1 2 0
1 1 1 1 1 1 1 1 0 0
0 1 1 1 1 1 1 1 0 0
0 0 0 0 0 0 0 0 0 0
Maze 28
105 3882 3.3333333333 2.0666966352 112 0.384216171575109
85 37 46 1 58 79 96 5 89 27 44 40 62 89 78 85
35 36 41 51 78 76 95 85 87 24 34 32 82 88 75
402 402 401 401 401 402 401 401 401 402 402 402 401 401 402
1 0 0 0 1 0 0 0 0 0
1 0 0 0 1 0 0 0 0 0
1 0 0 1 1 1 1 0 0 0
1 1 1 1 1 1 1 1 1 1
1 1 1 1 1 1 1 0 0 0
1 1 1 1 1 1 1 1 0 0
0 1 0 0 1 0 1 1 0 0
0 1 0 0 1 1 1 1 1 0
0 1 1 1 2 1 1 1 1 0
0 0 0 0 1 1 0 0 0 0
Maze 29
95 26 3.7727272727 2.1132910682 60 0.376489791717920
66 92 74 47 25 74 83 81 45 94 21 18 51 97 92 66
62 72 44 45 24 73 400 41 44 91 11 11 91 400 62
402 402 402 401 402 402 400 402 402 401 402 402 401 400 402
0 0 0 0 0 0 0 0 0 0
1 1 1 1 1 1 1 1 0 0
1 0 0 1 1 0 0 0 0 0
1 0 0 1 1 0 0 0 0 0
1 1 1 1 1 1 1 0 0 0
1 0 0 1 0 0 0 0 0 0
1 1 1 1 1 2 0 0 0 0
1 1 1 1 0 0 0 0 0 0
1 1 1 1 0 0 0 0 0 0
1 1 1 1 1 1 1 0 0 0
Maze 30
115 172 3.4642857143 2.1022229742 126 0.392508885347768
66 1 12 91 2 29 91 99 55 40 3 56 94 87 99 66
61 11 11 1 22 21 400 95 35 33 53 54 84 97 96
401 401 402 402 401 402 400 401 402 401 401 402 402 401 401
1 1 1 0 0 0 0 0 0 0
1 1 1 0 0 0 0 0 0 0
1 1 1 1 1 1 1 1 1 0
1 0 1 1 1 1 1 1 1 1
1 0 1 0 1 0 0 0 0 0
1 0 1 1 1 1 0 0 0 0
1 1 1 1 1 2 0 0 0 0
1 0 0 1 1 1 0 0 0 0
1 0 0 1 1 1 1 0 0 0
1 1 1 1 1 1 1 1 1 0
Maze 31
111 120 3.0000000000 2.0502229881 98 0.378434343142364
37 64 26 10 41 49 75 27 31 11 49 66 11 89 60 37
34 24 6 1 400 45 25 21 400 41 46 61 81 59 57
402 402 402 402 400 402 402 402 400 401 402 401 401 402 401
1 1 1 1 1 1 1 1 1 1
1 0 0 0 0 1 0 0 0 0
1 1 1 1 1 1 1 0 0 0
1 0 0 1 1 1 2 0 0 0
1 1 1 1 1 1 1 1 1 0
1 0 0 1 1 1 1 1 1 1
1 1 1 1 1 1 0 0 1 0
1 0 0 0 1 0 0 0 1 0
1 1 1 1 1 1 1 1 1 0
0 0 0 0 0 0 0 0 0 0
Maze 32
103 202 3.1864406780 2.3395435301 64 0.389456176667637
61 35 20 21 83 55 95 21 78 84 22 48 89 68 47 61
31 15 11 81 53 400 91 71 74 82 42 88 88 67 41
402 402 402 401 402 400 401 401 402 401 401 401 401 401 402
0 0 0 0 0 0 0 0 0 0
1 1 1 1 1 1 1 1 1 1
1 1 0 0 1 0 0 0 0 0
1 1 1 1 1 0 0 0 0 0
1 1 1 1 1 1 1 1 0 0
1 1 1 1 1 0 1 1 0 0
2 1 1 0 1 0 1 1 0 0
1 1 1 1 1 1 1 1 0 0
1 1 1 1 1 0 0 1 1 0
1 1 1 1 1 0 0 0 0 0
Maze 33
105 105 3.1864406780 2.1624712156 104 0.383825343064047
88 31 18 56 37 65 19 19 82 44 4 95 38 80 64 88
81 11 16 36 35 15 400 12 42 400 94 35 78 74 84
401 402 402 402 402 402 400 402 402 400 401 402 401 401 401
0 0 0 1 0 0 0 0 0 0
1 1 1 1 1 1 1 1 1 0
1 1 0 1 1 1 0 0 0 0
1 1 0 1 1 1 1 1 0 0
1 1 1 1 1 1 0 1 0 0
1 1 0 1 1 1 0 1 0 0
1 1 0 1 1 0 0 1 0 0
1 1 0 1 1 1 1 1 1 1
1 1 1 1 1 1 1 2 0 0
0 0 0 1 1 0 0 0 0 0
Maze 34
95 130 3.3461538462 2.1559524309 77 0.383321562906723
5 49 3 64 36 84 70 64 19 13 86 76 98 78 9 5
45 43 63 34 34 64 400 14 400 83 400 96 400 8 400
401 401 401 402 402 402 400 402 400 401 400 401 400 402 400
0 0 1 0 2 1 1 1 1 0
0 0 1 1 1 1 1 1 1 0
0 0 1 1 1 0 0 1 0 0
0 0 1 1 1 1 0 1 0 0
0 0 1 1 1 1 1 1 1 0
0 0 1 1 0 0 0 1 0 0
0 0 1 1 1 1 1 1 1 1
0 0 1 1 0 1 0 1 0 0
0 0 1 1 1 1 0 1 0 0
0 0 0 0 0 1 1 1 0 0
Maze 35
85 52 3.0188679245 2.2718400687 56 0.383535010765490
67 31 21 29 15 24 92 23 35 58 65 97 38 6 42 67
61 400 400 25 14 22 22 33 55 55 95 37 36 2 62
401 400 400 401 402 402 402 401 401 402 401 402 401 402 401
0 1 1 1 1 1 0 0 0 0
0 1 0 1 1 1 0 0 0 0
1 1 1 1 1 1 1 1 1 0
1 1 1 1 1 1 1 1 0 0
1 1 0 0 1 0 1 0 0 0
1 1 0 0 1 1 1 1 0 0
1 1 1 1 1 1 2 0 0 0
0 1 0 0 1 0 1 0 0 0
0 1 0 0 1 0 1 0 0 0
0 1 0 0 1 1 1 0 0 0
Maze 36
93 10 2.8070175439 2.0493196667 36 0.383703109507245
9 53 66 30 26 22 90 12 82 94 90 59 68 78 17 9
3 63 26 400 400 82 82 400 92 84 89 58 400 77 7
402 401 402 400 400 401 401 400 401 402 401 402 400 401 402
0 0 1 1 1 1 1 1 2 0
0 1 1 0 0 0 1 0 0 0
0 1 1 1 1 1 1 1 1 1
0 1 1 0 0 1 1 0 0 0
0 1 1 0 0 1 1 0 0 0
0 1 1 0 0 1 1 1 1 0
0 1 1 1 1 1 1 1 1 0
0 1 0 0 0 0 1 1 1 0
0 1 1 1 1 1 1 1 1 1
0 1 1 1 0 0 0 0 0 0
Maze 37
127 37 3.8431372549 1.8264681904 146 0.381120547853676
84 13 27 73 99 27 1 13 71 78 11 81 98 31 30 84
83 23 23 93 97 21 11 11 400 71 400 91 91 21 24
401 401 402 401 401 401 401 402 400 401 400 401 401 402 402
1 0 0 0 0 0 0 0 0 0
1 1 1 0 0 0 0 0 0 0
1 1 1 1 1 1 1 1 1 1
1 0 1 1 0 0 1 0 0 0
1 0 1 1 0 0 1 0 0 0
1 0 1 1 0 0 1 0 0 0
1 0 1 1 0 0 1 0 0 0
1 1 1 1 1 1 1 1 0 0
1 0 1 2 0 0 1 0 0 0
1 1 1 1 1 1 1 1 1 0
Maze 38
85 77 3.3200000000 2.2330575306 41 0.376387297225087
55 61 81 77 14 62 18 36 14 6 25 74 100 83 46 55
51 400 71 74 12 12 16 34 4 5 24 94 93 43 45
402 400 402 401 402 402 402 401 402 402 402 401 401 402 402
0 0 0 1 1 1 0 0 0 0
0 1 1 1 1 1 1 1 0 0
0 1 0 1 1 1 0 0 0 0
0 1 0 1 1 1 0 0 0 0
0 1 1 1 1 1 0 0 0 0
1 1 1 1 2 0 0 0 0 0
1 1 1 1 0 0 0 0 0 0
1 1 1 1 1 1 1 0 0 0
1 0 1 1 0 0 0 0 0 0
0 0 1 1 1 1 1 1 1 1
Maze 39
103 193 2.8813559322 2.0917531492 33 0.393454289886009
20 70 85 99 34 82 100 11 67 85 53 56 21 31 27 20
400 65 95 94 32 92 91 61 65 83 400 51 400 21 17
400 402 401 401 402 401 401 401 402 401 400 401 400 402 402
0 0 0 0 0 0 0 0 0 0
1 0 0 0 0 0 1 1 1 2
1 1 1 1 1 1 1 0 0 1
1 1 1 1 0 0 0 0 0 1
1 1 0 1 0 0 0 0 0 1
1 1 1 1 1 1 0 0 0 1
1 1 1 1 1 1 1 1 1 1
1 1 1 1 1 0 0 0 0 0
1 1 1 1 1 0 0 0 0 0
1 1 1 1 1 1 1 1 1 1
Maze 40
91 35 3.0740740741 2.1132910682 44 0.380437462580107
36 69 67 98 84 33 49 21 97 44 7 16 55 34 96 36
66 400 97 94 83 43 41 91 94 4 6 15 54 94 400
401 400 401 401 401 401 401 401 401 402 402 402 401 401 400
0 0 0 1 1 1 1 0 0 0
0 0 0 1 1 1 0 0 0 0
1 0 0 1 1 0 0 0 0 0
1 0 1 1 1 2 0 0 0 0
1 1 1 1 1 1 1 1 1 0
1 0 1 1 1 1 0 0 0 0
1 0 1 1 0 1 1 1 1 0
1 0 1 1 0 1 1 0 0 0
1 0 1 1 0 1 1 0 0 0
1 1 1 1 1 1 1 1 0 0
Maze 41
117 71 3.2131147541 2.0331821236 117 0.398272855881527
27 73 10 98 84 90 82 33 66 43 77 13 48 52 70 27
23 3 8 94 400 400 32 63 63 73 73 43 42 62 67
402 402 402 401 400 400 402 401 401 401 401 401 402 401 401
0 0 1 1 1 1 1 1 1 1
0 0 1 0 0 0 0 1 0 0
0 0 1 1 1 1 2 1 0 0
0 1 1 0 0 0 1 1 0 0
0 1 1 1 1 1 1 1 0 0
0 1 1 0 0 0 1 1 0 0
0 1 1 1 1 1 1 1 1 1
0 1 1 1 1 1 1 1 0 0
0 1 1 1 1 1 1 1 1 1
0 0 0 1 1 1 1 1 0 0
Maze 42
117 10545 2.9090909091 2.3477566560 132 0.381275230364091
45 93 6 34 39 29 61 60 70 93 78 97 20 22 100 45
43 3 4 400 400 21 51 400 63 73 77 17 12 92 95
402 402 402 400 400 402 402 400 402 402 402 402 402 401 401
0 0 1 1 1 1 0 0 0 0
0 1 1 1 1 1 1 1 1 1
1 1 1 1 1 1 1 1 1 0
1 1 1 1 1 1 1 1 1 0
1 1 1 1 2 0 1 0 0 0
1 1 1 1 1 1 1 1 1 1
1 1 1 1 1 1 1 1 1 1
0 1 1 1 1 1 1 1 0 0
0 1 1 0 1 0 1 0 0 0
0 1 1 1 1 1 1 1 1 1
Maze 43
111 285 3.2962962963 2.0076152131 112 0.374590901666505
77 31 70 76 58 19 94 36 21 82 17 25 40 21 67 77
71 61 66 56 18 14 34 31 81 12 15 35 31 61 400
401 401 402 402 402 402 402 401 401 402 402 401 401 401 400
0 0 0 0 0 0 0 0 0 0
0 1 1 1 1 1 1 1 1 0
1 1 0 1 1 0 0 1 0 0
1 1 1 1 1 1 1 1 1 1
1 1 0 1 0 0 0 1 0 0
1 1 0 1 0 1 1 1 0 0
1 1 1 1 1 1 1 1 1 1
1 1 1 1 1 1 2 0 0 0
1 1 0 1 0 0 0 0 0 0
0 0 0 1 0 0 0 0 0 0
Maze 44
115 242 3.3846153846 2.3245760279 105 0.397592130278527
26 61 49 48 91 8 54 74 27 98 84 93 70 38 72 26
21 41 400 41 1 4 400 24 97 94 83 63 68 32 22
402 402 400 402 402 402 400 402 401 401 402 402 401 402 402
1 1 1 1 1 1 1 1 0 0
1 0 0 1 0 0 0 0 0 0
1 1 1 1 1 2 1 0 0 0
1 1 1 1 1 1 1 1 0 0
1 1 1 1 1 1 1 1 1 0
1 1 0 1 0 0 1 1 0 0
1 1 1 1 1 1 1 1 1 1
1 1 1 1 0 0 1 0 0 0
1 0 1 1 0 0 1 0 0 0
1 0 1 1 1 1 1 1 0 0
Maze 45
75 50 2.9565217391 2.0912557827 26 0.375149995950110
87 66 86 59 44 64 2 63 17 70 79 44 32 31 66 87
86 400 56 54 400 62 62 13 67 69 74 42 400 61 86
401 400 402 401 400 401 401 402 401 402 401 401 400 401 401
0 1 0 0 0 0 0 0 0 0
0 1 1 1 1 1 1 0 0 0
0 1 1 0 0 0 1 0 0 0
1 1 1 0 0 0 1 0 0 0
1 1 1 1 0 0 1 0 0 0
1 1 1 1 1 1 1 1 1 0
1 1 1 1 1 1 1 1 1 1
0 0 0 1 1 1 1 1 1 0
0 0 0 0 0 1 2 0 0 0
0 0 0 0 0 0 0 0 0 0
Maze 46
87 64 3.2558139535 1.9626641082 45 0.367271504657446
62 86 44 22 60 35 36 61 2 62 58 72 61 68 54 62
82 84 42 52 55 400 31 1 400 52 52 71 400 64 52
401 401 401 401 401 400 402 402 400 402 402 401 400 401 402
1 1 0 0 0 0 0 0 0 0
1 1 0 0 0 0 0 0 0 0
1 1 0 0 0 0 0 0 0 0
1 1 1 1 1 1 0 0 0 0
1 1 1 1 1 0 0 0 0 0
1 1 1 1 1 1 1 1 1 1
1 2 1 1 1 1 1 1 0 0
1 1 0 1 0 0 0 0 0 0
0 1 1 1 1 1 0 0 0 0
0 0 0 0 0 0 0 0 0 0
Maze 47
89 3 2.7692307692 2.0048679406 40 0.376495156207034
42 73 90 84 38 8 40 39 7 88 83 39 97 99 41 42
72 83 400 34 400 38 400 37 87 400 33 37 400 91 400
401 401 400 402 400 401 400 401 401 400 402 402 400 401 400
0 0 0 0 0 0 1 1 0 0
0 0 0 0 0 0 1 1 0 0
0 0 0 0 0 0 1 1 0 0
0 0 1 1 1 1 1 1 1 1
1 2 1 1 0 0 1 0 0 0
1 1 1 1 0 0 1 0 0 0
1 1 1 1 0 0 1 0 0 0
1 1 1 1 0 0 1 0 0 0
1 0 1 1 1 1 1 1 1 1
1 1 1 1 1 1 1 1 1 0
Maze 48
81 90 2.8301886792 2.2073402913 23 0.361760626812044
9 40 63 64 80 78 7 1 53 78 55 42 22 47 34 9
39 33 400 74 400 77 400 51 73 75 52 400 42 44 4
401 402 400 401 400 401 400 401 401 401 401 400 401 401 402
1 1 1 1 1 1 1 1 2 0
1 0 0 1 0 0 1 0 1 0
1 1 0 1 0 0 1 0 1 0
1 1 1 1 1 1 1 1 1 1
1 1 1 1 1 1 1 0 0 0
1 1 1 1 1 0 1 0 0 0
0 0 1 1 1 0 1 0 0 0
0 0 1 1 1 1 1 1 1 1
0 0 0 0 0 0 0 0 0 0
0 0 0 0 0 0 0 0 0 0
Maze 49
93 245 3.1228070175 2.2355528297 45 0.372050325311034
11 26 52 85 83 60 68 68 9 54 66 32 78 75 20 11
21 22 82 400 53 58 400 8 4 64 62 72 400 15 400
401 402 401 400 402 402 400 402 402 401 401 401 400 402 400
0 0 0 1 1 1 1 1 1 0
2 1 1 1 1 1 1 1 1 1
1 1 1 1 1 1 0 1 0 0
0 1 0 1 1 0 0 1 0 0
0 1 0 1 1 0 0 1 0 0
0 1 1 1 1 1 1 1 1 1
0 1 1 1 1 1 0 1 0 0
0 1 1 1 1 1 1 1 0 0
0 1 1 1 1 0 0 0 0 0
0 0 0 0 0 0 0 0 0 0
Maze 50
103 122 3.1612903226 2.2742404594 60 0.376704420325755
73 68 24 49 81 18 21 6 10 40 2 33 86 47 55 73
63 64 44 41 11 11 1 400 400 32 32 83 46 45 53
402 401 401 402 402 402 402 400 400 401 401 401 402 402 402
1 1 1 1 1 1 1 1 1 1
1 1 1 1 1 1 1 1 0 1
1 1 0 1 0 0 0 0 0 1
1 1 1 1 1 1 1 1 1 1
1 1 1 1 1 1 1 1 1 0
1 0 1 1 1 1 0 0 0 0
1 0 1 1 1 1 1 1 0 0
1 0 2 0 0 1 0 0 0 0
1 0 1 1 1 1 0 0 0 0
0 0 0 0 0 0 0 0 0 0
Maze 51
81 101 3.0000000000 2.2277784588 30 0.390293116843707
58 10 20 60 72 20 76 67 66 53 3 22 25 59 8 58
8 400 400 52 12 16 66 400 63 400 2 400 55 58 400
402 400 400 402 402 402 402 400 401 400 402 400 401 401 400
0 1 1 0 0 0 0 1 1 1
0 1 1 1 1 1 1 1 1 1
0 1 1 1 1 1 0 1 0 1
0 1 1 0 1 1 0 1 0 1
0 1 1 0 1 1 0 1 0 1
0 1 1 1 1 1 1 2 1 1
0 1 1 1 1 1 1 0 0 0
0 1 0 0 0 1 0 0 0 0
0 0 0 0 0 0 0 0 0 0
0 0 0 0 0 0 0 0 0 0
Maze 52
99 53 3.3877551020 1.9633141066 56 0.375911890260377
80 37 11 11 67 23 87 78 23 46 3 5 62 72 12 80
77 31 400 61 63 83 77 73 43 43 400 2 400 400 72
401 401 400 401 401 401 402 401 401 401 400 402 400 400 401
0 1 1 1 1 0 0 0 0 0
1 1 1 0 0 0 0 0 0 0
1 1 1 0 0 0 0 0 0 0
1 1 1 1 1 1 1 0 0 0
1 1 1 1 1 1 1 0 0 0
1 1 1 0 0 0 1 0 0 0
1 1 1 1 1 1 1 0 0 0
0 1 1 1 1 1 1 1 1 2
0 0 1 1 1 1 1 0 0 0
0 0 0 0 0 0 0 0 0 0
Maze 53
101 1077 3.2333333333 2.3362168682 84 0.374388079675795
28 58 51 75 89 19 97 30 43 87 81 19 45 59 48 28
400 400 71 85 400 17 27 23 83 400 11 15 55 58 400
400 400 401 401 400 402 402 402 401 400 402 402 401 401 400
0 0 0 0 0 0 0 0 0 0
1 1 1 1 1 1 1 1 1 0
1 0 1 1 1 1 1 2 1 1
1 0 1 0 1 0 1 1 1 0
1 0 1 0 1 0 1 1 1 0
1 1 1 1 1 1 1 1 1 0
1 0 1 0 0 0 1 0 1 0
1 1 1 1 1 0 1 0 1 0
1 1 1 1 1 1 1 1 1 0
0 0 0 0 0 0 1 0 0 0
Maze 54
93 123 3.3333333333 2.2689205864 50 0.382785920234739
30 16 99 90 99 14 46 75 55 39 65 91 58 43 4 30
26 96 89 89 94 44 45 400 35 35 61 51 53 3 24
401 401 402 402 401 401 402 400 402 402 402 402 401 402 401
0 0 1 1 0 0 0 0 0 0
0 0 1 1 0 1 0 0 0 0
0 0 1 1 1 1 1 1 1 2
0 0 1 1 1 1 1 1 1 0
0 0 1 1 1 1 0 0 0 0
1 1 1 1 1 1 1 1 0 0
1 1 1 1 1 1 0 0 0 0
1 0 0 1 1 1 0 0 0 0
1 0 0 1 0 1 0 0 1 1
1 0 0 1 1 1 1 1 1 0
Maze 55
111 122 2.9206349206 2.1380182894 105 0.372364497268806
91 91 69 62 20 54 58 40 66 5 61 95 20 9 42 91
400 61 400 12 14 400 38 36 65 1 91 15 19 2 41
400 402 400 402 402 400 402 402 401 402 401 402 401 402 402
1 1 1 1 1 1 1 1 1 0
1 1 1 1 1 1 1 1 1 1
1 1 0 1 1 0 0 0 0 0
1 1 0 1 1 1 1 1 1 1
1 1 0 1 1 1 0 1 0 0
1 1 0 1 1 1 1 1 0 0
1 1 1 1 1 1 1 1 1 0
1 0 0 0 1 0 0 0 0 0
1 0 0 0 1 0 0 0 0 0
2 1 1 1 1 0 0 0 0 0
Maze 56
89 46 3.3333333333 2.0312500000 50 0.382126667414122
72 75 28 3 28 53 81 58 78 83 35 62 4 33 21 72
400 25 23 23 23 51 51 400 73 33 32 2 3 31 71
400 402 401 401 402 402 402 400 402 402 402 402 402 401 401
0 1 1 1 0 0 0 0 0 0
0 1 1 0 0 0 0 0 0 0
1 1 1 1 1 1 1 1 0 0
1 1 1 1 1 0 0 0 0 0
1 1 1 0 1 0 0 0 0 0
1 1 1 1 1 1 1 1 0 0
1 1 1 0 1 0 0 1 0 0
1 2 1 1 1 1 1 1 0 0
1 0 1 0 0 0 0 0 0 0
0 0 0 0 0 0 0 0 0 0
Maze 57
97 137 2.9122807018 2.1398263995 60 0.397998447225722
16 63 18 99 81 53 35 41 64 40 5 22 40 38 59 16
13 13 98 91 51 33 31 61 34 35 2 32 400 58 56
402 402 401 401 402 402 402 401 402 401 402 401 400 401 401
0 1 1 1 1 0 0 0 0 0
0 1 1 1 1 2 1 1 0 0
0 1 1 0 1 1 0 1 0 0
1 1 1 1 1 1 1 1 1 1
1 0 1 1 0 1 0 1 0 0
1 1 1 1 0 1 1 1 1 0
1 1 1 1 0 0 0 1 0 0
1 0 0 0 0 0 0 1 0 0
1 0 0 0 0 0 0 1 0 0
1 1 1 1 1 1 1 1 1 0
Maze 58
89 6 2.8979591837 1.9190815206 21 0.376295976006483
87 29 17 90 21 16 15 25 23 15 83 71 98 57 19 87
27 27 87 81 11 400 400 400 13 13 81 91 97 17 17
402 401 401 401 402 400 400 400 402 402 401 401 401 402 402
0 0 0 0 0 0 0 0 0 0
1 1 1 1 1 1 1 1 1 0
1 0 1 1 1 0 1 1 1 0
1 0 1 0 0 0 1 0 0 0
1 0 1 0 0 0 1 0 0 0
1 0 1 0 0 0 1 0 0 0
1 0 1 0 0 0 1 0 0 0
1 0 1 0 0 0 1 0 0 0
1 1 1 1 1 1 2 1 1 1
1 1 1 1 1 1 1 1 0 0
Maze 59
109 375 3.4509803922 1.9663033625 105 0.394377122475144
14 76 11 4 95 46 90 44 46 60 24 93 34 16 83 14
74 71 1 94 45 86 84 400 56 54 23 33 14 13 13
401 401 402 401 402 401 401 400 401 401 402 402 402 402 402
1 1 1 1 0 0 0 0 0 0
1 0 1 2 1 1 0 0 0 0
1 0 1 1 0 0 0 0 0 0
1 0 1 1 0 0 0 0 0 0
1 0 1 1 1 1 0 0 0 0
1 0 1 1 1 1 1 1 1 1
1 0 1 1 1 1 0 0 0 0
1 1 1 1 1 1 0 0 0 0
0 0 1 1 1 1 1 1 1 1
0 0 1 1 1 0 0 0 0 0
Maze 60
97 105 3.2982456140 2.2383108286 70 0.379681642419667
70 6 4 54 52 27 77 20 46 43 35 61 9 76 94 70
66 400 400 400 22 400 17 16 400 33 31 1 6 74 64
401 400 400 400 402 400 402 402 400 402 402 402 402 402 402
1 1 1 1 1 1 1 1 1 0
1 0 0 1 0 1 1 1 1 1
1 1 1 1 1 1 1 0 0 0
1 1 1 1 1 1 1 0 0 0
1 1 1 1 1 1 1 0 0 0
1 1 1 1 0 1 1 0 0 0
1 0 0 1 1 1 1 1 1 2
0 0 0 1 1 1 1 0 0 0
0 0 0 1 0 0 0 0 0 0
0 0 0 1 0 0 0 0 0 0
Maze 61
121 285 3.2238805970 2.1954763936 125 0.379789926406832
56 52 2 76 97 8 46 23 97 3 10 71 49 70 23 56
400 400 72 96 7 6 43 93 93 400 1 41 69 63 53
400 400 401 401 402 402 401 401 401 400 402 402 401 401 401
1 1 1 1 1 1 1 1 1 1
1 1 1 0 0 1 1 0 0 0
1 1 1 0 0 1 1 0 0 0
1 1 1 0 0 1 1 0 0 0
1 1 1 1 1 1 1 1 1 0
1 1 1 1 1 2 1 0 1 0
1 1 1 1 1 1 1 1 1 1
1 1 1 1 1 1 1 0 0 0
0 0 1 0 0 1 1 0 0 0
0 0 1 1 1 1 1 0 0 0
Maze 62
107 259 3.3015873016 2.3423652786 70 0.377072944397379
86 78 99 18 78 36 47 93 25 99 2 5 39 10 22 86
76 98 98 400 76 46 43 23 95 92 400 35 9 2 82
402 401 401 400 401 401 402 402 401 401 400 401 402 402 401
0 1 1 1 1 1 1 1 1 1
0 1 0 0 1 0 0 1 1 0
0 1 1 1 1 0 0 1 1 0
0 1 1 0 1 1 1 1 1 0
0 1 1 1 1 1 1 1 0 0
0 1 1 0 1 1 0 1 0 0
0 1 1 0 1 1 0 1 0 0
0 1 1 0 1 1 1 1 0 0
0 1 1 1 1 2 0 1 0 0
0 1 1 1 1 1 1 1 1 0
Maze 63
115 14 3.8367346939 2.0129469767 125 0.388835122015440
40 61 18 61 32 6 38 98 49 76 17 1 2 75 2 40
31 11 11 31 2 36 400 48 46 16 11 400 72 72 32
402 402 402 402 402 401 400 402 402 402 401 400 401 401 401
1 1 1 1 1 1 0 0 0 0
1 1 1 1 1 1 1 1 0 0
1 1 0 0 0 1 0 0 0 0
1 1 1 1 1 1 1 1 1 2
1 1 0 0 0 1 1 1 1 0
1 1 0 0 0 1 0 1 0 0
1 1 0 0 0 1 0 1 0 0
0 1 1 1 1 1 0 1 0 0
0 0 0 0 0 0 0 1 0 0
0 0 0 0 0 0 0 1 0 0
Maze 64
111 189 3.1250000000 2.1901650770 99 0.399609059378878
44 18 53 52 39 98 89 1 87 14 80 20 86 84 43 44
14 13 400 32 38 88 81 81 84 74 400 16 400 83 400
402 402 400 402 402 402 401 401 401 401 400 402 400 401 400
1 0 0 0 0 0 0 0 0 0
1 0 1 1 1 1 1 1 1 1
1 0 1 1 0 1 0 0 0 1
1 1 1 1 1 1 1 1 1 1
1 1 1 2 0 1 0 1 0 1
1 1 1 1 0 1 0 1 0 1
1 0 1 1 0 1 0 1 0 1
1 0 1 1 1 1 1 1 1 1
1 1 1 1 1 1 1 1 1 0
0 0 0 0 0 0 0 1 0 0
Maze 65
107 143 3.2258064516 2.2651444452 98 0.383935873397234
22 70 68 44 10 24 43 83 77 54 87 20 96 12 7 22
62 400 64 4 4 23 400 73 74 84 17 16 92 2 2
401 400 401 402 402 402 400 402 401 401 402 402 401 402 402
0 1 1 1 1 1 1 1 1 1
0 1 0 1 0 1 1 1 1 1
0 2 1 1 0 1 1 0 0 0
0 1 1 1 0 1 1 0 0 0
0 1 1 1 0 1 1 0 0 0
0 1 1 1 0 1 1 0 0 0
0 1 1 1 1 1 1 1 1 1
0 1 1 1 1 1 1 0 0 0
0 1 1 1 1 1 1 0 0 0
0 1 1 1 1 1 0 0 0 0
Maze 66
103 22 2.9090909091 2.2249684459 66 0.392100526120590
9 66 86 48 35 1 90 52 64 44 51 98 52 54 80 9
6 400 46 45 31 81 82 62 400 41 91 92 400 74 79
402 400 402 401 401 401 401 401 400 402 401 401 400 401 401
1 0 0 0 0 1 1 1 2 0
1 0 0 0 0 1 0 0 1 0
1 0 0 0 0 1 0 0 1 0
1 1 1 1 1 1 0 0 1 0
1 1 1 1 1 1 1 1 1 0
1 1 1 1 0 1 0 0 1 0
1 1 1 1 0 1 0 0 1 0
1 1 0 1 1 1 1 1 1 1
1 1 1 1 1 1 1 1 1 1
1 1 1 1 1 1 1 1 0 0
Maze 67
97 889 3.1200000000 2.0578165456 66 0.383915503938007
36 71 2 35 51 13 68 86 7 2 80 69 73 61 44 36
31 1 32 31 11 63 66 6 400 72 79 63 71 41 34
402 402 401 402 402 401 402 402 400 401 401 402 401 402 402
1 1 1 1 1 1 1 0 0 0
1 1 1 0 0 1 0 0 0 0
1 1 1 0 0 1 0 0 0 0
1 1 1 1 1 2 0 0 0 0
1 1 1 1 0 1 0 0 0 0
1 1 1 0 0 1 0 0 0 0
1 1 1 1 1 1 1 1 1 0
1 1 1 1 1 1 1 1 1 1
0 0 0 0 0 1 0 0 0 0
0 0 0 0 0 0 0 0 0 0
Maze 68
119 2020 3.6603773585 1.9258255202 133 0.377801905438102
71 58 82 98 49 3 55 37 13 67 61 99 61 74 39 71
51 52 92 48 43 53 35 33 63 400 91 91 71 34 31
402 402 401 402 401 401 402 401 401 400 401 401 401 402 402
0 0 1 0 0 0 0 0 0 0
0 0 1 0 0 0 0 0 0 0
0 0 1 0 0 0 0 0 0 0
1 1 1 1 1 1 1 1 1 0
1 0 1 1 1 1 1 1 1 0
1 1 1 1 1 1 1 1 0 0
1 1 1 1 1 1 1 1 0 0
2 1 1 1 0 0 0 1 0 0
1 1 0 0 0 0 0 1 0 0
1 1 1 1 1 1 1 1 1 0
Maze 69
109 64 3.4576271186 2.1950160786 90 0.380564141993370
97 51 55 74 10 7 81 5 75 95 19 68 49 13 54 97
91 400 54 4 400 1 1 400 400 15 18 48 43 53 94
401 400 402 402 400 402 402 400 400 402 402 402 401 401 401
1 1 1 1 1 1 1 1 1 1
1 0 1 1 1 1 1 1 1 0
1 0 1 1 1 0 0 1 0 0
1 0 1 1 1 0 0 1 0 0
1 0 1 1 1 1 1 1 1 0
1 1 1 1 1 0 0 1 0 0
1 0 0 1 1 0 0 1 0 0
1 0 0 1 1 0 0 0 0 0
1 0 0 1 1 0 0 0 0 0
1 1 1 1 1 1 2 0 0 0
Maze 70
91 20 2.8135593220 2.2243968588 50 0.380305921736233
27 33 7 30 10 27 79 35 57 56 57 11 99 13 4 27
23 3 27 400 7 77 75 55 400 400 51 91 93 3 24
402 402 401 400 402 401 401 401 400 400 401 401 401 402 401
0 0 1 1 1 1 1 1 1 1
1 0 1 1 0 0 1 0 0 1
1 0 1 1 1 1 2 1 1 1
1 0 1 0 1 0 1 0 0 0
1 0 1 0 1 0 1 0 0 0
1 1 1 1 1 1 1 0 0 0
1 0 1 0 1 0 1 0 0 0
1 0 1 0 1 1 1 1 1 0
1 0 1 0 0 0 0 0 0 0
1 1 1 1 1 1 1 1 1 0
Maze 71
105 21 3.5185185185 2.1764155732 49 0.372128675520247
44 51 99 41 23 68 41 44 10 12 33 90 77 97 33 44
41 91 91 21 63 61 400 4 2 32 83 87 400 93 43
402 401 401 402 401 401 400 402 402 401 401 401 400 401 401
0 1 1 1 1 1 1 1 1 1
0 1 0 1 0 0 0 0 0 0
1 1 1 1 0 0 0 0 0 0
1 1 1 1 0 0 0 0 0 0
1 1 1 2 0 0 0 0 0 0
1 0 1 0 0 0 0 0 0 0
1 1 1 1 1 1 1 1 0 0
1 0 1 0 0 0 1 0 0 0
1 0 1 1 1 1 1 1 1 1
1 1 1 1 1 1 1 1 1 0
Maze 72
75 7 3.0222222222 2.1496020639 21 0.387720563648990
38 92 64 61 88 96 53 53 63 52 39 51 42 46 8 38
32 62 400 81 86 93 400 400 62 32 31 41 400 6 400
402 402 400 401 402 401 400 400 401 402 402 402 400 402 400
0 0 0 0 0 1 1 1 0 0
0 0 0 0 0 1 0 1 0 0
0 0 0 0 0 1 0 1 0 0
1 1 1 1 1 1 1 2 1 0
1 1 1 1 1 1 0 0 0 0
1 1 1 0 0 0 0 0 0 0
1 1 1 1 0 0 0 0 0 0
1 1 1 0 0 0 0 0 0 0
1 1 1 1 1 1 1 1 0 0
0 1 1 1 1 1 0 0 0 0
Maze 73
79 39 3.0697674419 2.0945773357 35 0.361437404592001
11 59 56 32 8 19 55 14 41 41 54 56 35 31 74 11
51 400 52 2 18 15 54 11 400 51 400 55 400 71 71
401 400 401 402 401 402 401 402 400 401 400 401 400 401 401
0 1 1 1 1 1 1 1 0 0
2 1 1 1 1 1 1 1 1 0
1 1 0 1 1 0 0 0 0 0
1 1 1 1 1 0 0 0 0 0
1 1 0 1 1 0 0 0 0 0
1 1 1 1 1 1 1 1 1 0
1 0 0 0 0 0 0 0 0 0
1 1 1 1 0 0 0 0 0 0
0 0 0 0 0 0 0 0 0 0
0 0 0 0 0 0 0 0 0 0
Maze 74
95 6 3.7500000000 1.7588032989 59 0.404307734134803
54 37 42 3 72 42 92 14 36 5 55 85 29 73 39 54
34 32 2 2 400 400 12 34 35 400 400 25 23 33 34
402 402 402 402 400 400 402 401 401 400 400 402 402 402 402
0 1 1 0 1 0 0 0 0 0
0 1 1 1 1 0 0 0 0 0
0 1 1 1 1 1 1 1 1 0
0 1 1 1 1 1 1 1 1 0
0 1 1 1 1 0 0 0 0 0
0 1 1 2 1 0 0 0 0 0
0 1 1 0 1 0 0 0 0 0
0 1 1 0 1 0 0 0 0 0
0 1 0 0 1 0 0 0 0 0
0 1 0 0 0 0 0 0 0 0
Maze 75
105 288 3.1111111111 2.2977543284 90 0.382329970638036
52 78 40 80 52 5 70 61 96 41 77 59 3 11 21 52
72 38 400 72 2 65 400 91 91 71 57 53 1 400 51
401 402 400 401 402 401 400 401 401 401 402 401 402 400 401
1 1 1 1 1 0 0 0 0 0
1 1 1 0 1 0 0 0 0 0
1 1 1 0 1 0 0 0 0 0
1 1 1 0 1 0 0 1 1 1
1 1 1 0 1 0 0 1 0 1
1 2 1 1 1 1 1 1 1 1
1 1 1 1 1 1 1 1 1 1
1 1 1 1 1 1 1 1 1 1
1 0 0 0 0 0 0 0 0 0
1 1 1 1 1 1 0 0 0 0
Maze 76
109 69 2.9411764706 1.7493219175 84 0.397867985328258
84 7 80 62 2 18 76 82 92 98 6 86 67 6 80 84
4 77 72 400 12 16 72 400 400 96 400 66 66 76 74
402 401 401 400 401 402 402 400 400 401 400 402 401 401 402
0 1 0 1 1 1 1 0 0 0
0 1 1 1 1 1 1 1 0 0
0 1 0 1 0 1 1 0 0 0
0 1 0 1 0 1 1 0 0 0
0 1 0 1 0 1 1 0 0 0
0 1 0 1 0 1 1 0 0 0
0 1 0 1 0 1 1 0 0 0
0 1 1 1 1 1 1 1 1 1
0 1 0 2 0 1 0 0 0 0
0 1 1 1 1 1 1 1 0 0
Maze 77
89 60 2.7586206897 2.2572292057 56 0.384480801206078
84 51 92 18 13 42 69 59 61 3 23 53 70 29 37 84
81 91 12 400 12 62 400 51 1 400 400 63 69 27 34
401 401 402 400 402 401 400 402 402 400 400 401 401 402 402
1 1 1 0 0 0 0 0 0 0
1 1 1 1 1 1 1 1 0 0
1 1 1 0 0 0 1 1 1 0
1 1 1 1 1 1 1 0 1 0
1 1 1 1 0 0 0 0 1 0
1 1 1 1 1 1 1 1 1 0
1 1 1 1 1 1 1 1 1 1
1 1 0 1 0 0 0 0 0 0
1 1 1 2 0 0 0 0 0 0
1 1 0 0 0 0 0 0 0 0
Maze 78
69 58 2.9090909091 2.2656165272 12 0.357504942681508
54 65 65 41 32 74 96 80 18 85 66 76 71 52 69 54
64 400 61 31 72 94 76 78 15 65 400 400 51 62 64
401 400 401 402 401 401 402 401 402 402 400 400 402 401 401
0 0 0 0 0 0 0 0 0 0
0 0 0 0 1 1 1 1 0 0
0 0 0 0 1 0 0 1 0 0
1 1 0 0 1 0 0 1 0 0
1 1 0 0 1 0 0 1 0 0
1 1 0 2 1 0 0 1 0 0
1 1 1 1 1 1 1 1 1 0
1 1 1 1 1 1 1 1 1 1
0 0 0 1 1 1 0 0 0 0
0 0 0 1 1 1 0 0 0 0
Maze 79
87 340 2.8679245283 2.0937500000 23 0.370085826040619
24 36 95 53 53 19 55 54 43 79 90 14 41 96 87 24
34 35 93 400 13 15 400 53 73 89 84 11 91 86 84
401 402 401 400 402 402 400 401 401 401 401 402 401 402 401
0 0 0 0 0 0 0 0 0 0
1 1 1 1 1 1 1 1 1 0
1 0 1 2 1 0 0 0 0 0
1 0 1 1 1 1 0 0 0 0
1 0 1 1 1 0 0 0 0 0
1 0 1 1 1 0 0 0 0 0
1 0 1 1 1 0 0 0 0 0
1 0 1 1 1 1 1 1 1 0
1 0 1 1 1 1 1 1 1 1
1 1 1 1 1 1 0 0 0 0
Maze 80
115 18 2.8823529412 2.1640436624 118 0.377288154327846
56 9 93 96 11 87 64 89 30 46 20 27 5 22 89 56
6 3 400 91 81 84 84 29 26 16 17 25 2 82 86
402 402 400 401 401 401 401 402 402 402 402 401 402 401 401
0 1 1 1 1 1 1 1 1 0
1 1 1 0 1 1 1 1 1 1
1 1 1 0 1 1 1 1 1 1
1 1 1 0 0 1 0 0 1 0
1 1 1 0 0 1 0 0 1 0
1 1 1 0 0 2 0 0 1 0
1 1 1 1 0 1 0 0 1 0
1 1 1 1 0 1 0 0 1 0
1 1 1 1 1 1 1 1 1 0
1 1 1 1 1 1 0 0 0 0
Maze 81
123 1794 3.7692307692 1.9989581349 127 0.383807035548459
34 41 16 38 76 34 70 5 84 40 11 76 2 25 81 34
31 11 36 36 74 64 65 4 34 31 71 72 22 21 31
402 402 401 402 401 401 401 402 402 401 401 401 401 402 402
0 1 0 1 1 0 0 0 0 0
1 1 1 1 1 1 0 0 0 0
1 1 1 1 1 1 0 0 0 0
1 1 1 2 1 1 1 1 1 1
1 1 0 1 1 1 0 0 0 0
1 1 0 1 1 1 0 0 0 0
1 1 0 1 1 1 1 1 1 1
1 1 1 1 1 1 0 0 0 0
1 0 0 1 0 0 0 0 0 0
0 0 0 0 0 0 0 0 0 0
Maze 82
101 363 3.3571428571 2.1910365402 77 0.375883533425931
63 77 24 84 64 82 10 38 4 83 38 33 81 48 58 63
73 74 400 400 62 2 8 34 3 33 400 31 41 400 53
401 401 400 400 402 402 402 401 402 402 400 402 402 400 402
0 1 1 1 1 1 1 1 1 1
0 1 1 1 0 0 0 1 0 0
0 1 1 1 0 0 0 1 0 0
1 1 1 1 1 1 1 1 0 0
1 1 1 1 1 1 1 1 0 0
1 1 1 1 1 1 1 1 0 0
1 1 2 1 0 0 0 0 0 0
1 1 1 1 1 1 1 0 0 0
1 1 1 1 0 0 0 0 0 0
0 0 0 0 0 0 0 0 0 0
Maze 83
89 267 3.2222222222 2.3598964008 45 0.398680748170398
59 47 21 70 57 63 86 94 61 85 27 43 47 20 45 59
57 41 61 67 53 83 84 91 81 25 23 400 17 15 55
401 401 401 401 402 401 402 401 401 402 402 400 402 402 401
0 0 0 0 0 0 0 0 0 0
0 0 0 0 1 1 1 1 1 1
1 0 1 1 1 1 1 0 0 0
1 0 1 0 1 0 1 0 0 0
1 1 1 1 1 1 1 0 0 0
1 0 1 1 1 1 1 1 2 0
1 1 1 1 1 1 1 1 1 1
1 0 1 0 1 0 0 0 0 0
1 1 1 1 1 1 0 0 0 0
1 1 1 1 0 0 0 0 0 0
Maze 84
87 3 2.9583333333 2.0000000000 50 0.404282187701713
65 9 97 81 15 3 63 16 65 75 18 36 36 17 5 65
5 7 91 11 13 400 13 15 400 15 16 400 16 15 400
402 402 401 402 401 400 402 402 400 402 402 400 402 401 400
0 0 1 0 1 1 1 1 1 0
1 1 1 1 1 1 1 1 0 0
1 0 1 0 1 1 1 0 0 0
1 0 1 0 1 1 1 0 0 0
1 0 1 0 1 0 1 0 0 0
1 0 1 0 1 0 1 0 0 0
1 0 1 0 2 0 1 0 0 0
1 0 0 0 1 0 1 0 0 0
1 0 0 0 0 0 1 0 0 0
1 1 1 1 1 1 1 0 0 0
Maze 85
81 23 2.7924528302 2.1954918145 19 0.388258253730658
77 29 43 64 45 75 6 15 96 82 6 7 98 94 93 77
27 23 63 44 400 5 5 95 92 2 400 97 400 400 73
402 402 401 402 400 402 402 401 401 402 400 401 400 400 402
0 1 1 1 1 1 1 0 0 0
0 1 0 0 1 0 1 0 0 0
0 1 1 1 1 1 1 1 1 0
0 1 1 0 1 0 1 0 0 0
0 1 1 1 1 0 1 0 0 0
0 1 1 1 1 0 1 0 0 0
0 1 1 1 1 0 1 0 0 0
0 1 1 1 1 1 2 0 0 0
0 1 1 0 1 0 1 0 0 0
0 1 1 1 1 1 1 1 0 0
Maze 86
103 203 3.0545454545 2.0755034841 64 0.390539667771728
64 25 50 3 33 47 61 49 66 51 98 8 46 36 1 64
24 45 43 400 43 41 41 46 61 91 400 6 400 31 61
402 401 401 400 401 402 402 402 401 401 400 402 400 401 401
1 0 1 0 0 1 1 1 0 0
1 0 1 0 0 1 0 1 0 0
1 0 1 1 1 1 0 1 0 0
1 1 1 1 1 1 0 1 0 0
1 1 1 1 1 1 1 1 1 1
1 0 0 1 0 1 0 1 0 0
1 1 1 2 1 1 0 1 0 0
1 0 0 0 0 0 0 1 0 0
1 0 0 0 0 0 0 1 0 0
1 1 1 1 1 1 1 1 0 0
Maze 87
95 70 2.4347826087 2.2936191369 66 0.375550888040605
8 83 77 69 99 88 78 9 97 21 12 46 40 53 69 8
3 73 67 400 98 400 8 7 91 11 42 36 33 63 68
402 402 402 400 401 400 402 402 401 402 401 402 402 401 401
0 0 1 1 1 1 1 2 1 0
1 1 1 0 0 0 1 1 0 0
1 1 1 0 0 0 1 1 0 0
1 1 1 1 1 1 1 1 1 1
1 1 1 1 1 1 1 1 0 0
1 0 1 0 0 0 1 1 0 0
1 0 1 1 1 1 1 1 1 0
1 0 1 1 1 1 1 1 1 0
1 0 1 0 0 0 1 1 1 0
1 1 1 1 1 1 1 1 1 0
Maze 88
109 109 3.2631578947 2.0592222229 80 0.384062096265971
59 8 86 16 69 56 99 40 21 63 36 50 4 69 10 59
58 6 400 66 66 96 39 31 61 33 46 44 64 9 9
401 402 400 401 401 401 402 401 401 402 401 401 401 402 402
0 0 0 1 0 1 1 1 1 1
0 0 0 1 0 1 0 1 1 0
1 0 0 1 0 1 0 1 1 0
1 1 1 1 1 1 1 1 1 1
1 0 1 1 1 1 1 1 1 1
1 0 1 1 0 1 0 1 2 0
1 1 1 1 1 1 1 1 1 0
0 0 0 0 0 1 0 0 1 0
0 0 0 0 0 1 0 0 1 0
0 0 0 0 0 1 1 1 1 0
Maze 89
103 32 3.7272727273 1.8854601203 84 0.394940004267603
79 54 49 14 90 89 93 55 62 23 70 52 48 74 34 79
74 44 44 84 400 83 53 52 22 63 62 42 44 400 74
401 402 401 401 400 402 402 402 402 401 401 402 402 400 401
0 0 0 0 0 0 0 0 0 0
0 0 0 1 0 0 0 0 0 0
0 1 1 1 0 0 0 0 0 0
0 1 1 1 0 0 0 0 0 0
0 1 1 1 1 1 1 1 1 0
0 1 1 1 1 0 0 0 0 0
0 1 1 1 1 1 1 1 1 1
0 0 1 1 1 1 1 1 2 0
0 0 1 1 1 1 1 1 1 1
0 0 1 0 0 0 0 0 0 0
Maze 90
95 554 2.9818181818 2.0649466257 71 0.395477706239378
20 19 98 2 89 49 67 78 59 39 25 69 100 32 37 20
400 18 92 82 400 47 77 58 400 35 65 99 92 400 17
400 402 401 401 400 402 401 402 400 401 401 401 401 400 402
0 1 0 0 0 0 0 0 0 0
0 1 0 0 0 0 1 1 1 2
0 1 0 0 1 0 1 1 0 0
0 1 1 1 1 1 1 1 1 0
0 1 0 0 1 0 1 1 1 0
0 1 0 0 1 0 1 1 1 0
0 1 0 0 1 1 1 1 1 0
0 1 0 0 0 0 1 1 1 0
0 1 1 1 1 1 1 1 1 0
0 1 1 1 1 1 1 1 1 1
Maze 91
89 11 2.9818181818 2.2977938640 50 0.362523645975393
86 54 49 66 29 35 11 16 51 12 98 99 33 32 56 86
84 44 46 26 25 31 400 11 11 92 400 93 400 52 400
401 402 402 402 402 401 400 402 402 401 400 401 400 401 400
0 0 0 0 0 0 0 0 0 0
1 1 1 1 1 1 0 0 0 0
1 1 0 0 1 1 1 1 1 0
1 1 1 1 1 1 0 0 0 0
1 1 1 1 1 1 1 1 1 0
1 1 1 1 1 1 0 0 0 0
0 1 1 1 0 1 0 0 0 0
0 1 1 1 0 1 0 0 0 0
0 1 1 1 1 2 0 0 0 0
0 1 1 1 1 1 1 1 1 0
Maze 92
65 97 2.8000000000 2.3119262485 20 0.373398330927423
44 4 33 87 18 8 49 49 28 48 33 52 17 39 55 44
400 3 83 17 400 48 400 48 400 43 32 12 37 35 54
400 402 401 402 400 401 400 401 400 401 402 402 401 402 401
0 0 1 1 0 0 0 1 0 0
0 1 1 1 1 1 1 1 0 0
0 1 1 1 0 0 1 1 0 0
0 1 1 1 1 1 1 1 1 0
0 1 1 2 1 1 1 1 1 0
0 1 1 1 1 0 1 0 0 0
0 0 1 0 0 0 1 0 0 0
0 0 1 0 0 0 1 0 0 0
0 0 1 1 1 1 1 0 0 0
0 0 0 0 0 0 0 0 0 0
Maze 93
101 333 2.9491525424 2.1237448862 77 0.371746768914337
97 95 73 60 29 62 8 23 59 38 58 8 24 61 40 97
400 93 53 59 22 2 3 53 58 400 400 4 21 31 37
400 401 402 401 402 402 402 401 401 400 400 402 402 402 402
0 1 1 1 1 1 1 1 0 0
0 1 1 1 0 0 0 1 0 0
1 1 1 1 1 1 1 1 1 0
1 1 1 1 1 1 1 1 1 1
1 1 1 0 0 0 1 1 1 0
1 1 1 1 1 1 1 1 1 1
1 1 1 0 0 0 1 0 0 0
0 0 1 0 0 0 1 0 0 0
0 0 1 0 0 0 1 0 0 0
0 0 1 1 1 1 2 0 0 0
Maze 94
101 84 3.0508474576 2.1609832374 36 0.385052585143238
22 18 40 81 100 23 13 50 29 64 13 35 44 46 93 22
12 38 31 91 93 400 43 49 24 63 33 34 400 43 92
402 401 402 401 401 400 401 401 402 401 401 402 400 402 401
0 0 0 0 0 0 0 0 0 0
0 1 1 1 1 1 1 1 0 0
0 2 1 1 1 1 1 1 1 0
1 1 1 1 1 1 1 1 1 1
1 1 1 1 1 1 1 1 1 1
1 1 1 1 0 0 0 0 0 0
1 1 1 1 0 0 0 0 0 0
1 1 1 0 0 0 0 0 0 0
1 1 1 0 0 0 0 0 0 0
1 1 1 1 1 1 1 1 1 1
Maze 95
105 268 2.9508196721 2.1414791011 76 0.401439114214577
93 46 73 89 97 21 43 92 14 58 98 82 35 9 18 93
43 43 83 87 91 41 42 12 54 400 92 32 5 8 13
402 402 401 402 401 401 402 402 401 400 401 402 402 402 402
0 0 0 0 1 1 1 1 1 0
0 1 1 1 1 1 1 1 0 0
1 1 1 1 1 0 0 0 0 0
1 1 1 1 1 0 0 0 0 0
1 1 1 1 1 1 0 0 0 0
1 1 1 1 1 1 1 1 0 0
1 1 1 0 0 0 0 1 0 0
1 1 1 0 0 0 0 1 0 0
1 1 1 1 1 1 1 1 1 0
1 1 2 1 1 1 1 1 0 0
Maze 96
83 42 3.4285714286 1.8078737943 26 0.368596303082022
34 35 48 71 55 46 47 2 35 37 48 17 21 18 81 34
400 45 41 51 45 400 42 32 400 47 47 11 11 11 31
400 401 402 402 402 400 401 401 400 401 401 402 402 402 402
0 1 0 0 0 0 0 0 0 0
1 1 1 1 1 1 1 1 0 0
1 1 0 0 0 0 1 0 0 0
1 1 1 2 1 1 1 0 0 0
1 1 1 1 1 1 1 1 0 0
1 1 1 1 1 0 0 0 0 0
1 0 0 0 0 0 0 0 0 0
1 0 0 0 0 0 0 0 0 0
1 0 0 0 0 0 0 0 0 0
0 0 0 0 0 0 0 0 0 0
Maze 97
109 23 2.9508196721 1.9973055156 112 0.385027507824812
38 94 5 84 26 78 67 46 35 90 98 1 6 72 94 38
34 4 4 24 76 77 66 45 85 88 91 400 2 92 34
402 402 402 402 401 401 401 401 401 402 401 400 402 401 402
1 1 1 1 1 1 0 0 0 0
1 1 0 1 0 0 0 0 0 0
1 1 0 1 1 1 0 0 0 0
1 1 0 1 1 1 1 2 0 0
1 1 0 1 1 1 0 0 0 0
1 1 0 1 1 1 0 0 0 0
1 1 0 1 1 1 1 0 0 0
1 1 0 1 1 1 1 1 0 0
1 1 0 1 1 1 1 1 1 1
1 1 1 1 1 1 1 1 0 0
Maze 98
111 7 2.8656716418 2.2073341229 91 0.377852048580558
100 10 21 44 51 6 81 93 12 38 86 33 59 26 76 100
400 1 41 41 1 1 91 92 32 36 83 53 56 400 96
400 402 401 402 402 402 401 401 401 402 401 401 401 400 401
1 1 1 1 1 1 1 1 1 1
1 1 0 0 0 0 0 0 0 1
1 1 0 0 0 1 0 0 0 1
1 1 1 1 1 1 1 1 0 1
1 1 1 1 0 1 0 0 0 1
1 1 1 1 1 1 1 1 1 1
1 1 1 0 0 1 0 0 0 1
1 1 1 0 0 1 0 0 0 1
1 1 1 1 1 1 0 0 0 1
1 1 1 0 0 1 1 1 1 2
Maze 99
105 7664 3.2000000000 2.2805926570 97 0.391109668692728
39 18 16 21 83 17 78 35 70 41 81 58 86 61 94 39
38 400 11 81 13 77 75 65 61 400 51 56 81 91 34
401 400 402 401 402 401 401 401 401 400 402 402 401 401 402
0 0 0 0 0 0 0 0 0 0
1 1 1 1 1 1 1 1 0 0
1 0 1 0 0 0 1 1 0 0
1 0 1 1 1 1 1 1 2 0
1 0 1 1 1 0 1 0 0 0
1 1 1 1 1 1 1 1 0 0
1 1 1 1 1 1 1 1 1 1
1 0 1 1 1 1 1 1 0 0
1 1 1 1 1 1 0 0 0 0
1 1 1 1 0 0 0 0 0 0
Maze 100
93 453 2.9032258065 2.3404240308 56 0.368350414158342
6 76 45 57 60 60 29 21 58 74 1 15 52 98 83 6
400 75 55 400 400 59 400 51 54 71 11 12 92 93 3
400 401 401 400 400 401 400 401 402 401 401 402 401 401 402
1 0 1 1 1 2 0 0 0 0
1 1 1 1 1 1 0 0 0 0
1 1 1 1 1 1 1 1 1 0
1 1 1 0 0 1 0 0 1 0
1 1 1 0 1 1 0 0 1 0
1 1 1 1 1 1 1 1 1 1
1 1 1 1 1 1 0 0 0 0
1 1 1 1 1 1 0 0 0 0
0 1 1 0 0 0 0 0 0 0
0 1 1 1 1 1 1 1 0 0
Maze 101
99 114 3.4509803922 2.1669222552 77 0.391479489455746
14 6 47 25 66 36 98 35 62 40 33 76 89 2 63 14
4 46 45 65 400 96 95 32 32 400 73 86 82 62 13
402 401 401 401 400 401 401 402 402 400 401 401 401 401 402
0 1 0 1 1 1 0 0 0 0
0 1 1 2 0 1 0 0 0 0
0 1 1 0 1 1 0 0 0 0
0 1 1 1 1 1 1 1 1 1
0 1 1 0 1 1 1 0 0 0
0 1 1 0 1 1 0 0 0 0
0 1 1 0 1 1 0 0 0 0
0 1 1 1 1 1 0 0 0 0
0 1 1 1 1 1 1 1 1 0
0 0 0 0 1 1 1 1 0 0
Maze 102
117 48 3.0158730159 1.9924937382 119 0.381719113503666
13 13 79 98 40 96 100 21 98 11 90 29 26 26 54 13
400 73 78 38 36 400 91 91 91 81 89 400 400 24 53
400 401 402 402 402 400 401 401 401 401 401 400 400 402 401
0 0 0 0 0 0 0 0 0 0
1 0 2 0 0 0 0 0 0 0
1 0 1 1 1 1 1 1 1 0
1 0 1 1 0 1 1 1 1 1
1 0 1 1 0 1 0 1 1 0
1 0 1 1 0 1 0 1 1 0
1 0 1 0 0 1 0 1 1 0
1 0 1 1 1 1 1 1 1 0
1 1 1 1 1 1 1 1 1 1
1 1 1 1 1 1 1 1 1 1
Maze 103
87 69 3.4666666667 2.0377763663 50 0.378892430943519
32 63 47 15 34 29 61 64 50 8 59 18 23 67 31 32
62 43 45 14 24 21 400 44 48 58 58 13 63 61 400
401 402 401 402 402 402 400 402 401 401 401 402 401 401 400
0 0 0 0 0 0 0 1 0 0
0 0 1 1 1 1 1 1 0 0
1 1 1 1 1 1 1 1 1 0
1 2 1 1 1 0 0 1 0 0
1 1 1 1 1 1 1 1 1 1
1 1 1 1 0 0 0 1 1 0
1 1 1 1 1 1 1 0 0 0
0 0 0 0 0 0 0 0 0 0
0 0 0 0 0 0 0 0 0 0
0 0 0 0 0 0 0 0 0 0
Maze 104
103 83 3.5272727273 2.2158655666 84 0.390810307112861
93 65 57 51 42 90 2 69 74 35 47 14 79 39 33 93
63 55 400 41 82 82 62 64 34 45 44 74 400 400 400
402 402 400 402 401 401 401 402 402 401 401 401 400 400 400
0 1 0 0 0 0 0 0 0 0
0 1 0 1 0 0 0 0 0 0
0 1 0 1 0 0 0 0 0 0
0 1 1 1 1 1 1 1 1 0
1 1 1 1 1 1 1 0 1 0
1 1 1 1 1 1 1 0 1 0
0 1 1 1 1 1 1 1 1 0
0 1 1 1 1 1 1 1 1 0
0 1 1 1 1 1 1 1 1 1
0 0 2 0 0 0 0 0 0 0
Maze 105
127 69 3.2615384615 2.0569417352 161 0.384996694537005
35 6 68 78 10 83 90 14 50 78 50 91 8 12 71 35
5 66 400 8 3 400 84 44 48 48 41 1 2 11 31
402 401 400 402 402 400 401 401 402 402 402 402 402 402 402
1 1 1 1 1 1 1 1 1 1
1 1 1 1 1 1 0 1 0 0
1 0 1 1 1 1 0 1 0 0
1 1 1 1 2 1 0 1 0 0
1 1 1 1 1 1 1 1 1 1
1 0 1 1 0 1 0 1 0 0
1 0 1 1 0 1 1 1 0 0
1 0 1 1 0 0 0 1 0 0
1 0 1 1 1 1 1 1 1 1
1 0 0 0 0 0 0 0 0 0
Maze 106
129 43 3.4736842105 2.0196412915 134 0.389733094755054
34 93 1 27 83 74 20 44 17 99 23 7 43 91 29 34
33 91 21 23 73 14 14 14 97 93 3 3 41 21 24
402 401 401 402 402 402 402 402 401 401 402 402 402 402 402
1 0 1 1 1 1 1 0 0 0
1 0 1 1 1 1 1 1 1 1
1 1 1 1 1 1 1 1 1 0
1 0 1 2 0 0 1 0 0 0
1 1 1 1 0 0 1 0 0 0
1 0 1 1 0 0 1 0 0 0
1 0 1 1 0 0 1 0 0 0
1 0 1 1 0 0 1 0 0 0
1 0 1 0 0 0 1 0 0 0
1 1 1 1 1 1 1 1 1 0
Maze 107
105 108 3.0169491525 2.0947999892 92 0.366578737770417
88 46 31 80 19 36 87 31 5 8 93 90 62 75 89 88
86 41 71 79 16 86 81 1 400 3 83 82 72 85 400
401 401 401 401 402 401 401 402 400 402 402 401 401 401 400
1 1 1 1 1 1 1 1 0 0
1 0 1 0 0 1 1 1 1 0
1 0 1 0 0 1 0 0 1 0
1 0 1 0 0 1 0 0 1 0
1 1 1 1 1 1 0 0 1 0
1 0 1 0 0 1 0 0 1 0
1 1 1 0 0 1 0 0 1 0
1 1 1 1 1 1 1 1 1 1
1 1 1 1 1 1 1 2 1 1
0 0 1 0 0 0 0 0 0 0
Maze 108
87 14 2.8235294118 2.0594959628 50 0.367010446232684
45 52 60 30 58 16 95 11 1 82 62 59 54 58 96 45
42 400 400 28 56 15 91 400 81 400 52 400 400 56 95
402 400 400 402 401 402 401 400 401 400 402 400 400 402 401
1 0 0 0 0 0 0 0 0 0
1 0 0 0 1 1 0 0 0 0
1 0 0 0 1 1 0 1 1 1
1 0 0 0 1 1 0 1 0 1
1 1 1 1 2 1 0 1 0 1
1 1 1 1 1 1 1 1 1 1
1 1 0 0 1 1 0 0 0 0
1 1 0 0 1 1 0 0 0 0
1 1 0 0 1 1 0 0 0 0
1 1 1 1 1 1 0 0 0 0
Maze 109
91 257 3.5217391304 2.0454221345 56 0.382270883878988
83 78 56 54 47 33 14 62 60 31 34 78 92 45 5 83
73 76 400 44 43 13 12 52 51 400 74 72 42 400 3
402 401 400 402 401 402 402 402 401 400 401 402 402 400 402
0 0 1 1 1 0 0 0 0 0
0 1 1 1 1 0 0 0 0 0
0 1 1 0 1 0 0 0 0 0
1 1 1 1 1 0 0 0 0 0
1 1 1 1 1 1 1 0 0 0
1 1 1 1 1 1 1 1 1 1
0 1 1 1 0 1 0 0 0 0
0 1 1 1 1 1 1 1 0 0
0 1 2 0 0 0 0 0 0 0
0 1 0 0 0 0 0 0 0 0
Maze 110
99 120 3.1578947368 2.2779762722 54 0.367360539253778
81 21 41 38 99 7 34 11 87 12 86 49 48 44 64 81
400 400 31 98 97 4 31 81 82 82 46 400 400 400 61
400 400 402 401 401 402 401 401 401 401 402 400 400 400 402
0 0 0 1 1 1 1 0 0 0
1 1 0 1 0 0 1 0 0 0
1 1 0 1 0 0 1 0 0 0
1 1 1 1 1 1 1 1 0 0
1 1 0 1 1 1 1 1 1 0
1 1 0 1 0 1 1 1 0 0
1 1 1 1 0 1 1 1 0 0
1 1 0 0 0 1 1 1 0 0
2 1 1 1 1 1 1 1 0 0
0 0 0 0 0 0 1 1 1 0
Maze 111
109 40 3.7826086957 1.9069691916 75 0.376320813102122
63 72 94 42 8 35 54 5 61 19 24 20 31 59 92 63
62 92 92 2 5 34 4 1 11 14 14 11 51 52 62
402 401 401 402 402 402 402 402 402 402 402 402 401 402 402
1 1 1 1 1 1 1 1 0 0
1 1 1 1 1 1 1 1 1 1
1 1 0 1 1 0 0 0 0 0
1 1 0 1 1 0 0 0 0 0
1 1 0 1 0 0 0 0 0 0
1 1 1 1 1 1 1 1 1 0
1 1 2 0 0 0 0 0 0 0
0 1 0 0 0 0 0 0 0 0
0 1 0 0 0 0 0 0 0 0
0 1 1 1 0 0 0 0 0 0
Maze 112
81 73 3.1020408163 2.1954918145 22 0.382578836385192
13 42 66 26 20 76 92 4 2 27 38 19 80 63 3 13
12 62 400 16 16 72 2 400 22 37 18 79 73 400 400
402 401 400 402 402 402 402 400 401 401 402 401 401 400 400
0 1 1 1 0 0 0 0 0 0
0 1 2 0 0 1 1 1 1 1
0 1 1 1 1 1 1 1 1 0
0 1 1 0 0 1 1 1 1 0
0 1 1 0 0 1 0 0 1 0
0 1 1 0 0 1 0 0 1 0
0 1 1 1 1 1 0 0 1 0
0 1 1 1 1 1 1 1 1 1
0 1 0 0 0 0 0 0 0 0
0 1 0 0 0 0 0 0 0 0
Maze 113
97 32 3.6078431373 2.1475332332 65 0.383116539958770
16 77 93 84 50 95 57 36 54 36 72 8 13 16 63 16
76 73 83 44 45 55 56 34 34 32 2 3 400 13 13
401 402 402 402 402 402 401 402 402 402 402 402 400 402 402
0 1 1 1 1 1 1 1 0 0
0 1 1 1 1 2 0 0 0 0
0 1 1 0 0 1 0 0 0 0
0 1 1 1 1 1 0 0 0 0
0 1 1 1 1 1 1 1 1 1
0 1 1 1 1 1 1 0 0 0
0 1 1 1 1 1 0 0 0 0
0 1 1 1 1 1 1 0 0 0
0 0 1 1 1 0 0 0 0 0
0 0 1 0 1 0 0 0 0 0
Maze 114
83 13 3.0666666667 2.0942448231 30 0.388141307036214
31 45 18 72 31 44 72 25 66 87 40 62 84 83 52 31
41 15 12 71 41 42 22 65 86 37 32 82 400 82 51
401 402 402 401 401 402 402 401 401 402 402 401 400 401 401
0 0 0 0 0 0 0 0 0 0
0 1 1 1 1 1 1 1 0 0
0 1 1 1 1 0 0 0 0 0
2 1 1 1 1 1 1 1 1 1
1 1 1 1 1 0 1 0 0 0
1 1 0 0 1 0 1 0 0 0
1 1 0 0 1 1 1 0 0 0
1 1 0 0 0 1 1 0 0 0
0 1 1 1 0 1 1 0 0 0
0 0 0 0 0 0 0 0 0 0
Maze 115
93 351 3.0181818182 2.1070469813 56 0.416639193822489
13 5 94 2 79 97 83 94 62 43 38 27 90 58 83 13
3 4 92 72 77 93 93 92 42 33 37 87 88 53 400
402 402 401 401 402 401 401 401 402 402 401 401 401 402 400
0 1 1 1 1 0 0 0 0 0
0 1 2 1 0 0 0 0 0 0
0 1 1 1 0 0 1 0 0 0
0 1 1 1 1 1 1 1 0 0
0 1 1 1 0 0 1 0 0 0
0 1 1 1 1 1 1 1 0 0
0 1 1 1 0 0 1 1 0 0
0 1 1 1 1 1 1 1 1 0
0 1 1 1 0 0 1 1 1 1
0 1 1 1 1 1 1 0 0 0
Maze 116
105 30 3.1186440678 2.0891132189 105 0.368070107265038
68 37 23 45 93 60 34 10 82 1 59 68 60 86 95 68
67 33 43 43 53 54 4 2 81 51 58 58 56 85 65
401 401 401 402 402 401 402 402 401 401 402 402 402 402 402
1 1 1 1 1 1 1 1 1 1
1 1 0 1 0 0 0 0 0 0
1 1 1 1 0 0 0 0 0 0
1 1 1 1 1 1 1 0 0 0
1 1 1 1 1 0 1 0 0 0
1 1 1 1 1 1 1 1 1 1
1 1 1 0 1 1 1 2 0 0
1 1 1 0 1 1 0 0 0 0
1 1 1 0 1 1 0 0 0 0
0 0 1 0 1 0 0 0 0 0
Maze 117
93 72 2.9411764706 2.0204560095 56 0.395926324589506
94 48 5 49 37 32 68 88 54 98 57 74 24 9 48 94
44 45 45 47 400 62 400 84 94 97 54 400 4 8 44
402 401 401 401 400 401 400 401 401 401 402 400 402 402 402
0 0 0 1 1 1 1 1 1 0
0 0 0 1 1 0 0 1 0 0
0 0 0 1 1 0 0 1 0 0
0 1 1 1 1 1 1 1 0 0
0 1 0 1 1 1 1 1 1 0
0 1 0 1 1 1 1 0 0 0
0 1 1 1 1 1 1 1 0 0
0 0 0 1 0 0 1 1 0 0
0 0 0 1 1 1 1 1 0 0
0 0 0 2 1 1 1 1 0 0
Maze 118
91 707 3.2244897959 2.0858885378 45 0.383857656684627
46 97 44 88 28 75 95 44 37 20 86 43 50 49 14 46
96 94 84 400 25 400 94 34 17 16 83 400 400 44 44
401 401 401 400 402 400 401 402 402 402 401 400 400 401 401
0 0 0 0 0 0 0 0 0 0
0 0 0 1 0 1 1 1 1 1
0 0 0 1 1 1 1 1 0 0
0 0 0 1 1 1 1 1 0 0
0 0 1 1 1 2 1 1 1 1
0 0 1 1 1 1 0 1 0 0
0 0 1 1 1 1 0 1 0 0
0 0 1 1 1 1 0 1 0 0
0 0 1 1 1 1 1 1 0 0
0 0 0 1 1 1 1 0 0 0
Maze 119
111 11 3.3617021277 1.9468473902 90 0.378536519793485
78 67 42 1 86 78 1 76 17 96 68 5 25 91 51 78
77 62 41 81 76 71 71 16 16 66 65 400 21 400 71
401 401 401 401 402 401 401 402 402 402 401 400 402 400 401
1 0 0 0 1 0 0 0 0 0
1 0 0 0 1 1 1 0 0 0
1 1 1 1 1 1 0 0 0 0
1 0 0 0 1 1 0 0 0 0
1 1 0 0 1 1 0 0 0 0
1 1 0 0 1 1 0 0 0 0
1 1 1 1 1 1 1 1 0 0
1 1 1 1 1 1 1 2 0 0
1 1 1 1 1 1 0 0 0 0
1 0 0 0 0 1 0 0 0 0
Maze 120
87 17 3.0588235294 2.1456267315 36 0.361191156759305
62 90 80 28 34 36 7 86 81 96 37 86 72 21 67 62
82 400 78 24 400 6 6 400 91 36 36 82 71 61 400
401 400 401 402 400 402 402 400 401 402 402 401 401 401 400
0 0 0 0 0 1 1 0 0 0
0 0 0 0 0 1 0 0 0 0
1 0 0 1 1 1 1 1 0 0
1 0 0 1 1 1 1 1 0 0
1 0 0 0 0 1 0 1 0 0
1 0 0 0 0 1 0 1 0 0
1 2 1 1 1 1 1 1 0 0
1 1 0 0 0 1 0 1 1 1
1 1 1 1 1 1 1 1 1 1
1 1 1 1 1 1 0 0 0 0
Maze 121
97 187 2.9333333333 2.2254194555 77 0.375601569295972
29 25 47 96 51 45 89 20 99 23 3 93 71 84 60 29
400 45 46 91 41 85 19 19 93 400 400 91 81 54 59
400 401 402 401 402 401 402 402 401 400 400 401 401 402 401
0 0 1 0 0 0 0 0 0 0
0 0 1 0 0 0 0 0 1 1
0 0 1 0 1 1 1 1 2 0
0 0 1 0 1 0 0 0 1 0
1 1 1 1 1 1 1 0 1 0
1 0 1 1 1 1 1 1 1 1
1 0 1 1 1 1 0 0 1 0
1 0 1 1 1 1 0 0 1 0
1 1 1 1 1 1 1 1 1 0
1 1 1 1 1 1 1 1 1 0
Maze 122
91 127 3.3750000000 2.0565098260 39 0.389350100333390
42 57 42 4 5 14 96 4 53 97 19 53 46 83 73 42
52 52 2 400 4 94 94 3 93 17 13 43 43 400 72
401 401 402 400 402 401 401 402 401 402 402 402 402 400 401
0 1 1 1 1 0 0 0 0 0
0 1 1 1 1 1 1 1 1 0
0 1 1 1 0 0 1 0 0 0
0 1 1 1 0 0 1 0 0 0
0 2 1 1 1 1 1 0 0 0
0 1 1 1 1 1 1 0 0 0
0 1 1 1 0 0 1 0 0 0
0 1 1 1 0 0 1 0 0 0
0 0 1 1 0 0 1 0 0 0
0 0 1 1 1 1 1 0 0 0
Maze 123
87 17 3.2156862745 2.1954918145 50 0.366948974556204
60 37 29 6 4 15 20 47 51 16 1 58 91 87 97 60
57 27 26 400 14 400 17 41 11 11 51 51 81 400 57
401 402 401 400 401 400 402 402 402 401 401 402 402 400 402
1 0 0 1 1 1 0 0 0 0
1 1 1 1 1 1 1 1 1 1
1 0 0 0 0 1 1 1 1 0
1 0 0 0 0 0 1 0 0 0
1 1 1 1 1 1 1 0 0 0
1 1 1 1 1 1 1 1 1 2
1 0 0 0 0 0 1 0 0 0
1 0 0 0 0 0 1 0 0 0
1 1 1 1 1 1 1 0 0 0
1 0 0 0 0 0 1 0 0 0
Maze 124
113 154 3.3454545455 1.9835142096 112 0.384673177804997
56 7 89 53 12 17 84 60 18 85 20 21 11 18 12 56
6 87 83 52 400 14 54 58 15 15 11 400 400 400 52
402 401 401 401 400 402 402 401 402 402 402 400 400 400 401
0 0 0 0 0 1 1 0 0 0
1 1 1 1 1 1 1 1 1 1
1 1 0 1 1 1 1 1 0 0
0 1 0 1 1 1 1 1 0 0
0 1 0 1 1 1 1 1 0 0
0 1 1 1 1 2 1 1 1 1
0 0 1 1 1 0 1 0 0 0
0 0 1 1 1 0 1 0 0 0
0 0 1 1 1 1 1 1 1 0
0 0 0 0 0 0 0 0 0 0
Maze 125
97 8 3.2830188679 2.0638631072 84 0.383487559267876
38 7 39 74 47 80 70 84 15 34 24 93 8 38 82 38
37 37 34 44 77 400 64 14 14 400 23 3 400 32 32
401 401 402 402 401 400 402 402 402 400 402 402 400 402 402
0 0 1 1 1 1 1 1 0 0
0 0 1 1 1 0 1 1 0 0
0 0 1 1 0 0 1 1 0 0
0 1 1 1 1 1 1 2 1 0
0 1 1 1 1 1 1 0 0 0
0 1 1 1 0 0 1 0 0 0
0 1 1 1 1 1 1 1 1 1
0 1 1 1 0 0 1 1 1 1
0 1 1 1 0 0 0 0 0 0
0 0 1 0 0 0 0 0 0 0
Maze 126
89 193 3.2962962963 2.2548680486 45 0.384106912524710
45 79 80 49 46 91 75 92 72 42 68 7 57 6 100 45
75 400 79 400 41 71 72 400 400 62 67 400 56 96 95
401 400 401 400 402 402 402 400 400 401 401 400 401 401 401
0 0 0 0 0 1 1 0 0 0
0 0 0 0 0 1 1 0 0 0
0 0 0 0 0 1 1 0 0 0
0 0 0 0 0 1 1 0 0 0
1 1 1 1 2 1 1 1 1 0
1 1 0 0 1 1 1 0 1 0
1 1 1 1 1 1 1 1 1 0
1 1 1 1 1 1 1 1 1 1
1 1 0 0 1 1 0 0 0 0
1 1 0 0 1 1 1 1 1 1
Maze 127
105 806 2.8852459016 2.0891132189 73 0.392975095035720
37 97 63 41 38 82 81 46 70 20 100 39 64 89 41 37
400 93 61 31 32 400 41 66 400 400 99 34 84 81 31
400 401 401 402 402 400 402 401 400 400 401 402 401 401 402
0 0 0 0 0 0 0 0 0 0
0 0 0 0 0 0 0 0 0 1
0 0 0 0 0 0 0 0 0 1
1 1 1 1 1 1 2 1 1 1
1 1 1 1 1 1 1 0 1 1
1 1 0 1 0 1 1 0 1 1
1 1 1 1 0 1 1 1 1 1
1 1 1 1 0 0 1 0 1 1
1 1 1 1 1 1 1 1 1 1
0 0 1 1 1 1 1 0 1 1
Maze 128
111 980 2.8529411765 2.1913093671 97 0.382168682859225
42 56 76 14 99 29 23 11 79 52 47 80 32 20 38 42
52 400 74 94 400 400 21 71 72 42 77 72 12 18 32
401 400 401 401 400 400 401 401 401 402 401 401 402 402 402
0 0 0 0 0 0 0 0 0 0
1 1 1 1 1 1 1 1 1 1
1 1 1 1 1 1 1 1 1 0
1 1 1 1 1 1 1 1 1 0
1 2 1 1 1 1 1 0 1 0
1 1 1 1 1 1 1 0 1 0
1 1 0 1 0 1 1 0 1 0
1 1 1 1 1 1 1 1 1 1
0 0 0 1 0 0 0 0 1 0
0 0 0 1 1 1 1 1 1 0
Maze 129
91 501 3.3333333333 2.1740246732 36 0.365091373527775
49 58 89 17 87 69 20 82 37 16 86 60 64 84 87 49
48 88 87 400 67 19 12 32 36 400 56 54 400 400 47
402 401 401 400 402 402 402 402 401 400 402 402 400 400 402
0 0 0 0 0 0 0 0 0 0
0 1 1 1 1 1 1 1 1 1
0 1 0 0 0 1 1 0 1 0
0 1 1 1 1 1 1 0 1 0
0 1 0 0 0 1 1 1 2 0
0 1 0 1 1 1 1 1 1 1
0 1 0 1 0 1 1 1 1 0
0 1 0 1 0 1 1 1 0 0
0 1 0 1 1 1 1 1 1 0
0 0 0 0 0 0 0 0 0 0
Maze 130
119 40 3.3559322034 2.0937598578 132 0.390301293300863
36 69 27 11 87 71 20 94 80 42 72 52 42 16 71 36
66 67 21 81 81 11 14 74 72 400 400 400 12 11 31
401 401 401 401 401 402 402 402 401 400 400 400 402 402 402
0 0 0 0 0 0 0 0 0 0
1 1 1 1 1 1 1 1 1 1
1 1 1 1 1 1 1 0 0 0
1 1 1 1 1 2 1 0 0 0
1 1 0 1 0 1 1 0 0 0
1 1 0 1 0 1 1 0 0 0
1 1 0 1 0 1 1 1 1 0
1 1 1 1 1 1 1 1 1 1
1 1 1 1 1 1 1 0 0 0
0 0 0 1 0 0 0 0 0 0
Maze 131
99 43 2.6769230769 2.2327820968 53 0.378620655090697
12 1 89 51 10 90 59 69 67 25 42 21 3 87 16 12
11 81 81 1 400 89 400 400 65 22 41 1 83 86 400
401 401 401 402 400 401 400 400 401 402 401 402 401 401 400
1 1 1 1 1 1 1 1 1 1
1 2 1 1 1 1 0 0 0 1
1 1 1 1 1 1 0 0 0 1
1 1 1 0 1 1 0 0 0 1
1 1 1 0 1 1 0 0 0 1
1 0 1 0 1 1 0 0 1 1
1 0 1 0 1 1 1 1 1 1
1 0 1 0 0 1 0 0 1 1
1 1 1 1 1 1 1 1 1 1
0 0 0 0 0 0 0 0 0 0
Maze 132
95 921 3.6888888889 1.9857456601 84 0.386180662865107
50 6 58 32 43 85 28 54 16 38 83 69 42 63 68 50
46 56 52 42 83 25 24 14 36 33 63 62 62 400 48
401 401 401 401 401 402 402 402 401 402 402 401 401 400 402
0 0 0 0 0 1 0 0 0 0
0 0 0 1 1 1 0 0 0 0
0 0 0 1 1 1 1 1 0 0
0 1 1 1 1 1 1 1 0 0
0 1 1 1 1 1 1 1 1 2
0 1 1 1 1 1 1 1 0 0
0 1 1 1 1 1 1 1 1 0
0 0 1 0 1 0 0 0 0 0
0 0 1 1 1 0 0 0 0 0
0 0 0 0 0 0 0 0 0 0
Maze 133
115 167 3.0967741935 2.2105121502 138 0.383109624870223
27 4 47 80 21 97 70 35 30 51 22 60 50 71 61 27
24 44 77 71 91 67 65 25 21 21 52 400 41 400 21
401 401 401 401 401 402 401 402 402 402 401 400 402 400 402
0 0 0 1 0 0 0 0 0 0
0 0 0 1 0 0 0 0 0 0
1 1 1 1 1 1 2 1 1 1
1 1 0 1 1 0 0 0 0 0
1 1 1 1 1 1 1 1 1 1
1 1 1 1 1 1 1 1 1 1
1 0 0 0 1 1 1 1 1 1
1 1 1 1 1 1 1 1 1 1
1 0 0 0 0 0 1 0 0 0
1 1 1 1 1 1 1 0 0 0
Maze 134
93 263 3.5000000000 2.0921215796 50 0.401330867577397
37 5 36 64 21 3 26 63 85 47 32 70 34 5 73 37
35 35 34 61 1 23 23 83 45 42 62 64 4 3 33
401 401 402 401 402 401 402 401 402 401 401 401 402 402 402
1 1 1 1 1 0 0 0 0 0
1 0 1 1 1 0 0 0 0 0
1 0 1 1 1 1 0 0 0 0
1 1 1 1 1 1 2 0 0 0
1 1 1 1 1 1 1 0 0 0
1 1 1 1 1 0 0 0 0 0
1 1 1 1 1 1 1 1 1 1
0 0 1 0 1 0 0 0 0 0
0 0 1 1 1 0 0 0 0 0
0 0 0 0 0 0 0 0 0 0
Maze 135
131 14 3.5000000000 1.8697632971 191 0.395301412932183
30 91 20 83 88 3 43 70 87 74 3 68 82 91 46 30
21 11 13 400 83 400 63 67 84 73 63 62 81 41 26
402 402 402 400 401 400 401 402 401 401 401 402 402 402 402
0 0 1 0 0 0 0 0 0 0
1 1 1 1 1 1 1 1 1 1
1 1 1 1 1 1 1 1 1 2
1 0 1 0 0 1 0 0 0 0
1 1 1 1 1 1 0 0 0 0
1 0 1 0 0 0 0 0 0 0
1 1 1 1 1 1 1 1 1 1
1 1 1 1 0 0 1 0 0 0
1 1 1 1 1 1 1 1 0 0
1 0 0 0 0 0 0 0 0 0
Maze 136
83 17 2.8928571429 2.3311831654 21 0.351260621329041
11 51 90 5 28 58 20 15 43 32 22 96 43 33 44 11
400 81 85 25 400 18 400 13 42 400 92 93 400 43 41
400 401 401 401 400 402 400 402 401 400 401 401 400 401 401
0 0 0 0 1 0 0 0 0 0
2 0 1 1 1 1 1 1 1 1
1 1 1 0 1 1 1 1 0 0
1 1 1 0 1 0 0 1 0 0
1 1 1 1 1 0 0 1 0 0
1 1 1 0 1 0 0 1 0 0
1 1 1 0 1 0 0 0 0 0
1 1 1 0 1 0 0 0 0 0
1 1 1 1 1 1 1 1 1 1
0 1 1 1 1 1 0 0 0 0
Maze 137
99 46 3.7446808511 1.9800858054 55 0.397978252131005
57 45 32 65 11 70 69 2 59 98 48 7 90 96 58 57
55 42 62 61 61 400 62 52 58 400 47 87 86 56 400
401 401 401 401 401 400 401 401 402 400 401 401 402 402 400
0 1 0 0 0 0 1 0 0 0
1 1 0 0 0 0 1 0 0 0
1 1 0 0 0 0 1 0 0 0
1 1 0 0 0 0 1 0 0 0
1 1 1 1 1 0 1 1 0 0
1 1 1 1 1 1 2 1 1 0
1 1 1 1 1 1 1 1 1 1
0 0 0 0 0 1 1 1 0 0
0 0 0 0 0 1 1 1 1 1
0 0 0 0 0 1 0 1 0 0
Maze 138
101 97 3.7333333333 1.8926282988 84 0.389886254176791
9 84 68 52 17 23 32 61 50 24 22 64 52 69 53 9
4 64 62 12 13 22 31 41 44 400 62 62 62 63 3
402 402 401 402 402 402 402 402 401 400 401 401 401 401 402
0 0 1 1 1 1 1 1 2 0
0 1 1 1 1 1 1 0 0 0
0 1 1 1 0 0 0 0 0 0
1 1 1 1 0 0 0 0 0 0
1 1 1 1 1 1 1 1 1 1
1 1 1 1 0 0 0 0 0 0
1 1 1 1 1 1 1 1 1 0
0 0 0 1 0 0 0 0 0 0
0 0 0 1 0 0 0 0 0 0
0 0 0 0 0 0 0 0 0 0
Maze 139
97 12 2.8571428571 2.2225016104 84 0.356657383287240
37 89 35 90 89 80 59 49 8 61 19 95 82 65 83 37
87 85 85 400 79 79 400 48 1 11 15 92 62 63 33
401 401 401 400 402 401 400 401 402 402 402 401 402 402 402
1 1 1 1 1 1 1 1 0 0
1 1 1 1 1 1 1 1 1 0
1 0 0 0 1 0 0 1 0 0
1 0 1 1 1 1 2 1 0 0
1 0 1 0 1 0 1 1 1 0
1 0 1 0 1 0 1 0 1 0
1 1 1 1 1 0 1 0 1 0
0 1 1 0 1 0 1 0 1 1
0 1 1 0 1 1 1 1 1 1
0 1 1 1 1 0 0 0 0 0
Maze 140
89 24 2.9180327869 2.4147323200 50 0.395784250683598
14 15 18 95 23 21 81 75 49 100 17 77 76 52 86 14
400 400 15 93 400 400 71 45 99 97 400 400 72 82 84
400 400 402 401 400 400 402 402 401 401 400 400 401 401 401
0 0 0 0 0 0 0 0 0 0
0 0 0 2 1 1 1 1 0 0
1 1 1 1 1 0 1 0 0 0
1 0 1 1 1 0 1 0 0 0
1 0 1 1 1 1 1 1 1 0
1 1 1 1 1 0 1 0 1 0
1 1 1 1 1 0 1 0 1 0
1 1 1 1 1 1 1 0 1 0
1 1 1 1 1 1 1 0 1 0
0 0 1 1 1 0 1 1 1 1
Maze 141
105 279 2.9523809524 2.1510178837 112 0.382997579562318
78 95 23 41 19 64 52 10 80 89 77 20 24 8 73 78
75 93 21 11 14 62 2 400 79 87 17 14 4 3 400
402 401 402 402 402 401 402 400 402 401 402 402 402 402 400
0 1 1 1 1 1 1 1 1 1
1 1 1 1 1 1 1 1 1 1
1 1 1 1 0 0 1 0 0 1
1 1 1 1 0 0 1 0 0 1
1 1 1 1 0 0 1 0 0 1
0 1 1 1 0 0 1 0 0 1
0 1 1 1 0 0 1 0 0 1
0 0 1 1 1 1 1 2 1 1
0 0 1 0 1 0 1 1 1 0
0 0 1 1 1 0 0 0 0 0
Maze 142
121 18 3.2941176471 1.8162736116 156 0.375635443606019
30 22 82 25 96 59 8 81 26 61 6 11 72 7 6 30
400 400 22 95 56 58 1 21 21 1 1 71 2 400 26
400 400 402 401 402 401 402 402 402 402 402 401 402 400 401
1 1 1 1 1 1 1 1 0 0
1 1 0 0 0 1 0 1 0 0
1 1 1 1 1 1 1 1 1 2
1 1 0 0 1 0 0 1 0 0
1 1 0 0 1 0 0 1 0 0
1 1 0 0 1 1 1 1 1 0
1 1 0 0 1 1 0 0 0 0
1 1 0 0 1 1 0 0 0 0
1 1 0 0 1 1 0 0 0 0
0 0 0 0 1 1 0 0 0 0
Maze 143
85 273 3.0740740741 2.3288451324 44 0.371063184705728
64 97 53 82 38 49 66 18 32 24 63 78 9 66 63 64
94 93 52 32 48 46 16 12 22 23 73 8 6 400 400
401 401 402 402 401 402 402 402 402 402 401 402 402 400 400
0 0 0 0 0 1 1 1 1 0
0 1 1 1 1 1 1 1 0 0
0 1 1 1 0 1 0 1 0 0
0 1 1 1 1 1 1 1 0 0
0 1 1 0 0 1 1 1 1 0
0 1 1 0 0 1 0 1 0 0
0 1 1 2 1 1 0 1 0 0
0 1 1 1 1 1 1 1 0 0
0 1 1 1 0 0 0 0 0 0
0 0 1 1 1 1 1 0 0 0
Maze 144
85 37 2.7719298246 2.3125000000 41 0.385181841376533
10 1 13 38 49 34 46 89 56 2 98 89 65 47 40 10
400 11 33 48 44 44 86 86 52 92 88 85 45 37 400
400 401 401 401 401 401 401 401 401 401 402 401 402 402 400
1 1 1 1 1 1 1 1 1 2
1 1 1 0 0 0 0 0 0 1
0 1 1 0 0 0 0 0 0 1
0 1 1 1 1 1 1 1 1 1
0 1 0 1 1 1 1 1 1 0
0 1 1 1 1 1 0 0 0 0
0 1 0 0 1 1 0 0 0 0
0 1 0 0 1 1 0 0 0 0
0 1 0 0 1 1 1 1 1 0
0 1 1 1 1 1 1 1 0 0
Maze 145
115 1770 2.9696969697 2.0379923487 131 0.392150859463746
46 93 4 98 37 84 90 33 12 43 28 96 89 8 21 46
43 3 94 97 34 400 83 32 42 23 26 86 88 1 41
402 402 401 401 402 400 401 401 401 402 402 402 401 402 401
1 1 1 1 1 1 1 1 0 0
1 1 1 1 0 0 0 1 0 0
1 1 1 1 1 1 1 1 0 0
1 1 1 1 1 1 1 1 0 0
1 1 1 1 1 2 1 1 0 0
0 0 1 1 0 1 1 1 0 0
0 0 1 1 0 1 1 1 0 0
0 0 1 1 0 1 1 1 0 0
0 0 1 1 1 1 1 1 1 1
0 0 1 1 1 1 1 1 0 0
Maze 146
113 19 3.5272727273 2.0921563268 79 0.386855097457665
88 78 34 26 97 72 17 14 72 10 14 89 24 80 48 88
400 74 24 96 92 12 400 12 2 4 84 84 74 78 400
400 401 402 401 401 402 400 402 402 402 401 401 401 401 400
0 1 1 1 1 1 1 1 1 1
0 1 1 1 1 1 1 0 0 0
0 1 0 1 1 1 0 0 0 0
0 1 0 1 0 1 0 0 0 0
0 1 0 1 0 1 0 1 0 0
0 1 0 1 0 1 0 1 0 0
0 1 0 1 0 1 0 1 0 0
0 1 0 1 1 1 1 1 1 1
0 1 0 1 1 1 1 2 1 0
0 1 1 1 1 1 1 0 0 0
Maze 147
77 12 3.3846153846 1.8835060867 30 0.373113997210060
25 27 36 85 85 30 2 54 43 95 49 55 64 4 54 25
400 26 35 400 25 22 52 53 93 45 45 54 400 400 24
400 402 402 400 402 401 401 401 401 402 402 402 400 400 402
0 1 0 1 0 0 0 0 0 0
0 1 0 1 0 0 0 0 0 0
0 1 1 1 2 1 1 1 1 1
0 1 0 1 1 1 0 0 0 0
0 1 1 1 1 1 1 1 1 0
0 1 1 1 1 0 0 0 0 0
0 0 1 1 1 0 0 0 0 0
0 0 1 0 1 0 0 0 0 0
0 0 1 0 1 0 0 0 0 0
0 0 1 1 1 0 0 0 0 0
Maze 148
105 42 2.6666666667 2.1513259886 76 0.391733421617441
21 11 26 10 40 29 7 86 13 21 4 99 41 29 84 21
400 21 6 400 39 27 6 83 11 1 94 91 21 24 81
400 401 402 400 401 401 402 401 402 402 401 401 402 402 401
1 1 1 1 0 1 1 1 1 1
1 1 1 1 0 1 1 0 0 1
2 1 1 1 1 1 1 1 1 1
1 0 1 1 0 1 0 0 1 1
1 0 1 1 0 1 0 0 0 0
1 0 1 1 0 1 0 0 0 0
1 0 1 1 0 1 0 0 0 0
1 0 1 1 0 1 0 0 0 0
1 1 1 1 1 1 0 0 0 0
1 1 1 1 1 1 1 1 1 0
Maze 149
83 15 3.0869565217 2.0916755873 19 0.397706050189711
19 59 53 16 33 15 49 99 66 26 69 50 61 44 23 19
400 400 13 13 13 45 400 96 400 66 49 41 41 43 13
400 400 402 402 402 401 400 401 400 401 402 402 402 401 402
0 0 0 0 0 0 0 0 0 0
0 0 1 1 1 1 1 1 2 0
0 0 1 0 1 1 0 0 1 0
0 0 1 0 1 1 0 0 1 0
1 1 1 1 1 1 1 1 1 1
1 0 1 1 1 1 1 1 1 0
1 0 0 0 0 1 1 1 1 0
0 0 0 0 0 1 0 0 1 0
0 0 0 0 0 1 0 0 1 0
0 0 0 0 0 1 1 1 1 0
Maze 150
103 33 3.0204081633 1.7446140427 71 0.386803814699933
87 51 58 4 84 52 64 26 67 19 4 89 22 26 68 87
81 400 54 400 82 62 24 66 17 14 84 82 400 66 67
401 400 401 400 401 401 402 401 402 401 401 401 400 401 402
0 0 0 1 0 0 0 0 0 0
0 0 0 1 1 1 1 1 1 0
0 1 1 1 1 1 1 0 0 0
0 1 0 1 0 1 1 0 0 0
0 1 0 1 0 1 1 0 0 0
1 1 1 1 1 1 1 1 0 0
1 1 1 1 0 1 1 1 0 0
1 1 0 1 0 0 1 0 0 0
1 1 1 1 1 1 2 1 1 0
0 0 0 0 0 0 0 0 0 0
Maze 151
85 7 3.0212765957 2.1418479094 45 0.372208628388904
16 84 89 34 93 98 49 84 74 14 11 3 26 16 41 16
14 400 84 33 400 48 44 400 400 400 1 23 400 11 11
402 400 401 402 400 402 402 400 400 400 402 401 400 402 402
1 1 1 0 0 0 0 0 0 0
1 1 1 1 1 2 0 0 0 0
1 0 1 1 1 1 0 0 0 0
1 0 1 1 0 0 0 0 0 0
1 0 1 1 1 1 1 1 1 0
0 0 1 1 0 0 0 1 0 0
0 0 1 1 0 0 0 1 0 0
0 0 1 1 0 0 0 1 0 0
0 0 1 1 1 1 1 1 1 0
0 0 1 1 1 1 1 1 0 0
Maze 152
93 301 3.2692307692 2.2642404302 45 0.382249440819222
96 46 15 5 86 97 3 26 61 86 60 34 51 3 76 96
400 45 400 85 96 93 23 21 81 56 54 31 1 73 400
400 401 400 401 401 401 401 402 401 402 401 402 402 401 400
1 1 1 0 1 0 0 0 0 0
1 0 1 0 1 0 0 0 0 0
1 1 1 1 1 1 0 0 0 0
1 1 1 1 1 0 0 0 0 0
1 0 1 1 1 1 0 0 0 0
1 0 1 1 1 1 1 1 1 1
1 0 1 0 1 1 0 0 0 0
1 0 1 1 1 1 0 0 0 0
1 1 1 1 1 1 0 0 0 0
0 0 1 1 1 2 1 0 0 0
Maze 153
93 5050 3.1379310345 2.2665805430 50 0.391086707167648
23 2 70 96 83 74 38 31 87 27 45 33 30 47 11 23
22 62 66 93 73 34 400 81 400 25 43 23 27 41 21
401 401 402 401 402 402 400 401 400 402 401 402 402 401 401
0 1 0 0 0 0 0 0 0 0
1 1 0 0 0 0 0 0 0 0
1 1 2 1 1 1 1 1 1 1
1 1 1 1 1 1 1 1 0 0
1 1 1 1 1 1 1 0 0 0
1 1 0 1 0 0 1 0 0 0
1 1 1 1 1 1 1 1 1 1
1 0 1 1 0 1 1 0 0 0
1 1 1 1 1 1 1 0 0 0
0 0 1 1 1 1 0 0 0 0
Maze 154
103 100 3.2075471698 1.9593357710 55 0.379092660632617
90 6 85 28 79 80 95 28 4 60 88 97 89 63 91 90
86 5 25 78 400 75 25 24 54 58 87 87 83 61 81
401 402 402 401 400 402 402 401 401 402 402 402 401 402 402
0 0 0 1 1 1 0 0 0 0
0 0 0 1 1 1 0 0 0 0
0 0 0 1 1 1 1 1 0 0
0 0 0 1 1 1 0 1 0 0
0 0 0 1 1 1 0 1 0 0
0 0 0 1 1 1 1 1 1 1
1 1 1 0 1 1 0 1 0 0
1 0 1 0 1 1 1 1 1 1
1 1 1 1 1 1 1 1 1 2
1 0 0 0 1 0 1 0 0 0
Maze 155
83 57 3.0588235294 2.1670153369 35 0.376278955428067
75 63 74 42 66 88 60 27 87 58 72 11 52 17 40 75
73 73 72 62 86 58 57 400 57 52 71 51 12 37 35
401 401 401 401 401 402 401 400 402 402 401 401 402 401 402
0 0 0 0 0 0 0 0 0 0
1 1 1 1 1 1 1 0 0 0
1 1 0 0 0 0 1 0 0 0
1 1 0 0 1 1 1 1 1 1
1 1 0 0 1 0 1 0 0 0
1 1 1 1 1 1 1 1 1 1
1 1 1 1 1 1 1 1 0 0
1 1 1 1 2 1 1 1 0 0
0 0 0 0 0 1 1 1 0 0
0 0 0 0 0 0 0 0 0 0
Maze 156
97 176 2.8928571429 2.0859079180 60 0.382629428716376
100 40 78 70 15 66 40 54 89 96 43 24 95 15 18 100
400 38 68 65 65 36 34 84 86 93 23 94 400 400 98
400 402 402 401 401 402 402 401 402 401 402 401 400 400 401
0 0 0 0 0 0 0 0 0 0
0 0 0 0 1 1 1 1 0 0
0 0 1 1 1 0 0 1 0 0
0 0 1 1 1 1 1 1 1 1
0 0 1 1 1 1 0 1 0 1
0 0 1 1 1 1 0 1 0 1
0 0 1 1 1 1 1 1 1 1
0 0 1 1 1 0 0 1 0 1
0 0 1 1 1 1 1 1 1 1
0 0 1 1 1 1 0 1 1 2
Maze 157
81 825 2.9803921569 2.2427085094 30 0.367139393292860
36 31 50 16 49 67 9 4 94 86 67 12 13 15 57 36
400 41 46 46 47 7 400 400 84 66 62 400 400 55 56
400 401 401 401 402 402 400 400 402 402 401 400 400 401 401
0 0 0 1 1 1 1 1 1 0
0 1 1 1 1 1 1 0 0 0
0 1 0 1 1 1 1 0 0 0
1 1 1 1 1 2 1 0 0 0
1 1 1 1 1 1 1 1 1 1
0 1 0 1 1 1 1 0 0 0
0 1 1 1 1 1 1 0 0 0
0 0 0 1 0 1 0 0 0 0
0 0 0 1 1 1 0 0 0 0
0 0 0 1 0 0 0 0 0 0
Maze 158
71 33 3.2777777778 1.8669173616 20 0.389857634299423
28 75 48 49 76 48 52 53 35 26 70 59 36 16 87 28
25 45 400 46 46 42 400 33 25 66 69 56 400 86 27
402 402 400 402 402 402 400 402 402 401 401 401 400 401 402
0 0 0 0 0 0 0 0 0 0
0 0 0 0 0 1 0 0 0 0
0 0 0 0 1 1 1 2 0 0
0 0 1 1 1 1 1 0 0 0
0 1 1 1 1 1 1 1 1 0
0 1 1 0 1 1 1 1 1 0
0 0 0 0 1 1 1 1 1 1
0 0 0 0 1 1 1 0 0 0
0 0 0 0 0 1 1 0 0 0
0 0 0 0 0 0 0 0 0 0
Maze 159
79 1170 3.2888888889 2.1924125492 16 0.388309107219502
100 98 70 69 72 75 48 76 60 44 100 62 46 48 49 100
400 68 400 62 400 45 46 56 54 94 92 42 400 400 99
400 402 400 402 400 402 402 402 401 401 401 402 400 400 401
0 0 0 0 0 0 0 0 0 0
0 0 0 0 0 0 0 0 0 0
0 0 0 0 0 0 0 0 0 0
0 0 0 0 0 0 0 0 0 0
0 1 1 1 1 1 1 1 1 0
0 1 0 1 1 1 1 1 1 1
0 1 1 1 1 1 1 1 1 1
0 1 1 1 1 1 0 1 1 0
0 1 0 1 0 0 0 1 1 0
0 1 1 1 1 1 1 1 1 2
Maze 160
113 2452 3.2333333333 2.1823543144 92 0.384585768571117
91 43 79 12 42 26 96 5 84 51 100 77 63 92 34 91
41 73 72 400 22 400 95 4 81 91 97 73 62 32 31
402 401 401 400 402 400 401 402 401 401 401 401 402 402 402
0 0 0 1 1 0 0 0 0 0
0 1 0 1 1 0 0 0 0 0
0 1 1 1 1 1 0 0 0 0
1 1 1 1 1 1 0 0 0 0
1 1 1 1 1 1 0 0 0 0
1 1 1 1 1 1 0 0 0 0
1 1 1 1 1 1 0 0 0 0
1 1 1 1 1 1 1 1 1 0
1 1 1 1 1 1 1 0 0 0
2 1 1 1 1 1 1 1 1 1
Maze 161
103 1746 3.2881355932 2.2572409891 54 0.391313578485113
87 62 62 59 83 6 42 94 50 79 54 4 63 32 40 87
82 400 52 53 3 2 92 44 49 74 400 3 62 400 37
401 400 402 402 402 402 401 402 402 401 400 402 401 400 402
0 1 1 1 1 1 0 0 0 0
0 1 1 1 0 0 0 0 0 0
0 1 1 1 0 0 0 0 0 0
0 1 1 1 1 1 1 1 1 1
0 1 1 1 1 1 1 1 1 1
0 1 1 1 1 1 1 1 1 0
0 1 1 1 0 0 1 0 1 0
0 1 1 1 1 1 1 1 1 0
0 1 1 1 1 1 2 0 0 0
0 1 1 1 0 0 0 0 0 0
Maze 162
107 3739 3.1290322581 2.2365181755 112 0.382087992879714
99 49 20 13 66 73 24 60 18 65 51 40 96 4 55 99
400 19 400 63 63 23 54 58 15 61 31 36 94 54 95
400 402 400 401 402 402 401 401 402 401 402 402 401 401 401
0 0 0 1 0 0 0 0 0 0
0 0 1 1 1 1 1 1 1 1
0 0 1 1 1 0 0 1 1 0
1 1 1 1 1 1 1 1 1 1
1 0 1 1 1 1 0 1 1 0
1 0 1 1 1 1 1 1 1 1
1 1 1 1 1 1 0 0 1 0
0 0 1 1 1 1 0 0 1 0
0 0 0 1 1 1 0 0 1 0
0 0 0 1 1 1 1 1 2 0
Maze 163
85 58 3.0000000000 2.2595637259 44 0.376079773375011
15 100 93 66 89 86 75 19 14 89 58 39 19 9 57 15
95 400 63 86 400 85 15 400 84 88 38 400 400 7 55
401 400 402 401 400 401 402 400 401 401 402 400 400 402 401
0 0 0 0 0 0 1 1 1 0
0 0 0 1 2 1 1 1 1 0
0 0 0 1 1 0 1 0 1 0
0 0 0 1 1 0 1 1 1 0
0 0 0 1 1 0 1 1 0 0
0 0 0 1 1 1 1 1 0 0
0 0 1 1 1 1 0 1 0 0
0 0 1 1 1 1 0 1 0 0
0 0 1 1 1 1 1 1 1 0
0 0 1 1 1 1 1 1 1 1
Maze 164
119 149 3.5636363636 1.9814323891 105 0.381837032029592
75 99 89 95 16 95 3 25 19 37 83 20 82 30 14 75
95 400 85 15 15 93 23 15 17 33 13 12 22 24 74
401 400 402 402 402 401 401 402 402 402 402 402 402 401 401
0 0 1 0 0 0 0 0 0 0
0 1 1 1 1 1 1 1 1 1
0 1 1 1 1 1 1 1 1 1
0 1 1 1 1 1 1 0 0 0
0 1 1 1 1 0 0 0 0 0
0 1 1 1 1 0 0 0 0 0
0 1 1 1 1 0 0 0 0 0
0 1 1 1 2 0 0 0 0 0
0 1 1 0 1 1 1 1 1 0
0 0 1 1 1 1 1 1 1 0
Maze 165
91 49 3.1034482759 2.2996439890 39 0.389091414349594
44 46 38 81 5 2 68 16 29 25 77 77 62 73 99 44
400 36 31 1 400 62 66 26 400 75 400 72 72 93 94
400 402 402 402 400 401 401 401 400 401 400 401 401 401 401
1 1 1 1 1 0 0 0 0 0
1 1 0 0 0 1 0 0 0 0
1 1 0 0 1 1 1 1 1 0
1 1 1 1 1 1 1 1 0 0
1 1 0 2 1 1 0 0 0 0
1 1 0 1 1 1 0 0 0 0
1 1 1 1 1 1 1 1 0 0
1 1 1 1 1 1 1 0 0 0
1 0 1 1 0 0 0 0 0 0
0 0 1 1 1 1 1 1 1 0
Maze 166
101 177 3.3333333333 2.1078326209 77 0.385194956390981
58 54 11 40 27 93 18 11 34 77 93 35 46 69 17 58
400 51 31 37 23 13 400 31 74 73 33 45 66 67 57
400 401 401 401 402 402 400 401 401 402 402 401 401 401 401
0 0 0 0 0 0 0 0 0 0
1 1 1 1 1 1 1 1 0 0
1 0 1 1 1 1 1 0 0 0
1 1 1 1 1 1 1 1 1 1
1 0 1 1 1 1 1 0 0 0
1 1 1 1 1 1 1 2 0 0
0 0 1 1 0 1 1 1 1 0
0 0 1 1 1 1 1 0 0 0
0 0 1 0 0 0 0 0 0 0
0 0 1 0 0 0 0 0 0 0
Maze 167
95 102 2.9818181818 2.1639973307 70 0.380274362886618
21 52 43 48 29 11 47 52 83 85 18 90 18 9 82 21
51 42 400 28 21 41 42 82 400 15 88 88 8 2 81
401 402 400 402 401 401 402 401 400 402 401 401 402 402 401
0 1 1 1 1 1 1 1 1 0
1 1 0 0 1 1 1 1 0 0
2 1 1 1 1 1 1 1 1 0
1 1 0 0 1 0 0 1 0 0
1 1 1 1 1 1 1 1 0 0
1 1 0 0 1 0 0 1 0 0
1 1 0 0 1 0 0 1 0 0
1 1 0 0 1 0 0 1 0 0
1 1 1 1 1 0 0 1 1 1
0 0 0 0 0 0 0 0 0 0
Maze 168
87 441 3.8536585366 2.1072514725 50 0.388561005676324
15 23 41 46 22 55 91 64 29 4 23 3 55 38 73 15
13 21 400 42 52 51 61 24 24 3 400 53 35 33 13
402 402 400 401 401 402 402 402 401 402 400 401 402 402 402
0 0 1 1 0 0 0 0 0 0
0 0 1 1 2 0 0 0 0 0
1 1 1 1 1 1 1 1 1 0
1 1 1 1 1 1 1 1 0 0
1 1 1 1 1 1 0 0 0 0
1 1 1 1 1 0 0 0 0 0
1 1 1 1 0 0 0 0 0 0
1 0 1 0 0 0 0 0 0 0
1 0 0 0 0 0 0 0 0 0
1 0 0 0 0 0 0 0 0 0
Maze 169
97 448 2.9310344828 2.1547848641 48 0.363638458878931
65 36 97 97 58 4 12 65 35 9 21 87 100 26 71 65
35 96 400 57 54 2 62 400 5 1 81 97 96 21 61
402 401 400 402 401 402 401 400 402 402 401 401 401 402 402
1 1 1 1 1 1 1 1 1 0
1 1 0 1 1 0 0 0 0 0
1 1 1 1 1 1 0 0 0 0
1 1 0 1 1 1 0 0 0 0
1 1 0 1 1 1 0 0 0 0
1 1 0 1 1 1 1 1 0 0
1 1 1 1 2 1 1 0 0 0
1 0 0 0 0 1 1 0 0 0
1 1 1 1 1 1 1 0 0 0
0 0 0 0 0 1 1 1 1 1
Maze 170
109 141 3.3030303030 2.3448555988 112 0.382518566201462
58 18 22 27 33 6 80 96 89 19 89 11 97 59 52 58
400 12 400 23 3 76 76 86 400 400 81 91 57 400 400
400 402 400 402 402 401 402 402 400 400 401 401 402 400 400
0 0 1 1 1 1 0 0 0 0
1 1 1 1 1 1 1 1 1 0
1 1 1 1 1 1 1 1 1 0
1 0 1 0 0 1 0 1 1 0
1 0 0 0 0 1 0 1 1 0
1 1 1 1 1 1 1 2 1 0
1 0 0 0 0 1 1 0 1 0
1 0 0 0 0 1 1 1 1 1
1 1 1 1 1 1 1 1 1 0
1 1 1 1 1 1 1 0 0 0
Maze 171
83 78 2.8148148148 2.2967227180 30 0.387414347792322
12 14 75 6 53 11 63 31 46 46 68 10 30 32 46 12
400 74 5 3 51 61 61 41 400 66 8 400 22 42 42
400 401 402 402 401 401 401 401 400 401 402 400 402 401 401
0 0 1 1 1 1 0 1 1 1
1 2 1 1 1 0 0 1 0 1
1 1 1 1 1 1 1 1 1 1
1 1 1 1 1 0 0 1 0 0
1 1 1 1 1 1 0 1 0 0
1 1 1 1 1 1 0 1 0 0
1 1 1 1 1 1 1 1 0 0
0 0 0 1 1 0 0 0 0 0
0 0 0 0 0 0 0 0 0 0
0 0 0 0 0 0 0 0 0 0
Maze 172
97 192 3.2941176471 2.1939256689 66 0.377692057667732
65 53 91 93 37 39 11 80 76 45 49 1 71 24 68 65
63 51 400 33 400 31 71 400 75 400 41 400 21 64 400
401 402 400 402 400 401 401 400 401 400 401 400 402 401 400
1 0 0 0 0 0 0 0 0 0
1 0 0 0 0 0 0 0 0 0
1 1 1 1 0 0 0 0 0 0
1 1 1 1 1 1 1 1 1 0
1 1 1 1 1 1 1 1 1 0
1 1 1 1 1 0 0 0 0 0
1 0 1 1 2 1 1 1 0 0
1 1 1 1 1 1 1 1 1 1
1 0 1 0 0 0 0 0 0 0
1 1 1 0 0 0 0 0 0 0
Maze 173
101 55 3.3703703704 2.0572046726 56 0.401681682366571
9 82 17 84 83 78 44 36 31 93 37 16 19 32 24 9
2 12 14 400 73 74 34 400 91 33 36 400 12 22 4
402 402 402 400 402 401 402 400 401 402 401 400 402 402 402
0 1 1 1 1 1 1 1 2 0
0 1 1 1 1 1 1 1 1 0
0 1 1 1 0 1 0 0 0 0
1 1 1 1 1 1 1 0 0 0
1 1 1 1 0 0 0 0 0 0
1 1 1 1 0 0 0 0 0 0
1 1 1 1 0 0 0 0 0 0
1 1 1 1 1 1 1 1 0 0
1 1 1 1 0 0 0 0 0 0
1 1 1 0 0 0 0 0 0 0
Maze 174
107 784 3.5925925926 2.0979063311 105 0.384159987220369
35 60 80 40 83 4 55 85 43 59 52 47 91 29 42 35
55 400 400 33 3 54 400 83 53 400 42 41 21 22 32
401 400 400 402 402 401 400 401 401 400 402 402 402 402 402
0 0 1 1 0 0 0 0 0 0
0 0 1 1 0 0 0 0 0 0
1 1 1 1 1 1 1 1 1 0
1 1 1 1 2 1 1 1 1 1
1 1 1 1 1 1 1 0 0 1
1 1 1 1 1 1 1 1 1 1
1 0 1 0 1 0 0 0 0 1
1 0 1 0 1 0 0 0 0 1
1 0 1 1 1 0 0 0 0 0
1 0 0 0 0 0 0 0 0 0
Maze 175
89 24 2.6451612903 2.2977938640 25 0.373395993573692
11 24 99 92 14 6 41 84 66 70 79 58 90 45 6 11
21 94 400 12 4 1 81 64 400 69 78 88 85 5 1
401 401 400 402 402 402 401 402 400 402 401 401 401 402 402
1 1 1 1 1 1 0 0 0 0
2 1 1 1 1 0 0 0 0 0
1 1 1 1 1 0 0 0 0 0
1 1 0 1 1 0 0 0 0 0
1 1 0 1 1 0 0 0 0 0
1 1 0 1 1 0 0 1 0 0
1 1 0 1 1 1 1 1 1 1
1 1 0 1 1 0 0 1 1 0
1 1 1 1 1 1 1 1 1 1
0 1 1 1 1 1 1 1 1 0
Maze 176
109 21 3.5416666667 1.8560210372 87 0.367766967003545
68 95 20 19 16 66 30 41 30 56 20 16 21 78 82 68
65 15 400 400 400 26 21 21 26 16 400 11 71 72 62
402 402 400 400 400 402 402 402 402 402 400 402 401 402 402
0 0 0 0 0 0 0 0 0 0
1 1 1 1 1 1 1 1 1 1
1 1 1 1 1 1 1 1 1 1
1 0 0 0 1 1 0 0 0 0
1 0 0 0 1 1 0 0 0 0
1 0 0 0 1 1 0 0 0 0
1 1 1 1 1 1 1 2 0 0
1 1 1 1 1 1 1 1 0 0
0 1 0 0 1 0 0 0 0 0
0 0 0 0 1 0 0 0 0 0
Maze 177
101 349 3.0645161290 2.2590934011 77 0.384546132964510
6 95 11 29 11 36 36 76 59 59 89 19 34 14 100 6
5 91 21 21 31 400 400 56 400 400 400 14 400 94 96
402 401 401 401 401 400 400 402 400 400 400 402 400 401 401
0 0 0 0 1 2 0 0 0 0
1 0 0 1 1 1 1 1 1 0
1 1 1 1 1 1 1 1 1 0
1 1 1 1 1 1 0 0 1 0
1 0 0 1 1 1 0 0 1 0
1 0 0 1 1 1 1 1 1 0
1 0 0 1 1 1 0 0 1 0
1 0 0 1 1 1 0 0 1 0
1 0 0 1 1 1 0 0 1 0
1 1 1 1 1 1 1 1 1 1
Maze 178
113 135 3.2580645161 2.1640436624 70 0.377365795081892
99 11 8 97 80 54 47 82 27 7 4 82 42 76 25 99
91 1 7 77 74 44 42 22 400 400 2 400 72 75 95
401 402 402 402 401 402 402 402 400 400 402 400 401 401 401
1 1 1 1 1 1 1 1 0 0
1 1 0 0 0 0 1 0 0 0
1 1 1 1 1 1 1 0 0 0
1 1 0 0 1 0 1 0 0 0
1 1 1 1 1 1 1 0 0 0
1 1 0 1 1 0 1 0 0 0
1 1 0 1 1 0 1 0 0 0
1 1 1 1 1 1 1 1 1 1
1 1 0 0 1 0 1 0 0 0
1 1 1 1 1 1 1 1 2 0
Maze 179
103 1220 3.0769230769 2.3103525418 84 0.386322664855507
84 89 19 73 59 79 72 9 58 34 30 34 6 20 39 84
400 400 13 53 400 400 2 8 54 24 24 4 16 19 34
400 400 402 402 400 400 402 402 401 402 402 402 401 402 402
0 1 1 1 1 1 1 1 1 0
0 1 1 1 1 1 1 1 1 1
0 1 1 1 1 1 1 1 1 1
0 1 1 1 1 1 1 1 1 0
0 1 1 1 0 0 0 1 1 0
0 1 1 1 1 1 1 1 1 0
0 1 1 1 0 0 0 0 1 0
0 1 1 1 1 1 1 1 1 0
0 0 0 2 1 1 1 1 1 0
0 0 0 0 0 0 0 0 0 0
Maze 180
101 68 3.2075471698 2.0504041575 58 0.394636594162383
1 37 24 50 17 78 72 94 41 61 91 18 54 46 87 1
31 34 44 47 77 400 92 91 400 400 11 14 44 86 81
401 401 401 401 401 400 401 401 400 400 402 402 402 401 401
2 0 0 0 0 0 0 0 0 0
1 1 1 1 1 1 1 1 0 0
1 0 0 1 0 0 1 0 0 0
1 1 1 1 1 1 1 0 0 0
1 0 0 1 1 1 1 1 1 1
1 0 0 1 0 1 1 0 0 0
1 0 0 0 0 1 1 0 0 0
1 1 1 1 1 1 1 1 0 0
1 1 1 1 1 1 1 0 0 0
1 1 1 1 0 0 0 0 0 0
Maze 181
93 215 2.8000000000 2.1223199761 45 0.376885467871840
1 68 38 4 81 99 44 64 62 51 45 99 47 64 22 1
61 400 34 1 91 94 400 400 61 41 95 97 44 62 21
401 400 401 402 401 401 400 400 401 402 401 401 402 401 401
2 1 1 1 0 0 0 0 0 0
1 0 0 1 0 0 0 0 0 0
1 1 0 1 0 0 0 0 0 0
1 1 0 1 1 1 1 1 0 0
1 1 1 1 1 1 1 1 0 0
1 1 0 1 1 0 1 1 0 0
1 1 1 1 1 1 1 1 0 0
1 0 0 1 1 0 1 0 0 0
1 0 0 1 1 0 1 0 0 0
1 1 1 1 1 1 1 1 1 0
Maze 182
105 281 3.1578947368 2.0800979812 120 0.380722964053333
52 31 74 59 86 76 93 26 39 82 81 6 21 60 8 52
51 71 54 56 400 73 23 36 32 400 1 1 51 58 2
401 401 402 402 400 402 402 401 402 400 402 402 401 401 402
1 1 1 1 1 1 1 1 0 0
1 1 0 0 0 0 0 1 0 0
1 1 1 1 1 1 0 1 0 0
1 1 1 1 1 1 1 1 1 0
1 1 1 0 0 0 0 1 0 0
1 2 1 1 1 1 1 1 1 1
1 1 1 1 0 1 0 0 0 0
1 1 1 1 1 1 0 0 0 0
1 1 1 0 0 1 0 0 0 0
0 0 1 0 0 0 0 0 0 0
Maze 183
77 24 3.1282051282 1.9171401240 30 0.362795277682638
52 72 85 98 70 74 3 48 24 84 52 46 24 55 82 52
400 82 95 68 64 73 43 44 400 82 42 44 54 52 400
400 401 401 402 402 401 401 401 400 401 402 401 401 402 400
0 0 1 0 0 0 0 0 0 0
0 0 1 0 0 0 0 0 0 0
0 0 1 1 0 0 0 0 0 0
0 0 1 1 0 0 0 0 0 0
0 1 1 1 1 1 1 1 0 0
0 2 1 1 1 0 0 0 0 0
0 1 1 1 1 1 1 1 1 1
0 1 1 1 0 0 0 1 0 0
0 1 1 1 1 0 0 1 0 0
0 0 0 0 1 1 1 1 0 0
Maze 184
113 3 3.0625000000 2.1137170656 76 0.394501146926947
10 23 6 30 79 58 87 66 90 31 5 50 65 8 62 10
3 3 26 29 78 57 86 86 81 1 45 45 5 2 2
402 402 401 402 401 402 401 401 401 402 401 402 402 402 402
1 1 1 1 1 1 1 1 1 2
1 1 1 0 1 1 0 0 0 0
1 1 1 0 1 1 1 1 1 1
1 1 0 0 1 0 0 0 1 0
1 1 0 0 1 1 1 1 1 1
1 1 0 0 1 0 1 1 1 0
1 1 0 0 1 1 1 1 1 0
1 0 0 0 0 1 1 1 1 0
1 1 1 1 1 1 1 1 1 1
0 0 0 0 0 0 0 0 0 0
Maze 185
87 36 3.1250000000 2.1329832892 45 0.371916670249889
53 75 33 18 37 66 17 47 74 36 9 73 95 42 15 53
73 73 13 17 36 16 400 44 34 6 3 93 92 12 13
401 401 402 402 402 402 400 402 402 402 402 401 401 402 402
0 0 1 1 1 1 1 1 1 0
0 1 1 1 1 1 1 1 0 0
0 1 1 0 0 1 1 0 0 0
0 1 1 1 1 1 1 0 0 0
0 1 1 1 1 1 1 0 0 0
0 1 2 1 0 1 0 0 0 0
0 1 1 1 0 1 0 0 0 0
0 1 1 1 1 0 0 0 0 0
0 1 1 0 0 0 0 0 0 0
0 1 1 1 1 0 0 0 0 0
Maze 186
93 89 3.1320754717 2.0688403132 40 0.371255028618500
64 49 35 55 12 89 68 20 65 89 45 81 52 77 57 64
44 45 400 52 82 88 18 15 85 85 41 51 72 400 54
402 401 400 401 401 401 402 402 401 401 402 402 401 400 402
0 0 0 0 0 0 0 0 0 0
0 1 0 0 1 1 1 1 1 1
0 1 0 0 1 0 0 1 0 0
0 1 0 0 1 0 0 1 0 0
1 1 1 1 1 1 1 1 1 0
1 1 1 1 1 1 1 1 0 0
1 1 0 2 1 0 1 1 0 0
1 1 1 1 1 1 1 1 0 0
1 1 1 1 1 1 1 1 1 0
0 0 0 0 0 0 0 0 0 0
Maze 187
97 211 2.9508196721 2.2977914067 77 0.376169730351362
18 63 69 98 22 39 32 46 7 51 53 62 29 27 66 18
13 400 68 92 32 400 42 6 1 400 52 22 400 26 16
402 400 402 401 401 400 401 402 402 400 402 402 400 402 402
1 1 1 1 1 1 1 0 0 0
1 0 1 1 1 1 1 2 0 0
1 1 1 1 1 1 1 1 1 0
1 1 1 1 1 1 1 1 1 0
1 1 1 1 1 1 0 0 0 0
1 1 1 0 0 1 0 0 0 0
0 1 1 1 1 1 1 1 1 0
0 1 0 0 0 0 0 1 0 0
0 1 0 0 0 0 0 1 0 0
0 1 1 1 1 1 1 1 0 0
Maze 188
103 362 3.1666666667 2.2890717499 58 0.389399254248324
21 26 8 61 96 29 75 11 5 64 38 87 68 91 31 21
400 6 1 91 26 25 71 1 4 34 37 67 61 400 400
400 402 402 401 402 402 401 402 402 402 402 402 402 400 400
1 1 1 1 1 1 1 1 0 0
1 0 0 1 0 1 0 0 0 0
2 1 1 1 1 1 1 1 1 0
1 0 0 1 1 1 1 1 0 0
1 0 0 1 1 1 1 0 0 0
1 0 0 1 1 1 1 0 0 0
1 1 1 1 1 1 1 1 0 0
1 1 1 1 1 1 1 0 0 0
1 0 0 0 0 1 1 0 0 0
1 1 1 1 1 1 0 0 0 0
Maze 189
99 225 3.0322580645 2.3907711483 65 0.381427538380768
97 63 72 21 18 70 27 74 22 26 16 11 7 88 14 97
93 62 71 11 68 67 24 72 400 400 400 1 87 84 94
401 402 401 402 401 401 402 401 400 400 400 402 401 401 401
1 1 1 1 1 1 1 0 0 0
1 1 1 1 1 1 1 1 0 0
1 1 1 1 1 1 1 1 0 0
1 1 0 1 0 0 1 1 0 0
1 1 0 1 0 0 1 1 0 0
1 1 0 1 0 0 1 1 0 0
1 1 1 1 0 0 1 1 1 1
1 1 1 1 0 0 1 0 0 0
0 0 1 1 1 1 1 1 0 0
0 0 1 1 1 1 2 0 0 0
Maze 190
97 36 2.9830508475 2.3404240308 55 0.387657585172119
7 98 11 82 2 45 55 35 3 26 71 37 86 58 8 7
97 91 81 400 42 400 400 33 23 21 31 36 56 400 400
401 401 401 400 401 400 400 401 401 402 402 402 402 400 400
0 1 1 0 0 0 2 1 0 0
1 1 1 0 0 0 1 1 0 0
1 1 1 1 1 1 1 1 0 0
1 1 1 1 1 1 1 1 0 0
1 1 1 1 1 1 1 1 0 0
1 1 0 0 1 1 1 1 0 0
1 1 0 0 0 1 1 0 0 0
1 1 0 0 0 1 1 0 0 0
1 1 0 0 0 1 1 0 0 0
1 1 1 1 1 1 1 1 0 0
Maze 191
101 53 3.3333333333 2.2892315007 71 0.384342643753475
17 24 22 18 51 29 37 95 39 3 10 44 93 62 67 17
14 400 12 11 21 27 35 35 33 400 4 43 92 400 400
402 400 402 402 402 402 402 402 401 400 402 402 401 400 400
0 0 1 1 1 1 1 1 1 1
1 1 1 1 1 1 2 1 0 0
1 1 1 1 1 1 1 1 1 0
1 0 1 1 1 1 1 1 1 0
1 0 1 1 1 0 1 0 0 0
1 0 1 0 1 0 1 0 0 0
0 1 1 1 1 1 1 0 0 0
0 1 1 0 1 0 0 0 0 0
0 1 1 0 1 0 0 0 0 0
0 1 1 0 1 0 0 0 0 0
Maze 192
97 413 3.1923076923 2.0553176823 65 0.386812061609006
42 61 67 3 86 25 2 2 61 39 97 75 90 97 15 42
41 400 63 83 85 22 400 1 31 37 95 85 87 95 12
402 400 401 401 401 401 400 402 402 402 401 401 402 401 402
1 1 1 0 0 0 0 0 0 0
1 1 1 1 1 0 0 0 0 0
1 1 1 1 1 0 0 0 0 0
1 1 1 1 1 1 1 1 1 0
1 2 1 0 1 0 1 0 0 0
1 0 1 0 1 0 1 0 0 0
1 1 1 1 1 1 1 0 0 0
0 0 1 0 1 0 1 0 0 0
0 0 1 1 1 1 1 1 1 1
0 0 0 0 1 1 1 0 0 0
Maze 193
99 709 2.9454545455 2.0297752770 77 0.379073864595684
48 96 35 7 92 69 48 4 95 28 53 54 92 74 67 48
46 95 5 2 62 68 44 94 25 23 400 52 72 64 47
402 401 402 402 402 401 401 401 402 402 400 402 402 402 402
0 1 1 1 1 1 1 0 0 0
0 1 0 1 1 0 0 0 0 0
0 1 1 1 1 1 1 1 0 0
0 1 1 1 1 0 0 0 0 0
0 1 1 1 1 1 1 2 0 0
0 1 1 1 1 1 1 1 0 0
0 1 1 1 1 1 1 1 1 0
0 1 1 1 1 1 0 0 0 0
0 1 0 1 1 1 0 0 0 0
0 1 0 1 1 1 0 0 0 0
Maze 194
103 1816 3.6800000000 2.1513259886 65 0.402209221282486
46 1 64 39 95 71 85 60 92 38 32 35 48 67 53 46
41 61 34 35 91 81 55 52 32 400 400 45 47 63 43
401 401 402 402 401 401 402 402 402 400 400 401 402 401 402
1 0 0 0 0 0 0 0 0 0
1 0 0 0 0 0 0 0 0 0
1 0 0 0 0 0 0 0 0 0
1 1 1 1 1 1 1 1 1 0
1 1 1 1 1 2 1 1 0 0
1 1 1 1 1 1 1 1 1 1
1 1 1 1 1 1 1 0 0 0
1 1 0 0 1 0 0 0 0 0
1 1 1 1 1 0 0 0 0 0
1 1 1 1 1 0 0 0 0 0
Maze 195
93 6 2.9454545455 2.0750659336 50 0.390717270663029
6 2 88 62 15 50 72 84 85 82 62 66 97 41 8 6
400 82 82 12 45 42 82 400 400 400 400 96 91 1 400
400 401 401 402 401 402 401 400 400 400 400 401 401 402 400
1 1 1 1 1 2 1 1 0 0
1 1 1 1 1 0 0 0 0 0
1 1 0 0 1 0 0 0 0 0
1 1 0 0 1 0 0 0 0 0
1 1 1 1 1 1 1 1 1 1
1 1 0 0 0 0 0 0 0 0
1 1 1 1 1 1 0 0 0 0
1 1 0 0 0 1 0 0 0 0
1 1 1 1 1 1 1 1 0 0
1 1 1 1 1 1 1 0 0 0
Maze 196
139 121 3.4516129032 1.8722425302 191 0.394462063722990
79 6 76 9 3 51 45 99 31 99 5 95 14 8 82 79
76 400 6 400 1 41 95 91 91 95 400 94 4 2 72
401 400 402 400 402 402 401 401 401 401 400 401 402 402 402
1 1 1 1 1 1 1 1 1 0
1 1 0 1 1 1 0 0 0 0
1 1 0 1 1 1 0 0 0 0
1 1 0 1 1 1 0 0 0 0
1 1 1 1 1 1 0 0 0 0
1 1 0 1 1 1 0 0 0 0
1 1 0 1 1 1 0 0 0 0
1 1 1 1 1 1 1 1 2 0
1 1 0 1 1 0 0 0 0 0
1 1 1 1 1 1 1 1 1 0
Maze 197
71 116 3.3500000000 2.1813758325 20 0.380861301229000
18 4 64 65 58 32 55 16 56 67 65 36 71 63 41 18
14 400 400 55 52 52 15 400 66 400 35 31 61 61 11
401 400 400 402 401 401 402 400 401 400 402 402 402 401 402
0 0 0 1 0 0 0 0 0 0
1 1 1 1 1 1 1 2 0 0
1 0 0 1 1 1 0 0 0 0
1 1 1 1 1 1 0 0 0 0
1 1 0 1 1 1 0 0 0 0
1 1 1 1 1 1 1 1 0 0
1 1 1 1 1 1 1 0 0 0
1 0 0 0 0 0 0 0 0 0
0 0 0 0 0 0 0 0 0 0
0 0 0 0 0 0 0 0 0 0
Maze 198
129 26 3.4603174603 2.0245397120 158 0.398065564572064
61 69 1 92 30 62 100 92 3 33 76 10 38 30 30 61
400 61 91 22 22 92 400 2 400 73 6 8 28 400 21
400 401 401 402 402 401 400 402 400 401 402 402 402 400 402
1 1 1 0 0 1 1 1 1 1
1 1 1 0 0 1 0 1 0 0
1 1 1 1 1 1 1 1 1 1
1 1 1 0 0 1 0 1 0 0
1 1 1 0 0 1 0 0 0 0
1 1 1 0 0 1 0 0 0 0
2 1 1 1 1 1 1 1 1 0
1 1 1 1 1 1 0 0 0 0
1 1 0 0 0 0 0 0 0 0
1 1 1 1 1 1 1 1 1 1
Maze 199
95 215 2.8852459016 2.2130222928 66 0.368382062326663
97 38 60 14 80 19 69 54 42 89 68 54 1 33 83 97
37 58 54 74 79 400 64 52 82 88 64 51 31 400 93
402 401 401 401 401 400 401 401 401 401 401 401 401 400 401
1 0 0 0 0 0 0 0 0 0
1 0 0 1 0 0 0 0 1 0
1 0 0 1 0 0 0 0 1 0
1 1 1 1 0 0 1 1 1 0
1 1 1 1 0 0 1 1 1 0
1 1 1 1 1 1 1 1 1 1
0 1 1 1 1 1 1 1 1 0
0 1 1 1 1 1 1 1 1 1
0 1 1 1 1 1 1 1 1 0
0 0 1 1 1 1 2 0 0 0
Maze 200
99 102 3.0967741935 2.3232417715 64 0.372673679967647
65 4 73 64 53 28 68 98 10 69 79 12 69 61 97 65
64 3 63 63 23 400 400 8 9 400 72 62 400 91 95
401 402 402 401 402 400 400 402 402 400 401 401 400 401 401
0 0 1 1 0 0 0 1 1 1
0 1 1 1 0 0 0 1 1 0
0 1 1 1 1 1 1 1 1 0
0 1 1 1 0 0 0 1 1 0
0 1 1 1 0 0 0 1 1 0
0 1 1 1 0 0 0 1 1 0
1 1 1 1 2 1 1 1 1 0
1 1 1 1 1 1 1 1 1 0
1 0 0 0 1 0 0 1 0 0
1 1 1 1 1 1 1 1 0 0
