numMazes: 200
mazeSize: 10
Maze 1
93 41 3.1636363636 2.1407989874 50 0.388196723824249
80 95 63 15 19 11 62 50 31 20 10 89 74 72 75 80
75 93 13 400 400 61 42 41 11 400 9 84 400 400 400
402 401 402 400 400 401 402 401 402 400 402 401 400 400 400
0 0 0 0 0 0 0 0 1 1
1 1 1 1 1 1 1 1 1 1
1 0 1 0 0 0 0 0 1 0
1 0 1 0 0 0 0 0 1 0
1 1 1 1 1 1 1 1 1 1
1 1 1 0 0 0 0 0 1 0
1 1 1 0 0 0 0 0 1 0
0 1 1 1 1 1 1 1 1 2
0 0 1 1 1 1 1 1 1 0
0 0 1 1 1 0 0 0 0 0
Maze 2
101 1538 3.3684210526 2.3129398117 64 0.379313392957664
69 71 51 76 61 59 44 61 28 17 69 20 4 62 18 69
61 400 71 71 51 54 41 21 27 67 19 14 2 12 68
402 400 401 401 402 401 402 402 401 401 402 401 402 402 401
0 1 1 1 0 0 0 0 0 0
0 1 1 1 1 1 1 1 1 1
1 1 1 1 1 1 1 1 1 0
1 1 0 0 0 0 1 1 1 0
1 1 1 1 0 0 1 1 1 0
1 1 1 1 1 1 1 1 1 0
1 1 1 1 1 1 1 1 2 0
1 1 1 1 1 1 0 0 0 0
0 0 0 0 0 0 0 0 0 0
0 0 0 0 0 0 0 0 0 0
Maze 3
93 119 3.6585365854 1.9624682747 36 0.383037280864801
48 81 15 43 32 3 72 35 83 82 45 7 2 81 41 48
41 11 13 42 2 2 32 33 400 42 5 400 1 400 400
402 402 402 401 402 402 402 402 400 402 402 400 402 400 400
1 1 1 1 1 1 1 0 0 0
1 1 1 1 1 0 0 0 0 0
1 1 1 0 1 0 0 0 0 0
1 1 1 1 1 0 0 0 0 0
1 1 1 1 1 1 1 2 0 0
1 1 1 0 0 0 0 0 0 0
1 1 1 0 0 0 0 0 0 0
1 1 1 0 0 0 0 0 0 0
1 1 1 0 0 0 0 0 0 0
0 0 0 0 0 0 0 0 0 0
Maze 4
115 115 3.4042553191 1.7153695221 97 0.386922522680125
41 17 90 14 2 39 7 89 34 7 6 39 71 36 74 41
11 87 84 12 32 37 87 84 4 400 36 31 31 34 71
402 401 401 401 401 401 401 401 402 400 401 402 402 402 401
0 1 0 1 1 1 1 0 0 0
1 1 1 1 1 1 1 0 0 0
1 1 0 1 0 1 1 0 0 0
1 1 1 1 1 1 1 1 1 0
2 0 0 1 0 0 1 0 0 0
1 0 0 1 0 0 1 0 0 0
1 0 0 1 0 0 1 0 0 0
1 1 1 1 0 0 1 0 0 0
0 0 0 1 1 1 1 1 1 1
0 0 0 0 0 0 0 0 0 0
Maze 5
99 188 2.9000000000 2.2096145359 51 0.368954912525718
67 1 63 24 92 100 97 73 6 57 7 52 71 95 46 67
61 61 23 22 400 400 93 3 56 400 2 51 91 45 66
401 401 402 402 400 400 401 402 401 400 402 402 401 402 401
1 1 1 1 1 1 1 0 0 0
1 1 1 0 0 1 1 0 0 0
1 1 1 1 0 1 1 0 0 0
1 1 1 0 0 1 1 0 0 0
1 1 1 0 1 1 1 0 0 0
1 1 1 0 1 1 1 0 0 0
1 1 1 1 1 1 2 0 0 0
1 1 1 0 1 0 0 0 0 0
1 1 1 0 1 0 0 0 0 0
1 1 1 1 1 1 1 1 1 1
Maze 6
87 23 3.1818181818 1.8282713908 45 0.365266657658938
84 93 85 15 69 28 16 20 44 70 55 43 90 66 70 84
83 83 400 65 68 26 400 14 64 65 53 83 86 400 64
402 402 400 401 401 401 400 402 401 401 401 401 401 400 402
0 0 0 0 0 0 0 0 0 0
0 0 0 1 1 1 1 1 1 1
0 0 0 1 1 1 1 1 0 0
0 0 0 1 1 0 0 1 0 0
0 0 1 1 1 0 0 1 0 0
0 0 1 1 1 0 0 1 0 0
0 0 1 1 1 1 1 1 1 1
0 0 1 1 1 1 0 0 0 0
0 0 1 2 1 1 1 1 1 1
0 0 1 0 0 0 0 0 0 0
Maze 7
93 7 3.3658536585 1.7471228628 56 0.387411030608151
22 59 65 99 5 55 7 59 61 58 54 9 7 7 15 22
52 55 95 95 400 5 57 51 51 400 4 400 400 5 12
401 402 401 401 400 402 401 402 402 400 402 400 400 402 402
0 0 0 1 1 1 1 1 1 0
0 1 1 1 1 0 1 0 0 0
0 2 0 1 1 0 1 0 0 0
0 1 0 1 1 0 1 0 0 0
0 1 0 1 1 0 1 0 0 0
1 1 1 1 1 1 1 1 1 0
1 0 0 0 1 0 0 0 0 0
0 0 0 0 1 0 0 0 0 0
0 0 0 0 1 0 0 0 0 0
0 0 0 0 1 1 1 1 1 0
Maze 8
99 68 3.0740740741 2.0257023249 48 0.358284390774652
7 50 45 88 7 2 27 31 4 13 29 7 31 90 8 7
47 400 85 87 400 22 21 1 3 23 27 1 81 88 400
401 400 401 401 400 401 402 402 402 401 401 402 401 401 400
1 1 1 1 1 1 2 1 0 0
1 1 1 0 0 0 1 1 0 0
1 1 1 1 1 1 1 1 1 0
1 0 0 0 0 0 1 1 0 0
1 0 0 0 1 1 1 1 1 1
1 0 0 0 1 0 1 1 0 0
1 0 0 0 1 0 1 1 0 0
1 0 0 0 1 0 1 1 0 0
1 1 1 1 1 1 1 1 1 1
0 0 0 0 0 0 0 0 0 0
Maze 9
93 15 3.0344827586 2.2804131582 45 0.368141326410635
83 80 62 66 50 100 18 88 82 87 93 41 2 54 91 83
73 72 400 46 400 98 400 400 400 83 91 1 52 51 81
402 401 400 402 400 401 400 400 400 402 401 402 401 402 402
1 1 0 0 0 0 0 0 0 0
1 1 0 0 0 0 0 1 0 0
1 1 0 0 0 0 0 1 0 0
1 1 0 0 0 0 0 1 0 0
1 1 0 0 0 1 1 1 1 1
1 1 1 1 0 1 0 1 0 1
1 1 1 1 1 1 0 1 0 1
1 1 1 1 1 1 1 1 1 1
1 1 2 1 1 1 1 1 0 1
1 1 1 0 0 0 0 1 1 1
Maze 10
109 25 3.5925925926 2.0544759984 112 0.392658895636953
16 88 91 78 41 79 6 75 68 12 57 25 7 39 6 16
86 81 71 71 71 76 5 65 62 52 55 5 37 36 400
401 402 402 401 401 401 402 402 401 401 401 402 401 401 400
0 0 0 0 1 1 1 0 0 0
0 1 0 0 1 2 1 0 0 0
0 1 0 0 1 1 1 0 0 0
0 1 0 0 1 1 1 1 1 0
1 1 0 0 1 1 0 0 0 0
1 1 1 1 1 1 1 0 0 0
1 1 1 1 1 1 1 1 0 0
1 1 1 1 1 1 1 1 1 0
1 1 1 1 1 1 1 1 0 0
1 0 0 0 0 0 0 0 0 0
Maze 11
89 17 2.9200000000 1.9925315786 50 0.385675161503221
82 81 100 54 93 17 100 48 38 66 7 97 91 72 71 82
400 91 94 53 13 97 98 400 36 6 400 400 71 400 81
400 401 401 402 402 401 401 400 402 402 400 400 402 400 401
0 0 0 0 0 1 1 0 0 0
0 0 1 1 1 1 1 0 0 0
0 0 1 0 0 1 1 0 0 0
0 0 1 0 0 1 1 1 0 0
0 0 1 0 0 1 1 1 0 0
0 0 1 1 0 1 1 1 0 0
0 0 1 1 0 1 1 1 0 0
1 1 1 1 0 0 1 1 0 0
1 2 1 1 0 0 1 1 0 0
1 1 1 1 1 1 1 1 1 1
Maze 12
109 1091 3.2459016393 2.1512060275 104 0.378075824562216
7 22 82 49 98 5 89 50 6 57 26 31 57 43 76 7
2 400 42 48 95 85 49 46 56 56 21 51 53 73 6
402 400 402 402 401 401 402 401 401 401 402 401 401 401 402
0 1 1 1 1 1 2 0 0 0
0 1 0 0 1 1 0 0 0 0
1 1 1 1 1 1 0 0 0 0
1 1 0 0 1 1 0 0 0 0
1 1 1 1 1 1 1 1 1 1
1 1 1 1 1 1 1 1 1 0
0 1 1 0 1 1 0 1 1 0
0 1 1 1 1 1 0 1 1 0
0 1 0 0 1 1 1 1 1 0
0 0 0 0 1 1 1 1 0 0
Maze 13
91 838 3.4400000000 2.1152672496 45 0.363939958461803
46 90 57 73 19 18 49 45 7 25 33 78 14 89 69 46
86 87 53 13 400 48 400 5 5 23 73 74 84 400 66
401 401 402 402 400 401 400 402 402 402 401 401 401 400 401
0 0 0 0 1 1 1 0 0 0
0 0 1 1 1 1 1 1 1 0
0 0 1 1 1 0 0 1 0 0
0 0 1 1 1 0 0 1 0 0
0 0 1 1 1 2 1 1 1 0
0 0 1 1 1 1 1 0 0 0
0 0 1 1 0 1 1 1 1 0
0 0 1 1 1 1 1 1 1 0
0 0 0 1 1 1 1 1 1 1
0 0 0 0 0 0 0 0 0 0
Maze 14
111 42 3.3584905660 2.0666966352 75 0.376954849525749
88 28 72 81 33 76 42 33 2 91 80 3 12 7 91 88
400 22 71 31 73 72 32 32 1 71 73 2 2 1 81
400 402 402 402 401 401 402 401 402 402 401 402 402 402 402
1 1 1 1 1 1 1 0 0 0
1 1 1 0 0 0 0 0 0 0
1 1 1 1 1 1 1 1 0 0
1 1 1 0 0 0 0 1 0 0
1 1 1 0 0 0 0 1 0 0
1 1 1 0 0 0 0 1 0 0
1 1 1 0 0 0 0 1 0 0
1 1 1 1 1 1 1 1 1 1
1 1 1 1 1 1 1 2 0 0
1 0 0 0 0 0 0 0 0 0
Maze 15
61 22 2.7317073171 2.1482549300 10 0.360089623548884
55 73 36 25 45 23 16 25 40 37 28 22 67 87 63 55
53 33 35 400 43 13 15 35 400 27 400 62 400 83 53
402 402 401 400 401 402 402 401 400 402 400 401 400 401 402
0 0 0 0 0 0 0 0 0 0
0 0 1 1 1 1 0 0 0 0
0 1 1 1 1 1 1 1 0 0
0 1 1 1 1 1 1 1 1 1
0 1 1 1 1 0 0 0 0 0
0 1 1 1 2 0 0 0 0 0
0 1 1 1 1 1 1 0 0 0
0 0 1 0 0 0 1 0 0 0
0 0 1 1 1 1 1 0 0 0
0 0 0 0 0 0 0 0 0 0
Maze 16
113 129 3.2666666667 2.0180481879 90 0.385996979718657
68 4 12 31 78 32 68 82 7 39 8 19 85 1 43 68
64 2 11 71 72 62 62 2 37 38 18 15 81 41 63
401 402 402 401 401 401 402 402 401 401 401 402 401 401 401
1 1 1 1 1 1 1 1 0 0
1 1 0 1 1 1 1 1 1 0
1 1 0 1 1 0 1 1 0 0
1 1 0 1 1 0 1 1 1 0
1 1 1 1 1 0 0 0 0 0
1 1 1 1 1 0 0 0 0 0
1 1 1 1 1 1 1 2 0 0
1 1 1 1 1 1 1 1 0 0
1 1 1 1 1 0 0 0 0 0
0 0 0 0 0 0 0 0 0 0
Maze 17
113 446 3.5081967213 2.2826348750 84 0.402005258721034
47 57 38 51 4 52 48 1 79 71 100 24 60 87 56 47
400 37 31 1 2 42 41 71 400 91 94 54 57 86 46
400 402 402 402 402 402 401 401 400 401 401 401 402 401 402
1 1 1 1 0 0 0 0 0 0
1 1 0 0 0 0 0 0 0 0
1 1 0 1 0 0 0 0 0 0
1 1 1 1 1 1 1 1 0 0
1 1 1 1 1 1 2 1 0 0
1 1 0 1 1 1 1 1 1 1
1 0 0 1 0 1 1 0 0 0
1 1 1 1 1 1 1 1 1 0
1 0 0 1 0 1 1 0 0 0
1 1 1 1 1 1 1 1 1 1
Maze 18
105 64 3.3846153846 2.0023458814 87 0.409972377888379
29 34 26 53 1 42 60 34 79 74 15 50 99 80 11 29
24 24 23 51 41 52 54 74 400 14 45 49 79 71 21
402 402 402 401 401 401 401 401 400 402 401 402 402 401 401
1 0 0 0 0 0 0 0 0 0
1 0 0 1 1 0 0 0 0 0
1 1 1 1 1 1 1 1 2 0
1 0 1 1 1 0 0 0 0 0
1 1 1 1 1 1 1 1 1 1
1 1 1 1 1 1 1 1 1 1
1 0 0 1 0 0 0 0 1 0
1 1 1 1 1 1 1 1 1 1
0 0 0 0 0 0 0 0 1 0
0 0 0 0 0 0 0 0 1 0
Maze 19
81 558 2.8679245283 2.2905802752 30 0.376316208965797
98 80 51 65 46 87 79 59 63 63 54 87 92 17 64 98
78 71 61 45 86 77 400 53 400 53 84 82 12 14 94
402 401 401 402 401 402 400 402 400 402 401 402 402 402 401
0 0 0 0 0 0 0 0 0 0
0 1 1 1 1 1 1 0 0 0
0 1 0 1 0 0 0 0 0 0
0 1 0 1 0 0 0 0 0 0
0 1 0 1 1 1 0 0 0 0
1 1 1 1 1 1 1 1 1 0
1 1 1 1 1 1 0 0 1 0
1 1 1 1 1 1 1 1 1 1
0 1 1 1 1 1 1 1 0 0
0 1 0 1 1 1 1 2 0 0
Maze 20
83 6 2.8936170213 2.1148712311 13 0.406707864691402
7 41 95 71 62 51 61 95 88 71 67 77 71 90 78 7
1 91 91 61 61 400 91 85 81 61 400 400 81 88 77
402 401 401 402 401 400 401 402 401 402 400 400 401 401 401
1 1 1 1 1 1 2 0 0 0
1 0 0 0 0 0 1 0 0 0
1 0 0 0 0 0 1 0 0 0
1 0 0 0 0 0 1 0 0 0
1 0 0 0 0 0 1 0 0 0
1 0 0 0 0 0 1 0 0 0
1 1 1 1 1 1 1 0 0 0
1 1 1 1 1 1 1 1 0 0
1 1 1 1 1 1 1 1 1 1
1 1 1 1 1 0 0 0 0 0
Maze 21
95 28 2.9090909091 2.0708490455 54 0.371085277436435
4 97 52 28 80 60 57 40 29 3 77 77 28 83 75 4
94 92 22 78 400 400 37 39 23 73 400 27 23 73 74
401 401 402 401 400 400 402 401 401 401 400 402 402 402 401
0 0 1 2 0 0 0 0 0 0
0 0 1 1 0 0 0 0 0 0
0 1 1 1 1 1 1 1 1 0
0 1 1 1 0 0 1 1 1 1
0 1 1 1 0 0 1 1 0 0
0 1 1 1 0 0 1 1 1 1
0 1 1 1 0 0 1 1 0 1
0 1 1 1 1 1 1 1 1 1
0 1 1 1 0 0 0 0 0 0
0 1 1 1 1 1 1 0 0 0
Maze 22
113 565 3.0476190476 2.1032640357 99 0.392800085960643
31 66 5 18 98 3 24 9 66 5 99 77 42 17 66 31
61 65 15 400 93 23 4 6 65 95 97 72 12 16 61
401 401 401 400 401 401 402 402 401 401 401 401 402 402 401
0 0 1 1 1 1 1 1 1 0
0 1 1 1 1 1 1 1 0 0
0 1 1 1 1 1 0 1 0 0
2 1 1 0 1 1 0 1 0 0
1 1 1 0 1 1 0 1 0 0
1 1 1 0 1 1 0 1 0 0
1 1 1 1 1 1 0 1 0 0
0 1 1 1 1 1 1 1 0 0
0 0 1 0 1 0 1 1 0 0
0 0 1 1 1 1 1 1 1 0
Maze 23
87 22 3.2340425532 2.1238552117 31 0.399165310555263
2 55 21 51 31 75 41 46 53 88 76 8 13 44 48 2
52 51 400 400 71 71 400 43 83 86 6 3 43 400 42
401 401 400 400 401 401 400 402 401 401 402 402 401 400 401
0 2 1 1 1 1 1 1 0 0
0 1 1 0 0 1 0 0 0 0
1 1 1 0 0 1 0 0 0 0
1 1 1 0 0 1 0 0 0 0
1 1 1 1 1 1 1 1 0 0
1 1 1 1 1 1 0 0 0 0
1 0 1 0 0 1 0 0 0 0
1 1 1 1 1 1 0 0 0 0
0 0 1 1 1 1 1 1 0 0
0 0 0 0 0 0 0 0 0 0
Maze 24
103 57 3.6078431373 2.1936379531 42 0.382361954385255
59 11 1 43 23 93 2 32 66 71 9 13 81 60 90 59
51 400 41 400 400 92 400 62 61 1 3 11 51 400 89
401 400 401 400 400 401 400 401 402 402 402 402 402 400 401
1 1 1 1 1 1 1 1 1 0
1 1 1 0 0 0 0 0 0 0
1 1 1 0 0 0 0 0 0 0
1 1 1 0 0 0 0 0 0 0
1 1 1 0 0 0 0 0 0 0
1 1 1 1 1 1 1 1 2 1
1 1 1 1 1 1 0 0 1 1
1 1 1 0 0 0 0 0 1 1
1 1 1 0 0 0 0 0 1 1
0 1 1 0 0 0 0 0 0 0
Maze 25
113 37 3.0847457627 2.0871005980 104 0.392310342337155
10 22 3 58 13 18 100 20 58 16 78 42 59 76 3 10
2 2 53 53 400 98 400 18 56 76 72 52 56 73 400
402 402 401 401 400 401 400 402 401 401 401 401 402 401 400
0 1 1 1 1 1 1 1 1 2
0 1 1 1 1 1 1 1 1 1
0 1 1 0 0 1 0 1 0 1
0 0 1 0 0 1 0 1 0 1
0 1 1 0 0 1 0 1 0 1
0 1 1 1 1 1 1 1 1 1
0 1 1 0 0 1 0 1 0 1
0 1 1 1 1 1 1 1 0 1
0 0 0 0 0 0 0 1 0 1
0 0 0 0 0 0 0 1 1 1
Maze 26
113 46 3.2800000000 1.9159298589 98 0.377564543982593
84 1 60 22 31 59 88 76 56 18 62 11 57 40 21 84
81 51 52 21 51 58 86 400 16 12 61 51 37 31 81
401 401 401 402 401 402 401 400 402 402 401 401 402 401 401
1 0 0 0 0 0 0 0 0 0
1 1 1 1 1 1 1 1 0 0
1 1 0 0 0 1 0 0 0 0
1 1 1 1 1 1 1 1 1 1
1 1 0 0 0 1 1 0 0 0
1 1 1 1 1 1 1 1 1 1
1 1 0 0 0 1 0 1 0 0
1 0 0 0 0 1 0 1 0 0
1 1 1 2 0 1 1 1 0 0
0 0 0 0 0 0 0 0 0 0
Maze 27
89 317 3.1914893617 2.0341609652 45 0.374009119057806
74 47 89 56 43 46 6 22 76 45 57 44 7 52 39 74
44 87 86 53 400 400 2 72 75 55 54 4 2 32 34
402 401 401 401 400 400 402 401 401 401 401 402 402 402 402
0 1 1 1 1 1 1 0 0 0
0 1 0 1 0 1 0 0 0 0
0 1 0 1 0 1 0 0 0 0
0 1 1 1 1 1 1 1 1 0
0 1 1 1 1 1 1 0 0 0
0 1 1 1 1 1 1 0 0 0
0 1 0 1 1 1 1 0 0 0
0 1 1 2 1 1 1 0 0 0
0 0 0 0 0 1 1 1 1 0
0 0 0 0 0 0 0 0 0 0
Maze 28
109 113 3.2608695652 1.9688703574 81 0.379768741179259
91 12 85 28 18 51 15 21 19 57 47 84 57 81 13 91
11 82 25 400 11 11 11 11 17 400 44 54 51 11 11
402 401 402 400 402 402 402 402 402 400 402 402 402 402 402
0 0 0 0 0 0 0 0 0 0
1 1 1 1 1 1 1 1 1 0
1 1 0 0 1 1 1 1 0 0
1 1 0 0 1 0 1 0 0 0
1 1 0 1 1 1 1 0 0 0
1 1 1 1 1 1 1 0 0 0
1 1 0 1 1 0 0 0 0 0
1 1 0 1 1 0 0 0 0 0
1 1 1 1 1 0 0 0 0 0
2 0 0 0 0 0 0 0 0 0
Maze 29
115 852 2.9333333333 1.9327701513 148 0.371045225006343
81 68 30 14 51 75 60 8 15 72 65 19 92 65 50 81
61 28 24 11 71 55 58 5 12 62 15 12 62 45 41
402 402 401 402 401 402 401 402 402 402 402 402 402 402 402
0 0 0 0 1 1 1 1 0 0
1 1 1 1 1 1 1 1 1 0
1 1 0 1 1 1 1 1 1 1
1 1 0 0 1 0 0 1 0 0
1 1 1 1 1 1 1 1 1 1
1 1 0 0 1 1 1 1 1 1
1 1 1 1 1 1 1 1 0 0
1 1 1 1 1 0 0 0 0 0
2 1 0 0 0 0 0 0 0 0
0 1 0 0 0 0 0 0 0 0
Maze 30
101 10 2.9824561404 2.1137200236 60 0.373841113492430
53 35 25 43 60 100 12 72 17 33 52 37 52 11 87 53
33 400 23 53 400 92 400 12 13 32 32 32 51 81 83
402 400 402 401 400 401 400 402 402 402 402 402 401 401 401
0 0 0 0 0 0 0 0 0 0
1 1 1 1 1 1 1 0 0 0
1 1 1 1 1 0 0 0 0 0
1 1 1 1 1 1 1 0 0 0
1 1 1 0 0 0 0 0 0 0
1 1 2 1 1 1 1 1 1 1
1 1 1 0 0 0 0 0 0 1
1 1 1 0 0 0 0 0 0 1
1 1 1 1 1 1 1 0 0 1
0 1 1 1 1 1 1 1 1 1
Maze 31
85 109 3.5555555556 2.1425375218 45 0.379468205797417
55 38 83 44 74 59 50 56 19 43 35 58 52 30 27 55
35 33 43 400 54 49 46 16 13 33 55 400 22 400 25
402 402 402 400 402 402 402 402 402 402 401 400 402 400 402
0 0 0 0 0 0 0 0 0 0
0 0 1 1 1 1 1 1 1 0
0 1 1 1 1 1 1 1 1 1
0 1 1 1 1 1 1 1 0 0
0 1 1 1 1 1 1 1 1 1
0 1 1 1 2 1 1 1 1 0
0 0 1 1 0 0 0 0 0 0
0 0 1 1 0 0 0 0 0 0
0 0 1 0 0 0 0 0 0 0
0 0 0 0 0 0 0 0 0 0
Maze 32
101 47 3.1707317073 1.5381408727 71 0.380592917562725
90 34 26 88 24 65 73 47 3 26 90 84 13 3 12 90
84 24 86 84 64 63 43 43 23 86 400 83 400 2 82
401 402 401 401 401 402 402 401 401 401 400 401 400 402 401
0 1 1 0 0 0 0 0 0 0
0 1 1 0 0 0 0 0 0 0
0 1 1 1 1 1 0 0 0 0
0 1 1 1 0 1 0 0 0 0
0 1 1 1 1 1 1 0 0 0
0 1 1 1 0 1 0 0 0 0
0 1 1 1 1 1 0 0 0 0
0 1 1 1 0 1 0 0 0 0
0 1 1 1 1 1 1 1 1 2
0 0 0 0 0 0 0 0 0 0
Maze 33
103 15 3.4693877551 1.9587740159 71 0.381373394357100
30 28 83 19 57 68 98 50 39 12 38 71 37 58 63 30
400 23 13 17 67 400 48 49 32 32 31 31 57 53 23
400 402 402 402 401 400 402 401 401 401 402 402 401 402 402
0 0 0 0 0 0 0 0 0 0
0 1 1 1 1 1 1 1 1 0
0 1 1 1 1 1 1 1 1 2
1 1 1 1 1 1 1 1 1 0
1 0 1 0 0 0 1 1 1 1
1 0 1 1 1 1 1 1 0 0
1 0 1 0 0 0 1 1 0 0
1 0 1 0 0 0 0 1 0 0
0 0 1 0 0 0 0 1 0 0
0 0 0 0 0 0 0 1 0 0
Maze 34
69 7 2.8888888889 2.2126389853 10 0.381668718810794
36 8 26 25 87 17 16 66 43 74 99 23 21 23 43 36
6 6 400 85 400 400 400 63 73 94 93 400 400 400 33
402 402 400 401 400 400 400 401 401 401 401 400 400 400 402
0 0 0 0 0 1 1 1 0 0
0 0 0 0 0 1 1 0 0 0
1 1 1 0 1 1 1 0 0 0
0 0 1 1 1 2 1 0 0 0
0 0 1 0 1 1 1 0 0 0
0 0 1 0 1 1 1 0 0 0
0 0 1 1 1 1 1 0 0 0
0 0 1 1 1 0 1 0 0 0
0 0 1 1 1 1 1 0 0 0
0 0 1 1 1 1 1 1 1 0
Maze 35
101 959 3.0545454545 2.1315981729 77 0.386806741283966
16 71 66 28 63 22 6 67 37 91 93 16 38 76 42 16
11 61 26 23 62 2 66 400 31 400 13 36 36 72 12
402 402 402 402 401 402 401 400 402 400 402 401 402 401 402
0 1 1 1 1 1 0 0 0 0
1 1 1 1 1 2 0 0 0 0
1 1 1 1 1 1 1 1 0 0
1 1 1 1 1 1 1 1 0 0
1 1 1 0 0 1 1 0 0 0
1 1 1 0 0 1 1 0 0 0
1 1 1 1 1 1 1 0 0 0
1 1 1 1 1 1 0 0 0 0
1 0 1 0 0 0 0 0 0 0
1 1 1 0 0 0 0 0 0 0
Maze 36
127 1093 3.6507936508 2.1199116505 183 0.398871445730240
78 5 42 99 23 92 58 61 87 25 50 54 84 40 53 78
75 2 92 93 22 52 51 81 85 45 44 400 34 33 73
401 402 401 401 402 402 402 401 401 401 402 400 402 402 401
0 1 1 1 1 0 0 0 0 0
0 1 0 0 1 0 0 0 0 0
0 1 1 0 1 0 0 0 0 0
0 1 1 1 1 1 1 1 1 1
0 1 1 1 1 1 1 1 1 1
1 1 1 1 1 1 1 1 0 0
1 1 1 1 1 0 0 0 0 0
1 1 1 1 1 1 1 2 0 0
1 1 1 1 1 1 1 0 0 0
0 1 1 1 1 1 1 1 1 0
Maze 37
77 73 2.5172413793 2.3626310306 26 0.375720589437891
60 84 15 18 99 83 36 36 5 32 31 39 57 47 90 60
54 14 400 98 93 33 400 35 2 400 400 37 400 87 400
402 402 400 401 401 402 400 401 402 400 400 402 400 401 400
0 1 1 1 1 0 0 0 0 0
0 1 0 1 1 1 1 1 0 0
0 1 0 1 1 0 0 1 0 0
1 1 1 1 1 1 1 1 1 0
0 0 1 1 0 0 1 1 0 0
0 0 1 1 1 1 1 1 1 2
0 0 1 1 0 0 1 1 0 1
0 0 1 1 0 0 1 1 0 1
0 0 1 1 0 0 1 1 1 1
0 0 1 1 1 1 1 1 1 0
Maze 38
113 13 3.0153846154 2.1549617825 73 0.382864167997561
51 12 92 9 63 35 49 36 46 9 89 4 82 97 31 51
11 400 2 3 33 45 46 400 6 400 84 2 92 91 400
402 400 402 402 402 401 401 400 402 400 401 402 401 401 400
0 1 1 1 1 1 1 1 1 0
1 1 1 1 0 1 0 0 1 0
1 1 1 1 0 1 0 0 1 0
1 1 1 1 1 1 0 0 1 0
1 1 1 1 1 1 1 1 1 0
2 1 1 1 0 0 0 0 1 0
1 1 1 1 0 0 0 0 1 0
1 1 0 1 0 0 0 0 1 0
1 1 0 1 1 1 1 1 1 0
1 1 1 1 1 1 1 0 0 0
Maze 39
123 10 3.9090909091 1.6519527009 82 0.384014553842296
41 87 3 96 22 52 93 30 62 14 15 42 96 22 36 41
81 83 93 92 400 92 23 22 12 400 12 92 92 32 31
401 401 401 401 400 401 402 402 402 400 402 401 401 401 402
0 0 1 0 0 0 0 0 0 0
0 1 1 1 1 0 0 0 0 0
0 1 1 1 1 1 1 1 1 1
1 1 1 1 1 1 0 0 0 0
2 1 1 0 0 0 0 0 0 0
1 1 1 0 0 0 0 0 0 0
1 1 1 0 0 0 0 0 0 0
1 1 1 0 0 0 0 0 0 0
1 1 1 1 1 1 1 0 0 0
0 1 1 1 1 1 0 0 0 0
Maze 40
97 4 3.2156862745 2.1196431912 64 0.361784414219462
92 70 98 56 49 96 74 64 30 44 26 19 92 12 93 92
62 68 96 46 46 94 400 24 24 24 16 12 400 92 400
402 402 401 402 402 401 400 402 402 402 402 402 400 401 400
0 0 0 0 0 0 0 0 0 0
0 1 1 1 1 1 1 1 1 0
0 1 0 1 1 1 1 1 1 1
0 1 0 1 0 0 0 0 0 0
0 1 0 1 0 1 1 1 1 0
0 1 0 1 0 1 0 0 0 0
0 1 1 1 1 1 1 1 1 1
0 1 0 1 0 1 0 1 0 0
0 1 0 1 0 1 0 1 0 0
0 2 1 1 1 1 1 1 0 0
Maze 41
97 10 3.6363636364 1.8634110734 28 0.366702326860253
54 5 75 84 100 25 20 33 77 93 15 23 79 99 84 54
4 400 74 94 95 15 13 73 73 13 13 73 400 94 400
402 400 402 401 401 402 402 401 402 402 402 401 400 401 400
0 0 0 1 1 0 0 0 0 0
0 0 1 1 1 1 1 1 1 1
0 0 1 1 1 0 0 0 0 0
0 0 1 1 1 0 0 0 0 0
0 0 1 1 1 0 0 0 0 0
0 0 1 2 1 0 0 0 0 0
0 0 1 1 1 0 0 0 0 0
0 0 1 1 1 1 1 1 1 0
0 0 1 1 1 0 0 0 1 0
0 0 1 1 1 1 1 1 1 1
Maze 42
119 12619 3.0000000000 2.2723800205 107 0.390381573433466
48 9 76 77 8 86 40 90 86 54 10 79 2 20 1 48
8 6 400 7 6 36 400 400 84 4 9 72 12 11 41
402 402 400 402 402 402 400 400 401 402 402 401 401 401 401
1 1 0 1 1 1 1 1 1 1
1 1 1 1 1 1 1 1 1 1
1 1 0 1 0 1 1 1 1 0
1 1 0 1 0 1 1 1 1 1
1 1 1 1 1 1 1 2 1 1
0 1 0 1 0 1 1 0 1 1
0 1 0 1 0 1 1 0 1 1
0 1 1 1 1 1 1 1 1 1
0 0 0 1 1 1 1 1 1 1
0 0 0 0 0 0 0 0 0 0
Maze 43
109 2 3.5833333333 1.9968846417 112 0.385050593209235
51 71 79 71 9 22 95 72 6 10 40 55 8 71 31 51
400 400 400 1 2 92 92 2 400 400 35 5 1 400 400
400 400 400 402 402 401 401 402 400 400 402 402 402 400 400
1 1 1 1 1 1 1 1 1 1
1 1 0 0 1 0 0 0 0 1
1 1 0 0 1 0 0 0 0 1
1 1 0 0 1 1 1 1 1 1
1 1 0 0 1 0 0 0 0 0
2 1 0 0 1 0 0 0 0 0
1 1 0 0 0 0 0 0 0 0
1 1 1 1 1 1 1 1 1 0
0 1 0 0 0 0 0 0 0 0
0 1 1 1 1 0 0 0 0 0
Maze 44
103 121 3.1034482759 2.1718260238 55 0.389243169929832
53 85 20 83 80 99 14 69 88 79 100 62 84 33 2 53
83 15 13 73 79 94 64 68 78 99 92 82 83 32 52
401 402 402 402 402 401 401 402 402 401 401 401 401 401 401
0 1 0 0 0 0 0 0 0 0
0 1 1 1 1 1 1 1 1 1
0 1 1 1 1 0 0 0 0 0
0 1 1 1 1 0 0 0 0 0
0 1 1 1 1 0 0 0 0 0
0 1 2 1 1 0 0 0 0 0
0 1 1 1 1 1 1 1 1 0
0 1 1 1 1 1 1 1 1 1
0 1 1 1 1 0 0 1 1 0
0 1 1 1 1 1 1 1 1 1
Maze 45
115 42 3.5200000000 1.8505046765 96 0.391560247345398
26 53 20 43 92 18 31 45 61 62 29 66 45 99 52 26
23 13 13 42 12 11 41 41 400 22 26 65 95 92 22
402 402 402 402 402 402 401 402 400 402 402 401 401 401 402
0 0 0 0 0 0 0 0 0 0
1 1 1 1 1 1 1 1 1 1
1 1 1 1 1 2 1 1 1 0
1 1 1 0 0 1 0 0 0 0
1 1 1 1 1 1 0 0 0 0
1 1 1 0 1 1 0 0 0 0
1 1 0 0 1 1 0 0 0 0
0 1 0 0 1 0 0 0 0 0
0 1 0 0 1 0 0 0 0 0
0 1 1 1 1 1 1 1 1 0
Maze 46
85 425 3.3617021277 2.1738157887 36 0.385982197043748
54 21 70 58 85 85 25 64 100 36 64 61 73 60 46 54
51 61 68 55 400 400 24 94 96 34 400 71 53 56 44
401 401 401 402 400 400 402 401 401 402 400 401 402 401 402
0 0 0 0 0 0 0 0 0 0
0 0 0 0 0 0 0 0 0 0
1 0 0 1 1 0 0 0 0 0
1 0 0 1 1 1 0 0 0 0
1 0 0 1 1 1 0 0 0 0
1 1 1 2 1 1 1 1 1 1
1 1 1 1 1 1 1 1 1 1
1 1 1 1 1 1 0 0 0 0
0 0 0 1 1 1 0 0 0 0
0 0 0 1 1 1 1 1 1 1
Maze 47
95 110 3.2075471698 2.1215880807 58 0.381792748772771
78 13 13 49 60 71 48 18 21 80 29 4 27 29 80 78
73 400 43 59 51 41 400 11 71 79 24 24 400 79 400
401 400 401 401 402 402 400 402 401 401 401 401 400 401 400
0 0 0 1 0 0 0 0 0 0
1 1 1 1 1 1 1 1 0 0
1 0 1 1 1 1 1 1 1 0
1 0 1 0 0 0 0 1 1 0
1 1 1 1 1 1 1 1 1 0
1 1 1 1 1 1 1 1 1 1
1 0 1 0 0 0 0 0 1 0
1 1 1 1 1 1 1 2 1 1
0 0 0 0 0 0 0 0 0 0
0 0 0 0 0 0 0 0 0 0
Maze 48
83 71 3.1666666667 2.1985564626 21 0.384864970443565
78 59 50 100 3 13 58 95 57 88 61 65 76 43 87 78
58 49 400 93 400 53 55 55 87 81 400 75 73 83 77
402 402 400 401 400 401 402 402 401 401 400 401 401 401 402
0 0 1 0 0 0 0 0 0 0
0 0 1 0 0 0 0 0 0 0
0 0 1 0 0 0 0 0 0 0
0 0 1 0 0 0 0 0 0 0
0 0 1 0 0 0 0 0 1 1
0 0 1 1 1 1 1 1 1 1
1 1 1 1 1 0 1 1 0 1
1 0 1 1 1 1 1 2 0 1
1 1 1 1 1 1 1 1 0 1
0 0 1 1 1 1 1 1 1 1
Maze 49
133 178 3.5483870968 2.0297026441 146 0.397157649043061
82 19 21 97 1 31 17 33 90 97 43 22 94 16 80 82
12 11 91 91 400 11 13 83 87 93 42 92 14 76 72
402 402 401 401 400 402 402 401 402 401 401 401 402 401 402
1 0 0 0 0 0 0 0 0 0
1 1 1 1 1 1 1 1 1 0
1 1 1 1 0 1 0 0 0 0
1 1 1 1 0 1 0 0 0 0
1 1 1 1 0 1 0 0 0 0
1 1 1 1 0 1 0 0 0 0
1 1 1 1 0 1 0 0 0 0
1 1 1 1 1 1 1 1 1 1
1 2 1 1 1 1 1 1 1 1
1 1 1 1 1 1 1 0 0 0
Maze 50
97 690 3.3333333333 2.1275846358 70 0.395427855568613
74 22 95 40 86 51 77 77 99 54 59 72 62 26 14 74
72 92 35 36 81 71 400 97 94 400 52 400 22 24 400
401 401 402 402 401 401 400 401 401 400 402 400 402 401 400
0 0 0 0 0 0 0 0 0 0
0 0 0 1 0 0 0 0 0 0
0 1 1 1 1 1 0 0 0 0
0 1 0 1 1 1 1 1 1 1
0 1 0 1 1 1 0 0 0 0
1 1 1 1 1 1 1 1 1 0
1 1 0 1 1 1 0 0 0 0
1 1 1 2 1 1 1 0 0 0
1 1 1 1 1 1 1 0 0 0
0 1 1 1 1 1 1 1 1 0
Maze 51
77 289 3.2608695652 2.1531308171 30 0.393768041442733
29 37 58 79 63 64 11 31 48 6 69 94 54 44 85 29
27 57 78 73 400 61 400 41 46 66 64 400 400 84 25
402 401 401 401 400 401 400 401 401 401 402 400 400 401 402
0 0 0 0 0 1 0 0 0 0
1 0 0 0 0 1 0 0 0 0
1 0 0 0 1 1 1 1 2 0
1 0 0 0 1 1 1 0 0 0
1 1 1 1 1 1 1 1 0 0
1 0 0 1 1 1 1 1 0 0
1 1 1 1 1 1 1 1 1 0
0 0 1 1 1 1 1 1 1 0
0 0 0 1 1 0 0 0 0 0
0 0 0 1 0 0 0 0 0 0
Maze 52
87 32 3.5813953488 2.0526958220 33 0.377964799565452
67 67 14 66 71 65 58 45 67 30 71 4 38 49 17 67
400 64 64 61 61 55 55 65 27 21 1 34 48 47 400
400 401 401 402 402 402 401 401 402 402 402 401 401 401 400
1 1 1 1 0 0 0 0 0 0
1 0 0 1 0 0 1 0 0 0
1 1 1 1 1 1 1 1 1 1
1 0 0 1 1 1 1 1 0 0
1 0 0 1 1 0 1 1 1 0
1 0 0 1 1 1 1 1 0 0
1 1 1 1 1 1 2 0 0 0
1 0 0 0 0 0 0 0 0 0
0 0 0 0 0 0 0 0 0 0
0 0 0 0 0 0 0 0 0 0
Maze 53
79 65 2.7017543860 2.3704798727 35 0.367238068805807
97 88 85 62 71 60 65 37 17 5 29 76 71 2 47 97
87 400 82 61 51 55 35 400 15 25 26 400 1 42 400
402 400 401 402 402 402 402 400 401 401 402 400 402 401 400
1 1 0 0 1 0 0 0 0 0
1 1 0 0 1 1 1 0 0 0
1 1 0 0 1 1 1 1 1 0
1 1 0 0 1 1 1 0 0 0
1 1 1 1 1 1 1 0 0 0
1 1 1 1 1 1 1 1 1 1
1 1 0 0 1 1 1 0 0 0
1 1 1 1 1 1 1 0 0 0
0 1 1 1 1 1 1 1 0 0
0 0 0 0 0 0 2 0 0 0
Maze 54
87 33 2.5396825397 2.2572292057 56 0.362028168799953
13 98 35 30 70 70 55 48 27 4 41 70 19 10 11 13
93 95 25 400 400 65 45 47 24 1 61 69 9 1 400
401 401 402 400 400 401 402 401 401 402 401 401 402 402 400
1 1 1 1 1 1 1 1 1 1
1 1 2 1 0 0 0 0 1 0
1 0 1 1 1 1 1 1 1 1
1 0 1 0 1 0 1 0 1 1
1 0 1 0 1 1 1 1 1 1
1 0 1 0 1 0 0 0 1 1
1 1 1 1 1 1 1 1 1 1
0 0 1 0 1 0 0 0 0 0
0 0 1 0 1 0 0 0 0 0
0 0 1 1 1 1 1 1 0 0
Maze 55
95 74 3.3207547170 2.2096145359 66 0.382929564506988
44 80 61 71 92 30 45 54 62 60 43 73 48 96 33 44
74 71 400 91 22 25 44 52 52 53 400 43 46 93 43
401 401 400 401 402 402 402 402 402 401 400 402 402 401 401
0 0 0 0 0 0 0 0 0 0
0 0 0 0 0 0 0 0 0 0
0 1 1 1 1 1 1 1 1 1
0 1 1 0 1 0 0 0 0 0
0 1 1 2 1 1 1 1 0 0
0 1 1 1 1 1 1 1 1 1
1 1 1 1 0 1 0 0 0 0
1 1 1 1 1 1 1 1 1 1
1 1 1 0 0 1 0 0 0 0
1 1 1 1 1 1 0 0 0 0
Maze 56
87 96 3.6666666667 1.9500344484 32 0.392909289487269
32 60 93 71 47 79 84 92 83 35 35 47 52 72 80 32
52 53 91 41 77 74 82 82 33 400 45 42 400 400 72
401 402 401 402 401 402 402 402 402 400 401 402 400 400 401
0 0 0 0 0 0 0 0 0 0
0 0 0 0 0 0 0 0 0 0
0 0 0 0 0 0 0 0 0 0
0 2 1 1 1 0 0 0 0 0
1 1 1 1 1 1 1 0 0 0
1 1 1 1 1 1 1 1 1 1
1 1 1 0 0 0 1 0 0 0
1 1 1 1 1 1 1 1 1 1
1 1 1 1 0 0 0 0 0 0
1 1 1 0 0 0 0 0 0 0
Maze 57
91 36 3.0638297872 1.8961329067 50 0.369536871582145
7 23 24 80 84 8 49 77 4 64 14 71 67 57 36 7
3 400 74 74 4 48 47 74 400 400 11 61 400 56 6
402 400 401 402 402 401 402 401 400 400 402 402 400 401 402
0 0 1 1 1 1 2 1 0 0
1 1 1 1 0 1 0 1 0 0
1 0 1 1 0 1 0 1 0 0
1 0 0 1 0 1 0 1 0 0
1 0 0 1 0 1 1 1 1 0
1 0 0 1 0 1 1 0 0 0
1 1 1 1 1 1 1 0 0 0
1 0 0 1 1 1 1 1 1 1
0 0 0 1 0 0 0 0 0 0
0 0 0 0 0 0 0 0 0 0
Maze 58
101 23 3.4814814815 2.1843202261 58 0.372306988052651
88 20 94 45 87 86 5 57 28 27 5 91 5 48 99 88
18 14 44 85 400 85 55 27 400 25 1 1 45 98 98
402 402 402 401 400 401 401 402 400 401 402 402 401 401 401
1 1 1 1 1 0 0 0 0 0
1 0 0 1 1 1 1 1 1 1
1 0 0 1 1 1 1 1 0 0
1 0 0 1 1 0 1 1 0 0
1 0 0 1 1 1 1 1 0 0
1 0 0 1 1 1 1 1 0 0
1 0 0 1 1 0 0 1 0 0
1 0 0 1 1 0 0 1 0 0
1 0 0 1 1 1 1 2 0 0
1 0 0 1 0 0 0 1 1 0
Maze 59
89 11 3.0612244898 2.0592451339 20 0.368955812636159
24 84 89 62 62 18 30 20 83 34 1 8 43 34 73 24
400 400 82 400 12 28 400 13 33 31 400 3 33 33 23
400 400 401 400 402 401 400 402 402 401 400 402 402 402 402
1 1 1 1 1 1 1 1 0 0
1 1 1 1 1 1 1 1 1 1
1 1 1 2 0 0 0 1 1 1
1 1 1 1 0 0 0 0 0 0
0 1 1 1 0 0 0 0 0 0
0 1 1 1 0 0 0 0 0 0
0 1 1 1 0 0 0 0 0 0
0 1 1 1 0 0 0 0 0 0
0 1 1 1 1 1 1 1 1 0
0 0 0 0 0 0 0 0 0 0
Maze 60
97 67 3.0188679245 2.1702024648 65 0.379010195316940
20 1 25 31 73 47 28 36 2 3 51 5 61 37 88 20
11 21 21 71 43 27 26 32 400 1 1 1 31 87 18
401 401 402 401 402 402 402 401 400 402 402 402 402 401 402
1 1 1 1 1 0 0 0 0 0
1 1 1 1 1 1 1 1 1 2
1 1 1 1 1 1 1 1 0 0
1 1 1 1 1 1 1 1 0 0
1 0 1 1 1 1 1 1 0 0
1 0 1 0 0 0 1 1 0 0
1 0 1 0 0 0 1 1 0 0
1 1 1 0 0 0 1 1 0 0
0 0 0 0 0 0 1 1 0 0
0 0 0 0 0 0 0 0 0 0
Maze 61
95 63 3.2549019608 1.9915923522 84 0.381821964824221
68 77 6 97 50 83 73 63 39 39 51 28 96 35 40 68
67 76 96 47 43 400 400 33 400 31 21 26 95 400 38
402 401 401 402 402 400 400 402 400 402 402 402 401 400 402
0 0 0 0 0 1 0 0 0 0
0 0 0 0 0 1 0 0 0 0
1 1 1 1 1 1 1 1 0 0
1 1 1 1 1 1 1 1 1 1
1 0 1 1 1 1 1 1 1 1
1 0 1 0 1 1 1 1 0 0
0 0 1 0 1 1 1 2 0 0
0 0 1 0 1 1 1 0 0 0
0 0 1 0 1 1 1 0 0 0
0 0 0 0 1 1 1 0 0 0
Maze 62
115 97 3.3928571429 2.0083081372 102 0.392786276709971
45 86 5 93 12 99 51 14 74 4 45 93 91 89 25 45
85 85 3 92 92 91 11 400 400 44 43 400 81 85 400
401 401 402 401 401 401 402 400 400 401 402 400 402 401 400
0 0 1 1 1 0 0 0 0 0
1 1 1 1 1 0 0 0 0 0
1 1 1 1 1 0 0 0 0 0
1 1 1 1 1 0 0 0 0 0
1 1 1 1 2 0 0 0 0 0
1 1 1 1 1 0 0 0 0 0
1 1 1 1 1 0 0 0 0 0
1 1 1 1 1 0 0 0 0 0
1 1 1 1 1 1 1 1 1 0
1 1 1 1 1 1 1 1 1 0
Maze 63
87 43 3.1836734694 2.1493700152 45 0.390314532770820
36 24 71 62 88 86 22 43 14 62 52 58 22 18 90 36
34 21 61 82 400 82 42 13 12 400 400 52 12 88 86
401 402 402 401 400 401 401 402 402 400 400 401 402 401 401
0 0 0 0 0 0 0 0 0 0
0 1 1 1 1 1 1 1 0 0
1 1 1 1 0 0 0 1 0 0
1 1 1 1 1 2 0 1 0 0
1 1 1 0 0 1 0 1 0 0
1 1 1 1 1 1 1 1 0 0
1 1 0 0 0 1 0 1 0 0
1 1 0 0 0 1 0 1 0 0
0 1 1 1 1 1 1 1 1 1
0 0 0 0 0 0 0 0 0 0
Maze 64
101 565 3.5925925926 2.2397489900 66 0.393275548693979
43 8 20 89 36 59 4 67 67 82 57 5 50 83 45 43
3 18 19 86 56 54 64 400 62 52 55 45 43 43 400
402 401 402 401 401 401 401 400 402 402 401 401 402 402 400
0 0 1 1 1 1 1 1 0 0
0 0 1 1 1 0 0 1 1 1
0 0 1 1 1 0 0 0 1 0
0 0 1 1 1 1 0 0 1 0
0 0 2 1 1 1 1 1 1 1
0 1 1 1 1 1 1 1 1 0
0 1 1 1 1 1 1 0 1 0
0 1 1 0 0 1 0 0 1 0
0 1 1 0 0 1 1 1 1 0
0 0 0 0 0 0 0 0 0 0
Maze 65
107 143 3.3684210526 2.0879421235 98 0.380430425689351
58 90 14 91 28 7 33 8 25 23 42 3 47 73 6 58
88 84 11 21 27 3 3 5 400 22 2 43 43 3 56
401 401 402 402 401 402 402 402 400 402 402 401 402 402 401
0 1 1 1 1 1 1 1 0 0
1 1 1 1 1 1 1 0 0 0
1 1 1 1 1 1 1 1 0 0
1 1 1 1 0 1 0 0 0 0
1 1 1 1 1 1 1 0 0 0
1 0 1 1 0 1 1 2 0 0
1 0 1 1 0 0 0 1 0 0
1 0 1 1 0 0 0 1 0 0
1 0 0 1 1 1 1 1 1 1
1 0 0 0 0 0 0 0 0 0
Maze 66
93 90 3.0212765957 1.8858560718 45 0.400857922518339
35 9 29 6 74 31 59 73 53 27 84 52 59 85 43 35
5 400 26 4 71 51 53 400 23 24 82 400 55 83 33
402 400 401 402 401 401 402 400 402 402 401 400 402 401 402
0 0 0 1 1 1 1 1 1 0
0 0 0 1 1 1 0 0 1 0
0 0 1 1 1 1 1 1 1 0
1 0 1 1 2 0 0 0 0 0
1 0 1 1 0 0 0 0 0 0
1 1 1 1 1 1 1 1 1 0
1 1 1 1 1 0 0 0 0 0
1 1 1 1 1 0 0 0 0 0
0 1 1 1 1 0 0 0 0 0
0 0 0 0 0 0 0 0 0 0
Maze 67
107 93 3.6981132075 2.0991641627 78 0.397853400823557
2 92 17 23 99 99 42 55 61 49 4 26 36 28 71 2
400 12 13 93 400 92 52 51 41 44 24 400 26 21 1
400 402 402 401 400 401 401 402 402 401 401 400 402 402 402
1 2 0 1 0 0 0 0 0 0
1 1 1 1 1 1 1 0 0 0
1 1 1 1 1 1 1 1 0 0
1 1 1 1 0 1 0 0 0 0
1 1 1 1 1 1 1 1 1 0
1 1 1 1 1 0 0 0 0 0
1 1 1 0 0 0 0 0 0 0
1 1 1 0 0 0 0 0 0 0
0 1 1 0 0 0 0 0 0 0
0 1 1 1 1 1 1 1 1 0
Maze 68
93 4 3.2000000000 1.8706812219 56 0.373772560274282
95 100 88 54 64 15 93 18 13 49 69 37 94 48 74 95
400 98 84 400 14 13 13 400 43 400 67 34 44 44 94
400 401 401 400 402 402 402 400 401 400 401 402 402 402 401
0 0 0 0 0 0 0 0 0 0
0 0 1 1 1 1 1 1 0 0
0 0 1 1 0 0 0 0 0 0
0 0 1 1 1 1 1 0 0 0
0 0 1 1 1 1 1 1 1 0
0 0 1 1 0 0 1 0 1 0
0 0 1 1 0 0 1 1 1 0
0 0 1 1 0 0 0 0 0 0
0 0 1 1 1 1 1 1 0 0
0 0 1 1 2 1 1 1 1 1
Maze 69
111 59 3.2500000000 2.3048636009 70 0.391095781147400
51 4 11 32 90 4 27 80 27 42 60 30 98 22 54 51
1 1 31 82 84 24 77 77 22 52 400 28 92 52 400
402 402 401 401 401 401 401 401 402 401 400 402 401 401 400
1 1 1 1 0 0 0 0 0 0
1 0 0 1 0 0 0 0 0 0
1 1 1 1 1 1 1 1 1 1
1 1 0 1 0 0 1 1 0 1
1 1 0 1 0 0 1 1 0 1
2 1 1 1 1 1 1 1 1 1
0 1 0 1 0 0 1 1 0 0
0 1 0 1 0 0 1 1 1 1
0 1 1 1 1 1 1 1 1 1
0 1 1 1 1 1 1 1 0 0
Maze 70
75 143 3.0666666667 2.1338784480 30 0.400588752014667
46 15 46 61 63 58 83 73 71 92 63 5 96 37 32 46
45 45 41 400 53 53 400 400 91 62 3 95 36 400 42
401 401 402 400 402 402 400 400 401 402 402 401 402 400 401
0 0 1 1 1 0 0 0 0 0
0 0 1 0 1 0 0 0 0 0
0 0 1 0 1 0 0 0 0 0
0 1 1 1 1 1 1 0 0 0
1 1 1 1 1 2 0 0 0 0
1 0 1 1 1 1 1 1 0 0
1 1 1 0 1 1 0 0 0 0
1 1 1 0 1 1 0 0 0 0
1 1 1 0 1 1 0 0 0 0
1 1 0 0 1 1 0 0 0 0
Maze 71
101 192 3.2068965517 2.2126112110 53 0.379524991976432
92 76 74 38 43 84 70 13 52 45 96 42 72 7 91 92
72 400 34 33 83 64 63 12 42 95 92 400 2 1 400
402 400 402 402 401 402 401 402 402 401 401 400 402 402 400
1 1 1 1 1 1 1 0 0 0
1 1 1 0 0 0 0 0 0 0
1 1 1 0 0 0 0 0 0 0
1 1 1 1 1 1 1 1 0 0
1 1 1 1 1 0 0 0 0 0
1 1 1 1 1 0 0 0 0 0
1 1 1 1 1 1 1 1 1 1
1 1 1 1 1 1 0 0 0 0
1 1 1 1 1 0 0 0 0 0
1 2 1 1 1 1 0 0 0 0
Maze 72
127 213 3.6491228070 1.9555213127 193 0.393515689434166
16 4 60 92 90 66 1 65 75 16 90 12 65 89 3 16
14 54 52 82 86 61 61 400 15 86 82 62 85 83 13
401 401 402 402 401 401 401 400 402 401 401 401 401 401 401
1 0 1 1 0 0 0 0 0 0
1 1 1 1 1 2 0 0 0 0
1 1 1 1 1 1 0 0 0 0
1 1 1 1 1 1 0 0 0 0
1 1 1 1 1 1 0 0 0 0
1 1 1 1 1 1 1 1 1 1
1 1 1 1 1 1 0 0 0 0
0 1 1 0 1 1 0 0 0 0
0 1 1 1 1 1 1 1 1 1
0 1 0 0 0 0 0 0 0 0
Maze 73
81 21 2.9047619048 2.0492016804 30 0.393118630584040
66 58 47 57 74 1 32 27 47 91 43 31 43 71 7 66
56 57 400 54 71 31 22 400 41 41 41 41 41 1 6
402 401 400 402 401 401 402 400 402 402 401 401 402 402 402
1 1 1 1 1 1 1 0 0 0
1 0 0 0 0 1 0 0 0 0
1 1 1 1 1 1 1 0 0 0
1 1 0 0 0 1 1 0 0 0
1 1 1 1 1 1 1 0 0 0
1 0 0 1 1 1 1 1 0 0
1 0 0 1 0 2 0 0 0 0
1 1 1 1 0 0 0 0 0 0
1 0 0 0 0 0 0 0 0 0
1 0 0 0 0 0 0 0 0 0
Maze 74
113 745 3.3584905660 1.8706338922 94 0.395291441866968
65 36 83 58 92 35 59 7 76 23 95 24 26 77 10 65
35 33 53 52 32 55 57 6 73 93 94 400 76 7 5
402 402 402 402 402 401 401 402 401 401 401 400 401 402 402
0 0 0 0 1 1 1 1 1 1
0 0 0 0 1 1 1 0 0 0
0 0 1 1 1 1 1 0 0 0
0 1 1 1 1 1 1 0 0 0
0 1 1 1 1 1 1 0 0 0
0 1 1 1 1 1 1 1 1 0
0 1 1 1 2 1 1 0 0 0
0 1 1 1 1 1 1 0 0 0
0 1 1 1 0 0 0 0 0 0
0 1 1 1 1 0 0 0 0 0
Maze 75
103 665 2.9677419355 2.1857791348 70 0.361412970948343
31 44 42 86 47 15 84 68 9 53 2 86 91 79 26 31
41 400 82 46 45 14 64 8 3 52 82 81 71 76 21
401 400 401 402 401 402 402 402 402 401 401 402 402 401 402
0 1 1 1 1 1 1 1 1 0
0 1 1 1 1 0 0 1 0 0
1 1 1 1 1 1 0 1 0 0
2 1 1 1 1 1 0 1 0 0
1 1 1 1 1 1 1 1 0 0
0 1 1 1 0 1 0 1 0 0
0 1 0 1 1 1 1 1 0 0
1 1 1 1 1 1 1 1 1 0
1 1 1 1 1 1 0 0 0 0
1 0 0 0 0 0 0 0 0 0
Maze 76
117 231 3.7021276596 1.9612683188 135 0.391645599375310
46 81 57 86 1 69 70 83 3 82 66 33 32 59 11 46
41 51 56 81 61 400 63 400 2 62 63 400 52 51 41
402 402 402 401 401 400 402 400 402 402 401 400 401 401 401
1 1 1 0 0 0 0 0 0 0
1 1 1 0 0 0 0 0 0 0
1 1 1 0 0 0 0 0 0 0
1 1 1 0 0 0 0 0 0 0
1 1 1 1 1 2 0 0 0 0
1 1 1 1 1 1 1 1 1 0
1 1 1 1 1 1 1 1 1 1
1 1 1 0 0 1 0 0 0 0
1 1 1 1 1 1 0 0 0 0
0 0 0 0 0 0 0 0 0 0
Maze 77
101 120 3.6326530612 2.0137286468 66 0.386305543654147
16 69 2 12 4 82 36 18 42 65 43 24 49 49 91 16
66 62 400 2 2 32 16 12 62 63 23 44 400 41 11
401 401 400 402 402 402 402 402 401 401 402 401 400 402 402
0 1 1 1 0 0 0 0 0 0
1 1 1 1 1 2 1 1 0 0
1 1 1 1 0 1 0 0 0 0
1 1 1 1 1 1 0 0 0 0
1 1 1 1 1 1 1 1 1 0
1 1 1 0 0 1 0 0 0 0
1 1 1 1 1 1 1 1 1 0
1 1 0 0 0 0 0 0 0 0
1 1 0 0 0 0 0 0 0 0
1 0 0 0 0 0 0 0 0 0
Maze 78
97 844 2.5714285714 2.3261592018 77 0.402595727341180
10 98 51 72 13 23 48 6 65 90 96 28 78 63 69 10
8 91 71 12 400 43 46 5 85 86 26 400 73 400 9
402 401 401 402 400 401 401 402 401 402 402 400 401 400 402
0 0 0 0 1 1 0 1 1 2
0 1 1 0 1 1 0 1 1 0
0 1 1 0 1 1 1 1 1 0
0 1 1 0 1 1 0 1 1 0
0 1 1 1 1 1 1 1 1 0
1 1 0 0 1 1 0 1 1 0
1 1 1 1 1 1 1 1 1 0
1 1 1 1 1 1 1 1 0 0
1 0 0 0 1 1 1 1 1 1
1 1 1 1 1 1 1 1 0 0
Maze 79
77 12 2.7843137255 2.2977444451 19 0.353416870531679
100 80 29 37 44 43 52 75 33 67 62 1 83 75 61 100
400 79 27 34 400 42 72 73 63 400 61 81 73 71 91
400 401 402 402 400 402 401 401 401 400 401 401 402 401 401
1 0 0 0 0 0 0 0 0 0
1 0 0 0 0 0 0 0 0 0
1 0 0 0 0 0 1 1 1 0
1 0 1 1 1 1 1 0 1 0
1 1 1 1 0 0 0 0 1 0
1 1 1 0 0 0 0 0 1 0
1 1 1 1 1 1 1 0 1 0
1 1 1 1 1 0 0 0 1 1
1 1 1 0 0 0 0 0 0 1
1 1 1 1 1 1 1 1 1 2
Maze 80
115 14 3.6097560976 1.6116052953 59 0.392159973569932
34 63 2 82 38 73 40 43 97 100 72 1 24 37 92 34
33 62 400 32 33 33 33 93 400 92 71 21 34 32 32
402 401 400 402 402 402 402 401 400 401 401 401 401 402 402
1 1 0 0 0 0 0 0 0 0
1 1 0 0 0 0 0 0 0 0
1 1 1 1 0 0 0 0 0 0
1 1 1 2 1 1 1 1 1 1
1 1 1 0 0 0 0 0 0 0
1 1 1 0 0 0 0 0 0 0
1 1 1 0 0 0 0 0 0 0
1 1 1 0 0 0 0 0 0 0
0 1 1 0 0 0 0 0 0 0
0 1 1 1 1 1 1 1 1 1
Maze 81
101 209 3.4545454545 2.1943516508 71 0.377091217171682
100 77 95 56 81 58 37 77 83 6 49 82 95 42 23 100
97 75 55 51 51 57 400 73 3 46 42 92 92 22 93
401 402 402 402 402 401 400 402 402 401 402 401 401 402 401
0 0 1 1 1 1 0 0 0 0
0 0 1 0 0 1 0 0 0 0
0 1 1 0 0 1 0 0 0 0
0 1 1 0 0 1 1 0 0 0
0 1 1 1 1 1 1 1 1 0
1 1 1 1 1 1 1 1 0 0
1 1 1 0 1 0 1 0 0 0
1 1 1 1 1 1 1 0 0 0
1 1 1 0 1 0 1 0 0 0
0 1 1 1 1 1 1 1 1 2
Maze 82
105 95 2.8219178082 2.4556284107 90 0.392094760758888
64 37 40 100 32 3 42 64 51 5 76 23 87 19 41 64
34 400 400 92 2 2 62 61 1 75 73 83 17 11 61
402 400 400 401 402 402 401 401 402 401 401 401 402 402 401
1 1 1 1 1 0 0 0 0 0
1 1 1 1 1 1 1 1 1 0
1 1 1 0 1 0 1 0 0 0
1 1 1 1 1 1 1 1 1 1
1 1 1 1 1 0 1 0 0 1
1 1 1 1 1 0 1 0 0 1
1 1 1 2 1 0 1 0 0 1
0 1 1 1 1 1 1 0 0 1
0 1 1 1 1 1 1 0 0 1
0 1 1 1 1 1 1 1 1 1
Maze 83
95 71 2.8852459016 2.1421620914 55 0.391228521125209
57 13 34 63 100 61 12 33 77 16 23 52 56 75 10 57
53 33 33 93 91 11 32 73 76 13 22 400 55 5 7
401 401 402 401 401 402 401 401 401 402 402 400 402 402 402
0 0 0 0 1 1 1 1 1 1
1 1 1 1 1 1 1 0 0 0
1 1 1 0 1 1 1 0 0 0
1 1 1 1 1 1 1 0 0 0
1 1 1 0 1 1 1 0 0 0
1 1 1 1 1 1 2 0 0 0
1 0 1 0 1 1 0 0 0 0
1 0 1 1 1 1 1 0 0 0
1 0 1 0 0 0 0 0 0 0
1 1 1 1 1 1 1 1 1 1
Maze 84
85 12 4.0000000000 1.9562299112 44 0.374525320567250
86 82 28 28 4 57 25 27 44 62 47 24 39 24 2 86
400 22 400 24 54 55 400 24 42 42 44 34 34 22 82
400 402 400 401 401 401 400 402 402 402 401 401 401 401 401
0 1 0 1 0 0 0 0 0 0
0 1 0 1 0 0 0 0 0 0
0 1 1 1 1 1 1 1 0 0
0 1 0 1 1 1 1 1 1 0
0 1 1 1 1 1 1 0 0 0
0 1 0 1 1 1 1 0 0 0
0 1 0 0 0 0 0 0 0 0
0 1 0 0 0 0 0 0 0 0
0 1 1 1 1 2 0 0 0 0
0 0 0 0 0 0 0 0 0 0
Maze 85
103 1165 3.2203389831 2.2340692958 70 0.386608114453072
77 24 51 6 32 11 37 95 37 9 83 87 82 58 28 77
74 21 1 2 31 31 35 35 7 3 400 400 52 400 27
401 402 402 402 401 401 402 402 402 402 400 400 402 400 402
1 1 1 1 1 1 1 1 1 0
1 1 1 0 0 0 1 0 0 0
1 1 1 1 0 0 1 1 0 0
1 1 1 1 1 1 1 1 0 0
1 0 1 1 1 0 1 1 0 0
1 1 1 1 1 1 1 1 0 0
0 1 1 1 1 0 1 0 0 0
0 1 1 1 1 1 2 0 0 0
0 1 1 1 1 1 1 0 0 0
0 0 0 0 1 0 0 0 0 0
Maze 86
115 58 3.5438596491 2.2658155225 113 0.369975668980005
81 9 99 99 10 23 39 1 57 56 17 21 33 68 11 81
1 400 400 9 3 33 31 51 400 16 11 31 63 61 400
402 400 400 402 402 401 401 401 400 402 402 401 401 401 400
1 1 1 1 1 1 1 1 1 1
1 1 1 1 1 1 1 0 1 0
1 0 1 0 0 1 0 0 1 0
1 1 1 1 1 1 1 1 1 0
1 0 1 0 0 1 0 0 1 0
1 1 1 1 1 1 1 0 1 0
1 1 1 1 1 1 1 1 1 0
1 0 0 0 0 0 0 0 1 0
2 0 0 0 0 0 0 0 1 0
0 0 0 0 0 0 0 0 1 0
Maze 87
125 33 2.8611111111 2.1180802006 176 0.405271276932342
69 99 63 12 91 4 96 43 9 79 5 99 55 49 25 69
400 93 62 11 1 94 93 3 400 75 95 95 45 45 65
400 401 401 402 402 401 401 402 400 401 401 401 402 401 401
1 1 1 1 1 1 1 1 1 0
1 1 1 1 1 0 0 0 1 0
1 1 1 1 1 0 0 0 1 0
1 1 1 1 1 0 0 0 1 0
1 1 1 1 1 1 1 1 1 0
1 1 1 1 1 0 0 0 1 0
1 1 1 1 1 1 1 1 2 0
1 0 1 1 1 1 1 1 1 0
1 0 1 1 1 0 0 0 1 0
1 0 1 1 1 1 1 1 1 0
Maze 88
97 22 3.3076923077 2.0813772350 35 0.388476465967844
82 97 78 78 25 97 33 98 12 17 21 35 30 54 84 82
92 77 400 75 95 93 93 92 400 11 31 25 24 400 400
401 402 400 401 401 401 401 401 400 402 401 402 402 400 400
0 0 0 0 0 0 0 0 0 0
1 1 1 1 1 1 1 0 0 0
1 1 0 1 1 1 1 1 1 1
1 1 1 1 1 0 0 0 0 0
0 1 1 1 1 0 0 0 0 0
0 1 1 1 1 0 0 0 0 0
0 1 1 1 1 0 0 0 0 0
0 1 1 1 1 1 1 1 0 0
0 2 1 1 1 0 1 0 0 0
0 1 1 1 1 1 1 1 0 0
Maze 89
103 67 3.0181818182 2.0572046726 77 0.391904560252414
37 85 41 20 40 20 28 97 8 100 55 51 16 17 95 37
35 81 11 400 400 18 27 7 98 95 400 11 400 15 35
402 401 402 400 400 402 402 402 401 401 400 402 400 402 402
0 0 0 0 0 0 1 1 0 0
1 1 1 1 1 1 1 1 1 1
1 0 0 0 1 0 1 1 0 1
1 0 0 0 1 1 2 1 0 1
1 0 0 0 1 0 1 1 0 0
1 1 1 1 1 0 1 1 0 0
1 0 0 0 1 0 1 1 0 0
1 0 0 0 1 0 1 1 0 0
1 1 1 1 1 0 1 1 0 0
0 0 0 0 1 1 1 1 1 1
Maze 90
121 178 3.5000000000 2.2456075240 131 0.391172742175323
7 91 94 55 80 49 88 12 78 71 18 93 16 7 34 7
1 400 54 75 79 48 82 72 400 11 13 13 6 4 4
402 400 402 401 401 402 401 401 400 402 402 402 402 402 402
1 1 1 1 1 1 2 0 0 0
1 1 1 1 1 1 1 1 0 0
1 1 1 1 0 0 0 0 0 0
1 1 1 1 0 0 0 0 0 0
1 1 1 0 0 0 0 1 1 0
1 1 1 1 1 0 0 1 1 0
1 1 1 1 1 0 0 1 1 0
1 1 1 1 1 1 1 1 1 1
1 1 1 1 1 1 1 1 0 0
1 1 1 1 0 0 0 0 0 0
Maze 91
93 2191 3.7619047619 1.9262302544 45 0.392303991866494
41 33 54 2 17 3 56 91 45 4 63 35 85 24 76 41
31 53 52 12 13 53 51 41 44 3 33 400 84 74 71
402 401 401 401 401 401 402 402 401 402 402 400 401 401 401
0 1 1 1 0 0 0 0 0 0
0 1 1 1 1 1 1 0 0 0
0 1 1 1 0 0 0 0 0 0
1 1 1 1 1 0 0 0 0 0
2 1 1 1 1 0 0 0 0 0
1 1 1 1 1 1 0 0 0 0
1 0 1 1 1 0 0 0 0 0
1 1 1 1 1 1 0 0 0 0
1 0 0 1 1 0 0 0 0 0
1 0 0 0 0 0 0 0 0 0
Maze 92
107 618 2.6000000000 2.2366068961 86 0.387089422515937
89 66 28 90 56 81 62 63 5 70 12 21 92 10 100 89
86 26 88 86 51 61 400 3 65 62 11 91 2 400 99
401 402 401 401 402 402 400 402 401 401 402 401 402 400 401
0 1 1 1 1 1 1 1 1 1
1 1 1 0 1 0 0 0 0 1
1 1 1 0 1 1 1 1 0 1
1 1 1 0 1 1 0 1 0 1
1 1 1 0 1 1 0 1 0 1
1 1 1 1 1 1 0 1 0 1
1 1 1 1 1 1 1 1 1 1
1 1 0 0 0 1 0 1 0 1
1 1 0 0 0 1 1 1 2 1
1 1 0 0 0 0 0 0 1 1
Maze 93
85 101 3.4285714286 1.9872811796 56 0.374690522984614
58 48 12 22 35 95 28 16 65 49 78 15 22 76 24 58
400 42 400 32 400 25 26 15 45 48 75 12 72 74 54
400 401 400 401 400 402 401 402 402 402 401 402 401 401 401
0 0 0 0 0 0 0 0 0 0
0 1 1 1 1 1 0 0 0 0
0 1 0 1 1 1 1 1 0 0
0 1 1 1 1 0 0 0 0 0
0 1 1 1 1 1 1 1 1 0
0 1 0 1 1 1 1 2 0 0
0 1 0 1 1 0 0 1 0 0
0 1 1 1 1 1 1 1 0 0
0 0 0 0 1 0 0 0 0 0
0 0 0 0 1 0 0 0 0 0
Maze 94
105 285 3.2542372881 2.2453591199 92 0.396377630731734
66 96 2 54 81 76 7 98 84 4 100 25 17 35 54 66
400 92 52 51 71 6 97 94 400 94 95 15 15 34 64
400 401 401 402 402 402 401 401 400 401 401 402 402 402 401
0 1 0 1 0 1 1 0 0 0
0 1 0 1 1 1 1 0 0 0
0 1 0 1 1 1 1 0 0 0
0 1 0 1 1 1 1 0 0 0
0 1 0 1 1 1 1 0 0 0
1 1 1 1 1 1 1 0 0 0
1 1 0 1 1 2 1 0 0 0
1 1 1 1 1 1 1 0 0 0
1 1 0 1 1 1 1 0 0 0
0 1 1 1 1 1 1 1 1 1
Maze 95
101 171 3.7647058824 2.1529888848 55 0.397719409735867
87 17 7 44 26 22 37 3 76 100 36 76 28 95 18 87
400 400 4 24 400 32 33 73 96 96 400 26 25 15 17
400 400 402 402 400 401 401 401 401 401 400 402 402 402 402
0 0 1 1 1 1 1 0 0 0
0 0 1 1 1 1 1 1 0 0
0 1 1 1 1 1 1 1 0 0
0 1 1 1 1 1 1 0 0 0
0 0 1 1 1 1 1 0 0 0
0 0 1 0 1 1 1 0 0 0
0 0 1 0 1 1 1 0 0 0
0 0 1 1 1 1 1 0 0 0
0 0 0 0 1 1 2 0 0 0
0 0 0 0 1 1 1 1 1 1
Maze 96
113 32 3.3461538462 1.8951100718 99 0.387526225018583
93 90 86 34 51 70 58 93 90 63 67 33 91 39 7 93
83 400 84 31 61 68 53 83 83 400 63 31 31 37 3
402 400 401 402 401 401 402 402 401 400 401 402 402 401 402
0 0 1 1 1 1 1 0 0 0
0 0 1 0 0 0 1 0 0 0
0 0 1 0 0 0 1 0 0 0
1 1 1 1 1 1 1 1 1 0
1 0 1 1 0 0 0 0 0 0
1 0 1 1 1 1 1 1 0 0
1 1 1 1 1 1 1 1 1 1
1 0 1 1 0 0 0 0 0 0
1 0 1 1 1 1 1 1 1 1
1 0 2 0 0 0 0 0 0 0
Maze 97
99 37 3.3214285714 2.2779762722 49 0.360328599116361
97 58 41 95 69 26 50 7 20 71 12 1 17 29 75 97
57 51 91 65 66 46 47 17 11 11 11 11 27 25 95
402 401 401 402 401 401 401 401 402 402 401 401 401 402 401
1 0 0 0 0 0 1 0 0 0
1 1 1 1 1 1 1 1 1 1
1 0 0 0 1 1 1 1 1 0
1 0 0 0 1 1 1 0 0 0
1 0 0 0 1 1 1 1 1 1
1 1 1 1 1 1 1 1 0 0
1 0 0 0 1 1 1 1 1 0
1 0 0 0 1 0 1 0 0 0
1 0 0 0 1 0 1 0 0 0
1 1 1 1 1 1 2 0 0 0
Maze 98
93 222 3.5909090909 2.1769963096 36 0.377362150074388
65 55 81 69 83 96 77 90 75 33 92 77 1 67 86 65
400 51 61 63 93 76 87 85 73 32 72 71 61 66 85
400 402 402 402 401 402 401 401 401 402 402 401 401 402 401
1 0 0 0 0 0 0 0 0 0
1 0 0 0 0 0 0 0 0 0
1 0 0 0 0 0 0 0 0 0
1 1 1 0 0 0 0 0 0 0
1 1 1 0 0 0 0 0 0 0
1 1 1 1 1 0 0 0 0 0
1 1 1 1 2 1 1 1 1 0
1 1 1 1 1 1 1 0 0 0
1 1 1 0 1 1 1 1 1 1
0 1 1 1 1 1 0 0 0 0
Maze 99
85 33 3.2000000000 2.1842552171 32 0.381873223760959
57 37 14 36 28 100 25 68 55 49 74 54 77 91 46 57
400 34 34 26 98 95 65 65 45 44 400 74 71 41 56
400 401 401 402 401 401 401 401 402 402 400 401 402 402 401
0 0 0 0 0 0 0 0 0 0
0 0 0 1 0 0 0 0 0 0
0 0 0 1 1 1 1 1 0 0
0 0 0 1 1 1 1 1 0 0
1 1 1 1 1 1 1 1 1 0
1 0 0 1 1 1 2 1 0 0
1 0 0 1 1 1 1 1 0 0
1 1 1 1 1 1 1 1 0 0
1 0 0 0 1 0 0 1 0 0
1 0 0 0 1 1 1 1 1 1
Maze 100
99 21 3.0357142857 2.0194087953 60 0.367329106762836
42 18 35 94 89 10 50 89 20 61 46 38 19 90 84 42
12 15 34 84 9 400 49 19 11 41 36 18 89 400 82
402 402 402 402 402 400 402 402 402 402 402 402 401 400 401
0 0 0 0 0 0 0 0 1 1
1 1 1 1 1 1 1 1 1 1
1 1 0 0 1 0 0 1 1 1
1 1 0 1 1 1 1 1 1 1
1 2 1 1 1 1 0 0 1 1
1 1 0 1 0 0 0 0 1 0
1 1 0 1 0 0 0 0 1 0
0 1 0 1 0 0 0 0 1 0
0 1 1 1 1 1 1 1 1 1
0 0 0 1 0 0 0 0 0 0
Maze 101
107 638 2.6756756757 2.3912786332 105 0.362606491980683
98 40 34 14 41 98 57 30 44 54 8 82 87 5 13 98
38 400 400 11 91 97 27 24 400 4 2 400 85 3 93
402 400 400 402 401 401 402 402 400 402 402 400 401 402 401
0 1 1 1 1 1 1 1 0 0
1 1 1 1 1 0 0 0 0 0
1 1 1 1 1 1 1 1 1 1
1 1 1 1 1 1 1 1 1 1
1 1 1 1 1 0 1 1 0 0
1 1 1 1 1 0 1 1 0 0
1 1 1 0 1 0 1 1 0 0
1 1 1 0 1 0 1 1 0 0
1 1 1 1 1 1 1 1 0 0
1 1 1 1 1 1 1 2 0 0
Maze 102
101 802 3.0967741935 2.2465058196 55 0.383173858467738
1 15 79 98 36 54 97 84 7 56 65 3 55 70 93 1
11 75 78 96 34 94 94 4 6 55 63 53 65 63 91
401 401 402 401 402 401 401 402 402 402 401 401 401 402 401
2 0 1 1 1 1 1 0 0 0
1 1 1 1 1 1 0 0 0 0
1 0 1 1 1 1 0 0 0 0
1 0 1 1 1 1 0 0 0 0
1 0 1 1 1 1 0 0 0 0
1 0 1 1 1 1 0 0 0 0
1 0 1 1 1 1 1 1 1 1
1 0 1 1 1 1 1 1 1 0
1 0 1 1 0 1 0 1 0 0
1 1 1 1 1 1 1 1 0 0
Maze 103
115 4166 3.3442622951 2.2589794708 132 0.393635848310020
69 51 30 60 2 48 86 69 15 39 88 46 14 84 22 69
61 21 400 52 42 46 66 65 35 38 86 44 400 82 62
401 402 400 401 401 402 402 401 401 402 401 401 400 401 401
0 1 0 0 0 0 0 0 0 0
0 1 0 1 1 0 0 0 0 0
1 1 1 1 1 1 1 1 1 1
1 1 0 1 1 1 1 1 1 1
1 1 1 1 1 1 1 1 0 1
1 1 1 1 1 1 1 1 1 1
1 1 1 1 1 1 1 1 2 0
0 1 0 1 0 1 0 1 0 0
0 1 1 1 0 1 1 1 0 0
0 0 0 0 0 0 0 0 0 0
Maze 104
111 74 3.2333333333 2.1624712156 80 0.374469946753100
33 68 90 67 17 83 11 19 21 99 72 1 28 49 26 33
63 88 87 400 13 81 400 11 91 92 71 21 48 46 23
401 401 401 400 402 401 400 402 401 401 401 401 401 401 402
1 0 0 0 0 0 0 0 0 0
1 1 1 1 1 1 1 1 1 0
1 1 1 1 1 1 1 1 0 0
1 0 2 0 0 1 1 1 0 0
1 0 1 0 0 1 1 1 1 0
1 0 1 0 0 0 1 0 0 0
1 0 1 1 1 1 1 1 0 0
1 1 1 0 0 0 1 1 0 0
1 1 1 0 0 0 1 1 1 1
1 1 1 1 1 1 1 1 1 0
Maze 105
105 595 3.0000000000 2.2492104421 112 0.380704338991758
93 70 96 27 33 3 51 2 56 38 79 31 19 40 13 93
63 66 26 23 400 1 1 52 36 78 71 11 39 33 400
402 402 402 402 400 402 402 401 402 401 401 402 401 401 400
1 1 1 0 0 0 0 0 0 0
1 1 1 1 1 1 1 1 1 0
1 1 1 1 1 1 1 0 1 0
1 1 1 1 1 1 1 1 1 1
1 1 1 0 0 1 0 1 0 0
1 1 1 1 1 1 0 1 0 0
1 0 1 1 1 1 1 1 1 1
1 1 1 1 1 1 1 1 1 0
0 0 1 0 0 1 0 0 0 0
0 0 2 0 0 1 0 0 0 0
Maze 106
95 77 3.4893617021 2.0424812504 65 0.380375208358197
90 17 42 60 65 19 35 74 42 77 37 52 17 78 80 90
87 12 52 55 15 15 34 72 72 400 32 12 77 400 400
401 402 401 402 402 402 402 401 401 400 402 402 401 400 400
0 0 0 0 0 0 0 0 0 0
0 1 1 1 1 1 1 1 1 0
0 1 0 0 1 0 1 0 0 0
0 1 1 1 1 1 1 0 0 0
0 1 0 1 1 0 1 0 0 0
0 1 1 1 1 1 1 1 1 1
0 1 0 1 1 0 1 0 0 0
0 1 1 1 1 1 1 1 1 1
0 0 0 0 0 0 1 1 1 2
0 0 0 0 0 0 0 0 0 0
Maze 107
85 93 2.8620689655 2.3975909434 40 0.368270403542367
53 79 56 26 53 56 51 9 8 50 62 53 86 81 67 53
73 76 400 23 400 400 1 400 48 42 52 83 400 61 63
401 401 400 402 400 400 402 400 401 402 402 401 400 402 401
1 1 1 1 1 1 1 1 1 0
1 0 0 0 0 0 0 1 0 0
1 0 1 1 1 1 0 1 0 0
1 0 1 0 0 1 0 1 0 0
1 1 1 1 1 1 1 1 1 1
1 1 2 1 1 1 0 0 0 0
1 1 1 1 1 1 1 0 0 0
1 0 1 1 1 1 1 1 1 0
1 1 1 1 1 1 0 0 0 0
0 0 0 0 0 0 0 0 0 0
Maze 108
115 512 3.7600000000 1.9414041552 139 0.393327846952940
76 34 80 23 81 26 49 11 60 45 73 28 58 47 30 76
74 74 73 21 21 46 41 51 55 43 23 400 57 27 26
401 401 401 402 402 401 401 401 401 402 402 400 401 402 402
0 0 0 0 0 0 0 0 0 0
1 0 0 0 0 0 0 0 0 0
1 1 1 1 1 1 1 1 1 1
1 0 1 1 0 1 1 1 0 0
1 1 1 1 1 1 1 1 1 0
1 1 1 1 1 1 1 1 1 1
1 0 1 1 0 1 0 0 0 0
1 0 1 1 1 2 1 1 1 1
1 0 0 0 0 0 0 0 0 0
0 0 0 0 0 0 0 0 0 0
Maze 109
99 207 3.1020408163 1.8686328133 65 0.374404551814119
50 63 83 57 92 98 47 89 33 95 14 41 63 98 47 50
43 400 53 52 400 97 87 83 93 94 11 61 93 97 400
402 400 402 402 400 401 401 401 401 401 402 401 401 401 400
0 0 0 0 0 0 0 0 0 0
1 1 1 1 0 0 0 0 0 0
1 0 0 1 0 0 0 0 0 0
1 0 1 1 0 0 0 0 0 0
1 0 1 1 1 1 1 1 1 2
1 1 1 1 1 1 1 0 0 0
1 1 1 1 0 0 1 0 0 0
0 1 1 1 0 0 1 0 0 0
0 1 1 1 1 1 1 1 1 0
0 1 1 1 1 1 1 1 0 0
Maze 110
99 46 3.6956521739 2.0023458814 84 0.392929655949617
66 28 85 14 36 2 53 57 3 40 73 64 58 96 16 66
26 25 84 34 32 52 400 53 33 33 63 54 56 400 400
402 402 401 401 401 401 400 401 401 402 402 402 402 400 400
0 1 1 0 0 0 0 0 0 0
0 1 1 1 0 1 0 0 0 0
0 1 1 1 1 1 1 1 0 0
0 1 1 1 1 1 1 1 1 1
0 1 1 1 1 1 0 0 0 0
0 1 1 1 1 1 1 1 0 0
0 0 1 1 1 2 0 0 0 0
0 0 1 1 1 1 0 0 0 0
0 0 0 1 1 1 0 0 0 0
0 0 0 0 0 1 0 0 0 0
Maze 111
85 64 2.7796610169 2.3425345807 40 0.362210533664034
13 87 58 69 54 1 2 10 9 19 12 95 14 85 74 13
83 57 68 64 51 400 400 400 400 400 92 94 84 84 73
401 402 401 401 401 400 400 400 400 400 401 401 401 401 401
1 1 1 1 1 1 1 1 1 1
1 1 2 1 1 1 1 1 1 0
1 1 1 1 0 0 0 0 0 0
1 1 1 1 0 0 0 0 0 0
1 1 1 1 0 0 0 0 0 0
1 1 1 1 0 0 1 1 0 0
0 1 1 1 1 1 1 1 1 0
0 1 1 1 0 0 1 0 0 0
0 1 1 1 1 1 1 0 0 0
0 1 1 1 1 0 0 0 0 0
Maze 112
115 374 3.3898305085 2.0281472258 126 0.394695092916156
100 63 85 2 67 43 86 59 76 62 83 70 97 91 4 100
93 83 82 62 63 83 56 56 72 82 63 67 400 1 94
401 401 401 401 401 401 402 402 401 401 402 402 400 402 401
1 1 1 1 0 0 0 0 0 0
1 1 0 1 0 0 0 0 0 0
1 1 0 1 0 0 0 0 0 0
1 1 0 1 0 0 0 0 0 0
1 1 1 1 0 0 0 0 0 0
1 1 1 1 0 1 1 1 1 0
1 1 1 1 1 1 1 1 1 1
1 1 1 1 1 1 1 0 0 0
1 1 1 1 1 1 1 0 0 0
1 1 1 1 1 1 1 1 1 2
Maze 113
119 114 3.0769230769 2.1023477340 91 0.400855573057394
20 90 49 19 98 11 99 73 89 60 42 62 90 61 45 20
400 89 400 18 91 91 93 83 59 52 400 82 81 41 15
400 401 400 402 401 401 401 401 402 401 400 401 401 402 402
0 0 0 0 0 0 0 0 0 0
1 0 0 0 1 1 1 1 1 2
1 0 0 0 1 0 0 1 1 1
1 0 0 0 1 0 0 1 1 1
1 1 1 1 1 0 0 1 1 1
1 1 1 1 1 1 1 1 1 1
1 1 0 0 0 0 0 1 1 1
1 1 1 0 0 0 0 1 1 1
1 1 1 1 1 1 1 1 1 1
1 1 1 1 1 1 1 1 1 0
Maze 114
115 1495 2.8918918919 2.2452790075 138 0.404241460753397
61 60 16 86 33 92 30 77 95 98 52 10 29 59 18 61
51 56 400 83 32 22 27 75 400 92 2 9 400 58 11
402 401 400 401 402 402 402 402 400 401 402 402 400 401 402
0 1 1 1 1 1 1 1 1 1
1 1 1 1 1 1 1 1 1 0
1 1 1 1 1 1 1 1 1 1
1 1 1 0 0 1 1 1 1 0
1 1 1 0 0 1 1 1 1 0
1 1 1 1 1 1 1 1 1 1
2 1 1 0 0 1 1 0 0 0
0 1 1 0 1 1 1 0 0 0
0 1 1 1 1 1 0 0 0 0
0 1 1 1 1 1 1 1 0 0
Maze 115
91 108 3.1698113208 2.2116705953 39 0.381676127304955
39 59 48 16 22 75 11 57 54 47 90 49 12 41 82 39
400 58 46 12 72 71 51 400 44 87 89 42 11 81 32
400 401 401 402 401 401 401 400 402 401 401 401 402 401 402
0 0 0 0 0 0 0 0 0 0
1 1 1 1 1 1 0 0 0 0
1 1 0 0 0 1 0 0 0 0
1 1 1 1 1 1 1 1 2 0
1 1 1 1 1 1 1 1 1 0
1 1 1 1 1 1 1 1 1 0
1 1 0 0 0 0 1 0 1 0
1 1 1 1 1 0 1 0 1 0
1 1 0 0 0 0 1 1 1 1
0 0 0 0 0 0 0 0 0 0
Maze 116
75 58 2.9565217391 2.1143626858 35 0.369645945051754
34 96 45 56 64 21 43 24 59 28 32 73 62 69 60 34
94 95 55 54 61 41 23 54 58 22 72 72 400 59 54
401 401 401 402 401 401 402 401 401 402 401 401 400 402 401
0 0 0 0 0 0 0 0 0 0
0 0 0 0 0 0 0 0 0 0
1 1 1 1 1 1 1 1 0 0
1 1 1 2 0 0 0 1 0 0
1 1 1 1 1 0 0 1 0 0
1 1 0 1 1 1 1 1 1 1
1 1 1 1 1 1 1 1 1 0
0 1 1 1 1 0 0 0 0 0
0 0 0 1 1 0 0 0 0 0
0 0 0 1 1 1 0 0 0 0
Maze 117
99 25 2.8307692308 2.3345177095 60 0.383960064072474
36 93 51 8 12 6 47 63 28 52 24 90 50 78 38 36
33 91 1 2 2 46 43 23 22 22 84 400 48 400 400
402 401 402 402 402 401 402 402 402 402 401 400 402 400 400
1 1 1 1 1 1 1 1 0 0
1 1 0 0 0 1 0 0 0 0
1 1 1 1 1 1 1 1 0 0
1 1 1 1 1 2 1 1 0 0
1 1 1 1 1 1 1 1 1 1
1 1 1 1 0 0 0 1 0 1
1 0 1 1 0 0 0 1 0 1
1 0 1 1 0 0 0 1 0 1
1 0 1 1 1 1 1 1 1 1
1 1 1 0 0 0 0 0 0 0
Maze 118
89 410 3.0909090909 2.2402867344 36 0.354222639393299
82 78 26 48 98 27 6 74 15 63 11 46 67 91 61 82
72 76 46 400 97 26 4 14 13 61 41 66 61 400 81
402 401 401 400 401 401 402 402 402 401 401 401 402 400 401
0 0 0 1 1 1 0 0 0 0
1 0 1 1 1 1 0 0 0 0
1 0 1 1 0 1 1 0 0 0
1 0 1 1 0 1 1 0 0 0
1 1 1 1 1 1 1 1 0 0
1 0 1 1 0 1 1 1 0 0
1 1 1 1 1 1 1 1 0 0
1 1 1 1 1 1 1 1 0 0
1 2 0 0 0 0 1 1 0 0
1 0 0 0 0 0 1 1 0 0
Maze 119
99 183 3.2592592593 2.1559524309 55 0.388432567217029
81 7 65 70 43 7 49 50 74 17 49 8 18 73 54 81
1 5 400 63 3 47 400 44 14 47 48 400 13 53 51
402 402 400 401 402 401 400 402 402 401 401 400 402 402 402
1 1 1 1 1 1 1 1 0 0
1 0 1 1 1 1 1 1 0 0
1 0 1 1 1 0 1 1 0 0
1 0 1 1 1 0 1 1 0 0
1 0 1 1 1 1 1 1 1 1
1 1 1 1 1 0 0 0 0 0
1 0 1 1 1 1 1 1 1 1
1 0 1 1 0 0 0 0 0 0
2 0 0 0 0 0 0 0 0 0
0 0 0 0 0 0 0 0 0 0
Maze 120
91 176 3.0769230769 2.0876399738 45 0.373937780285312
34 45 65 54 26 65 70 34 86 48 20 41 39 8 80 34
44 400 64 24 25 400 64 84 46 18 11 31 38 78 74
401 400 401 402 402 400 401 401 402 402 402 402 401 401 401
0 0 0 0 0 0 0 1 0 0
1 1 1 1 1 1 1 1 1 1
1 0 0 1 1 1 0 1 0 0
1 1 1 2 1 1 1 1 1 0
1 0 0 1 1 1 1 1 0 0
0 0 0 1 1 1 0 1 0 0
0 0 0 1 1 1 1 1 1 1
0 0 0 1 1 1 1 1 1 1
0 0 0 1 1 1 0 0 0 0
0 0 0 0 0 0 0 0 0 0
Maze 121
109 11038 2.9230769231 2.1788787443 105 0.392750185888398
40 97 85 8 87 13 13 58 70 61 27 60 76 61 93 40
37 95 5 7 83 400 53 68 400 21 57 56 71 91 33
402 401 402 402 401 400 401 401 400 402 401 402 401 401 402
0 0 0 0 1 1 1 1 0 0
0 0 1 0 1 0 1 0 0 0
1 1 1 1 1 1 1 0 0 0
1 0 1 1 1 1 1 1 1 2
1 0 1 0 1 0 1 0 0 0
1 0 1 1 1 1 1 1 1 1
1 1 1 1 1 1 1 1 1 1
1 1 1 1 1 1 1 0 0 0
1 0 1 1 1 1 1 0 0 0
1 1 1 0 1 1 1 0 0 0
Maze 122
85 46 2.6785714286 2.1596213612 39 0.354379810013275
66 87 17 85 53 14 30 40 99 79 20 24 29 41 83 66
86 400 15 83 13 24 400 39 400 19 14 400 21 81 63
401 400 402 401 402 401 400 402 400 402 402 400 402 401 402
0 0 0 0 0 0 0 0 0 0
0 0 1 1 1 1 1 1 1 1
1 1 1 1 1 1 1 1 1 1
1 0 1 0 1 0 1 0 1 1
1 0 1 0 1 0 1 0 1 0
1 0 1 0 1 0 1 0 1 0
1 0 1 1 1 2 1 0 1 0
1 0 1 0 1 1 1 0 1 0
1 1 1 1 1 1 1 0 1 0
0 0 0 0 0 0 0 0 1 0
Maze 123
95 313 2.8888888889 2.3311565995 64 0.378156946324190
57 32 11 49 100 7 44 62 32 88 6 68 69 9 58 57
52 31 41 99 97 4 42 400 82 86 66 400 400 8 400
401 401 401 401 401 402 402 400 401 401 401 400 400 402 400
0 0 0 1 1 1 1 1 1 0
1 0 0 1 0 1 1 1 1 0
1 0 0 1 0 1 1 1 1 0
1 1 0 1 0 1 1 1 1 0
1 1 1 1 1 1 1 1 1 0
0 1 1 1 1 1 2 1 1 0
0 1 0 0 0 1 1 1 1 0
0 1 0 0 0 1 1 0 1 0
0 1 1 1 1 1 1 1 1 0
0 0 0 0 0 0 1 1 1 1
Maze 124
99 982 3.0163934426 2.1754232752 77 0.391768188569253
16 5 2 37 72 78 96 80 69 31 18 96 25 94 52 16
15 400 32 32 400 76 76 79 61 11 16 95 24 92 12
401 400 401 402 400 402 402 401 401 402 402 401 402 401 402
0 1 1 1 1 0 0 0 0 0
1 1 1 1 1 2 1 1 0 0
1 1 0 1 1 1 0 0 0 0
1 1 1 1 1 1 1 0 0 0
1 1 0 1 1 1 0 0 0 0
1 1 0 1 1 1 0 0 0 0
1 1 1 1 1 1 1 1 1 0
0 1 1 1 1 1 1 1 1 1
0 1 0 1 1 1 0 0 0 0
0 1 1 1 1 1 0 0 0 0
Maze 125
105 21 3.8695652174 1.9749164857 61 0.379825611258649
12 99 2 49 1 31 82 13 35 96 95 26 35 37 1 12
92 92 42 41 400 81 12 33 95 400 25 25 400 31 11
401 401 401 401 400 401 402 401 401 400 402 402 400 401 401
1 1 0 0 0 0 0 0 0 0
1 2 1 0 0 0 0 0 0 0
1 1 1 0 1 1 0 0 0 0
1 1 1 1 1 1 1 0 0 0
1 1 1 1 1 1 1 1 1 0
1 1 0 0 1 0 0 0 0 0
1 1 0 0 1 0 0 0 0 0
1 1 0 0 1 0 0 0 0 0
1 1 0 0 1 0 0 0 0 0
0 1 1 1 1 1 1 1 1 0
Maze 126
103 56 3.2800000000 1.9324955550 71 0.392677467866361
12 33 48 33 82 76 14 31 59 78 100 53 82 32 99 12
32 43 43 32 72 74 11 51 58 98 93 52 400 92 92
401 401 401 402 402 401 402 401 402 401 401 402 400 401 401
0 0 0 0 0 0 0 0 0 0
1 2 1 1 0 0 0 0 0 0
1 1 0 1 0 0 0 0 0 0
1 1 1 1 0 0 0 0 0 0
1 1 1 1 1 1 1 1 0 0
1 1 1 1 1 1 1 1 1 0
0 1 1 1 0 0 0 1 0 0
0 1 1 1 1 1 0 1 0 0
0 1 1 0 0 0 0 1 0 0
0 1 1 1 1 1 1 1 1 1
Maze 127
97 226 3.0526315789 2.2225016104 62 0.377753026549483
97 55 21 59 68 17 22 51 67 87 10 75 93 86 39 97
95 51 51 58 67 12 21 61 400 7 5 73 83 36 37
401 401 401 402 401 402 402 401 400 402 402 402 402 402 402
0 0 0 0 1 1 1 1 1 1
0 1 1 1 1 1 1 0 0 0
1 1 0 0 1 0 1 0 0 0
1 0 0 0 1 1 1 1 1 0
1 0 0 0 1 1 1 0 0 0
1 1 1 1 1 1 1 1 1 0
1 1 1 1 1 1 1 1 0 0
0 0 1 1 1 1 1 0 0 0
0 0 1 1 1 1 1 0 0 0
0 0 1 0 1 1 2 0 0 0
Maze 128
105 19 3.0937500000 2.3785570518 87 0.385211813630463
91 21 20 93 91 54 54 86 90 59 80 15 14 82 7 91
400 11 13 400 51 400 84 400 89 79 75 400 12 2 1
400 402 402 400 402 400 401 400 401 401 401 400 402 402 402
1 1 1 1 1 1 1 0 0 0
1 1 1 1 1 1 1 1 1 1
1 1 1 0 1 0 0 0 0 0
1 1 1 0 1 0 0 0 0 0
1 1 1 0 1 0 0 0 0 0
1 1 1 1 1 0 0 0 1 0
1 1 1 1 1 0 0 0 1 0
1 1 1 1 1 1 1 1 1 1
1 1 1 1 1 1 1 1 1 1
2 1 1 0 0 0 0 0 0 0
Maze 129
103 10 3.0909090909 1.9915147184 50 0.385073936478568
40 54 90 5 37 31 100 25 36 56 27 9 8 34 84 40
34 84 85 35 400 91 95 35 400 26 7 400 4 400 34
402 401 401 401 400 401 401 401 400 402 402 400 402 400 402
0 0 0 1 1 1 1 1 1 0
0 0 0 1 1 0 1 0 0 0
0 0 0 1 1 1 1 0 0 0
1 1 1 1 1 1 1 1 1 2
1 0 0 1 1 1 0 0 0 0
1 0 0 1 1 1 0 0 0 0
1 0 0 1 1 0 0 0 0 0
1 0 0 1 1 0 0 0 0 0
1 0 0 1 1 1 1 1 1 1
1 1 1 1 1 1 1 1 1 1
Maze 130
119 19 3.8039215686 1.9548875482 102 0.386106650950837
20 61 78 75 24 100 5 38 4 11 19 35 79 61 31 20
11 71 400 74 94 95 35 34 1 400 15 75 71 400 11
402 401 400 401 401 401 401 401 402 400 402 401 401 400 402
1 1 1 1 1 0 0 0 0 0
1 1 1 1 1 1 1 1 1 2
1 0 0 1 1 0 0 0 0 0
1 0 0 1 1 1 1 1 0 0
1 0 0 1 1 0 0 0 0 0
1 0 0 1 1 0 0 0 0 0
1 0 0 1 1 0 0 0 0 0
1 1 1 1 1 1 1 1 1 0
0 0 0 1 1 0 0 0 0 0
0 0 0 1 1 1 1 1 1 1
Maze 131
81 108 3.2272727273 2.0986318815 35 0.381864023456449
74 64 82 79 4 49 66 92 42 42 47 36 39 97 43 74
400 62 72 74 44 46 62 400 400 400 46 400 37 93 73
400 402 402 401 401 402 402 400 400 400 401 400 402 401 401
0 0 0 1 0 0 0 0 0 0
0 0 0 1 0 0 0 0 0 0
0 0 0 1 0 0 0 0 0 0
0 0 0 1 0 1 1 1 1 0
0 1 1 1 1 1 1 1 1 0
0 1 1 1 0 1 1 0 0 0
0 1 1 1 1 1 1 0 0 0
0 1 1 2 1 1 1 1 1 0
0 1 1 0 0 0 1 0 0 0
0 1 1 1 1 1 1 0 0 0
Maze 132
93 32 3.3061224490 2.0895281506 40 0.408140042661264
37 51 1 93 67 3 54 77 66 50 68 96 50 32 38 37
31 400 91 63 63 53 74 76 46 48 66 46 42 400 400
402 400 401 402 401 401 401 401 402 402 402 402 401 400 400
1 0 1 0 0 0 0 0 0 0
1 0 1 0 0 0 0 0 0 0
1 0 1 0 0 0 0 0 0 0
1 1 1 1 1 1 2 1 0 0
1 1 1 1 1 1 1 1 1 1
1 0 1 1 0 1 0 1 0 0
1 0 1 1 1 1 1 1 0 0
1 0 1 1 1 1 1 0 0 0
1 0 1 0 0 1 0 0 0 0
1 1 1 0 0 1 0 0 0 0
Maze 133
91 120 3.0357142857 2.2261530853 35 0.394823214026231
12 28 20 59 32 62 50 47 54 95 58 57 78 63 100 12
22 18 19 52 400 42 400 44 94 55 400 77 73 93 92
401 402 402 401 400 402 400 402 401 402 400 401 401 401 401
0 0 0 0 0 0 0 0 0 0
0 2 0 0 0 0 0 1 1 1
0 1 1 1 1 1 1 1 1 0
0 1 0 0 0 0 0 0 1 0
0 1 1 1 1 1 1 1 1 1
0 1 1 1 1 1 1 1 1 0
0 1 1 1 1 0 1 0 0 0
0 1 1 1 1 1 1 1 0 0
0 1 1 1 1 0 0 0 0 0
0 1 1 1 1 1 1 1 1 1
Maze 134
109 46 3.1803278689 2.2369178431 69 0.365744775927878
100 95 72 20 81 22 57 37 97 79 9 1 83 91 61 100
400 92 12 11 21 52 400 400 77 400 400 81 81 400 91
400 401 402 402 402 401 400 400 402 400 400 401 402 400 401
1 1 1 1 1 1 1 1 1 0
1 1 1 1 1 1 1 1 1 1
1 1 0 0 0 0 0 0 1 0
1 1 0 0 0 0 1 0 1 0
1 1 0 0 0 0 1 0 1 0
1 1 1 1 1 1 1 0 1 0
1 1 0 0 0 0 1 0 1 0
1 1 0 0 0 0 1 1 1 0
1 1 1 0 0 0 1 0 0 0
1 1 1 1 1 1 1 1 1 2
Maze 135
115 24 2.9830508475 2.0129469767 119 0.385424255857155
7 20 12 51 86 61 90 66 24 52 25 31 97 16 82 7
17 400 11 81 81 81 86 64 22 22 21 91 96 12 2
401 400 402 401 401 401 401 401 402 402 402 401 401 402 402
0 1 1 1 1 1 2 0 0 0
1 1 1 1 1 1 1 1 1 1
1 1 1 1 1 1 0 0 0 0
1 1 0 1 0 1 0 0 0 0
1 1 0 1 0 1 0 0 0 0
1 1 0 1 0 1 0 0 0 0
1 1 0 1 1 1 0 0 0 0
1 1 0 0 0 1 0 0 0 0
1 1 1 1 1 1 1 1 1 1
1 1 1 1 1 1 1 0 0 0
Maze 136
63 3 3.3333333333 2.0937656903 10 0.404927001668820
72 25 32 35 34 62 94 63 85 75 89 87 57 75 59 72
22 22 400 400 32 92 93 83 400 85 400 400 55 55 52
402 402 400 400 402 401 401 401 400 401 400 400 402 402 402
0 0 0 0 0 0 0 0 0 0
0 0 0 0 0 0 0 0 0 0
0 1 1 1 1 0 0 0 0 0
0 1 1 1 1 0 0 0 0 0
0 1 0 0 0 0 0 0 0 0
0 1 1 1 1 1 1 1 1 0
0 1 1 0 1 0 1 0 0 0
0 2 1 0 1 0 1 0 0 0
0 1 1 1 1 1 1 1 1 0
0 1 1 1 0 0 0 0 0 0
Maze 137
113 1194 3.0769230769 2.1189858802 97 0.381127636327869
15 96 100 39 47 68 11 42 90 64 71 100 17 92 26 15
95 400 99 37 67 61 41 82 84 61 91 97 12 22 25
401 400 401 402 401 401 401 401 401 402 401 401 402 402 401
0 0 0 0 0 0 0 0 0 0
1 1 1 1 2 1 1 0 0 0
1 1 1 1 1 1 1 0 0 0
1 1 0 0 1 0 1 1 1 0
1 1 0 0 1 0 1 0 1 0
1 1 0 0 1 0 1 0 1 0
1 1 1 1 1 1 1 1 1 0
1 1 0 1 1 0 1 0 1 0
1 1 1 1 1 1 1 1 1 1
1 1 1 1 1 1 1 1 1 1
Maze 138
123 53 3.4909090909 1.9180791781 83 0.398076430433706
4 30 91 39 34 10 85 90 81 34 39 63 26 19 40 4
24 21 31 400 4 5 400 400 31 400 33 23 16 39 34
401 402 402 400 402 402 400 400 402 400 402 402 402 401 401
0 0 0 2 1 1 1 1 1 1
0 0 0 1 1 1 1 1 1 0
1 1 1 1 1 1 1 1 1 1
1 1 1 1 1 1 1 1 1 1
1 0 1 0 1 0 0 0 0 0
1 0 1 0 1 0 0 0 0 0
1 0 1 0 1 0 0 0 0 0
1 0 0 0 1 0 0 0 0 0
1 1 1 1 1 1 1 1 1 1
1 0 0 0 0 0 0 0 0 0
Maze 139
109 186 3.2459016393 2.2048177770 92 0.396282084617680
59 29 25 11 3 50 64 98 24 41 78 45 28 93 7 59
400 400 21 1 43 44 94 94 21 71 75 25 23 3 57
400 400 401 402 401 402 401 401 402 401 401 402 402 402 401
1 1 1 1 1 1 1 0 0 0
1 0 1 0 0 0 1 0 0 0
1 1 1 1 1 1 1 1 1 0
1 0 1 1 1 0 1 0 1 0
1 0 1 1 1 1 1 1 1 1
1 0 1 1 1 0 1 1 2 0
1 0 1 1 1 0 0 0 0 0
1 1 1 1 1 1 1 1 0 0
0 0 1 1 0 0 0 0 0 0
0 0 1 1 1 1 1 1 0 0
Maze 140
101 130 3.4800000000 2.0580958125 71 0.378899650334221
23 93 58 84 24 13 75 18 94 41 33 41 74 5 62 23
400 53 54 400 23 73 15 14 91 31 31 71 4 2 22
400 402 402 400 401 401 402 402 401 402 402 401 402 402 402
0 1 1 1 1 0 0 0 0 0
0 1 1 1 1 1 1 1 0 0
0 1 2 1 1 0 0 0 0 0
1 1 1 1 1 0 0 0 0 0
1 1 1 1 1 0 0 0 0 0
1 1 1 1 1 1 1 1 0 0
1 1 1 1 1 0 0 0 0 0
1 1 1 1 1 0 0 0 0 0
1 0 1 1 0 0 0 0 0 0
1 1 1 1 0 0 0 0 0 0
Maze 141
79 35 3.2727272727 2.0999776797 35 0.402546385094804
45 51 72 61 44 29 75 67 47 77 39 26 90 87 9 45
41 71 71 41 24 25 65 400 400 37 36 86 400 7 5
402 401 401 402 402 402 402 400 400 402 401 401 400 402 402
0 0 0 0 1 1 1 1 1 0
0 0 0 0 1 0 1 0 0 0
0 0 0 1 1 1 1 1 1 0
0 0 0 1 1 1 1 1 1 0
1 1 1 1 2 1 1 0 0 0
1 0 0 0 1 1 1 0 0 0
1 0 0 0 1 1 1 0 0 0
1 1 0 0 1 1 1 0 0 0
0 0 0 0 0 1 1 1 1 1
0 0 0 0 0 0 0 0 0 0
Maze 142
109 208 3.5294117647 1.9719388585 92 0.384715140526916
92 60 86 63 85 66 3 90 38 61 61 69 22 72 12 92
52 56 83 83 65 63 83 88 31 400 400 62 400 400 400
402 402 401 401 402 401 401 401 402 400 400 401 400 400 400
0 0 1 0 0 0 0 0 0 0
0 1 1 0 0 0 0 0 0 0
0 1 1 0 0 0 0 0 0 0
1 1 1 1 1 1 1 1 0 0
1 1 1 0 0 0 0 1 0 0
1 1 1 1 1 1 1 1 1 1
1 1 1 1 1 1 1 1 1 0
0 1 1 0 1 1 0 1 0 0
0 1 1 1 1 1 1 1 1 1
0 2 0 0 0 0 0 0 0 0
Maze 143
95 366 3.4166666667 1.9683736906 64 0.384722780695330
76 58 39 53 58 34 59 25 69 11 76 69 30 49 17 76
56 38 33 400 54 54 55 65 61 71 66 29 29 47 16
402 402 402 400 401 401 401 401 401 401 402 402 402 401 402
0 0 0 0 0 0 0 0 0 0
1 0 0 0 0 1 1 0 0 0
1 0 0 0 1 1 1 0 1 1
1 0 1 1 1 1 1 1 1 0
1 0 1 1 1 1 1 1 1 0
1 0 1 1 1 1 1 1 1 0
1 1 1 1 1 1 1 1 1 0
1 1 1 1 1 2 0 0 0 0
0 0 0 0 0 0 0 0 0 0
0 0 0 0 0 0 0 0 0 0
Maze 144
119 243 3.2333333333 2.0239433028 96 0.386325839340768
58 72 96 20 82 64 42 62 7 100 46 33 57 20 95 58
52 92 16 12 62 62 400 2 97 96 43 53 17 15 55
402 401 402 402 402 401 400 402 401 401 401 401 402 402 402
0 1 1 1 1 1 1 0 0 0
0 1 1 1 1 1 1 1 1 1
0 1 0 0 1 1 1 0 0 0
0 1 1 0 1 1 1 0 0 0
0 1 1 1 1 1 1 0 0 0
0 1 1 1 1 1 1 2 0 0
0 1 1 1 1 1 1 0 0 0
0 1 0 0 1 1 1 0 0 0
0 1 0 0 1 1 1 0 0 0
0 1 1 1 1 1 1 1 1 1
Maze 145
77 48 3.6923076923 2.0289336063 30 0.391408661191012
48 5 46 48 82 55 51 12 11 64 66 17 46 94 37 48
45 45 400 42 52 400 11 400 61 400 16 16 44 34 47
401 401 400 402 402 400 402 400 401 400 402 402 402 402 401
0 0 0 0 1 0 0 0 0 0
1 1 0 0 1 1 1 0 0 0
1 0 0 0 1 1 0 0 0 0
1 0 0 1 1 1 1 0 0 0
1 1 1 1 1 1 1 2 0 0
1 1 1 1 1 1 0 0 0 0
1 1 1 1 1 1 0 0 0 0
0 1 0 1 0 0 0 0 0 0
0 1 0 1 0 0 0 0 0 0
0 0 0 1 0 0 0 0 0 0
Maze 146
85 121 3.2272727273 1.9251786428 41 0.376662224137141
75 12 62 34 83 88 36 5 58 88 25 46 19 17 62 75
72 400 32 33 400 86 35 55 400 85 45 16 400 12 72
401 400 402 402 400 401 401 401 400 401 401 402 400 402 401
0 0 0 0 1 0 0 0 0 0
0 1 1 1 1 1 1 1 1 0
0 1 0 0 1 1 0 0 0 0
0 1 1 1 1 1 0 0 0 0
0 1 1 0 1 1 0 0 0 0
0 1 1 0 1 1 1 1 0 0
0 1 1 0 1 1 0 1 0 0
0 1 1 1 2 1 0 1 0 0
0 0 1 1 1 1 1 1 0 0
0 0 0 0 0 0 0 0 0 0
Maze 147
95 253 3.2156862745 2.0198898669 84 0.388918683181733
35 78 91 94 72 83 66 100 27 87 23 93 26 76 32 35
75 71 400 92 82 63 96 97 400 83 400 23 400 72 400
401 402 400 401 401 402 401 401 400 401 400 402 400 401 400
0 0 0 0 0 0 0 0 0 0
0 0 0 0 0 0 0 0 0 0
0 0 1 1 1 1 1 0 0 0
0 1 1 1 2 1 1 0 0 0
0 1 1 0 1 1 1 0 0 0
0 1 1 0 1 1 1 0 0 0
0 1 1 1 1 1 1 0 0 0
1 1 1 1 1 1 1 1 0 0
1 1 1 1 1 1 1 0 0 0
1 1 1 1 0 1 1 1 1 1
Maze 148
105 191 3.4642857143 2.2308259625 104 0.375572569275584
44 63 31 32 6 78 84 49 41 30 91 86 93 13 94 44
43 61 400 2 76 74 44 400 21 21 81 83 400 93 400
402 401 400 402 401 402 402 400 402 402 402 402 400 401 400
0 1 1 1 1 1 0 0 0 0
0 1 1 0 0 1 0 0 0 0
1 1 1 1 1 1 1 1 1 1
1 1 1 0 0 1 0 0 0 0
1 1 1 2 1 1 1 1 1 0
1 0 1 1 0 1 0 0 0 0
1 1 1 1 0 1 0 0 0 0
1 0 1 1 1 1 1 1 0 0
1 1 1 1 1 1 0 0 0 0
1 0 1 1 0 0 0 0 0 0
Maze 149
99 118 3.1186440678 2.2679264913 77 0.384563351652813
85 96 27 88 70 28 11 38 100 82 38 26 56 45 9 85
95 26 87 68 68 21 31 98 92 32 36 400 55 5 5
401 402 401 402 401 401 401 401 401 402 401 400 401 402 402
0 0 0 0 1 1 1 1 1 0
1 0 0 0 1 0 0 0 0 0
1 1 1 1 1 1 1 1 0 0
1 1 1 1 1 1 1 1 0 0
0 1 0 0 1 1 1 1 0 0
0 1 0 0 1 1 1 1 0 0
0 1 0 0 1 1 1 1 1 1
0 1 0 0 1 1 1 1 0 0
0 1 0 0 2 1 1 1 0 0
0 1 1 1 1 1 1 1 1 1
Maze 150
107 258 2.9062500000 2.2015787966 97 0.387431873027974
19 80 97 29 16 85 10 99 42 78 37 64 21 45 35 19
79 77 27 26 15 5 9 92 72 77 34 61 41 400 15
401 402 402 401 402 402 402 401 401 401 402 401 401 400 402
0 0 0 0 1 1 1 1 1 1
0 0 0 0 1 1 1 1 2 0
1 0 0 0 1 1 1 1 1 0
1 0 0 1 1 1 1 0 1 0
1 1 1 1 1 0 1 0 1 0
1 1 0 1 1 0 1 0 1 0
1 1 1 1 1 0 1 0 1 0
0 1 1 1 1 1 1 1 1 1
0 1 0 0 1 0 1 0 1 0
0 1 1 1 1 1 1 1 1 0
Maze 151
103 97 2.7878787879 2.2728652339 71 0.377135082502765
8 97 50 10 69 94 46 52 95 45 82 17 27 61 48 8
7 47 400 9 64 44 42 92 400 42 12 400 21 41 400
402 402 400 402 402 402 402 401 400 402 402 400 402 402 400
0 0 0 0 0 0 1 2 1 1
0 1 1 1 1 1 1 1 1 1
1 1 1 1 1 1 1 1 1 1
1 1 0 0 0 0 1 1 1 1
1 1 1 1 1 1 1 1 1 1
1 1 0 1 1 0 1 0 1 0
1 1 0 1 1 1 1 1 1 0
0 1 0 1 1 0 1 0 0 0
0 1 0 1 1 0 1 0 0 0
0 1 1 1 1 0 1 0 0 0
Maze 152
99 379 3.1666666667 2.2766398377 53 0.392418931446953
67 59 46 13 52 96 8 95 97 82 80 15 20 58 43 67
57 56 43 12 92 6 5 400 92 72 75 400 18 53 63
402 401 401 402 401 402 402 400 401 402 401 400 402 401 401
0 0 0 0 1 1 1 1 0 0
0 1 1 0 1 1 1 1 1 1
0 1 1 0 1 1 0 1 0 0
0 1 1 0 1 1 0 1 0 0
0 1 1 1 1 1 0 1 0 0
0 1 1 1 1 1 1 1 1 0
0 1 1 1 1 1 2 0 0 0
0 1 1 1 1 1 1 1 1 1
0 1 0 0 1 1 0 0 0 0
0 1 1 1 1 1 1 0 0 0
Maze 153
89 35 3.5217391304 2.0640750970 31 0.395766675690259
9 10 8 67 6 69 94 28 64 76 40 35 70 99 49 9
400 400 7 66 66 64 24 24 74 36 400 65 69 400 400
400 400 402 401 401 402 402 402 401 402 400 401 402 400 400
0 0 0 0 0 1 1 1 2 1
0 0 0 0 0 1 1 0 1 0
0 0 0 1 1 1 1 1 1 0
0 0 0 1 1 1 1 1 1 1
0 0 0 1 1 1 1 0 1 0
0 0 0 1 1 1 1 0 1 0
0 0 0 1 1 1 1 1 1 1
0 0 0 1 1 1 0 0 1 0
0 0 0 1 0 0 0 0 1 0
0 0 0 1 0 0 0 0 1 0
Maze 154
99 115 3.4444444444 2.2579546369 51 0.375998795136020
81 41 53 55 34 35 78 31 10 14 5 92 16 60 35 81
400 51 400 54 400 75 71 1 4 4 2 12 56 55 31
400 401 400 401 400 401 401 402 402 402 402 402 401 401 402
1 1 1 1 1 1 1 1 1 1
1 1 1 1 1 1 0 0 0 0
1 1 0 0 0 1 0 0 0 0
1 1 1 1 1 1 0 0 0 0
1 1 0 1 1 1 0 0 0 0
1 1 1 1 1 1 1 1 1 1
1 1 0 0 1 0 0 0 0 0
1 1 1 1 1 1 1 1 0 0
2 1 0 0 0 0 0 0 0 0
0 1 0 0 0 0 0 0 0 0
Maze 155
109 413 3.3220338983 2.1495722948 112 0.366203025142873
99 56 25 95 80 8 100 19 84 34 48 95 98 42 77 99
96 55 400 75 78 98 99 14 400 44 45 400 92 72 97
401 401 400 402 401 401 401 402 400 401 402 400 401 401 401
0 0 0 0 0 0 0 1 0 0
0 0 0 1 1 1 1 1 1 0
0 0 0 1 1 0 0 1 1 0
0 0 0 1 1 0 0 1 1 0
0 1 0 1 1 1 1 1 1 0
0 1 0 1 1 1 0 1 1 0
0 1 0 1 1 1 0 1 1 0
0 1 1 1 1 1 1 1 1 1
0 1 0 1 1 1 1 1 1 0
0 1 1 1 1 1 1 1 2 1
Maze 156
91 64 3.2400000000 2.0703751042 41 0.386579538259765
62 95 54 70 22 54 62 73 31 54 12 30 90 29 74 62
92 94 64 62 52 52 72 71 51 52 22 400 89 24 72
401 401 401 401 401 402 401 401 401 401 401 400 401 402 401
0 0 0 0 0 0 0 0 0 0
0 1 0 0 0 0 0 0 0 0
0 1 1 1 1 1 1 1 1 1
1 1 0 1 0 0 0 0 1 1
1 1 0 1 0 0 0 0 1 1
1 1 1 1 0 0 0 0 1 1
1 2 1 1 1 1 1 1 1 1
1 1 1 1 0 0 0 0 1 1
0 1 0 1 0 0 0 0 1 1
0 1 1 1 1 0 0 0 0 0
Maze 157
83 117 2.9795918367 2.1209434717 26 0.379146556475512
52 12 13 9 22 69 20 18 44 32 54 53 83 7 49 52
400 400 3 2 62 19 400 14 42 52 400 400 3 47 42
400 400 402 402 401 402 400 402 401 401 400 400 402 401 402
0 1 1 1 1 1 1 1 1 0
0 1 1 1 1 1 1 1 1 1
0 1 1 1 0 0 1 0 1 0
0 1 1 1 0 0 1 0 1 0
0 1 1 1 1 1 1 1 1 0
0 2 1 1 0 0 0 0 1 0
0 1 1 1 1 1 1 1 1 0
0 0 1 0 0 0 0 0 0 0
0 0 1 0 0 0 0 0 0 0
0 0 0 0 0 0 0 0 0 0
Maze 158
89 118 2.9152542373 2.3548100475 50 0.371480573931733
12 38 99 74 46 18 77 67 33 36 3 21 23 44 90 12
32 98 94 44 16 17 400 63 400 33 1 400 43 84 82
401 401 401 402 402 402 400 401 400 401 402 400 401 401 401
1 1 1 0 0 0 0 0 0 0
1 2 1 0 0 1 1 1 0 0
1 1 1 0 0 1 1 0 0 0
0 1 1 1 1 1 1 1 0 0
0 1 1 1 1 1 1 1 0 0
0 1 1 1 0 0 1 1 0 0
0 1 1 1 1 1 1 1 0 0
0 1 0 1 0 0 1 1 0 0
0 1 1 1 1 1 1 1 1 1
0 0 0 1 1 1 1 1 1 0
Maze 159
121 37 3.3877551020 1.7518110937 125 0.374544550845330
92 10 22 56 88 37 10 71 26 62 1 56 35 6 2 92
2 2 52 86 87 7 1 21 22 61 51 55 5 400 400
402 402 401 401 401 402 402 402 402 401 401 401 402 400 400
1 1 1 1 1 1 1 1 1 1
1 1 0 0 1 0 1 0 0 0
1 1 1 1 1 1 1 0 0 0
1 1 0 0 1 0 1 0 0 0
1 1 0 0 1 0 1 0 0 0
1 1 1 1 1 1 1 0 0 0
1 1 0 0 0 1 1 0 0 0
1 1 0 0 0 1 1 0 0 0
0 1 0 0 0 1 1 1 0 0
0 2 0 0 0 0 0 0 0 0
Maze 160
111 240 3.2727272727 1.9619862938 105 0.381789309571607
84 98 45 11 56 7 3 37 94 30 82 58 29 27 30 84
94 95 41 51 6 400 33 34 24 22 52 28 400 400 24
401 401 401 401 402 400 401 402 402 402 402 402 400 400 402
0 0 1 1 1 1 1 0 0 0
1 0 1 0 0 1 0 0 0 0
1 1 1 1 1 1 1 1 1 1
1 1 1 1 1 1 1 1 0 0
1 1 1 1 1 1 0 1 0 0
1 1 1 1 1 1 1 1 0 0
0 1 0 1 1 0 0 0 0 0
0 1 0 1 1 0 0 0 0 0
0 1 0 2 1 0 0 0 0 0
0 0 0 1 1 1 1 1 0 0
Maze 161
85 534 2.9803921569 2.1418479094 50 0.396112879768360
2 34 14 79 68 31 44 21 35 69 17 5 35 86 18 2
32 400 74 78 61 41 41 31 65 67 15 400 85 16 12
401 400 401 401 401 401 401 401 401 401 401 400 401 402 401
0 2 0 0 1 0 0 0 0 0
0 1 1 1 1 1 1 1 0 0
1 1 0 1 1 1 1 0 0 0
1 1 1 1 1 1 1 0 0 0
1 1 1 1 1 1 1 0 0 0
1 0 0 1 1 1 1 0 0 0
1 1 1 1 1 1 1 1 1 0
0 0 0 1 1 1 1 1 1 0
0 0 0 0 1 1 0 0 0 0
0 0 0 0 0 0 0 0 0 0
Maze 162
99 790 3.2941176471 2.0297752770 71 0.402807747993288
65 32 28 37 53 66 54 97 52 14 56 50 92 92 20 65
62 22 27 33 63 64 94 92 12 54 46 42 400 12 15
401 402 402 402 401 401 401 401 402 401 402 402 400 402 402
0 0 0 0 0 0 0 0 0 0
0 1 1 1 1 1 1 1 1 1
0 1 1 1 1 1 1 1 0 0
0 1 1 1 1 1 1 0 0 0
0 1 1 1 1 1 1 1 1 1
0 1 1 1 1 1 0 0 0 0
0 1 1 1 2 1 0 0 0 0
0 1 0 1 0 0 0 0 0 0
0 1 0 1 0 0 0 0 0 0
0 1 1 1 1 1 1 0 0 0
Maze 163
117 119 3.5185185185 1.9835142096 141 0.396196296027035
88 98 49 71 42 16 38 36 90 11 18 85 18 52 20 88
400 48 41 41 12 36 400 86 81 400 15 15 12 12 18
400 402 402 402 402 401 400 401 401 400 402 402 402 402 402
0 0 0 0 0 0 0 0 0 0
1 1 1 1 1 1 1 1 1 1
1 1 0 0 1 1 0 1 0 0
1 1 0 0 1 1 1 1 0 0
1 1 1 1 1 1 1 1 1 0
1 1 0 0 1 1 0 1 0 0
1 0 0 0 1 1 0 1 0 0
1 0 0 0 1 1 0 1 0 0
1 1 1 1 1 1 1 2 1 1
0 0 0 0 0 0 0 1 0 0
Maze 164
123 148 3.6721311475 2.1157777844 113 0.377925235092912
75 9 35 80 38 30 83 74 25 81 19 81 59 52 34 75
5 5 75 78 28 23 73 24 21 11 11 51 400 32 74
402 402 401 401 402 402 402 402 402 402 402 402 400 402 401
0 0 0 0 1 1 1 1 1 0
1 1 1 1 1 1 1 1 1 0
1 1 1 1 1 1 1 1 1 1
1 1 1 1 1 0 0 1 0 0
1 1 1 1 1 0 0 1 0 0
1 1 1 1 1 1 1 1 1 0
1 0 1 1 1 0 0 1 0 0
1 0 1 1 2 1 1 1 1 1
1 0 1 0 0 0 0 0 0 0
0 0 0 0 0 0 0 0 0 0
Maze 165
79 17 3.0212765957 2.1341817712 17 0.391409513763289
84 99 53 62 46 66 25 86 100 100 34 23 10 36 84 84
94 93 52 42 400 65 85 96 400 94 33 3 6 34 400
401 401 402 402 400 401 401 401 400 401 401 402 402 402 400
0 0 1 1 1 1 1 1 1 1
0 0 1 0 0 1 0 0 0 0
0 0 1 0 1 1 0 0 0 0
0 0 1 1 1 1 0 0 0 0
0 1 1 1 1 1 0 0 0 0
0 1 1 1 1 1 0 0 0 0
0 1 1 1 1 1 0 0 0 0
0 0 1 1 1 0 0 0 0 0
0 0 1 2 1 1 0 0 0 0
0 0 1 1 1 1 1 1 1 1
Maze 166
103 585 3.3725490196 1.9914024701 71 0.399669625501307
14 42 16 55 39 61 5 64 60 8 4 66 30 35 30 14
12 12 15 35 31 1 4 54 58 400 64 26 25 25 24
402 402 402 402 402 402 402 402 401 400 401 402 402 402 401
1 1 1 1 1 1 1 1 0 0
1 1 1 2 1 1 0 1 0 0
1 1 0 1 1 1 1 1 1 1
1 1 1 1 1 1 1 1 1 0
1 1 0 1 1 1 0 1 0 0
1 0 0 1 1 1 1 1 1 1
1 0 0 1 1 1 0 0 0 0
0 0 0 0 0 0 0 0 0 0
0 0 0 0 0 0 0 0 0 0
0 0 0 0 0 0 0 0 0 0
Maze 167
85 69 3.2765957447 2.2810033881 56 0.390540943515331
3 31 64 75 58 12 81 63 71 74 39 4 23 55 68 3
1 61 74 55 52 11 61 61 400 34 34 3 53 65 63
402 401 401 402 401 402 402 402 400 402 401 402 401 401 401
1 1 2 1 0 0 0 0 0 0
1 1 1 1 0 0 0 0 0 0
1 1 1 1 0 0 0 0 0 0
1 1 1 1 1 1 1 1 1 0
1 1 1 1 0 0 0 0 0 0
1 1 1 1 1 1 1 1 0 0
1 1 1 1 1 1 1 1 0 0
1 1 1 1 1 0 0 0 0 0
1 0 0 0 0 0 0 0 0 0
0 0 0 0 0 0 0 0 0 0
Maze 168
91 109 2.9824561404 2.2327820968 39 0.379342881474847
39 79 83 72 14 9 28 40 63 20 6 4 75 97 92 39
400 73 82 12 4 8 38 33 13 16 400 74 95 400 32
400 402 401 402 402 402 401 402 402 401 400 401 401 400 402
0 0 0 1 1 1 1 1 1 0
0 1 1 1 1 1 1 1 1 1
0 1 1 1 0 0 0 1 0 0
0 1 1 1 1 1 1 1 2 1
0 1 1 1 0 0 0 0 1 0
0 1 1 1 0 0 0 0 1 0
0 1 1 1 0 0 0 0 1 0
0 1 1 1 1 1 1 1 1 0
0 1 1 0 1 0 0 0 0 0
0 1 1 1 1 1 1 0 0 0
Maze 169
85 399 2.9473684211 2.3647941614 41 0.377450404357296
67 68 9 50 57 66 18 97 23 51 76 81 39 35 67 67
400 8 49 47 56 16 17 93 21 71 71 31 400 65 400
400 402 401 402 402 402 402 401 402 401 402 402 400 401 400
0 0 0 0 0 0 0 1 1 0
0 0 0 0 0 1 1 1 1 0
1 1 1 0 0 1 1 1 1 0
1 1 1 1 1 1 1 1 1 0
1 0 1 0 1 1 1 1 1 1
1 0 1 0 1 1 1 1 0 0
1 0 1 0 1 1 2 1 0 0
1 1 1 1 1 1 1 0 0 0
1 0 1 0 0 0 1 0 0 0
0 0 1 1 1 1 1 0 0 0
Maze 170
73 21 3.2195121951 2.0160795621 20 0.380471715090350
78 8 47 85 47 37 36 34 40 31 45 84 85 9 19 78
400 7 45 45 400 400 400 400 400 41 44 400 5 400 18
400 402 402 402 400 400 400 400 400 401 402 400 402 400 402
0 0 0 0 1 1 1 1 1 0
0 0 0 0 1 0 1 1 1 0
0 0 0 0 1 0 1 1 0 0
1 1 1 1 1 1 1 1 1 1
1 1 1 1 1 1 1 1 0 0
0 0 0 1 1 0 0 1 0 0
0 0 0 1 1 0 0 1 0 0
0 0 0 1 1 0 0 2 0 0
0 0 0 1 1 0 0 0 0 0
0 0 0 0 0 0 0 0 0 0
Maze 171
95 32 3.1034482759 2.2825725269 60 0.393373576043656
31 18 12 33 24 93 52 8 5 99 74 61 91 78 21 31
11 400 32 23 23 92 2 400 95 94 71 400 71 71 400
402 400 401 402 402 401 402 400 401 401 401 400 402 401 400
0 1 1 1 1 1 1 1 0 0
1 1 1 1 1 1 1 1 0 0
1 1 1 1 1 0 0 0 0 0
2 1 1 0 1 0 0 0 0 0
1 1 1 0 1 0 0 0 0 0
1 1 1 0 1 0 0 0 0 0
1 1 1 0 1 0 0 0 0 0
1 1 1 1 1 1 1 1 0 0
1 1 1 1 1 0 0 0 0 0
1 1 1 1 1 1 1 1 1 0
Maze 172
119 369 2.9714285714 2.2297670445 118 0.378244354498269
29 69 86 38 76 8 72 57 69 8 100 16 41 98 64 29
400 66 36 36 6 2 52 67 68 98 96 11 91 94 24
400 402 402 402 402 402 402 401 401 401 401 402 401 401 402
0 1 1 1 1 1 1 1 0 0
1 1 1 1 1 1 0 1 0 0
1 1 0 1 1 1 1 1 2 0
1 1 0 1 0 1 1 1 1 0
1 1 0 1 0 1 0 1 1 0
1 1 1 1 1 1 1 1 1 0
1 1 0 1 0 1 1 1 1 0
1 1 0 1 0 1 0 1 0 0
1 0 0 1 0 1 0 1 0 0
1 1 1 1 1 1 1 1 1 1
Maze 173
77 149 3.4090909091 2.1525783848 35 0.392080896444250
59 29 88 46 62 44 80 83 64 49 28 26 96 73 75 59
400 28 86 42 42 74 73 63 44 48 400 400 93 400 55
400 402 401 402 402 401 402 402 402 401 400 400 401 400 402
0 0 0 0 0 0 0 0 0 0
0 0 0 0 0 0 0 0 0 0
0 0 0 0 0 1 1 1 1 0
0 0 0 0 0 1 0 1 1 0
0 1 1 1 1 1 1 1 1 0
0 1 0 1 1 1 1 1 2 0
0 1 1 1 1 1 0 1 0 0
0 0 1 1 1 1 1 1 1 1
0 0 1 0 0 1 1 1 0 0
0 0 1 1 1 1 0 0 0 0
Maze 174
79 12 2.9259259259 2.2354601107 26 0.352678085589086
48 76 60 37 18 62 5 31 61 80 83 44 68 58 58 48
46 56 57 17 12 2 1 400 71 73 43 64 400 400 400
402 402 401 402 402 402 402 400 401 402 402 401 400 400 400
1 1 1 1 1 0 0 0 0 0
1 1 1 1 1 1 1 1 0 0
1 1 0 0 0 0 1 0 0 0
1 1 0 0 0 0 1 0 0 0
1 1 1 1 0 1 1 2 0 0
1 1 1 1 0 1 1 1 1 1
1 1 1 1 1 1 1 1 0 0
1 1 1 1 1 1 1 1 1 1
0 0 1 0 0 0 0 0 0 0
0 0 0 0 0 0 0 0 0 0
Maze 175
77 18 2.8571428571 2.2198464594 30 0.394434052444511
17 11 16 100 100 95 74 40 60 39 96 77 90 60 89 17
400 400 96 400 400 94 34 400 59 36 76 87 400 59 87
400 400 401 400 400 401 402 400 401 402 402 401 400 402 401
0 0 0 0 0 0 0 0 0 0
1 1 1 1 1 1 2 0 0 0
0 0 0 0 0 1 1 0 0 0
0 0 0 1 1 1 1 1 1 1
0 0 0 1 0 1 1 0 1 1
0 0 0 1 0 1 1 0 1 1
0 0 0 1 0 1 1 0 1 1
0 0 0 1 0 1 1 0 1 1
0 0 0 1 0 1 1 1 1 1
0 0 0 1 1 1 1 1 1 1
Maze 176
105 232 3.1071428571 2.1154937302 86 0.387282089268456
61 42 40 71 34 19 28 74 75 31 97 25 73 34 5 61
41 32 31 31 14 18 24 400 71 91 95 23 33 4 1
402 402 402 402 402 402 402 400 401 401 401 402 402 402 402
1 1 1 1 1 0 0 0 0 0
1 0 0 1 1 1 1 1 1 0
1 0 1 1 1 1 1 1 0 0
1 1 1 1 1 1 1 1 1 1
1 1 1 1 1 0 0 0 0 0
1 0 1 1 1 0 0 0 0 0
2 0 1 1 1 0 0 0 0 0
1 1 1 1 1 0 0 0 0 0
1 0 0 0 1 0 0 0 0 0
1 1 1 1 1 1 1 0 0 0
Maze 177
109 567 2.6944444444 2.2717751096 92 0.395487747683002
30 40 73 72 92 7 99 71 4 16 75 54 22 87 51 30
400 33 400 400 2 97 91 1 14 15 74 52 82 81 21
400 402 400 400 402 401 401 402 401 402 401 401 401 401 402
1 1 1 1 1 1 1 0 0 0
1 1 0 1 1 1 1 0 0 0
1 1 1 1 1 1 1 1 1 2
1 1 1 1 1 1 1 1 1 1
1 1 1 0 1 0 1 0 0 0
1 1 1 1 1 0 1 0 0 0
1 1 1 1 1 0 1 0 0 0
1 1 1 1 1 0 1 0 0 0
1 1 1 1 1 1 1 0 0 0
1 1 1 1 1 1 1 1 1 0
Maze 178
97 1472 3.2068965517 2.2000583642 84 0.366275014255985
79 35 37 28 21 76 99 10 56 73 21 36 48 84 25 79
75 400 27 400 71 96 9 6 53 71 31 46 44 24 75
401 400 402 400 401 401 402 402 402 401 401 401 402 402 401
0 0 0 0 0 1 1 1 1 1
0 0 0 0 0 1 0 0 1 0
1 1 1 1 1 1 1 1 1 0
1 1 1 1 1 1 1 0 1 0
1 0 0 1 1 1 1 1 1 0
1 0 1 1 1 1 0 0 1 0
1 0 1 1 1 0 0 0 1 0
1 1 1 1 1 1 1 1 2 0
0 0 0 1 0 1 0 0 1 0
0 0 0 0 0 1 1 1 1 0
Maze 179
91 182 3.0000000000 2.1740246732 50 0.363834966287548
73 56 77 54 3 49 9 22 75 16 4 58 55 13 86 73
53 76 74 53 43 400 2 72 15 14 54 400 53 83 83
402 401 401 401 401 400 402 401 402 401 401 400 401 401 401
0 1 1 1 1 1 1 1 1 0
0 1 1 1 1 1 0 0 1 0
0 1 1 1 1 0 0 0 1 0
0 1 1 1 1 0 0 0 1 0
0 1 1 1 1 1 1 1 1 0
0 1 1 1 1 1 1 1 0 0
0 1 1 1 1 1 0 0 0 0
0 1 2 1 1 1 1 0 0 0
0 0 1 1 1 1 0 0 0 0
0 0 0 0 0 0 0 0 0 0
Maze 180
113 34 2.8055555556 2.2284583236 90 0.395261209956885
92 9 31 100 78 77 70 39 53 37 85 28 100 40 93 92
2 1 91 98 400 67 69 33 33 35 25 98 400 33 400
402 402 401 401 400 402 401 402 402 402 402 401 400 402 400
1 1 1 1 1 1 1 1 1 0
1 1 0 0 0 0 0 0 0 0
1 1 0 0 1 1 1 1 0 0
1 1 1 1 1 1 1 1 1 1
1 1 1 0 1 0 0 1 1 1
1 1 1 0 1 0 0 1 1 1
1 1 1 0 1 0 1 1 1 1
1 1 1 0 1 0 1 1 0 1
1 1 1 0 1 0 0 1 0 1
1 2 1 1 1 1 1 1 1 1
Maze 181
99 161 3.3214285714 2.2759322444 84 0.396068909185363
76 65 22 81 24 47 67 44 86 13 82 13 95 6 38 76
75 62 21 21 44 400 64 84 83 12 12 93 5 36 36
401 401 402 402 401 400 401 401 401 402 402 401 402 401 402
0 0 0 0 1 1 0 0 0 0
0 1 1 0 1 1 0 0 0 0
1 1 1 1 1 1 0 0 0 0
1 1 1 1 1 1 1 1 0 0
1 1 1 1 1 1 1 0 0 0
1 1 1 1 1 1 1 0 0 0
1 1 1 1 1 1 1 0 0 0
1 1 1 1 1 2 0 0 0 0
1 1 1 1 1 1 0 0 0 0
0 0 1 1 1 0 0 0 0 0
Maze 182
93 1751 3.1578947368 2.3071810962 39 0.381073119752856
95 44 76 50 13 72 96 58 26 31 16 67 98 17 95 95
94 74 46 43 12 92 56 56 21 11 66 97 97 15 400
401 401 402 401 402 401 402 401 402 402 401 401 401 402 400
0 0 0 0 0 0 0 0 0 0
1 1 1 1 1 1 1 0 0 0
1 1 1 1 1 1 1 0 0 0
1 1 1 0 1 1 1 0 0 0
0 1 1 1 1 1 1 1 1 1
0 1 0 1 1 1 1 1 0 0
0 1 0 1 1 1 1 0 0 0
0 1 0 1 1 1 1 0 0 0
0 1 0 1 1 1 1 0 0 0
0 1 1 1 2 1 1 1 0 0
Maze 183
101 43 3.1147540984 2.3612797035 46 0.380141664321306
43 41 16 55 74 89 11 7 51 46 44 16 79 85 100 43
400 11 15 54 84 81 1 1 41 400 14 76 75 95 93
400 402 402 402 401 401 402 402 402 400 402 401 402 401 401
1 1 1 1 1 1 1 0 0 0
1 1 1 1 1 1 0 0 0 0
1 0 0 1 1 1 0 0 0 0
1 0 0 1 1 1 0 0 0 0
1 1 2 1 1 1 0 0 0 0
1 0 1 1 1 1 0 0 0 0
1 0 1 1 0 1 0 0 0 0
1 0 1 1 1 1 1 1 1 0
1 1 1 1 1 1 1 1 1 0
0 0 1 1 1 1 1 1 1 1
Maze 184
99 21 3.1111111111 2.0137286468 84 0.393103064789674
57 32 80 26 41 83 60 96 36 9 9 56 22 6 38 57
52 72 76 21 81 53 56 400 6 400 6 52 2 36 37
401 401 401 402 401 402 402 400 402 400 402 401 402 401 402
0 1 1 1 1 1 1 1 1 0
0 1 0 0 0 1 0 0 0 0
1 1 1 1 1 1 0 0 0 0
1 1 0 0 0 1 1 1 0 0
1 1 0 0 0 1 1 0 0 0
1 1 1 1 1 1 2 1 1 1
1 1 1 0 0 1 0 0 0 0
1 1 1 1 1 1 1 1 1 1
1 1 1 0 0 1 0 0 0 0
0 0 0 0 0 1 0 0 0 0
Maze 185
81 11 2.7500000000 2.0942448231 21 0.403624047881222
39 52 24 92 61 52 17 55 87 46 44 49 34 86 49 39
32 22 22 91 51 12 15 85 86 400 400 44 84 46 400
402 402 402 401 402 402 402 401 401 400 400 401 401 402 400
0 0 0 0 0 0 0 0 0 0
0 1 1 1 1 1 1 0 0 0
0 1 1 1 1 0 0 0 0 0
0 1 1 1 1 1 1 1 2 0
0 1 0 1 1 1 1 1 1 0
1 1 0 1 1 1 0 0 0 0
1 1 0 1 1 1 0 0 0 0
1 1 0 1 1 1 0 0 0 0
1 1 0 1 1 1 1 0 0 0
1 1 0 0 0 0 0 0 0 0
Maze 186
87 77 2.9615384615 2.1223199761 44 0.370407510300386
18 24 25 90 69 50 66 100 17 53 47 21 15 45 3 18
14 400 85 89 49 46 96 97 13 43 41 11 400 43 13
402 400 401 401 402 402 401 401 402 402 401 402 400 401 401
0 0 1 0 0 0 0 0 0 0
1 1 1 1 1 1 1 2 0 0
1 0 1 1 1 0 1 0 0 0
1 0 1 0 1 0 1 0 0 0
1 1 1 1 1 1 1 1 1 1
0 0 1 0 1 1 1 0 1 0
0 0 0 0 1 1 1 0 1 0
0 0 0 0 1 1 1 0 1 0
0 0 0 0 1 1 1 1 1 1
0 0 0 0 0 1 1 1 1 1
Maze 187
77 8 2.5098039216 2.1417088642 30 0.349937768847662
95 87 85 77 15 8 88 13 11 93 92 52 94 53 51 95
85 400 75 75 5 400 83 400 91 400 400 92 93 400 91
402 400 402 401 402 400 401 400 401 400 400 401 401 400 401
0 0 0 0 1 1 1 1 0 0
1 1 1 0 1 0 0 1 0 0
1 0 1 0 1 0 0 1 0 0
1 0 1 0 1 0 0 1 0 0
1 0 1 0 1 0 0 1 0 0
1 1 1 0 1 0 0 1 0 0
1 1 1 0 1 0 0 1 0 0
1 1 1 0 1 1 1 1 0 0
1 1 1 1 1 1 1 1 0 0
1 1 1 1 2 0 0 0 0 0
Maze 188
111 106 3.7872340426 1.9316344280 98 0.391859931062072
65 61 9 93 5 74 26 30 2 14 53 48 84 75 13 65
400 1 3 3 4 24 400 22 12 13 43 44 74 73 63
400 402 402 402 402 402 400 401 401 402 402 402 402 401 401
1 1 1 1 1 1 1 1 1 0
1 1 1 1 0 0 0 0 0 0
1 1 1 1 1 1 1 1 1 1
1 0 1 1 0 0 0 0 0 0
1 0 1 1 1 1 1 1 0 0
1 0 1 1 0 0 0 0 0 0
1 1 1 1 2 0 0 0 0 0
0 0 1 1 1 0 0 0 0 0
0 0 1 1 0 0 0 0 0 0
0 0 1 0 0 0 0 0 0 0
Maze 189
71 6 3.0000000000 1.9245991074 10 0.415446048421134
18 28 17 43 65 81 96 53 63 87 43 85 62 15 14 18
400 27 13 63 61 91 93 400 83 83 83 82 12 400 400
400 401 402 401 402 401 401 400 401 401 401 401 402 400 400
0 0 0 0 0 0 0 0 0 0
0 1 1 1 1 1 1 2 0 0
0 1 1 0 0 0 1 1 0 0
0 1 1 0 0 0 0 0 0 0
0 1 1 0 0 0 0 0 0 0
0 1 1 0 0 0 0 0 0 0
1 1 1 1 1 0 0 0 0 0
1 1 1 0 0 0 0 0 0 0
1 1 1 1 1 1 1 0 0 0
1 1 1 1 1 1 0 0 0 0
Maze 190
63 78 2.8717948718 2.0147556643 7 0.386312262945583
59 29 18 39 22 17 58 34 62 53 58 79 59 27 55 59
400 28 38 32 12 57 54 32 52 400 78 400 57 25 400
400 401 401 401 402 401 401 402 402 400 401 400 401 402 400
0 0 0 0 0 0 0 0 0 0
0 1 1 1 1 1 1 1 0 0
0 1 0 0 1 1 1 1 1 0
0 1 1 1 1 1 1 1 1 0
0 1 0 1 1 0 1 0 1 0
0 1 1 1 1 1 1 1 2 0
0 1 0 0 0 0 0 1 1 0
0 0 0 0 0 0 0 1 1 0
0 0 0 0 0 0 0 0 0 0
0 0 0 0 0 0 0 0 0 0
Maze 191
99 255 3.0847457627 2.2670071213 60 0.384031660442113
67 10 46 19 71 76 43 82 32 25 44 68 48 30 1 67
7 6 16 11 400 73 42 400 22 24 64 400 28 21 61
402 402 402 402 400 401 402 400 402 402 401 400 402 401 401
1 0 0 0 0 1 1 1 1 1
1 1 1 1 1 1 1 1 1 0
1 1 1 1 1 1 1 1 1 1
1 1 0 1 0 1 1 1 0 0
1 1 1 1 0 1 1 1 0 0
1 1 1 1 0 0 1 1 0 0
1 1 1 1 1 1 2 1 0 0
1 1 1 1 1 1 0 0 0 0
0 1 0 0 0 0 0 0 0 0
0 0 0 0 0 0 0 0 0 0
Maze 192
73 21 3.3333333333 2.2428549213 11 0.366143782757970
98 89 61 52 12 33 27 33 40 28 54 51 85 25 85 98
88 81 51 400 32 23 23 400 38 24 400 81 400 400 95
402 401 402 400 401 402 402 400 401 402 400 401 400 400 401
0 0 0 0 0 0 0 0 0 0
0 1 0 0 0 0 0 0 0 0
0 1 1 1 1 1 1 1 0 0
0 1 1 1 1 1 1 1 1 1
0 1 0 1 1 0 0 0 0 0
1 1 1 1 1 0 0 0 0 0
1 0 0 0 1 0 0 0 0 0
1 0 0 0 1 0 0 0 0 0
1 1 1 1 1 1 1 1 1 0
0 0 0 0 1 1 1 2 0 0
Maze 193
101 186 3.3076923077 2.0238695693 84 0.398366706982398
24 8 96 65 32 7 55 78 16 70 88 43 64 14 86 24
4 6 95 62 2 5 75 76 66 68 83 63 400 84 84
402 402 401 401 402 402 401 401 401 402 401 401 400 401 401
0 1 1 1 1 1 1 1 0 0
0 1 0 1 1 1 0 0 0 0
0 1 0 2 1 1 0 0 0 0
0 1 0 1 1 1 0 0 0 0
0 1 1 1 1 1 0 0 0 0
0 1 1 1 1 1 0 0 0 0
0 1 1 1 1 1 1 1 1 1
0 0 1 1 1 1 1 1 0 0
0 0 1 1 1 1 1 1 0 0
0 0 0 0 1 1 0 0 0 0
Maze 194
81 589 3.4222222222 2.1566368500 30 0.390816024474084
57 44 73 92 92 13 43 36 61 70 35 66 85 1 45 57
54 43 72 400 12 400 33 31 400 65 65 65 81 41 55
401 402 402 400 402 400 402 402 400 401 401 402 401 401 401
1 0 0 0 0 0 0 0 0 0
1 1 1 0 0 0 0 0 0 0
1 1 1 0 0 0 0 0 0 0
1 1 1 1 1 1 0 0 0 0
1 1 1 1 1 0 0 0 0 0
1 1 1 1 1 1 2 0 0 0
1 1 1 1 1 1 1 1 1 1
1 1 1 0 1 0 0 0 0 0
1 1 1 1 1 0 0 0 0 0
0 1 0 0 0 0 0 0 0 0
Maze 195
83 211 2.8928571429 2.3233028506 30 0.368217584749176
59 22 30 26 45 76 26 39 14 31 21 83 16 76 97 59
52 400 400 25 75 400 36 34 11 400 81 13 400 96 57
401 400 400 402 401 400 401 401 402 400 401 402 400 401 402
0 0 0 0 0 0 0 0 0 0
1 1 1 1 1 1 0 0 0 0
1 1 1 1 1 1 1 1 1 1
1 1 1 1 1 1 1 1 1 0
1 1 1 0 1 1 0 0 0 0
1 1 1 1 1 1 1 1 2 0
1 0 1 0 1 1 1 0 0 0
1 0 1 0 1 1 1 0 0 0
1 1 1 0 0 1 1 0 0 0
0 0 0 0 0 1 1 0 0 0
Maze 196
97 243 3.4400000000 2.0374367799 71 0.377873742980464
68 66 14 63 96 45 77 94 74 92 30 73 45 75 21 68
400 64 13 93 95 75 74 400 72 22 23 43 400 71 61
400 401 402 401 401 401 402 400 402 402 402 402 400 401 401
0 0 0 0 0 0 0 0 0 0
0 0 1 1 0 0 0 0 0 0
1 1 1 1 1 1 1 1 1 1
1 1 1 1 0 0 0 0 0 0
1 1 1 1 1 0 0 0 0 0
1 1 1 1 1 0 0 0 0 0
1 1 1 1 1 1 1 2 0 0
1 1 1 1 1 1 1 0 0 0
0 1 1 1 1 0 0 0 0 0
0 1 1 1 1 1 0 0 0 0
Maze 197
105 114 3.0333333333 2.1375756366 68 0.368079565318786
91 95 88 30 11 89 23 7 7 92 83 33 59 77 58 91
400 85 28 21 81 83 3 400 2 82 400 53 57 57 51
400 402 402 401 401 401 402 400 402 402 400 401 402 402 402
0 1 1 1 1 1 1 0 0 0
1 1 1 0 0 0 0 0 0 0
1 1 1 1 1 1 1 1 1 1
1 1 1 0 0 0 0 1 0 0
1 1 1 0 0 0 0 1 0 0
1 1 1 1 1 1 1 1 1 0
1 1 1 0 0 0 1 1 0 0
1 1 1 0 0 0 1 1 0 0
1 1 1 1 1 1 1 1 1 0
2 1 1 1 1 0 0 0 0 0
Maze 198
81 10 2.7083333333 2.0151873563 35 0.394792381494347
11 11 27 23 26 84 95 19 84 96 59 48 45 10 14 11
400 21 400 400 24 94 15 14 94 56 58 400 5 4 400
400 401 400 400 402 401 402 402 401 402 401 400 402 402 400
0 0 0 1 1 1 1 1 1 1
2 1 1 1 1 1 1 1 1 0
1 1 1 1 1 1 1 0 0 0
0 0 0 1 1 0 0 0 0 0
0 0 0 1 1 1 1 1 0 0
0 0 0 1 1 1 1 1 1 0
0 0 0 1 1 1 0 0 0 0
0 0 0 1 1 1 0 0 0 0
0 0 0 1 1 1 0 0 0 0
0 0 0 1 1 1 0 0 0 0
Maze 199
99 87 3.0800000000 1.9298232865 70 0.380719214201596
91 69 97 22 74 37 83 64 38 49 24 82 86 22 52 91
61 67 92 72 34 33 63 34 48 44 22 400 82 400 51
402 402 401 401 402 402 402 402 401 401 402 400 401 400 402
0 0 0 0 0 0 0 0 0 0
0 0 0 0 0 0 0 0 0 0
0 1 1 1 0 0 0 0 0 0
0 1 1 1 1 1 1 1 0 0
0 1 1 1 1 1 1 1 1 0
1 1 1 1 0 0 0 0 0 0
1 1 1 1 1 1 1 1 1 0
1 1 1 1 0 0 1 0 0 0
1 1 1 1 1 1 1 0 0 0
2 1 1 1 1 1 1 0 0 0
Maze 200
121 1334 3.1111111111 2.0004090784 118 0.399196588027558
3 85 40 79 51 34 86 23 88 10 79 79 92 59 72 3
83 35 39 71 31 84 83 83 8 9 400 72 52 52 2
401 402 402 401 402 401 401 401 402 402 400 402 402 402 402
0 1 2 0 0 0 0 1 1 1
0 1 1 0 0 0 0 1 1 0
0 1 1 0 0 0 0 1 1 0
1 1 1 1 1 1 1 1 1 1
1 1 1 1 1 0 0 1 1 0
1 1 1 1 1 1 1 1 1 0
1 1 1 1 1 0 0 1 1 0
1 1 1 1 1 1 1 1 1 0
0 1 1 1 1 1 1 1 0 0
0 1 0 0 0 0 0 0 0 0
