numMazes: 200
mazeSize: 10
Maze 1
105 32 3.5294117647 2.1035508285 80 0.400210595700708
47 31 8 81 35 77 61 89 24 36 17 44 84 71 84 47
41 1 1 31 75 71 81 84 34 16 14 400 81 81 44
401 402 402 402 401 401 401 401 401 402 402 400 401 401 402
1 1 1 1 1 1 1 1 0 0
1 0 0 1 1 1 1 0 0 0
1 0 0 1 0 1 0 0 0 0
1 1 1 1 1 1 0 0 0 0
1 1 1 1 1 1 2 0 0 0
1 0 0 1 1 0 0 0 0 0
1 0 0 1 1 0 0 0 0 0
1 1 1 1 1 1 1 0 0 0
1 1 1 1 1 1 1 1 1 0
0 0 0 0 0 0 0 0 0 0
Maze 2
103 253 3.2881355932 2.2616503982 55 0.372958831537644
80 31 93 48 50 98 30 12 74 51 68 25 27 7 75 80
71 91 43 400 48 28 22 72 71 61 65 400 400 5 400
401 401 402 400 402 402 401 401 401 401 401 400 400 402 400
0 0 0 0 1 1 1 0 0 0
0 1 0 0 1 0 1 0 0 0
0 1 1 1 1 1 1 1 1 1
1 1 0 0 1 0 0 1 0 0
1 1 1 1 1 1 1 1 1 1
1 1 1 0 1 0 0 1 0 0
1 1 1 1 1 1 1 1 0 0
1 1 1 1 1 1 1 1 1 2
1 0 1 0 0 0 0 1 0 0
1 1 1 0 0 0 0 1 0 0
Maze 3
101 62 2.9230769231 2.2492104421 70 0.407040277311163
60 28 84 32 51 98 83 26 87 59 89 8 90 54 45 60
58 24 82 31 91 93 23 86 57 400 88 88 84 44 55
401 402 401 402 401 401 402 401 402 400 401 401 401 402 401
0 0 0 0 0 0 0 1 0 0
0 0 0 0 0 0 0 1 0 0
0 0 1 1 1 1 1 1 0 0
1 1 1 1 0 1 0 1 0 0
1 1 1 1 1 1 0 1 0 0
1 1 1 1 1 1 1 1 1 2
1 1 1 1 0 1 1 1 1 0
1 1 1 1 0 1 1 1 1 0
1 1 1 1 1 1 1 1 1 1
1 1 1 1 1 1 1 1 0 0
Maze 4
87 37 3.2307692308 2.2500000000 32 0.371652359639706
98 81 31 13 56 3 19 26 82 3 23 24 76 44 93 98
91 400 11 53 53 13 16 22 2 400 400 74 74 43 400
401 400 402 401 401 401 402 402 402 400 400 401 401 402 400
0 1 1 0 0 0 0 0 0 0
1 1 1 1 1 1 1 1 1 0
1 1 1 1 1 1 0 0 0 0
1 1 1 1 0 0 0 0 0 0
1 1 1 1 0 0 0 0 0 0
1 1 1 1 1 1 0 0 0 0
1 1 1 1 0 0 0 0 0 0
1 1 1 1 1 1 0 0 0 0
1 1 1 0 0 0 0 0 0 0
1 1 1 1 1 1 1 2 0 0
Maze 5
75 65 3.1363636364 2.0836749843 35 0.372178320182293
46 77 18 44 3 76 75 65 71 65 39 63 13 52 42 46
76 17 14 43 73 400 400 61 61 35 33 400 12 400 400
401 402 402 401 401 400 400 402 402 402 402 400 402 400 400
0 0 1 0 0 0 0 0 0 0
0 1 1 1 1 1 1 1 0 0
0 1 1 1 0 0 1 0 0 0
0 1 1 1 1 1 1 1 1 0
0 1 1 1 1 2 1 0 0 0
0 1 1 0 1 1 1 0 0 0
1 1 1 1 1 1 1 0 0 0
1 0 1 1 1 1 1 0 0 0
0 0 0 0 0 0 0 0 0 0
0 0 0 0 0 0 0 0 0 0
Maze 6
99 435 2.9062500000 2.2766398377 77 0.380501178406230
19 48 93 46 10 79 3 43 26 37 23 42 98 17 4 19
18 43 43 6 9 73 400 23 36 33 22 92 97 14 14
402 402 402 402 402 401 400 402 401 401 402 401 401 401 401
0 0 1 1 0 1 1 1 1 1
0 0 1 1 1 1 1 1 2 0
0 1 1 1 1 1 1 1 1 0
0 1 1 1 1 1 1 1 1 0
0 1 1 1 1 1 1 1 1 0
0 1 1 0 0 0 1 0 1 0
0 1 1 0 0 0 1 0 1 0
0 1 1 1 1 1 1 1 1 0
0 1 1 0 0 0 1 0 0 0
0 1 1 1 1 1 1 1 0 0
Maze 7
93 21 3.2500000000 2.2166146212 41 0.381302214111851
6 87 96 87 10 37 78 94 32 93 81 19 16 33 29 6
86 86 86 7 7 77 74 92 92 91 11 400 13 23 26
401 402 402 402 402 401 402 401 401 401 402 400 402 402 401
0 0 0 0 0 2 1 1 1 1
1 1 1 1 1 1 1 1 1 0
1 0 1 1 1 1 1 1 1 0
1 1 1 0 0 1 1 0 0 0
1 1 0 0 0 1 1 0 0 0
1 1 0 0 0 1 1 0 0 0
1 1 0 0 0 1 1 0 0 0
1 1 0 1 1 1 1 1 0 0
1 1 0 1 0 1 1 0 0 0
1 1 1 1 0 1 0 0 0 0
Maze 8
103 1532 3.4074074074 2.2190339383 55 0.388565177569534
98 95 64 11 67 88 85 22 80 11 96 65 6 36 66 98
400 94 61 61 87 400 82 72 71 91 95 5 400 400 96
400 401 401 401 401 400 401 401 401 401 401 402 400 400 401
0 0 0 0 1 1 0 0 0 0
1 0 0 0 1 1 0 0 0 0
1 1 0 0 1 1 0 0 0 0
1 1 0 0 1 1 0 0 0 0
1 1 0 0 1 1 0 0 0 0
1 1 0 0 1 1 0 0 0 0
1 1 1 1 1 1 1 0 0 0
1 1 1 1 1 1 1 1 1 1
1 1 1 1 1 1 1 1 0 0
1 1 1 1 1 1 1 2 0 0
Maze 9
93 61 3.0357142857 2.2046400587 56 0.363533946918245
88 56 59 68 2 52 84 96 79 40 31 91 46 45 1 88
86 400 58 62 400 82 94 76 39 400 400 41 400 41 81
401 400 402 401 400 401 401 402 402 400 400 402 400 401 401
1 1 0 0 0 0 0 0 0 0
1 1 0 0 0 0 0 0 0 0
1 1 0 0 0 0 0 0 0 0
1 1 1 1 1 1 1 1 1 1
1 1 1 1 1 1 0 0 1 0
1 1 0 0 0 1 1 1 1 0
1 1 1 1 1 1 1 1 1 0
1 1 0 0 0 1 1 1 1 0
1 1 1 1 1 1 1 2 0 0
1 0 0 1 1 1 0 0 0 0
Maze 10
109 234 3.7192982456 2.2598896973 97 0.385859227154450
35 1 79 62 39 16 46 14 70 71 82 87 53 94 29 35
31 71 72 32 36 400 44 64 61 81 400 83 93 24 25
401 401 401 402 401 400 401 401 402 401 400 401 401 402 402
1 0 0 0 0 0 0 0 0 0
1 0 0 1 0 1 0 0 0 0
1 0 0 1 1 1 1 1 1 0
1 1 1 1 2 1 1 1 1 0
1 1 0 1 1 1 0 0 0 0
1 1 1 1 0 0 0 0 0 0
1 1 1 1 1 1 1 1 1 1
1 1 1 1 1 1 1 1 1 0
1 1 1 1 1 1 1 0 0 0
0 0 1 1 0 0 0 0 0 0
Maze 11
99 97 3.1666666667 2.3427635271 60 0.361488919615080
95 48 100 7 48 23 6 12 10 29 51 22 66 17 56 95
45 98 97 47 43 3 2 2 9 21 21 62 16 16 55
402 401 401 401 401 402 402 402 402 402 402 401 402 402 402
0 1 1 1 1 1 1 1 1 1
0 1 1 0 0 1 1 0 1 0
1 1 1 1 1 1 1 1 1 0
1 1 1 0 0 1 1 0 0 0
1 1 1 1 1 1 1 1 0 0
1 1 0 0 1 1 1 1 0 0
0 1 1 1 1 1 1 1 0 0
0 0 0 0 1 0 1 1 0 0
0 0 0 0 1 0 1 1 0 0
0 0 0 0 2 0 1 1 1 1
Maze 12
107 28 3.1836734694 1.9072194178 81 0.404735877085906
40 57 91 32 89 21 79 78 87 94 76 68 74 87 11 40
37 51 31 82 81 71 400 77 84 74 66 64 84 81 31
402 402 402 401 401 401 400 402 402 402 402 402 401 401 401
0 0 0 0 0 0 0 0 0 0
1 0 0 0 0 0 0 0 0 0
1 0 0 0 0 0 0 0 0 0
1 1 1 1 1 1 1 1 1 2
1 1 0 0 0 0 1 0 0 0
1 1 1 1 1 1 1 0 0 0
1 1 0 1 1 1 1 1 0 0
1 1 1 1 1 1 1 1 1 0
1 1 1 1 1 1 1 1 1 0
1 0 0 1 0 0 0 0 0 0
Maze 13
83 157 3.4042553191 2.1882144605 35 0.377379196739213
29 76 83 83 51 65 20 25 53 46 68 75 24 88 16 29
26 73 400 81 61 15 15 23 43 66 65 74 84 86 26
402 402 400 401 401 402 402 402 402 401 402 401 401 401 401
0 0 0 0 0 0 0 0 0 0
0 0 0 0 1 1 1 1 1 1
0 0 1 1 1 1 1 1 2 0
0 0 1 1 1 1 0 0 0 0
0 0 1 1 1 1 0 0 0 0
1 0 1 1 1 1 0 0 0 0
1 1 1 1 1 1 1 1 0 0
1 0 1 1 1 1 0 0 0 0
1 1 1 1 1 1 1 1 0 0
0 0 0 0 0 0 0 0 0 0
Maze 14
113 781 3.2459016393 2.1442119026 97 0.395863606988984
77 51 30 50 82 69 85 4 99 72 79 69 35 41 69 77
71 21 400 42 62 65 84 94 92 400 400 65 31 61 67
401 402 400 402 402 402 401 401 401 400 400 401 402 401 402
0 0 0 1 0 0 0 0 0 0
0 0 0 1 0 0 0 0 0 0
1 1 1 1 1 1 1 1 1 1
1 1 1 1 1 0 0 0 0 1
1 1 1 1 1 1 1 1 1 1
1 1 0 1 1 0 0 0 0 0
1 1 1 1 1 1 1 1 1 0
1 1 1 1 1 1 2 1 1 0
0 1 0 1 1 0 0 0 0 0
0 1 1 1 1 1 1 1 1 0
Maze 15
109 159 3.4615384615 1.9811992235 77 0.388552054244165
87 74 42 28 44 19 1 83 51 36 84 20 42 3 45 87
84 72 22 24 14 11 81 81 31 34 14 12 2 43 85
401 401 402 402 402 401 401 401 402 402 402 402 402 401 401
1 1 1 0 0 0 0 0 0 0
1 1 1 1 1 1 1 1 1 1
1 1 1 1 1 1 1 1 0 0
1 1 1 1 1 1 0 0 0 0
1 1 1 1 1 0 0 0 0 0
1 1 0 1 1 0 0 0 0 0
1 1 0 1 1 0 0 0 0 0
1 1 1 1 1 0 0 0 0 0
1 1 1 1 1 1 2 0 0 0
0 0 0 0 0 0 0 0 0 0
Maze 16
107 925 3.2881355932 2.2397489900 81 0.383472499793715
7 81 35 70 47 84 20 45 9 60 55 32 21 42 74 7
1 31 65 67 44 14 15 5 59 400 52 31 41 72 4
402 402 401 401 402 402 402 402 401 400 401 401 401 401 402
1 1 1 1 1 1 2 1 1 0
1 0 0 1 1 1 1 1 1 1
1 0 0 1 1 0 0 0 1 0
1 1 1 1 1 0 0 0 1 0
1 1 0 1 1 1 1 0 1 0
1 1 1 1 1 1 1 1 1 1
1 1 0 1 1 1 1 1 1 1
1 1 1 1 0 0 0 0 0 0
1 0 0 1 0 0 0 0 0 0
0 0 0 0 0 0 0 0 0 0
Maze 17
135 1048 3.4375000000 2.0658256894 203 0.397419282281674
8 63 17 90 2 81 68 41 6 24 40 24 67 25 71 8
3 13 87 82 1 61 61 1 4 34 34 64 65 21 1
402 402 401 401 402 402 401 402 402 401 401 401 401 402 402
1 1 1 1 1 1 1 2 0 0
1 1 1 1 1 1 1 0 0 0
1 1 1 1 1 0 1 0 0 0
1 1 1 1 1 1 1 1 1 1
1 1 1 1 1 0 1 0 0 0
1 1 1 1 1 0 1 0 0 0
1 1 1 1 1 1 1 1 0 0
1 1 0 0 0 0 1 0 0 0
1 1 1 1 1 1 1 1 1 1
0 0 0 0 0 0 0 0 0 0
Maze 18
129 25 3.2592592593 1.8121352827 154 0.385795523178777
81 5 66 76 64 28 9 13 44 11 50 82 10 61 50 81
1 65 400 74 24 8 3 43 41 41 42 2 1 41 41
402 401 400 401 402 402 402 401 401 401 402 402 402 402 402
1 1 1 1 1 1 1 1 1 1
1 1 1 0 1 0 0 1 0 0
1 1 1 1 1 1 1 1 0 0
1 1 1 1 1 0 0 0 0 0
1 1 1 1 1 1 1 1 1 1
1 1 0 1 1 0 0 0 0 0
1 1 0 1 1 1 0 0 0 0
1 1 0 1 1 1 0 0 0 0
2 1 0 0 0 0 0 0 0 0
0 0 0 0 0 0 0 0 0 0
Maze 19
97 106 2.9629629630 2.0279931174 66 0.375297667390258
87 72 35 59 5 4 97 61 81 45 16 17 6 71 14 87
82 32 55 55 400 94 91 400 41 15 400 16 1 11 84
401 402 401 401 400 401 401 400 402 402 400 401 402 402 401
1 1 1 1 1 1 0 0 0 0
1 1 1 1 1 1 1 0 0 0
1 0 0 1 1 0 0 0 0 0
1 1 1 1 1 0 0 0 0 0
1 1 1 1 1 0 0 0 0 0
1 1 0 1 1 1 1 1 1 0
1 1 0 1 0 0 0 0 0 0
1 1 0 1 0 0 0 0 0 0
1 1 1 1 1 1 2 0 0 0
1 1 1 1 1 1 1 0 0 0
Maze 20
113 278 3.1929824561 2.0923689741 92 0.374151092974865
52 74 70 40 91 6 75 40 71 58 27 21 83 66 83 52
72 64 400 31 1 5 35 31 51 57 400 81 63 63 82
401 402 400 402 402 402 402 402 402 401 400 401 402 402 401
1 1 1 1 1 1 0 0 0 0
1 0 0 0 1 0 0 0 0 0
1 1 1 1 1 1 1 0 0 0
1 1 1 1 1 1 1 1 1 1
1 0 0 0 1 0 1 0 0 1
1 2 1 1 1 1 1 1 0 1
1 1 1 1 1 1 1 1 1 1
1 1 1 1 1 0 0 0 0 0
1 1 1 0 0 0 0 0 0 0
1 0 0 0 0 0 0 0 0 0
Maze 21
99 37 3.5416666667 1.9749164857 65 0.375990985279423
22 29 42 99 47 6 18 2 48 43 93 43 72 33 19 22
400 22 92 97 46 16 12 42 400 400 400 42 32 13 12
400 402 401 401 401 401 401 401 400 400 400 402 402 402 402
0 1 0 0 0 1 0 0 0 0
0 1 1 1 1 1 1 1 1 0
0 2 1 1 1 1 1 1 1 0
0 1 1 0 0 1 0 0 0 0
0 1 1 1 1 1 1 1 0 0
0 1 1 0 0 0 1 0 0 0
0 1 1 0 0 0 1 0 0 0
0 1 1 0 0 0 1 0 0 0
0 1 1 0 0 0 1 0 0 0
0 1 1 1 1 1 1 1 1 0
Maze 22
75 110 2.8510638298 2.1987059689 30 0.390449070976152
73 6 17 2 75 17 76 78 69 86 72 85 82 67 65 73
3 16 12 72 15 16 400 68 66 82 82 400 62 400 63
402 401 401 401 402 402 400 402 402 401 401 400 402 400 402
0 1 1 1 1 1 0 0 0 0
0 1 1 1 1 1 1 0 0 0
0 1 1 0 1 1 0 0 0 0
0 1 1 0 1 1 0 0 0 0
0 1 1 0 1 1 0 0 0 0
0 1 1 0 1 1 0 0 0 0
0 1 1 1 1 1 1 1 1 0
0 1 2 1 1 1 1 1 0 0
0 1 1 1 1 1 0 0 0 0
0 0 0 0 0 0 0 0 0 0
Maze 23
105 660 3.2063492063 2.3168126031 98 0.393168264225857
1 55 50 7 35 90 91 16 67 73 85 57 78 29 60 1
51 45 47 5 85 81 11 66 63 83 55 77 28 59 51
401 402 401 402 401 402 402 401 402 401 402 401 402 401 401
2 0 0 0 1 1 1 0 0 0
1 1 1 1 1 1 1 0 0 0
1 0 0 0 1 1 1 1 1 0
1 0 0 0 1 1 1 1 1 0
1 0 0 0 1 1 1 1 1 1
1 1 1 1 1 1 1 1 1 1
1 0 1 1 1 1 1 1 0 0
1 0 1 0 1 0 1 1 0 0
1 1 1 1 1 1 1 1 1 1
1 0 0 0 0 0 0 0 0 0
Maze 24
109 173 3.5094339623 2.0281993247 112 0.392324481098396
77 26 95 13 39 70 44 70 32 84 2 34 2 29 16 77
76 25 93 33 69 64 64 62 82 82 32 32 22 26 76
401 402 401 401 401 401 401 401 401 401 401 401 401 401 401
0 1 0 0 0 0 0 0 0 0
0 1 1 0 0 1 0 0 0 0
0 1 1 1 1 1 1 1 1 0
0 1 1 1 1 1 1 1 1 0
0 1 1 1 1 1 0 0 1 0
0 1 1 1 1 1 0 0 1 0
0 1 1 1 1 1 1 1 1 1
0 1 1 0 1 1 2 0 0 0
0 1 1 1 1 0 0 0 0 0
0 0 1 1 1 0 0 0 0 0
Maze 25
105 293 3.3442622951 2.3144630511 92 0.378908968933704
74 1 35 82 79 97 10 7 24 86 69 3 74 38 65 74
71 31 32 72 77 7 400 4 84 66 63 73 34 35 64
401 401 402 402 402 402 400 402 401 402 401 401 402 402 402
1 0 1 1 1 1 1 1 1 1
1 0 1 1 0 0 1 0 0 0
1 0 1 1 0 0 1 0 0 0
1 1 1 1 1 1 1 1 0 0
1 1 1 1 1 0 1 0 0 0
1 1 1 1 1 0 1 0 0 0
1 1 1 1 1 1 1 1 1 0
1 1 1 2 1 1 1 1 1 0
0 1 0 1 1 1 1 0 0 0
0 0 0 0 0 0 1 0 0 0
Maze 26
85 93 3.0612244898 2.2198464594 56 0.366327099240338
84 72 49 40 39 1 68 15 34 36 29 65 55 11 1 84
82 42 39 400 31 61 65 14 400 26 25 400 51 400 81
401 402 402 400 401 401 401 402 400 402 402 400 401 400 401
1 0 0 0 0 0 0 0 0 0
1 0 0 1 1 0 0 0 0 0
1 0 0 1 1 1 1 1 1 0
1 1 1 1 1 1 1 1 1 1
1 1 1 1 1 1 1 1 1 0
1 1 1 1 1 0 0 0 0 0
1 1 1 1 1 1 1 1 0 0
1 1 0 0 0 0 0 0 0 0
1 1 1 2 0 0 0 0 0 0
0 0 0 0 0 0 0 0 0 0
Maze 27
117 113 3.2459016393 2.0037597369 122 0.381809714140083
63 29 63 95 19 11 99 71 80 47 52 42 96 95 100 63
23 23 93 15 400 91 91 400 77 42 400 92 400 400 93
402 402 401 402 400 401 401 400 401 402 400 401 400 400 401
0 0 0 0 0 0 0 0 0 0
1 1 1 1 1 1 1 1 1 0
1 0 1 1 1 1 1 1 1 0
1 0 1 0 1 0 0 0 0 0
1 1 1 1 1 1 1 0 0 0
1 1 1 0 1 0 1 0 0 0
1 1 2 0 1 0 1 0 0 0
1 1 1 1 1 1 1 1 1 1
1 1 1 0 1 0 0 0 0 0
1 1 1 1 1 1 1 1 1 1
Maze 28
127 1838 3.2777777778 2.3057787731 151 0.391636949768959
85 59 6 50 52 41 45 90 51 9 66 31 40 100 22 85
55 56 46 42 51 400 85 81 1 6 61 400 400 92 82
402 401 401 402 401 400 401 401 402 402 401 400 400 401 401
1 1 1 1 1 1 1 1 1 0
1 0 0 0 0 1 0 0 0 0
1 1 0 0 0 1 0 0 0 0
1 1 1 1 1 1 1 1 1 1
1 1 1 1 1 1 1 1 1 1
1 1 0 0 1 1 1 1 1 1
1 1 1 1 1 1 0 0 0 1
1 1 0 0 1 0 0 0 0 1
1 1 1 1 2 1 1 1 1 1
0 1 1 1 1 1 1 1 1 1
Maze 29
105 48 3.1111111111 1.7990641704 56 0.390585372656533
14 55 94 100 5 94 57 93 99 43 39 10 64 57 25 14
54 54 400 95 4 54 53 400 93 33 9 4 54 55 24
401 402 400 401 402 402 402 400 401 402 402 402 402 401 401
0 0 0 1 1 1 1 1 1 1
0 0 0 2 1 0 0 0 1 0
0 0 0 1 1 0 0 0 1 0
0 0 1 1 1 1 1 1 1 0
0 0 1 1 1 0 0 0 0 0
0 0 1 1 1 1 1 0 0 0
0 0 1 1 1 0 0 0 0 0
0 0 1 1 1 0 0 0 0 0
0 0 1 1 1 0 0 0 0 0
0 0 1 1 1 1 1 1 1 1
Maze 30
115 1546 2.8000000000 2.2175009660 133 0.373102377657326
81 84 48 5 77 10 11 84 22 38 100 52 25 48 69 81
400 44 45 75 7 1 81 82 32 98 92 22 45 68 61
400 402 401 401 402 402 401 401 401 401 401 402 401 401 402
1 1 1 1 1 1 1 1 1 1
1 0 0 0 1 0 1 0 0 0
1 1 1 1 1 0 1 0 0 0
1 1 1 1 1 1 1 1 0 0
1 1 0 1 1 1 1 1 0 0
1 1 0 1 1 0 1 1 0 0
1 1 1 1 1 1 1 1 1 0
1 1 0 1 1 1 1 1 0 0
2 1 1 1 0 0 0 1 0 0
0 1 1 1 1 1 1 1 1 1
Maze 31
89 58 3.3750000000 2.0341609652 41 0.400198876898427
29 60 65 47 82 79 22 57 70 84 63 77 99 28 58 29
59 55 45 42 72 72 52 67 64 83 73 97 98 400 28
401 402 402 402 402 401 401 401 402 401 401 401 401 400 402
0 0 0 0 0 0 0 0 0 0
0 0 0 0 0 0 0 0 0 0
0 1 0 0 0 0 0 1 2 0
0 1 0 0 0 0 0 1 1 0
0 1 1 1 1 1 1 1 1 0
0 1 1 1 1 1 1 1 1 1
0 1 1 1 1 1 1 1 1 1
0 1 1 1 1 1 1 1 1 0
0 1 1 1 0 0 1 1 0 0
0 0 0 0 0 0 1 1 1 0
Maze 32
81 68 2.8444444444 1.8589066366 26 0.391840541533472
26 25 67 72 5 88 58 75 97 67 51 42 57 83 67 26
400 65 62 2 85 400 55 95 400 61 41 52 53 63 66
400 401 402 402 401 400 402 401 400 401 402 401 402 402 401
0 1 1 1 1 0 0 0 0 0
0 1 0 0 1 0 0 0 0 0
0 1 0 0 1 2 0 0 0 0
0 1 0 0 1 1 0 0 0 0
1 1 0 0 1 1 0 0 0 0
1 1 1 1 1 1 1 1 0 0
1 1 1 1 1 1 1 1 0 0
0 1 1 0 1 0 1 1 0 0
0 0 1 0 1 1 1 1 0 0
0 0 0 0 1 1 1 0 0 0
Maze 33
83 393 3.3469387755 2.2502554023 35 0.386748192126102
39 28 64 49 36 15 88 81 38 51 56 76 68 69 98 39
38 24 44 46 35 85 400 31 31 400 400 66 400 68 38
401 402 402 401 401 401 400 402 402 400 400 402 400 402 402
0 0 0 0 0 0 0 0 0 0
0 0 0 0 1 0 0 0 0 0
0 0 0 1 1 1 1 1 0 0
1 1 1 1 1 1 1 1 2 0
1 0 0 1 1 1 1 1 1 0
1 1 1 1 1 1 0 1 0 0
1 0 0 1 1 1 1 1 1 0
1 0 0 0 1 1 0 1 0 0
1 1 1 1 1 1 1 1 0 0
0 0 0 0 0 0 0 1 0 0
Maze 34
95 25 3.0370370370 2.0781833240 70 0.380987157744047
67 52 16 60 20 31 69 18 58 80 18 88 77 14 44 67
62 12 56 400 11 61 68 400 78 78 400 87 74 400 64
401 402 401 400 402 401 401 400 401 401 400 401 401 400 401
0 0 0 0 0 0 0 0 0 0
1 1 1 1 1 1 1 1 1 1
1 1 0 1 0 1 0 1 0 1
1 1 0 1 0 1 0 1 0 1
1 1 0 1 0 1 0 1 0 1
1 1 0 1 0 1 1 1 1 1
1 1 1 1 1 1 2 1 1 0
0 0 0 1 1 1 1 1 1 1
0 0 0 0 0 0 1 1 0 0
0 0 0 0 0 0 0 0 0 0
Maze 35
91 54 3.0800000000 2.0271311142 41 0.400786227272958
33 8 82 66 56 23 94 10 24 54 64 14 20 47 45 33
3 2 62 400 53 93 4 4 400 400 400 400 17 400 43
402 402 402 400 401 401 402 402 400 400 400 400 402 400 401
0 1 1 1 1 1 1 1 1 1
0 1 1 1 1 1 1 1 1 1
0 1 1 1 0 0 1 0 0 0
0 1 2 1 0 0 1 0 0 0
0 1 1 1 1 1 1 0 0 0
0 1 1 1 1 1 0 0 0 0
0 1 1 1 1 1 0 0 0 0
0 1 1 1 0 0 0 0 0 0
0 1 1 1 0 0 0 0 0 0
0 0 1 1 0 0 0 0 0 0
Maze 36
99 53 3.1071428571 2.0590805640 65 0.370706776925343
31 35 50 46 35 84 97 40 32 89 4 5 51 85 38 31
400 45 400 45 34 94 37 400 82 84 400 1 81 35 400
400 401 400 401 402 401 402 400 401 401 400 402 401 402 400
1 1 1 1 1 0 0 0 0 0
1 0 0 1 0 0 0 0 0 0
1 0 0 1 0 0 0 0 0 0
2 1 1 1 1 1 1 1 1 1
1 1 0 1 1 1 1 1 1 1
1 1 0 1 1 0 1 0 0 0
1 1 0 1 1 0 1 0 0 0
1 1 0 1 1 0 1 0 0 0
1 1 1 1 1 1 1 1 1 0
0 0 0 1 1 1 1 0 0 0
Maze 37
119 2569 3.1935483871 2.0619351164 139 0.384100494198048
89 45 91 80 80 89 63 40 97 52 15 55 26 89 2 89
85 41 71 400 79 83 33 37 92 12 400 25 86 82 82
401 402 402 400 402 401 402 402 401 402 400 402 401 401 401
0 1 0 0 0 0 0 0 0 0
0 1 1 1 1 0 0 0 0 0
0 1 0 0 1 1 0 0 0 0
0 1 1 1 1 1 1 1 1 1
1 1 1 1 1 1 1 0 0 0
1 1 1 0 1 1 1 0 0 0
1 1 1 0 1 1 1 0 0 0
1 1 1 1 1 1 1 1 1 1
1 1 1 1 1 1 1 1 2 0
1 1 1 1 1 1 1 0 0 0
Maze 38
97 64 3.3076923077 2.0755034841 54 0.388412669072890
12 52 40 95 45 33 100 50 51 62 67 3 54 48 33 12
400 32 35 400 43 93 400 41 61 400 63 53 44 43 32
400 402 402 400 401 401 400 402 401 400 401 401 402 401 401
0 0 1 0 0 0 0 0 0 0
0 2 1 0 0 0 0 0 0 0
0 1 1 0 0 0 0 0 0 0
0 1 1 1 1 1 1 1 1 1
1 1 1 1 1 1 1 1 1 1
1 1 1 1 1 0 0 0 0 1
1 1 1 1 1 1 1 0 0 1
0 0 1 0 1 0 0 0 0 1
0 0 1 0 1 0 0 0 0 1
0 0 1 1 1 1 1 1 1 1
Maze 39
83 247 2.7333333333 2.3480925937 35 0.383076185150281
85 67 39 69 92 41 6 63 88 36 24 64 50 59 56 85
65 37 400 62 91 1 3 83 86 34 400 44 49 400 55
402 402 400 402 401 402 402 401 401 401 400 402 402 400 402
1 1 1 1 1 1 0 0 0 0
1 0 1 0 0 0 0 0 0 0
1 0 1 1 0 0 0 0 0 0
1 0 1 1 1 1 1 1 1 0
1 0 1 1 1 1 1 1 1 1
1 0 1 1 1 1 1 1 1 0
1 1 1 1 1 1 1 1 1 0
1 1 1 0 1 1 0 0 0 0
1 1 1 1 2 1 1 1 0 0
1 1 0 0 0 0 0 0 0 0
Maze 40
101 71 3.0847457627 2.2397489900 53 0.406421418274224
7 67 54 24 53 12 37 89 65 99 22 98 20 80 80 7
400 64 400 23 52 32 87 85 95 92 92 18 400 400 77
400 401 400 402 401 401 401 401 401 401 401 402 400 400 401
0 0 0 0 0 0 2 0 0 0
0 1 0 0 0 0 1 1 1 1
0 1 1 1 0 0 1 1 0 1
0 1 1 1 1 1 1 1 0 1
0 1 1 1 0 0 1 1 0 1
0 1 1 1 0 0 1 1 0 1
0 1 0 1 1 1 1 1 0 1
0 1 0 0 1 0 1 1 1 1
0 1 0 0 1 1 1 1 1 0
0 1 1 1 1 1 1 1 1 0
Maze 41
91 112 2.8771929825 2.2299989452 50 0.407881384874750
69 59 21 28 55 43 87 74 93 56 74 3 47 90 10 69
400 51 400 25 53 83 84 73 53 54 73 43 87 400 9
400 401 400 402 401 401 401 402 402 402 401 401 401 400 402
0 0 1 0 0 0 0 0 1 1
0 0 1 0 0 0 0 0 1 1
1 1 1 1 1 1 1 1 1 1
1 0 1 0 1 0 0 0 1 1
1 0 1 1 1 1 1 0 1 1
1 1 1 1 1 1 1 1 1 1
0 0 1 1 0 0 1 0 2 1
0 0 1 1 0 0 1 0 0 1
0 0 1 1 1 1 1 1 1 1
0 0 1 0 0 0 0 0 0 0
Maze 42
95 19 3.4090909091 1.8184104085 65 0.389708120918965
19 75 44 74 15 53 4 5 29 71 73 26 85 38 54 19
15 74 400 14 13 3 400 25 21 400 23 25 35 34 14
402 401 400 402 402 402 400 401 402 400 402 402 402 402 402
0 0 1 1 1 0 0 0 0 0
0 0 1 1 1 1 1 1 2 0
1 1 1 1 1 1 1 1 1 0
1 0 1 1 1 1 1 1 0 0
1 0 1 1 1 0 0 0 0 0
1 0 1 1 1 0 0 0 0 0
1 0 1 1 1 0 0 0 0 0
1 1 1 1 1 0 0 0 0 0
0 0 0 0 1 0 0 0 0 0
0 0 0 0 0 0 0 0 0 0
Maze 43
83 4 2.8695652174 1.9626641082 12 0.360758855839002
95 88 45 14 63 82 5 20 9 63 55 43 7 4 3 95
85 85 44 13 62 2 15 19 3 53 53 3 400 400 93
402 401 401 402 402 402 401 401 402 402 401 402 400 400 401
0 1 1 1 1 1 1 1 1 0
0 1 1 1 1 1 1 1 1 1
0 1 1 1 0 0 0 0 0 0
0 1 1 1 0 0 0 0 0 0
0 1 1 1 1 0 0 0 0 0
0 1 1 1 1 0 0 0 0 0
0 1 1 0 1 0 0 0 0 0
0 1 1 0 1 0 0 0 0 0
0 1 1 0 1 1 1 1 0 0
0 0 1 1 2 0 0 0 0 0
Maze 44
101 477 2.9836065574 2.2667339176 71 0.371426031577685
98 50 84 29 26 53 68 43 59 50 53 85 7 16 82 98
48 44 24 400 23 63 63 53 49 43 83 5 6 12 92
402 402 402 400 402 401 401 401 402 402 401 402 402 402 401
0 0 0 0 1 1 1 0 0 0
0 1 1 1 1 1 0 0 0 0
0 1 1 1 1 1 1 1 1 0
0 1 1 1 1 0 0 0 0 0
0 1 1 1 1 1 1 1 1 1
0 1 1 1 1 1 1 1 1 0
0 1 1 1 1 1 1 1 0 0
0 1 1 1 1 0 0 1 0 0
0 1 1 1 1 0 0 1 0 0
0 1 1 1 1 1 1 2 0 0
Maze 45
95 97 3.1428571429 2.1872580440 62 0.389771128851623
99 90 91 58 72 29 25 84 73 25 26 48 26 99 29 99
89 81 51 52 22 400 24 83 23 400 46 46 96 400 400
402 402 402 402 402 400 402 401 402 400 401 401 401 400 400
0 0 0 0 0 0 0 0 0 0
0 0 0 0 0 0 0 0 0 0
0 1 1 1 1 1 1 1 1 0
0 1 1 1 0 1 0 0 1 0
0 1 1 1 0 1 1 1 1 0
1 1 1 1 1 1 1 1 1 0
1 1 1 1 0 1 0 0 1 0
1 1 1 1 0 1 0 0 1 0
1 1 1 1 1 1 1 1 1 1
1 0 0 0 0 1 1 1 2 0
Maze 46
83 322 2.9811320755 2.3323997208 30 0.382389141797388
65 77 79 77 36 9 48 94 76 66 51 7 98 27 40 65
75 400 400 76 6 8 44 74 400 61 1 97 97 37 35
401 400 400 401 402 402 402 402 400 401 402 401 401 401 402
1 1 1 1 1 1 1 1 1 0
1 0 0 0 0 1 1 1 0 0
1 0 0 0 0 1 1 1 0 0
1 0 0 0 1 1 1 1 1 1
1 0 0 1 1 1 1 1 0 0
1 0 0 1 1 1 1 0 0 0
1 1 1 1 2 1 1 0 0 0
0 0 0 1 1 1 1 1 1 0
0 0 0 1 0 0 1 0 0 0
0 0 0 1 0 0 1 1 0 0
Maze 47
95 753 3.0847457627 2.2410558164 77 0.385040648139599
24 64 80 47 2 90 98 3 45 99 57 69 59 27 22 24
400 74 77 42 82 88 93 43 95 97 67 400 57 400 400
400 401 401 401 401 402 401 401 401 401 401 400 401 400 400
0 1 1 0 0 0 0 0 0 0
0 1 1 0 0 0 0 0 0 0
0 1 1 2 1 1 1 0 0 0
0 1 1 1 0 0 1 0 0 0
0 1 1 1 1 1 1 0 0 0
0 1 1 1 1 0 1 1 1 0
0 1 1 1 1 0 1 1 1 0
0 1 1 1 1 1 1 1 1 1
0 1 1 1 1 1 1 1 1 1
0 0 1 1 1 1 1 1 1 0
Maze 48
91 177 3.2608695652 1.9977524024 39 0.385219866800755
92 75 38 85 42 62 69 46 26 72 26 75 17 8 83 92
72 35 35 82 400 400 66 400 22 22 25 15 7 3 82
402 402 402 401 400 400 401 400 402 402 402 402 402 402 402
0 0 1 1 1 1 1 1 0 0
0 0 1 0 1 1 1 0 0 0
0 1 1 1 1 1 0 0 0 0
0 1 1 0 1 1 1 1 0 0
0 1 1 0 1 1 0 0 0 0
0 1 1 0 1 1 0 0 0 0
0 1 1 1 1 1 1 1 1 0
0 1 1 1 1 0 0 0 0 0
0 1 1 1 1 0 0 0 0 0
0 2 0 0 0 0 0 0 0 0
Maze 49
109 995 3.3793103448 2.2641973290 72 0.406303827886123
1 76 72 13 93 11 100 34 35 6 40 39 21 47 24 1
71 400 12 400 91 91 94 400 5 36 400 31 41 44 21
401 400 402 400 401 401 401 400 402 401 400 401 401 401 401
2 0 0 0 1 1 0 0 0 0
1 1 1 0 1 1 0 0 0 0
1 1 1 1 1 1 0 0 0 0
1 1 1 1 1 1 1 1 1 1
1 1 1 1 1 1 1 0 0 0
1 1 1 1 0 0 0 0 0 0
1 1 1 1 0 0 0 0 0 0
1 1 1 1 1 1 0 0 0 0
1 0 1 1 0 0 0 0 0 0
1 1 1 1 1 1 1 1 1 1
Maze 50
83 22 2.8214285714 2.3632943910 35 0.363013525022359
71 14 9 46 27 58 88 52 55 37 50 9 61 77 71 71
11 4 6 26 57 400 82 400 35 47 49 1 71 400 400
402 402 402 402 401 400 401 400 402 401 401 402 401 400 400
1 1 1 1 1 1 1 1 1 0
1 1 1 1 0 1 0 0 1 0
1 0 0 0 0 1 1 0 1 0
1 0 0 0 1 1 1 0 1 0
1 0 0 0 1 1 1 1 1 1
1 1 1 1 1 0 1 1 0 0
1 1 0 0 0 0 0 1 0 0
2 1 1 1 1 1 1 1 0 0
0 1 1 1 1 1 1 1 0 0
0 0 0 0 0 0 0 0 0 0
Maze 51
85 12 2.9583333333 2.1029670512 56 0.373644324282463
86 65 31 31 77 62 45 89 77 52 29 7 22 35 79 86
85 61 400 71 72 42 85 87 72 22 27 2 32 75 76
401 401 400 401 401 402 401 401 401 402 401 402 401 401 402
0 1 1 1 1 1 1 0 0 0
0 1 0 0 0 0 1 0 0 0
0 1 1 1 1 1 1 1 1 0
1 1 1 1 1 0 0 0 0 0
1 1 1 1 1 0 0 0 0 0
1 1 0 0 1 0 0 0 0 0
1 1 1 1 1 0 0 0 0 0
1 1 1 1 1 1 1 1 1 0
0 0 0 0 1 2 1 1 1 0
0 0 0 0 0 0 0 0 0 0
Maze 52
99 2997 3.2542372881 2.3040692333 71 0.372978736760793
77 50 52 88 18 55 9 47 29 66 53 60 55 93 35 77
47 42 82 400 15 5 7 27 26 63 400 400 53 33 75
402 402 401 400 402 402 402 402 402 401 400 400 402 402 401
0 0 0 0 1 1 1 1 1 0
0 0 0 0 1 1 1 1 0 0
0 0 0 0 1 1 1 1 1 0
0 0 1 1 1 1 1 1 0 0
0 1 1 1 1 1 1 1 1 1
0 1 1 1 1 1 1 1 1 1
0 1 1 1 1 1 1 1 0 0
0 1 1 0 1 1 2 1 0 0
0 1 1 1 1 1 1 1 0 0
0 0 1 0 0 0 0 0 0 0
Maze 53
89 37 3.1153846154 2.1530782366 39 0.372690714927422
46 60 29 20 21 23 39 31 68 25 79 48 60 51 37 46
56 59 19 11 400 33 400 61 65 75 78 58 400 31 36
401 401 402 402 400 401 400 401 401 401 401 401 400 402 402
0 0 0 0 0 0 0 0 0 0
1 1 1 1 1 1 1 1 1 1
1 1 1 0 1 0 0 0 1 0
1 1 1 1 1 1 1 1 1 0
1 0 0 0 1 2 0 1 1 0
1 1 1 1 1 1 1 1 1 1
1 1 1 1 1 1 1 1 0 0
0 0 0 0 1 1 1 1 1 0
0 0 0 0 0 0 0 0 0 0
0 0 0 0 0 0 0 0 0 0
Maze 54
81 4 3.0204081633 2.1830928837 30 0.393143846600765
61 21 65 31 29 57 44 53 52 46 86 26 80 93 95 61
400 61 61 21 27 54 43 400 42 400 400 76 73 400 91
400 401 401 402 402 401 402 400 402 400 400 401 402 400 401
0 0 0 0 0 0 0 0 0 0
0 0 0 0 0 0 0 0 0 0
1 1 1 1 1 1 1 1 1 0
1 0 0 0 0 1 1 0 0 0
1 1 1 1 1 1 1 0 0 0
1 1 1 1 1 1 1 0 0 0
2 1 1 1 1 1 0 0 0 0
1 0 1 1 1 1 1 1 1 1
1 0 1 0 0 1 0 0 0 0
1 1 1 1 1 0 0 0 0 0
Maze 55
95 112 2.8888888889 2.3643889293 70 0.380429756427798
91 75 31 17 97 73 74 67 80 40 23 44 63 2 50 91
71 71 11 400 93 400 64 77 400 33 43 43 62 42 41
402 401 402 400 401 400 402 401 400 401 401 402 401 401 402
0 1 0 0 0 0 0 0 0 0
1 1 1 1 1 1 1 0 0 0
1 1 1 0 0 0 1 0 0 0
1 1 1 1 1 1 1 1 1 1
1 1 1 1 1 1 1 1 1 1
1 1 1 0 0 0 1 0 0 1
1 1 1 1 1 1 1 0 0 1
1 1 1 1 1 0 1 1 1 1
1 0 1 0 0 0 1 0 0 0
2 0 1 1 1 1 1 0 0 0
Maze 56
107 60 3.3928571429 2.0868631820 92 0.377617960366903
56 95 87 8 17 27 99 13 63 97 24 40 11 87 17 56
55 85 7 7 400 97 93 400 93 94 34 31 81 400 16
402 402 402 402 400 401 401 400 401 401 401 401 401 400 402
0 0 0 0 0 0 1 1 0 0
1 0 1 0 0 1 1 0 0 0
1 0 1 1 0 1 1 0 0 0
1 1 1 1 1 1 1 1 1 1
1 0 1 1 0 1 1 0 0 0
1 0 1 1 1 2 1 0 0 0
1 0 1 1 1 0 1 0 0 0
1 0 1 1 1 0 1 0 0 0
1 1 1 1 1 1 1 0 0 0
0 0 1 1 1 1 1 1 1 0
Maze 57
97 856 3.1864406780 2.3023768884 66 0.384763963854696
51 56 59 90 17 53 84 80 98 63 17 66 14 76 11 51
400 400 89 87 13 83 74 78 93 13 16 64 74 71 400
400 400 401 401 402 401 402 402 401 402 402 401 401 401 400
0 0 0 0 0 0 0 0 0 0
1 0 1 1 1 1 1 0 0 0
1 0 1 1 0 1 1 0 0 0
1 0 1 1 0 1 1 0 0 0
1 0 1 1 0 1 1 0 0 0
2 1 1 1 1 1 1 1 1 0
1 0 1 1 1 1 1 0 1 0
1 1 1 1 1 1 1 1 1 1
0 0 1 1 0 0 1 1 1 1
0 0 1 1 1 1 1 1 0 0
Maze 58
87 201 3.1153846154 2.1842552171 50 0.359623205228069
58 34 26 35 96 77 70 35 67 6 62 41 18 4 41 58
54 24 25 95 76 67 65 65 66 2 61 11 14 1 51
401 402 402 401 402 402 401 401 401 402 401 402 401 402 401
1 1 1 1 1 1 0 0 0 0
1 1 1 1 1 1 1 1 0 0
1 1 0 1 1 1 0 0 0 0
1 1 0 1 1 1 0 0 0 0
1 1 0 1 1 1 0 0 0 0
1 1 1 1 1 1 1 2 0 0
1 1 0 0 1 1 1 1 1 1
0 0 0 0 1 1 1 0 0 0
0 0 0 0 1 1 0 0 0 0
0 0 0 0 1 1 0 0 0 0
Maze 59
89 66 3.0943396226 2.1530782366 50 0.367915070824016
65 84 59 47 28 4 71 66 9 64 94 43 83 70 45 65
64 54 57 27 24 1 61 6 4 400 93 400 63 65 400
402 402 401 402 401 402 402 402 402 400 401 400 402 401 400
1 1 1 1 1 1 1 1 1 0
1 0 0 1 0 1 0 0 0 0
1 0 0 1 1 1 1 1 0 0
1 0 0 1 0 1 1 0 0 0
1 0 1 1 1 1 1 0 0 0
1 0 1 1 1 1 1 1 1 0
1 1 1 1 2 1 1 1 1 1
1 0 1 1 0 0 0 0 0 0
0 0 1 1 0 0 0 0 0 0
0 0 1 1 0 0 0 0 0 0
Maze 60
81 176 2.5517241379 2.3207485712 26 0.400288634953679
41 51 57 27 41 92 57 54 17 50 90 43 7 16 11 41
400 400 400 21 91 52 400 14 47 400 83 3 6 400 400
400 400 400 402 401 402 400 402 401 400 401 402 402 400 400
0 0 1 1 1 1 1 0 0 0
1 1 1 1 1 1 1 0 0 0
1 1 1 1 1 1 1 0 0 0
1 0 1 1 0 0 1 0 0 0
2 0 1 1 0 0 1 1 1 1
1 1 1 1 1 1 1 0 0 1
1 1 1 0 0 0 0 0 0 1
1 1 1 0 0 0 0 0 0 1
1 1 1 1 1 1 1 1 1 1
1 1 0 0 0 0 0 0 0 0
Maze 61
97 89 2.6575342466 2.4607521312 64 0.386963966689587
89 11 25 84 10 70 67 38 45 62 63 19 79 82 73 89
81 21 24 4 400 400 37 35 42 400 13 400 72 72 83
401 401 402 402 400 400 402 402 402 400 402 400 402 402 401
0 0 0 1 1 1 1 1 1 1
1 0 1 1 1 1 1 1 1 1
1 1 1 1 1 0 0 0 1 1
1 0 1 1 1 1 1 1 1 1
1 1 1 1 1 0 1 0 1 1
1 1 1 1 0 0 1 0 1 1
1 1 1 1 0 0 1 1 1 1
1 1 1 1 1 1 1 1 1 0
1 1 1 1 1 1 1 1 2 0
0 0 0 0 0 0 0 0 0 0
Maze 62
123 263 3.8214285714 1.9964270238 139 0.394179953343506
18 85 36 6 70 87 12 26 82 41 50 92 40 22 56 18
15 35 400 66 67 82 22 22 81 400 42 32 32 52 16
402 402 400 401 402 401 401 402 401 400 402 402 401 401 402
0 0 0 0 0 1 0 0 0 0
0 1 0 0 1 1 1 2 0 0
0 1 1 1 1 1 0 0 0 0
0 1 1 1 1 1 1 1 1 1
1 1 1 1 1 1 1 1 1 1
1 1 1 1 1 1 0 0 0 0
1 1 0 0 1 1 1 1 1 1
1 1 0 0 1 0 1 0 0 0
1 1 1 1 1 1 1 0 0 0
0 1 0 0 0 0 0 0 0 0
Maze 63
91 197 3.0000000000 2.1152672496 45 0.388144444591053
52 18 6 87 87 29 13 89 90 67 70 64 89 8 16 52
12 16 86 400 27 23 83 400 87 400 400 84 88 6 12
402 401 401 400 402 401 401 400 401 400 400 401 401 402 402
0 0 0 0 0 1 1 1 0 0
0 1 1 1 1 1 1 1 0 0
0 1 1 1 1 1 1 1 1 0
0 1 1 0 0 1 1 1 0 0
0 1 1 0 0 1 1 1 0 0
0 2 1 0 0 1 1 1 0 0
0 0 1 1 1 1 1 1 1 1
0 0 1 1 0 1 1 1 0 0
0 0 1 1 1 1 1 1 1 1
0 0 0 0 0 0 0 0 0 0
Maze 64
103 163 3.1475409836 2.2430458920 77 0.356813378374228
87 73 88 44 69 10 57 7 45 91 34 6 83 22 64 87
83 83 84 64 9 7 400 5 41 31 4 3 82 62 84
401 401 401 401 402 402 400 402 402 402 402 402 401 401 401
0 0 1 1 1 1 1 1 1 1
0 0 1 1 1 0 1 0 1 0
0 1 1 1 1 0 1 0 1 0
1 1 1 1 1 0 1 0 1 0
1 1 1 1 1 0 1 0 1 0
1 1 1 1 0 0 1 0 1 0
1 1 1 1 1 1 1 1 1 0
1 1 1 1 0 0 0 0 0 0
1 1 1 1 1 1 2 1 0 0
1 0 0 0 0 0 0 0 0 0
Maze 65
113 103 3.2363636364 1.9512815046 112 0.406658687223088
91 26 60 71 24 93 72 79 8 80 34 45 43 18 80 91
21 56 51 21 23 92 400 78 78 74 44 400 13 78 71
402 401 402 402 402 401 400 401 401 401 401 400 402 401 402
0 0 0 0 0 0 0 1 0 0
0 0 1 1 1 1 1 1 0 0
1 1 1 1 1 1 0 1 0 0
1 0 1 1 0 1 0 1 0 0
1 0 1 1 1 1 0 1 0 0
1 1 1 1 1 1 1 1 1 1
1 0 1 1 0 0 0 1 0 0
1 1 1 1 1 1 1 1 1 1
1 1 1 0 0 0 0 0 0 0
2 1 1 0 0 0 0 0 0 0
Maze 66
101 165 2.7826086957 2.4264336531 59 0.366543938309752
94 55 96 9 60 13 34 31 1 95 49 28 10 92 97 94
54 95 6 59 53 33 400 400 91 45 48 8 2 400 400
402 401 402 401 401 401 400 400 401 402 401 402 402 400 400
1 1 1 1 1 1 1 1 1 1
1 1 1 0 0 1 0 1 1 0
1 1 1 0 0 1 0 1 1 0
1 1 1 1 0 1 0 1 1 0
1 1 1 0 1 1 1 1 1 0
1 1 1 1 1 1 1 1 1 1
1 1 0 1 1 1 0 0 0 0
1 1 0 1 1 1 0 0 0 0
1 1 0 1 1 1 0 0 0 0
1 1 1 2 1 1 1 0 0 0
Maze 67
97 102 3.3846153846 2.1196431912 60 0.373779662419791
30 47 83 39 67 87 29 68 44 34 8 92 35 12 32 30
27 43 33 37 400 27 28 64 400 4 2 32 32 400 22
402 402 402 402 400 402 402 401 400 402 402 402 401 400 402
0 1 1 1 1 1 1 1 0 0
0 1 0 1 0 0 0 0 0 0
0 1 1 1 1 1 1 1 1 2
0 1 1 1 1 1 1 1 1 0
0 1 1 1 1 1 1 1 0 0
0 1 1 1 0 0 1 1 0 0
0 1 1 1 1 1 1 1 0 0
0 1 1 0 0 0 1 0 0 0
0 1 1 0 0 0 1 0 0 0
0 1 0 0 0 0 0 0 0 0
Maze 68
87 113 3.2083333333 2.0625000000 50 0.394586104451418
9 47 61 12 19 35 50 44 29 42 58 6 18 37 20 9
7 41 11 400 15 45 400 24 22 52 56 16 17 17 19
402 402 402 400 402 401 400 402 402 401 401 401 402 402 401
0 0 0 0 0 1 1 1 2 0
1 1 1 1 1 1 1 1 1 1
1 1 1 1 1 1 1 1 1 0
1 1 0 1 1 1 1 0 0 0
1 1 1 1 1 1 1 1 1 1
1 1 1 1 1 1 1 1 0 0
1 0 0 0 0 0 0 0 0 0
0 0 0 0 0 0 0 0 0 0
0 0 0 0 0 0 0 0 0 0
0 0 0 0 0 0 0 0 0 0
Maze 69
93 762 3.0357142857 2.1936379531 56 0.367287242716241
60 39 78 84 90 50 33 58 19 85 98 68 32 69 85 60
59 38 74 400 400 43 53 18 15 95 400 62 62 65 55
401 402 402 400 400 401 401 402 402 401 400 401 401 402 402
0 0 0 0 0 0 0 0 0 0
0 0 0 0 1 1 1 1 1 0
0 0 0 0 1 0 0 1 0 0
0 1 1 0 1 0 0 1 1 0
0 1 1 1 1 1 1 1 1 1
0 1 1 1 1 1 1 1 1 2
0 1 1 1 1 1 1 1 1 1
0 0 0 1 1 1 1 1 0 1
0 0 0 1 1 1 1 1 1 1
0 0 0 0 1 1 1 1 0 0
Maze 70
89 10 3.2093023256 1.9743327015 34 0.408864182981582
3 12 63 48 78 54 69 32 44 72 68 3 10 36 8 3
2 62 43 400 74 64 62 42 42 62 63 400 6 6 400
402 401 402 400 401 401 401 401 402 402 401 400 402 402 400
0 1 2 1 1 1 1 1 1 1
0 1 1 0 0 1 0 0 0 0
0 1 1 0 0 1 0 0 0 0
0 1 1 0 0 1 0 0 0 0
0 1 1 1 1 1 1 1 0 0
0 1 1 1 0 0 0 1 0 0
0 1 1 1 1 1 1 1 1 0
0 1 0 1 1 1 1 1 0 0
0 0 0 0 0 0 0 0 0 0
0 0 0 0 0 0 0 0 0 0
Maze 71
113 932 3.7407407407 2.0885537672 90 0.397430353006471
32 75 51 48 31 68 59 52 30 95 60 98 90 43 58 32
72 71 41 41 61 58 400 22 25 55 58 88 83 53 52
401 401 402 401 401 402 400 402 402 402 402 402 401 401 401
0 0 0 0 0 0 0 0 0 0
0 0 0 0 0 0 0 0 0 0
0 1 1 1 1 1 1 1 1 1
1 2 0 0 1 0 0 0 0 0
1 1 1 1 1 1 1 1 0 0
1 1 1 1 1 1 1 1 1 1
1 1 1 1 1 1 1 1 0 0
1 1 1 1 1 0 0 1 0 0
0 0 1 1 1 1 1 1 1 1
0 0 0 0 1 0 0 1 0 0
Maze 72
87 24 3.7777777778 1.9638643531 31 0.377927685858304
75 86 44 53 52 1 43 23 86 91 40 64 36 11 85 75
85 84 43 400 51 41 400 83 81 31 34 34 31 81 400
401 401 402 400 401 401 400 401 402 402 402 402 401 401 400
1 0 0 0 0 0 0 0 0 0
1 0 0 0 0 0 0 0 0 0
1 0 1 0 0 0 0 0 0 0
1 1 1 1 1 1 1 1 1 1
1 1 1 1 0 0 0 0 0 0
1 1 1 1 0 0 0 0 0 0
1 0 1 1 0 0 0 0 0 0
1 0 1 1 2 0 0 0 0 0
1 1 1 1 1 1 0 0 0 0
1 0 0 0 0 0 0 0 0 0
Maze 73
97 865 2.9152542373 2.2261530853 65 0.393101124987417
39 88 34 73 31 37 79 31 68 27 6 11 34 10 47 39
38 84 33 71 400 77 71 61 67 26 1 31 4 7 37
402 401 402 401 400 401 401 401 401 401 402 401 402 402 402
1 1 1 1 1 1 1 1 1 1
1 0 0 1 0 1 1 0 0 0
1 0 0 1 0 1 1 0 0 0
1 1 1 1 1 1 1 1 2 0
1 0 1 1 0 0 1 1 0 0
1 0 1 1 0 0 1 1 0 0
1 1 1 1 1 1 1 1 0 0
1 1 1 1 1 1 1 1 1 0
0 0 0 1 1 1 1 1 0 0
0 0 0 0 0 0 0 0 0 0
Maze 74
121 213 3.9583333333 1.8846220954 112 0.393653913172548
60 36 7 63 8 14 25 92 9 94 26 50 32 55 72 60
56 6 3 3 4 24 22 2 4 24 46 42 52 52 52
401 402 402 402 402 401 402 402 402 402 401 401 401 402 402
0 1 1 1 1 1 1 1 1 0
0 1 1 1 0 1 0 0 0 0
0 1 1 1 1 1 0 0 0 0
0 1 1 1 0 1 0 0 0 0
0 1 1 1 1 1 1 1 1 1
0 1 1 1 1 1 1 1 1 2
0 1 1 1 0 0 0 0 0 0
0 1 0 1 0 0 0 0 0 0
0 1 0 1 0 0 0 0 0 0
0 1 0 1 0 0 0 0 0 0
Maze 75
79 72 3.0416666667 2.1338482875 21 0.356718943002386
63 64 59 8 47 29 11 74 79 58 42 23 77 46 77 63
400 54 58 7 27 21 71 400 78 52 22 73 76 76 73
400 402 401 402 402 401 401 400 401 401 402 401 401 401 401
0 0 0 0 0 0 1 1 0 0
1 0 0 0 0 0 1 1 0 0
1 1 1 1 1 1 1 1 1 0
1 1 1 0 0 0 1 1 0 0
1 1 1 0 0 1 1 1 0 0
1 1 1 1 1 1 1 1 1 0
1 0 2 1 0 1 0 1 0 0
1 1 1 1 1 1 1 1 1 0
0 0 0 0 0 0 0 0 0 0
0 0 0 0 0 0 0 0 0 0
Maze 76
103 13 3.2549019608 2.0366596856 47 0.374510405542716
85 95 100 53 45 26 17 6 93 53 79 98 51 89 1 85
400 400 93 43 25 16 16 3 400 73 78 91 81 81 81
400 400 401 402 402 402 401 402 400 401 402 401 401 401 401
1 0 1 1 1 1 0 0 0 0
1 0 1 0 0 1 1 0 0 0
1 0 1 0 1 1 0 0 0 0
1 0 1 0 1 0 0 0 0 0
1 0 1 1 1 0 0 0 0 0
1 0 1 0 0 0 0 0 0 0
1 0 1 0 0 0 0 0 0 0
1 0 1 1 1 1 1 1 1 0
1 1 1 1 2 1 1 1 1 0
1 1 1 1 1 1 1 1 1 1
Maze 77
129 512 2.9841269841 2.0041443494 128 0.410677390618711
3 29 39 91 22 91 7 98 1 28 99 44 3 72 24 3
23 400 31 21 21 1 97 91 21 98 94 43 2 22 23
401 400 402 402 402 402 401 401 401 401 401 401 402 402 401
1 1 2 1 1 1 1 0 0 0
1 1 1 0 0 0 1 0 0 0
1 1 1 1 1 1 1 1 1 0
1 1 1 1 1 1 1 1 1 0
1 1 1 1 0 0 1 1 0 0
1 1 0 1 0 0 1 1 0 0
1 1 0 1 0 0 1 1 0 0
1 1 0 1 0 0 1 1 0 0
1 0 0 1 0 0 1 1 0 0
1 1 1 1 1 1 1 1 1 0
Maze 78
87 172 3.3488372093 1.8241878419 44 0.376309002449493
57 83 79 14 65 40 66 86 83 74 67 87 61 31 80 57
53 73 74 64 35 36 400 400 73 64 400 81 400 71 77
402 402 401 401 402 402 400 400 402 402 400 401 400 401 401
0 0 0 0 0 0 0 0 0 0
0 0 0 1 0 0 0 0 0 0
0 0 0 1 0 0 0 0 0 0
1 0 0 1 1 1 1 1 1 1
1 0 0 1 1 1 0 0 0 0
1 0 1 1 1 1 2 0 0 0
1 0 1 1 1 1 1 0 0 0
1 1 1 1 1 1 1 1 1 1
1 1 1 1 1 1 1 0 0 0
0 0 0 0 0 0 0 0 0 0
Maze 79
115 62287 3.3538461538 2.2780308785 156 0.381783665505917
69 91 74 26 100 99 59 28 43 97 2 50 98 57 22 69
61 71 24 96 400 400 58 23 93 92 42 48 97 52 62
402 402 402 401 400 400 401 402 401 401 401 402 401 401 401
0 1 0 0 0 0 0 0 0 0
0 1 0 0 0 0 0 0 0 0
0 1 1 1 1 1 1 1 0 0
0 1 1 1 0 1 0 1 0 0
0 1 1 1 1 1 1 1 1 1
0 1 1 1 1 1 1 1 1 0
1 1 1 1 1 1 1 1 2 0
1 1 1 1 0 1 1 1 1 0
1 1 1 0 0 1 1 1 1 0
1 1 1 1 1 1 1 1 1 1
Maze 80
137 4721 3.4838709677 1.9727726261 201 0.394272766458456
2 88 72 100 44 93 51 79 24 92 17 67 72 27 96 2
82 82 92 94 43 91 71 74 22 12 400 62 22 26 92
401 401 401 401 402 401 401 401 402 402 400 402 402 402 401
0 2 0 0 0 0 0 0 0 0
0 1 1 1 1 1 1 0 0 0
0 1 1 1 1 1 1 0 0 0
0 1 0 1 0 1 1 0 0 0
0 1 1 1 0 1 1 0 0 0
1 1 1 1 0 1 1 0 0 0
1 1 1 1 1 1 1 0 0 0
1 1 1 1 1 1 1 1 1 0
1 1 1 1 1 1 1 1 0 0
1 1 1 1 1 1 1 1 1 1
Maze 81
77 21 2.6808510638 2.0612868458 13 0.398259481660067
34 20 14 5 63 80 89 31 34 19 22 24 26 7 16 34
14 400 4 3 73 79 81 400 14 12 400 400 6 6 14
402 400 402 402 401 402 401 400 402 402 400 400 402 402 402
0 0 1 1 1 1 1 0 0 0
0 1 1 1 1 1 1 1 1 1
0 1 1 1 1 1 0 0 0 0
1 1 1 2 0 0 0 0 0 0
1 0 1 0 0 0 0 0 0 0
1 0 1 0 0 0 0 0 0 0
1 0 1 0 0 0 0 0 0 0
1 0 1 1 1 1 1 1 1 1
1 1 1 1 1 1 1 1 1 0
0 0 0 0 0 0 0 0 0 0
Maze 82
79 269 2.8148148148 2.3087865175 35 0.402590291295354
11 75 3 14 28 58 97 86 31 62 57 16 15 40 29 11
71 73 13 24 400 57 96 81 61 52 56 400 35 39 21
401 401 401 401 400 402 401 401 401 402 401 400 401 401 401
0 0 1 0 0 0 0 0 0 0
2 0 1 1 1 1 0 0 0 0
1 1 1 1 1 1 1 1 1 0
1 0 1 0 1 1 1 1 1 1
1 0 1 0 0 1 0 1 0 0
1 1 1 1 1 1 1 1 0 0
1 1 1 0 0 0 1 0 0 0
1 1 1 1 1 0 1 0 0 0
1 1 1 1 1 1 1 0 0 0
0 0 0 0 0 1 1 0 0 0
Maze 83
87 43 2.6562500000 2.3512804226 44 0.379836854906566
57 70 39 18 2 91 99 94 48 55 24 63 8 66 64 57
67 69 38 12 1 400 400 44 45 54 23 3 6 400 54
401 401 401 401 402 400 400 402 402 401 402 402 402 400 402
1 1 1 1 1 1 1 1 0 0
1 1 1 1 1 1 1 1 0 0
1 0 1 1 0 1 0 1 0 0
1 0 1 1 0 1 0 1 1 0
1 0 1 1 1 1 1 1 1 0
1 0 1 1 1 1 2 0 1 0
1 0 1 1 1 1 1 1 1 1
1 0 0 1 0 0 0 0 0 0
1 0 0 1 0 0 0 0 0 0
1 1 1 1 1 1 1 1 1 0
Maze 84
69 14 3.0588235294 2.0159281162 20 0.371766140435656
22 43 72 63 75 71 52 51 7 7 47 73 51 3 81 22
42 42 62 73 400 51 400 1 400 400 43 71 1 1 21
401 402 402 401 400 402 400 402 400 400 402 401 402 402 402
1 1 1 1 1 1 1 0 0 0
1 0 0 0 0 0 1 0 0 0
1 2 0 0 0 0 1 0 0 0
1 1 0 0 0 0 1 0 0 0
1 1 1 1 1 1 1 0 0 0
1 1 1 0 0 0 0 0 0 0
1 1 1 0 0 0 0 0 0 0
1 1 1 1 1 0 0 0 0 0
1 0 0 0 0 0 0 0 0 0
0 0 0 0 0 0 0 0 0 0
Maze 85
119 9153 3.0588235294 2.1465517549 133 0.391258883048057
69 40 99 2 38 70 20 58 82 46 79 12 18 50 4 69
39 39 92 32 68 400 18 52 42 76 72 400 48 44 64
402 402 401 401 401 400 402 402 402 401 401 400 401 401 401
0 1 0 1 0 0 0 0 0 0
0 1 1 1 1 1 1 1 1 1
0 1 0 1 0 0 0 1 0 1
0 1 1 1 1 1 1 1 1 1
0 1 1 1 1 1 1 1 1 1
0 1 1 1 1 1 1 1 1 1
0 1 0 1 1 1 1 1 2 1
0 1 1 1 1 1 1 1 1 0
0 1 0 0 0 0 0 0 1 0
0 1 1 1 1 1 1 1 1 0
Maze 86
79 23 3.0000000000 2.2276235431 26 0.365118303319852
4 95 62 85 40 65 24 31 94 75 76 45 28 19 3 4
94 92 82 35 35 64 21 91 74 400 75 25 18 13 400
401 401 401 402 402 401 402 401 402 400 401 402 402 401 400
0 0 1 2 0 0 0 0 0 0
0 0 1 1 1 1 1 1 1 0
1 1 1 1 1 1 1 1 0 0
1 0 0 1 1 1 1 1 1 1
1 0 0 1 1 0 0 0 0 0
1 0 0 1 1 0 0 0 0 0
1 1 0 1 1 0 0 0 0 0
1 1 0 1 1 1 0 0 0 0
1 1 1 1 1 0 0 0 0 0
1 1 1 1 1 0 0 0 0 0
Maze 87
85 12 3.2156862745 2.1976578704 45 0.394248008914442
89 66 25 39 12 100 82 45 50 40 59 45 88 67 90 89
86 65 35 32 92 92 42 400 400 39 55 85 87 87 400
401 401 401 401 401 401 402 400 400 402 401 401 401 401 400
0 0 0 0 0 0 0 0 0 0
0 1 0 0 0 0 0 0 0 0
0 1 0 0 1 0 0 0 0 0
0 1 1 1 1 1 1 1 1 1
0 1 1 1 1 1 1 1 1 1
0 1 0 0 1 1 1 1 1 0
0 1 0 0 1 1 1 0 0 0
0 1 0 0 1 1 1 0 0 0
0 1 0 0 1 1 1 1 2 1
0 1 1 1 1 1 1 1 1 1
Maze 88
97 801 3.3207547170 2.2312033591 51 0.383828406198196
86 93 16 36 52 77 10 27 13 74 89 74 18 24 7 86
83 13 400 32 72 7 7 23 73 84 84 14 14 4 6
402 402 400 402 401 402 402 401 401 401 401 402 402 402 402
0 0 0 1 1 1 1 1 1 1
0 0 1 1 1 1 1 1 0 0
0 0 1 1 1 1 1 0 0 0
0 1 1 1 1 1 1 0 0 0
0 1 1 1 0 1 1 0 0 0
0 1 1 1 0 1 1 0 0 0
0 1 1 1 0 1 1 0 0 0
0 1 1 1 1 1 1 0 0 0
0 0 1 1 1 2 1 1 1 0
0 0 1 0 0 0 0 0 0 0
Maze 89
105 62 3.6326530612 1.9211122810 66 0.378663731655620
19 82 90 71 18 41 33 93 95 43 82 66 14 64 27 19
12 400 81 11 11 31 400 400 93 42 62 64 400 24 17
402 400 401 402 402 402 400 400 401 402 402 401 400 402 402
0 0 0 0 0 0 0 0 0 0
1 1 1 1 1 1 1 1 2 0
1 1 0 1 1 1 1 0 0 0
1 1 1 1 0 0 0 0 0 0
1 1 1 1 0 0 0 0 0 0
1 1 1 1 0 0 0 0 0 0
1 1 1 1 1 1 0 0 0 0
1 1 1 0 0 0 0 0 0 0
1 1 1 1 1 1 1 1 1 1
0 0 1 1 1 0 0 0 0 0
Maze 90
71 21 2.5090909091 2.4423144833 9 0.413357423504830
41 37 38 21 12 9 39 78 59 100 44 33 12 17 47 41
31 400 31 11 2 400 38 58 99 94 43 32 400 400 400
402 400 401 402 402 400 402 402 401 401 401 401 400 400 400
0 1 1 1 1 1 1 1 1 0
1 1 1 1 1 1 1 0 1 0
1 1 0 0 0 0 1 0 1 0
1 1 1 1 1 1 1 1 1 0
2 1 1 1 1 1 1 1 0 0
0 0 0 1 0 0 0 1 1 0
0 0 0 1 0 0 0 1 1 0
0 0 0 1 0 0 0 1 1 0
0 0 0 1 0 0 0 0 1 0
0 0 0 1 1 1 1 1 1 1
Maze 91
75 12 2.7450980392 2.2330607497 26 0.386682250876506
49 10 2 37 24 23 70 83 87 88 57 52 68 29 38 49
9 400 32 34 400 63 63 400 400 87 400 62 28 28 48
402 400 401 401 400 401 402 400 400 401 400 401 402 402 401
0 1 1 1 1 1 1 1 1 1
0 1 0 0 0 0 0 0 1 0
0 1 1 1 0 0 0 1 1 0
0 1 1 1 1 1 1 1 1 0
0 0 1 0 0 0 0 1 2 0
0 1 1 1 1 1 1 1 0 0
0 1 1 1 1 1 1 1 1 1
0 0 1 0 0 0 1 0 0 0
0 0 1 1 1 1 1 1 0 0
0 0 0 0 0 0 0 0 0 0
Maze 92
111 61 3.4035087719 2.1119448957 112 0.394159790466284
61 99 1 45 69 56 46 50 83 94 99 4 66 40 72 61
91 91 41 65 66 400 400 43 93 400 94 64 36 32 71
401 401 401 401 401 400 400 402 401 400 401 401 402 402 401
1 0 0 1 0 0 0 0 0 0
1 0 0 1 0 0 0 0 0 0
1 0 0 1 0 0 0 0 0 0
1 1 1 1 1 1 1 1 1 1
1 1 1 1 1 1 1 1 1 1
1 1 1 1 1 1 0 0 0 0
2 1 1 1 1 1 1 1 1 0
1 1 1 1 0 0 0 0 0 0
1 0 1 1 0 0 0 0 0 0
1 1 1 1 1 1 1 1 1 0
Maze 93
105 3150 2.8484848485 2.2099806235 80 0.391341150427038
36 62 75 10 29 57 68 34 88 39 64 16 100 67 11 36
32 72 5 9 27 67 64 84 38 34 14 96 97 61 31
402 401 402 402 402 401 401 401 402 402 402 401 401 401 401
0 0 0 0 1 1 1 1 1 1
1 0 0 1 1 1 0 0 1 0
1 0 0 1 1 1 1 1 1 0
1 1 1 1 1 2 1 1 1 0
1 1 0 1 1 1 1 1 0 0
1 1 0 1 1 1 1 1 0 0
1 1 1 1 1 1 1 1 0 0
0 1 1 1 1 1 1 1 0 0
0 0 0 1 1 1 1 1 0 0
0 0 0 0 0 1 1 1 1 1
Maze 94
115 108 3.0153846154 2.0871005980 139 0.381560662771747
19 86 3 41 35 8 80 100 17 10 9 65 66 10 93 19
16 83 1 31 5 78 400 97 7 400 5 400 6 3 13
402 401 402 402 402 401 400 401 402 400 402 400 402 402 402
1 1 1 1 1 1 1 1 1 1
1 0 1 1 1 1 1 1 2 0
1 0 1 0 1 1 1 1 0 0
1 1 1 1 1 1 1 1 0 0
1 0 1 0 1 1 1 1 0 0
0 0 1 0 1 1 1 1 0 0
0 0 1 0 1 1 1 1 0 0
0 0 1 0 0 1 1 1 1 1
0 0 1 1 1 1 1 0 0 1
0 0 1 0 0 0 1 1 1 1
Maze 95
81 59 2.6557377049 2.4386837571 26 0.373835430129499
57 68 70 29 45 87 44 59 89 98 1 53 83 96 17 57
67 400 69 25 85 84 54 400 88 91 51 400 93 16 400
401 400 401 402 401 401 401 400 402 401 401 400 401 402 400
1 0 0 0 0 0 0 0 0 0
1 0 0 0 0 1 1 0 0 0
1 0 0 0 1 1 1 1 1 0
1 0 0 0 1 1 1 0 1 0
1 0 0 1 1 1 1 0 1 0
1 1 1 1 1 1 2 1 1 0
1 0 1 1 1 1 1 1 1 1
1 0 1 1 1 1 0 0 1 0
1 0 1 1 1 1 1 1 1 0
1 1 1 1 1 1 1 1 0 0
Maze 96
97 54 3.3333333333 1.9332382056 59 0.382845171889756
45 76 31 94 87 76 13 48 23 61 96 45 6 73 26 45
75 71 91 84 86 73 43 43 21 91 95 5 3 23 25
401 401 401 402 401 401 401 401 402 401 401 402 402 402 402
0 0 1 1 1 1 0 0 0 0
0 0 1 0 1 0 0 0 0 0
1 1 1 1 1 1 0 0 0 0
1 0 1 0 1 0 0 0 0 0
1 0 1 1 2 1 1 1 0 0
1 0 1 0 1 0 0 0 0 0
1 0 1 0 1 0 0 0 0 0
1 1 1 1 1 1 0 0 0 0
1 0 0 1 1 1 1 0 0 0
1 1 1 1 1 1 0 0 0 0
Maze 97
85 41 3.2000000000 1.9564757054 45 0.376208315319687
97 95 71 81 62 6 6 47 51 94 47 38 72 26 62 97
400 91 400 61 2 400 46 41 91 44 37 32 22 22 92
400 401 400 402 402 400 401 402 401 402 402 402 402 402 401
0 1 1 1 1 1 0 0 0 0
0 1 0 0 0 1 0 0 0 0
0 1 1 1 1 1 0 0 0 0
0 1 1 1 1 1 1 1 0 0
1 1 1 1 1 1 1 0 0 0
1 1 0 1 0 0 0 0 0 0
1 1 0 1 0 0 0 0 0 0
1 1 0 1 0 0 0 0 0 0
1 1 0 1 0 0 0 0 0 0
1 1 1 1 1 1 2 0 0 0
Maze 98
117 26 3.4385964912 2.0028468331 102 0.381341415606988
44 75 19 85 8 81 11 6 63 6 56 96 91 51 29 44
74 15 15 5 1 400 1 3 3 400 400 400 400 21 24
401 402 402 402 402 400 402 402 402 400 400 400 400 402 402
1 1 1 1 1 1 1 1 0 0
1 0 1 0 1 1 1 1 1 0
1 1 1 1 1 1 1 1 1 0
1 0 1 1 1 1 0 0 0 0
1 0 1 2 1 1 0 0 0 0
1 0 1 1 1 1 0 0 0 0
1 0 1 1 1 1 0 0 0 0
1 0 0 1 1 1 0 0 0 0
1 0 0 0 1 1 0 0 0 0
1 1 1 1 1 1 0 0 0 0
Maze 99
115 1062 3.0333333333 2.0379518783 105 0.386151927692520
70 10 93 17 90 55 7 84 93 6 76 54 86 73 43 70
400 3 13 87 85 5 4 83 3 400 74 84 83 400 63
400 402 402 401 401 402 402 402 402 400 401 401 401 400 401
0 0 1 1 1 1 1 1 1 1
0 0 1 1 1 1 1 0 0 1
0 0 1 1 1 1 1 0 0 1
0 0 1 1 1 1 1 0 0 1
0 0 1 1 1 1 1 0 0 1
0 0 1 1 1 1 1 0 0 1
0 0 1 1 1 1 1 1 1 2
0 0 1 1 1 1 1 0 0 0
0 0 1 1 1 1 1 1 1 1
0 0 1 0 0 0 0 0 0 0
Maze 100
111 1681 3.4909090909 2.0390090268 98 0.399872016977570
30 33 85 58 91 27 69 77 13 75 21 39 66 4 29 30
23 83 55 51 21 67 67 73 73 71 31 36 64 24 400
402 401 402 402 402 401 402 401 401 401 401 402 401 401 400
0 0 0 1 0 0 0 0 0 0
0 0 1 1 0 0 0 0 0 0
1 1 1 1 1 1 1 1 1 2
1 1 1 1 1 1 1 1 1 0
1 0 1 1 0 1 1 0 0 0
1 1 1 1 1 1 1 1 0 0
1 0 1 1 1 1 1 1 1 0
1 1 1 1 1 1 1 0 0 0
1 0 1 1 1 0 0 0 0 0
1 0 0 0 0 0 0 0 0 0
Maze 101
99 104 2.6060606061 2.2095078208 77 0.393764083015318
98 62 29 7 58 84 64 61 5 96 74 27 15 79 40 98
92 22 27 57 54 400 400 1 95 94 24 25 75 39 38
401 402 401 401 402 400 400 402 401 401 402 401 401 402 402
1 1 1 1 1 0 1 0 0 0
1 0 0 0 1 0 1 0 0 0
1 1 1 1 1 1 1 1 1 0
1 1 0 1 1 0 1 1 1 1
1 1 0 1 1 0 1 1 1 0
1 1 0 1 1 1 1 1 1 0
1 1 1 1 1 0 0 1 1 0
0 1 0 1 1 1 1 1 1 0
0 1 0 1 1 0 0 1 0 0
0 1 1 1 1 1 1 2 0 0
Maze 102
107 81 3.1929824561 2.0651501681 91 0.399615154253750
27 64 7 32 25 98 33 12 43 86 18 15 31 10 12 27
24 4 2 22 95 93 32 42 83 16 400 11 1 2 22
402 402 402 402 401 401 401 401 401 402 400 402 402 402 401
1 1 1 1 1 1 1 1 1 1
1 1 1 1 1 1 1 1 0 0
1 1 1 1 1 1 2 0 0 0
1 1 1 1 1 1 0 0 0 0
0 1 1 1 1 1 0 0 0 0
0 0 1 1 1 1 0 0 0 0
0 0 1 1 1 1 0 0 0 0
0 0 1 0 1 1 0 0 0 0
0 0 1 1 1 1 0 0 0 0
0 0 1 1 1 1 1 1 0 0
Maze 103
89 41 2.8571428571 2.1500941839 50 0.372794665445575
57 40 76 67 99 58 97 93 74 54 28 95 32 96 81 57
37 36 66 97 98 57 400 73 400 24 25 92 92 91 51
402 402 402 401 401 402 400 402 400 402 402 401 401 401 402
0 0 0 0 0 0 0 0 0 0
0 0 0 0 0 0 0 0 0 0
0 0 0 1 1 1 1 1 0 0
0 1 0 1 1 1 1 1 1 1
0 1 0 1 1 1 1 0 0 0
1 1 1 1 1 1 2 1 0 0
1 1 0 1 1 1 1 1 0 0
1 1 1 1 1 1 1 1 0 0
1 1 1 0 1 0 1 1 0 0
1 1 1 1 1 1 1 1 1 0
Maze 104
97 166 3.2881355932 2.3279295835 65 0.371026611676763
35 76 69 99 70 5 64 7 60 91 93 100 60 100 8 35
75 66 400 69 65 4 4 57 51 400 400 400 400 98 5
401 402 400 402 401 402 402 401 402 400 400 400 400 401 402
0 0 0 1 1 1 1 1 0 0
0 0 0 1 1 0 1 1 0 0
0 0 0 1 1 0 1 1 0 0
0 0 0 1 2 0 1 1 0 0
0 0 0 1 1 0 1 1 0 0
1 1 1 1 1 1 1 1 1 1
1 0 0 1 1 1 1 1 1 1
1 0 0 0 1 1 0 1 1 1
1 0 0 0 0 0 0 1 1 1
1 1 1 1 1 1 1 1 1 1
Maze 105
109 1712 3.3333333333 2.2004017857 65 0.387598157410410
67 76 81 56 73 4 17 71 82 53 11 100 66 9 31 67
66 71 51 53 3 14 11 81 52 51 91 96 6 1 61
402 402 402 402 402 401 402 401 402 401 401 401 402 402 401
1 1 1 1 1 1 1 1 1 0
1 1 1 1 1 1 1 0 0 0
1 0 1 0 0 1 0 0 0 0
1 0 1 0 0 1 0 0 0 0
1 0 1 0 0 1 0 0 0 0
1 1 1 1 1 1 0 0 0 0
1 1 1 1 1 1 2 0 0 0
1 1 1 1 1 1 0 0 0 0
1 1 0 0 0 1 0 0 0 0
1 1 1 1 1 1 1 1 1 1
Maze 106
107 1324 3.3818181818 2.1005204137 92 0.385117044508360
20 44 37 81 96 25 27 85 51 64 5 19 73 11 56 20
14 34 31 91 95 400 25 81 61 4 15 13 71 51 16
402 402 402 401 401 400 402 401 401 402 401 402 401 401 402
0 0 0 1 1 0 0 0 0 0
1 0 1 1 1 1 1 1 1 2
1 0 1 1 1 1 1 0 0 0
1 1 1 1 1 1 1 0 0 0
1 0 1 1 1 1 0 0 0 0
1 1 1 1 1 1 0 0 0 0
1 1 1 1 1 0 0 0 0 0
1 1 1 0 1 0 0 0 0 0
1 1 1 1 1 0 0 0 0 0
1 1 1 1 1 1 0 0 0 0
Maze 107
99 60 3.6470588235 2.1903618002 77 0.390839353260526
37 17 55 95 36 38 26 41 60 81 49 57 69 91 29 37
400 15 400 35 400 36 21 51 51 41 47 67 61 21 27
400 402 400 402 400 401 402 401 402 402 402 401 402 402 402
0 0 0 0 0 0 0 0 0 0
0 0 0 0 1 1 1 0 0 0
1 1 1 1 1 1 1 1 1 0
1 0 0 0 1 1 2 1 0 0
1 1 1 1 1 1 1 1 1 0
1 1 1 1 1 1 1 1 1 1
1 1 1 1 1 1 1 1 1 0
1 0 0 0 1 0 0 0 0 0
1 0 0 0 1 0 0 0 0 0
1 0 0 0 1 0 0 0 0 0
Maze 108
95 42 2.8363636364 2.0443376802 71 0.392654020429573
49 40 62 44 39 12 14 69 99 82 31 78 33 72 78 49
39 32 42 34 32 400 64 400 92 81 71 73 32 400 48
402 402 402 402 401 400 401 400 401 401 401 401 402 400 402
0 0 0 0 0 0 0 0 0 0
0 1 1 1 0 0 0 0 0 0
0 1 0 1 0 0 0 0 0 0
1 1 1 1 1 1 1 1 1 1
1 1 1 1 0 0 0 1 2 0
1 1 1 1 0 0 0 1 0 0
1 1 1 1 1 1 1 1 1 0
1 1 1 1 1 1 1 1 1 0
1 1 0 0 0 0 0 0 1 0
0 1 1 1 1 1 1 1 1 0
Maze 109
83 163 2.8363636364 2.3391218012 35 0.396707330679285
17 61 85 27 46 31 59 25 65 83 83 73 52 7 49 17
11 81 25 26 41 51 55 400 63 400 400 72 2 47 47
402 401 402 402 401 401 401 400 402 400 400 401 402 401 401
0 1 1 1 1 1 1 0 0 0
1 1 1 1 1 1 2 0 0 0
1 1 0 0 1 1 1 0 0 0
1 1 0 0 1 1 1 0 0 0
1 1 1 1 1 1 1 1 1 0
1 1 1 1 1 1 1 1 1 0
1 1 1 1 1 0 0 0 0 0
1 1 1 0 1 0 0 0 0 0
1 1 1 1 1 0 0 0 0 0
0 0 0 0 0 0 0 0 0 0
Maze 110
107 580 3.5272727273 2.1364430563 105 0.392171644693943
83 29 86 4 28 65 74 2 33 88 7 8 54 39 82 83
23 26 84 24 25 64 72 32 83 87 400 4 34 32 400
402 402 401 401 402 402 401 401 401 401 400 402 402 402 400
0 1 0 1 1 1 1 1 0 0
0 1 0 1 0 0 1 0 0 0
0 1 1 1 1 1 1 1 1 0
0 1 1 1 1 1 1 1 1 0
0 1 1 1 1 1 1 0 0 0
0 1 1 1 1 1 1 0 0 0
0 1 1 1 1 1 1 0 0 0
0 1 1 1 0 1 1 0 0 0
0 1 2 1 1 1 1 1 0 0
0 0 0 0 0 0 0 0 0 0
Maze 111
119 369 2.9090909091 2.3235529791 139 0.393538274318326
83 57 29 10 91 79 29 97 84 40 42 19 49 99 30 83
53 27 9 1 71 400 27 94 34 32 12 400 400 29 23
402 402 402 402 402 400 402 401 402 402 402 400 400 402 402
1 1 1 1 1 1 1 1 1 1
1 1 1 1 1 1 1 1 1 0
1 1 1 1 1 1 1 1 1 1
1 1 1 1 1 1 1 1 1 1
1 1 1 1 0 0 1 0 1 0
1 0 1 1 1 1 1 0 1 0
1 0 1 1 0 0 1 0 1 0
1 1 1 1 1 1 1 1 1 0
1 0 2 1 0 0 1 0 1 0
1 0 0 1 1 1 1 0 1 0
Maze 112
103 3 3.0980392157 1.8589043440 70 0.384583670535703
50 84 45 44 99 44 50 84 12 30 68 48 30 15 90 50
44 44 400 94 94 400 44 82 22 28 400 28 25 85 400
402 402 400 401 401 400 402 401 401 402 400 402 401 401 400
0 0 0 0 0 0 0 0 0 0
0 1 0 0 1 0 0 0 0 0
0 1 1 1 1 1 1 1 1 1
0 1 0 0 1 0 0 1 0 0
0 1 0 1 1 1 1 1 1 2
0 1 0 1 1 0 0 1 0 1
0 1 0 1 1 0 0 1 0 1
0 1 0 1 1 0 0 0 0 1
0 1 1 1 1 1 1 1 1 1
0 0 0 1 1 1 1 1 1 0
Maze 113
85 15 3.2083333333 2.1667049426 56 0.387490866415941
24 15 49 44 69 44 48 75 100 24 40 18 18 15 62 24
14 45 400 64 64 400 45 95 94 34 38 400 400 12 22
402 401 400 401 401 400 402 401 401 401 401 400 400 402 402
0 0 0 0 0 0 0 0 0 0
0 1 1 1 1 1 1 1 0 0
0 1 1 2 1 0 0 1 0 0
0 1 0 1 1 1 1 1 1 1
0 1 0 1 1 1 1 1 1 0
0 1 0 1 1 0 0 0 0 0
0 1 0 1 1 1 1 1 1 0
0 0 0 1 1 0 0 0 0 0
0 0 0 1 1 0 0 0 0 0
0 0 0 1 1 1 1 1 1 1
Maze 114
73 49 3.1627906977 2.1065988828 20 0.364988085002244
40 45 27 30 86 76 9 25 33 55 36 47 37 94 77 40
35 25 400 26 400 6 5 23 53 35 46 400 34 74 37
402 402 400 402 400 402 402 402 401 402 401 400 402 402 402
0 0 0 0 1 1 1 1 1 0
0 0 0 0 1 1 0 0 0 0
0 0 1 1 1 1 1 1 1 1
0 0 1 1 1 1 1 1 1 2
0 0 1 1 1 1 1 0 0 0
0 0 1 1 1 1 1 0 0 0
0 0 0 1 0 1 1 0 0 0
0 0 0 1 1 1 1 0 0 0
0 0 0 1 0 1 0 0 0 0
0 0 0 1 0 0 0 0 0 0
Maze 115
79 14 3.3846153846 2.0356810741 30 0.378157194173673
88 28 90 83 64 87 16 37 57 100 48 20 76 56 97 88
400 88 400 63 84 86 36 400 97 98 18 16 400 96 87
400 401 400 402 401 401 401 400 401 401 402 402 400 401 402
0 0 0 0 0 0 0 0 0 0
0 0 0 0 0 1 1 1 1 1
0 0 0 0 0 1 0 1 0 0
0 0 0 0 0 1 1 1 0 0
0 0 0 0 0 1 1 1 0 0
0 0 0 0 0 1 1 1 0 0
0 0 1 1 0 1 1 1 0 0
0 0 1 1 0 1 1 1 0 0
0 0 1 1 1 1 1 2 1 1
0 0 0 0 0 1 1 1 1 1
Maze 116
109 2779 3.1384615385 2.2959570931 112 0.373963558901953
51 89 8 28 13 69 60 41 52 99 51 11 36 97 23 51
81 88 400 23 63 59 51 51 92 91 400 31 96 93 21
401 401 400 401 401 402 401 401 401 401 400 401 401 401 402
0 0 0 0 0 0 0 1 0 0
1 0 1 0 0 0 0 1 0 0
1 1 1 1 1 1 1 1 0 0
1 1 1 1 1 1 0 1 0 0
1 0 1 0 0 1 0 1 0 0
2 1 1 1 1 1 1 1 1 1
1 1 1 1 1 1 1 1 1 0
1 1 1 0 0 1 0 1 0 0
1 1 1 1 1 1 1 1 1 0
1 1 1 1 1 1 1 1 1 0
Maze 117
115 202 3.3220338983 2.0849625007 147 0.380148586991196
28 6 36 93 24 1 55 35 33 65 8 91 29 12 80 28
26 400 33 23 21 51 400 400 63 5 1 21 22 72 78
401 400 402 402 401 401 400 400 401 402 402 402 401 401 401
1 1 1 1 1 1 1 1 0 0
1 1 0 0 1 1 0 0 0 0
1 1 1 1 1 1 1 2 1 0
1 1 1 1 1 1 0 1 0 0
1 1 1 0 1 0 0 1 0 0
1 1 1 1 1 0 0 1 0 0
1 1 1 1 1 0 0 1 0 0
1 1 1 1 1 1 1 1 1 1
1 0 1 0 0 0 0 0 0 0
1 0 1 0 0 0 0 0 0 0
Maze 118
97 168 3.1578947368 2.1559524309 71 0.388445319461385
86 49 61 25 5 55 3 30 84 15 99 100 29 38 56 86
46 41 21 400 400 53 23 24 14 95 400 99 28 36 400
402 402 402 400 400 401 401 402 402 401 400 401 402 402 400
0 0 1 0 1 0 0 0 0 0
0 0 1 1 1 0 0 0 0 0
1 1 1 1 1 1 1 1 1 1
1 0 1 1 1 1 1 1 1 0
1 1 1 1 1 1 1 1 1 0
1 0 1 1 1 1 0 0 1 0
1 0 0 1 1 1 0 0 1 0
0 0 0 1 1 1 0 0 1 0
0 0 0 1 1 2 0 0 1 0
0 0 0 0 1 1 1 1 1 1
Maze 119
85 62 3.1153846154 2.3046710610 45 0.381184832147144
76 39 38 38 50 42 73 76 91 30 60 61 4 21 46 76
36 400 400 48 400 72 400 71 21 400 51 1 1 41 400
402 400 400 401 400 401 400 402 402 400 402 402 402 401 400
1 1 1 1 0 0 0 0 0 0
1 0 0 0 0 0 0 0 0 0
1 1 1 1 1 1 1 1 1 1
1 0 0 0 0 1 1 1 1 1
1 1 1 1 1 1 1 1 1 1
1 1 1 1 1 1 1 1 1 1
1 1 0 0 0 1 0 0 0 0
1 1 1 1 1 2 0 0 0 0
1 0 0 0 0 0 0 0 0 0
1 0 0 0 0 0 0 0 0 0
Maze 120
115 85 3.6470588235 2.0439206005 126 0.385147131167114
49 5 14 74 42 80 11 77 34 44 83 18 91 43 27 49
45 4 400 72 72 71 71 74 400 43 13 11 41 23 47
401 402 400 401 401 401 401 401 400 402 402 402 402 402 401
0 0 0 1 1 0 0 0 0 0
1 1 1 1 1 1 1 1 0 0
1 0 1 1 1 1 1 0 0 0
1 0 1 1 1 0 1 0 0 0
1 1 1 1 1 1 1 1 2 0
1 1 1 1 0 0 0 0 0 0
1 1 1 1 0 0 0 0 0 0
1 1 1 1 1 1 1 1 1 1
1 0 1 0 0 0 0 0 0 0
1 0 0 0 0 0 0 0 0 0
Maze 121
107 15 3.1785714286 2.0868631820 92 0.393062748414698
15 40 9 83 90 62 79 58 51 88 71 75 61 83 29 15
35 39 3 400 82 72 78 400 81 81 400 71 81 23 25
401 401 402 400 401 401 401 400 401 401 400 401 401 402 401
0 0 1 1 1 1 1 1 1 0
0 0 1 0 2 0 0 0 1 0
0 0 1 1 1 1 1 1 1 0
0 0 1 0 1 1 1 1 1 1
0 0 1 0 0 0 0 0 0 0
1 1 1 1 1 1 1 1 0 0
1 1 1 0 0 0 0 1 0 0
1 1 1 1 1 1 1 1 1 0
1 1 1 1 1 1 1 1 1 1
0 0 0 0 0 0 0 0 0 0
Maze 122
101 84 3.2142857143 2.1062748010 66 0.380121928128297
21 59 36 14 28 54 10 64 87 48 88 67 93 44 40 21
51 56 34 24 24 4 4 84 47 400 87 63 43 34 31
401 401 401 401 402 402 402 401 402 400 401 402 402 402 401
0 0 0 1 1 1 1 1 1 1
0 0 0 1 0 0 0 0 0 0
2 0 0 1 1 1 1 1 0 0
1 1 1 1 1 1 1 1 1 1
1 0 1 1 0 1 1 1 0 0
1 1 1 1 1 1 1 1 1 0
0 0 1 1 1 1 1 1 0 0
0 0 1 1 0 0 1 1 0 0
0 0 1 1 1 1 1 1 0 0
0 0 1 0 0 0 0 0 0 0
Maze 123
129 39 3.0000000000 1.9450305666 166 0.379254731207683
100 10 93 7 93 17 23 50 28 29 14 19 85 25 31 100
400 3 3 3 13 13 43 48 400 24 400 15 400 21 91
400 402 402 402 402 402 401 401 400 401 400 402 400 402 401
0 0 1 1 1 1 1 1 1 1
0 0 1 1 1 1 1 1 1 1
1 1 1 1 1 1 1 1 1 1
1 0 1 0 1 0 0 1 0 1
1 0 1 1 1 1 1 1 1 1
1 0 1 0 1 0 0 0 0 1
1 0 1 0 1 0 0 0 0 1
1 0 1 0 1 0 0 0 0 1
1 0 1 0 1 0 0 0 0 1
1 1 1 1 1 1 1 1 1 2
Maze 124
121 1221 3.1944444444 2.3125681286 131 0.394884737389621
93 10 81 79 24 47 71 88 30 19 73 22 16 58 55 93
3 1 71 74 44 41 81 28 29 13 72 12 56 400 53
402 402 402 401 401 402 401 402 401 402 401 402 401 400 402
1 1 1 1 1 1 1 1 1 1
1 1 1 1 1 1 1 1 1 0
1 1 1 1 0 1 0 1 1 1
1 1 1 1 0 1 0 1 0 0
1 1 1 1 1 1 1 1 0 0
1 1 1 1 1 1 1 1 0 0
1 1 1 1 0 0 0 1 0 0
1 1 1 1 1 1 1 1 1 0
1 1 1 1 1 1 1 1 0 0
0 0 2 0 0 0 0 0 0 0
Maze 125
91 416 2.5882352941 1.8214801316 36 0.397353481706163
4 65 5 33 62 86 25 27 77 34 82 94 18 48 97 4
64 400 3 32 82 85 400 400 74 32 92 14 400 47 94
401 400 402 402 401 401 400 400 401 402 401 402 400 402 401
0 0 1 2 1 0 0 0 0 0
0 0 1 1 1 1 1 1 0 0
0 0 1 1 1 1 1 1 0 0
0 1 1 1 1 0 1 1 0 0
0 1 0 1 1 0 1 1 0 0
0 1 0 1 1 0 1 0 0 0
0 1 0 1 1 0 1 0 0 0
0 1 0 1 1 1 1 0 0 0
0 1 1 1 1 1 1 0 0 0
0 1 1 1 1 1 1 0 0 0
Maze 126
129 30 3.2941176471 1.6472586030 116 0.374320455611585
37 48 12 7 98 39 11 10 97 8 52 82 8 92 87 37
47 42 2 97 38 31 1 7 7 2 400 2 2 82 400
401 401 402 401 402 401 402 402 402 402 400 402 402 402 400
1 1 1 1 1 1 1 1 1 1
1 1 0 0 0 0 1 0 0 0
1 1 0 0 0 0 1 0 0 0
1 1 1 1 1 1 2 1 1 0
0 1 1 1 1 1 1 1 0 0
0 1 0 0 0 0 1 1 0 0
0 1 0 0 0 0 1 1 0 0
0 1 0 0 0 0 1 1 0 0
0 1 1 1 1 1 1 1 0 0
0 1 0 0 0 0 1 1 0 0
Maze 127
119 304 3.3548387097 2.1644163541 132 0.376151425651020
81 18 12 96 69 53 39 5 62 5 84 98 61 97 88 81
11 400 92 66 63 33 35 2 2 4 94 91 91 87 400
402 400 401 402 401 402 401 402 402 402 401 401 401 402 400
0 1 1 1 1 0 0 0 0 0
1 1 1 1 1 1 1 1 0 0
1 1 0 1 1 0 0 0 0 0
1 1 1 1 1 1 1 1 1 0
1 1 1 1 0 0 0 0 0 0
1 1 1 1 0 0 0 0 0 0
1 1 1 1 1 1 1 1 1 0
1 1 0 1 0 1 0 0 0 0
2 1 1 1 1 1 1 1 0 0
1 1 1 1 1 1 1 1 0 0
Maze 128
113 1044 3.4516129032 2.2967484259 92 0.387867755910346
34 2 37 98 32 16 95 65 23 69 69 81 1 89 14 34
32 32 97 92 12 15 400 63 63 400 61 400 81 84 400
401 401 401 401 402 402 400 401 401 400 402 400 401 401 400
1 1 0 0 0 0 0 0 0 0
1 1 1 1 1 1 0 0 0 0
1 1 1 1 1 0 0 0 0 0
1 1 1 2 1 1 1 0 0 0
1 1 1 1 1 0 1 0 0 0
1 1 1 1 1 0 1 0 0 0
1 1 1 1 1 1 1 1 1 0
1 1 0 1 1 0 1 0 0 0
1 1 1 1 1 1 1 1 1 0
0 1 1 1 1 1 1 1 0 0
Maze 129
95 139 2.9836065574 2.3278535886 64 0.380311773642578
74 89 48 58 43 92 21 94 50 80 42 42 6 3 88 74
84 88 400 53 42 91 91 44 400 72 400 2 400 83 84
401 401 400 401 402 401 401 402 400 401 400 402 400 401 401
0 1 1 1 1 1 0 0 0 0
0 1 1 0 0 0 0 0 0 0
1 1 1 0 0 0 0 0 0 0
1 1 1 0 0 0 0 0 0 0
1 1 1 1 1 1 1 1 1 1
1 1 1 1 1 1 1 1 0 1
1 1 1 1 0 0 0 1 0 1
1 1 1 2 1 1 1 1 1 1
1 1 1 1 1 1 1 1 1 0
1 1 1 1 0 0 0 0 0 0
Maze 130
73 80 2.8888888889 2.1787914423 11 0.399585170452974
25 7 91 96 65 16 28 7 37 77 65 86 26 67 5 25
5 1 400 95 15 26 27 400 400 75 85 400 66 65 400
402 402 400 401 402 401 401 400 400 401 401 400 401 401 400
1 1 1 1 1 1 1 0 0 0
1 0 0 0 1 1 1 0 0 0
1 0 0 0 2 1 1 1 0 0
1 0 0 0 1 1 1 0 0 0
1 0 0 0 1 1 1 0 0 0
1 0 0 0 1 1 1 0 0 0
1 0 0 0 1 1 1 0 0 0
1 0 0 0 1 1 1 0 0 0
1 0 0 0 1 1 0 0 0 0
1 1 1 1 1 1 0 0 0 0
Maze 131
83 19 2.7777777778 2.2854253627 25 0.385520504302157
67 86 97 77 41 13 81 18 60 54 52 22 94 47 38 67
66 96 400 71 11 11 11 58 400 400 400 92 44 37 37
402 401 400 401 402 402 402 401 400 400 400 401 402 402 402
0 0 0 0 0 0 0 0 0 0
1 1 1 1 1 1 1 1 0 0
1 1 0 0 0 0 0 1 0 0
1 1 0 0 0 0 1 1 0 0
1 1 0 1 1 1 1 1 0 0
1 1 1 1 1 1 1 1 1 1
1 1 0 1 0 1 2 0 0 0
1 1 1 1 1 1 1 0 0 0
1 1 0 1 0 1 1 0 0 0
0 1 1 1 0 1 1 0 0 0
Maze 132
113 384 3.5438596491 2.1322777753 92 0.395567590217940
70 61 85 27 94 58 18 79 64 74 99 23 78 20 64 70
400 81 25 24 54 400 78 74 400 94 93 73 18 14 400
400 401 402 402 402 400 401 401 400 401 401 401 402 402 400
0 0 0 0 0 0 0 0 0 0
0 0 0 1 1 1 1 1 1 1
0 0 1 1 1 1 1 1 0 0
0 0 1 1 1 0 0 1 0 0
0 0 1 1 1 0 0 1 0 0
0 0 1 1 1 1 1 1 0 0
1 1 1 1 1 1 1 1 1 2
1 0 1 1 1 1 1 1 1 0
1 1 1 1 1 0 0 0 0 0
0 0 1 1 1 1 1 1 1 0
Maze 133
87 9 2.5970149254 2.4375000000 50 0.357649262445362
36 45 95 28 49 20 91 91 92 13 34 90 47 98 26 36
35 400 25 48 19 11 400 400 12 33 84 87 97 96 400
402 400 402 401 402 402 400 400 402 401 401 401 401 401 400
0 0 0 0 0 0 0 0 0 0
1 1 1 1 1 1 1 1 1 1
1 1 1 0 1 1 1 1 1 0
1 1 1 1 1 2 0 1 1 0
1 1 0 1 1 1 1 1 1 0
1 1 0 1 1 1 1 0 0 0
1 1 0 1 1 1 1 0 0 0
1 1 0 1 1 1 1 0 0 0
1 1 0 1 1 1 1 1 1 1
1 1 0 0 1 1 1 1 0 0
Maze 134
65 18 2.7272727273 2.1297511124 16 0.328967441340921
75 61 97 79 48 4 4 34 4 6 75 35 41 84 73 75
71 91 77 78 44 400 400 400 400 5 400 31 81 83 400
401 401 402 401 401 400 400 400 400 402 400 402 401 401 400
0 0 0 1 1 1 0 0 0 0
0 0 0 1 1 0 0 0 0 0
0 0 0 1 1 0 0 0 0 0
1 1 1 1 1 0 0 0 0 0
1 0 0 1 1 1 1 1 0 0
1 0 0 0 1 0 0 1 0 0
1 0 0 0 1 0 0 1 0 0
1 1 1 1 2 0 1 1 1 0
1 1 1 1 0 0 1 0 0 0
1 1 1 1 1 1 1 0 0 0
Maze 135
85 54 3.1818181818 1.9562299112 50 0.393564198974167
79 44 3 43 73 85 58 53 75 96 58 16 30 85 30 79
74 43 400 400 83 55 400 73 95 56 56 26 25 25 29
401 401 400 400 401 402 400 401 401 402 401 401 402 402 402
0 0 1 0 0 0 0 0 0 0
0 0 1 0 0 1 0 0 0 0
0 0 1 0 1 1 1 1 1 1
0 0 1 0 1 1 0 0 1 0
0 0 1 1 1 1 0 0 1 0
0 0 1 1 1 1 1 1 1 0
0 0 1 1 1 1 0 0 1 0
0 0 1 1 1 1 1 1 2 0
0 0 1 1 1 1 0 0 0 0
0 0 0 0 1 1 0 0 0 0
Maze 136
95 21 3.5744680851 2.0257023249 66 0.391712928286268
100 70 63 42 38 14 93 99 32 93 64 51 69 26 77 100
400 400 62 32 34 13 400 92 92 63 61 61 66 76 97
400 400 401 402 401 402 400 401 401 402 401 401 401 401 401
0 0 0 0 0 0 0 0 0 0
0 0 1 1 0 0 0 0 0 0
0 0 1 1 0 1 0 0 0 0
0 1 1 1 1 1 1 1 0 0
0 1 1 0 0 1 0 0 0 0
1 1 1 0 0 1 0 0 0 0
1 1 1 1 1 1 1 1 1 1
0 1 1 0 0 1 1 0 0 1
0 1 1 0 0 0 1 0 0 1
0 1 1 1 1 1 1 1 1 2
Maze 137
129 552 3.1428571429 2.1674320467 159 0.398810121689702
29 66 71 10 92 19 55 42 33 72 38 57 28 89 1 29
26 61 1 2 12 15 52 32 32 32 37 27 88 81 21
402 402 402 402 402 402 401 402 402 402 402 402 401 401 401
1 1 1 1 1 1 1 1 1 1
1 1 1 1 1 1 1 1 1 0
1 1 1 1 1 1 1 1 2 0
1 1 1 1 1 1 1 1 0 0
1 1 0 0 1 1 1 1 0 0
1 1 1 1 1 1 1 1 0 0
1 1 1 1 1 1 0 1 0 0
1 1 0 0 0 0 0 1 0 0
1 1 1 1 1 1 1 1 1 0
0 1 0 0 0 0 0 0 0 0
Maze 138
89 41 3.4146341463 1.8775470338 44 0.372541331526169
33 87 65 76 91 75 66 6 2 76 42 58 76 33 67 33
83 85 75 71 71 65 400 400 72 72 52 56 73 63 63
401 401 401 402 402 402 400 400 401 401 401 402 401 401 401
0 1 1 1 1 1 0 0 0 0
0 1 0 0 0 1 0 0 0 0
0 1 0 0 0 1 0 0 0 0
0 1 2 0 0 1 0 0 0 0
0 1 1 0 0 1 0 0 0 0
0 1 1 1 1 1 1 1 0 0
0 1 1 1 1 1 1 0 0 0
1 1 1 1 1 1 0 0 0 0
1 0 1 1 1 1 1 0 0 0
1 0 0 0 0 0 0 0 0 0
Maze 139
95 72 3.7083333333 2.1771102584 66 0.379188253742785
51 24 92 6 9 71 65 51 76 48 60 76 35 46 59 51
21 22 2 400 1 61 61 71 46 58 56 75 45 56 400
402 402 402 400 402 402 401 401 402 401 402 401 401 401 400
1 1 1 1 1 1 1 1 1 0
1 1 0 0 0 0 0 0 0 0
1 1 1 1 0 0 0 0 0 0
1 1 0 0 1 0 0 0 0 0
1 1 0 0 1 1 1 1 0 0
2 1 1 1 1 1 1 1 1 1
1 1 1 1 1 1 0 0 0 0
1 1 1 1 1 1 0 0 0 0
0 1 0 0 0 0 0 0 0 0
0 1 0 0 0 0 0 0 0 0
Maze 140
87 1300 2.6153846154 2.4296067401 40 0.358195356237268
35 94 61 70 19 65 96 46 13 31 61 89 28 66 26 35
34 91 400 69 15 95 400 43 11 400 81 88 26 400 25
402 401 400 401 402 401 400 401 402 400 401 401 402 400 402
0 0 0 0 0 0 0 0 0 0
1 1 1 0 1 1 1 1 1 0
1 0 1 0 1 1 1 1 1 0
1 0 1 1 2 1 0 1 1 0
1 0 1 1 1 1 0 1 1 0
1 0 0 1 1 1 0 1 1 0
1 1 1 1 1 1 1 1 1 1
1 0 0 1 1 1 0 1 0 0
1 1 1 1 1 1 1 1 1 0
1 1 1 1 1 1 0 0 0 0
Maze 141
119 1544 3.2258064516 2.1621833341 92 0.386714727702737
9 45 99 67 85 21 59 94 11 25 52 67 37 4 81 9
5 95 97 65 81 51 54 91 21 22 62 400 34 1 1
402 401 401 402 401 401 402 401 401 402 401 400 401 402 402
1 1 1 1 1 1 1 1 2 0
1 0 0 1 1 0 0 0 0 0
1 1 1 1 1 0 0 0 0 0
1 1 0 1 1 1 1 0 0 0
1 1 0 0 1 0 1 0 0 0
1 1 1 1 1 1 1 1 1 0
1 1 1 1 1 1 1 0 0 0
1 0 0 1 1 0 1 0 0 0
1 1 1 1 1 0 1 0 0 0
1 1 1 1 1 1 1 1 1 0
Maze 142
107 173 3.4827586207 2.2162384708 97 0.375144356922457
3 46 51 89 95 9 55 55 18 52 58 60 87 72 69 3
43 41 81 85 5 5 400 15 12 400 400 57 82 62 63
401 402 401 402 402 402 400 402 402 400 400 402 401 402 401
0 0 2 0 1 1 1 1 1 0
0 1 1 1 1 1 1 1 0 0
0 1 1 0 1 0 0 0 0 0
0 1 1 0 1 0 0 0 0 0
1 1 1 1 1 1 0 0 0 0
1 1 1 1 1 1 1 1 1 1
1 1 1 1 1 1 1 1 1 0
1 1 0 0 1 0 1 0 0 0
1 1 1 1 1 1 1 1 1 0
0 0 0 0 1 0 0 0 0 0
Maze 143
129 177 3.3448275862 1.8820387699 201 0.393556282027585
100 51 55 95 6 49 96 86 3 90 51 60 99 3 100 100
91 400 400 5 46 46 400 83 83 81 400 59 93 93 400
401 400 400 402 401 402 400 401 401 401 400 402 401 401 400
0 0 1 0 1 1 0 0 0 0
0 0 1 0 1 1 0 0 0 0
0 0 1 0 1 1 0 0 0 0
0 0 1 0 1 1 0 0 0 0
0 0 1 0 1 1 1 1 1 0
1 1 1 1 1 1 1 1 1 1
1 0 1 0 1 1 0 0 1 0
1 0 1 0 1 1 0 0 1 0
1 1 1 1 1 1 1 1 1 1
1 1 1 1 1 1 1 1 1 2
Maze 144
85 71 2.9433962264 2.1704275180 35 0.381324962011483
27 74 36 6 26 19 15 1 24 97 71 7 5 35 60 27
24 34 400 400 16 400 11 21 94 91 1 400 400 55 57
402 402 400 400 402 400 401 401 401 401 402 400 400 401 401
1 1 1 1 1 1 1 0 0 0
1 1 1 1 1 1 1 1 1 0
1 1 1 1 1 1 2 0 0 0
1 0 0 1 1 1 1 0 0 0
1 0 0 1 1 0 1 0 0 0
1 0 0 1 1 1 1 1 1 1
1 0 0 1 0 0 0 0 0 0
1 0 0 1 0 0 0 0 0 0
1 0 0 1 0 0 0 0 0 0
1 1 1 1 1 1 1 0 0 0
Maze 145
115 182 2.9491525424 1.9874666352 133 0.403435696826135
58 83 36 83 43 99 1 13 56 71 8 48 66 52 7 58
53 33 33 400 93 91 11 53 51 1 400 46 62 2 57
402 402 402 400 401 401 401 401 402 402 400 402 401 402 401
1 1 1 1 1 1 1 1 0 0
1 1 1 0 0 0 1 1 0 0
1 1 1 0 0 0 1 1 0 0
1 1 1 1 1 1 1 1 0 0
1 1 1 0 0 1 1 1 0 0
1 1 1 1 1 1 1 2 0 0
1 1 1 1 1 1 0 0 0 0
1 0 1 0 0 0 0 0 0 0
1 0 1 0 0 0 0 0 0 0
1 1 1 1 1 1 1 1 1 0
Maze 146
115 60 3.4035087719 2.0524369843 109 0.397337070345490
8 62 96 38 92 93 92 6 48 87 98 100 5 100 14 8
2 92 36 32 400 400 2 46 47 97 400 95 95 94 4
402 401 402 402 400 400 402 401 402 401 400 401 401 401 402
0 1 1 1 1 1 1 2 0 0
0 1 0 1 1 1 0 0 0 0
0 1 0 1 1 1 0 0 0 0
0 1 1 1 1 1 1 1 0 0
0 1 0 1 1 1 1 1 0 0
0 1 0 1 1 1 1 0 0 0
0 1 0 1 1 1 1 0 0 0
0 1 0 1 1 1 1 0 0 0
0 1 0 1 1 1 1 0 0 0
0 1 1 1 1 1 1 1 1 1
Maze 147
105 315 2.8750000000 2.2004017857 98 0.396400424314718
89 68 25 31 7 47 83 32 91 16 76 23 85 78 52 89
88 65 21 1 400 43 82 31 11 400 73 83 75 72 82
401 401 402 402 400 402 401 402 402 400 401 401 402 401 401
1 1 1 1 1 1 1 0 0 0
1 1 1 1 1 1 1 0 0 0
1 1 1 1 1 1 1 0 0 0
1 1 1 0 1 1 1 0 0 0
1 1 1 1 1 1 1 0 0 0
1 1 1 0 1 1 0 0 0 0
1 1 1 0 1 1 1 1 0 0
1 1 1 1 1 1 1 1 0 0
1 1 1 1 1 1 1 1 2 0
1 0 0 0 0 0 0 0 0 0
Maze 148
91 32 3.5102040816 2.1634544791 45 0.379819296944759
79 11 31 63 4 64 99 55 60 47 24 4 63 85 34 79
71 400 61 3 400 94 95 400 57 44 400 3 83 84 74
401 400 401 402 400 401 401 400 401 401 400 402 401 401 401
0 0 1 1 0 0 0 0 0 0
1 0 1 1 0 0 0 0 0 0
1 0 1 1 0 0 0 0 0 0
1 0 1 1 0 0 0 0 0 0
1 0 1 1 1 1 1 0 0 0
1 0 1 1 1 1 1 1 1 1
1 1 1 1 1 0 0 0 0 0
1 1 1 1 1 1 1 1 2 0
0 0 1 1 1 0 0 0 0 0
0 0 0 1 1 1 1 1 1 0
Maze 149
95 4679 3.3076923077 2.1275846358 77 0.392157046586672
79 24 48 98 45 60 35 69 59 26 39 87 7 44 19 79
74 44 400 95 55 55 65 400 56 36 37 400 4 14 400
401 401 400 401 401 401 401 400 401 401 402 400 402 402 400
0 0 0 1 1 1 1 0 0 0
0 0 0 1 1 1 1 1 1 0
0 0 0 1 0 1 1 0 1 0
0 0 0 1 1 1 1 1 1 0
0 0 0 1 1 1 1 1 1 0
0 0 0 1 1 1 1 1 1 1
0 0 0 1 1 1 1 1 1 0
0 0 0 1 1 1 1 1 2 0
0 0 0 0 1 0 1 1 0 0
0 0 0 0 1 1 1 1 0 0
Maze 150
97 97 3.2272727273 1.7570726453 39 0.386193104274037
4 47 65 43 19 82 42 77 88 22 84 33 45 84 22 4
44 45 63 13 12 400 72 87 82 82 83 43 44 82 2
401 402 401 402 402 400 401 401 401 401 401 401 402 401 402
0 1 1 2 0 0 0 0 0 0
0 1 1 1 1 1 1 1 1 0
0 1 1 1 0 0 0 0 0 0
0 1 1 1 0 0 0 0 0 0
0 1 1 1 1 1 1 0 0 0
0 1 1 1 1 0 0 0 0 0
0 1 1 1 1 0 0 0 0 0
0 1 1 1 1 1 1 0 0 0
0 1 1 1 1 1 1 1 0 0
0 0 0 0 0 0 0 0 0 0
Maze 151
103 38 3.1636363636 2.0366596856 55 0.401932589264684
46 11 99 81 13 83 61 55 6 36 14 75 6 2 9 46
41 91 91 11 400 81 51 5 400 34 74 5 400 400 6
401 401 401 402 400 401 402 402 400 401 401 402 400 400 402
0 1 1 1 1 1 1 1 1 0
1 1 1 1 1 1 0 0 0 0
1 0 1 1 1 1 0 0 0 0
1 0 1 1 1 1 0 0 0 0
1 1 1 1 1 2 0 0 0 0
1 1 1 1 1 0 0 0 0 0
1 0 1 1 1 0 0 0 0 0
1 0 1 1 1 0 0 0 0 0
1 1 1 0 0 0 0 0 0 0
1 1 1 1 1 1 1 1 1 0
Maze 152
85 40 3.0400000000 2.2634368815 50 0.386858729565670
7 36 61 73 11 42 75 57 92 24 43 14 41 68 29 7
6 31 71 71 41 72 55 52 22 23 13 11 61 28 27
402 402 401 401 401 401 402 402 402 402 402 402 401 402 401
0 0 0 0 0 1 2 0 0 0
1 1 1 1 0 1 1 0 0 0
1 1 1 1 0 1 1 1 1 0
1 1 1 1 1 1 0 1 0 0
1 1 1 0 0 0 0 1 0 0
1 1 1 1 1 1 1 1 0 0
1 1 1 1 1 1 1 1 0 0
1 1 1 1 1 0 0 0 0 0
0 1 0 0 0 0 0 0 0 0
0 1 0 0 0 0 0 0 0 0
Maze 153
103 62 2.8358208955 2.3232417715 50 0.370632160218581
65 26 46 6 1 8 100 19 36 2 43 8 94 1 21 65
25 400 400 400 400 98 99 16 32 42 3 4 91 400 61
402 400 400 400 400 401 401 402 401 401 402 402 401 400 401
1 1 1 1 1 1 1 1 0 0
1 1 1 1 0 1 1 1 1 0
1 1 1 1 1 1 0 1 1 0
1 1 1 1 1 1 0 1 1 0
1 1 1 1 1 1 0 1 1 0
1 0 0 1 1 0 0 1 1 0
1 1 1 1 2 0 0 1 1 0
1 0 0 1 0 0 0 1 1 0
1 0 0 1 0 0 0 1 1 0
1 1 1 1 0 0 0 1 1 1
Maze 154
77 6 2.9166666667 2.1862124221 22 0.402670703044989
36 37 64 38 62 78 95 43 86 84 83 88 49 70 9 36
400 34 34 32 72 75 93 83 400 400 400 48 69 69 6
400 402 402 402 401 402 401 401 400 400 400 402 401 401 402
0 0 0 0 0 1 1 1 1 0
0 0 0 0 0 1 0 0 1 0
0 0 0 0 0 1 0 0 1 0
0 1 1 1 1 2 1 1 1 0
0 1 1 1 0 0 0 1 1 0
0 1 1 1 0 0 0 1 1 0
0 1 1 1 0 0 0 1 1 1
0 1 1 1 1 1 1 1 0 0
0 0 1 1 1 1 1 1 0 0
0 0 1 1 1 0 0 0 0 0
Maze 155
103 14 3.1034482759 2.1196431912 59 0.393855842001428
71 15 41 99 98 54 55 24 87 30 50 72 80 87 49 71
11 11 91 400 94 400 54 84 27 400 42 400 77 47 41
402 402 401 400 401 400 401 401 402 400 402 400 402 402 402
0 0 0 0 0 0 0 0 0 0
1 1 1 1 1 0 0 0 0 0
1 0 0 1 0 0 1 1 1 1
1 0 0 1 0 0 1 0 0 1
1 1 1 1 1 1 1 1 1 1
1 1 0 1 1 0 1 0 0 0
1 1 0 1 0 0 1 0 0 0
2 1 1 1 1 1 1 1 1 1
1 0 0 1 1 1 1 0 0 0
1 1 1 1 1 1 1 1 1 0
Maze 156
101 94 2.6333333333 2.0846340683 59 0.374187673805755
84 98 5 12 26 98 87 17 84 95 39 100 98 51 98 84
94 95 2 22 96 97 400 14 94 35 99 400 91 91 94
401 401 402 401 401 401 400 402 401 402 401 400 401 401 401
0 1 1 1 1 0 0 0 0 0
0 1 0 1 1 1 1 0 0 0
0 1 1 1 1 1 1 0 0 0
0 0 0 1 1 1 1 1 1 0
0 0 0 1 1 1 1 0 1 0
1 0 0 1 1 1 1 0 1 0
1 0 0 1 1 1 1 0 1 0
1 0 0 1 1 1 1 0 1 0
1 0 0 2 1 1 1 0 1 0
1 1 1 1 1 1 1 1 1 1
Maze 157
115 819 3.1746031746 2.1167699306 118 0.389006659615881
64 84 10 72 58 28 53 81 62 75 90 4 33 87 20 64
400 4 2 52 400 23 51 61 72 85 84 3 83 17 14
400 402 402 402 400 402 402 402 401 401 401 402 401 402 402
0 1 1 1 1 1 1 1 1 1
0 1 1 1 1 1 1 1 1 1
0 1 1 1 1 1 1 1 0 0
0 1 1 1 0 0 1 1 0 0
0 1 1 1 0 0 1 1 0 0
1 1 1 1 1 1 1 1 0 0
1 1 1 2 0 0 1 0 0 0
1 1 1 1 1 0 1 0 0 0
1 0 1 1 1 1 1 1 1 1
0 0 0 0 0 0 0 0 0 0
Maze 158
97 843 3.0000000000 2.4181780096 66 0.385631181308304
98 84 33 7 20 21 84 84 79 7 100 69 12 53 55 98
94 83 3 17 11 81 400 74 77 97 99 62 52 400 95
401 401 402 401 402 401 400 402 401 401 401 401 401 400 401
0 0 1 1 1 1 1 0 0 0
1 1 1 1 1 1 1 1 1 1
1 1 1 0 0 0 1 0 0 0
1 1 1 0 0 0 1 0 0 0
1 1 1 0 0 0 1 0 0 0
1 1 1 1 1 0 1 0 0 0
1 1 1 1 1 1 1 1 1 0
1 0 1 1 1 1 1 1 1 0
1 1 1 1 1 0 1 0 1 0
0 0 0 1 1 1 1 2 1 1
Maze 159
93 932 3.1428571429 2.1771102584 50 0.392058187532844
11 17 28 1 5 86 64 18 28 89 28 50 2 44 84 11
400 27 21 400 85 84 14 400 88 88 48 42 42 400 81
400 401 401 400 401 401 402 400 401 401 401 401 401 400 401
1 1 1 1 1 0 0 0 0 0
2 1 1 1 1 1 1 1 0 0
1 1 1 1 1 1 1 1 0 0
1 1 0 1 1 0 0 1 0 0
1 1 1 1 1 1 1 1 1 1
1 0 0 1 1 0 0 1 0 0
1 0 0 1 1 0 0 1 0 0
1 0 0 1 1 0 0 1 0 0
1 1 1 1 1 1 0 1 1 0
0 0 0 0 0 0 0 0 0 0
Maze 160
75 50 3.1428571429 2.0235747141 26 0.384974419202511
36 53 72 43 34 41 22 22 33 88 14 31 17 95 44 36
33 52 42 33 31 21 400 32 83 84 11 11 15 94 34
402 402 402 402 402 402 400 401 401 401 402 402 402 401 402
0 0 0 0 0 0 0 0 0 0
1 1 1 1 1 1 1 0 0 0
1 1 0 1 1 0 0 0 0 0
1 1 1 1 1 2 0 0 0 0
1 1 1 1 1 0 0 0 0 0
0 1 1 1 1 0 0 0 0 0
0 1 1 1 1 0 0 0 0 0
0 1 1 1 1 0 0 0 0 0
0 0 1 1 1 1 1 1 0 0
0 0 0 1 1 0 0 0 0 0
Maze 161
97 132 3.1724137931 2.2254194555 59 0.393734120951717
58 61 9 7 82 85 27 32 66 72 53 48 80 50 74 58
51 1 400 2 400 25 22 62 62 52 43 78 400 44 54
402 402 400 402 400 402 402 401 402 402 402 401 400 402 402
1 1 1 1 1 1 1 1 1 0
1 1 0 0 0 0 0 0 0 0
1 1 1 1 1 1 1 0 0 0
1 1 0 0 1 0 0 0 0 0
1 1 1 1 1 1 1 1 1 1
1 1 1 1 1 1 1 2 0 1
1 1 1 1 1 1 0 1 0 1
0 1 0 1 1 0 0 1 1 1
0 1 1 1 1 0 0 0 0 0
0 0 0 0 0 0 0 0 0 0
Maze 162
103 119 2.8125000000 2.1646335561 77 0.385342204643855
62 10 78 94 60 6 4 73 51 12 27 16 59 26 88 62
2 8 74 54 56 400 3 71 11 22 26 56 56 86 82
402 402 402 402 401 400 402 401 402 401 401 401 401 401 401
0 1 1 1 1 1 1 1 1 1
1 1 1 0 0 1 0 1 0 0
1 1 1 1 1 1 1 1 0 0
1 1 1 0 0 1 0 1 0 0
1 1 1 0 0 1 0 1 0 0
1 1 1 1 1 1 1 1 1 1
1 2 1 1 0 1 0 1 0 0
1 1 1 1 1 1 1 1 0 0
0 1 1 1 1 1 1 1 0 0
0 0 0 1 0 0 0 0 0 0
Maze 163
75 8 2.9787234043 2.2038416758 26 0.370819848854226
65 37 24 48 75 57 41 6 73 72 75 46 100 65 65 65
35 34 44 45 55 51 1 3 400 400 45 96 95 400 400
402 401 401 402 402 401 402 402 400 400 402 401 401 400 400
1 1 1 1 1 1 0 0 0 0
1 0 1 0 0 0 0 0 0 0
1 0 1 1 0 0 0 0 0 0
1 0 1 1 1 1 1 0 0 0
1 0 1 1 1 1 1 1 0 0
1 1 1 1 1 1 1 0 0 0
0 0 1 0 2 1 0 0 0 0
0 1 1 1 1 1 0 0 0 0
0 0 0 0 1 1 0 0 0 0
0 0 0 0 1 1 1 1 1 1
Maze 164
95 35 3.3725490196 2.1279500364 62 0.364600770766464
46 93 73 64 75 46 98 32 38 45 3 64 1 81 100 46
43 400 63 74 45 96 92 400 35 43 63 61 400 91 96
402 400 402 401 402 401 401 400 402 401 401 401 400 401 401
1 0 1 0 0 0 0 0 0 0
1 0 1 0 0 0 0 0 0 0
1 0 1 0 0 0 0 0 0 0
1 1 1 1 1 1 1 1 0 0
1 1 1 1 1 2 0 0 0 0
1 1 1 0 1 1 0 0 0 0
1 1 1 1 1 1 0 0 0 0
1 1 1 1 1 1 0 0 0 0
1 1 1 0 0 1 0 0 0 0
1 1 1 1 1 1 1 1 1 1
Maze 165
81 34 3.0800000000 2.2073402913 26 0.359656750468347
55 70 86 27 97 94 59 2 11 1 32 2 83 75 15 55
65 66 26 400 400 54 52 1 400 31 400 82 73 400 400
401 402 402 400 400 402 401 402 400 401 400 401 402 400 400
1 1 0 0 0 0 0 0 0 0
1 1 0 0 1 0 0 0 0 0
1 1 0 0 1 1 1 0 0 0
1 1 0 0 1 1 1 0 0 0
0 1 0 0 1 1 1 0 0 0
0 1 1 1 2 1 1 1 1 0
0 1 0 1 1 1 1 1 1 1
0 1 1 1 1 1 1 0 0 0
0 1 1 1 0 1 1 0 0 0
0 0 0 1 1 1 1 0 0 0
Maze 166
105 49 3.5686274510 2.0348505379 92 0.401230556885211
71 81 26 15 57 100 4 99 60 85 80 44 59 43 21 71
400 21 25 55 97 94 94 59 55 75 74 54 53 41 400
400 402 401 401 401 401 401 402 402 402 401 401 401 401 400
0 0 0 1 0 0 0 0 0 0
0 0 0 1 1 0 0 0 0 0
1 1 1 1 1 1 0 0 0 0
1 0 0 1 1 0 0 0 0 0
1 1 1 1 1 0 0 0 0 0
1 0 1 1 1 1 1 1 1 1
1 0 0 1 1 0 1 0 1 0
2 0 0 1 1 1 1 1 1 1
1 0 0 1 1 0 1 0 1 0
0 0 0 1 1 1 1 1 1 1
Maze 167
75 2 3.6666666667 1.6146746959 26 0.373310454094601
56 60 3 73 65 73 39 34 17 17 3 83 44 23 44 56
400 53 400 63 63 33 400 14 400 13 400 43 43 43 54
400 401 400 402 402 402 400 402 400 401 400 402 401 401 401
0 0 1 0 0 0 0 0 0 0
0 0 1 1 1 1 1 0 0 0
0 0 1 1 0 0 0 0 0 0
0 0 1 1 1 1 1 1 1 0
0 0 1 1 0 0 0 0 0 0
0 0 1 1 1 2 1 1 1 1
0 0 1 1 1 0 0 0 0 0
0 0 1 0 0 0 0 0 0 0
0 0 1 0 0 0 0 0 0 0
0 0 0 0 0 0 0 0 0 0
Maze 168
81 15 2.7924528302 2.1998489026 26 0.388115438419800
22 45 60 4 54 73 73 46 94 61 44 37 25 50 10 22
42 55 54 400 53 400 43 44 91 41 34 35 45 400 2
401 401 401 400 402 400 402 402 401 402 402 401 401 400 402
0 1 1 1 1 1 1 1 1 1
0 1 0 1 0 0 0 0 0 1
0 2 0 1 1 0 0 0 0 1
0 1 0 1 1 1 1 0 0 1
1 1 1 1 1 1 1 1 1 1
1 0 1 1 1 1 1 1 1 1
1 0 1 1 0 0 0 0 0 0
1 0 1 1 0 0 0 0 0 0
1 0 0 1 0 0 0 0 0 0
1 1 1 1 0 0 0 0 0 0
Maze 169
107 1094 3.9565217391 1.9921757752 98 0.392946107499766
47 51 55 70 72 24 49 5 29 87 30 85 37 53 29 47
41 400 65 62 22 44 45 25 27 27 25 35 33 23 27
402 400 401 402 402 401 401 401 402 402 402 402 402 402 402
0 0 0 0 1 0 0 0 0 0
0 0 0 0 1 0 0 0 0 0
0 1 1 1 1 1 1 1 1 1
0 1 1 1 1 1 1 0 0 0
1 1 1 1 1 1 2 1 1 0
1 1 1 1 1 0 1 0 0 0
0 1 1 1 1 1 1 1 1 1
0 1 0 0 1 0 1 0 0 0
0 0 0 0 1 0 1 0 0 0
0 0 0 0 0 0 0 0 0 0
Maze 170
115 178 3.7358490566 2.0134382240 126 0.388120112437821
79 41 36 13 6 94 16 44 77 93 55 10 23 50 42 79
71 31 33 3 4 14 14 74 73 53 5 3 43 400 72
401 402 401 402 402 402 402 401 402 402 402 402 401 400 401
0 0 1 1 1 1 1 1 1 1
0 0 1 1 1 1 0 0 0 0
0 0 1 1 1 0 0 0 0 0
1 1 1 1 1 1 0 0 0 0
1 1 1 1 1 1 1 1 1 1
1 1 1 1 1 0 0 0 0 0
1 1 1 1 0 0 0 0 0 0
1 1 1 1 1 1 1 1 2 0
0 0 1 1 0 0 0 0 0 0
0 0 1 1 0 0 0 0 0 0
Maze 171
79 58 2.8679245283 2.3445167275 25 0.380343639487353
85 18 82 31 4 18 58 48 45 66 13 34 55 57 81 85
15 12 81 1 14 400 400 400 65 63 33 54 400 51 400
402 402 401 402 401 400 400 400 401 401 401 401 400 402 400
1 1 1 1 0 0 0 0 0 0
1 1 1 1 1 1 1 1 0 0
1 1 1 0 1 0 0 1 0 0
1 1 1 1 1 0 0 1 0 0
1 1 1 1 1 1 1 1 0 0
1 1 1 1 1 1 1 1 0 0
1 1 1 1 1 1 0 0 0 0
1 1 0 0 1 0 0 0 0 0
1 1 1 1 2 0 0 0 0 0
0 0 0 0 0 0 0 0 0 0
Maze 172
81 189 2.7931034483 2.3471194283 35 0.371656873262443
87 99 78 50 63 57 7 15 66 79 21 40 49 9 8 87
97 98 48 43 53 400 5 65 76 71 31 39 400 400 7
401 401 402 402 402 400 402 401 401 401 401 402 400 400 402
0 0 0 0 1 1 1 1 1 0
0 0 0 0 1 0 1 0 1 0
1 0 0 0 1 0 1 0 1 0
1 1 1 1 1 1 1 1 1 1
1 0 1 1 1 1 1 1 1 1
1 0 1 1 1 1 1 1 0 0
1 0 1 0 1 1 1 1 0 0
1 1 1 1 1 1 1 1 1 0
0 0 0 0 0 0 2 1 0 0
0 0 0 0 0 0 1 1 1 0
Maze 173
71 68 3.5000000000 1.9387218755 16 0.381094704278405
85 74 75 57 12 25 83 99 45 83 34 62 63 66 63 85
84 400 55 52 22 23 93 95 43 33 32 400 400 400 83
401 400 402 401 401 402 401 401 402 402 402 400 400 400 401
0 0 0 0 0 0 0 0 0 0
0 1 0 0 0 0 0 0 0 0
0 1 1 1 1 0 0 0 0 0
0 1 1 1 0 0 0 0 0 0
0 1 1 1 1 0 0 0 0 0
0 1 1 1 1 1 1 0 0 0
0 1 1 1 1 1 0 0 0 0
0 0 1 1 1 0 0 0 0 0
0 0 1 1 2 0 0 0 0 0
0 0 1 1 1 1 1 1 1 0
Maze 174
93 110 2.8125000000 2.3104185945 45 0.359657796062217
59 92 27 70 8 11 18 29 37 53 54 11 77 75 45 59
52 22 67 68 1 400 28 27 33 400 51 71 400 400 55
402 402 401 401 402 400 401 402 402 400 401 401 400 400 401
1 1 1 1 1 1 1 1 0 0
1 1 1 1 1 1 1 1 0 0
1 1 1 1 1 1 1 1 1 0
1 1 1 1 1 1 1 1 0 0
1 1 1 0 1 0 1 1 0 0
1 1 1 1 1 1 1 1 2 0
1 1 0 0 1 0 1 1 1 1
1 1 1 1 1 1 1 0 0 0
0 1 0 0 0 0 0 0 0 0
0 1 0 0 0 0 0 0 0 0
Maze 175
71 13 2.5454545455 2.3693660671 16 0.374429964290728
90 87 99 65 16 36 96 42 23 61 81 73 66 30 28 90
400 97 95 15 400 400 92 22 21 400 71 63 26 400 88
400 401 401 402 400 400 401 402 402 400 402 402 402 400 401
0 0 0 0 0 0 0 0 0 0
0 0 0 0 1 1 0 0 0 0
1 1 1 0 1 1 1 1 1 1
1 1 0 0 1 1 0 1 0 0
1 1 0 0 1 1 0 1 0 0
1 1 0 0 1 1 0 1 0 0
1 1 1 1 1 1 0 1 0 0
1 1 1 0 1 1 0 1 0 0
1 1 0 0 1 1 1 1 1 2
0 1 1 1 1 1 1 1 1 0
Maze 176
95 188 3.4339622642 2.2126880212 84 0.383772383869448
84 87 42 39 23 19 44 55 54 62 89 28 10 87 50 84
400 82 32 33 13 14 54 400 52 82 88 8 7 47 44
400 401 402 401 402 402 401 400 402 401 401 402 402 402 402
0 0 0 0 0 0 1 1 1 1
0 0 1 1 1 1 1 1 1 0
0 0 1 1 0 0 1 1 0 0
0 1 1 1 1 1 1 1 1 0
0 1 0 1 1 1 1 1 1 1
0 1 1 1 1 0 1 1 0 0
0 1 0 1 0 0 1 1 0 0
0 1 0 1 0 0 1 1 0 0
0 1 1 2 1 1 1 1 1 0
0 0 0 0 0 0 0 0 0 0
Maze 177
91 735 3.3333333333 2.1239033607 36 0.399580768544238
31 13 35 7 46 32 3 17 32 78 7 35 74 20 8 31
11 33 5 6 42 2 13 12 72 77 5 34 14 18 1
402 401 402 402 401 402 401 402 401 401 402 402 402 401 402
1 1 1 1 1 1 1 1 0 0
1 1 1 1 1 1 1 1 1 1
1 1 1 1 1 1 1 0 0 0
2 1 1 1 1 1 1 0 0 0
0 1 1 1 1 1 1 0 0 0
0 1 0 1 0 0 1 0 0 0
0 1 0 1 0 0 1 0 0 0
0 1 1 1 1 1 1 1 0 0
0 0 0 0 0 0 0 0 0 0
0 0 0 0 0 0 0 0 0 0
Maze 178
101 509 3.3200000000 1.9969970768 64 0.396802158151192
11 63 37 31 39 87 82 29 47 21 27 53 17 47 65 11
61 33 400 400 37 400 22 27 41 400 23 13 400 45 61
401 402 400 400 402 400 402 402 401 400 402 402 400 402 401
0 0 0 0 0 0 0 0 0 0
2 0 1 1 1 1 1 0 0 0
1 1 1 1 1 1 1 1 1 0
1 1 1 1 1 1 1 1 1 0
1 1 1 1 1 1 1 0 0 0
1 1 1 0 1 0 1 0 0 0
1 1 1 1 1 0 1 0 0 0
0 1 0 0 0 0 1 0 0 0
0 1 1 1 1 1 1 0 0 0
0 0 0 0 0 0 0 0 0 0
Maze 179
85 13 3.4193548387 1.5919185637 50 0.371934934561151
74 48 47 74 50 91 92 61 52 21 56 46 11 76 47 74
44 400 44 44 41 400 91 51 51 51 400 41 71 46 44
402 400 402 402 402 400 401 402 401 401 400 401 401 402 402
0 0 0 0 0 0 0 0 0 0
1 0 0 0 0 0 0 0 0 0
1 0 0 0 0 0 0 0 0 0
1 0 0 0 0 0 0 0 0 0
1 1 1 1 1 1 1 1 1 1
1 1 1 1 1 1 0 0 0 0
1 0 0 1 0 1 0 0 0 0
1 1 1 2 1 1 0 0 0 0
1 0 0 0 0 0 0 0 0 0
1 1 0 0 0 0 0 0 0 0
Maze 180
101 13 3.4800000000 2.0137286468 65 0.389663478090162
65 77 90 84 3 84 23 91 61 26 100 16 18 7 89 65
75 87 400 83 83 83 21 400 21 96 96 400 17 87 85
401 401 400 401 401 401 402 400 402 401 401 400 401 401 401
0 0 1 0 0 0 1 0 0 0
0 0 1 0 0 1 1 1 0 0
1 1 1 1 1 1 1 0 0 0
1 0 1 0 0 1 1 0 0 0
1 0 1 0 0 1 1 0 0 0
1 0 1 0 0 1 1 0 0 0
1 0 1 0 2 1 1 0 0 0
1 0 1 0 1 1 1 0 0 0
1 0 1 1 1 1 1 1 1 1
1 0 0 0 0 1 1 1 1 1
Maze 181
93 314 3.0588235294 2.0781833240 38 0.379858840493236
63 96 82 33 87 67 33 84 65 9 54 58 78 42 59 63
93 92 32 83 400 63 83 64 5 4 400 400 72 52 53
401 401 402 401 400 401 401 402 402 402 400 400 401 401 402
0 0 0 1 1 1 1 1 1 0
0 0 0 1 1 0 0 0 0 0
0 0 0 1 1 0 0 0 0 0
0 1 1 1 1 0 0 0 0 0
0 1 1 1 1 0 0 0 0 0
0 1 1 1 1 1 1 1 1 0
0 1 2 1 1 1 1 1 0 0
0 1 1 1 1 1 1 1 0 0
0 1 1 1 1 1 1 0 0 0
0 1 1 1 1 1 0 0 0 0
Maze 182
85 165 3.3191489362 2.1913804989 41 0.378061757079204
23 43 72 55 62 70 24 41 92 88 33 94 16 33 32 23
400 42 52 52 400 64 21 91 82 83 93 14 13 400 22
400 402 402 402 400 401 402 401 402 401 401 402 402 400 402
0 0 0 0 0 0 0 0 0 0
0 0 1 1 1 1 0 0 0 0
1 1 2 1 0 0 0 0 0 0
1 1 1 1 0 0 0 0 0 0
1 1 1 1 0 0 0 0 0 0
1 1 1 1 1 0 0 0 0 0
1 1 1 1 1 1 1 1 1 1
1 1 1 1 0 0 0 0 0 0
1 1 1 1 1 1 1 1 0 0
1 1 1 1 0 0 0 0 0 0
Maze 183
105 18 3.0175438596 2.0502229881 112 0.395376602749058
50 71 46 35 27 43 88 4 33 90 57 85 95 12 62 50
41 41 45 25 23 83 84 3 83 87 55 400 92 400 42
402 402 401 402 402 401 401 402 401 401 402 400 401 400 402
0 0 1 1 0 0 0 0 0 0
0 1 1 1 0 0 0 0 0 0
0 1 1 1 1 1 1 0 0 0
0 1 1 1 1 0 0 0 0 0
1 1 1 1 1 1 1 1 1 2
1 1 1 1 1 1 1 0 0 0
1 1 1 1 1 0 1 0 0 0
1 1 1 1 1 0 1 0 0 0
0 1 1 1 1 1 1 1 1 1
0 1 1 1 1 0 0 0 0 0
Maze 184
91 70 3.4000000000 2.1805203052 44 0.378098924991297
69 32 3 18 59 57 74 82 50 1 72 61 12 73 59 69
62 2 13 58 400 54 72 42 41 71 71 11 72 53 400
401 402 401 401 400 402 402 402 401 401 401 402 401 402 400
1 1 1 0 0 0 0 0 0 0
1 1 1 1 1 1 1 1 0 0
1 1 0 0 0 0 0 1 0 0
1 1 0 0 0 0 0 1 0 0
1 1 1 1 1 1 1 1 1 1
1 1 1 1 1 1 1 1 1 0
1 1 1 1 1 1 1 1 2 0
1 1 1 1 0 0 0 0 0 0
0 1 0 0 0 0 0 0 0 0
0 0 0 0 0 0 0 0 0 0
Maze 185
89 37 3.2916666667 2.0529113234 32 0.376829732975379
44 57 2 8 38 97 3 43 18 1 13 94 94 34 84 44
54 52 400 400 37 93 400 13 11 11 93 400 400 400 400
401 401 400 400 402 401 400 402 401 401 401 400 400 400 400
1 1 1 1 1 1 1 1 0 0
1 1 1 1 1 1 1 1 0 0
0 1 1 0 0 0 0 1 0 0
0 1 1 1 0 0 1 1 0 0
0 1 1 2 0 0 1 0 0 0
0 1 1 1 1 1 1 0 0 0
0 0 1 1 0 0 1 0 0 0
0 0 1 1 0 0 1 0 0 0
0 0 1 1 0 0 1 0 0 0
0 0 1 1 1 1 1 0 0 0
Maze 186
95 61 3.7435897436 1.7588032989 59 0.393116935154842
68 33 8 44 46 72 24 29 72 13 28 15 66 14 34 68
63 3 4 400 42 22 400 22 12 23 25 65 64 400 64
401 402 402 400 402 402 400 402 402 401 401 401 401 400 401
0 0 1 1 1 1 1 1 0 0
0 1 1 1 1 0 0 0 0 0
0 1 1 1 1 1 1 1 1 0
0 1 1 1 1 0 0 0 0 0
0 1 1 1 1 1 0 0 0 0
0 1 1 1 1 0 0 0 0 0
0 1 1 1 1 1 1 2 0 0
0 1 0 0 0 0 0 0 0 0
0 0 0 0 0 0 0 0 0 0
0 0 0 0 0 0 0 0 0 0
Maze 187
99 120 3.5000000000 2.1437003132 50 0.363250426231822
65 99 15 47 51 78 26 64 27 61 73 32 12 52 89 65
95 95 45 41 71 76 24 24 21 71 72 400 400 82 85
401 401 401 402 401 401 402 402 402 401 401 400 400 401 401
0 0 0 0 0 0 0 0 0 0
0 1 0 0 1 0 0 0 0 0
1 1 1 1 1 1 1 0 0 0
1 1 0 1 1 1 0 0 0 0
1 1 1 1 1 1 1 0 0 0
1 1 0 1 1 1 0 0 0 0
1 1 0 1 2 1 0 0 0 0
1 1 1 1 1 1 1 1 0 0
0 1 1 1 1 1 1 1 1 0
0 0 0 0 1 1 1 1 1 0
Maze 188
73 17 3.0000000000 2.0541720578 20 0.383468628345534
36 94 91 31 50 66 44 74 26 25 33 34 79 78 63 36
34 400 400 41 46 64 400 24 400 23 400 74 400 73 33
402 400 400 401 402 401 400 402 400 402 400 401 400 401 402
0 0 0 0 0 0 0 0 0 0
0 0 0 0 0 0 0 0 0 0
0 0 1 1 1 1 0 0 0 0
1 0 1 1 1 2 0 0 0 0
1 1 1 1 1 1 1 1 1 1
1 0 1 1 0 1 0 0 0 0
1 0 1 1 1 1 0 0 0 0
1 0 1 1 1 1 1 1 1 0
1 0 0 1 0 0 0 0 0 0
1 1 1 1 0 0 0 0 0 0
Maze 189
105 45 3.5000000000 2.1529888848 87 0.369331022653879
23 82 55 43 9 47 19 8 71 45 83 97 34 53 90 23
22 52 53 3 7 17 18 1 41 43 93 94 33 83 83
402 402 401 402 402 402 401 402 402 402 401 401 402 401 401
1 1 1 1 1 1 1 1 1 0
1 0 1 0 0 0 1 1 1 0
1 1 2 0 0 0 1 0 0 0
1 1 1 1 0 0 1 0 0 0
1 1 1 1 1 0 1 0 0 0
1 1 1 1 1 0 0 0 0 0
1 1 1 1 0 0 0 0 0 0
1 1 1 1 0 0 0 0 0 0
0 1 1 1 1 1 1 1 1 1
0 0 1 1 1 1 1 0 0 0
Maze 190
113 880 3.2121212121 2.3185089067 104 0.403496010767107
51 33 74 28 91 83 11 50 96 85 19 24 70 69 7 51
31 73 24 21 81 81 41 46 95 15 14 64 400 67 1
402 401 402 402 402 401 401 402 401 402 402 401 400 401 402
1 1 1 1 1 1 1 0 0 0
1 0 0 1 1 1 1 1 1 0
1 1 1 1 1 1 1 1 0 0
1 1 1 1 1 0 1 0 0 0
1 1 1 1 1 1 1 1 1 1
2 0 1 1 1 1 1 0 0 0
1 0 1 1 1 1 1 1 1 1
1 0 1 1 1 1 0 0 0 0
1 1 1 0 1 1 0 0 0 0
1 0 0 0 1 1 0 0 0 0
Maze 191
95 88 3.6170212766 2.0032876006 62 0.382500195484970
44 25 70 23 98 61 36 2 63 61 72 92 14 83 44 44
24 65 63 93 91 31 32 62 400 71 400 12 13 43 400
402 401 401 401 401 402 401 401 400 401 400 402 402 402 400
0 1 0 0 0 0 0 0 0 0
0 1 1 1 0 0 0 0 0 0
0 1 1 1 1 0 0 0 0 0
1 1 1 1 1 1 0 0 0 0
1 1 1 2 1 0 0 0 0 0
1 1 1 0 1 0 0 0 0 0
1 1 1 1 1 1 1 1 1 1
1 1 1 0 0 0 0 0 0 0
1 1 1 0 0 0 0 0 0 0
1 1 1 1 1 1 1 1 0 0
Maze 192
109 210 3.3333333333 2.0597981081 91 0.392864368559790
44 49 90 69 13 66 71 60 11 37 19 95 50 20 33 44
400 89 89 63 63 61 51 51 31 17 15 45 400 13 43
400 401 401 401 401 402 402 401 401 402 402 402 400 402 401
0 0 0 0 0 0 0 0 0 0
1 0 1 1 1 1 1 1 1 1
1 0 1 0 1 0 1 0 0 1
1 1 1 1 1 1 1 0 0 1
1 0 1 2 1 1 1 1 1 1
1 1 1 1 1 1 1 1 1 1
1 1 1 1 1 1 1 1 1 0
1 0 0 0 1 0 0 0 1 0
0 0 0 0 1 0 0 0 1 1
0 0 0 0 1 0 0 0 0 0
Maze 193
85 33 3.3953488372 1.9872811796 45 0.373214997426728
74 30 45 27 49 15 86 49 39 8 38 54 92 54 22 74
24 25 25 47 45 85 46 400 38 400 34 52 52 52 72
402 402 402 401 401 401 402 400 401 400 402 402 402 401 401
0 0 0 0 0 0 0 1 0 0
0 0 0 0 1 0 0 1 0 0
0 1 0 1 1 1 1 1 1 1
0 1 0 1 1 1 1 1 1 0
0 1 0 1 1 1 1 1 1 0
0 1 1 1 1 1 0 0 0 0
0 1 0 1 1 1 0 0 0 0
0 1 1 2 1 1 0 0 0 0
0 1 0 0 1 1 0 0 0 0
0 1 0 0 0 0 0 0 0 0
Maze 194
127 53189 3.4375000000 2.0795919675 182 0.376410355792187
2 80 20 93 18 70 17 41 78 45 41 69 80 34 38 2
72 400 13 13 68 67 11 71 75 400 61 79 74 400 32
401 400 402 402 401 401 402 401 401 400 401 401 401 400 401
0 2 0 0 0 0 0 0 0 0
1 1 1 1 1 1 1 1 1 1
1 1 1 0 0 0 1 1 0 1
1 1 1 1 1 1 1 1 0 1
1 1 1 1 1 0 1 1 0 1
1 1 1 1 1 0 1 1 0 1
1 1 1 1 1 1 1 1 1 1
1 1 1 1 1 1 1 1 1 1
0 0 1 0 0 0 0 0 0 0
0 0 1 0 0 0 0 0 0 0
Maze 195
101 156 3.3333333333 1.9971713062 54 0.401540514081447
78 39 57 53 64 11 47 11 96 62 94 50 75 54 18 78
38 37 400 63 61 41 41 91 92 92 44 45 74 14 400
402 402 400 401 401 401 401 401 401 401 402 402 401 402 400
0 0 0 0 0 0 0 0 0 0
1 0 0 1 1 1 1 1 0 0
1 0 0 1 0 0 0 1 0 0
1 0 0 1 0 0 1 1 1 0
1 1 1 1 1 1 1 1 1 1
1 0 1 1 1 1 1 1 0 0
1 1 1 1 1 0 0 1 0 0
1 1 0 1 1 0 0 2 0 0
1 1 0 1 0 0 0 0 0 0
1 1 1 1 1 1 0 0 0 0
Maze 196
125 1126 3.3559322034 1.9412142778 166 0.383684031622766
12 55 32 100 16 51 74 70 81 87 32 94 28 28 92 12
52 52 92 96 11 71 64 61 400 82 92 24 400 22 400
401 401 401 401 402 401 402 402 400 401 401 402 400 402 400
0 0 0 0 0 0 0 0 0 0
1 2 1 1 1 1 0 0 0 0
1 1 1 1 1 1 1 1 0 0
1 1 0 1 0 1 0 0 0 0
1 1 0 1 0 1 0 0 0 0
1 1 1 1 1 1 0 0 0 0
1 1 1 1 1 1 1 1 1 1
1 1 1 1 0 1 0 0 0 0
1 1 1 1 1 1 1 0 0 0
0 1 1 1 1 1 1 1 1 1
Maze 197
101 102 2.9032258065 2.2539504741 60 0.392914359641287
28 60 8 7 23 16 36 45 100 11 85 43 27 59 61 28
58 58 400 3 13 400 35 95 91 81 83 23 57 51 21
401 401 400 402 402 400 402 401 401 401 401 402 401 402 402
0 0 1 1 1 1 1 1 0 0
1 0 1 1 1 1 0 1 0 0
1 1 1 1 1 1 1 2 0 0
1 0 1 0 1 1 1 1 0 0
1 0 1 0 1 0 1 1 0 0
1 1 1 1 1 1 1 1 1 1
1 0 1 0 1 0 0 0 0 0
1 0 1 0 1 0 0 0 0 0
1 1 1 1 1 0 0 0 0 0
1 1 1 1 1 1 1 1 1 1
Maze 198
91 123 2.8070175439 2.1500941839 44 0.377940750127870
60 26 62 42 86 69 87 64 81 18 72 43 35 47 98 60
56 22 400 82 66 67 84 61 11 12 42 33 45 97 58
401 402 400 401 402 402 401 402 402 402 402 402 401 401 402
0 0 0 0 0 0 0 0 0 0
1 1 1 1 1 1 1 1 0 0
1 1 1 1 1 1 0 0 0 0
1 1 1 1 1 1 0 0 0 0
1 1 1 0 1 1 1 0 0 0
1 1 0 0 0 1 1 1 1 2
1 1 1 1 0 1 1 1 1 0
1 1 0 1 0 1 1 1 0 0
1 1 1 1 1 1 1 1 0 0
0 0 0 0 0 0 1 1 0 0
Maze 199
75 26 3.0416666667 2.2790300007 30 0.383128557158695
65 73 61 11 97 25 12 45 69 76 95 97 59 52 54 65
63 71 400 91 95 22 42 65 66 75 400 57 400 400 64
402 401 400 401 401 401 401 401 402 402 400 402 400 400 401
0 0 0 0 0 0 0 0 0 0
1 1 0 0 0 0 0 0 0 0
1 1 1 1 1 0 0 0 0 0
1 1 0 0 1 0 0 0 0 0
1 1 1 1 1 0 0 0 0 0
1 1 1 1 1 1 1 1 1 0
1 0 1 1 2 1 1 1 1 0
1 1 1 0 1 1 1 0 0 0
1 0 0 0 1 0 1 0 0 0
1 1 1 1 1 1 1 0 0 0
Maze 200
117 100 2.9206349206 1.9894292145 90 0.387483231288958
97 62 47 98 39 16 15 28 14 4 100 51 28 84 10 97
92 42 97 38 36 400 25 24 400 94 91 21 24 4 7
401 402 401 402 401 400 401 401 400 401 401 402 402 402 402
0 0 0 1 1 1 1 1 1 1
0 0 0 1 1 1 1 0 0 0
1 1 1 1 1 1 1 1 0 0
1 0 0 1 0 1 1 1 1 0
1 1 1 1 1 1 1 1 0 0
1 1 0 1 0 0 1 1 0 0
1 1 0 1 0 0 1 1 0 0
1 1 0 1 0 0 1 1 0 0
1 1 0 1 0 0 1 1 0 0
1 1 1 1 1 1 2 1 1 1
