numMazes: 5
mazeSize: 10
Maze 1
64 9 0.1299319728 1.8886472129 13 0.327062141887612
0 1 1 0 0 0 0 0 0 0
0 1 1 0 0 0 0 0 0 0
0 1 1 0 0 0 0 0 0 0
0 1 1 0 0 0 0 0 0 0
0 1 1 0 0 0 0 0 0 0
0 1 1 0 0 0 0 0 0 0
1 1 1 1 1 1 1 1 0 0
1 1 1 1 1 1 1 1 1 2
1 0 0 0 0 0 0 0 0 0
1 0 0 0 0 0 0 0 0 0
Maze 2
66 12 0.0885416667 1.6197055340 20 0.327062141887612
0 0 0 0 0 1 0 0 0 0
0 0 0 0 0 1 0 0 0 0
0 0 0 0 0 1 0 0 0 0
0 0 0 0 0 1 0 0 0 0
1 1 1 1 1 1 1 2 0 0
1 1 1 1 1 1 1 1 1 1
1 0 0 0 0 0 1 0 0 0
1 0 0 0 0 0 0 0 0 0
1 0 0 0 0 0 0 0 0 0
1 0 0 0 0 0 0 0 0 0
Maze 3
86 8 0.1433333333 2.0639152202 14 0.327062141887612
1 1 0 0 0 0 0 0 0 0
1 1 1 1 1 1 1 1 1 1
1 1 1 1 1 1 1 0 0 1
1 0 0 0 0 0 1 0 0 1
1 0 0 0 0 0 1 0 0 1
1 0 0 0 0 0 1 0 0 1
1 0 0 0 0 0 1 0 0 1
2 1 0 0 0 0 1 0 0 1
1 1 1 1 1 0 1 0 0 1
0 0 0 0 0 0 1 1 1 1
Maze 4
70 10 0.1630434783 1.8880137727 5 0.327062141887612
1 1 1 1 2 1 1 1 1 0
1 0 0 1 1 1 1 1 1 1
1 0 0 0 1 0 0 0 0 0
1 0 0 0 1 0 0 0 0 0
1 0 0 0 1 0 0 0 0 0
1 0 0 0 1 0 0 0 0 0
1 0 0 0 1 0 0 0 0 0
1 0 0 0 1 0 0 0 0 0
1 0 0 0 1 0 0 0 0 0
1 1 1 1 1 1 1 0 0 0
Maze 5
58 8 0.0681318681 1.8127657245 1 0.327062141887612
1 1 1 1 1 1 1 1 1 1
1 1 0 0 0 0 0 0 0 0
1 1 0 0 0 0 0 0 0 0
1 1 0 0 0 0 0 0 0 0
1 1 0 0 0 0 0 0 0 0
1 1 0 0 0 0 0 0 0 0
1 1 0 0 0 0 0 0 0 0
1 1 0 0 0 0 0 0 0 0
1 1 0 0 0 0 0 0 0 0
1 2 1 0 0 0 0 0 0 0
