numMazes: 200
mazeSize: 10
Maze 1
109 10 3.3191489362 1.7253153303 70 0.373723326571994
34 34 79 66 16 18 96 54 6 84 6 89 4 91 65 34
400 74 76 400 400 16 94 4 4 4 86 84 1 61 64
400 401 401 400 400 402 401 402 402 402 401 401 402 402 401
1 1 1 1 1 1 0 0 0 0
1 0 0 1 0 1 1 1 0 0
1 0 0 1 0 1 0 0 0 0
1 0 0 2 0 1 0 0 0 0
1 0 0 1 0 1 0 0 0 0
1 0 0 1 0 1 0 0 0 0
1 1 1 1 1 1 0 0 0 0
1 0 0 1 1 1 1 1 1 0
1 0 0 1 1 1 1 1 1 0
1 0 0 1 1 1 0 0 0 0
Maze 2
89 209 2.7096774194 2.2665805430 50 0.395500955415833
69 72 3 44 56 88 30 100 87 22 39 27 58 79 63 69
62 2 43 54 86 28 400 97 82 32 37 57 78 73 400
402 402 401 401 401 402 400 401 401 401 401 401 401 401 400
0 1 1 0 0 0 0 0 0 0
0 1 1 0 0 0 0 0 0 0
0 1 1 0 0 0 1 1 1 1
0 1 1 1 1 1 1 1 1 1
0 1 1 1 0 0 1 1 0 1
0 1 0 1 1 1 1 1 0 1
0 1 1 1 1 1 1 1 2 1
0 1 1 1 1 1 1 1 1 1
0 1 1 1 1 1 1 1 0 1
0 0 0 0 0 0 1 1 1 1
Maze 3
89 286 3.8636363636 2.1903968493 56 0.376053075819691
95 34 94 96 70 17 100 62 75 59 86 66 51 55 72 95
94 400 400 66 67 97 92 72 55 56 400 61 400 52 92
401 400 400 402 401 401 401 401 402 402 400 401 400 402 401
0 0 0 0 0 0 0 0 0 0
0 0 0 0 0 0 1 0 0 0
0 0 0 0 0 0 1 0 0 0
0 0 0 1 0 0 1 0 0 0
0 0 0 1 0 0 1 0 0 0
1 1 1 1 1 1 1 1 1 0
1 1 1 1 1 1 1 1 1 1
0 1 1 1 1 1 1 0 0 0
0 1 0 1 0 1 1 0 0 0
0 1 1 1 2 1 1 1 1 1
Maze 4
77 26 2.9333333333 1.9844081985 26 0.381881364060027
40 7 37 93 66 67 27 23 4 63 78 66 78 32 17 40
37 400 33 63 400 400 400 3 3 73 76 76 72 12 37
401 400 402 402 400 400 400 402 402 401 401 401 401 402 401
0 0 1 1 0 0 1 0 0 0
0 1 1 1 1 1 1 0 0 0
0 1 1 1 1 1 1 0 0 0
0 1 1 1 1 1 1 1 1 2
0 1 1 0 0 0 1 0 0 0
0 1 1 0 0 0 1 0 0 0
0 1 1 1 1 1 1 0 0 0
0 1 1 1 1 1 1 1 0 0
0 0 1 0 0 0 0 0 0 0
0 0 1 0 0 0 0 0 0 0
Maze 5
107 680 2.9687500000 2.3332952834 105 0.377539473099012
75 21 80 24 7 39 100 37 11 90 70 89 77 88 26 75
71 71 74 4 37 99 97 31 81 400 69 87 87 86 25
401 401 401 402 401 401 401 401 401 400 402 401 401 401 402
0 0 0 1 1 1 1 0 0 0
1 0 0 1 0 0 1 0 0 0
1 0 0 1 1 1 1 0 0 0
1 1 1 1 1 1 1 1 1 0
1 0 0 1 1 1 1 0 1 0
1 0 0 1 1 1 1 0 1 0
1 0 0 1 1 1 1 0 1 1
1 1 1 1 2 1 1 1 1 1
1 1 1 1 1 1 1 1 1 1
0 0 0 0 0 0 1 1 1 1
Maze 6
81 29 2.8363636364 2.3246383918 26 0.371266500214334
62 42 96 47 33 46 89 89 20 55 33 43 57 47 10 62
400 92 46 43 43 86 400 19 15 53 400 53 400 7 2
400 401 402 401 401 401 400 402 402 401 400 401 400 402 402
0 1 1 1 1 1 1 1 1 1
0 1 0 0 1 1 1 1 1 1
0 1 0 0 1 0 1 0 1 0
0 1 1 0 1 0 1 0 1 0
0 1 1 1 1 1 1 0 1 0
0 1 1 1 1 1 1 0 1 0
0 2 0 0 0 1 0 0 1 0
0 1 0 0 0 1 0 0 1 0
0 1 0 0 0 1 1 1 1 0
0 1 1 1 1 1 0 0 0 0
Maze 7
101 61 3.6326530612 2.1460047655 32 0.393474351891044
28 31 51 3 88 74 21 85 53 5 12 78 2 18 18 28
21 400 1 83 84 71 81 83 3 2 72 72 12 400 400
402 400 402 401 401 401 401 401 402 402 401 401 401 400 400
1 1 1 1 1 0 0 0 0 0
1 1 1 1 1 1 1 1 0 0
1 1 1 1 1 1 1 2 0 0
1 1 1 0 0 0 0 0 0 0
1 1 1 0 0 0 0 0 0 0
1 1 1 0 0 0 0 0 0 0
1 1 1 0 0 0 0 0 0 0
1 1 1 1 1 1 1 1 0 0
1 1 1 1 1 1 1 1 0 0
0 0 0 0 0 0 0 0 0 0
Maze 8
103 64 3.5555555556 2.1237448862 60 0.373824091908500
94 96 75 49 86 57 94 3 88 44 2 71 15 44 99 94
400 95 45 46 56 54 93 83 84 42 1 11 14 94 400
400 401 402 402 402 402 401 401 401 401 402 402 402 401 400
1 1 1 0 0 0 0 0 0 0
1 1 1 1 1 0 0 0 0 0
1 1 1 1 0 0 0 0 0 0
1 1 1 1 0 0 0 0 0 0
1 1 1 1 1 1 1 1 1 0
1 0 1 1 1 1 1 0 0 0
1 0 1 1 1 1 0 0 0 0
1 0 1 1 1 1 0 0 0 0
0 0 1 1 1 1 1 1 0 0
0 0 1 2 1 1 1 1 1 0
Maze 9
89 181 3.6097560976 1.8845903060 50 0.385187415673093
75 17 44 75 59 75 15 47 49 88 28 62 26 7 60 75
15 14 74 55 55 400 45 400 48 400 22 22 6 57 55
402 402 401 402 402 400 401 400 402 400 402 402 402 401 402
0 0 0 0 0 1 1 0 0 0
0 0 0 1 1 1 1 0 0 0
0 1 1 1 1 1 1 1 0 0
0 1 0 1 1 0 1 1 0 0
0 1 0 1 1 1 1 1 1 0
0 1 0 1 1 1 1 1 1 1
0 1 0 1 1 0 0 1 0 0
0 0 0 1 2 0 0 1 0 0
0 0 0 0 0 0 0 1 0 0
0 0 0 0 0 0 0 0 0 0
Maze 10
75 22 2.6222222222 1.8885952716 22 0.408098228103664
28 55 15 15 35 76 41 46 25 9 80 31 29 49 18 28
25 400 400 400 75 71 400 45 5 79 71 21 400 48 400
402 400 400 400 401 401 400 401 402 401 401 402 400 401 400
0 0 0 0 1 1 1 1 1 0
0 0 0 0 1 0 0 1 1 0
1 1 1 1 1 1 1 2 1 0
1 0 0 0 1 0 0 1 1 0
1 1 1 1 1 1 0 1 1 0
1 0 0 0 1 0 0 0 1 0
1 0 0 0 1 0 0 0 1 0
1 1 1 1 1 1 1 1 1 1
0 0 0 0 0 0 0 0 0 0
0 0 0 0 0 0 0 0 0 0
Maze 11
87 157 3.5217391304 2.1525993444 45 0.388783233996385
3 58 74 25 40 83 77 64 81 22 1 5 22 26 55 3
53 54 24 35 33 73 74 61 21 21 400 2 400 25 53
401 402 402 401 402 402 401 402 402 401 400 402 400 402 401
1 1 2 1 1 0 0 0 0 0
1 1 1 0 0 0 0 0 0 0
1 1 1 1 1 1 0 0 0 0
1 0 1 1 1 1 1 1 1 1
1 0 1 1 1 0 0 0 0 0
1 0 1 1 1 1 1 1 0 0
1 1 1 1 0 0 0 0 0 0
1 0 1 1 1 1 1 0 0 0
1 0 1 0 0 0 0 0 0 0
0 0 0 0 0 0 0 0 0 0
Maze 12
121 6537 2.9863013699 2.3125681286 147 0.385185830321640
28 10 59 6 11 40 20 82 50 1 68 79 19 43 86 28
8 9 56 1 31 400 12 42 41 61 78 400 13 83 26
402 402 401 402 401 400 402 402 401 401 401 400 402 401 402
1 1 1 1 1 1 0 1 1 1
1 1 1 1 1 1 1 1 1 1
1 1 1 0 0 1 1 2 1 1
1 1 1 1 1 1 1 1 1 1
1 1 1 1 1 1 1 1 1 1
1 1 1 0 0 1 1 1 1 0
1 1 1 1 1 1 1 1 1 0
0 1 1 0 0 1 0 1 1 0
0 1 1 1 1 1 0 0 0 0
0 0 0 0 0 0 0 0 0 0
Maze 13
87 22 3.3777777778 1.9747366924 56 0.368318364439522
64 15 75 30 5 52 16 23 13 45 71 73 50 75 45 64
14 400 25 25 2 12 13 400 43 41 400 43 45 400 44
402 400 402 401 402 402 402 400 401 402 400 402 402 400 402
0 1 1 1 1 0 0 0 0 0
0 1 1 1 1 1 0 0 0 0
0 1 1 1 1 1 1 1 1 1
0 1 1 1 1 0 0 0 0 0
1 1 1 1 1 1 1 1 1 1
1 1 1 1 1 0 0 0 0 0
1 0 1 2 1 0 0 0 0 0
1 1 1 0 1 0 0 0 0 0
0 0 0 0 0 0 0 0 0 0
0 0 0 0 0 0 0 0 0 0
Maze 14
99 499 3.0169491525 2.1398263995 71 0.379007150961683
89 22 59 98 37 70 49 41 86 81 5 17 48 76 83 89
82 52 58 97 67 69 400 81 400 1 15 47 46 73 400
401 401 402 401 401 401 400 401 400 402 401 401 402 402 400
1 1 1 1 1 0 0 0 0 0
1 0 0 0 1 1 1 0 0 0
1 1 0 0 0 0 1 0 0 0
1 1 0 0 0 0 1 0 0 0
1 1 1 1 1 1 1 1 1 0
1 1 1 1 1 1 1 1 1 0
1 1 0 0 0 1 1 1 1 1
1 1 1 1 1 1 1 1 0 0
1 1 1 1 1 1 1 1 2 0
0 0 0 0 0 0 1 1 0 0
Maze 15
95 3 2.6530612245 1.8845903060 84 0.372522747314244
86 21 69 39 17 37 78 5 11 69 27 77 7 69 89 86
81 61 400 37 400 77 75 1 61 67 400 400 67 400 400
401 401 400 401 400 401 401 402 401 401 400 400 401 400 400
1 1 1 1 1 0 1 0 0 0
1 0 0 0 1 0 1 0 0 0
1 0 0 0 1 0 1 0 0 0
1 0 0 0 1 0 1 1 1 0
1 0 0 0 1 0 1 0 1 0
1 0 0 0 1 0 1 0 1 0
1 1 1 1 1 1 1 1 1 0
1 0 0 0 1 1 1 1 1 0
1 1 1 1 1 2 1 1 1 0
0 0 0 0 0 0 0 0 0 0
Maze 16
81 69 3.0000000000 2.3233028506 22 0.373168896397748
65 28 12 14 46 64 91 99 98 83 7 22 21 22 78 65
25 22 400 44 44 61 400 400 93 3 2 400 400 72 75
402 401 400 401 402 402 400 400 401 402 402 400 400 401 401
0 1 1 1 1 1 1 0 0 0
0 1 1 1 0 0 0 0 0 0
1 1 1 1 1 1 1 1 0 0
0 1 1 1 1 0 0 0 0 0
0 1 1 1 1 1 0 0 0 0
0 1 1 1 1 0 0 0 0 0
1 1 1 1 2 0 0 0 0 0
1 1 1 1 1 1 1 1 0 0
1 0 1 0 0 0 0 0 0 0
1 1 1 1 1 1 1 1 1 0
Maze 17
101 126 2.8474576271 2.1839035784 53 0.380139204867253
94 59 39 25 3 85 93 32 61 4 36 24 59 99 1 94
54 400 35 23 83 83 92 31 1 34 34 54 400 91 91
402 400 401 401 401 402 401 402 402 401 401 401 400 401 401
1 1 1 1 0 0 0 0 0 0
1 0 1 1 0 0 0 0 0 0
1 0 1 1 1 0 0 0 0 0
1 1 1 1 1 1 1 1 1 0
1 1 1 1 0 0 0 0 1 0
1 1 1 1 1 1 1 1 1 0
1 1 1 1 0 0 0 0 1 0
1 1 1 1 0 0 0 0 1 0
1 1 1 1 1 0 0 0 1 0
1 1 1 2 1 1 1 1 1 0
Maze 18
103 64 3.2962962963 2.0666966352 84 0.393747989910287
82 55 59 87 27 93 61 77 82 8 80 63 83 25 2 82
52 400 57 400 23 91 71 72 2 78 73 400 23 22 400
402 400 402 400 402 401 401 402 402 401 401 400 402 401 400
0 1 1 1 1 1 1 1 0 0
0 1 0 0 0 0 0 1 0 0
0 1 1 1 1 1 1 1 0 0
0 1 1 0 0 0 1 1 0 0
0 1 1 0 0 0 1 1 0 0
0 1 1 1 1 1 1 1 1 0
1 1 1 0 0 0 1 1 0 0
1 1 1 1 1 1 1 1 1 1
1 2 1 0 0 0 1 0 0 0
1 1 1 0 0 0 0 0 0 0
Maze 19
95 297 2.9354838710 2.2421410072 62 0.367297639166014
46 90 12 45 54 47 27 85 5 61 93 80 17 36 58 46
86 82 42 44 44 400 25 400 1 91 73 77 16 56 56
401 401 401 402 402 400 402 400 402 401 402 401 402 401 401
1 1 1 1 1 0 0 0 0 0
1 1 0 0 1 1 1 0 0 0
1 1 0 0 1 1 1 0 0 0
1 1 0 0 1 1 1 0 0 0
1 1 1 1 1 2 1 0 0 0
1 1 0 1 1 1 1 1 0 0
1 1 0 0 1 1 1 0 0 0
1 1 1 1 1 1 1 1 1 1
1 1 1 1 1 1 1 1 1 1
1 1 1 0 0 0 0 0 0 0
Maze 20
113 1187 3.5000000000 1.9683435540 90 0.392660984681076
93 3 34 96 51 63 17 96 5 66 62 17 84 14 77 93
400 33 94 91 61 13 16 95 65 400 12 14 400 74 73
400 401 401 401 401 402 402 401 401 400 402 402 400 401 402
0 0 1 0 1 0 0 0 0 0
0 1 1 1 1 1 1 0 0 0
0 1 1 1 1 1 0 0 0 0
0 1 1 1 1 1 0 0 0 0
0 1 1 1 1 1 0 0 0 0
1 1 1 1 1 1 0 0 0 0
1 1 1 1 1 1 0 0 0 0
1 0 1 1 1 1 1 0 0 0
1 0 1 1 1 1 0 0 0 0
1 1 2 1 1 1 0 0 0 0
Maze 21
73 3 2.9777777778 2.1556630122 16 0.401204357210791
75 78 96 11 83 34 44 83 82 72 83 58 54 33 6 75
400 76 91 81 33 400 43 400 400 82 53 400 53 3 5
400 402 401 401 402 400 402 400 400 401 402 400 401 402 402
0 0 1 1 1 1 0 0 0 0
1 0 1 0 1 0 0 0 0 0
1 0 1 0 1 0 0 0 0 0
1 0 1 1 1 0 0 0 0 0
1 0 1 1 1 0 0 0 0 0
1 0 1 1 1 1 1 1 0 0
1 0 1 0 1 0 0 0 0 0
1 1 1 0 2 1 1 1 0 0
1 1 1 0 0 1 0 0 0 0
1 1 1 1 1 1 0 0 0 0
Maze 22
81 51 2.8148148148 2.3061764237 35 0.364573121469640
83 79 81 61 46 30 40 19 17 97 76 33 20 62 92 83
73 71 400 41 26 400 39 400 400 96 73 13 12 400 82
402 402 400 402 402 400 401 400 400 401 401 402 402 400 402
0 0 0 0 0 0 0 0 0 0
0 1 1 1 1 1 1 1 1 1
0 1 1 0 0 1 1 1 1 1
0 1 1 0 0 1 1 0 1 1
1 1 1 1 1 1 1 0 0 0
1 1 1 0 0 0 1 0 0 0
1 1 1 0 0 0 1 0 0 0
1 1 1 1 1 1 1 1 1 0
1 1 2 0 0 1 1 0 0 0
0 1 0 0 0 1 1 0 0 0
Maze 23
99 600 2.9677419355 2.2735971773 84 0.376690459259976
95 98 3 43 22 46 97 69 21 81 89 7 74 51 71 95
400 93 400 42 42 96 67 61 400 400 87 4 71 400 91
400 401 400 401 401 401 402 401 400 400 401 402 401 400 401
0 0 1 1 1 1 1 0 0 0
0 0 1 1 0 0 1 0 0 0
1 1 1 1 0 0 1 0 0 0
1 1 1 1 0 0 1 0 0 0
1 1 1 1 1 1 1 0 0 0
1 0 1 1 0 1 1 0 0 0
1 1 1 1 1 1 1 1 1 0
1 1 1 1 0 1 1 0 0 0
1 1 1 1 1 1 1 1 1 0
1 1 1 1 2 1 1 1 0 0
Maze 24
119 22 3.4482758621 2.0427604761 98 0.386214122416876
22 30 33 80 43 40 43 99 54 27 18 93 14 71 63 22
400 23 73 73 33 33 93 94 24 17 13 13 11 61 62
400 402 401 401 402 402 401 401 402 402 402 402 402 402 401
0 0 0 0 0 0 0 0 0 0
1 1 1 1 1 1 1 1 0 0
1 2 1 1 1 1 1 1 1 1
1 1 1 1 1 1 1 1 1 1
1 1 1 1 0 0 0 0 0 0
1 1 1 1 0 0 0 0 0 0
1 1 1 1 0 0 0 0 0 0
1 0 1 1 1 1 1 1 1 1
0 0 1 1 0 0 0 0 0 0
0 0 1 1 1 1 1 1 1 0
Maze 25
119 16265 3.2173913043 2.2670680151 141 0.379643323753255
90 48 82 28 75 14 99 8 36 40 41 18 45 93 69 90
88 42 22 25 74 94 98 6 400 31 11 15 43 63 89
401 402 402 402 401 401 401 402 400 402 402 402 402 402 401
0 0 0 0 0 1 1 1 0 0
1 1 1 1 1 1 1 1 0 0
1 1 1 1 1 1 1 1 0 0
1 1 1 1 1 1 1 1 1 1
1 1 1 1 1 1 1 1 0 0
0 1 1 1 1 0 0 1 0 0
0 1 1 1 1 1 1 1 1 0
0 1 1 1 1 0 0 1 1 0
0 1 1 1 0 0 0 1 1 2
0 0 1 1 1 1 1 1 1 0
Maze 26
121 119 3.4516129032 2.0951251178 113 0.397912864380440
20 2 20 86 30 34 91 44 100 95 40 54 15 36 87 20
12 12 16 26 24 31 41 94 400 35 34 14 35 86 17
401 401 402 402 402 402 402 401 400 402 402 402 401 401 402
0 1 0 0 0 0 0 0 0 0
0 1 1 1 1 1 1 1 1 2
0 0 0 1 1 1 1 1 1 1
1 1 1 1 1 1 1 1 1 1
1 1 1 1 1 1 1 0 0 0
1 0 0 1 1 1 1 0 0 0
1 0 0 1 1 1 1 0 0 0
1 0 0 1 1 1 1 0 0 0
1 0 0 1 1 1 1 0 0 0
1 0 0 1 1 1 1 1 1 1
Maze 27
97 123 3.2075471698 2.1780943860 70 0.400205745691103
12 73 99 63 45 31 67 60 90 57 65 93 18 15 59 12
72 93 93 43 41 61 57 400 87 55 63 13 400 55 52
401 401 401 402 401 401 402 400 401 402 402 402 400 401 401
0 0 0 0 0 0 0 0 0 0
0 2 1 1 1 1 1 1 0 0
0 1 1 0 1 0 0 0 0 0
1 1 1 0 1 0 0 0 0 0
1 1 1 1 1 0 0 0 0 0
1 1 1 1 1 1 1 1 1 1
1 1 1 1 1 1 1 0 0 1
0 1 1 0 0 0 1 0 0 1
0 0 1 0 0 0 1 1 1 1
0 0 1 1 1 1 1 1 1 0
Maze 28
107 331 3.0333333333 2.2001134794 92 0.386442294001667
29 69 31 74 60 71 84 23 1 99 37 53 81 62 31 29
400 61 71 54 51 81 83 21 91 97 33 51 61 61 21
400 401 401 402 402 401 401 401 401 401 402 402 402 401 402
1 0 0 0 0 0 0 0 0 0
1 0 0 0 0 0 0 0 0 0
1 1 1 1 1 1 1 1 2 0
1 0 1 1 1 1 1 0 1 0
1 0 1 0 0 0 1 0 1 0
1 1 1 1 1 1 1 1 1 1
1 1 1 1 1 1 1 1 1 0
1 1 1 1 0 0 1 0 0 0
1 1 1 1 0 0 1 0 0 0
1 1 1 1 1 1 1 1 1 0
Maze 29
111 2538 3.3750000000 2.2817242402 112 0.372413605526817
45 92 55 56 65 34 98 27 23 84 10 55 20 21 69 45
42 52 400 55 64 94 97 400 83 4 5 15 11 61 65
402 402 400 402 401 401 401 400 401 402 402 402 402 401 401
0 0 0 1 1 1 1 1 1 1
1 1 1 1 1 1 1 1 1 1
1 0 1 1 1 1 1 0 0 0
1 0 1 1 1 0 1 0 0 0
1 1 1 1 2 0 1 0 0 0
1 1 1 1 1 1 1 0 0 0
1 1 1 1 1 1 1 1 1 0
0 1 1 1 0 0 1 0 0 0
0 1 1 1 0 0 1 0 0 0
0 1 0 1 1 1 1 1 0 0
Maze 30
93 23 3.2653061224 2.0466196453 39 0.400715053598305
43 2 11 96 68 52 98 52 74 84 51 67 86 29 12 43
42 1 91 66 62 92 92 72 400 81 61 66 26 22 42
401 402 401 402 401 401 401 401 400 401 401 402 402 401 401
1 1 0 0 0 0 0 0 0 0
1 1 0 0 0 0 0 0 0 0
1 1 1 1 1 1 1 1 1 0
1 1 0 0 0 1 0 0 0 0
1 1 2 0 0 1 0 0 0 0
1 1 0 0 0 1 0 0 0 0
1 1 1 1 1 1 1 1 0 0
1 1 1 1 0 1 0 0 0 0
1 1 1 1 0 1 0 0 0 0
1 1 1 1 1 1 1 1 0 0
Maze 31
83 30 3.2000000000 1.8360406173 30 0.379031344488256
52 62 97 15 85 25 35 14 96 46 3 5 43 5 57 52
400 92 95 400 400 400 34 94 400 43 400 3 3 55 400
400 401 401 400 400 400 401 401 400 401 400 402 402 401 400
0 0 1 1 1 0 0 0 0 0
0 0 1 1 1 0 0 0 0 0
0 0 1 1 1 0 0 0 0 0
0 0 1 1 1 0 0 0 0 0
0 0 1 1 1 1 0 0 0 0
0 2 1 1 1 1 1 0 0 0
0 1 0 1 1 1 0 0 0 0
0 1 0 1 1 1 0 0 0 0
0 1 0 1 1 1 0 0 0 0
0 1 1 1 1 1 1 0 0 0
Maze 32
115 34 2.9117647059 2.0929222600 112 0.379286213121213
1 28 69 69 43 4 79 49 24 28 12 86 2 86 99 1
21 68 400 63 3 74 400 44 400 22 82 82 82 96 91
401 401 400 401 402 401 400 401 400 401 401 401 401 401 401
2 1 1 1 0 0 0 0 0 0
1 1 1 1 0 0 0 0 0 0
1 1 1 1 1 1 1 1 0 0
1 1 1 1 0 0 0 1 0 0
1 1 1 1 1 1 1 1 1 0
1 1 1 1 0 0 0 1 1 0
1 1 1 1 1 1 1 1 1 0
1 1 0 1 1 1 1 1 1 0
1 1 1 1 1 1 0 0 0 0
1 1 1 1 1 1 1 1 1 0
Maze 33
101 30 3.4509803922 2.1048243521 54 0.394796885484186
88 63 58 13 38 93 5 6 63 80 26 14 29 7 9 88
83 53 53 33 33 3 400 3 73 76 24 24 27 400 8
401 402 401 401 402 402 400 402 401 401 401 401 401 400 402
0 0 1 1 1 1 1 1 1 0
0 0 1 1 0 0 1 1 0 0
0 0 1 1 1 1 1 1 1 0
0 0 1 1 1 1 1 1 0 0
0 0 1 0 0 1 0 1 0 0
0 0 1 1 1 1 1 1 0 0
0 0 1 0 0 1 0 1 0 0
0 0 1 1 1 1 1 1 1 1
0 0 1 1 1 1 1 2 0 0
0 0 1 0 0 0 0 0 0 0
Maze 34
107 39 3.5102040816 1.9698997141 97 0.380413660452083
33 53 73 60 72 19 26 91 47 83 44 67 24 11 57 33
400 400 53 52 12 16 21 41 43 43 64 64 21 51 53
400 400 402 402 402 402 402 402 402 402 401 401 401 401 401
0 0 0 0 0 0 0 0 0 0
1 1 1 1 1 1 1 1 1 0
1 1 1 1 1 1 0 0 0 0
1 1 2 1 0 0 0 0 0 0
1 1 1 1 1 1 1 0 0 0
1 1 1 1 1 1 1 1 1 1
1 1 1 1 1 1 1 0 0 0
1 1 1 0 0 0 0 0 0 0
1 0 1 0 0 0 0 0 0 0
1 0 0 0 0 0 0 0 0 0
Maze 35
113 1539 3.6000000000 2.0183155153 81 0.409115108269800
19 36 85 85 8 39 93 38 94 49 90 44 7 50 23 19
16 35 400 5 38 33 33 34 44 89 84 4 47 43 13
402 402 400 402 401 402 402 402 402 401 401 402 401 401 402
0 0 0 1 1 1 1 1 0 0
0 0 1 1 1 1 1 1 2 0
0 0 1 1 1 1 1 1 0 0
0 0 1 1 1 1 1 1 1 0
0 0 1 1 1 1 1 1 1 1
0 0 1 1 1 0 0 0 1 0
0 0 1 1 1 0 0 0 1 0
0 0 1 1 1 0 0 0 1 0
0 0 1 1 1 1 1 1 1 1
0 0 1 1 0 0 0 0 0 0
Maze 36
103 70 3.6800000000 1.9916832257 70 0.395514952356239
53 54 14 25 94 80 24 89 22 65 20 86 75 85 70 53
400 400 24 24 74 74 84 82 62 15 16 85 400 65 63
400 400 401 402 402 401 401 401 401 402 402 401 400 402 401
0 0 0 0 0 0 0 0 0 0
0 0 0 1 1 1 1 1 1 1
0 1 0 1 1 1 0 0 0 0
0 1 0 1 1 1 0 0 0 0
0 1 0 1 1 1 0 0 0 0
0 1 2 1 1 1 0 0 0 0
0 1 1 1 1 1 1 1 1 1
0 1 0 1 1 1 1 1 1 1
0 1 1 1 1 1 1 1 1 0
0 0 0 1 0 0 0 0 0 0
Maze 37
97 49 3.5833333333 2.0613539079 65 0.387076094421519
60 31 60 69 40 49 81 94 96 42 66 31 40 14 59 60
51 51 59 39 39 41 91 400 92 62 61 400 34 54 400
401 401 402 402 402 402 401 400 401 401 401 400 401 401 400
0 0 0 0 0 0 0 0 0 0
0 0 0 1 0 0 0 0 0 0
0 0 0 1 0 0 0 0 0 0
1 1 1 1 1 1 1 1 1 1
1 1 1 1 1 1 1 1 1 0
1 1 1 1 1 1 1 1 1 2
1 1 1 1 1 1 0 0 1 0
1 1 0 0 0 0 0 0 0 0
1 1 0 0 0 0 0 0 0 0
1 1 1 1 1 1 0 0 0 0
Maze 38
71 64 2.7058823529 2.3219609610 13 0.391577615335431
10 28 12 12 72 73 15 3 14 21 67 75 95 61 61 10
8 22 400 400 400 13 13 13 11 61 65 400 91 400 1
402 401 400 400 400 402 401 401 402 401 402 400 401 400 402
1 1 1 1 1 1 1 1 1 2
1 1 1 1 1 0 0 1 0 0
1 1 1 1 1 1 1 1 0 0
1 1 1 0 0 0 0 0 0 0
1 1 1 0 0 0 0 0 0 0
1 1 1 0 0 0 0 0 0 0
1 1 1 1 1 1 1 0 0 0
1 1 1 0 1 0 0 0 0 0
1 0 0 0 1 0 0 0 0 0
1 1 1 1 1 0 0 0 0 0
Maze 39
75 16 3.4000000000 2.0612868458 25 0.382172591769627
76 72 45 54 49 65 67 5 89 76 54 26 18 7 74 76
400 42 44 44 45 400 65 85 86 74 24 16 17 4 400
400 402 402 402 402 400 401 401 401 401 402 402 401 402 400
0 0 0 1 1 1 1 0 0 0
0 0 0 1 1 1 1 1 0 0
0 0 0 1 1 1 0 0 0 0
0 0 0 1 1 0 0 0 0 0
0 1 1 1 1 1 1 1 1 0
0 1 0 1 1 0 0 0 0 0
0 1 0 1 1 1 1 0 0 0
0 1 1 1 1 2 0 0 0 0
0 0 0 0 1 1 1 1 1 0
0 0 0 0 0 0 0 0 0 0
Maze 40
95 329 3.3725490196 2.1670090362 62 0.376447255271590
61 86 22 42 35 89 78 11 7 73 61 81 69 73 33 61
81 82 400 32 85 88 71 1 3 71 400 61 63 400 31
401 401 400 402 401 401 401 402 402 401 400 402 402 400 402
1 1 1 1 1 1 1 0 0 0
1 0 1 0 0 0 0 0 0 0
1 1 1 0 0 0 0 0 0 0
1 1 1 1 1 0 0 0 0 0
1 1 1 0 1 0 0 0 0 0
1 1 1 0 1 0 0 0 0 0
2 1 1 1 1 1 1 1 1 0
1 1 1 1 1 1 1 1 0 0
1 1 1 1 1 1 1 1 1 0
0 0 0 0 0 0 0 0 0 0
Maze 41
61 13 2.5957446809 2.3618299202 5 0.347842099711900
61 83 62 56 18 60 29 19 55 66 93 76 57 45 44 61
81 82 52 16 58 59 400 15 65 63 73 56 55 400 41
401 401 402 402 401 401 400 402 401 402 402 402 401 400 402
0 0 0 0 0 0 0 0 0 0
0 0 0 0 1 1 1 1 1 0
0 0 0 0 1 1 0 1 1 0
0 0 0 0 1 1 0 1 1 0
1 1 1 1 1 1 0 1 1 0
1 1 1 1 1 1 1 1 1 1
2 1 1 1 1 1 0 0 0 0
1 1 1 1 1 1 0 0 0 0
1 1 1 0 0 0 0 0 0 0
0 0 1 0 0 0 0 0 0 0
Maze 42
117 671 3.5081967213 2.2260152478 101 0.388173420968022
20 21 31 59 33 67 40 78 52 48 76 49 21 88 22 20
11 400 51 53 63 37 38 72 42 46 46 41 81 82 12
402 400 401 401 401 402 402 401 402 402 402 401 401 401 402
0 0 0 0 0 0 0 0 0 0
1 1 1 1 1 1 1 1 1 2
1 1 0 0 0 0 0 0 0 0
1 1 1 0 0 0 1 1 1 1
1 1 1 1 1 1 1 1 1 0
1 1 1 1 1 1 1 1 1 0
1 1 1 1 1 1 1 1 0 0
1 1 1 1 1 1 1 1 0 0
1 1 1 1 1 1 1 1 0 0
0 0 0 0 0 0 0 0 0 0
Maze 43
91 63 2.8070175439 2.1239033607 45 0.414654787529319
8 29 19 22 46 55 94 26 87 91 49 53 49 70 87 8
28 400 12 42 45 54 24 86 81 41 43 43 69 67 7
401 400 402 401 402 402 402 401 402 402 402 402 401 402 402
0 0 0 0 0 0 1 2 0 0
0 1 1 1 1 1 1 1 1 0
0 1 0 1 1 1 1 1 1 0
0 1 0 1 0 1 1 0 0 0
1 1 1 1 1 1 1 1 1 0
1 0 1 1 1 1 1 0 1 0
1 0 0 1 0 1 1 1 1 1
1 0 0 1 0 1 1 0 0 0
1 1 1 1 1 1 1 0 0 0
1 0 0 1 0 0 0 0 0 0
Maze 44
93 46 2.8070175439 2.0921215796 44 0.382005804125086
20 33 47 89 77 79 25 53 28 4 23 50 78 21 39 20
13 43 87 87 400 75 23 23 24 3 43 48 71 31 19
402 401 401 401 400 401 402 402 401 402 401 402 401 401 402
0 0 1 1 0 0 0 0 0 0
0 0 1 1 1 1 1 1 1 2
1 0 1 1 1 1 1 1 1 0
1 1 1 1 1 1 1 1 1 0
1 0 1 1 1 1 1 1 1 1
1 0 1 0 1 0 1 1 0 0
1 0 0 0 1 0 1 1 0 0
1 1 1 1 1 1 1 1 1 0
0 0 0 0 0 0 1 1 1 0
0 0 0 0 0 0 0 0 0 0
Maze 45
79 15 2.8636363636 1.8769572298 35 0.373335577988347
35 36 16 78 63 16 86 37 9 42 41 6 47 8 6 35
400 400 76 73 13 400 36 7 2 400 1 46 7 400 5
400 400 401 401 402 400 402 402 402 400 402 401 402 400 402
1 1 1 1 1 1 1 1 1 0
1 1 1 1 1 1 1 0 0 0
1 1 1 0 1 1 1 0 0 0
1 1 1 0 2 1 1 0 0 0
1 1 1 0 0 1 1 0 0 0
0 0 1 0 0 1 0 0 0 0
0 0 1 0 0 1 0 0 0 0
0 0 1 1 1 1 1 1 0 0
0 0 0 0 0 1 0 0 0 0
0 0 0 0 0 0 0 0 0 0
Maze 46
129 307 3.4736842105 1.9678274435 169 0.382278417369164
51 70 29 91 88 16 34 87 1 61 68 3 74 13 77 51
61 69 21 81 86 14 84 81 400 400 63 73 73 73 71
401 401 402 402 401 402 401 401 400 400 401 401 401 401 401
1 0 1 0 0 0 0 0 0 0
1 0 1 1 1 1 0 0 0 0
1 1 1 1 1 1 1 1 1 0
1 0 1 1 0 1 0 0 1 0
1 0 1 1 0 1 0 0 1 0
2 0 1 1 0 1 0 0 1 0
1 1 1 1 1 1 1 1 1 1
1 1 1 1 1 1 1 0 0 0
1 1 1 1 1 1 1 1 0 0
1 0 0 0 0 0 0 0 0 0
Maze 47
101 21 2.9615384615 1.9800725778 60 0.401996467727158
8 26 39 23 96 31 67 38 47 85 55 99 41 91 5 8
6 36 33 93 91 61 37 37 45 400 95 91 400 1 400
402 401 401 401 401 401 402 402 402 400 401 401 400 402 400
1 1 1 1 1 1 1 2 0 0
1 0 0 0 0 1 0 0 0 0
1 0 1 0 0 1 0 0 0 0
1 0 1 1 1 1 1 1 1 0
1 0 1 0 1 1 1 0 0 0
1 0 1 0 1 0 1 0 0 0
1 1 1 1 1 1 1 0 0 0
1 0 1 0 1 0 0 0 0 0
1 0 1 0 1 0 0 0 0 0
1 1 1 1 1 1 1 1 1 0
Maze 48
91 127 3.0000000000 2.3262273994 50 0.369576944158368
99 55 74 91 70 66 48 40 45 82 4 36 6 85 46 99
95 54 71 61 400 46 38 35 42 2 34 400 5 45 96
401 402 402 402 400 402 402 402 402 402 401 400 402 402 401
0 1 1 1 1 1 0 0 0 0
0 1 0 1 1 1 0 0 0 0
0 1 0 1 1 1 0 0 0 0
0 1 0 1 1 1 1 1 1 1
0 1 1 1 1 1 1 1 0 0
0 1 0 1 1 1 0 0 0 0
1 1 1 1 1 1 1 1 1 1
1 1 1 1 1 1 0 0 0 0
1 1 0 0 1 1 0 0 0 0
1 0 0 0 1 1 1 1 2 0
Maze 49
87 54 2.9629629630 2.1634544791 39 0.370061819752552
5 13 38 67 97 76 40 14 43 87 3 92 95 48 37 5
3 33 37 400 96 36 34 13 83 83 2 400 45 47 35
402 401 402 400 401 402 401 402 401 401 402 400 402 401 401
0 1 1 1 2 0 0 0 0 0
0 1 1 1 1 0 0 0 0 0
0 1 1 1 1 0 0 0 0 0
0 1 1 1 1 1 1 1 1 1
0 1 1 0 1 1 1 1 0 0
0 1 1 0 1 1 1 0 0 0
0 1 1 0 1 1 1 0 0 0
0 1 1 0 1 1 1 0 0 0
0 1 1 1 1 1 1 0 0 0
0 1 1 1 1 1 1 0 0 0
Maze 50
111 1804 3.0588235294 2.3285171398 120 0.370352871415048
75 70 8 9 100 56 20 3 96 81 38 43 37 28 91 75
65 68 400 99 96 16 13 93 91 31 33 33 27 21 71
402 401 400 401 401 402 401 401 401 402 402 402 402 402 402
0 0 1 0 0 0 0 1 1 0
0 0 1 1 1 1 1 1 1 1
1 1 1 1 1 1 1 1 1 0
1 1 1 1 1 1 1 1 1 0
1 0 1 0 0 1 0 1 1 0
1 0 1 0 0 1 0 1 1 0
1 0 1 0 1 1 1 1 1 1
1 1 1 1 2 1 0 0 1 0
1 0 1 0 0 1 0 0 1 0
1 1 1 1 1 1 1 1 1 1
Maze 51
101 418 2.9491525424 2.2095078208 59 0.376783330475545
26 62 61 39 9 54 26 24 51 10 77 60 92 97 58 26
22 400 31 400 4 24 400 21 1 7 57 52 400 57 56
402 400 402 400 402 402 400 402 402 402 402 402 400 402 401
1 1 1 1 1 1 1 1 1 1
1 0 0 1 0 0 1 0 1 0
1 1 1 1 1 2 1 0 1 0
1 1 1 1 1 1 1 1 1 0
1 1 0 1 0 1 1 0 0 0
1 1 1 1 1 1 1 1 1 1
1 1 0 0 0 0 1 0 0 0
0 1 0 0 0 0 1 0 0 0
0 1 0 0 0 0 1 0 0 0
0 1 1 1 1 1 1 0 0 0
Maze 52
105 175 3.2857142857 2.2095078208 99 0.401699204400878
38 42 1 94 89 11 59 34 33 79 76 50 87 79 65 38
32 41 91 84 81 51 54 400 73 400 46 47 77 75 35
402 401 401 402 401 401 401 400 401 400 402 402 402 401 402
1 0 0 0 0 0 0 0 0 0
1 0 0 0 0 0 0 0 0 0
1 0 0 0 0 0 0 0 0 0
1 1 1 1 1 1 1 2 0 0
1 1 1 1 1 1 1 1 1 1
1 1 1 1 1 1 1 1 1 0
1 0 1 0 1 1 1 0 0 0
1 0 1 1 1 1 1 1 1 0
1 1 1 1 1 1 1 1 1 0
1 1 1 1 0 0 0 0 0 0
Maze 53
99 5401 2.7500000000 2.1657573931 84 0.388942261615644
69 24 3 51 96 28 99 46 53 39 87 82 97 72 58 69
64 23 1 91 26 98 96 43 33 37 400 92 92 52 68
401 401 402 401 402 401 401 402 402 402 400 401 401 402 401
1 1 1 0 0 0 0 0 0 0
1 0 1 0 0 0 0 0 0 0
1 0 1 1 0 1 1 1 0 0
1 0 1 1 1 1 1 1 1 0
1 0 1 1 1 1 1 1 0 0
1 1 1 1 1 1 1 1 0 0
1 1 0 1 1 1 1 1 2 0
1 1 0 0 0 1 1 1 0 0
1 1 1 1 1 1 1 1 0 0
1 1 1 1 1 1 1 1 1 0
Maze 54
99 448 3.4615384615 2.1394928595 47 0.398529443571377
33 10 8 63 64 90 23 72 75 57 32 66 48 17 98 33
3 400 3 400 84 83 22 400 55 52 62 46 47 97 93
402 400 402 400 401 401 402 400 402 401 401 402 401 401 401
0 0 1 1 1 1 1 1 1 1
0 0 1 0 0 0 1 0 0 0
0 1 1 0 0 0 1 0 0 0
0 1 2 0 0 0 1 0 0 0
0 1 1 0 0 1 1 1 0 0
0 1 1 1 1 1 1 0 0 0
0 1 1 1 1 1 1 0 0 0
0 1 1 1 1 0 1 0 0 0
0 0 1 1 1 1 1 1 1 1
0 0 1 1 1 1 1 1 0 0
Maze 55
111 100 3.8260869565 1.8686805893 92 0.388874940423241
100 6 48 86 40 86 92 77 9 97 37 70 85 55 26 100
96 46 46 36 36 82 72 7 7 400 67 65 400 25 96
401 401 402 402 402 402 402 402 402 400 401 402 400 402 401
0 0 0 0 0 1 1 1 1 0
0 0 0 0 0 1 1 0 0 0
0 0 0 0 1 1 1 0 0 0
0 0 0 0 1 1 1 1 1 1
0 0 0 0 1 1 1 1 0 0
0 0 0 0 1 1 1 0 0 0
0 0 0 0 1 1 1 1 1 1
0 1 1 1 1 1 1 0 0 0
0 1 1 1 1 1 1 0 0 0
0 1 0 0 0 1 1 1 1 2
Maze 56
89 6 3.1666666667 1.9925315786 35 0.355625191009248
87 89 56 80 20 28 82 30 2 24 12 12 17 11 36 87
400 86 76 400 18 22 22 22 22 22 400 400 400 31 86
400 401 401 400 402 402 402 401 401 401 400 400 400 401 401
0 1 0 0 0 0 0 0 0 0
1 1 1 1 1 1 1 1 1 1
1 1 1 1 1 1 1 1 1 1
1 1 1 1 1 1 0 0 0 1
0 1 0 0 0 1 0 0 0 1
0 1 0 0 0 1 0 0 0 1
0 1 0 0 0 1 0 0 0 1
0 1 0 0 0 1 1 1 1 1
0 1 0 0 0 1 2 1 1 0
0 0 0 0 0 0 0 0 0 0
Maze 57
93 102 3.1764705882 2.0959983016 50 0.382589559136931
56 5 88 85 21 14 30 34 91 68 26 65 15 24 52 56
55 85 400 81 11 24 24 31 61 66 25 400 14 22 400
401 401 400 401 402 401 402 402 402 401 402 400 402 402 400
0 0 0 0 1 0 0 0 0 0
1 1 1 1 1 0 0 0 0 0
1 1 1 1 1 1 1 1 1 1
1 1 1 1 1 1 0 0 0 0
1 1 0 0 1 1 0 0 0 0
1 1 1 1 1 2 0 0 0 0
1 1 1 1 1 1 1 1 0 0
1 0 0 0 1 0 0 0 0 0
1 1 1 1 1 1 1 1 0 0
1 0 0 0 0 0 0 0 0 0
Maze 58
87 679 3.2400000000 2.1598682574 45 0.376389766158599
51 73 56 6 18 82 53 13 5 6 22 9 74 38 67 51
71 53 400 16 12 52 400 3 400 2 2 4 34 37 61
401 402 400 401 402 402 400 402 400 402 402 402 402 402 401
0 1 1 1 1 1 1 1 1 0
0 1 1 1 1 1 1 1 0 0
0 1 1 1 0 1 0 0 0 0
0 1 1 1 1 1 1 1 0 0
0 1 1 1 0 1 1 0 0 0
2 1 1 1 1 1 1 0 0 0
1 1 1 1 1 1 1 0 0 0
1 1 1 1 0 0 0 0 0 0
0 1 0 0 0 0 0 0 0 0
0 0 0 0 0 0 0 0 0 0
Maze 59
107 81 2.8358208955 2.2790326024 80 0.387002693619667
52 1 70 95 65 5 21 84 19 100 36 66 15 32 74 52
51 61 65 400 400 1 81 14 99 96 400 65 12 72 72
401 401 402 400 400 402 401 402 401 401 400 401 402 401 401
1 1 1 1 1 0 0 0 0 0
1 1 1 1 1 1 1 1 1 0
1 1 0 1 1 0 0 0 1 0
1 1 0 1 1 1 0 0 1 0
1 1 0 1 1 1 0 0 1 0
1 2 0 1 1 1 0 0 1 0
1 1 1 1 1 1 1 1 1 1
1 1 1 1 1 1 0 0 1 0
1 1 1 1 1 1 0 0 1 0
0 0 0 0 1 1 1 1 1 1
Maze 60
75 6 2.9787234043 2.1705047625 30 0.369559604767009
50 27 85 41 27 8 33 23 51 85 67 44 53 30 30 50
47 25 81 21 7 3 400 21 81 65 64 43 23 400 400
401 402 401 402 402 402 400 402 401 402 401 402 402 400 400
0 0 1 1 1 1 1 1 0 0
0 0 1 0 0 0 1 0 0 0
1 1 1 1 1 1 1 1 1 1
1 0 1 0 1 0 1 0 0 1
1 0 1 1 1 0 1 1 1 2
1 0 1 1 1 0 0 0 0 0
1 0 0 1 1 1 1 0 0 0
1 0 0 0 1 0 0 0 0 0
1 1 1 1 1 0 0 0 0 0
0 0 0 0 0 0 0 0 0 0
Maze 61
91 23 2.6800000000 2.0206224498 41 0.372330624490361
41 94 89 49 21 96 45 84 98 15 14 16 33 1 72 41
91 84 400 41 91 95 44 94 95 400 400 13 31 71 71
401 402 400 401 401 401 402 401 401 400 400 402 401 401 401
1 0 0 0 0 0 0 0 0 0
1 0 1 1 1 1 0 0 0 0
1 0 1 0 1 0 0 0 0 0
1 1 1 0 1 0 0 0 0 0
2 1 1 1 1 1 1 1 1 0
1 0 0 1 1 0 0 0 1 0
1 0 0 1 1 0 0 0 1 0
1 1 0 1 1 0 0 0 1 0
1 0 0 1 1 1 1 1 1 0
1 1 1 1 1 1 1 1 0 0
Maze 62
113 82 3.7142857143 2.1879236119 87 0.398354194545488
82 38 54 41 89 11 58 14 12 33 47 66 84 10 8 82
32 34 51 81 81 51 54 400 32 43 46 64 4 400 2
402 402 401 401 401 401 401 400 401 401 402 402 402 400 402
0 1 1 1 1 1 1 1 1 1
1 1 1 1 0 0 0 0 0 0
1 1 0 1 0 0 0 0 0 0
1 1 1 1 1 1 1 1 0 0
1 1 1 1 1 1 1 0 0 0
1 1 1 1 1 1 1 1 0 0
1 1 0 1 1 1 0 0 0 0
1 1 0 1 0 0 0 0 0 0
1 2 1 1 1 1 1 1 1 0
0 0 0 0 0 0 0 0 0 0
Maze 63
107 520 3.0153846154 2.2073341229 105 0.376039414169782
89 55 56 88 72 77 79 41 8 66 97 20 32 58 24 89
85 400 86 82 400 400 71 1 6 96 17 12 52 54 84
401 400 401 401 400 400 401 402 402 401 402 402 401 401 401
1 1 1 1 1 1 1 1 0 0
1 1 1 1 1 1 1 1 1 1
1 1 0 1 0 1 1 0 0 0
1 1 0 1 0 1 1 0 0 0
1 1 0 1 0 1 1 0 0 0
1 1 1 1 1 1 1 1 0 0
1 0 0 1 1 1 1 0 0 0
1 1 1 1 1 1 1 1 1 0
0 1 1 1 1 1 1 1 2 0
0 0 0 0 0 1 1 0 0 0
Maze 64
85 33 3.4210526316 1.7524725426 36 0.377894199295388
35 35 51 49 15 33 50 46 25 93 35 30 11 33 65 35
400 31 41 45 13 43 400 45 23 33 25 21 31 63 400
400 402 402 401 402 401 400 401 402 402 402 401 401 401 400
0 0 0 0 0 0 0 0 0 0
1 0 1 1 1 0 0 0 0 0
1 1 1 1 1 1 1 1 1 1
1 1 1 1 2 0 0 0 0 0
1 1 1 1 1 1 1 1 1 1
1 0 1 0 1 0 0 0 0 0
0 0 1 1 1 0 0 0 0 0
0 0 1 0 0 0 0 0 0 0
0 0 1 0 0 0 0 0 0 0
0 0 1 0 0 0 0 0 0 0
Maze 65
113 182 3.2258064516 2.1968520703 105 0.388644497859341
43 55 29 23 7 73 19 97 81 22 79 54 66 31 76 43
53 25 400 3 3 13 17 91 21 72 74 64 61 71 73
401 402 400 402 402 402 402 401 402 401 401 401 401 401 401
0 0 1 1 1 1 1 0 0 0
0 0 1 1 1 1 1 1 1 0
1 1 1 1 1 1 1 1 1 0
1 1 1 0 1 0 1 0 0 0
1 1 2 0 1 0 1 0 0 0
1 1 1 1 1 0 1 0 0 0
1 1 1 1 1 1 1 0 0 0
1 1 1 1 1 1 1 1 1 0
1 0 0 0 0 0 1 0 0 0
1 1 1 1 1 1 1 0 0 0
Maze 66
95 40 3.3913043478 1.9145044378 47 0.377620865387026
55 24 7 46 38 65 10 22 91 2 53 9 7 1 14 55
54 4 6 36 35 5 2 21 1 52 3 400 400 11 54
401 402 402 402 402 402 402 402 402 401 402 400 400 401 401
1 1 1 1 1 1 1 1 1 1
1 1 1 1 1 1 0 0 0 0
1 1 1 1 1 1 0 0 0 0
1 1 1 1 1 1 1 1 0 0
1 1 1 1 1 1 0 0 0 0
1 1 1 1 2 0 0 0 0 0
1 0 0 0 1 0 0 0 0 0
1 0 0 0 0 0 0 0 0 0
1 0 0 0 0 0 0 0 0 0
1 0 0 0 0 0 0 0 0 0
Maze 67
93 68 3.0740740741 2.0279931174 50 0.383046850561225
90 47 15 84 7 98 88 55 77 39 59 71 82 81 24 90
87 45 14 4 97 400 85 75 37 400 51 81 400 21 84
401 401 402 402 401 400 401 401 402 400 402 401 400 402 401
0 0 0 1 1 1 1 0 0 0
0 0 0 1 1 0 1 0 0 0
1 1 1 1 1 0 1 0 0 0
1 0 0 1 1 0 1 1 1 0
1 0 0 1 1 1 1 0 1 0
1 1 1 1 1 1 1 1 1 0
1 0 0 1 1 0 1 0 0 0
1 0 0 1 1 1 1 0 0 0
1 1 0 1 1 1 1 1 1 2
0 0 0 0 0 0 1 1 0 0
Maze 68
99 87 2.9180327869 2.1596455172 64 0.385958405335345
70 10 13 22 8 94 44 21 5 45 87 71 90 47 43 70
400 3 12 2 4 400 41 1 400 85 81 81 87 400 63
400 402 402 402 402 400 401 402 400 401 401 401 401 400 401
1 1 1 1 1 1 1 1 1 1
1 1 1 1 1 0 0 0 0 1
1 1 0 1 1 0 0 0 0 1
1 0 0 1 1 0 0 0 0 1
1 1 1 1 1 1 1 0 0 1
0 0 1 1 1 0 1 0 0 1
0 0 1 1 1 1 1 1 1 2
1 0 0 1 1 0 1 0 0 0
1 1 1 1 1 1 1 1 1 1
0 0 0 1 0 0 0 0 0 0
Maze 69
81 35 3.5000000000 2.0986318815 35 0.366780183092855
87 73 82 27 26 26 12 46 77 27 70 4 22 77 83 87
83 72 22 400 400 22 42 76 400 67 64 2 72 73 400
401 402 402 400 400 401 401 401 400 401 401 402 401 402 400
0 1 1 1 0 0 0 0 0 0
0 1 0 1 0 0 0 0 0 0
0 1 1 1 1 1 1 0 0 0
0 1 0 1 0 0 1 0 0 0
0 1 1 1 1 1 1 0 0 0
0 1 0 1 0 1 1 0 0 0
0 1 0 1 1 1 1 1 1 1
0 1 1 1 1 1 1 0 0 0
0 1 1 1 1 1 2 0 0 0
0 0 0 0 0 0 0 0 0 0
Maze 70
99 361 3.5744680851 2.0983951748 55 0.383464047912100
92 12 76 84 66 97 62 11 83 14 81 73 71 44 60 92
400 72 74 64 96 92 61 81 13 11 71 400 41 54 52
400 401 402 402 401 401 401 401 402 402 402 400 402 401 402
0 0 0 0 0 0 0 0 0 0
1 1 1 1 0 0 0 0 0 0
1 1 1 0 0 0 0 0 0 0
1 1 1 0 0 0 0 0 0 0
1 1 1 1 0 0 0 0 0 0
1 1 1 1 1 1 1 1 1 1
1 1 1 1 1 1 0 0 0 0
1 1 1 1 1 1 0 0 0 0
1 1 1 1 0 1 0 0 0 0
0 2 1 1 1 1 1 0 0 0
Maze 71
113 17 3.7674418605 1.8539978252 94 0.380829997023543
44 71 100 12 1 43 1 11 83 78 42 78 82 59 71 44
41 91 92 11 41 41 400 81 73 72 72 72 52 51 41
402 401 401 401 401 401 400 401 402 401 401 402 402 402 402
1 0 0 0 0 0 0 0 0 0
1 1 0 0 0 0 0 0 0 0
1 1 0 0 0 0 0 0 0 0
1 1 0 0 0 0 0 0 0 0
1 1 1 2 0 0 0 0 0 0
1 1 1 1 1 1 1 1 1 0
1 1 0 0 0 0 0 0 0 0
1 1 1 1 1 1 1 1 0 0
1 1 1 0 0 0 0 0 0 0
1 1 1 1 1 1 1 1 1 1
Maze 72
117 60 3.3333333333 2.0334819451 126 0.402255617178117
33 74 80 100 1 76 76 26 100 25 90 61 4 41 25 33
73 400 400 91 71 400 400 96 95 85 81 1 1 21 23
401 400 400 401 401 400 400 401 401 401 401 402 402 402 402
1 1 1 1 0 0 0 0 0 0
1 0 0 0 0 0 0 0 0 0
1 1 1 1 1 1 0 0 0 0
1 0 2 0 1 1 0 0 0 0
1 0 1 0 1 1 0 0 0 0
1 0 1 0 1 1 0 0 0 0
1 0 1 0 1 1 0 0 0 0
1 1 1 1 1 1 1 1 1 1
1 1 1 1 1 1 1 1 1 1
1 1 1 1 1 1 1 1 1 1
Maze 73
121 487 3.1428571429 1.8126267205 133 0.399729191795235
80 69 95 2 41 47 92 13 90 1 46 90 81 58 58 80
79 65 92 1 400 42 12 83 81 41 86 400 51 400 78
401 402 401 402 400 402 402 401 401 401 401 400 402 400 401
1 1 0 0 0 0 0 0 0 0
1 1 1 0 0 0 0 0 0 0
1 1 1 0 0 0 0 0 0 0
1 1 1 0 0 0 0 0 0 0
1 1 1 1 1 1 1 0 0 0
1 1 1 1 1 1 1 1 0 0
1 1 1 0 1 1 1 1 1 0
1 1 1 0 1 1 0 1 1 2
1 1 1 1 1 1 1 1 1 1
0 1 1 1 1 0 0 0 0 0
Maze 74
99 18 3.5833333333 2.0532505156 70 0.413681120148450
4 38 3 88 79 31 77 19 97 38 24 8 37 6 14 4
34 33 83 78 71 71 17 17 37 34 4 7 36 4 400
401 401 401 402 401 401 402 402 402 401 402 402 401 402 400
0 0 1 2 1 1 1 1 0 0
0 0 1 1 0 1 1 1 1 0
0 0 1 1 0 1 1 0 0 0
1 0 1 1 1 1 1 1 0 0
1 0 1 0 0 0 1 0 0 0
1 0 1 0 0 0 1 0 0 0
1 0 1 0 0 0 1 0 0 0
1 1 1 1 1 1 1 1 1 0
0 0 1 1 1 1 1 1 0 0
0 0 0 0 0 0 1 0 0 0
Maze 75
121 1724 2.8955223881 2.0929222600 141 0.399053260375464
31 86 62 8 65 81 29 69 48 64 96 71 8 50 98 31
81 82 2 5 61 21 400 68 44 94 91 1 48 48 91
401 401 402 402 402 402 400 401 402 401 401 402 401 402 401
1 1 1 1 1 1 1 1 0 0
1 1 0 0 1 0 0 1 0 0
1 1 1 1 1 1 1 1 1 0
2 1 0 0 1 0 0 1 1 0
1 1 0 1 1 1 1 1 1 1
1 1 0 1 1 0 0 1 1 0
1 1 1 1 1 0 0 1 1 0
1 1 0 1 0 0 0 1 0 0
1 1 1 1 1 1 0 1 0 0
1 1 1 1 1 1 1 1 0 0
Maze 76
113 17 3.5087719298 2.1566795577 92 0.382606061459015
96 97 1 95 17 70 95 87 86 8 55 97 42 2 68 96
400 91 91 15 67 65 85 400 6 5 95 92 400 62 66
400 401 401 402 401 402 402 400 402 402 401 401 400 401 402
1 1 0 0 1 1 1 1 0 0
1 1 0 0 1 1 1 0 0 0
1 1 0 0 1 1 1 0 0 0
1 1 0 0 1 1 1 0 0 0
1 1 0 0 1 1 1 0 0 0
1 1 0 0 1 1 1 0 0 0
1 1 1 1 1 1 1 1 1 1
1 1 0 0 1 1 0 0 0 0
1 1 0 0 1 1 1 0 0 0
1 1 1 1 1 2 1 0 0 0
Maze 77
103 24 3.3913043478 1.9457109874 56 0.376753340368337
91 54 77 26 39 49 34 51 37 53 98 31 98 23 91 91
51 74 76 36 400 44 31 31 33 93 91 91 93 21 400
402 401 401 401 400 401 402 402 402 401 401 401 401 402 400
0 0 0 0 0 0 0 0 0 0
0 0 0 0 0 0 0 0 0 0
1 1 1 0 0 1 0 0 0 0
1 1 1 1 1 1 1 1 1 0
1 0 1 1 1 1 1 1 1 0
1 1 1 1 0 1 0 0 0 0
1 0 1 1 0 1 0 0 0 0
1 0 1 1 1 1 1 0 0 0
1 0 1 0 0 0 0 0 0 0
2 1 1 1 1 1 1 1 0 0
Maze 78
63 2 2.7000000000 2.1514326466 10 0.419952787285252
15 21 15 45 64 15 78 85 77 76 85 100 69 79 8 15
11 11 400 44 14 75 75 75 400 75 95 99 400 78 5
402 402 400 402 402 401 402 402 400 402 401 401 400 401 402
0 0 0 0 1 1 1 1 0 0
1 1 1 1 2 0 0 1 0 0
1 0 0 1 1 0 0 1 0 0
0 0 0 1 1 0 0 1 0 0
0 0 0 1 1 0 0 1 0 0
0 0 0 1 1 0 0 1 0 0
0 0 0 1 1 0 0 1 1 0
0 0 0 0 1 1 1 1 1 0
0 0 0 0 1 0 0 0 1 0
0 0 0 0 1 1 1 1 1 1
Maze 79
101 1052 3.5471698113 2.1237448862 66 0.386040967017367
8 4 37 62 63 81 35 66 19 42 75 28 22 57 94 8
400 34 32 400 61 31 65 16 12 72 25 400 52 54 4
400 401 402 400 402 402 401 402 402 401 402 400 401 402 402
0 0 0 1 1 1 1 2 0 0
0 1 1 1 1 1 1 1 1 0
0 1 1 1 1 1 1 1 0 0
1 1 1 1 1 1 1 0 0 0
1 1 0 1 1 1 0 0 0 0
1 1 1 1 1 1 1 0 0 0
1 1 1 1 1 1 0 0 0 0
1 1 1 1 1 0 0 0 0 0
1 0 0 1 0 0 0 0 0 0
0 0 0 1 0 0 0 0 0 0
Maze 80
107 170 3.2307692308 2.2566958423 104 0.377848766889547
35 70 49 88 16 76 5 2 39 64 91 97 7 99 62 35
65 69 48 86 400 75 400 32 34 61 400 400 97 92 32
401 401 402 401 400 401 400 401 402 402 400 400 401 401 402
0 1 1 1 1 0 1 0 0 0
0 1 0 0 1 1 1 0 0 0
0 1 0 0 1 1 1 0 0 0
0 1 1 1 2 1 1 1 1 0
0 1 0 1 1 1 1 1 1 0
0 1 0 1 1 1 1 1 1 0
1 1 1 1 1 1 1 1 1 1
1 1 0 0 1 1 1 1 0 0
1 1 0 0 0 1 1 1 0 0
1 1 1 1 1 1 1 1 1 0
Maze 81
83 68 3.0212765957 1.9943199809 35 0.382393909279860
29 93 93 53 35 25 58 77 22 17 2 20 45 52 59 29
23 400 400 33 400 55 57 72 12 12 12 15 42 400 400
402 400 400 402 400 401 402 401 402 401 401 402 402 400 400
0 1 0 0 0 0 0 0 0 0
0 1 1 1 1 1 1 1 1 1
0 1 1 1 1 1 1 1 2 0
0 1 1 1 1 0 0 0 1 0
0 1 1 1 1 0 0 0 1 0
0 1 1 1 1 1 1 1 1 0
0 1 1 0 0 0 1 0 0 0
0 1 1 1 1 1 1 0 0 0
0 0 1 0 0 0 0 0 0 0
0 0 1 0 0 0 0 0 0 0
Maze 82
93 57 3.1272727273 2.2504077219 45 0.397407764783312
39 81 13 30 12 52 54 65 84 64 18 9 69 90 4 39
31 11 23 22 400 400 64 64 400 14 8 400 89 84 34
402 402 401 401 400 400 401 402 400 402 402 400 401 401 401
0 0 0 1 0 0 0 1 1 0
1 1 1 1 1 1 1 1 1 0
1 1 1 1 1 1 1 1 1 1
1 1 1 1 1 1 1 1 2 0
1 1 0 1 0 0 0 0 1 0
1 1 1 1 0 0 0 0 1 0
1 0 0 1 1 0 0 0 1 0
1 0 0 1 0 0 0 0 1 0
1 0 0 1 1 1 1 1 1 1
0 0 0 0 0 0 0 0 0 0
Maze 83
119 81 3.7142857143 2.0617094207 119 0.388624321758617
93 4 42 27 18 59 75 36 92 10 11 20 95 95 16 93
3 2 22 17 58 55 35 32 2 1 400 15 400 15 13
402 402 402 402 401 402 402 402 402 402 400 402 400 402 402
1 1 1 1 1 1 1 1 1 1
1 1 1 1 1 1 1 1 1 1
0 1 1 1 1 1 1 1 0 0
0 1 1 1 1 1 0 1 0 0
0 1 1 0 1 0 0 1 0 0
0 1 1 0 1 1 1 1 1 0
0 1 1 0 1 0 0 0 0 0
0 1 1 0 1 0 0 0 0 0
0 1 1 0 1 0 0 0 0 0
0 1 2 0 1 0 0 0 0 0
Maze 84
105 208 3.5636363636 2.1078326209 90 0.380485732739531
21 3 53 89 77 11 50 86 16 3 51 67 23 30 48 21
1 400 83 87 71 41 46 400 13 1 61 63 400 28 41
402 400 401 401 401 401 402 400 401 402 401 401 400 402 401
1 1 1 0 0 0 0 0 0 0
1 0 1 1 1 1 0 0 0 0
2 0 1 1 1 1 1 1 1 1
1 0 1 0 0 1 0 1 0 0
1 1 1 1 1 1 1 1 1 1
1 0 1 0 0 1 0 0 0 0
1 1 1 1 1 1 1 0 0 0
1 1 1 1 1 1 1 0 0 0
0 0 1 1 1 1 1 1 1 0
0 0 0 0 0 0 0 0 0 0
Maze 85
87 312 3.0545454545 2.3199300170 41 0.409594821182704
52 45 86 95 34 97 31 62 33 59 68 74 43 40 17 52
42 85 85 94 94 91 61 32 53 58 64 73 33 37 12
402 401 402 401 401 401 401 402 401 402 402 401 402 401 402
0 0 0 0 0 0 0 0 0 0
0 1 1 1 1 1 1 0 0 0
0 1 0 0 0 0 1 0 0 0
1 1 1 1 1 1 1 1 1 1
1 1 1 1 1 0 0 0 0 0
1 2 1 1 1 1 1 1 1 0
1 1 1 1 1 1 1 1 0 0
1 0 1 1 1 0 0 0 0 0
1 0 0 1 1 1 0 0 0 0
1 1 1 1 1 1 1 0 0 0
Maze 86
73 37 3.0000000000 1.9310489759 8 0.372107224058894
46 15 3 19 48 18 37 32 22 4 17 32 78 17 22 46
45 13 13 18 400 17 400 400 2 14 12 72 77 12 42
401 401 401 402 400 402 400 400 402 401 402 401 401 402 401
0 1 1 1 0 0 0 0 0 0
0 1 1 1 1 1 1 1 1 0
0 1 0 0 1 0 1 1 0 0
0 1 1 1 1 1 1 1 0 0
0 1 1 1 1 2 1 1 0 0
0 1 0 0 0 0 1 0 0 0
0 1 0 0 0 0 1 0 0 0
0 1 1 1 1 1 1 1 0 0
0 0 0 0 0 0 0 0 0 0
0 0 0 0 0 0 0 0 0 0
Maze 87
107 860 3.4482758621 2.2219970163 77 0.381107490206533
2 3 30 61 54 10 62 38 29 7 85 43 73 89 56 2
400 23 21 51 4 2 32 28 27 5 83 400 83 86 52
400 401 402 402 402 402 402 402 401 402 401 400 401 401 401
0 2 1 1 1 1 1 1 1 1
0 1 1 1 1 0 1 0 0 0
1 1 1 1 1 1 1 1 1 1
1 1 1 1 1 1 1 1 0 0
1 1 1 1 1 0 0 0 0 0
1 1 1 1 1 1 0 0 0 0
1 1 1 0 1 1 0 0 0 0
0 0 1 0 1 1 0 0 0 0
0 0 1 1 1 1 1 1 1 0
0 0 0 0 0 0 0 0 0 0
Maze 88
77 20 2.9019607843 2.1862124221 30 0.392144887271970
79 3 13 68 97 77 54 50 67 66 39 10 25 18 20 79
73 400 63 67 400 74 44 47 400 36 9 5 15 400 19
401 400 401 402 400 401 402 402 400 402 402 402 402 400 402
0 0 1 0 1 1 1 1 1 1
0 0 1 0 1 1 1 1 1 1
0 0 1 0 1 0 0 0 1 0
0 0 1 0 0 1 1 1 1 0
0 0 1 1 1 1 1 1 1 1
0 0 1 1 0 1 1 0 1 0
0 0 1 1 1 1 1 1 1 0
0 0 1 1 1 1 1 1 2 0
0 0 0 0 0 0 1 0 0 0
0 0 0 0 0 0 1 0 0 0
Maze 89
123 149 3.5593220339 2.0908254285 110 0.382319654640684
29 18 91 100 92 20 36 52 16 55 50 76 59 29 81 29
28 11 400 400 12 16 32 12 15 45 46 56 400 21 21
401 402 400 400 402 402 402 402 402 402 402 402 400 402 402
0 0 0 0 0 0 0 0 0 0
1 1 1 1 1 1 1 1 1 1
1 1 1 1 1 1 1 1 2 0
1 1 1 1 1 1 0 0 1 0
1 1 0 0 1 1 1 1 1 1
1 1 0 0 1 1 1 1 1 0
1 1 0 0 0 1 0 0 0 0
1 1 0 0 0 1 0 0 0 0
1 1 0 0 0 0 0 0 0 0
1 1 1 1 1 1 1 1 1 1
Maze 90
103 104 3.2203389831 2.2068136069 65 0.383437643971050
5 12 34 44 81 93 9 52 19 34 39 5 78 99 90 5
2 32 400 41 91 3 2 12 14 400 35 75 98 89 85
402 401 400 402 401 402 402 402 402 400 401 401 401 402 401
0 1 1 1 2 1 1 1 1 0
0 1 1 1 1 1 1 1 1 0
0 1 1 1 1 0 0 0 0 0
0 1 1 1 1 1 1 1 1 0
1 1 1 1 1 0 0 0 0 0
1 1 1 0 1 0 0 0 0 0
1 0 1 0 1 0 0 0 0 0
1 0 1 0 1 1 1 1 0 0
1 0 1 0 1 1 1 1 1 1
1 1 1 0 0 0 0 1 1 0
Maze 91
99 331 3.0169491525 2.1754232752 77 0.382994623065065
50 80 55 49 15 82 62 6 96 4 42 28 22 61 54 50
400 75 45 45 12 400 2 400 94 2 22 400 21 51 44
400 401 402 401 402 400 402 400 401 402 402 400 402 402 402
0 1 1 1 1 1 0 0 0 0
0 1 1 1 1 1 0 0 0 0
1 1 1 1 1 1 1 1 0 0
1 1 0 1 1 1 0 0 0 0
1 1 0 1 1 1 1 1 1 2
1 1 1 1 1 1 0 0 0 1
1 1 0 1 1 1 0 0 0 1
0 1 0 1 1 1 1 1 1 1
0 1 0 1 0 1 0 0 0 0
0 0 0 1 1 1 0 0 0 0
Maze 92
123 987 3.7333333333 2.0810217030 140 0.388626483816463
65 3 80 38 70 91 60 14 95 21 67 57 50 13 2 65
63 73 78 68 61 51 54 94 91 61 400 47 43 12 62
401 401 401 401 402 402 401 401 401 401 400 402 401 401 401
0 1 1 0 0 0 0 0 0 0
0 1 1 1 0 0 0 0 0 0
1 1 1 1 0 0 0 0 0 0
1 1 1 1 0 0 0 1 0 0
1 1 1 1 1 1 1 1 1 1
1 1 1 1 1 1 1 1 1 1
1 1 1 1 2 1 1 1 1 1
1 0 1 1 1 1 1 1 1 1
1 0 0 1 0 0 0 0 0 0
1 1 1 1 1 0 0 0 0 0
Maze 93
91 931 3.2340425532 2.0831011958 50 0.377886519671534
48 46 51 67 40 46 61 38 75 57 38 26 93 99 34 48
400 41 61 37 36 41 31 35 55 37 36 23 400 94 44
400 402 401 402 402 402 402 402 402 402 401 402 400 401 401
0 0 0 0 0 0 0 0 0 0
0 0 0 0 0 0 0 0 0 0
0 0 1 1 1 1 0 0 0 0
1 1 1 1 1 1 1 1 1 1
1 1 1 1 1 1 1 2 0 0
1 0 1 1 1 1 1 0 0 0
1 1 1 1 1 1 1 0 0 0
0 0 1 1 1 0 0 0 0 0
0 0 1 1 0 0 0 0 0 0
0 0 1 1 1 1 1 1 1 0
Maze 94
85 28 2.9818181818 2.3311831654 56 0.367407667333401
65 97 13 42 27 19 71 52 42 1 40 97 97 68 47 65
95 93 12 22 17 11 51 400 41 31 37 400 67 67 45
401 401 402 402 402 402 402 400 401 401 402 400 402 401 402
1 0 0 0 0 0 0 0 0 0
1 1 1 1 1 1 1 1 1 0
1 1 1 1 1 1 1 0 0 0
1 1 1 1 1 1 1 1 1 1
1 1 1 0 1 1 1 0 0 0
1 1 1 0 1 0 1 0 0 0
1 0 1 0 2 0 1 1 0 0
1 0 1 0 1 0 1 0 0 0
0 0 1 0 1 0 1 0 0 0
0 0 1 1 1 1 1 0 0 0
Maze 95
115 61 3.6981132075 2.0231268657 156 0.401206053635665
72 79 31 60 81 28 98 18 88 18 24 39 79 70 39 72
400 71 51 51 21 400 400 400 400 14 34 400 69 69 32
400 401 401 402 402 400 400 400 400 402 401 400 402 401 402
0 0 0 0 0 0 0 0 0 0
0 0 0 1 1 1 1 1 0 0
1 1 1 1 1 1 1 1 0 0
1 1 1 1 1 1 1 1 1 0
1 1 0 0 0 0 0 1 1 0
1 1 1 1 1 1 1 1 1 1
1 1 0 0 0 0 0 1 1 1
1 2 1 1 1 1 1 1 1 0
1 0 0 0 0 0 0 1 0 0
0 0 0 0 0 0 0 1 0 0
Maze 96
111 137 3.4181818182 1.9365059523 97 0.387466472848326
61 26 73 25 69 4 56 18 17 24 60 87 9 93 33 61
21 23 23 65 64 54 16 400 14 54 57 7 3 400 31
402 402 402 401 401 401 402 400 402 401 402 402 402 400 402
0 0 1 1 1 1 1 1 1 0
0 0 1 1 1 1 1 1 0 0
1 1 1 1 1 1 1 0 0 0
1 1 1 1 1 1 1 0 0 0
1 0 1 1 1 1 1 0 0 0
1 0 1 1 1 1 1 1 1 1
2 0 1 1 1 1 1 1 1 0
0 0 1 0 0 0 1 0 0 0
0 0 1 0 0 0 1 0 0 0
0 0 1 0 0 0 0 0 0 0
Maze 97
91 71 3.2549019608 2.1396362329 25 0.380767315875070
30 29 56 96 66 82 83 75 87 1 43 87 90 30 82 30
400 26 400 400 62 400 73 85 81 41 83 400 400 22 22
400 402 400 400 402 400 402 401 401 401 401 400 400 402 402
1 0 0 0 0 0 0 0 0 0
1 0 0 0 0 0 0 0 0 0
1 1 1 1 1 1 1 1 1 2
1 1 0 0 0 1 0 0 0 1
1 1 1 0 0 1 0 0 0 1
1 1 1 0 0 1 0 0 0 1
1 1 1 1 1 1 0 0 0 1
1 1 1 1 1 1 0 0 0 1
1 1 1 1 1 1 1 1 1 1
0 0 0 0 0 1 0 0 0 0
Maze 98
101 331 3.3584905660 2.1260765237 66 0.378229681661187
99 39 82 100 56 37 66 25 50 44 84 50 93 70 60 99
400 32 92 96 36 36 65 45 400 400 44 43 63 400 59
400 402 401 401 402 402 401 401 400 400 402 402 402 400 402
0 0 0 0 0 0 0 0 0 0
0 0 0 0 0 0 0 0 0 0
0 0 0 0 1 0 0 0 0 0
0 1 1 1 1 1 1 1 1 0
0 1 1 1 1 1 1 1 1 1
0 1 1 1 1 1 0 0 1 1
0 1 1 1 1 1 1 1 1 1
0 1 1 1 0 1 0 0 1 0
0 1 1 1 0 1 0 0 1 0
0 1 1 1 1 1 1 1 2 1
Maze 99
103 424 3.2727272727 2.0713505547 77 0.389527242141206
18 74 35 76 7 50 12 80 18 76 94 80 19 48 8 18
14 34 75 6 47 42 72 78 16 74 74 79 18 400 400
402 402 401 402 401 401 401 401 402 402 402 401 402 400 400
0 0 0 0 0 1 1 1 0 0
0 1 0 1 1 1 1 2 1 0
0 1 0 1 0 1 1 1 1 0
0 1 0 1 1 1 1 1 1 0
0 1 1 1 1 1 1 1 1 1
0 1 0 1 1 1 0 1 1 0
0 1 0 1 1 1 0 1 1 0
0 1 1 1 1 1 1 1 1 1
0 0 0 1 0 0 0 0 0 0
0 0 0 1 0 0 0 0 0 0
Maze 100
107 146 3.7083333333 1.9555045330 120 0.388565437998949
51 79 95 2 52 84 42 67 25 60 94 12 23 97 76 51
71 75 92 400 82 82 62 65 55 54 92 22 93 96 71
401 402 401 400 401 401 401 401 401 402 401 401 401 401 401
0 1 0 0 0 0 0 0 0 0
0 1 0 0 0 0 0 0 0 0
0 1 1 0 1 0 0 0 0 0
0 1 1 0 1 0 0 0 0 0
0 1 1 0 1 0 0 0 0 0
2 1 1 1 1 1 1 1 1 1
1 1 1 1 1 1 1 0 0 0
1 1 1 1 1 1 1 1 1 0
0 1 1 1 1 1 0 0 0 0
0 1 1 1 1 1 1 0 0 0
Maze 101
97 33 3.0000000000 2.2670071213 58 0.375866144981433
72 100 85 16 62 91 17 30 23 64 15 35 60 24 72 72
92 95 15 12 61 11 27 400 63 14 400 55 54 22 400
401 401 402 402 402 402 401 400 401 402 400 401 401 402 400
0 0 0 0 0 0 0 0 0 0
1 1 1 1 1 1 1 0 0 0
1 1 1 1 1 1 1 1 1 1
1 1 1 1 1 0 0 0 0 0
1 1 1 1 1 0 0 0 0 0
1 1 1 1 1 1 1 1 1 1
1 1 1 1 1 0 0 0 0 0
1 2 0 0 1 0 0 0 0 0
1 1 0 0 1 0 0 0 0 0
1 1 1 1 1 1 1 1 1 1
Maze 102
107 433 3.0476190476 2.2369178431 92 0.386664418128992
9 77 6 85 80 11 61 13 26 74 87 53 75 91 68 9
7 76 5 75 71 400 11 23 24 84 83 73 71 61 8
402 401 402 402 401 400 402 401 402 401 401 401 402 402 402
0 0 0 0 1 1 1 1 2 0
1 1 1 0 1 1 1 1 0 0
1 0 1 1 1 1 1 1 0 0
1 0 0 1 1 1 1 1 0 0
1 0 0 1 1 1 1 1 0 0
1 0 1 1 1 1 1 1 0 0
1 1 1 1 1 1 1 1 0 0
1 1 1 1 1 1 1 1 1 1
1 0 1 1 1 1 1 0 0 0
1 0 0 0 0 0 0 0 0 0
Maze 103
111 157 3.7818181818 2.0731022205 90 0.384351993510182
63 77 5 85 73 68 66 62 20 96 60 5 72 49 23 63
73 75 400 83 63 400 400 12 16 56 55 2 42 43 400
401 401 400 401 402 400 400 402 402 402 401 402 402 401 400
0 1 1 1 1 0 0 0 0 0
0 1 1 1 1 1 1 1 1 1
0 1 1 0 1 1 0 0 0 0
0 1 1 0 1 1 0 0 0 0
0 1 1 1 1 1 1 1 1 0
0 1 1 0 1 1 1 1 1 1
0 1 2 1 1 1 1 1 0 0
0 1 1 1 1 1 1 0 0 0
0 0 1 1 1 1 0 0 0 0
0 0 0 0 0 1 0 0 0 0
Maze 104
81 32 3.4634146341 2.0761537068 23 0.385250277036205
75 58 55 51 56 66 3 5 63 86 11 41 5 21 15 75
55 400 400 400 400 63 400 3 83 81 400 1 1 11 400
402 400 400 400 400 401 400 402 401 401 400 402 402 402 400
1 1 1 1 1 0 0 0 0 0
1 1 1 1 1 0 0 0 0 0
1 0 1 0 1 0 0 0 0 0
1 0 1 0 1 0 0 0 0 0
1 0 1 0 1 0 0 0 0 0
1 1 1 1 1 1 1 1 0 0
1 0 1 1 1 1 0 0 0 0
1 0 1 0 2 0 0 0 0 0
1 1 1 1 1 1 0 0 0 0
0 0 0 0 0 0 0 0 0 0
Maze 105
105 22 3.2653061224 1.9120158967 87 0.362976055790472
32 99 48 54 26 54 48 95 16 52 93 51 100 64 25 32
92 98 44 24 24 44 45 15 12 92 91 91 94 24 22
401 401 402 402 402 402 402 402 402 401 401 401 401 402 402
0 0 0 0 0 0 0 0 0 0
0 1 1 1 1 1 0 0 0 0
0 1 1 1 1 1 0 0 0 0
0 2 0 1 1 0 0 0 0 0
0 1 0 1 1 1 1 1 0 0
1 1 0 1 1 0 0 1 0 0
1 1 0 1 1 0 0 1 0 0
1 1 0 1 1 0 0 1 0 0
1 1 0 1 1 0 0 1 0 0
1 1 1 1 1 1 1 1 1 1
Maze 106
99 494 3.5384615385 2.1905847852 70 0.387788235276901
21 55 71 34 80 35 52 15 54 29 57 43 69 94 43 21
51 51 31 74 75 32 12 14 24 27 53 63 64 93 41
401 402 402 401 401 402 402 402 402 402 401 401 402 401 401
0 0 0 0 0 0 0 0 0 0
0 1 1 1 1 0 0 0 0 0
2 1 0 1 1 1 1 1 1 0
1 1 1 1 1 0 1 0 0 0
1 1 1 1 1 0 1 0 0 0
1 1 1 1 1 1 1 0 0 0
1 0 1 1 1 1 1 1 1 0
1 0 1 1 1 1 1 1 1 1
0 0 1 1 0 0 0 0 0 0
0 0 1 1 0 0 0 0 0 0
Maze 107
107 113 3.3448275862 2.1775736601 92 0.402986544301764
6 82 39 1 30 77 89 60 90 32 52 56 41 6 56 6
2 32 31 21 27 87 59 400 82 400 400 51 1 400 400
402 402 401 401 402 401 402 400 401 400 400 401 402 400 400
1 1 1 1 1 2 0 0 0 0
1 1 0 0 0 1 0 0 0 0
1 1 1 1 1 1 1 1 1 1
1 1 1 1 1 1 1 1 1 0
1 1 0 0 0 1 1 0 0 0
1 1 1 1 1 1 1 0 1 1
0 1 0 0 0 0 1 0 1 1
0 1 0 0 0 0 1 0 1 1
0 1 1 1 1 1 1 1 1 1
0 0 0 0 0 0 0 0 0 0
Maze 108
125 39 3.3818181818 1.8422697525 158 0.401517365005588
82 8 71 27 42 88 13 52 24 2 52 10 88 45 56 82
2 1 21 22 82 83 12 22 22 400 2 8 85 55 52
402 402 402 402 401 401 402 402 401 400 402 402 401 401 402
1 1 1 1 1 1 1 1 1 1
1 1 1 0 0 0 0 1 0 0
1 1 1 1 1 1 1 1 0 0
1 1 1 0 0 0 0 1 0 0
1 1 1 0 1 0 0 1 0 0
1 1 1 1 1 1 0 1 0 0
1 1 1 0 1 0 0 1 0 0
1 1 1 0 1 0 0 1 0 0
0 2 1 1 1 1 1 1 0 0
0 0 0 0 0 0 0 0 0 0
Maze 109
105 320 3.2142857143 2.1048243521 97 0.405018065987906
10 72 34 35 24 11 75 93 10 80 33 51 48 53 48 10
2 32 400 34 21 71 73 3 400 73 31 41 43 43 8
402 402 400 401 401 401 402 402 400 401 402 402 402 402 402
0 1 1 1 1 1 1 1 1 2
1 1 1 0 0 0 0 1 0 1
1 1 1 1 0 0 0 1 0 1
1 1 1 1 1 0 0 1 0 1
1 1 1 1 1 1 1 1 0 1
1 1 1 0 0 0 0 0 0 1
1 1 1 0 0 0 0 0 0 1
1 1 1 1 1 1 1 1 1 1
0 0 1 0 0 0 0 0 0 0
0 0 1 0 0 0 0 0 0 0
Maze 110
77 15 2.5423728814 2.2920424828 21 0.369310744697580
1 3 24 56 75 99 97 55 16 32 78 99 70 62 93 1
400 23 54 55 95 400 95 15 12 72 98 69 400 92 91
400 401 401 402 401 400 401 402 402 401 401 402 400 401 401
2 1 1 0 0 0 0 0 0 0
1 1 1 1 1 1 0 0 0 0
1 1 1 1 1 0 0 0 0 0
1 1 0 1 1 0 0 0 0 0
1 1 0 1 1 0 0 0 0 0
1 1 0 1 1 1 0 0 0 0
1 1 1 1 1 1 1 1 1 1
1 1 1 1 1 1 1 1 1 0
1 1 0 0 1 0 0 1 1 0
1 1 1 0 1 1 1 1 1 0
Maze 111
99 26 3.1304347826 1.8731991140 71 0.395305572200473
62 89 95 1 71 61 89 43 77 96 41 4 5 48 77 62
82 85 91 400 400 81 83 73 76 91 1 400 45 47 72
401 402 401 400 400 401 401 401 402 401 402 400 401 402 401
1 1 1 1 1 0 0 0 0 0
1 0 0 0 1 0 0 0 0 0
1 0 0 0 1 0 0 0 0 0
1 0 0 0 1 0 0 0 0 0
1 0 1 0 1 1 1 1 0 0
1 0 1 0 0 0 1 0 0 0
1 2 1 0 0 0 1 0 0 0
1 1 1 1 1 1 1 0 0 0
1 1 1 1 1 1 1 1 1 0
1 1 1 1 1 1 0 0 0 0
Maze 112
87 138 3.2800000000 2.0981577357 50 0.383985841762872
78 50 54 40 12 89 90 56 73 52 25 55 31 22 48 78
48 44 34 32 82 400 86 53 72 22 400 51 21 42 400
402 402 402 401 401 400 401 402 401 402 400 401 402 401 400
0 0 0 0 0 0 0 0 0 0
0 1 0 0 0 0 0 0 0 0
1 1 1 1 1 0 0 0 0 0
1 1 1 1 1 1 1 1 1 1
1 1 1 1 1 1 1 1 1 1
1 1 1 1 1 1 0 1 0 0
0 1 1 0 0 1 0 1 0 0
0 1 1 0 0 1 0 2 0 0
0 1 1 1 1 1 1 1 1 1
0 0 0 0 0 0 0 0 0 0
Maze 113
103 145 3.0303030303 2.3332952834 60 0.389845127955613
100 11 30 3 42 58 76 4 18 40 47 14 76 86 38 100
91 21 23 2 52 56 74 14 38 37 44 74 400 36 98
401 401 401 402 401 402 401 401 401 402 401 401 400 402 401
0 1 1 1 0 0 0 0 0 0
1 1 1 1 1 1 1 1 0 0
1 1 1 1 1 1 1 1 1 1
1 1 0 1 0 1 1 1 1 1
1 1 0 1 1 1 1 1 0 0
1 1 1 1 1 1 1 1 0 0
1 0 0 1 0 1 0 1 0 0
1 0 0 1 1 1 0 1 0 0
1 0 0 0 0 1 0 1 0 0
1 1 1 1 1 1 1 1 1 2
Maze 114
89 28 2.6666666667 2.1837316244 50 0.370580707284760
68 13 96 97 84 9 65 13 52 88 69 26 16 28 57 68
63 93 400 94 4 5 63 12 82 68 66 400 26 27 67
401 401 400 401 402 402 401 402 401 402 401 400 401 402 401
0 0 0 1 1 1 1 1 1 0
0 1 1 1 1 1 0 0 0 0
0 1 1 1 1 1 1 1 0 0
0 1 1 1 1 1 1 0 0 0
0 1 1 1 1 1 1 0 0 0
0 1 1 1 1 1 1 0 0 0
0 1 1 1 1 1 1 2 1 0
0 1 1 1 0 0 0 1 0 0
0 1 1 1 1 1 1 1 0 0
0 0 1 1 1 1 1 0 0 0
Maze 115
89 12 3.1489361702 2.0509667287 39 0.369954796235032
58 1 77 58 16 66 26 59 38 40 77 19 7 31 33 58
51 71 57 56 400 400 56 58 400 37 17 17 1 400 53
401 401 402 401 400 400 401 401 400 402 402 401 402 400 401
1 1 1 1 1 1 1 0 0 0
1 0 0 0 0 1 1 1 1 0
1 0 0 0 0 1 1 0 0 0
1 1 1 0 0 1 1 1 1 1
1 0 1 0 0 1 1 1 0 0
1 1 1 1 1 1 1 2 1 0
1 0 0 0 0 1 1 0 0 0
1 1 1 1 1 1 1 0 0 0
0 0 0 0 0 0 0 0 0 0
0 0 0 0 0 0 0 0 0 0
Maze 116
95 71 3.0847457627 2.3478160265 55 0.393202421276627
45 80 53 100 83 58 89 78 27 74 88 9 8 33 5 45
75 73 93 93 53 88 88 77 24 84 8 400 3 3 400
401 401 401 401 402 401 401 401 402 401 402 400 402 402 400
0 0 1 1 1 1 1 1 1 0
0 0 1 0 1 0 0 1 0 0
0 0 1 1 1 1 1 1 0 0
0 0 1 1 1 0 1 1 0 0
0 0 0 1 2 0 1 1 0 0
0 0 1 1 1 1 1 1 0 0
0 0 1 1 1 0 1 1 0 0
0 0 1 1 1 1 1 1 1 1
0 0 1 1 1 1 1 1 1 0
0 0 1 1 1 1 1 1 1 1
Maze 117
101 66 3.8297872340 2.1669222552 59 0.391248819902842
83 14 95 51 72 49 95 40 94 46 24 52 25 93 83 83
13 94 91 71 42 45 35 34 44 44 22 22 23 400 400
402 401 401 401 402 402 402 402 402 401 402 402 402 400 400
0 0 0 0 0 0 0 0 0 0
0 0 1 1 0 0 0 0 0 0
0 1 1 1 1 0 0 0 0 0
0 1 1 1 1 1 1 1 1 1
0 1 1 1 1 1 1 1 1 0
1 1 1 1 1 0 0 0 0 0
1 1 1 1 1 0 0 0 0 0
1 1 1 1 1 0 0 0 0 0
1 0 2 1 1 0 0 0 0 0
1 1 1 1 1 0 0 0 0 0
Maze 118
99 51 3.6888888889 1.9407436380 66 0.393950934943767
76 3 77 72 56 93 52 37 32 21 24 1 20 1 17 76
73 73 400 52 53 92 32 400 31 400 21 11 11 11 16
401 401 400 402 402 401 402 400 401 400 401 401 401 401 402
1 0 1 0 0 0 0 0 0 0
1 1 1 1 1 1 1 1 1 1
1 1 1 1 0 1 0 0 0 0
1 1 1 1 1 1 1 0 0 0
0 1 1 0 0 1 0 0 0 0
0 1 1 1 1 1 0 0 0 0
0 1 1 0 0 1 0 0 0 0
0 1 1 1 1 2 1 0 0 0
0 1 1 0 0 0 0 0 0 0
0 1 1 0 0 0 0 0 0 0
Maze 119
121 74 3.4642857143 1.8461512089 110 0.373526396047924
88 48 88 10 96 79 6 1 89 65 55 57 61 89 2 88
400 400 8 6 76 76 400 81 85 400 400 51 81 82 82
400 400 402 402 402 401 400 401 401 400 400 402 401 401 401
1 1 1 1 1 1 1 1 1 1
1 1 0 0 0 1 0 1 0 0
1 1 0 0 0 1 0 1 0 0
1 1 0 0 0 1 0 1 0 0
1 1 0 0 0 1 0 1 0 0
1 1 1 1 1 1 1 1 0 0
1 1 0 0 1 1 0 1 0 0
1 1 0 0 1 1 1 1 1 0
1 1 1 1 1 1 1 2 1 0
0 0 0 0 0 1 0 0 0 0
Maze 120
99 37 3.5813953488 1.8526807277 50 0.384781864290697
99 63 53 17 45 15 98 92 1 55 75 43 93 46 81 99
93 400 13 15 400 95 400 91 51 400 73 400 43 41 91
401 400 402 402 400 401 400 401 401 400 401 400 402 402 401
1 0 0 0 0 0 0 0 0 0
1 0 1 1 1 1 1 0 0 0
1 0 1 0 1 0 0 0 0 0
1 0 1 0 1 0 0 0 0 0
1 1 1 1 1 1 0 0 0 0
1 1 1 1 1 0 0 0 0 0
1 0 1 0 1 0 0 0 0 0
1 0 1 1 1 0 0 0 0 0
1 0 1 0 1 0 0 0 0 0
1 1 1 1 1 1 1 1 2 0
Maze 121
89 109 3.5813953488 1.9744911536 50 0.389197659921565
84 13 58 16 95 55 52 81 75 65 43 43 14 89 4 84
83 53 56 15 400 400 51 71 400 63 400 13 84 84 400
401 401 401 402 400 400 402 402 400 401 400 402 401 401 400
0 0 0 1 0 0 0 0 0 0
0 0 1 1 1 1 0 0 0 0
0 0 1 1 1 1 0 0 0 0
0 0 1 1 1 1 0 0 0 0
0 0 1 1 1 1 0 0 0 0
1 1 1 1 1 1 1 1 0 0
1 0 1 1 1 0 0 0 0 0
1 1 1 1 1 0 0 0 0 0
1 0 1 2 1 1 1 1 1 0
0 0 0 0 1 0 0 0 0 0
Maze 122
93 43 3.1851851852 2.1472868302 45 0.368416351313843
68 45 99 11 52 65 34 50 45 45 13 16 12 100 47 68
65 95 91 51 62 64 44 400 400 43 400 400 92 97 67
401 401 401 401 401 401 401 400 400 401 400 400 401 401 401
0 0 0 0 0 0 0 0 0 0
1 1 1 1 1 1 0 0 0 0
1 1 1 0 0 0 0 0 0 0
1 1 1 1 0 0 0 0 0 0
1 1 1 1 1 1 1 1 1 1
1 1 0 1 1 0 1 0 0 0
1 1 1 1 1 1 1 2 0 0
1 1 0 0 1 0 1 0 0 0
1 1 0 0 1 0 1 0 0 0
1 1 1 1 1 1 1 1 1 1
Maze 123
81 12 3.2682926829 1.9893562252 30 0.379799550145299
99 3 88 90 57 61 58 48 93 93 87 77 59 56 97 99
93 83 400 87 51 51 400 43 400 83 400 57 400 96 400
401 401 400 401 402 402 400 402 400 402 400 402 400 401 400
0 0 1 0 0 0 0 0 0 0
0 0 1 0 0 0 0 0 0 0
0 0 1 0 0 0 0 0 0 0
0 0 1 0 0 0 0 0 0 0
0 0 1 1 1 1 1 1 0 0
1 1 1 1 1 1 1 1 1 0
1 0 1 0 0 1 1 0 0 0
0 0 1 0 0 1 1 0 0 0
0 0 1 1 1 1 1 1 1 1
0 0 1 1 1 1 1 1 2 0
Maze 124
107 126 2.9841269841 2.2704001102 104 0.387922553939889
73 21 79 88 38 31 14 84 36 16 30 94 11 8 50 73
71 71 78 400 400 11 400 34 400 26 24 91 1 48 43
401 401 402 400 400 402 400 402 400 401 402 401 402 401 402
1 1 1 1 1 1 1 1 0 0
1 1 1 1 0 1 0 1 0 0
1 0 0 1 1 1 1 1 1 1
1 1 1 1 1 1 1 1 0 0
1 0 1 1 1 1 1 1 1 1
1 0 1 1 0 0 0 1 0 0
1 0 1 1 0 0 0 1 0 0
1 1 2 1 1 1 1 1 1 0
1 0 0 1 0 0 0 1 0 0
1 1 1 1 0 0 0 0 0 0
Maze 125
87 8 3.0232558140 1.8102708469 40 0.402894608126744
69 56 79 11 88 46 69 86 46 67 100 90 36 43 56 69
66 76 71 81 86 66 66 400 66 97 400 86 33 53 66
401 401 401 401 401 401 402 400 401 401 400 401 402 401 401
0 0 0 0 0 0 0 0 0 0
1 0 0 0 0 0 0 0 0 0
1 0 0 0 0 0 0 0 0 0
1 0 1 1 1 1 0 0 0 0
1 0 1 0 0 1 0 0 0 0
1 0 1 1 1 1 0 0 0 0
1 0 0 0 0 1 1 1 2 0
1 1 1 1 1 1 1 1 1 0
1 1 1 1 1 1 1 1 1 1
0 0 0 0 0 0 1 1 1 1
Maze 126
99 6 3.1636363636 2.0992168406 71 0.387704085809930
57 75 87 5 51 11 33 98 23 85 83 90 29 56 72 57
55 85 85 1 400 31 93 93 83 400 400 89 26 52 52
402 401 401 402 400 401 401 401 401 400 400 401 402 402 402
1 1 1 1 1 0 0 0 0 0
1 0 0 0 1 0 0 0 0 0
1 0 1 0 1 1 1 1 1 0
1 1 1 0 1 1 0 0 1 0
1 0 1 0 1 1 0 0 1 0
1 1 1 1 1 1 2 0 1 0
0 1 1 0 1 0 0 0 1 0
0 1 1 0 1 0 0 0 1 0
0 0 1 1 1 1 1 1 1 1
0 0 1 1 1 1 1 1 0 0
Maze 127
99 531 3.6250000000 2.0572046726 66 0.394402648515681
92 87 14 78 3 67 70 75 69 99 57 15 53 26 95 92
82 84 74 73 63 400 65 65 400 97 55 13 23 25 400
402 401 401 401 401 400 402 402 400 401 401 402 402 402 400
0 0 1 0 0 0 0 0 0 0
0 0 1 1 1 0 0 0 0 0
0 0 1 1 1 1 0 0 0 0
0 0 1 1 1 0 0 0 0 0
0 0 1 1 1 0 0 0 0 0
0 0 1 1 1 1 1 0 0 0
0 0 1 1 1 1 1 1 1 1
0 0 1 1 1 1 1 1 1 0
0 1 1 1 1 1 1 0 1 0
0 2 1 1 1 0 1 1 1 0
Maze 128
93 12 2.9811320755 2.1634544791 45 0.396323669741707
32 60 55 78 11 32 45 38 69 89 21 46 22 52 16 32
52 400 75 71 31 42 35 68 400 81 41 42 400 12 12
401 400 401 401 401 401 402 401 400 401 401 401 400 402 402
0 0 0 0 0 0 0 0 0 0
1 1 1 1 1 1 0 0 0 0
1 1 0 0 0 0 0 0 0 0
1 2 0 0 1 1 1 1 0 0
1 1 1 1 1 1 0 1 0 0
1 1 1 1 1 1 1 1 1 1
1 0 0 0 1 0 0 1 1 0
1 1 1 1 1 1 1 1 1 0
1 1 1 1 1 1 1 1 1 0
0 0 0 0 0 0 0 0 0 0
Maze 129
77 5 2.8627450980 2.1525783848 30 0.390377406601530
90 90 27 78 62 25 13 52 99 56 7 59 70 49 49 90
400 87 77 72 22 23 12 92 96 6 57 69 69 400 89
400 401 401 401 402 401 402 401 401 402 401 401 401 400 401
0 0 0 0 0 1 1 0 0 0
0 1 1 0 0 1 1 0 0 0
0 1 1 1 1 1 1 0 0 0
0 1 0 0 0 1 1 0 0 0
0 1 0 0 0 1 1 0 1 0
0 1 0 0 0 1 1 1 1 0
0 1 0 0 0 1 1 0 1 1
0 1 1 1 1 1 1 1 1 0
0 1 0 0 0 1 1 1 1 2
0 1 1 1 1 1 1 1 1 0
Maze 130
89 177 2.9795918367 2.0110985298 50 0.383358860317433
95 89 2 62 37 97 87 88 95 87 89 6 65 31 57 95
85 82 400 32 400 400 400 85 85 400 86 5 61 51 55
402 401 400 402 400 400 400 402 402 400 401 402 401 401 402
0 1 0 0 1 1 0 0 0 0
0 1 0 0 1 1 0 0 0 0
0 1 0 0 1 1 0 0 0 0
1 1 1 1 1 1 1 0 0 0
1 1 0 0 1 1 1 0 0 0
1 1 1 1 1 1 1 0 0 0
1 1 1 1 1 1 1 0 0 0
0 1 0 0 1 1 1 0 0 0
0 1 1 1 1 1 1 1 1 0
0 0 0 0 2 0 1 0 0 0
Maze 131
73 68 3.0434782609 2.2388232897 9 0.371959447534185
75 94 77 64 60 54 19 46 96 76 100 40 95 86 85 75
74 74 74 54 400 14 16 400 400 96 400 35 85 400 400
402 402 401 402 400 402 402 400 400 401 400 402 402 400 400
0 0 0 0 0 0 0 0 0 0
0 0 0 1 1 1 1 1 1 0
0 0 0 1 0 1 0 0 0 0
0 0 0 1 1 1 1 1 1 1
0 0 0 1 1 1 0 0 0 1
0 0 0 1 1 1 1 1 1 1
0 0 0 1 1 1 0 0 0 1
0 0 0 1 2 1 1 0 0 1
0 0 0 1 1 1 0 0 0 1
0 0 0 1 1 1 1 1 1 1
Maze 132
89 6 3.2173913043 1.9868050734 36 0.407441137043820
5 12 92 23 82 78 31 53 99 82 76 76 14 27 35 5
2 400 22 22 72 71 51 93 92 72 400 74 24 25 400
402 400 402 402 402 401 401 401 401 402 400 401 401 402 400
0 1 1 1 2 0 0 0 0 0
0 1 0 1 1 0 0 0 0 0
0 1 1 1 1 1 1 0 0 0
1 1 0 1 1 0 0 0 0 0
1 1 0 1 0 0 0 0 0 0
1 1 1 1 0 0 0 0 0 0
1 1 1 1 0 0 0 0 0 0
1 1 1 1 1 1 1 1 0 0
0 1 1 0 0 0 0 0 0 0
0 1 1 1 1 1 1 1 1 0
Maze 133
75 91 3.1304347826 2.2225866499 35 0.380247916097023
62 57 17 49 86 15 27 59 48 60 39 95 24 21 44 62
52 400 47 46 85 25 57 58 58 59 35 94 400 41 42
402 400 401 402 401 401 401 401 401 401 402 401 400 401 402
0 0 0 0 0 0 0 0 0 0
0 0 0 0 1 0 1 0 0 0
1 1 1 1 1 1 1 0 0 0
1 0 0 1 1 1 1 1 1 0
1 1 1 1 1 1 1 1 1 0
0 1 1 1 1 1 1 1 1 1
0 2 0 1 1 1 0 0 0 0
0 0 0 1 1 1 0 0 0 0
0 0 0 1 1 1 0 0 0 0
0 0 0 1 1 0 0 0 0 0
Maze 134
117 792 3.2238805970 2.2130549239 165 0.388286134269372
21 59 16 14 97 38 58 28 13 89 32 6 79 84 60 21
51 56 400 94 37 400 400 23 83 82 2 76 74 54 51
401 401 400 401 402 400 400 401 401 401 402 401 402 402 401
0 1 1 1 1 1 0 0 0 0
0 1 1 1 1 1 0 0 0 0
2 1 1 1 1 1 1 1 0 0
1 1 1 1 0 1 1 1 0 0
1 1 1 1 0 1 1 1 0 0
1 1 1 1 1 1 1 1 1 1
0 1 1 1 0 1 1 0 0 0
0 1 1 1 1 1 1 1 1 0
0 1 1 1 1 1 1 1 1 0
0 0 0 1 1 1 1 0 0 0
Maze 135
107 1341 3.7358490566 2.1976385809 87 0.386003732783016
81 53 78 81 45 85 83 21 35 33 17 42 100 23 58 81
51 73 71 41 400 400 81 31 400 13 12 92 93 53 51
402 401 402 402 400 400 401 401 400 402 402 401 401 401 402
0 0 0 0 0 0 0 0 0 0
0 1 1 1 1 1 1 0 0 0
1 1 1 0 0 0 0 0 0 0
1 1 1 1 1 0 0 0 0 0
1 1 1 1 1 0 0 0 0 0
1 1 1 1 1 1 1 1 0 0
1 1 1 0 1 0 0 0 0 0
1 1 1 1 1 1 1 1 0 0
2 1 1 1 1 0 0 0 0 0
0 1 1 1 1 1 1 1 1 1
Maze 136
101 201 3.0645161290 2.2430458920 77 0.394036602688407
25 40 77 56 11 23 100 9 69 50 97 8 86 45 48 25
35 37 76 51 21 93 99 400 49 47 7 6 85 400 45
401 402 401 401 401 401 401 400 402 402 402 402 401 400 401
0 0 0 0 0 1 1 1 1 0
1 0 0 0 0 1 1 0 1 0
1 1 1 0 2 1 1 0 1 0
1 0 1 0 1 1 1 1 1 1
1 0 1 0 1 1 1 1 1 1
1 1 1 1 1 1 1 0 1 0
0 0 1 0 1 1 1 0 1 0
0 0 1 0 1 1 1 0 1 0
0 0 1 0 1 1 1 0 1 0
0 0 1 1 1 1 1 1 1 1
Maze 137
97 237 3.1923076923 2.0359730652 84 0.377578513766931
18 28 87 24 52 94 58 66 88 20 52 29 58 26 86 18
400 27 84 22 92 54 56 86 18 12 22 28 56 400 16
400 402 401 402 401 402 402 401 402 402 402 402 401 400 402
0 0 0 0 0 0 0 0 0 0
0 1 1 1 1 1 1 2 1 1
0 1 1 1 1 1 1 1 1 0
0 1 0 1 0 1 1 1 0 0
0 1 0 1 0 1 1 1 0 0
0 1 0 1 1 1 1 1 0 0
0 1 0 1 0 1 1 1 0 0
0 1 0 1 0 1 1 1 0 0
0 1 0 1 1 1 1 1 0 0
0 1 1 1 0 0 0 0 0 0
Maze 138
97 745 3.2000000000 2.2890717499 77 0.368244065628772
17 60 92 93 67 75 17 56 8 8 28 71 98 91 79 17
57 52 400 63 65 15 16 6 400 400 21 91 400 71 77
401 402 400 402 402 402 402 402 400 400 402 401 400 402 401
0 0 0 0 0 1 1 1 0 0
0 0 0 0 1 1 2 1 0 0
1 1 1 1 1 1 1 1 0 0
1 0 0 0 1 1 1 0 0 0
1 0 0 0 1 1 1 0 0 0
1 1 1 1 1 1 1 1 1 1
1 1 1 1 1 1 1 0 0 0
1 1 1 1 1 1 1 1 1 0
1 1 1 0 0 0 0 0 0 0
1 1 1 1 1 1 1 1 0 0
Maze 139
73 387 3.2857142857 2.1300786465 12 0.376609416653993
24 96 82 76 46 21 26 55 66 66 37 93 33 62 46 24
94 92 72 400 41 400 25 65 400 36 33 400 32 42 44
401 401 402 400 401 400 402 401 400 402 402 400 402 402 401
0 0 0 0 0 0 0 0 0 0
0 0 0 0 0 0 0 0 0 0
1 1 1 2 1 1 0 0 0 0
1 1 1 1 1 1 1 0 0 0
1 1 1 1 1 1 0 0 0 0
0 1 1 1 1 1 0 0 0 0
0 1 1 1 1 1 0 0 0 0
0 1 1 1 1 1 0 0 0 0
0 1 1 1 0 0 0 0 0 0
0 1 1 1 1 1 0 0 0 0
Maze 140
99 63 2.9062500000 2.2890717499 71 0.381458853087884
30 9 99 53 67 69 34 87 25 33 17 84 1 51 47 30
29 400 93 63 400 64 84 85 23 13 14 81 400 41 27
401 400 401 401 400 401 401 401 402 402 402 401 400 402 402
1 0 0 0 0 0 0 0 1 0
1 0 1 1 1 1 1 0 1 0
1 0 1 1 1 0 1 1 1 2
1 0 1 1 1 0 1 0 1 0
1 1 1 1 1 1 1 0 1 0
1 0 1 1 1 0 0 0 1 0
1 0 1 1 1 1 1 1 1 0
1 0 1 1 1 0 0 0 1 0
1 1 1 1 1 1 1 0 1 0
0 0 1 1 1 1 1 1 1 0
Maze 141
87 123 3.1111111111 2.2258788001 50 0.361748755916382
62 55 4 57 99 49 19 34 82 68 48 81 45 5 65 62
52 54 54 97 400 400 14 32 62 400 41 41 400 400 400
402 401 401 401 400 400 402 402 402 400 402 402 400 400 400
0 0 0 1 1 0 0 0 0 0
0 0 0 1 1 1 1 1 1 0
0 0 0 1 1 0 0 0 1 0
0 1 1 1 1 0 0 0 1 0
1 1 1 1 1 1 1 1 1 0
1 1 1 1 1 1 1 1 1 0
1 2 1 1 1 1 1 1 1 0
1 1 0 0 0 0 1 0 1 0
1 1 0 0 0 0 1 0 1 0
0 0 0 0 0 0 1 1 1 0
Maze 142
91 44 3.4500000000 1.7703207412 50 0.381857726515953
46 62 91 60 87 70 42 65 72 43 36 35 76 32 70 46
42 61 51 57 67 62 62 62 42 33 400 75 72 62 66
402 402 402 402 402 401 401 402 402 402 400 401 401 401 401
0 0 0 0 0 0 0 0 0 0
0 0 0 0 0 0 0 0 0 0
0 0 0 0 0 0 0 0 0 0
0 1 1 1 1 1 0 0 0 0
0 1 1 1 1 2 0 0 0 0
1 1 1 1 1 1 1 1 1 1
1 1 1 1 1 1 1 1 1 1
1 1 1 1 1 1 1 0 0 0
1 0 0 0 0 0 1 0 0 0
1 0 0 0 0 0 0 0 0 0
Maze 143
89 17 3.0566037736 2.1456267315 50 0.369232832878353
73 69 5 44 33 19 41 54 57 37 68 84 79 84 21 73
63 65 4 43 13 11 51 400 400 67 64 74 74 81 71
402 401 402 401 402 402 401 400 400 401 402 402 402 401 401
0 0 0 1 1 0 0 0 0 0
1 1 1 1 1 1 1 1 1 0
1 0 1 1 1 0 0 0 0 0
1 0 1 1 1 0 1 0 0 0
1 0 1 1 1 0 1 0 0 0
1 1 1 1 1 1 1 0 0 0
1 0 1 1 1 1 1 1 1 0
1 1 2 1 1 1 1 1 1 0
1 1 1 1 0 0 0 0 0 0
0 0 0 0 0 0 0 0 0 0
Maze 144
115 167 2.9142857143 2.1676694836 131 0.372715792979469
80 20 69 10 39 98 45 20 38 1 80 14 72 84 24 80
400 19 9 9 38 95 15 18 31 71 74 12 82 400 74
400 402 402 402 402 401 402 402 401 401 401 402 401 400 401
1 0 0 0 0 0 0 0 1 1
1 1 1 1 1 1 1 1 1 1
1 1 0 1 1 0 0 1 1 1
1 1 1 1 1 1 1 1 1 1
1 1 0 1 1 0 0 1 1 1
1 1 0 1 1 0 0 1 1 1
1 1 0 1 1 0 0 1 1 1
1 1 1 1 1 1 1 1 1 2
0 1 1 1 1 0 0 1 0 0
0 0 0 0 1 1 1 1 0 0
Maze 145
95 13 2.7333333333 2.2629552062 42 0.361015048499985
59 50 100 25 85 67 10 10 7 12 93 13 58 36 93 59
49 400 95 400 65 7 400 400 2 92 400 53 56 33 53
402 400 401 400 402 402 400 400 402 401 400 401 401 402 402
0 1 1 1 1 1 1 1 1 1
0 1 1 0 0 0 1 0 0 0
0 1 1 0 1 0 1 0 0 0
0 1 1 1 1 1 1 0 0 0
0 1 1 0 1 1 1 0 1 1
0 1 1 1 1 1 1 1 2 1
0 1 1 0 1 1 1 0 0 1
0 1 1 0 1 0 0 0 0 1
0 1 1 0 1 0 0 0 0 1
0 1 1 0 1 1 1 1 1 1
Maze 146
95 119 3.3076923077 2.0858885378 66 0.381977320601298
5 82 81 92 86 22 64 90 47 23 26 64 42 91 39 5
2 400 91 82 82 62 84 87 43 400 24 62 41 31 35
402 400 401 402 401 401 401 401 401 400 402 401 402 402 401
0 1 1 1 2 0 0 0 0 0
0 1 0 0 1 0 0 0 0 0
0 1 1 1 1 1 0 0 0 0
1 1 1 1 1 1 1 1 1 0
1 1 1 1 1 1 1 0 0 0
1 1 0 1 0 0 1 0 0 0
1 1 1 1 0 0 1 0 0 0
1 1 0 1 0 0 1 0 0 0
1 1 1 1 1 1 1 1 1 1
1 1 0 0 0 0 0 0 0 0
Maze 147
85 25 3.6190476190 2.0493837165 45 0.379609158446444
26 4 93 30 23 48 57 54 34 76 77 22 84 34 4 26
24 3 23 400 43 47 400 400 74 400 72 82 400 400 24
401 402 402 400 401 402 400 400 401 400 401 401 400 400 401
0 0 1 1 0 0 0 0 0 0
0 0 1 1 0 0 0 0 0 0
0 1 1 1 1 2 1 1 1 1
0 1 1 1 0 0 0 0 0 0
0 1 1 1 1 1 1 1 0 0
0 1 1 1 1 1 1 0 0 0
0 1 1 1 0 0 0 0 0 0
0 1 1 1 1 1 1 0 0 0
0 1 1 1 0 0 0 0 0 0
0 0 1 0 0 0 0 0 0 0
Maze 148
111 375 3.1250000000 2.2632331687 97 0.374135548544350
3 63 87 37 79 8 72 81 68 40 98 91 15 91 44 3
400 83 400 77 78 2 71 61 38 38 400 11 11 41 43
400 401 400 401 401 402 402 402 402 402 400 402 402 402 401
0 1 2 1 1 1 1 1 0 0
1 1 1 1 1 0 0 1 0 0
1 1 1 0 0 0 0 1 0 0
1 1 1 0 0 0 1 1 1 1
1 1 1 1 0 0 1 1 0 0
1 1 1 0 0 0 1 1 0 0
1 1 1 1 1 1 1 1 0 0
1 1 1 0 0 0 1 1 1 0
1 0 1 1 1 1 1 1 0 0
1 1 1 1 1 1 1 1 0 0
Maze 149
113 317 3.3913043478 1.7475658730 99 0.384717149464183
30 82 33 64 40 92 94 30 48 3 82 38 23 57 58 30
22 32 63 34 32 400 24 28 43 2 32 33 53 400 28
402 402 401 402 402 400 402 402 401 402 402 401 401 400 402
0 1 1 0 0 0 0 0 0 0
0 1 1 0 0 0 0 0 0 0
0 1 1 1 1 1 1 1 1 2
0 1 1 1 1 1 1 1 1 1
0 1 1 1 1 1 1 1 0 0
0 1 1 1 1 1 1 1 0 0
0 1 1 1 0 0 0 0 0 0
0 1 0 1 0 0 0 0 0 0
0 1 0 1 0 0 0 0 0 0
0 1 1 1 0 0 0 0 0 0
Maze 150
111 232 3.2203389831 1.9769562613 112 0.389785988493419
23 89 37 71 49 22 3 59 79 36 42 5 43 30 11 23
83 87 31 41 42 2 53 400 76 32 2 3 23 21 21
401 401 402 402 401 402 401 400 401 402 402 402 402 401 401
0 1 1 1 1 0 0 0 0 0
1 1 1 0 0 0 0 0 0 0
1 1 2 1 1 1 1 1 1 1
1 1 1 1 1 1 1 0 0 0
1 1 1 1 1 1 1 1 1 0
1 0 1 1 1 1 1 1 1 0
1 0 1 0 0 1 1 0 1 0
1 0 1 0 0 1 1 1 1 0
0 0 1 1 1 1 1 1 1 0
0 0 0 0 0 0 0 0 0 0
Maze 151
93 103 3.9411764706 1.7673290111 44 0.384906905892829
3 43 18 27 94 5 51 51 28 5 43 1 45 33 28 3
400 13 17 24 4 1 400 21 25 3 41 41 43 23 23
400 402 402 402 402 402 400 402 401 402 401 401 401 402 401
1 1 2 1 1 0 0 0 0 0
1 0 1 1 1 1 1 1 0 0
1 1 1 1 1 1 1 1 0 0
1 0 1 1 0 0 0 0 0 0
1 1 1 1 1 0 0 0 0 0
1 0 0 1 0 0 0 0 0 0
0 0 0 1 0 0 0 0 0 0
0 0 0 1 0 0 0 0 0 0
0 0 0 1 0 0 0 0 0 0
0 0 0 1 0 0 0 0 0 0
Maze 152
91 519 3.0000000000 2.2621608086 50 0.393478962352926
20 16 69 73 96 76 49 74 5 90 99 55 75 62 5 20
400 66 63 93 400 46 44 4 85 89 95 400 72 2 15
400 401 402 401 400 402 402 402 401 402 401 400 401 402 401
0 1 1 1 1 0 0 0 0 0
0 1 0 1 1 1 1 1 1 2
0 1 0 1 1 1 0 0 0 0
0 1 0 1 1 1 0 0 0 0
0 1 0 1 1 1 1 1 1 0
0 1 0 1 1 1 0 0 0 0
0 1 1 1 1 1 1 1 1 0
0 1 1 1 1 1 0 0 0 0
0 0 1 0 1 1 1 1 1 1
0 0 1 1 1 1 1 1 1 0
Maze 153
81 8 2.9615384615 2.1413861022 26 0.362041132842576
2 64 80 56 54 46 26 4 29 40 56 23 36 38 91 2
62 74 76 400 44 400 24 24 39 36 53 33 400 31 1
401 401 401 400 402 400 401 401 401 402 401 401 400 402 402
1 2 0 1 0 0 0 0 0 0
1 1 0 1 0 0 0 0 0 0
1 1 1 1 1 1 1 1 1 0
1 1 1 1 1 1 1 1 1 1
1 1 1 1 1 1 0 0 0 0
1 1 1 1 1 1 0 0 0 0
1 1 1 1 0 1 0 0 0 0
1 0 0 1 1 1 1 1 1 1
1 0 0 0 0 0 0 0 0 0
1 0 0 0 0 0 0 0 0 0
Maze 154
99 127 3.3200000000 1.9200576944 70 0.403210916330512
65 37 86 39 23 90 57 63 40 9 79 57 14 20 76 65
35 36 36 33 83 87 53 33 39 400 77 54 400 16 75
402 402 402 401 401 401 402 402 401 400 401 401 400 402 401
0 0 0 0 0 0 0 0 1 0
0 0 0 1 1 1 1 1 1 1
0 0 1 1 0 1 0 0 1 0
0 0 1 1 1 1 1 1 1 1
0 0 1 1 1 1 0 0 1 0
0 0 1 1 1 1 1 0 1 0
0 0 1 0 2 1 1 0 1 0
0 0 1 0 1 1 1 1 1 0
0 0 1 1 1 1 1 1 1 1
0 0 0 0 0 0 0 0 0 0
Maze 155
107 100 3.8039215686 2.1916914755 86 0.392469967624808
8 1 40 11 83 77 56 24 34 5 94 57 11 12 92 8
400 31 31 81 73 76 54 400 4 4 54 51 400 400 2
400 401 401 401 402 401 401 400 402 402 402 401 400 400 402
1 1 1 1 1 1 1 2 0 0
1 1 0 1 0 0 0 0 0 0
1 1 0 1 0 0 0 0 0 0
1 1 1 1 1 1 1 1 1 1
1 1 0 1 0 0 0 0 0 0
1 1 1 1 1 1 1 0 0 0
1 1 0 1 0 1 0 0 0 0
1 1 1 1 1 1 1 0 0 0
1 1 1 1 0 0 0 0 0 0
0 1 0 1 0 0 0 0 0 0
Maze 156
83 119 3.1600000000 2.2525737094 35 0.375981697510830
69 30 30 34 42 36 40 16 53 74 60 95 36 62 81 69
29 400 24 32 32 400 36 13 73 54 55 35 32 61 61
402 400 402 402 402 400 401 402 401 402 402 402 402 402 402
0 0 0 0 0 0 0 0 0 0
0 0 1 1 1 1 0 0 0 0
0 0 1 1 1 1 1 1 1 1
0 1 1 1 1 1 1 1 1 1
0 1 1 0 1 0 0 0 1 0
0 1 1 1 1 1 1 1 1 1
1 1 1 1 1 1 1 1 2 0
1 0 1 1 1 0 0 0 0 0
1 0 0 0 1 0 0 0 0 0
0 0 0 0 1 0 0 0 0 0
Maze 157
71 35 3.8125000000 1.8955276587 16 0.412571842745007
27 64 34 41 24 3 66 34 55 63 73 26 47 27 96 27
24 400 31 21 23 63 64 54 53 400 23 46 400 26 26
402 400 402 402 401 401 401 401 402 400 402 401 400 402 402
0 0 1 0 0 0 0 0 0 0
0 0 1 0 0 0 0 0 0 0
1 1 1 1 1 1 2 0 0 0
1 1 1 1 0 1 1 0 0 0
1 0 1 1 0 1 1 0 0 0
0 0 1 1 1 1 0 0 0 0
0 0 1 1 1 1 0 0 0 0
0 0 1 0 0 1 0 0 0 0
0 0 0 0 0 1 0 0 0 0
0 0 0 0 0 1 0 0 0 0
Maze 158
93 25 3.4500000000 1.7029557794 36 0.383373621454760
47 56 4 4 99 60 24 90 54 60 57 63 14 76 96 47
46 54 400 94 59 54 84 84 400 400 53 13 74 400 46
402 401 400 401 402 401 401 401 400 400 402 402 401 400 402
0 0 0 1 0 0 0 0 0 0
0 0 1 1 0 0 0 0 0 0
0 0 1 1 0 0 0 0 0 0
0 0 1 1 0 0 0 0 0 0
0 0 1 1 0 1 2 0 0 0
0 0 1 1 1 1 1 1 1 1
0 0 1 1 0 1 0 0 1 0
0 0 0 1 1 1 0 0 1 0
0 0 0 1 1 1 1 1 1 1
0 0 0 1 1 1 1 1 1 0
Maze 159
113 113 3.3448275862 2.0833756176 79 0.397776030299007
51 24 17 23 13 93 60 69 52 99 33 56 9 94 16 51
21 14 13 400 400 53 59 62 92 93 53 6 4 14 11
402 402 402 400 400 402 402 401 401 401 401 402 402 402 402
0 0 0 1 1 1 1 1 1 0
1 1 1 1 1 1 1 0 0 0
1 1 1 1 0 1 0 0 0 0
1 0 1 1 0 1 0 0 0 0
1 0 1 1 0 1 0 0 0 0
2 1 1 1 1 1 1 1 1 1
0 1 1 1 1 1 1 1 1 0
0 1 1 1 0 0 0 0 0 0
0 1 1 1 0 0 0 0 0 0
0 1 1 1 1 1 1 1 1 0
Maze 160
95 2534 2.5333333333 2.5326145773 77 0.352266469687077
74 100 80 20 17 51 70 29 33 76 34 82 86 58 7 74
94 400 400 400 11 61 69 23 73 74 32 400 56 57 4
401 400 400 400 402 401 401 402 401 401 402 400 402 401 402
0 0 0 1 1 1 1 0 0 0
1 1 1 1 1 1 1 1 1 1
1 0 1 1 1 1 1 1 1 1
1 1 1 1 0 0 1 0 1 1
1 1 1 1 0 0 1 0 1 1
1 1 1 1 0 1 1 1 1 1
1 1 1 1 1 1 1 1 1 1
0 1 1 2 1 1 0 0 0 1
0 1 1 1 1 1 0 0 0 1
0 0 0 1 1 1 1 1 1 1
Maze 161
103 62 3.7307692308 2.1260765237 54 0.384584576442215
64 36 34 8 64 29 15 75 20 58 66 26 69 91 80 64
34 400 4 4 24 25 400 15 18 56 400 66 61 71 74
402 400 402 402 402 401 400 402 402 402 400 401 402 402 401
0 0 0 1 1 1 1 1 0 0
0 0 0 1 1 1 1 1 1 1
0 0 0 1 1 1 1 1 1 0
0 0 0 1 1 1 0 1 0 0
0 0 0 1 1 1 0 1 0 0
0 0 0 1 1 1 1 1 0 0
1 1 1 2 1 1 1 1 1 0
1 1 1 1 1 1 1 1 1 1
1 0 0 0 0 0 0 0 0 0
1 0 0 0 0 0 0 0 0 0
Maze 162
101 10 3.5555555556 1.8349750762 56 0.383144321863957
62 25 83 63 53 44 30 3 27 83 78 53 40 64 90 62
22 23 400 400 43 24 23 23 23 73 73 33 34 84 82
402 402 400 400 402 402 401 401 402 402 401 402 402 401 401
0 0 1 0 0 0 0 0 0 0
0 0 1 0 0 0 0 0 0 0
0 1 1 1 1 1 1 1 1 1
0 1 1 1 1 1 1 1 1 1
0 1 1 1 0 0 0 0 0 0
0 1 1 1 0 0 0 0 0 0
0 2 1 1 0 0 0 0 0 0
0 1 1 1 1 1 1 1 0 0
0 1 1 1 1 1 1 1 1 1
0 0 0 0 0 0 0 0 0 0
Maze 163
115 275 3.2459016393 2.1126471955 122 0.398249882913484
65 5 68 28 61 4 79 37 100 7 3 65 19 7 30 65
400 65 400 21 1 74 77 97 97 400 63 15 17 27 25
400 401 400 402 402 401 401 401 401 400 401 402 401 401 402
1 1 1 1 1 1 1 0 0 0
1 0 1 1 1 1 1 1 1 0
1 1 1 1 1 1 1 1 1 1
1 0 1 1 1 0 1 1 0 0
1 0 1 1 1 0 1 1 0 0
1 0 1 1 1 0 1 1 0 0
1 0 1 1 2 1 1 1 0 0
0 0 0 1 1 1 1 1 1 0
0 0 0 0 0 0 1 0 0 0
0 0 0 0 0 0 1 1 1 1
Maze 164
125 78 3.3333333333 1.9488596923 113 0.380684179375333
6 82 37 43 59 52 21 34 43 90 10 71 43 10 62 6
2 32 33 53 400 51 31 33 83 400 1 41 3 2 2
402 402 402 401 400 401 401 402 401 400 402 402 402 402 402
1 1 1 1 1 2 1 1 1 1
1 1 1 0 0 0 0 0 0 1
1 1 1 0 0 0 0 0 0 1
1 1 1 1 1 1 1 0 0 1
1 1 1 0 0 0 0 0 0 1
1 1 1 1 1 1 1 1 1 1
1 1 1 0 0 0 0 0 0 1
1 1 1 0 0 0 0 0 0 1
0 1 1 1 1 1 1 1 1 1
0 0 0 0 0 0 0 0 0 0
Maze 165
95 12 3.0769230769 2.0626550785 77 0.399236555071442
2 67 16 39 44 62 48 88 60 77 99 52 48 11 51 2
62 66 36 34 42 42 400 58 57 97 92 42 41 400 1
401 401 401 402 402 402 400 402 402 401 401 402 401 400 402
1 2 0 0 0 0 0 0 0 0
1 1 0 0 0 1 0 0 0 0
1 1 0 0 0 1 0 0 0 0
1 1 0 1 1 1 1 1 1 0
1 1 1 1 1 1 1 1 0 0
1 1 0 0 0 1 1 1 1 1
0 1 1 1 1 1 1 1 0 0
0 1 0 0 0 0 1 1 0 0
0 1 0 0 0 0 1 1 0 0
0 1 1 1 1 1 1 1 1 0
Maze 166
89 67 2.7241379310 2.1771102584 44 0.396771935624698
56 19 75 42 6 16 34 92 46 90 87 68 100 100 42 56
16 15 72 2 400 14 32 42 86 400 67 98 400 92 52
402 402 401 402 400 402 402 402 401 400 402 401 400 401 401
0 1 1 1 1 1 0 0 0 0
0 1 0 1 1 1 1 1 1 0
0 1 0 1 1 1 0 0 0 0
0 1 1 1 1 1 0 0 0 0
0 1 1 1 1 1 0 0 0 0
0 1 1 1 1 2 0 0 0 0
0 1 0 0 1 1 1 1 0 0
0 1 1 1 1 1 1 1 0 0
0 1 0 0 0 1 1 1 1 1
0 1 1 1 1 1 1 1 1 1
Maze 167
97 183 3.0000000000 2.0601645749 65 0.382652907290627
29 52 60 34 12 46 5 1 44 46 24 89 9 11 34 29
22 400 54 32 42 45 400 41 400 44 84 400 1 31 24
402 400 401 401 401 401 400 401 400 401 401 400 402 401 402
1 1 1 1 1 1 1 1 1 0
1 1 0 0 1 0 0 0 1 0
1 1 1 1 1 1 1 1 2 0
1 1 1 1 1 0 0 0 1 0
1 1 1 1 1 1 0 0 1 0
0 1 1 1 1 1 1 1 1 1
0 0 0 1 0 0 0 0 1 0
0 0 0 1 0 0 0 0 1 0
0 0 0 1 1 1 1 1 1 0
0 0 0 0 0 0 0 0 0 0
Maze 168
97 202 2.8965517241 2.1009189107 65 0.377094628752935
66 53 17 31 68 54 98 60 20 75 49 27 11 48 45 66
63 13 11 61 64 94 58 400 15 45 47 21 41 400 65
401 402 402 401 401 401 402 400 402 402 401 401 401 400 401
0 0 0 0 0 0 0 0 0 0
1 1 1 1 1 1 1 1 1 1
1 1 1 1 1 1 1 0 0 1
1 0 1 0 1 0 1 0 0 1
1 1 1 1 1 1 1 1 1 1
1 0 1 1 1 0 0 1 1 1
1 1 1 1 1 2 1 1 0 0
0 0 0 1 1 0 0 1 0 0
0 0 0 1 0 0 0 1 0 0
0 0 0 1 1 1 1 1 0 0
Maze 169
103 568 3.1428571429 2.0778394245 77 0.383580233018652
93 37 25 89 37 85 12 44 12 58 19 98 64 81 54 93
33 35 85 87 35 82 42 42 52 18 18 94 61 51 53
402 401 401 401 402 401 401 401 401 402 402 401 402 402 402
0 0 0 0 0 0 0 0 0 0
0 1 0 0 0 0 0 1 1 0
0 1 0 0 1 0 0 1 0 0
0 1 1 1 1 1 1 1 0 0
0 1 1 1 1 0 1 1 0 0
1 1 1 1 1 1 1 1 0 0
1 1 1 1 1 0 1 1 0 0
1 1 1 1 1 0 1 1 0 0
1 1 1 1 1 1 1 1 1 0
0 0 2 1 1 1 1 1 0 0
Maze 170
109 22 3.0370370370 1.8999319913 120 0.389435283534769
59 73 21 22 60 49 78 96 39 57 4 100 92 59 14 59
53 71 400 52 59 48 76 36 37 54 94 400 52 54 54
402 401 400 401 401 402 402 402 402 401 401 400 402 401 401
0 0 0 1 0 0 0 0 0 0
0 0 0 1 0 0 0 0 0 0
1 1 0 1 0 0 0 0 0 0
1 1 0 1 0 1 1 1 1 0
1 1 0 1 0 1 1 1 1 0
1 1 1 1 1 1 1 1 2 1
1 1 1 1 0 1 0 1 0 0
1 1 1 1 0 1 1 1 0 0
0 1 0 1 0 1 0 0 0 0
0 1 1 1 1 1 1 1 1 1
Maze 171
83 183 3.3061224490 2.1913804989 30 0.387494297853472
82 30 29 12 59 55 17 47 75 43 63 33 31 39 86 82
22 400 22 52 400 15 400 45 73 400 400 400 400 36 400
402 400 401 401 400 402 400 402 401 400 400 400 400 402 400
0 0 0 0 0 0 0 0 0 0
0 1 0 0 1 1 1 0 0 0
0 1 1 1 1 1 1 1 1 1
1 1 1 1 1 1 1 1 1 0
0 1 1 0 1 1 1 0 0 0
0 1 1 1 1 1 1 1 1 0
0 1 1 0 1 1 0 0 0 0
0 1 1 1 1 1 0 0 0 0
0 2 1 1 1 1 0 0 0 0
0 0 0 0 0 0 0 0 0 0
Maze 172
91 76 2.7600000000 1.9019619614 45 0.373877875702925
74 48 38 42 48 6 71 68 39 66 46 70 70 6 92 74
44 400 32 400 46 1 61 38 36 400 66 400 66 2 72
402 400 402 400 401 402 402 402 402 400 401 400 401 402 402
1 1 1 1 1 1 0 0 0 0
1 1 0 0 0 1 0 0 0 0
1 1 0 0 0 1 0 0 0 0
1 1 1 1 1 1 1 1 1 0
1 1 1 1 1 1 1 1 0 0
1 1 0 1 0 1 0 1 0 0
1 1 1 1 1 1 1 1 1 1
1 1 1 2 0 0 0 0 0 0
0 1 0 0 0 0 0 0 0 0
0 1 0 0 0 0 0 0 0 0
Maze 173
107 491 3.3103448276 2.1550793855 105 0.380081394466204
43 17 49 59 76 16 91 57 30 91 81 71 96 4 69 43
13 47 400 56 400 11 51 27 21 400 400 91 94 64 63
402 401 400 402 400 402 402 402 402 400 400 401 401 401 401
0 0 0 1 0 0 0 0 0 0
1 1 1 1 1 1 1 0 0 0
1 1 1 1 1 1 1 1 1 1
1 0 1 1 0 1 1 0 0 0
1 0 2 1 0 1 1 1 1 0
1 1 1 1 1 1 1 1 1 0
1 0 1 1 1 1 1 1 1 0
1 0 0 1 0 1 0 0 0 0
1 0 0 1 0 0 0 0 0 0
1 1 1 1 1 1 0 0 0 0
Maze 174
65 10 3.3142857143 1.9651373112 6 0.368188896591752
79 10 30 43 55 3 25 54 35 54 24 45 36 47 9 79
9 400 23 53 53 23 24 34 34 400 44 35 46 7 400
402 400 402 401 401 401 402 402 402 400 401 402 401 402 400
0 0 1 0 0 0 1 1 1 1
0 0 1 0 0 0 1 0 1 1
0 0 1 1 1 1 1 1 1 1
0 0 1 1 1 1 1 0 1 0
0 0 1 1 1 1 1 0 1 0
0 0 1 1 1 0 0 0 1 0
0 0 0 0 0 0 0 0 1 0
0 0 0 0 0 0 0 0 2 0
0 0 0 0 0 0 0 0 0 0
0 0 0 0 0 0 0 0 0 0
Maze 175
87 43 3.1250000000 2.1025120994 45 0.370772755566702
48 14 67 64 98 28 24 32 65 84 24 92 94 82 20 48
44 64 400 94 400 400 22 62 64 400 22 400 92 12 18
401 401 400 401 400 400 402 401 402 400 402 400 401 402 402
0 0 0 0 0 0 0 0 0 0
0 1 1 1 1 1 1 1 1 1
0 1 1 1 1 1 1 1 0 0
0 1 0 1 0 0 0 1 0 0
0 1 0 1 1 1 1 2 0 0
0 1 0 1 0 0 0 1 0 0
0 1 1 1 1 1 1 1 0 0
0 1 0 1 0 0 0 1 0 0
0 1 0 1 0 0 0 1 0 0
0 1 1 1 1 1 1 1 0 0
Maze 176
59 2 2.6666666667 2.3560012355 7 0.363609093841513
69 69 97 86 62 83 81 43 23 41 5 31 54 36 37 69
400 67 96 82 82 400 41 400 21 1 1 51 34 400 67
400 402 401 401 401 400 402 400 402 402 402 401 402 400 401
1 1 1 1 1 0 0 0 0 0
1 0 0 0 0 0 0 0 0 0
1 1 1 0 0 0 0 0 0 0
1 0 1 1 1 1 1 0 0 0
1 1 1 1 0 0 1 0 0 0
1 1 1 1 0 0 1 0 0 0
1 1 0 0 0 0 1 1 2 0
1 1 0 0 0 0 1 0 0 0
1 1 1 1 1 1 1 0 0 0
0 0 0 0 0 1 1 0 0 0
Maze 177
87 377 2.9818181818 2.2689820691 35 0.391470326619106
64 51 56 92 85 12 8 19 44 95 89 97 45 19 76 64
61 400 52 82 82 2 18 14 94 85 87 95 15 16 74
401 400 402 402 401 402 401 402 401 402 402 401 402 402 401
0 1 1 1 1 1 1 1 0 0
0 1 0 1 1 1 1 1 1 0
0 1 0 1 1 1 0 0 0 0
0 1 0 1 1 1 0 0 0 0
0 1 0 1 1 1 0 0 0 0
1 1 1 1 1 1 0 0 0 0
1 1 1 2 1 1 0 0 0 0
0 1 0 1 1 1 0 0 0 0
0 1 1 1 1 1 1 1 1 0
0 1 0 1 1 1 1 0 0 0
Maze 178
63 7 3.4000000000 1.8645231468 10 0.363188941789981
12 35 33 24 83 36 47 16 51 43 43 22 34 72 34 12
32 400 23 23 33 46 46 11 41 400 42 32 32 32 32
401 400 402 402 402 401 401 402 402 400 401 401 402 402 401
0 0 0 0 0 0 0 0 0 0
1 2 1 1 1 1 0 0 0 0
1 1 1 1 0 1 0 0 0 0
1 1 1 1 1 1 0 0 0 0
1 1 1 0 0 1 1 0 0 0
1 1 1 0 0 0 0 0 0 0
0 1 1 0 0 0 0 0 0 0
0 1 1 0 0 0 0 0 0 0
0 0 1 0 0 0 0 0 0 0
0 0 0 0 0 0 0 0 0 0
Maze 179
115 882 3.1076923077 2.1730107613 122 0.388224261036219
7 93 16 57 26 73 61 62 4 39 93 84 1 24 100 7
3 13 56 56 23 71 400 2 34 33 83 81 21 94 97
402 402 401 401 402 401 400 402 401 402 402 401 401 401 401
1 1 1 1 1 1 2 0 0 0
1 1 1 1 1 1 1 0 0 0
1 1 1 1 1 1 1 0 0 0
1 1 1 1 1 1 1 1 1 0
1 1 1 1 0 1 1 0 0 0
1 1 1 1 0 1 1 0 0 0
1 1 1 1 0 0 1 0 0 0
1 1 1 1 0 0 1 0 0 0
1 1 1 1 0 0 1 0 0 0
0 0 1 1 1 1 1 1 1 1
Maze 180
107 1777 3.6666666667 1.8790402784 105 0.392779241896324
30 74 40 42 57 36 72 22 94 75 4 68 27 86 15 30
24 34 32 52 56 32 400 92 74 74 64 67 26 85 25
402 402 402 401 401 402 400 401 402 401 401 401 402 401 401
0 0 0 1 0 0 0 0 0 0
0 0 0 1 1 0 0 0 0 0
0 1 0 1 1 1 1 1 1 2
0 1 1 1 1 1 1 1 1 1
0 1 0 1 1 1 1 0 0 0
0 1 1 1 1 1 1 0 0 0
0 1 0 1 1 1 1 1 0 0
0 1 0 1 1 1 0 0 0 0
0 1 0 1 1 1 0 0 0 0
0 1 1 1 0 0 0 0 0 0
Maze 181
93 60 3.5348837209 1.9029324332 50 0.384685943065854
78 90 46 76 60 41 81 49 14 55 36 58 62 40 76 78
88 86 400 56 51 400 41 44 54 35 56 52 32 36 400
401 401 400 402 401 400 402 401 401 402 401 402 402 402 400
0 0 0 0 0 0 0 0 0 0
0 0 0 1 0 0 0 0 0 0
0 0 0 1 0 0 0 0 0 0
0 1 1 1 1 1 1 1 1 1
1 1 1 1 1 1 1 1 1 0
1 1 1 1 1 1 1 1 1 1
1 1 0 0 0 1 0 0 0 0
1 0 0 0 0 1 1 2 0 0
1 0 0 0 0 1 1 1 1 1
0 0 0 0 0 0 0 0 0 0
Maze 182
103 837 2.9830508475 2.2004017857 60 0.374356462613211
97 35 91 59 37 25 7 59 99 22 18 14 73 96 71 97
95 31 51 57 35 5 57 400 92 12 400 13 93 91 91
401 402 402 401 401 402 401 400 401 402 400 402 401 401 401
0 0 0 0 1 1 1 0 0 0
0 1 1 1 1 1 1 1 0 0
0 1 1 0 1 0 1 0 0 0
1 1 1 1 1 1 1 0 0 0
1 1 1 0 1 0 1 0 0 0
1 1 1 1 1 1 1 1 1 0
1 1 1 0 1 0 0 0 1 0
1 1 1 0 1 0 0 0 1 0
1 1 1 0 1 0 0 0 1 0
1 1 1 1 1 1 2 1 1 0
Maze 183
85 144 3.0869565217 1.9687500000 44 0.388483295614348
82 62 37 23 2 36 77 57 42 95 17 1 4 58 42 82
400 32 33 22 32 76 400 52 92 15 11 400 54 52 400
400 402 401 401 401 401 400 401 401 402 401 400 401 401 400
1 1 1 1 0 0 0 0 0 0
1 1 1 1 1 1 1 0 0 0
0 1 1 1 1 0 0 0 0 0
0 1 1 1 1 1 1 0 0 0
0 1 0 1 1 1 0 0 0 0
0 1 1 1 1 1 1 1 0 0
0 1 0 0 1 1 1 0 0 0
0 1 0 0 1 1 1 0 0 0
0 2 0 0 1 0 0 0 0 0
0 1 1 1 1 0 0 0 0 0
Maze 184
103 288 2.9375000000 2.2512830734 59 0.370498484070194
83 100 4 76 47 88 50 42 36 47 8 43 66 8 62 83
93 94 74 46 87 48 400 32 46 7 3 63 6 2 82
401 401 401 402 401 402 400 402 401 402 402 401 402 402 401
0 1 1 1 1 1 1 1 0 0
0 1 1 1 0 1 1 0 0 0
0 1 1 1 0 1 1 0 0 0
0 1 1 1 1 1 1 0 0 0
0 1 1 1 1 1 1 1 1 1
0 1 1 1 0 1 1 1 0 0
0 1 1 1 1 1 1 1 0 0
0 1 0 1 1 1 1 1 0 0
0 1 2 1 0 0 1 1 0 0
0 0 1 1 1 1 1 1 1 1
Maze 185
87 23 2.6923076923 2.0128969290 45 0.380229211347885
51 49 63 73 83 53 97 70 25 48 48 64 91 97 7 51
41 43 400 400 400 93 67 65 45 400 44 61 400 400 1
402 402 400 400 400 401 402 401 401 400 402 402 400 400 402
1 1 1 1 1 1 1 0 0 0
1 0 0 0 0 0 1 0 0 0
1 0 0 0 1 0 1 0 0 0
1 0 0 0 1 0 1 0 0 0
1 1 1 1 1 1 1 1 1 0
2 0 1 1 1 0 1 0 0 0
1 1 1 1 1 1 1 1 1 1
1 0 1 0 0 0 1 0 0 0
1 0 1 0 0 0 1 0 0 0
1 1 1 1 1 1 1 0 0 0
Maze 186
97 125 3.4716981132 2.1296986218 62 0.381992939189802
90 88 6 46 5 62 36 72 63 49 52 11 11 75 14 90
400 86 400 45 2 32 32 62 43 42 51 400 71 74 84
400 401 400 401 402 402 402 402 402 402 401 400 401 401 401
0 1 1 1 1 1 0 0 0 0
1 1 0 1 1 1 0 0 0 0
1 1 0 1 1 1 0 0 0 0
1 1 1 1 1 1 0 0 0 0
1 1 1 1 1 1 1 1 1 0
1 1 1 1 0 1 0 0 0 0
1 1 1 1 0 1 0 0 0 0
1 1 1 1 1 1 0 0 0 0
0 0 0 1 1 1 1 1 1 2
0 0 0 0 0 0 0 0 0 0
Maze 187
119 30 3.5000000000 2.0427481869 131 0.385174904588015
15 55 100 51 60 83 44 39 13 43 79 23 6 93 18 15
400 95 91 400 53 43 34 33 400 73 73 3 3 13 400
400 401 401 400 402 402 402 401 400 401 401 402 402 402 400
0 0 1 1 1 1 0 0 0 0
0 0 1 1 2 1 1 1 0 0
0 0 1 0 1 0 0 0 0 0
0 0 1 1 1 1 1 1 1 0
0 0 1 1 1 0 0 0 0 0
1 1 1 1 1 1 1 1 1 1
1 0 1 0 1 0 0 0 0 0
1 0 1 1 1 1 1 1 1 0
1 0 1 0 1 0 0 0 0 0
1 1 1 1 1 1 1 1 1 1
Maze 188
95 278 3.0181818182 2.1639973307 34 0.384013316221351
75 42 13 96 21 67 97 100 82 25 26 5 10 36 41 75
72 12 93 91 61 400 400 92 22 400 25 400 6 31 71
401 402 401 401 401 400 400 401 402 400 401 400 402 402 401
0 0 0 0 1 1 1 1 1 1
0 1 1 0 1 1 0 0 0 0
1 1 1 1 1 1 0 0 0 0
1 1 1 1 1 1 0 0 0 0
1 1 1 0 0 0 0 0 0 0
1 1 1 0 0 0 0 0 0 0
1 1 1 1 1 1 1 0 0 0
1 1 1 1 2 0 1 0 0 0
1 1 1 0 0 0 1 0 0 0
1 1 1 1 1 1 1 1 1 1
Maze 189
79 42 3.7777777778 1.9108318939 35 0.381488549366291
42 95 64 48 32 68 72 83 72 32 55 60 73 86 52 42
92 94 44 42 62 62 82 82 400 52 400 53 83 82 400
401 401 402 401 401 402 401 401 400 401 400 402 401 401 400
0 0 0 0 0 0 0 0 0 0
0 0 0 0 0 0 0 0 0 0
0 0 0 0 0 0 0 0 0 0
0 1 0 0 0 0 0 0 0 0
0 2 1 1 1 1 1 1 0 0
0 1 1 1 1 1 1 1 1 1
0 1 1 1 1 1 1 1 0 0
0 1 1 1 0 0 0 0 0 0
0 1 1 1 1 1 0 0 0 0
0 1 1 1 1 0 0 0 0 0
Maze 190
83 25 3.5609756098 2.0017719485 26 0.408933956320221
17 15 68 62 71 87 61 63 85 28 89 53 70 89 58 17
400 65 400 61 81 81 400 83 25 88 83 63 69 88 57
400 401 400 402 401 401 400 401 402 401 401 401 402 401 401
0 0 0 0 0 0 0 0 0 0
0 0 0 0 1 1 2 0 0 0
0 0 0 0 1 1 1 1 0 0
0 0 0 0 1 0 1 1 0 0
0 0 0 0 1 0 1 1 0 0
0 0 1 0 1 0 1 1 0 0
1 1 1 1 1 1 1 1 1 1
1 0 1 0 1 0 0 1 1 0
1 1 1 1 1 1 1 1 1 0
0 0 0 0 0 0 0 0 0 0
Maze 191
97 20 3.0769230769 2.0366596856 70 0.373535584717079
13 92 22 60 70 90 45 58 51 55 19 31 22 75 69 13
12 400 52 400 400 85 55 400 400 15 11 21 72 65 63
402 400 401 400 400 401 401 400 400 402 402 402 401 402 401
0 0 0 0 0 0 0 0 0 0
1 1 2 1 1 1 1 1 1 0
1 1 1 0 1 0 0 0 0 0
1 1 1 0 1 0 0 0 0 0
0 1 1 0 1 0 0 0 0 0
1 1 1 1 1 1 1 1 1 1
0 1 1 1 1 1 1 1 1 1
0 1 1 1 1 0 0 0 0 1
0 1 0 0 1 1 1 1 1 1
0 1 0 0 0 0 0 0 0 0
Maze 192
111 159 3.2962962963 1.9207196674 86 0.374392996623105
44 96 75 94 63 66 100 3 67 1 58 49 36 82 100 44
94 95 74 93 400 96 93 63 61 51 48 46 32 92 94
401 401 402 401 400 401 401 401 401 401 402 401 402 401 401
1 0 1 0 0 0 0 0 0 0
1 0 1 0 0 0 0 0 0 0
1 0 1 0 0 0 0 0 0 0
1 1 1 1 1 1 0 0 0 0
1 1 1 2 0 1 1 1 1 0
1 1 1 1 1 1 1 1 0 0
1 1 1 1 1 1 1 0 0 0
0 1 1 1 1 1 0 0 0 0
0 1 1 1 1 1 0 0 0 0
0 1 1 1 1 1 1 1 1 1
Maze 193
111 326 3.3898305085 2.2861674845 68 0.390087968051226
67 91 19 56 96 52 7 68 92 99 17 17 6 27 81 67
61 11 16 400 92 2 67 62 400 97 400 16 26 21 61
402 402 402 400 401 402 401 402 400 401 400 401 401 402 402
0 1 1 1 1 1 1 0 0 0
1 1 1 1 1 1 1 1 1 0
1 1 1 1 1 1 1 0 0 0
1 1 0 0 0 1 1 0 0 0
1 1 0 0 0 1 1 0 0 0
1 1 0 0 0 1 1 0 0 0
1 1 1 1 1 1 2 1 0 0
1 1 0 0 0 1 1 0 0 0
1 1 0 0 0 1 1 0 0 0
1 1 1 1 1 1 1 1 1 0
Maze 194
105 100 3.7142857143 1.7514564717 76 0.398685473869996
83 54 40 26 64 60 94 43 86 30 58 6 86 56 30 83
53 34 36 24 54 54 93 83 26 28 56 400 400 26 23
402 402 401 402 402 402 401 401 402 402 401 400 400 402 402
0 0 0 0 0 1 0 0 0 0
0 0 0 0 0 1 0 0 0 0
0 0 1 1 1 1 1 1 1 1
0 0 1 1 1 1 1 1 1 1
0 0 1 1 0 1 0 1 0 0
0 0 1 1 1 1 1 1 1 1
0 0 1 1 0 1 0 0 0 0
0 0 1 1 0 1 0 0 0 0
0 0 2 1 1 1 0 0 0 0
0 0 1 1 0 0 0 0 0 0
Maze 195
111 22 3.3928571429 2.0435833212 99 0.393992235593008
18 96 36 99 52 39 58 48 1 48 74 6 24 10 3 18
16 400 96 92 32 38 400 41 41 44 4 4 4 400 13
402 400 401 401 402 402 400 401 401 402 402 402 402 400 401
1 0 1 1 1 1 1 1 1 1
1 0 1 1 1 1 1 2 0 0
1 0 0 1 0 1 0 0 0 0
1 1 1 1 1 1 1 1 1 0
1 1 1 1 1 1 1 1 0 0
0 1 0 1 0 1 0 1 0 0
0 1 0 1 0 1 0 0 0 0
0 1 0 1 0 1 0 0 0 0
0 1 0 0 0 1 0 0 0 0
0 1 1 1 1 1 1 1 1 0
Maze 196
121 71 3.2222222222 1.7927245426 120 0.388132109503126
57 61 91 74 19 53 93 3 73 26 12 97 23 93 9 57
51 400 71 14 13 400 400 400 23 22 92 93 400 3 7
402 400 402 402 402 400 400 400 402 401 401 401 400 402 402
0 0 1 1 1 1 1 1 1 0
0 1 1 1 1 1 1 1 1 0
0 1 1 1 1 1 1 0 0 0
0 1 1 1 0 0 1 0 0 0
0 1 1 1 0 0 1 0 0 0
1 1 1 1 1 1 2 0 0 0
1 1 1 1 0 0 0 0 0 0
1 1 1 1 0 0 0 0 0 0
1 1 1 0 0 0 0 0 0 0
1 1 1 1 1 1 1 0 0 0
Maze 197
119 217 3.4333333333 2.0765833018 111 0.395530851145006
53 11 40 74 16 21 17 97 49 82 99 66 79 84 19 53
51 31 34 14 11 11 400 47 42 92 96 76 74 14 13
401 401 402 402 402 402 400 402 402 401 401 401 402 402 402
0 0 0 0 0 0 0 0 0 0
1 1 1 1 1 1 1 1 1 0
1 0 1 1 0 0 1 0 0 0
1 1 1 1 1 1 1 1 1 1
1 1 1 1 1 1 1 1 1 0
1 1 2 1 0 0 1 0 0 0
0 1 0 1 0 1 1 0 0 0
0 1 0 1 1 1 1 1 1 0
0 1 0 1 0 1 1 0 0 0
0 1 1 1 1 1 1 1 1 0
Maze 198
93 79 2.9677419355 2.3939437909 45 0.379490668814039
80 97 21 50 90 69 8 69 100 78 67 92 86 23 64 80
77 91 41 400 89 68 68 99 98 77 62 82 83 63 74
402 401 401 400 401 401 401 401 401 401 402 402 401 401 401
0 0 0 0 0 0 0 1 0 0
0 0 0 0 0 0 0 1 0 0
1 0 1 0 0 0 0 1 0 0
1 0 1 0 0 0 0 1 0 0
1 1 1 1 1 1 1 1 1 1
1 0 1 0 0 0 0 1 0 1
1 1 1 1 1 1 1 1 1 1
1 1 1 1 1 1 1 1 1 2
1 1 1 1 1 1 1 1 1 1
1 1 1 1 1 1 1 1 1 1
Maze 199
91 74 3.2000000000 1.8247620423 41 0.403057539022267
9 27 68 46 27 58 81 66 82 67 35 59 82 75 83 9
7 67 66 26 57 51 61 62 62 65 55 52 72 73 3
402 401 401 402 401 402 402 402 402 401 401 402 402 402 402
0 0 1 1 1 1 1 1 2 0
0 0 1 0 0 0 1 0 0 0
0 0 1 0 0 1 1 0 0 0
0 0 1 0 1 1 1 0 0 0
0 0 1 0 1 1 1 0 0 0
1 1 1 1 1 1 1 1 1 0
1 1 1 1 1 1 1 1 0 0
1 1 1 1 1 0 0 0 0 0
1 1 1 0 0 0 0 0 0 0
0 0 0 0 0 0 0 0 0 0
Maze 200
89 18 2.5538461538 2.3524225091 25 0.357325773433100
47 54 13 48 60 9 91 72 62 37 20 17 33 98 60 47
44 53 43 58 59 1 71 400 32 17 400 13 93 58 57
402 401 401 401 401 402 402 400 402 402 400 402 401 402 401
1 1 1 1 1 1 1 1 1 0
1 0 1 1 1 1 1 1 1 1
1 0 1 0 0 0 1 0 1 0
1 1 1 1 1 1 1 0 1 0
1 1 1 1 1 1 2 1 1 0
1 1 1 1 0 0 1 1 1 1
1 1 1 0 0 0 0 1 0 0
1 1 1 0 0 0 0 1 0 0
1 0 1 0 0 0 0 1 0 0
1 0 1 1 1 1 1 1 0 0
