numMazes: 5
mazeSize: 10
Maze 1
91 111 0.1000000000 1.8137324754 45 0.380495526751000
73 61 45 22 86 42 52 13 5 39 83 32 54 6 39 73
71 41 42 82 82 400 12 3 35 33 82 52 4 36 33
401 402 401 401 401 400 402 402 401 402 401 401 402 401 402
0 0 1 1 1 1 0 0 0 0
0 1 1 1 1 1 0 0 0 0
0 1 0 1 1 1 0 0 0 0
0 1 1 1 1 1 1 1 1 0
1 1 1 1 1 0 0 0 0 0
1 1 1 1 0 0 0 0 0 0
1 1 1 0 0 0 0 0 0 0
1 1 2 0 0 0 0 0 0 0
0 1 1 1 1 1 0 0 0 0
0 0 0 0 0 0 0 0 0 0
Maze 2
77 475 0.12000000000 2.2687590033 25 0.379590789438683
3 41 37 14 13 56 71 81 65 26 34 86 41 81 62 3
1 31 34 400 53 51 400 61 25 24 84 81 400 61 2
402 402 401 400 401 402 400 402 402 402 401 401 400 402 402
1 1 2 0 0 0 0 0 0 0
1 1 1 1 0 0 0 0 0 0
1 1 1 1 1 1 0 0 0 0
1 1 1 1 1 1 1 0 0 0
1 1 1 1 1 0 0 0 0 0
1 1 1 1 1 1 0 0 0 0
1 1 1 1 1 0 0 0 0 0
1 0 0 1 0 0 0 0 0 0
1 1 1 1 1 1 0 0 0 0
0 0 0 0 0 0 0 0 0 0
Maze 3
81 59 0.1230000000000 2.0801934000 30 0.371966969773478
67 71 79 52 16 75 83 53 64 76 88 75 6 83 63 67
61 400 72 12 15 73 400 63 74 86 85 5 3 400 400
402 400 401 402 402 402 400 401 401 401 401 402 402 400 400
0 0 1 1 1 1 0 0 0 0
0 1 1 1 1 1 0 0 0 0
0 1 1 0 1 0 0 0 0 0
0 1 1 0 1 0 0 0 0 0
0 1 1 0 1 0 0 0 0 0
0 1 1 0 1 0 0 0 0 0
1 1 1 1 1 1 2 0 0 0
1 1 1 1 1 1 1 1 1 0
0 0 1 0 1 1 1 1 0 0
0 0 0 0 0 0 0 0 0 0
Maze 4
107 29 0.12340000000000 1.9394860827 65 0.370195652292299
89 62 52 86 6 44 19 27 81 99 4 84 47 24 44 89
82 400 82 400 4 14 17 21 91 94 400 44 44 400 84
401 400 401 400 402 402 402 402 401 401 400 402 401 400 401
0 0 0 1 1 1 0 0 0 0
0 0 0 1 1 1 1 1 1 0
1 1 1 1 1 1 1 0 0 0
1 0 0 1 0 1 0 0 0 0
1 0 0 1 1 1 1 0 0 0
1 1 0 1 0 1 0 0 0 0
1 1 0 1 0 1 0 0 0 0
1 1 0 1 0 1 0 0 0 0
1 1 1 1 1 1 1 1 2 0
1 1 1 1 1 1 1 1 1 0
Maze 5
113 96 0.123450000000000 2.0921563268 80 0.380138051108099
74 30 45 19 53 94 7 95 80 43 39 44 4 24 69 74
24 25 15 13 93 4 5 75 73 33 34 400 400 64 64
402 402 402 402 401 402 402 402 401 402 402 400 400 401 402
0 0 0 1 1 1 1 0 0 0
0 0 1 1 1 1 1 1 1 0
0 0 1 1 1 1 1 1 1 1
0 0 1 1 1 1 1 1 1 0
0 0 1 1 1 0 0 0 0 0
0 0 1 1 1 0 0 0 0 0
0 0 1 1 1 1 1 1 1 0
0 0 1 2 1 1 1 1 1 1
0 0 1 1 1 0 0 0 0 0
0 0 1 1 1 0 0 0 0 0
