numMazes: 200
mazeSize: 10
Maze 1
79 9 3.1500000000 1.8778865165 30 0.361714402548684
63 93 82 63 9 2 25 9 16 47 32 52 65 3 85 63
400 92 62 3 400 22 5 6 46 42 400 62 63 83 83
400 401 402 402 400 401 402 402 401 401 400 401 401 401 401
0 1 1 1 1 1 1 1 1 0
0 1 1 0 1 1 0 0 0 0
0 1 1 1 1 1 0 0 0 0
0 1 1 0 0 1 0 0 0 0
0 1 1 1 1 1 1 0 0 0
0 1 1 0 0 0 0 0 0 0
0 1 2 1 1 0 0 0 0 0
0 1 1 0 0 0 0 0 0 0
0 1 1 1 1 0 0 0 0 0
0 1 1 0 0 0 0 0 0 0
Maze 2
109 786 3.2903225806 2.3107280976 120 0.381342141691801
29 96 20 79 99 5 14 23 84 38 11 33 30 94 48 29
26 16 19 400 95 4 13 83 34 31 31 23 24 44 28
402 402 402 400 401 402 402 401 402 401 401 402 402 402 402
0 0 0 1 1 0 0 0 0 0
1 0 1 1 1 1 1 1 1 1
1 0 1 1 1 1 1 1 2 1
1 1 1 1 1 1 1 1 1 0
0 0 1 1 1 1 1 1 1 0
0 0 1 1 1 1 0 0 1 0
0 0 1 1 1 1 0 0 1 0
0 0 1 1 1 1 0 0 1 0
0 0 1 1 1 1 0 0 1 0
0 0 0 1 1 1 1 1 1 0
Maze 3
99 54 3.1636363636 2.1683574182 56 0.386349024468796
27 91 63 41 28 100 77 70 47 70 15 19 48 7 52 27
21 61 61 21 98 97 67 67 67 65 400 18 47 2 22
402 402 401 402 401 401 402 401 401 401 400 402 401 402 402
0 1 1 1 1 1 1 0 0 0
0 1 0 0 1 1 1 1 1 0
1 1 1 1 1 1 2 1 0 0
1 1 0 0 1 0 1 1 0 0
1 1 0 0 1 0 1 1 0 0
1 1 0 0 1 0 1 1 0 0
1 1 1 0 1 1 1 1 1 1
1 0 0 0 0 0 1 1 0 0
1 0 0 0 0 0 1 1 0 0
1 0 0 0 0 0 1 1 1 1
Maze 4
101 82 3.1228070175 2.1277998996 66 0.378892380879840
85 33 23 51 55 29 17 20 69 40 92 16 52 82 8 85
83 400 21 400 25 27 400 19 39 32 12 12 400 2 5
401 400 402 400 402 401 400 402 402 402 402 402 400 402 402
0 1 1 1 1 1 1 1 0 0
0 1 1 1 1 1 1 1 1 1
1 1 1 0 1 1 1 1 1 0
1 1 1 1 1 1 1 1 1 1
1 1 1 0 1 0 0 0 1 0
1 1 1 1 1 0 0 0 1 0
0 1 1 0 1 0 0 0 1 0
0 1 1 0 1 0 0 0 0 0
0 1 1 1 2 0 0 0 0 0
0 1 0 0 0 0 0 0 0 0
Maze 5
97 98 3.0566037736 2.0850105500 77 0.387423647506898
5 55 78 48 72 81 94 71 17 79 94 2 41 12 71 5
400 75 400 42 71 91 91 11 77 74 92 1 11 11 1
400 401 400 402 402 401 401 402 401 402 401 402 402 402 402
1 1 1 1 2 0 0 0 0 0
1 1 1 1 1 1 1 0 0 0
1 1 0 0 1 0 1 0 0 0
1 1 0 0 1 0 1 0 0 0
1 1 1 1 1 1 1 1 0 0
1 1 0 0 1 0 1 1 0 0
1 1 0 0 1 0 1 1 0 0
1 1 0 1 1 1 1 1 1 0
1 1 0 1 0 0 0 0 0 0
1 1 1 1 0 0 0 0 0 0
Maze 6
111 114 3.3962264151 1.9404309499 87 0.401368629528483
30 97 13 75 86 83 64 48 24 54 33 97 31 50 1 30
27 93 73 85 400 63 44 44 400 53 93 91 41 41 21
402 401 401 401 400 402 402 401 400 401 401 401 401 401 401
1 0 0 0 0 0 0 0 0 0
1 0 1 0 0 0 0 0 0 0
1 1 1 1 1 1 1 1 1 2
1 0 1 1 0 0 1 0 0 0
1 1 1 1 1 1 1 1 1 1
1 0 1 1 0 0 1 0 0 0
1 0 1 1 0 0 1 0 0 0
1 0 1 1 1 0 1 0 0 0
1 0 1 1 1 1 1 0 0 0
1 1 1 1 1 1 1 0 0 0
Maze 7
113 417 3.9200000000 2.0128678854 90 0.386034587468297
47 31 57 3 41 62 5 25 84 20 82 1 48 63 58 47
41 51 53 1 61 2 400 24 14 12 81 41 43 53 57
401 401 401 402 401 402 400 402 402 402 401 401 402 402 401
1 1 1 1 1 0 0 0 0 0
1 1 1 1 1 1 1 1 1 1
1 1 1 1 1 0 0 0 0 0
1 1 1 1 0 0 0 0 0 0
1 1 1 1 1 1 2 1 0 0
1 1 1 1 1 1 1 1 0 0
1 1 1 1 0 0 0 0 0 0
1 1 0 1 0 0 0 0 0 0
1 1 0 1 0 0 0 0 0 0
0 0 0 0 0 0 0 0 0 0
Maze 8
103 144 3.2000000000 1.9120158967 58 0.390478941932797
77 45 9 83 98 55 63 77 23 49 94 42 4 53 33 77
75 5 3 93 95 53 73 73 43 44 92 2 3 400 73
401 402 402 401 401 402 401 401 401 402 401 402 402 400 401
0 1 1 1 1 1 1 1 1 0
0 1 1 0 1 0 0 0 0 0
0 1 1 0 1 0 0 0 0 0
0 1 1 0 1 0 0 0 0 0
0 1 1 1 1 1 1 1 1 0
0 1 1 1 1 0 0 0 0 0
0 1 1 1 1 0 0 0 0 0
0 1 1 1 1 1 2 0 0 0
0 1 1 1 1 0 0 0 0 0
0 1 1 1 1 1 1 1 0 0
Maze 9
81 43 2.6538461538 2.1882144605 23 0.383742204858361
6 15 24 69 88 77 18 35 100 56 48 55 99 63 16 6
5 14 64 68 87 17 15 95 96 46 45 95 93 13 400
402 402 401 402 401 402 402 401 401 402 402 401 401 402 400
0 0 0 0 1 2 0 0 0 0
0 0 1 1 1 1 1 1 0 0
0 0 1 1 1 0 1 0 0 0
0 0 1 1 1 0 1 0 0 0
0 0 1 1 1 1 1 1 0 0
0 0 1 1 1 1 1 0 0 0
0 0 1 1 1 1 1 1 1 0
0 0 1 0 1 1 1 1 0 0
0 0 1 0 1 1 1 1 0 0
0 0 1 1 1 1 1 1 1 1
Maze 10
115 681 3.3750000000 2.2284583236 109 0.371781291207568
68 96 15 67 99 42 94 10 51 23 25 96 37 73 51 68
66 95 65 97 92 92 4 1 21 400 95 36 33 71 61
402 401 401 401 401 401 402 402 402 400 401 402 402 401 401
1 1 1 1 1 1 1 1 1 1
1 0 0 1 1 0 0 0 0 0
1 1 1 1 1 0 0 0 0 0
1 0 1 1 1 1 1 0 0 0
1 1 1 1 1 1 0 0 0 0
1 1 1 1 1 1 0 0 0 0
1 1 1 1 1 1 1 2 0 0
1 1 1 1 1 1 1 0 0 0
0 1 0 1 1 1 1 0 0 0
0 1 1 1 1 1 1 1 1 0
Maze 11
75 438 3.3170731707 2.0590760249 26 0.384460994755206
55 48 83 32 65 24 31 36 27 57 4 35 65 81 46 55
45 43 82 62 64 21 400 26 400 54 34 400 61 41 45
402 402 401 401 401 402 400 402 400 401 401 400 402 402 402
0 0 0 1 0 0 0 0 0 0
0 0 0 1 0 0 0 0 0 0
1 1 1 1 0 1 1 0 0 0
1 1 1 1 1 1 1 0 0 0
1 1 1 1 1 1 1 1 0 0
1 1 1 1 2 1 1 0 0 0
1 1 1 1 1 0 0 0 0 0
1 1 1 0 0 0 0 0 0 0
1 1 1 0 0 0 0 0 0 0
0 0 0 0 0 0 0 0 0 0
Maze 12
103 207 3.2000000000 2.2590934011 60 0.397808172989692
36 12 87 21 31 95 49 48 51 82 79 79 93 9 50 36
32 82 81 400 91 45 400 41 81 72 400 73 3 49 46
401 401 401 400 401 402 400 402 401 402 400 402 402 401 401
0 0 1 1 1 1 1 1 1 0
0 1 1 0 0 0 0 0 1 0
1 1 1 0 0 0 0 0 1 0
1 1 1 1 1 2 0 0 1 0
1 1 1 1 1 1 1 1 1 1
1 1 1 0 1 0 0 0 0 0
1 1 1 0 1 0 0 0 0 0
1 1 1 1 1 1 1 1 1 0
1 1 1 1 1 1 1 0 0 0
1 1 1 1 1 0 0 0 0 0
Maze 13
93 391 2.7333333333 2.2272037317 50 0.373269483625352
73 58 80 88 31 54 47 89 96 8 29 71 76 17 43 73
53 78 78 81 51 44 87 86 6 28 21 400 16 13 400
402 401 402 401 401 402 401 402 402 401 402 400 402 402 400
0 0 0 0 0 1 1 1 0 0
0 0 1 1 1 1 1 1 0 0
1 1 1 1 1 1 1 1 1 0
1 0 1 0 0 1 0 0 0 0
1 0 1 1 1 1 1 0 0 0
1 1 1 1 1 1 1 1 0 0
1 0 1 0 0 1 1 1 0 0
1 1 2 1 1 1 1 1 1 1
1 1 1 1 1 1 1 1 1 0
0 0 0 0 0 1 0 0 0 0
Maze 14
85 7 2.6774193548 2.4296067401 50 0.373182932068864
99 84 84 70 75 91 65 57 13 39 10 34 27 23 49 99
94 400 64 65 71 61 55 53 33 9 4 24 400 43 400
401 400 402 402 402 402 402 401 401 402 402 402 400 401 400
0 0 0 1 1 1 1 1 1 1
0 0 1 1 0 0 0 0 1 0
0 0 1 1 1 1 1 0 1 0
0 0 1 1 1 1 1 1 1 0
0 0 1 1 1 1 1 1 1 0
0 0 1 1 1 1 1 0 1 0
1 1 1 1 1 1 1 1 1 1
1 1 1 1 1 0 0 0 1 0
1 0 0 1 0 0 0 0 1 0
1 0 0 1 1 1 1 1 2 0
Maze 15
93 22 3.7333333333 2.0493196667 39 0.382829134585305
56 58 22 47 95 56 18 46 28 40 93 90 43 62 48 56
400 52 42 45 55 16 16 26 38 33 83 83 42 42 46
400 401 401 402 402 402 402 402 401 402 402 401 402 402 402
0 0 0 0 0 0 0 0 0 0
0 0 0 0 0 1 1 1 0 0
0 1 0 0 0 1 1 1 0 0
0 1 1 1 1 1 1 1 1 1
0 1 1 1 1 1 1 1 0 0
0 1 1 1 1 2 1 1 0 0
0 1 1 0 1 0 0 0 0 0
0 0 1 0 1 0 0 0 0 0
0 0 1 1 1 1 1 1 1 1
0 0 1 0 1 0 0 0 0 0
Maze 16
101 43 2.9508196721 2.1647742959 71 0.372083441867889
2 51 1 98 60 38 19 2 45 29 24 77 83 49 41 2
1 400 91 58 58 18 12 42 25 400 74 73 43 400 1
402 400 401 402 401 402 401 401 402 400 401 402 402 400 402
1 2 0 0 0 0 0 0 0 0
1 1 1 1 1 1 1 1 1 0
1 1 0 1 1 1 1 1 1 0
1 1 0 1 1 0 0 1 0 0
1 1 1 1 1 1 1 1 1 0
1 0 1 1 0 0 0 1 1 1
1 0 1 1 0 0 0 1 0 0
1 0 1 1 1 1 1 1 0 0
1 0 1 0 0 0 0 1 0 0
1 1 1 1 1 1 1 1 0 0
Maze 17
107 21662 3.1076923077 2.2826348750 104 0.390798685928105
8 52 83 37 80 93 70 41 45 15 86 26 28 12 59 8
2 82 33 77 73 63 61 400 400 85 400 400 22 52 58
402 401 402 401 402 402 401 400 400 401 400 400 401 401 401
0 1 1 1 1 1 1 2 0 0
0 1 0 0 1 0 0 1 0 0
0 1 1 1 1 1 1 1 0 0
0 1 1 1 1 1 1 1 0 0
1 1 1 1 1 1 1 1 0 0
1 1 1 1 1 1 1 1 1 0
1 1 1 1 1 1 1 1 1 1
0 1 1 1 1 1 1 1 1 1
0 1 1 0 1 1 0 0 0 0
0 0 1 0 0 0 0 0 0 0
Maze 18
93 108 2.9285714286 2.1774865224 27 0.362686203683357
100 40 74 44 34 45 93 85 50 40 95 28 52 66 71 100
400 34 400 400 44 43 83 45 400 35 25 22 62 61 91
400 402 400 400 401 402 402 402 400 402 402 402 401 402 401
0 0 0 0 0 0 0 0 0 0
0 0 0 0 0 0 0 0 0 0
0 1 1 1 1 1 1 1 0 0
0 1 0 1 1 1 1 1 1 1
0 1 1 1 1 1 1 1 1 1
0 1 1 1 1 0 0 0 0 1
1 1 1 1 1 1 0 0 0 1
1 0 1 1 1 0 0 0 0 1
1 0 1 1 1 0 0 0 0 1
1 1 1 1 1 1 1 1 1 2
Maze 19
101 14 3.1162790698 1.7195476644 84 0.375345461914118
82 94 36 83 35 6 72 11 45 3 72 33 46 83 36 82
92 34 33 33 5 2 71 41 43 2 32 43 43 33 32
401 402 402 402 402 402 401 401 401 402 402 401 402 402 402
0 1 1 1 1 1 0 0 0 0
1 1 1 0 1 0 0 0 0 0
1 1 1 0 1 0 0 0 0 0
1 1 1 1 1 1 0 0 0 0
1 1 1 1 1 1 0 0 0 0
1 1 1 1 0 0 0 0 0 0
1 1 1 1 0 0 0 0 0 0
1 1 1 1 0 0 0 0 0 0
0 2 1 1 0 0 0 0 0 0
0 1 1 1 0 0 0 0 0 0
Maze 20
97 217 3.2452830189 2.2847360612 84 0.373993676110707
98 89 31 76 94 57 28 43 65 18 65 69 56 91 69 98
88 81 71 74 54 27 23 63 15 15 400 66 51 61 68
402 401 401 402 402 402 402 401 402 402 400 401 402 402 402
0 0 0 0 0 0 0 0 0 0
0 0 0 0 1 1 1 1 0 0
0 0 1 1 1 1 1 1 0 0
1 0 1 0 1 0 1 0 0 0
1 0 1 0 1 0 1 0 0 0
1 1 1 1 1 1 1 0 0 0
1 1 1 1 1 1 1 1 1 0
1 1 1 1 1 1 0 1 0 0
1 1 1 1 1 1 1 1 1 0
1 0 0 1 0 0 0 2 0 0
Maze 21
93 105 2.8214285714 2.1702024648 56 0.386811755151172
82 81 30 4 27 95 51 33 21 51 47 67 59 96 14 82
400 21 24 24 25 91 31 31 400 41 400 57 56 94 12
400 402 401 401 402 401 402 401 400 402 400 402 402 401 402
0 0 0 1 0 0 0 0 0 0
0 1 1 1 0 0 0 0 0 0
1 1 1 1 1 1 1 1 1 1
1 1 1 1 1 0 0 0 0 0
1 1 1 1 1 1 1 0 0 0
1 1 0 1 1 1 1 1 1 0
1 1 0 1 1 1 1 0 0 0
1 1 0 1 1 1 0 0 0 0
1 2 0 1 1 1 0 0 0 0
1 1 1 1 1 1 0 0 0 0
Maze 22
107 33 3.3962264151 2.0416971002 79 0.387840504655133
6 94 35 62 37 39 45 90 81 1 76 56 47 36 91 6
4 34 32 32 400 35 85 400 400 71 400 46 46 31 1
402 402 402 402 400 402 401 400 400 401 400 402 401 402 402
1 1 1 1 1 2 0 0 0 0
1 0 0 1 0 0 0 0 0 0
1 0 0 1 0 0 0 0 0 0
1 1 1 1 1 1 1 1 1 0
1 1 0 1 1 1 1 0 0 0
1 1 0 1 1 1 0 0 0 0
1 1 0 1 1 1 0 0 0 0
1 1 1 1 1 1 0 0 0 0
1 1 1 1 1 1 1 1 1 1
1 0 0 1 0 0 0 0 0 0
Maze 23
121 146 3.2500000000 2.0908254285 124 0.381036123401311
72 93 9 51 25 99 10 23 11 42 35 20 65 12 38 72
92 3 1 21 95 9 3 21 41 32 15 15 62 32 32
401 402 402 402 401 402 402 401 401 402 402 402 401 401 402
1 1 1 1 1 1 1 1 1 1
1 1 1 0 1 1 1 1 1 1
1 1 1 1 1 0 0 0 1 0
1 1 1 1 1 1 1 1 1 0
1 1 1 0 1 0 0 0 1 0
1 1 1 0 1 0 0 0 1 0
0 1 1 1 1 0 0 0 1 0
0 2 1 0 1 0 0 0 1 0
0 1 1 0 1 0 0 0 1 0
0 1 1 0 1 1 1 1 1 0
Maze 24
99 255 3.7391304348 2.0023458814 40 0.393356643811151
33 18 55 30 14 62 42 39 33 65 20 66 53 47 70 33
13 15 25 24 12 400 32 400 63 15 16 63 43 67 63
402 402 402 401 402 400 402 400 401 402 402 401 402 401 401
0 0 0 0 0 0 0 0 0 0
0 1 1 1 1 1 1 1 1 1
0 1 1 1 1 1 1 1 1 1
0 1 2 1 1 1 1 1 1 0
0 1 1 1 1 1 1 0 0 0
0 1 1 0 1 1 1 0 0 0
0 1 1 1 1 1 1 1 1 1
0 0 0 0 0 0 0 0 0 0
0 0 0 0 0 0 0 0 0 0
0 0 0 0 0 0 0 0 0 0
Maze 25
117 365 3.0645161290 1.9166452189 148 0.407853833974745
21 7 35 19 94 98 12 56 3 4 38 95 2 9 58 21
1 5 15 14 400 92 52 53 400 34 35 92 400 8 51
402 402 402 402 400 401 401 401 400 401 402 401 400 402 401
1 1 1 1 1 1 1 1 1 0
1 1 1 1 1 1 1 1 1 0
2 1 1 1 1 0 0 1 0 0
1 1 1 1 1 1 1 1 0 0
1 1 1 1 1 0 0 1 0 0
1 1 1 1 1 1 1 1 0 0
0 1 0 1 1 0 0 0 0 0
0 1 0 1 1 0 0 0 0 0
0 1 0 1 1 0 0 0 0 0
0 1 1 1 1 1 1 1 0 0
Maze 26
107 305 2.9508196721 2.0597981081 81 0.380959936040142
90 24 94 64 86 6 62 32 78 30 95 41 47 24 89 90
84 400 400 84 400 2 400 72 28 25 91 400 44 84 400
401 400 400 401 400 402 400 401 402 402 401 400 401 401 400
0 1 1 1 1 1 0 0 0 0
0 1 0 0 0 1 0 0 0 0
0 1 0 1 1 1 1 1 1 1
0 1 0 1 1 1 0 1 0 0
1 1 1 1 1 1 1 1 0 0
1 1 0 1 1 1 0 1 0 0
1 1 0 1 1 1 0 1 0 0
1 1 1 1 1 1 1 1 0 0
1 0 0 1 1 1 1 1 1 2
1 1 1 1 1 0 0 0 0 0
Maze 27
111 147 2.9677419355 2.0868631820 83 0.392148097983171
7 52 68 84 29 96 1 71 46 31 50 69 28 46 68 7
2 62 64 24 26 91 400 41 41 41 49 68 26 66 67
402 401 402 402 402 401 400 402 401 401 402 401 402 401 401
1 1 1 1 1 1 2 0 0 0
1 1 0 0 0 0 1 0 0 0
1 1 0 1 1 1 1 1 1 0
1 1 0 1 0 1 1 1 0 0
1 1 1 1 1 1 1 1 1 1
1 1 0 1 0 1 1 1 1 0
1 1 1 1 1 1 1 1 1 0
1 0 0 1 0 1 0 0 0 0
1 0 0 1 0 1 0 0 0 0
1 1 1 1 1 1 0 0 0 0
Maze 28
105 21 3.1228070175 2.0556825136 81 0.383297886010035
100 33 56 13 3 19 11 44 91 97 82 86 23 95 40 100
93 53 53 400 13 400 41 41 400 92 400 83 93 35 400
401 401 401 400 401 400 401 402 400 401 400 401 401 402 400
0 0 1 0 0 0 0 0 0 0
1 1 1 1 1 1 1 1 1 0
1 0 1 0 0 0 0 0 0 0
1 0 1 0 1 1 1 1 1 1
1 1 1 1 1 0 0 0 0 1
1 0 1 1 1 1 0 0 0 1
1 0 1 0 1 0 0 0 0 1
1 0 1 0 1 0 0 0 0 1
1 1 1 1 1 1 0 0 0 1
1 1 1 1 1 1 1 1 1 2
Maze 29
81 12 3.4210526316 1.9504231869 25 0.394517461390597
47 11 49 26 74 14 22 55 54 14 20 69 49 64 26 47
41 41 46 24 400 12 52 400 400 400 19 400 44 24 46
401 401 401 402 400 402 401 400 400 400 402 400 402 402 401
0 0 0 0 0 0 0 0 0 0
1 1 1 1 1 1 1 1 1 1
1 1 0 1 1 1 0 0 1 0
1 1 0 1 0 1 0 0 1 0
1 1 1 1 1 1 2 1 1 0
0 1 1 1 1 0 0 0 1 0
0 0 0 1 0 0 0 0 1 0
0 0 0 1 0 0 0 0 0 0
0 0 0 0 0 0 0 0 0 0
0 0 0 0 0 0 0 0 0 0
Maze 30
113 22 3.4000000000 1.8797462093 104 0.395341400288053
31 28 17 92 64 70 72 47 94 82 2 70 53 93 38 31
21 27 12 62 400 62 42 44 92 400 62 63 400 33 400
402 401 402 402 400 402 402 402 401 400 401 401 400 402 400
0 1 0 0 0 0 0 0 0 0
0 1 1 1 1 1 1 0 0 0
1 1 1 1 1 1 1 1 0 0
2 1 1 1 1 1 1 1 0 0
0 1 1 1 1 1 1 0 0 0
0 1 1 1 0 0 0 0 0 0
0 1 1 1 1 1 1 1 1 1
0 1 1 1 0 0 0 0 0 0
0 1 1 1 0 0 0 0 0 0
0 1 1 1 0 0 0 0 0 0
Maze 31
93 110 3.0400000000 1.9918211816 50 0.372679996563369
39 65 98 51 57 35 97 34 47 20 26 33 84 91 94 39
35 95 91 400 55 95 94 44 17 16 23 83 81 400 34
402 401 401 400 401 401 401 401 402 402 402 401 402 400 402
0 0 0 0 0 0 0 0 0 0
0 0 0 0 0 1 1 1 1 1
0 0 1 1 1 1 1 0 0 0
0 0 1 1 1 1 1 1 2 0
0 0 1 1 1 1 1 0 0 0
1 1 1 1 1 1 1 0 0 0
1 0 1 1 1 0 0 0 0 0
1 0 1 1 1 0 0 0 0 0
1 1 1 1 1 0 0 0 0 0
1 1 1 1 1 1 1 1 0 0
Maze 32
105 117 3.3725490196 1.9043636265 91 0.375744231140795
77 61 79 78 26 15 40 23 80 29 76 66 60 81 3 77
71 71 400 76 25 35 33 73 79 26 400 56 51 1 73
401 401 400 401 401 401 401 401 401 402 400 402 402 402 401
1 1 1 0 0 0 0 0 0 0
1 0 1 0 1 0 0 0 0 0
1 0 1 0 1 1 1 1 1 0
1 0 1 1 1 1 1 1 1 1
1 0 1 0 0 1 0 0 1 0
1 1 1 1 1 1 1 1 1 1
1 0 1 0 0 1 0 0 1 0
1 1 1 1 1 1 2 1 1 1
1 0 0 0 0 0 0 0 0 0
0 0 0 0 0 0 0 0 0 0
Maze 33
89 161 3.0909090909 2.2548680486 44 0.401518053836862
68 46 11 33 9 3 16 90 14 28 56 49 77 35 58 68
66 41 31 3 400 13 86 84 24 26 46 47 75 55 400
401 401 401 402 400 401 401 401 401 402 402 402 401 401 400
0 0 1 1 1 1 1 1 1 0
1 0 1 1 1 1 0 0 0 0
1 0 1 1 1 1 1 1 0 0
1 1 1 1 1 1 0 0 0 0
1 1 1 1 1 1 1 1 1 0
0 0 0 1 1 1 1 1 0 0
0 0 0 1 1 1 1 2 0 0
0 0 0 1 1 1 1 0 0 0
0 0 0 1 1 1 1 1 1 1
0 0 0 0 0 0 0 0 0 0
Maze 34
87 21 2.9230769231 2.0312500000 28 0.383667949401300
3 85 80 38 21 41 83 35 48 9 88 40 69 8 16 3
83 75 78 31 400 81 33 45 8 8 38 39 68 6 13
401 402 401 401 400 401 402 401 402 402 402 402 401 402 401
0 0 2 0 0 1 1 1 1 0
0 0 1 1 1 1 0 1 0 0
1 0 1 0 0 0 0 1 0 0
1 1 1 1 1 1 1 1 1 1
1 0 1 0 1 1 1 1 1 0
1 0 1 0 0 0 0 1 1 0
1 0 1 0 0 0 0 1 1 0
1 0 1 0 1 1 1 1 1 1
1 1 1 1 1 0 0 1 0 0
0 0 0 0 0 0 0 0 0 0
Maze 35
87 489 3.3600000000 2.2243968588 45 0.369321424463005
40 32 35 15 26 18 55 90 16 47 29 2 65 24 69 40
400 400 400 25 16 15 85 86 46 27 22 62 64 64 39
400 400 400 401 402 402 401 401 401 402 401 401 401 401 402
0 1 0 0 0 0 0 0 0 0
0 1 0 0 1 1 1 1 0 0
0 1 1 1 1 1 1 1 1 0
0 1 1 1 1 1 1 1 1 2
0 1 0 1 1 1 1 0 1 0
0 1 0 1 1 1 0 0 1 0
0 1 1 1 1 1 1 1 1 0
0 0 0 0 1 1 0 0 0 0
0 0 0 0 1 1 1 1 1 1
0 0 0 0 0 0 0 0 0 0
Maze 36
113 1078 3.2238805970 2.3696717574 112 0.376800680576943
22 91 70 7 76 60 5 72 61 44 80 6 27 28 93 22
21 61 67 6 56 55 2 71 41 74 76 26 400 23 92
402 402 401 402 402 401 402 401 402 401 401 401 400 402 401
0 1 1 1 1 1 1 0 0 0
0 1 0 0 1 1 1 0 0 0
1 2 1 1 1 1 1 1 0 0
1 1 1 0 1 1 1 0 0 0
1 1 1 1 1 1 1 0 0 0
1 1 1 1 1 1 1 1 1 1
1 1 1 1 1 1 1 1 1 1
1 1 1 1 1 1 1 1 1 1
1 1 1 0 0 0 0 0 0 0
1 1 1 0 0 0 0 0 0 0
Maze 37
135 121 3.5000000000 2.1943076582 246 0.380821414598049
95 10 97 20 46 87 3 95 14 95 49 13 91 72 31 95
5 7 17 16 86 83 93 94 94 45 43 11 71 71 91
402 402 402 402 401 401 401 401 401 402 401 402 402 401 401
0 0 1 0 1 1 1 1 1 1
1 1 1 1 1 1 1 1 1 1
1 0 1 1 1 1 1 0 0 0
1 0 1 1 1 1 1 0 0 0
1 0 1 1 1 1 1 1 1 0
1 0 1 1 1 1 1 0 0 0
1 0 1 1 1 1 1 0 0 0
1 1 1 1 1 1 1 0 0 0
1 0 1 1 1 1 1 0 0 0
1 1 1 1 2 0 1 0 0 0
Maze 38
87 143 3.2941176471 2.2548987742 44 0.369183026956169
76 18 77 38 33 48 11 3 28 22 11 72 60 58 50 76
16 17 37 400 43 41 1 23 400 21 71 52 400 48 46
402 402 402 400 401 401 402 401 400 401 401 402 400 402 402
1 1 1 0 0 0 0 0 0 0
1 0 1 0 0 1 1 1 0 0
1 1 1 1 1 1 1 1 0 0
1 0 1 1 1 1 1 1 0 0
1 1 1 1 1 1 1 1 1 1
1 1 1 1 1 1 1 1 1 1
1 1 0 0 0 1 1 0 0 0
1 1 0 0 0 2 1 0 0 0
0 0 0 0 0 0 0 0 0 0
0 0 0 0 0 0 0 0 0 0
Maze 39
79 97 3.0000000000 1.9644952488 30 0.372681410208572
68 24 56 60 18 74 65 98 59 74 21 46 65 53 56 68
64 54 400 58 14 64 95 58 54 71 41 45 63 400 66
401 401 400 401 402 402 401 402 402 401 401 402 401 400 401
0 0 0 0 0 0 0 0 0 0
0 0 0 1 1 1 1 1 0 0
1 0 0 1 0 0 0 1 0 0
1 0 0 1 0 0 0 1 0 0
1 1 1 1 1 1 0 1 0 0
1 0 1 1 1 1 1 1 1 1
1 0 1 1 1 1 1 2 0 0
1 1 1 1 1 0 0 1 0 0
0 0 0 0 1 0 0 1 0 0
0 0 0 0 1 1 1 1 0 0
Maze 40
107 95 3.3333333333 2.1879236119 105 0.369609595930741
95 36 24 78 9 75 33 44 64 39 66 46 2 97 4 95
35 34 74 8 5 73 43 400 34 36 400 42 92 94 94
402 401 401 402 402 401 401 400 402 402 400 401 401 401 401
0 1 0 1 1 1 1 1 1 0
0 1 0 1 1 0 0 1 0 0
0 1 0 1 1 0 0 1 0 0
0 1 1 1 1 1 1 1 1 0
0 1 1 1 1 1 0 1 0 0
0 1 1 1 1 1 0 1 0 0
0 1 1 1 1 1 0 1 0 0
0 1 1 1 1 1 1 1 0 0
0 1 0 1 1 0 0 0 0 0
0 1 1 1 2 1 1 0 0 0
Maze 41
113 20027 3.2307692308 2.2593785843 92 0.373418947007286
2 48 46 97 20 31 63 12 87 31 93 15 58 50 40 2
42 400 96 17 11 61 62 82 81 91 13 55 48 400 32
401 400 401 402 402 401 401 401 401 401 402 401 402 400 401
0 2 0 0 0 0 0 0 0 0
1 1 1 1 1 1 1 1 1 1
1 1 1 0 1 0 1 0 0 0
1 1 1 1 1 1 1 1 1 1
1 1 1 1 1 1 1 1 1 1
1 1 1 0 1 1 1 1 0 0
1 1 1 0 0 1 1 0 0 0
1 1 1 0 0 1 1 0 0 0
1 1 1 1 1 1 1 0 0 0
1 1 1 0 0 1 1 0 0 0
Maze 42
87 123 3.2888888889 2.0110985298 56 0.386878232958054
16 70 80 58 32 82 52 17 85 38 68 37 13 25 95 16
66 400 78 52 400 400 12 15 35 400 67 33 23 400 15
401 400 401 401 400 400 402 402 402 400 401 401 401 400 402
0 0 0 0 0 0 0 0 0 0
0 1 1 1 1 2 1 0 0 0
0 1 1 1 1 1 0 0 0 0
0 1 1 1 1 1 1 1 0 0
0 1 0 0 1 1 1 1 0 0
0 1 1 1 1 1 1 1 0 0
0 1 0 0 1 1 1 1 1 1
0 1 0 0 1 0 0 1 1 1
0 1 0 0 1 0 0 0 0 0
0 0 0 0 1 0 0 0 0 0
Maze 43
83 48 2.9166666667 2.0259758536 30 0.380234018863564
73 38 34 33 65 93 88 90 17 42 45 39 88 7 66 73
33 400 400 63 63 83 400 87 12 400 35 38 87 6 63
402 400 400 401 402 402 400 401 402 400 402 402 401 402 402
0 0 0 0 0 1 1 0 0 0
0 1 1 1 1 1 1 0 0 0
0 1 0 0 0 1 1 0 0 0
0 1 1 1 1 1 1 1 1 0
0 1 1 1 1 1 1 1 0 0
0 0 1 0 0 1 1 1 0 0
0 0 1 1 1 1 1 1 0 0
0 0 2 0 0 0 1 1 0 0
0 0 1 1 1 1 1 1 1 1
0 0 1 0 0 0 0 0 0 0
Maze 44
85 185 3.3877551020 2.2159110899 50 0.380405533349422
46 20 4 46 24 32 37 12 66 72 31 23 87 95 82 46
16 14 44 44 22 400 32 62 62 71 21 83 85 92 42
402 401 401 401 402 400 401 401 402 401 402 401 402 401 402
0 0 0 1 0 0 0 0 0 0
0 1 0 1 1 1 1 1 1 1
1 1 1 1 0 1 0 0 0 0
1 1 1 1 1 1 1 0 0 0
1 1 1 1 1 2 0 0 0 0
1 1 1 0 0 0 0 0 0 0
1 1 1 1 1 1 0 0 0 0
1 1 1 0 0 0 0 0 0 0
0 1 1 1 1 1 1 0 0 0
0 1 1 1 1 0 0 0 0 0
Maze 45
105 2540 2.7462686567 2.3288585224 104 0.394498638724670
60 65 11 20 98 72 37 9 86 88 47 63 58 31 36 60
55 61 400 18 92 32 7 6 400 87 43 53 51 400 56
402 401 400 402 401 402 402 402 400 401 402 402 401 400 401
0 0 0 0 0 1 1 1 1 0
1 1 1 1 1 1 1 1 1 1
1 0 0 0 0 1 1 1 0 0
1 1 1 1 1 1 1 1 0 0
1 1 1 1 1 1 1 1 0 0
1 1 1 1 1 1 1 1 1 2
1 1 1 1 1 1 1 1 0 0
0 1 0 0 0 1 1 1 0 0
0 1 0 0 0 1 1 1 0 0
0 1 1 1 1 1 1 1 0 0
Maze 46
93 14 3.0638297872 1.8915111435 50 0.370646713966743
98 83 99 96 32 100 24 16 76 11 32 88 87 78 97 98
93 93 400 92 92 94 14 400 71 31 82 400 77 77 400
401 401 400 401 401 401 402 400 401 401 401 400 402 402 400
0 0 0 0 0 0 0 0 0 0
1 0 0 1 1 1 0 0 0 0
1 0 0 1 0 1 0 0 0 0
1 1 0 1 0 1 0 0 0 0
1 1 0 1 0 1 0 0 0 0
1 1 0 1 0 1 0 0 0 0
1 1 0 1 0 1 0 0 0 0
1 1 1 1 1 1 1 1 0 0
0 1 1 1 1 1 1 1 0 0
0 1 1 1 1 1 1 2 1 1
Maze 47
113 232 3.1525423729 2.1453403406 84 0.387151743816328
92 11 98 54 11 55 34 16 58 29 41 68 33 19 28 92
91 91 94 51 51 54 14 56 28 21 61 63 13 18 22
401 401 401 401 401 401 402 401 402 402 401 401 402 402 402
0 0 0 0 0 0 0 0 0 0
1 0 1 1 1 1 1 1 1 0
1 1 1 1 1 1 1 1 1 0
1 1 1 1 0 1 0 1 0 0
1 1 1 1 0 1 0 1 0 0
1 1 1 1 1 1 1 1 0 0
1 1 1 1 1 1 1 1 0 0
1 1 0 1 0 0 0 0 0 0
1 1 0 1 0 0 0 0 0 0
1 2 1 1 1 1 1 1 0 0
Maze 48
99 47 3.1923076923 2.0416971002 71 0.381826000554229
16 24 77 6 25 5 19 4 59 23 94 89 61 26 59 16
14 74 76 5 400 15 14 54 53 93 84 81 21 56 56
402 401 401 402 400 401 401 401 401 401 402 401 402 401 401
0 0 0 1 1 1 0 0 0 0
0 0 0 1 1 2 1 1 1 0
1 1 1 1 1 1 0 0 0 0
1 0 1 1 0 1 0 0 0 0
1 0 1 1 0 1 0 0 0 0
1 0 1 1 1 1 1 1 1 0
1 0 1 1 0 1 0 0 0 0
1 0 1 1 1 1 1 0 0 0
1 1 1 1 1 1 1 1 1 0
0 0 1 1 0 0 0 0 0 0
Maze 49
91 331 2.9019607843 1.9262302544 44 0.357815453755372
74 84 50 86 70 29 52 77 67 29 12 65 27 21 81 74
400 44 46 66 69 22 72 400 27 22 62 25 400 400 71
400 402 402 402 401 402 401 400 402 401 401 402 400 400 402
0 0 0 0 0 0 0 0 0 0
0 1 0 0 0 0 0 0 0 0
1 1 1 1 1 1 1 1 1 0
1 1 0 0 1 0 1 0 1 0
1 1 0 1 1 1 1 1 1 1
1 1 0 1 1 1 1 0 1 0
1 1 1 1 1 1 1 1 1 1
1 1 1 2 1 1 1 0 0 0
1 0 0 1 0 1 0 0 0 0
0 0 0 0 0 0 0 0 0 0
Maze 50
99 157 3.3846153846 2.2195666242 59 0.399337433049181
67 81 35 71 58 69 56 47 86 66 100 81 16 84 25 67
61 31 31 51 68 66 46 46 400 96 91 11 14 24 65
402 402 402 402 401 401 402 402 400 401 401 402 402 402 401
0 0 0 0 0 0 0 0 0 0
1 1 1 1 1 1 0 0 0 0
1 0 0 1 1 0 0 0 0 0
1 1 1 1 1 0 0 0 0 0
1 0 0 1 1 1 1 0 0 0
1 1 1 1 1 1 1 1 0 0
1 1 1 1 1 1 2 1 1 0
1 0 0 1 0 1 0 0 0 0
1 0 0 1 0 1 0 0 0 0
1 1 1 1 1 1 1 1 1 1
Maze 51
89 581 3.6444444444 2.1090700010 36 0.392352126606505
97 70 71 57 78 72 89 83 71 88 29 98 97 84 53 97
67 61 51 77 400 82 400 81 81 28 28 400 94 83 93
402 402 402 401 400 401 400 401 401 402 402 400 401 401 401
0 0 0 0 0 0 0 0 0 0
0 0 0 0 0 0 0 0 0 0
0 0 0 0 0 0 0 1 1 0
0 0 0 0 0 0 0 1 0 0
0 0 0 0 0 0 0 1 0 0
1 1 1 1 1 1 1 1 0 0
1 1 1 1 1 1 1 1 1 1
1 1 1 1 1 1 1 1 0 0
1 1 1 1 1 1 1 1 1 0
0 0 1 1 1 1 2 1 0 0
Maze 52
99 186 2.9687500000 2.3559769279 54 0.392166730183855
78 40 71 40 100 62 48 50 45 4 7 88 92 75 95 78
38 31 31 400 92 42 400 400 44 400 87 82 72 400 75
402 402 402 400 401 402 400 400 401 400 401 402 402 400 402
0 0 0 1 1 1 1 0 0 0
0 0 0 1 0 0 1 0 0 0
0 0 0 1 0 0 1 0 0 0
1 1 1 1 1 1 1 1 1 1
1 1 1 1 1 1 1 1 1 1
1 1 0 0 0 0 1 1 0 1
1 1 0 0 0 0 1 1 0 1
1 1 1 1 1 1 1 2 0 1
0 1 1 1 1 1 1 1 0 1
0 1 1 1 1 1 1 1 1 1
Maze 53
89 764 3.3181818182 1.9145044378 56 0.390836152422943
49 65 60 13 28 48 25 95 19 77 26 25 56 62 37 49
45 55 53 23 400 45 400 15 17 76 400 55 52 32 47
402 402 401 401 400 401 400 402 402 401 400 401 402 402 401
0 0 0 0 0 0 0 0 0 0
0 0 1 0 1 1 1 1 1 0
0 0 1 1 1 1 1 1 0 0
0 1 1 1 1 1 1 1 0 0
0 1 1 0 1 1 1 1 2 0
0 1 1 1 1 1 1 1 1 1
0 1 0 0 1 1 1 0 0 0
0 0 0 0 1 1 1 0 0 0
0 0 0 0 1 0 0 0 0 0
0 0 0 0 1 0 0 0 0 0
Maze 54
99 176 2.8000000000 2.0932335658 54 0.390658111991394
26 81 48 37 68 79 12 53 72 37 69 20 94 92 14 26
21 41 47 67 78 72 52 52 32 67 19 14 400 12 24
402 402 401 401 401 401 401 402 402 401 402 402 400 402 401
0 0 0 0 0 0 0 0 0 0
0 1 1 1 1 1 1 1 1 1
1 1 1 1 1 2 0 0 1 0
1 1 1 1 1 1 1 0 1 0
1 1 1 1 1 1 1 1 1 0
1 1 1 1 0 0 1 0 1 0
1 1 0 1 0 0 1 1 1 0
1 1 1 1 1 1 1 1 1 0
1 1 0 1 0 0 0 0 0 0
0 1 1 1 0 0 0 0 0 0
Maze 55
79 108 3.2820512821 1.8778865165 26 0.368792176833954
35 25 57 38 5 30 37 46 34 2 7 46 15 82 30 35
400 55 37 35 25 27 36 44 32 400 6 45 12 22 25
400 401 402 401 401 402 402 401 401 400 402 401 402 402 402
0 1 1 1 1 1 1 0 0 0
0 1 1 1 1 1 0 0 0 0
0 1 1 1 1 1 1 1 1 1
0 1 1 1 2 1 1 1 0 0
0 1 0 1 1 1 1 0 0 0
0 1 0 0 1 1 1 0 0 0
0 1 0 0 0 0 0 0 0 0
0 1 0 0 0 0 0 0 0 0
0 1 0 0 0 0 0 0 0 0
0 0 0 0 0 0 0 0 0 0
Maze 56
83 276 3.1063829787 2.1209434717 30 0.386759196784303
96 82 76 69 7 97 25 6 19 68 65 40 45 28 38 96
92 72 66 67 400 95 5 16 18 400 35 35 25 400 36
401 402 402 401 400 401 402 401 402 400 402 402 402 400 402
0 0 0 0 1 1 1 0 0 0
0 0 0 0 1 1 1 1 1 0
0 0 0 0 1 1 1 1 0 0
0 0 0 0 1 1 1 1 1 1
0 0 0 0 1 1 1 1 0 0
0 0 0 0 1 1 1 1 0 0
0 0 0 0 1 1 1 1 1 0
0 1 1 1 1 1 1 0 0 0
0 1 0 0 1 1 1 0 0 0
0 1 1 1 1 2 1 0 0 0
Maze 57
89 37 3.0740740741 2.2548680486 44 0.387897800182320
73 100 72 91 48 68 55 6 28 60 35 68 75 80 47 73
93 92 71 41 400 65 5 26 58 55 65 65 400 77 43
401 401 402 402 400 401 402 401 401 401 401 402 400 401 402
0 0 0 0 1 1 0 0 0 0
0 0 0 0 1 1 0 0 0 0
0 0 0 0 1 1 1 1 0 0
0 0 0 0 1 0 0 1 0 0
1 1 1 1 1 1 1 1 0 0
1 0 1 0 1 1 1 1 1 1
1 0 1 0 1 1 1 1 0 0
1 1 2 0 1 1 1 1 1 1
1 1 1 0 0 0 0 0 0 0
1 1 1 1 1 1 1 1 1 1
Maze 58
67 54 3.0588235294 1.7198676427 20 0.375565392627968
30 74 56 35 27 7 36 32 32 41 21 29 56 94 57 30
24 54 55 25 400 6 400 400 31 400 400 26 54 54 27
402 402 401 402 400 402 400 400 402 400 400 402 402 402 402
0 0 0 0 0 1 1 0 0 0
0 0 0 0 0 1 1 0 0 0
1 1 1 1 1 1 1 1 1 2
1 1 1 1 1 1 1 0 0 0
1 0 0 1 1 1 1 0 0 0
0 0 0 1 1 1 1 0 0 0
0 0 0 1 0 0 0 0 0 0
0 0 0 1 0 0 0 0 0 0
0 0 0 1 0 0 0 0 0 0
0 0 0 1 0 0 0 0 0 0
Maze 59
109 451 3.0476190476 2.1512060275 91 0.387433120833468
100 52 60 19 87 54 49 90 44 21 50 43 39 36 6 100
92 400 59 17 84 44 89 84 41 41 400 33 400 400 96
401 400 401 402 401 402 401 401 401 401 400 402 400 400 401
0 0 0 0 0 1 0 0 0 0
0 0 0 0 0 1 1 1 1 0
1 0 0 0 0 1 1 0 1 0
1 0 1 1 1 1 1 1 1 0
1 1 1 1 1 1 1 1 1 1
0 1 1 1 1 1 1 1 1 1
0 1 0 1 0 1 1 0 1 0
0 1 0 1 0 1 1 0 1 0
0 1 0 1 1 1 1 1 1 1
0 1 1 1 1 1 1 1 1 2
Maze 60
107 70 3.1875000000 2.2875506901 81 0.394305138316044
63 52 52 44 44 20 95 43 43 4 99 1 94 9 68 63
62 400 42 400 14 15 93 400 3 94 91 91 4 8 400
401 400 402 400 402 402 401 400 402 401 401 401 402 402 400
1 0 1 1 1 1 1 1 1 0
1 0 1 1 1 1 1 1 1 1
1 0 1 1 1 0 0 1 0 0
1 0 1 1 1 0 0 1 0 0
1 1 1 1 1 0 0 1 0 0
1 1 1 1 1 0 0 1 0 0
1 1 2 1 1 1 1 1 0 0
1 0 1 1 1 0 0 0 0 0
1 0 1 1 1 0 0 0 0 0
1 1 1 1 1 1 1 1 1 0
Maze 61
95 640 2.9687500000 2.4026953188 84 0.391963984583236
97 51 22 15 57 56 39 17 83 89 34 48 70 95 28 97
91 21 12 55 400 36 37 13 400 84 44 68 65 25 27
401 402 402 401 400 402 401 402 400 401 401 401 402 402 402
0 0 0 0 0 0 0 0 0 0
0 1 1 1 1 1 1 0 0 0
1 1 1 0 1 1 1 1 0 0
1 0 1 1 1 1 1 1 1 0
1 0 1 1 1 1 1 1 0 0
1 0 1 1 1 1 1 1 0 0
1 0 1 1 1 1 1 1 1 1
1 0 1 1 1 0 1 0 0 0
1 0 1 1 1 1 1 1 1 0
1 1 1 1 1 1 2 0 0 0
Maze 62
113 209 3.1785714286 2.0128678854 99 0.388327204463369
86 70 32 67 57 82 1 89 64 1 2 97 17 65 72 86
66 62 62 400 52 81 81 84 61 400 92 400 15 62 82
402 401 401 400 402 401 401 401 401 400 401 400 402 402 401
1 1 0 0 0 0 0 0 0 0
1 1 0 0 1 1 1 0 0 0
1 1 0 0 1 0 1 0 0 0
1 1 0 0 1 0 1 0 0 0
1 1 0 0 1 0 1 0 0 0
1 1 1 1 1 1 1 0 0 0
1 1 1 1 1 1 1 1 1 1
1 1 0 1 0 1 1 0 0 0
1 1 1 1 1 2 1 1 1 0
0 1 1 1 1 1 1 0 0 0
Maze 63
85 12 2.7924528302 2.1954918145 39 0.381224363944015
12 30 100 47 16 92 78 37 68 29 42 1 42 31 21 12
22 400 97 46 12 72 77 67 28 22 41 41 41 400 11
401 400 401 401 402 402 401 401 402 402 401 401 401 400 402
1 0 0 0 0 0 0 0 0 0
1 2 1 1 1 1 0 0 0 0
1 1 1 1 1 1 1 1 1 1
1 1 0 0 0 1 1 1 0 1
1 1 0 0 0 1 1 1 0 1
0 1 0 0 0 0 1 1 0 1
0 1 0 0 0 0 1 1 0 1
0 1 1 1 1 1 1 1 0 1
0 1 0 0 0 0 1 0 0 1
0 1 0 0 0 0 1 1 1 1
Maze 64
91 78 3.3469387755 2.0858885378 56 0.402138259374764
13 30 82 78 39 58 98 68 17 69 94 56 30 48 32 13
23 22 72 38 38 400 400 67 67 64 54 26 28 42 12
401 402 402 402 402 400 400 401 401 402 402 402 402 401 402
0 0 0 0 0 0 0 0 0 0
0 1 2 0 0 0 1 0 0 0
0 1 1 1 1 1 1 1 1 1
0 1 0 0 0 1 1 1 1 0
0 1 1 1 1 1 1 1 0 0
0 1 0 1 1 1 1 1 0 0
0 1 0 1 1 1 1 1 1 0
0 1 1 1 1 1 1 1 0 0
0 1 0 1 0 0 0 1 0 0
0 0 0 1 0 0 0 1 0 0
Maze 65
99 215 2.9830508475 2.2554445732 41 0.408981603688627
41 6 8 29 63 61 73 23 81 20 49 100 97 22 18 41
1 400 28 23 400 71 400 21 11 19 99 400 92 12 11
402 400 401 402 400 401 400 402 402 402 401 400 401 402 402
1 1 1 1 1 1 1 1 0 0
1 1 1 1 1 1 1 1 1 1
1 1 1 1 1 1 1 1 1 0
1 1 1 0 0 0 0 0 1 0
2 1 1 0 0 0 0 0 1 0
1 1 1 0 0 0 0 0 1 0
1 1 1 0 0 0 0 0 1 0
1 1 1 0 0 0 0 0 1 0
1 1 0 0 0 0 0 0 1 0
0 1 1 1 1 1 1 1 1 1
Maze 66
113 157 3.5686274510 1.9690883076 94 0.389319590096311
54 7 74 59 92 48 82 75 9 19 38 82 14 77 94 54
4 4 54 52 42 42 72 5 400 18 32 12 74 74 400
402 402 402 402 402 402 402 402 400 402 402 402 401 402 400
0 0 0 1 1 1 1 1 1 0
0 1 1 1 1 0 0 1 1 0
0 1 0 1 1 0 0 1 0 0
0 1 1 1 1 1 1 1 0 0
0 1 1 1 1 1 1 1 0 0
0 1 1 2 1 1 1 1 1 0
0 1 0 1 1 0 0 0 0 0
0 1 1 1 1 1 1 0 0 0
0 1 0 1 0 0 0 0 0 0
0 1 0 1 0 0 0 0 0 0
Maze 67
105 2278 3.6734693878 2.1095039544 85 0.387009327853705
46 68 47 51 66 33 28 91 15 22 15 89 36 61 12 46
66 67 41 61 63 23 21 11 12 12 85 86 31 11 42
401 401 402 401 401 402 402 402 402 402 401 401 402 402 401
0 0 0 0 0 0 0 0 0 0
1 1 1 1 1 0 0 0 0 0
1 1 1 1 1 1 1 1 0 0
1 1 1 1 1 1 0 0 0 0
1 1 1 1 1 2 1 0 0 0
1 0 1 0 1 1 1 0 0 0
1 1 1 1 1 1 1 1 0 0
1 0 0 0 1 1 0 0 0 0
1 0 0 0 1 1 1 1 1 0
1 0 0 0 0 0 0 0 0 0
Maze 68
87 74 3.3333333333 2.1525993444 36 0.403355407975067
14 47 45 87 85 1 34 64 19 76 64 76 18 58 70 14
44 400 85 400 81 31 400 14 16 74 74 16 400 68 64
401 400 401 400 401 401 400 402 402 401 401 402 400 401 401
1 0 0 0 0 0 0 0 0 0
1 0 0 2 1 1 1 1 1 0
1 0 0 1 0 1 0 1 0 0
1 1 1 1 0 1 0 1 0 0
1 0 0 1 1 1 1 1 0 0
1 0 0 1 1 1 0 1 0 0
1 0 0 1 1 1 1 1 1 1
1 0 0 1 1 1 0 0 0 0
1 1 1 1 1 1 1 0 0 0
0 0 0 0 0 0 0 0 0 0
Maze 69
101 98 3.2592592593 2.1746181624 60 0.391243872205630
44 40 11 42 98 87 67 74 35 87 43 95 36 91 2 44
34 31 41 92 97 400 64 34 85 83 93 35 31 1 42
402 401 401 401 401 400 402 402 401 401 401 402 402 402 401
1 1 0 0 0 0 0 0 0 0
1 1 0 0 0 0 0 0 0 0
1 1 0 0 0 0 0 0 0 0
1 1 1 1 1 1 1 1 1 1
1 1 1 2 1 0 0 0 0 0
1 1 1 1 1 0 0 0 0 0
1 1 1 1 1 1 1 0 0 0
1 1 1 1 1 0 1 0 0 0
1 1 1 1 1 1 1 0 0 0
1 1 1 1 1 1 1 1 0 0
Maze 70
111 150 3.6923076923 2.1340820619 69 0.378275938594107
11 78 86 91 40 15 23 83 37 20 44 71 89 64 37 11
71 76 81 31 35 13 400 33 17 14 41 81 84 34 31
401 402 402 402 401 402 400 402 402 402 402 401 401 402 401
0 0 0 0 0 0 0 0 0 0
2 0 1 1 1 1 1 1 1 1
1 0 1 1 1 0 1 0 0 0
1 1 1 1 1 1 1 1 1 1
1 1 1 1 0 0 0 0 0 0
1 0 1 1 0 0 0 0 0 0
1 0 1 1 0 0 0 0 0 0
1 1 1 1 1 1 1 1 0 0
1 1 1 1 1 1 1 1 1 0
1 0 0 0 0 0 0 0 0 0
Maze 71
81 157 3.5813953488 2.0986318815 25 0.361719803365768
27 78 63 87 30 26 6 37 84 55 33 96 55 80 48 27
77 73 83 27 400 400 36 34 54 53 93 95 75 78 47
401 401 401 402 400 400 401 402 402 401 401 401 401 401 401
0 0 0 0 0 1 0 0 0 0
0 0 0 0 0 1 0 0 0 0
0 0 0 0 0 1 2 1 1 1
0 0 1 1 1 1 1 0 0 0
0 0 1 1 0 0 1 1 0 0
0 0 1 1 1 0 1 1 0 0
0 0 1 1 1 0 1 1 0 0
0 0 1 1 1 1 1 1 1 1
0 0 1 1 1 1 1 0 0 0
0 0 1 1 1 1 0 0 0 0
Maze 72
101 37 3.1923076923 1.9429147865 64 0.368737900535957
64 12 89 5 77 79 29 28 12 37 12 84 80 38 77 64
62 82 85 75 400 400 400 22 32 32 82 74 78 37 74
401 401 401 401 400 400 400 401 401 401 401 402 401 402 401
0 0 0 0 1 0 0 0 0 0
0 1 0 0 1 0 0 0 0 0
0 1 1 1 1 1 1 1 1 0
0 1 1 1 1 1 1 1 1 0
0 1 0 0 1 0 1 1 1 0
0 1 0 0 1 0 1 1 1 0
0 1 1 2 1 0 1 1 1 0
0 1 0 1 1 1 1 1 1 1
0 1 1 1 1 1 1 1 1 0
0 0 0 0 0 0 0 0 0 0
Maze 73
95 52 3.2222222222 2.1215880807 66 0.399002150491459
71 17 36 32 57 90 64 14 87 87 49 94 98 48 12 71
11 16 400 52 87 84 400 84 400 47 44 400 400 42 11
402 402 400 401 401 401 400 401 400 402 402 400 400 401 402
0 0 0 0 0 0 0 0 0 0
1 1 1 1 1 1 1 0 0 0
1 1 0 1 0 1 0 0 0 0
1 1 1 1 1 1 0 0 0 0
1 1 1 1 1 1 1 1 1 0
1 1 1 1 1 1 1 1 0 0
1 0 0 1 0 0 1 1 0 0
2 0 0 1 0 0 1 1 0 0
0 0 0 1 1 1 1 1 1 1
0 0 0 1 1 1 1 1 0 0
Maze 74
109 399 3.1290322581 2.1324940743 79 0.382571575947074
7 42 89 27 9 49 92 27 79 89 79 1 23 93 2 7
2 82 87 7 400 42 22 77 400 400 71 21 400 92 400
402 401 401 402 400 402 402 401 400 400 401 401 400 401 400
1 1 1 1 1 1 2 1 1 0
1 1 0 0 0 0 1 0 1 0
1 1 1 1 1 1 1 0 1 0
1 1 1 0 0 0 1 0 1 0
1 1 1 1 1 1 1 1 1 0
1 1 1 0 0 0 1 0 0 0
1 1 1 0 0 0 1 0 0 0
1 1 1 1 1 1 1 1 1 0
0 1 1 1 1 1 1 1 1 0
0 1 1 0 0 0 0 0 0 0
Maze 75
97 72 3.8636363636 2.0263695460 58 0.386279850617504
33 41 27 21 65 83 18 43 12 21 48 44 78 43 68 33
31 21 400 61 63 13 13 42 11 41 400 74 73 63 63
402 402 400 401 402 402 402 401 402 401 400 401 401 401 401
0 0 0 0 0 0 0 0 0 0
1 1 1 1 1 1 1 1 0 0
1 1 1 1 1 1 1 0 0 0
1 1 2 0 0 0 0 0 0 0
1 1 1 1 1 1 1 1 0 0
1 0 1 1 0 0 0 0 0 0
1 1 1 1 1 1 1 1 0 0
0 0 1 1 1 1 1 1 0 0
0 0 1 0 0 0 0 0 0 0
0 0 0 0 0 0 0 0 0 0
Maze 76
95 419 3.2727272727 2.2665805430 64 0.373324011050206
31 86 43 95 80 25 36 41 75 68 17 29 92 81 54 31
81 83 93 75 75 35 31 71 65 67 27 22 91 51 51
401 401 401 402 401 401 402 401 402 401 401 402 401 402 401
0 0 0 0 0 0 0 0 0 0
0 0 0 0 0 0 1 0 0 0
0 1 1 1 1 1 1 1 1 0
2 1 1 1 1 1 1 0 0 0
1 1 1 0 1 0 1 0 0 0
1 1 1 1 1 0 1 0 0 0
1 1 1 0 1 1 1 1 0 0
1 1 1 1 1 1 1 1 1 1
1 1 1 1 1 1 0 0 0 0
1 1 1 1 1 0 0 0 0 0
Maze 77
93 40 3.9534883721 2.1359106386 45 0.406646001796612
54 19 35 36 94 44 52 49 83 97 83 57 14 30 75 54
14 15 400 34 400 42 42 43 93 93 53 54 24 25 74
402 402 400 402 400 402 402 402 401 401 402 401 401 402 401
0 0 0 0 0 0 0 0 0 0
0 0 0 1 1 1 1 1 1 0
0 0 0 1 1 1 1 1 1 1
0 0 0 1 1 1 0 0 0 0
0 1 1 1 1 1 1 1 1 0
0 1 1 2 1 1 1 0 0 0
0 0 1 1 1 0 0 0 0 0
0 0 1 1 1 0 0 0 0 0
0 0 1 1 0 0 0 0 0 0
0 0 1 1 1 1 1 0 0 0
Maze 78
95 43 3.3200000000 2.0939892289 51 0.388772548430883
11 63 15 12 39 41 100 87 75 86 38 16 63 87 86 11
61 13 400 32 31 91 97 85 85 36 36 13 83 400 81
401 402 400 401 402 401 401 401 401 402 401 402 401 400 401
0 0 0 0 0 0 0 0 0 0
2 1 1 1 1 1 0 0 0 0
1 1 1 0 0 1 0 0 0 0
1 1 1 1 1 1 1 1 1 0
1 0 1 0 0 1 0 0 0 0
1 0 1 0 0 1 0 0 0 0
1 1 1 0 0 1 0 0 0 0
1 0 1 0 1 1 0 0 0 0
1 1 1 1 1 1 1 0 0 0
1 1 1 1 1 1 1 1 1 1
Maze 79
109 89 3.3333333333 2.0496673999 92 0.391427053050249
40 75 14 14 90 3 21 82 70 25 84 41 44 6 55 40
35 74 400 84 83 1 81 62 65 24 81 400 4 5 35
402 401 400 401 401 402 401 402 401 402 401 400 402 402 402
1 1 1 1 1 1 0 0 0 0
1 0 1 1 1 0 0 0 0 0
1 0 1 1 1 0 0 0 0 0
1 0 1 1 1 1 1 1 1 2
1 1 1 1 1 0 0 0 0 0
1 0 1 1 1 0 0 0 0 0
1 1 1 1 1 1 1 1 1 1
1 1 1 1 1 0 0 0 0 0
1 1 1 1 1 1 1 1 1 1
0 0 0 0 0 0 0 0 0 0
Maze 80
91 25 3.1153846154 2.1567518755 41 0.409023543010644
52 62 13 62 91 18 74 73 70 77 60 45 76 80 19 52
400 12 12 61 11 14 400 63 67 57 55 75 400 79 12
400 402 402 402 402 402 400 402 402 402 401 401 400 401 402
0 0 0 0 0 0 0 0 0 0
1 1 1 1 1 1 1 1 1 0
1 1 0 1 0 0 0 0 1 0
1 1 0 1 0 0 0 0 1 0
1 1 0 1 1 0 0 0 1 0
1 2 0 1 1 1 1 1 1 1
1 1 1 1 1 1 1 1 1 1
1 0 1 1 1 1 1 1 1 1
1 0 0 0 0 0 0 0 0 0
1 0 0 0 0 0 0 0 0 0
Maze 81
83 71 3.1600000000 2.2712700312 22 0.396789529677217
34 9 70 21 96 71 43 62 35 25 56 93 43 34 25 34
4 69 61 91 91 41 42 32 400 55 53 400 33 24 24
402 401 401 401 401 402 402 402 400 401 402 400 402 402 402
0 0 0 1 1 1 1 1 1 0
0 0 0 1 0 0 0 0 1 0
1 0 0 1 1 0 0 0 1 0
1 1 1 2 1 0 0 0 1 0
1 1 1 0 1 0 0 0 1 0
1 1 1 1 1 1 0 0 1 0
1 1 1 1 1 1 1 1 1 1
1 0 1 0 0 0 0 0 0 0
1 0 1 0 0 0 0 0 0 0
1 1 1 1 1 1 0 0 0 0
Maze 82
105 688 3.3454545455 2.1188546574 98 0.380162452544383
48 51 98 37 38 53 48 18 67 24 95 60 72 46 12 48
41 91 97 400 33 43 400 17 64 94 55 52 42 42 42
402 401 401 400 402 402 400 402 401 401 402 402 402 401 401
0 0 0 0 0 0 0 0 0 0
0 1 0 0 0 0 1 1 0 0
0 1 0 1 0 0 1 1 0 0
0 1 1 1 1 1 1 1 0 0
1 1 1 1 1 1 1 2 0 0
1 1 1 1 1 1 1 1 1 1
1 1 0 1 1 1 1 0 0 0
1 1 0 1 1 0 1 0 0 0
1 0 0 1 1 0 1 0 0 0
1 1 1 1 1 1 1 1 0 0
Maze 83
101 111 3.2142857143 2.1433758999 65 0.391119307906383
44 17 85 95 22 73 15 94 45 50 70 28 21 19 83 44
14 15 400 92 72 13 14 44 400 400 68 400 11 13 43
402 402 400 401 401 402 402 402 400 400 401 400 402 402 402
0 0 0 0 0 0 0 0 0 0
1 1 1 1 1 1 1 1 1 0
1 1 1 1 1 1 1 1 0 0
0 1 1 1 1 0 0 1 0 0
0 1 1 2 1 1 1 1 1 1
0 1 1 1 1 0 0 1 0 1
0 1 1 1 1 0 0 1 1 1
0 1 1 1 1 0 0 0 0 0
0 1 1 1 1 0 0 0 0 0
0 1 1 1 1 0 0 0 0 0
Maze 84
85 122 3.1600000000 2.2028219586 56 0.372410793647500
12 32 3 52 63 57 77 14 75 49 45 1 87 77 93 12
400 2 2 62 53 400 74 74 45 400 41 81 400 73 92
400 402 402 401 402 400 401 401 402 400 401 401 400 402 401
1 1 1 0 0 0 0 0 0 0
1 2 0 1 0 0 0 0 0 0
1 1 0 1 0 0 0 0 0 0
1 1 0 1 0 0 0 0 0 0
1 1 1 1 1 1 1 1 1 0
1 1 1 1 1 1 1 0 0 0
1 1 1 1 1 0 1 0 0 0
1 1 1 1 1 1 1 0 0 0
1 1 1 1 1 1 1 0 0 0
0 1 1 0 0 0 0 0 0 0
Maze 85
109 199 3.3333333333 2.1174324509 98 0.383744874136831
83 96 13 84 82 18 13 79 75 76 10 27 71 17 85 83
93 93 83 400 12 400 73 400 400 6 7 21 11 15 400
401 401 401 400 402 400 401 400 400 402 402 402 402 402 400
0 0 0 0 0 1 1 1 1 1
1 1 1 1 1 1 1 1 0 0
1 1 1 1 1 1 1 0 0 0
1 1 1 0 1 1 0 0 0 0
1 1 1 0 1 1 0 0 0 0
1 1 1 0 1 1 0 0 0 0
1 1 1 0 1 1 0 0 0 0
1 1 1 1 1 1 1 1 1 0
0 1 2 1 1 0 0 0 0 0
0 0 1 1 1 1 0 0 0 0
Maze 86
77 72 3.3023255814 2.1736662560 26 0.406249531725533
34 6 11 66 1 22 74 59 66 87 36 44 66 46 32 34
4 1 61 61 21 72 54 56 86 86 34 64 400 42 400
402 402 401 401 401 401 402 402 401 401 402 401 400 401 400
1 1 1 1 1 1 0 0 0 0
1 0 0 1 0 0 0 0 0 0
1 1 0 1 0 0 0 0 0 0
1 1 1 2 1 1 0 0 0 0
1 1 1 1 1 1 0 0 0 0
1 1 0 1 1 1 1 1 1 0
1 1 1 1 1 1 0 0 0 0
0 1 1 1 0 1 0 0 0 0
0 0 0 0 0 1 1 0 0 0
0 0 0 0 0 0 0 0 0 0
Maze 87
111 65 3.5593220339 2.2424167071 86 0.392391862099395
23 23 39 92 23 7 94 25 32 34 20 53 76 39 100 23
400 33 32 22 3 4 24 22 400 14 13 73 36 99 93
400 401 402 402 402 402 402 402 400 402 402 401 402 401 401
0 0 1 1 1 1 1 0 0 0
0 0 1 1 1 1 1 1 1 1
0 1 2 1 1 0 0 0 0 0
0 1 1 1 1 1 1 1 1 0
0 1 1 1 0 1 0 0 1 0
0 1 1 1 0 1 0 0 1 0
0 1 1 1 0 1 0 0 1 0
0 1 1 1 1 1 0 0 1 0
0 1 1 1 0 0 0 0 1 0
0 1 1 1 1 1 1 1 1 1
Maze 88
121 212 3.2580645161 2.0143138019 126 0.376126971471310
92 46 13 49 75 12 42 34 8 75 8 61 97 100 16 92
42 43 43 45 72 400 32 4 5 5 1 91 400 96 12
402 401 401 402 401 400 402 402 402 402 402 401 400 401 402
1 1 1 1 1 1 1 1 0 0
1 1 1 1 1 1 0 0 0 0
1 1 1 1 1 1 0 0 0 0
1 1 1 1 1 1 0 0 0 0
1 1 1 1 1 1 1 1 1 0
1 1 0 0 1 1 0 0 0 0
1 1 0 0 1 1 0 0 0 0
1 1 1 1 1 1 0 0 0 0
1 1 0 0 0 1 0 0 0 0
1 2 1 1 1 1 1 1 1 1
Maze 89
107 1599 3.0434782609 2.4134271241 86 0.381961990779973
6 63 30 100 6 20 84 38 52 84 69 80 60 42 6 6
3 23 400 96 16 14 34 32 82 64 79 400 52 2 400
402 402 400 401 401 402 402 402 401 402 401 400 401 402 400
0 1 1 1 1 2 0 0 0 0
0 1 1 1 1 1 1 1 1 1
0 1 1 1 1 1 1 1 1 1
0 1 1 1 1 1 1 1 0 1
0 1 1 1 0 1 0 0 0 1
0 1 1 1 1 1 1 1 1 1
0 1 1 1 1 1 1 1 1 1
0 1 0 1 0 1 0 0 1 1
0 1 1 1 0 1 0 0 0 1
0 0 0 0 0 1 1 1 1 1
Maze 90
87 132 3.4042553191 2.1463343897 45 0.382996622366225
45 69 54 43 92 9 66 82 84 72 74 96 44 59 51 45
65 64 53 42 2 6 62 400 82 400 94 94 54 400 41
401 401 401 402 402 402 402 400 401 400 401 401 401 400 402
0 1 1 1 1 1 1 1 1 0
0 1 0 0 0 1 0 0 0 0
0 1 0 0 0 1 0 0 0 0
0 1 0 0 0 1 0 0 0 0
1 1 1 1 2 1 0 0 0 0
1 1 1 1 1 1 1 1 1 0
0 1 1 1 1 1 1 1 1 0
0 1 1 1 0 0 0 0 0 0
0 1 1 1 0 0 0 0 0 0
0 1 0 1 1 1 0 0 0 0
Maze 91
113 64 2.9850746269 2.1892069608 104 0.391727562151805
40 10 21 89 63 39 83 15 85 68 39 88 54 99 37 40
400 1 81 83 33 33 13 400 65 38 38 84 94 97 400
400 402 401 401 402 402 402 400 402 402 402 401 401 401 400
1 1 1 1 1 1 1 1 1 1
1 0 1 1 1 0 0 0 0 1
1 0 1 0 1 0 0 0 0 1
1 0 1 1 1 1 1 1 1 2
1 0 1 0 1 0 1 1 0 0
1 0 1 1 1 0 1 1 0 0
1 0 1 1 1 1 1 1 0 0
1 0 1 1 1 0 1 1 0 0
1 1 1 1 1 1 1 1 1 0
0 0 0 1 1 1 1 1 1 0
Maze 92
75 5 3.2500000000 2.0282524032 30 0.376560808853571
64 77 80 67 63 58 81 61 54 51 81 47 21 37 25 64
74 400 77 400 53 51 400 51 400 400 41 41 31 35 24
401 400 401 400 402 402 400 402 400 400 402 401 401 401 402
0 0 0 0 0 0 0 0 0 0
0 0 0 0 0 0 0 0 0 0
1 0 0 1 1 0 0 0 0 0
1 1 1 1 1 1 1 0 0 0
1 1 1 1 1 1 1 0 0 0
1 1 1 1 1 1 1 1 0 0
1 0 1 2 1 1 1 0 0 0
1 0 0 1 1 1 1 1 1 1
1 0 0 0 0 0 0 0 0 0
0 0 0 0 0 0 0 0 0 0
Maze 93
95 236 3.3584905660 2.2126880212 77 0.378449808388035
73 50 46 9 73 13 26 70 17 34 40 50 38 85 80 73
43 400 6 3 400 23 66 67 14 400 400 48 35 75 400
402 400 402 402 400 401 401 401 402 400 400 401 402 402 400
0 0 1 1 1 1 1 1 1 0
0 0 1 1 1 1 1 0 0 0
0 0 1 1 1 1 1 0 0 0
0 0 1 1 1 1 1 1 1 1
0 0 1 1 1 1 1 1 1 1
0 0 1 0 1 1 1 0 0 0
0 0 1 0 1 1 1 1 1 1
0 0 2 1 1 1 1 1 1 1
0 0 0 0 1 0 0 0 0 0
0 0 0 0 0 0 0 0 0 0
Maze 94
93 447 2.7741935484 2.2232849288 41 0.388030182278860
83 86 36 20 68 42 88 43 76 95 11 26 30 50 72 83
400 400 16 18 62 82 83 73 75 91 21 400 400 42 82
400 400 402 402 401 401 401 401 402 401 401 400 400 402 401
0 0 0 0 0 0 0 0 0 0
1 0 0 0 0 1 1 1 1 1
1 1 1 1 1 1 1 1 1 1
1 0 0 0 0 1 0 1 0 1
1 1 1 1 1 1 1 1 1 1
1 1 1 0 0 1 0 1 0 0
1 1 1 1 1 1 1 1 0 0
1 1 1 1 1 1 0 0 0 0
1 1 2 1 1 1 1 1 0 0
1 1 1 1 1 0 0 0 0 0
Maze 95
97 405 3.0847457627 2.2096145359 77 0.388069181674166
52 51 36 57 28 16 31 93 12 79 13 58 100 53 33 52
400 31 56 27 26 11 91 92 72 73 53 98 93 400 32
400 402 401 402 401 402 401 401 401 401 401 401 401 400 402
0 0 0 0 0 0 0 0 0 0
1 1 1 1 1 1 0 0 0 0
1 1 1 0 0 1 1 1 0 0
1 1 1 1 1 1 1 0 0 0
1 1 1 0 0 1 1 0 0 0
1 2 1 1 1 1 1 1 0 0
1 1 1 0 0 0 0 1 0 0
1 1 1 1 1 1 1 1 1 0
1 1 1 0 0 0 0 1 0 0
1 1 1 1 1 1 1 1 1 1
Maze 96
119 5526 3.4603174603 2.2260152478 135 0.385530981763319
34 93 58 82 45 85 61 6 20 71 36 74 52 18 97 34
33 53 52 42 400 81 1 16 11 31 34 72 12 17 94
402 402 402 402 400 401 402 401 402 402 402 401 402 402 401
1 1 1 1 1 1 0 0 0 0
1 1 1 1 1 1 1 1 1 1
1 1 0 0 0 0 1 0 0 0
1 1 1 2 1 1 1 0 0 0
1 1 1 1 1 0 1 0 0 0
1 1 1 1 1 1 1 1 0 0
1 1 1 1 1 0 1 0 0 0
1 1 1 1 1 0 1 0 0 0
1 1 1 1 1 0 1 0 0 0
0 0 1 1 1 1 1 0 0 0
Maze 97
93 184 2.7301587302 2.2367571148 34 0.368053943323981
87 94 5 59 26 33 21 8 89 97 87 27 63 25 61 87
84 4 55 56 23 31 1 88 87 400 400 23 23 21 81
402 402 401 401 402 401 402 401 402 400 400 402 402 402 401
1 1 1 1 1 1 1 1 0 0
1 0 0 1 1 0 0 1 0 0
1 1 1 1 1 1 1 1 0 0
1 1 1 1 1 1 1 1 0 0
1 0 1 1 1 1 1 1 0 0
1 0 1 1 1 1 1 1 1 0
1 0 1 1 0 0 1 1 0 0
1 0 0 1 0 0 1 1 0 0
1 1 1 1 1 1 2 1 1 0
0 0 0 1 0 0 1 0 0 0
Maze 98
93 120 2.9818181818 2.0983951748 56 0.408979438309968
5 96 71 12 92 70 96 65 70 56 22 25 14 49 59 5
95 91 11 400 62 66 95 400 66 52 400 24 44 400 55
401 401 402 400 402 402 401 400 401 401 400 401 401 400 401
0 0 0 0 2 0 0 0 0 0
1 1 0 1 1 0 0 0 0 0
1 1 1 1 1 0 0 0 0 0
1 1 0 1 1 0 0 0 0 0
1 1 0 1 1 1 1 1 1 0
1 1 1 1 1 1 1 1 1 0
1 1 1 1 1 1 1 1 1 1
1 1 0 0 1 1 0 0 0 0
1 1 0 0 1 1 0 0 0 0
1 1 1 1 1 1 0 0 0 0
Maze 99
83 75 3.3750000000 2.1842552171 25 0.374862013759067
35 95 57 64 75 30 18 5 33 17 49 98 6 78 37 35
400 55 54 74 25 28 15 3 13 47 48 96 76 77 400
400 402 402 401 402 401 401 402 402 401 402 401 401 401 400
0 0 1 1 1 1 0 0 0 0
0 0 1 1 1 1 1 1 0 0
0 0 1 0 1 1 1 1 1 1
0 0 1 0 2 1 1 0 0 0
0 0 0 0 1 1 1 1 1 0
0 0 0 1 1 1 1 1 0 0
0 0 0 1 1 1 1 1 0 0
0 0 0 1 1 1 1 1 0 0
0 0 0 0 1 1 0 1 0 0
0 0 0 0 1 1 1 1 0 0
Maze 100
131 480 3.8333333333 2.0658256894 183 0.404537317484844
5 61 38 61 12 18 63 24 90 13 50 96 39 97 14 5
1 31 31 11 400 13 23 84 83 43 46 36 37 94 4
402 402 402 402 400 402 402 401 401 401 402 402 402 401 402
1 1 1 1 2 0 0 0 0 0
1 1 1 1 1 1 1 1 0 0
1 0 1 1 0 0 0 0 0 0
1 1 1 1 1 1 1 1 1 0
1 0 1 1 1 1 1 1 1 1
1 0 1 1 0 1 1 0 0 0
1 0 1 1 0 1 1 0 0 0
0 0 1 1 0 1 1 0 0 0
0 0 1 1 1 1 1 1 1 1
0 0 0 1 1 1 1 0 0 0
Maze 101
125 374 3.7307692308 1.9409065508 184 0.393851681561832
47 44 42 83 79 81 27 68 11 43 70 88 22 90 1 47
400 400 82 73 71 21 67 61 41 63 68 82 82 81 41
400 400 401 402 402 402 401 401 401 401 402 401 401 401 401
1 0 0 0 0 0 0 0 0 0
1 0 0 0 0 0 0 0 0 0
1 1 1 1 1 1 1 0 0 0
1 1 0 0 0 0 1 0 0 0
1 1 1 1 1 1 2 0 0 0
1 1 1 0 0 0 1 0 0 0
1 1 1 1 1 1 1 1 1 1
1 1 1 1 1 1 1 1 1 0
1 1 1 1 1 1 1 1 1 1
0 0 0 0 0 0 0 0 0 0
Maze 102
97 48 3.4509803922 2.1475332332 71 0.398570593782547
70 8 66 74 87 32 73 74 67 3 87 24 37 97 28 70
68 6 64 84 82 72 400 64 63 83 84 34 400 27 68
401 402 402 401 401 401 400 402 401 401 401 401 400 402 401
0 0 1 0 0 1 1 1 0 0
0 0 1 0 0 1 0 1 0 0
0 0 1 1 0 1 1 1 0 0
0 1 1 1 1 1 1 1 0 0
0 1 1 1 0 1 1 1 0 0
0 1 1 1 0 1 1 1 0 0
0 1 1 1 1 1 1 1 1 2
0 1 1 1 0 0 1 0 0 0
0 1 1 1 1 1 1 0 0 0
0 0 0 0 0 0 1 0 0 0
Maze 103
89 4 2.9777777778 1.8546761741 35 0.398090856569754
9 34 10 26 38 63 60 98 43 64 98 95 73 83 59 9
4 4 6 36 33 53 58 93 63 94 400 93 400 53 400
402 402 402 401 402 402 402 401 401 401 400 401 400 402 400
0 0 0 1 1 1 1 1 2 1
0 0 0 1 0 1 0 0 1 0
0 0 0 1 0 1 0 0 1 0
0 0 1 1 1 1 1 1 1 0
0 0 1 0 0 0 0 0 1 0
0 0 1 1 1 1 1 1 1 1
0 0 1 1 0 0 0 1 0 0
0 0 1 1 0 0 0 1 0 0
0 0 1 1 0 0 0 1 0 0
0 0 1 1 1 1 1 1 0 0
Maze 104
69 65 3.1627906977 2.2760996707 20 0.375133738670912
89 80 61 45 86 40 6 26 48 68 74 79 58 49 77 89
79 71 41 85 36 36 400 46 400 64 400 78 48 47 87
402 401 402 401 402 401 400 401 400 402 400 401 402 402 401
0 0 0 0 0 1 0 0 0 0
0 0 0 0 0 1 0 0 0 0
0 0 0 0 0 1 0 0 0 0
0 0 0 0 0 1 1 1 1 1
1 1 1 1 1 1 1 1 1 0
1 0 0 0 1 1 1 1 0 0
1 0 0 1 1 1 1 1 0 0
1 1 1 1 1 1 1 1 1 1
0 0 0 0 1 1 1 1 2 0
0 0 0 0 0 0 0 0 0 0
Maze 105
97 10 3.0344827586 2.1754232752 77 0.392546196454400
42 82 3 83 74 27 97 50 89 5 6 94 26 35 17 42
400 2 400 73 24 400 47 49 85 400 4 24 25 15 12
400 402 400 402 402 400 402 402 401 400 402 402 402 402 402
0 1 1 1 1 1 0 0 0 0
0 1 1 1 1 1 1 0 0 0
0 1 1 1 1 1 1 0 0 0
0 1 1 1 1 0 1 0 0 0
0 2 1 1 1 0 1 1 1 1
0 1 1 1 1 0 1 0 1 0
0 1 1 1 1 0 1 0 1 0
0 1 1 1 1 0 1 0 1 0
0 1 1 1 1 1 1 1 1 0
0 0 0 1 0 0 1 0 0 0
Maze 106
113 61 3.7551020408 1.9690883076 92 0.377302504566746
23 95 82 34 50 83 69 50 84 37 63 18 22 77 93 23
93 92 32 44 43 63 49 44 34 33 13 12 72 73 400
401 401 402 401 402 402 402 402 402 402 402 402 401 402 400
0 0 0 0 0 0 0 0 0 0
0 1 1 1 1 1 1 1 0 0
0 1 2 0 0 0 0 0 0 0
0 1 1 1 1 1 1 0 0 0
0 1 1 1 1 1 1 1 1 1
0 1 1 1 0 0 0 0 1 0
0 1 1 1 1 1 1 1 1 0
0 1 1 1 1 1 1 0 0 0
0 1 1 1 0 0 0 0 0 0
0 1 1 1 1 0 0 0 0 0
Maze 107
91 26 3.2608695652 1.9096162670 44 0.391722301514686
30 19 48 70 44 84 67 53 99 46 60 13 68 65 53 30
29 18 68 64 400 64 63 93 96 56 53 63 400 63 23
401 402 401 401 400 402 401 401 401 401 401 401 400 401 402
0 0 0 0 0 0 0 0 0 0
0 0 1 0 0 0 0 1 1 0
0 0 1 1 1 1 1 1 1 2
0 0 1 0 0 0 0 1 0 0
0 0 1 1 0 1 0 1 0 0
0 0 1 1 1 1 1 1 1 1
0 0 1 1 1 1 1 1 1 1
0 0 1 1 0 1 0 0 0 0
0 0 1 1 0 1 0 0 0 0
0 0 1 1 1 1 1 1 1 0
Maze 108
97 202 3.1851851852 2.2435598881 66 0.361221764251687
86 98 76 52 90 49 56 1 81 95 25 81 55 84 24 86
96 96 72 82 89 46 51 400 91 400 21 51 54 400 84
401 401 401 401 401 402 401 400 401 400 402 402 402 400 401
1 0 0 0 0 0 0 0 0 0
1 0 0 0 0 0 0 0 0 0
1 1 1 1 1 0 0 0 0 0
1 0 0 1 1 0 0 0 0 0
1 0 0 1 1 1 1 1 1 0
1 1 1 1 1 1 0 0 1 0
1 1 0 1 1 0 0 0 1 0
1 1 1 1 1 1 0 0 1 0
1 1 1 1 1 2 1 1 1 1
1 1 1 1 1 1 1 1 0 0
Maze 109
97 116 3.3461538462 2.1196431912 65 0.373491601787208
82 75 65 90 86 35 60 17 82 77 99 47 39 4 50 82
72 400 85 400 85 55 57 12 72 97 97 37 34 44 42
402 400 401 400 401 401 401 402 402 401 401 402 401 401 402
0 0 0 1 0 0 0 0 0 0
0 1 1 1 1 1 1 0 0 0
0 1 0 1 0 0 1 0 0 0
0 1 0 1 1 1 1 1 1 0
0 1 1 1 1 1 1 1 1 1
0 1 0 0 1 1 1 1 1 1
0 1 0 0 1 0 1 0 0 0
0 1 1 1 1 1 1 0 0 0
0 2 0 0 1 1 1 1 1 1
0 0 0 0 0 0 1 1 1 0
Maze 110
87 916 3.3469387755 2.1525993444 45 0.363602676745128
23 88 82 82 96 46 89 47 1 75 85 35 98 78 54 23
83 400 400 92 400 86 87 41 71 400 400 95 400 74 53
401 400 400 401 400 401 401 401 401 400 400 401 400 401 401
1 0 0 0 0 0 0 0 0 0
1 0 0 0 0 0 0 0 0 0
1 0 2 0 0 0 0 0 0 0
1 0 1 0 1 0 0 0 0 0
1 1 1 1 1 1 1 0 0 0
1 0 1 1 1 1 1 0 0 0
1 0 1 1 1 1 1 0 0 0
1 1 1 1 1 1 1 1 0 0
0 1 1 1 1 1 1 1 1 0
0 1 1 1 1 1 1 1 0 0
Maze 111
89 199 3.1200000000 2.0352447276 39 0.373744375668548
41 87 6 29 84 74 73 23 45 7 25 8 42 29 47 41
81 86 26 24 400 400 400 43 5 5 5 2 22 27 400
401 401 401 402 400 400 400 401 402 402 402 402 402 402 400
0 1 1 1 1 1 1 1 0 0
0 1 0 0 1 1 0 0 0 0
0 1 1 1 1 1 1 1 1 0
0 1 1 1 1 1 1 0 0 0
2 1 1 1 1 1 1 0 0 0
1 0 1 1 0 1 0 0 0 0
1 0 1 1 0 1 0 0 0 0
1 0 1 1 0 1 0 0 0 0
1 1 1 1 1 1 1 0 0 0
0 0 0 0 0 0 0 0 0 0
Maze 112
131 60 3.4385964912 1.8533415069 148 0.385709193825718
36 82 7 84 99 35 16 62 76 32 97 1 98 35 48 36
32 2 4 94 95 15 12 72 72 92 91 91 95 45 46
402 402 402 401 401 402 402 401 401 401 401 401 401 401 401
1 1 1 1 1 1 1 0 0 0
1 1 1 1 1 1 0 0 0 0
1 1 0 1 1 0 0 0 0 0
1 1 1 1 1 2 0 0 0 0
1 1 0 1 1 1 1 1 0 0
1 1 0 1 1 0 0 0 0 0
1 1 0 1 1 0 0 0 0 0
1 1 1 1 1 1 0 0 0 0
1 1 0 1 1 0 0 0 0 0
1 1 1 1 1 1 1 1 1 0
Maze 113
111 1901 3.8823529412 2.1174324509 90 0.390202875339639
16 57 81 26 28 61 40 14 58 62 72 22 73 15 88 16
56 51 21 400 21 31 34 54 52 400 400 72 13 85 86
401 402 402 400 402 402 401 401 402 400 400 401 402 401 401
0 0 0 0 0 0 0 0 0 0
0 0 1 1 1 2 0 0 0 0
1 1 1 1 1 1 1 1 0 0
1 1 1 1 1 1 1 1 1 1
1 1 1 1 1 1 0 0 0 0
1 1 1 1 1 1 1 1 0 0
1 1 1 0 1 1 0 0 0 0
1 1 1 0 1 1 0 0 0 0
1 0 0 0 1 1 1 1 0 0
0 0 0 0 0 0 0 0 0 0
Maze 114
107 53 3.2142857143 2.0283057745 105 0.402164189615335
2 38 39 63 88 4 100 36 45 15 28 89 54 75 88 2
32 400 33 83 84 94 96 35 400 25 88 84 74 85 82
401 400 402 401 401 401 401 402 400 401 401 401 401 401 401
0 2 0 1 0 0 0 0 0 0
0 1 0 1 1 0 0 0 0 0
0 1 0 1 1 1 1 1 0 0
0 1 1 1 1 1 1 1 1 0
0 1 1 1 1 1 0 1 0 0
0 1 1 1 0 1 0 1 0 0
0 1 1 1 0 1 0 1 0 0
0 1 1 1 1 1 0 1 0 0
0 1 1 1 1 1 1 1 1 0
0 0 0 1 1 1 1 1 1 1
Maze 115
103 162 3.4117647059 2.0257023249 77 0.385676482683299
21 28 74 6 42 46 71 15 40 48 82 73 31 73 86 21
400 24 4 2 400 41 11 35 38 42 72 71 71 83 81
400 402 402 402 400 402 402 401 402 402 402 401 401 401 401
0 1 1 1 1 1 0 0 0 0
1 1 1 1 1 0 0 0 0 0
2 1 1 1 1 1 1 1 0 0
1 1 0 1 1 1 1 1 1 1
1 1 1 1 1 1 1 1 0 0
1 1 0 1 0 0 0 0 0 0
1 1 0 1 0 0 0 0 0 0
1 1 1 1 0 0 0 0 0 0
1 1 1 1 1 1 0 0 0 0
0 0 0 0 0 0 0 0 0 0
Maze 116
95 277 3.5918367347 2.0983951748 77 0.372252691898949
79 72 95 27 73 45 84 15 34 69 36 73 11 71 82 79
400 92 25 23 43 44 14 14 64 66 33 71 400 81 72
400 401 402 402 402 402 402 402 401 401 402 401 400 401 402
0 0 0 0 0 0 0 0 0 0
1 0 0 1 1 0 0 0 0 0
1 0 1 1 1 1 1 0 0 0
1 0 1 1 1 1 0 0 0 0
1 0 1 1 1 1 0 0 0 0
1 0 1 1 1 1 0 0 0 0
1 0 1 1 1 1 1 1 1 0
1 1 1 1 1 1 1 1 2 0
1 1 0 1 1 0 0 0 0 0
0 1 1 1 1 0 0 0 0 0
Maze 117
87 177 3.2800000000 2.1182197251 41 0.363800933612197
46 78 69 87 8 63 45 26 21 24 72 40 47 12 51 46
76 68 67 7 3 43 25 400 400 22 32 37 42 11 41
401 402 402 402 402 402 402 400 400 402 402 402 401 402 402
0 0 1 1 1 1 1 1 0 0
1 1 1 0 0 0 1 0 0 0
1 1 1 1 1 1 1 0 0 0
1 1 1 1 1 1 1 1 1 1
1 1 1 1 1 2 1 0 0 0
1 1 1 0 0 1 1 0 0 0
0 1 1 0 0 1 1 1 1 0
0 1 0 0 0 1 1 1 0 0
0 0 0 0 0 0 1 0 0 0
0 0 0 0 0 0 0 0 0 0
Maze 118
83 24 2.9230769231 2.2093666134 26 0.403144839618068
35 35 42 44 91 53 11 90 57 54 72 22 16 79 27 35
400 32 400 41 51 51 81 87 400 52 400 12 76 77 25
400 402 400 402 402 401 401 401 400 402 400 402 401 401 402
0 0 0 0 0 0 0 0 0 0
1 1 1 1 1 1 0 0 0 0
1 1 0 0 1 1 1 0 0 0
1 1 1 1 2 1 1 0 0 0
1 1 1 1 0 1 1 0 0 0
1 1 1 1 1 1 1 0 0 0
1 1 0 0 0 1 1 0 0 0
1 1 0 0 0 1 1 1 1 0
1 1 1 1 1 1 1 1 1 1
1 0 0 0 0 0 0 0 0 0
Maze 119
107 267 3.2459016393 2.1718260238 92 0.384741495826062
87 66 63 26 1 49 82 59 74 39 8 16 60 81 90 87
86 400 23 21 41 42 52 54 34 38 6 56 51 400 400
401 400 402 401 401 402 402 402 402 401 402 401 402 400 400
1 0 0 0 0 1 1 1 0 0
1 0 0 0 0 1 0 1 0 0
1 1 1 1 1 1 0 1 0 0
1 0 1 1 1 1 1 1 1 0
1 1 1 1 1 1 1 1 1 0
1 1 1 1 1 1 1 1 1 1
1 1 1 1 1 1 0 0 0 0
1 1 0 1 0 1 0 0 0 0
1 1 1 1 1 1 2 1 1 1
0 0 0 0 0 0 0 0 0 0
Maze 120
127 194 3.2000000000 2.0248893824 193 0.409525409991047
26 16 40 72 7 96 98 71 97 62 40 83 17 70 31 26
400 36 32 2 6 400 91 91 92 32 33 13 67 61 21
400 401 402 402 402 400 401 401 401 402 402 402 401 401 402
0 1 1 1 1 1 1 0 0 0
0 1 1 1 1 1 1 0 0 0
1 1 1 1 1 2 1 0 0 0
1 1 1 1 1 1 1 1 1 1
1 1 1 0 0 1 1 0 0 0
1 1 1 0 0 1 1 0 0 0
1 1 1 1 1 1 1 1 1 1
1 1 1 0 0 1 0 0 0 0
1 1 1 0 0 1 0 0 0 0
1 1 1 1 1 1 1 1 0 0
Maze 121
111 242 3.2000000000 1.9132768114 86 0.382673935419301
35 80 11 15 17 71 28 47 32 95 18 74 74 96 80 35
75 71 400 400 11 21 27 42 92 15 14 400 94 76 75
401 401 400 400 402 402 402 401 401 402 402 400 401 402 401
0 0 0 0 0 0 0 0 0 0
1 1 1 1 1 1 1 1 0 0
1 1 1 1 1 1 1 1 0 0
1 1 0 1 2 0 1 0 0 0
1 1 1 1 1 1 1 0 0 0
1 1 0 1 1 0 0 0 0 0
1 1 0 1 1 0 0 0 0 0
1 1 1 1 1 1 1 1 1 1
0 1 0 1 1 1 0 0 0 0
0 1 1 1 1 1 0 0 0 0
Maze 122
77 7 2.8979591837 2.2655270979 35 0.386530494919161
43 21 2 38 77 29 66 93 61 55 51 51 59 26 48 43
41 1 32 37 27 26 63 91 51 400 400 400 56 46 400
401 402 401 402 402 402 402 401 402 400 400 400 401 401 400
1 1 0 0 0 0 0 0 0 0
1 1 0 0 0 0 0 0 0 0
1 1 0 0 0 1 1 1 1 0
1 1 1 1 1 1 1 1 0 0
1 1 2 1 1 1 1 1 0 0
1 1 1 1 1 1 1 1 1 0
1 0 1 1 1 1 1 0 0 0
1 0 1 0 0 0 1 0 0 0
1 0 1 0 0 0 0 0 0 0
1 1 1 0 0 0 0 0 0 0
Maze 123
91 39 3.1739130435 1.9921323910 36 0.383095331553646
66 15 45 4 8 35 19 6 38 41 15 79 100 15 96 66
65 400 44 400 5 15 16 36 31 11 75 99 95 95 400
401 400 401 400 402 402 401 401 402 402 401 401 401 401 400
0 0 0 1 1 1 1 1 0 0
1 1 1 1 1 1 1 1 1 0
1 0 0 1 1 1 0 0 0 0
1 1 1 1 1 1 1 1 0 0
1 0 0 1 1 0 0 0 0 0
0 0 0 0 1 0 0 0 0 0
0 0 0 0 1 2 0 0 0 0
0 0 0 0 1 1 1 1 1 0
0 0 0 0 1 1 0 0 1 0
0 0 0 0 1 1 1 1 1 1
Maze 124
99 218 2.9180327869 2.1754232752 77 0.409167840183860
15 66 62 38 89 61 51 40 96 44 86 20 29 56 32 15
65 400 32 88 81 400 31 36 94 84 16 19 26 52 12
401 400 402 401 401 400 402 402 401 401 402 402 402 401 402
0 0 0 0 0 0 0 0 0 0
0 1 1 1 2 1 1 1 1 1
0 1 0 0 1 1 1 1 1 0
1 1 1 1 1 1 1 1 1 1
1 1 0 1 1 1 0 1 0 0
1 1 1 1 1 1 0 1 0 0
1 1 1 1 1 1 0 1 0 0
1 0 0 1 0 1 0 1 0 0
1 1 1 1 1 1 1 1 1 0
0 0 0 1 1 1 0 0 0 0
Maze 125
87 11 3.4418604651 1.9501561501 45 0.395922445669105
53 5 9 36 86 3 53 12 85 75 48 76 29 47 85 53
3 400 6 400 83 400 52 82 400 45 46 26 27 45 83
402 400 402 400 401 400 401 401 400 402 402 402 402 402 401
0 0 1 1 1 1 1 1 1 0
0 1 1 0 0 1 0 0 0 0
0 1 1 0 0 1 1 1 1 0
0 1 1 0 0 1 1 0 0 0
0 1 1 0 1 1 1 1 0 0
0 1 2 0 1 1 0 0 0 0
0 1 1 0 1 1 0 0 0 0
0 1 1 0 1 1 0 0 0 0
0 1 1 1 1 1 0 0 0 0
0 0 0 0 0 0 0 0 0 0
Maze 126
89 37 3.4418604651 1.9070121524 41 0.381974391462196
84 46 30 33 78 74 62 1 23 3 44 45 92 26 30 84
44 26 23 73 400 72 61 21 400 43 400 42 22 400 24
402 402 402 401 400 401 401 401 400 401 400 402 402 400 402
1 0 1 0 0 0 0 0 0 0
1 0 1 0 0 0 0 0 0 0
1 1 1 1 1 1 1 1 1 1
1 1 1 1 0 1 0 0 0 0
1 1 1 1 1 1 0 0 0 0
1 1 1 1 0 0 0 0 0 0
1 1 1 1 0 0 0 0 0 0
0 1 1 1 1 1 1 1 0 0
0 1 0 2 0 0 0 0 0 0
0 1 0 0 0 0 0 0 0 0
Maze 127
107 28 3.1250000000 2.2337038277 70 0.388464699013718
24 34 4 9 22 100 90 37 95 73 28 2 50 62 17 24
400 400 400 2 92 400 87 35 93 23 22 42 42 12 14
400 400 400 402 401 400 401 402 401 402 401 401 402 402 402
0 1 1 1 1 1 1 1 1 0
0 1 1 1 1 1 1 0 0 0
0 1 1 2 1 1 1 1 0 0
0 1 1 1 1 1 1 0 0 0
0 1 1 1 1 1 1 1 1 1
0 1 1 0 1 0 1 0 0 0
0 1 1 0 1 0 1 0 0 0
0 1 1 0 1 0 1 0 0 0
0 1 1 0 1 0 1 1 1 1
0 1 1 1 1 1 1 1 1 1
Maze 128
125 1391 3.0649350649 2.2776071760 191 0.392918726137525
78 10 70 100 21 38 3 99 73 28 2 68 88 15 74 78
8 400 400 91 31 33 93 93 23 22 62 400 85 14 400
402 400 400 401 401 401 401 401 402 401 401 400 401 402 400
0 1 1 0 0 0 0 1 1 1
0 1 1 1 1 0 0 1 0 1
1 1 1 1 1 1 1 1 0 1
1 1 1 1 1 1 1 1 0 1
1 1 1 1 1 0 0 1 0 1
1 1 1 1 1 0 0 1 0 1
1 1 1 1 1 1 1 1 0 1
1 0 1 1 1 1 1 2 0 1
1 0 1 0 1 1 1 1 0 1
1 1 1 1 1 1 1 1 1 1
Maze 129
99 508 3.2941176471 2.2340505578 71 0.371696352075517
15 91 64 25 78 96 36 81 6 5 83 91 51 86 5 15
11 61 24 75 76 400 31 1 400 3 81 400 81 85 400
402 402 402 401 402 400 402 402 400 402 402 400 401 401 400
1 1 1 1 1 1 0 0 0 0
1 1 1 1 2 0 0 0 0 0
1 0 1 1 1 0 0 0 0 0
1 1 1 1 1 1 0 0 0 0
1 0 1 1 1 1 0 0 0 0
1 0 1 1 1 1 0 0 0 0
1 1 1 1 1 1 0 0 0 0
1 0 1 0 1 1 1 1 0 0
1 1 1 1 1 1 0 0 0 0
1 0 0 0 0 1 0 0 0 0
Maze 130
101 180 2.9253731343 2.3213816345 70 0.387129010758101
62 88 96 79 78 45 98 25 18 98 70 59 91 9 29 62
82 86 76 400 75 95 95 15 400 68 69 51 1 400 22
401 402 402 400 401 401 401 402 400 402 401 402 402 400 402
1 1 1 1 1 1 1 1 1 0
1 0 0 0 1 1 1 1 1 0
1 1 1 1 1 1 1 1 1 0
1 1 0 0 1 0 0 1 0 0
1 1 0 0 1 0 0 1 0 0
1 1 1 1 1 1 1 1 1 0
1 2 0 0 1 0 0 1 1 1
1 1 0 0 1 1 1 1 1 0
1 1 1 1 1 1 1 1 0 0
1 0 0 0 1 1 1 1 0 0
Maze 131
127 352 3.0724637681 2.1786660982 158 0.392229898416659
22 65 11 25 81 17 79 64 90 6 52 98 96 28 80 22
62 61 21 21 11 77 74 84 86 2 92 400 26 78 72
401 401 401 402 402 401 401 401 401 402 401 400 402 401 401
0 1 1 1 1 1 0 0 0 0
1 1 1 1 1 1 1 0 0 0
1 2 1 1 1 1 1 1 0 0
1 1 0 0 0 1 1 1 0 0
1 1 0 0 0 1 1 1 0 0
1 1 0 0 0 1 1 1 0 0
1 1 1 1 1 1 1 1 0 0
1 1 1 1 1 1 1 1 1 1
1 1 0 1 1 1 1 1 1 1
0 1 1 1 1 1 1 1 0 0
Maze 132
81 38 2.8888888889 2.2634368815 22 0.387420599503259
91 74 2 5 52 67 69 26 33 44 79 90 95 76 25 91
71 72 400 2 62 400 66 23 43 74 89 85 75 75 21
402 401 400 402 401 400 401 402 401 401 401 402 402 401 402
0 1 1 1 1 0 0 0 0 0
0 1 0 0 0 0 0 0 0 0
1 1 1 1 1 1 0 0 0 0
1 1 1 0 1 1 0 0 0 0
1 1 1 1 1 1 0 0 0 0
1 1 0 1 1 1 0 0 0 0
1 1 1 1 1 1 1 1 1 0
1 1 1 1 1 1 1 1 1 0
1 0 0 0 1 1 1 1 1 1
2 0 0 0 1 0 0 0 0 0
Maze 133
97 1 3.5000000000 1.5188393490 44 0.375831256330682
63 71 31 70 54 70 78 1 68 91 66 65 12 64 64 63
61 400 61 64 64 68 71 61 61 61 400 62 62 400 400
402 400 401 401 401 402 401 401 402 402 400 401 401 400 400
1 0 0 0 0 0 0 0 0 0
1 1 0 0 0 0 0 0 0 0
1 1 0 0 0 0 0 0 0 0
1 1 0 0 0 0 0 0 0 0
1 1 0 0 0 0 0 0 0 0
1 1 0 1 0 0 0 0 0 0
1 1 2 1 1 1 1 1 1 1
1 1 1 1 1 1 1 1 0 0
1 0 0 0 0 0 0 0 0 0
1 0 0 0 0 0 0 0 0 0
Maze 134
81 94 2.5818181818 2.1341817712 30 0.378832427057041
45 18 79 89 53 4 69 38 54 75 3 41 50 50 48 45
15 78 400 83 3 64 68 34 74 73 1 400 400 400 400
402 401 400 401 402 401 401 402 401 401 402 400 400 400 400
1 1 1 1 0 0 0 0 0 0
1 0 1 1 1 1 1 1 0 0
1 0 1 1 1 0 0 1 0 0
1 0 1 1 1 1 1 1 0 0
1 1 1 1 2 1 1 1 1 1
0 0 1 1 0 0 0 1 0 0
0 0 1 1 1 1 1 1 1 0
0 0 1 1 1 0 0 1 1 0
0 0 1 1 1 1 1 1 1 0
0 0 0 0 0 0 0 0 0 0
Maze 135
93 157 3.3076923077 2.2327820968 50 0.394321538816560
82 60 31 6 46 97 94 46 94 86 54 6 45 16 17 82
52 51 1 400 96 400 44 44 84 84 4 5 15 400 12
402 401 402 400 401 400 402 402 402 401 402 402 402 400 402
1 1 1 1 1 1 0 0 0 0
1 1 1 1 1 1 1 0 0 0
1 1 0 1 1 1 0 0 0 0
1 1 0 1 1 1 0 0 0 0
1 1 0 1 1 1 0 0 0 0
1 1 1 1 1 1 1 1 1 1
0 1 0 1 0 1 0 0 0 0
0 1 0 1 0 1 0 0 0 0
0 2 0 1 1 1 0 0 0 0
0 0 0 1 1 1 1 0 0 0
Maze 136
87 318 3.1836734694 2.1348301883 56 0.372888944125178
70 35 73 78 85 96 69 31 12 35 21 85 82 57 17 70
65 33 400 75 95 66 61 11 32 31 81 400 52 400 67
401 402 400 402 401 402 401 402 401 401 401 400 402 400 401
0 0 0 0 0 0 0 0 0 0
1 1 0 0 0 0 1 0 0 0
1 1 0 0 0 0 1 0 0 0
1 1 1 1 1 0 1 0 0 0
1 0 1 0 1 0 1 0 0 0
1 1 1 1 1 1 1 0 0 0
1 1 1 1 1 1 1 1 1 2
1 1 1 1 1 1 1 1 0 0
1 1 1 1 1 1 0 0 0 0
0 0 0 0 1 1 0 0 0 0
Maze 137
89 63 2.9285714286 2.2428208854 50 0.381811797816730
86 1 47 44 19 67 56 8 25 88 76 98 85 94 35 86
81 41 400 14 17 66 6 5 85 86 96 95 84 34 85
401 401 400 402 402 401 402 402 401 401 401 401 402 402 401
1 0 0 0 1 1 1 1 0 0
1 0 0 1 1 1 1 1 1 0
1 0 0 1 1 1 1 0 0 0
1 0 0 1 1 1 1 0 0 0
1 1 1 1 1 1 1 0 0 0
1 0 0 1 1 1 1 0 0 0
1 0 0 1 1 1 1 0 0 0
1 0 0 1 1 1 0 0 0 0
1 1 1 1 1 2 1 1 0 0
0 0 0 1 1 1 1 1 0 0
Maze 138
91 44 2.7368421053 2.0939892289 45 0.390099356156555
8 98 41 34 64 49 48 57 65 22 95 22 22 85 23 8
400 91 31 400 44 400 47 55 62 92 92 400 82 83 3
400 401 402 400 402 400 402 402 401 401 401 400 401 401 402
0 0 1 1 1 1 1 2 0 0
0 0 1 0 0 0 0 1 0 0
0 1 1 0 0 0 0 1 0 0
1 1 1 1 0 0 0 1 0 0
1 1 1 1 1 1 1 1 1 0
1 1 1 1 1 1 1 1 0 0
1 1 1 1 1 0 0 1 0 0
1 1 1 0 0 0 0 1 0 0
1 1 1 1 1 0 0 1 0 0
1 1 1 1 1 1 1 1 0 0
Maze 139
123 241 3.6296296296 1.9078890348 110 0.383529498505931
99 2 39 65 4 25 92 7 42 58 14 56 21 1 3 99
92 32 35 64 24 22 2 2 52 54 54 51 400 400 93
401 401 402 401 401 402 402 402 401 401 401 401 400 400 401
1 1 1 1 1 1 1 0 0 0
1 1 1 1 0 0 0 0 0 0
1 1 1 1 1 0 0 0 0 0
1 1 1 1 1 1 1 1 1 0
1 1 1 1 1 0 0 0 0 0
1 1 1 1 1 1 1 1 0 0
0 1 1 1 1 0 0 0 0 0
0 1 1 0 0 0 0 0 0 0
0 1 1 0 0 0 0 0 0 0
0 1 1 1 1 1 1 1 2 0
Maze 140
69 14 3.3142857143 1.8803749066 8 0.405460216527883
46 23 3 32 91 49 52 34 45 58 49 35 40 48 39 46
43 400 2 31 41 42 32 44 55 48 45 400 38 38 36
401 400 402 402 402 402 402 401 401 402 401 400 402 402 402
0 1 1 0 0 0 0 0 0 0
0 1 1 0 0 0 0 0 0 0
0 1 1 0 0 0 0 0 0 0
1 1 1 1 1 1 1 1 1 1
1 1 1 1 1 2 1 1 1 0
1 1 0 0 1 1 1 1 0 0
1 0 0 0 0 0 0 0 0 0
1 0 0 0 0 0 0 0 0 0
1 0 0 0 0 0 0 0 0 0
1 0 0 0 0 0 0 0 0 0
Maze 141
99 55 2.9803921569 1.8978465402 66 0.371307483770805
13 87 100 71 76 37 42 4 56 23 63 95 53 99 37 13
83 97 91 400 36 32 2 54 53 400 93 93 93 97 33
401 401 401 400 402 402 402 401 401 400 401 401 401 401 401
0 1 1 1 0 0 0 0 0 0
0 1 2 1 0 0 0 0 0 0
0 1 1 1 0 0 0 0 0 0
0 1 1 1 1 1 1 0 0 0
0 1 1 1 0 1 1 0 0 0
0 0 1 1 1 1 1 0 0 0
0 0 1 0 0 1 1 0 0 0
1 1 1 1 1 1 1 0 0 0
1 0 1 1 1 1 1 0 0 0
1 1 1 1 1 1 1 1 1 1
Maze 142
111 449 3.0769230769 2.2112130952 73 0.385655211076190
70 8 72 15 7 78 91 100 13 41 24 22 15 92 85 70
68 2 12 5 77 71 400 93 11 21 400 12 12 82 65
401 402 402 402 401 402 400 401 402 402 400 402 402 402 402
0 1 1 1 1 1 1 1 0 0
1 1 1 1 1 0 1 1 0 0
1 1 1 1 0 0 1 1 0 0
1 1 1 0 0 0 1 1 0 0
1 1 1 0 0 0 1 1 0 0
0 1 1 0 0 0 1 1 0 0
0 1 1 0 1 1 1 1 1 2
1 1 1 1 1 1 1 1 0 0
1 1 1 1 1 0 0 0 0 0
1 1 1 1 1 1 1 1 1 1
Maze 143
77 7 2.9130434783 2.1736662560 22 0.356055193906055
70 79 93 34 29 38 6 34 28 39 63 71 21 91 64 70
69 73 33 24 28 36 4 24 38 33 61 400 400 61 400
402 402 402 402 402 401 402 402 401 402 402 400 400 402 400
0 0 0 1 1 1 0 0 0 0
0 0 0 1 0 1 0 0 0 0
1 0 0 1 1 1 1 1 1 0
1 0 1 1 1 1 1 1 1 0
1 0 1 0 0 0 0 0 0 0
1 0 1 0 0 0 0 0 0 0
1 1 1 1 1 1 1 1 1 2
1 0 1 1 1 1 1 1 1 0
1 0 1 0 0 0 0 0 0 0
1 0 1 0 0 0 0 0 0 0
Maze 144
113 502 3.6491228070 2.1603806102 105 0.386290192415583
42 49 95 43 78 22 30 1 60 45 62 21 24 30 70 42
400 45 93 73 72 400 21 51 55 42 61 400 400 400 62
400 402 401 401 401 400 401 401 401 402 401 400 400 400 401
1 0 0 0 0 0 0 0 0 0
1 0 0 0 0 0 0 0 0 0
1 1 1 1 1 1 1 1 1 1
1 1 0 0 0 0 0 0 0 1
1 2 1 1 1 1 1 1 1 1
1 1 1 1 1 1 1 1 1 1
1 1 1 1 1 1 1 1 1 1
0 1 1 1 1 1 1 1 0 0
0 0 1 0 1 0 0 0 0 0
0 0 1 1 1 0 0 0 0 0
Maze 145
121 19 3.2394366197 2.3040299317 110 0.392025142908254
38 57 33 30 84 70 62 98 81 8 82 42 62 19 33 38
37 53 23 24 64 400 92 91 1 2 400 400 12 13 400
402 401 402 402 402 400 401 401 402 402 400 400 402 402 400
1 1 1 1 1 1 1 1 0 0
1 1 1 1 1 1 1 1 1 0
1 1 1 1 1 1 1 1 1 1
1 1 1 1 1 1 1 2 0 0
1 1 1 1 0 0 1 0 0 0
1 1 1 1 1 1 1 0 0 0
1 1 1 1 1 1 1 1 1 1
1 1 0 1 0 0 0 0 0 0
1 1 0 1 0 0 0 0 0 0
1 1 1 1 1 1 1 1 0 0
Maze 146
83 73 2.5490196078 2.1229762053 26 0.409409346159842
77 64 21 19 29 77 51 8 80 77 39 58 79 47 45 77
74 61 11 400 27 71 1 78 400 37 38 78 77 400 75
401 401 402 400 402 401 402 401 400 402 402 401 401 400 401
1 1 1 1 1 1 1 1 0 0
1 1 1 1 1 1 1 1 1 0
1 0 0 0 0 0 1 1 1 0
1 0 0 0 0 0 1 1 1 0
1 0 0 0 1 1 1 1 0 0
1 0 0 0 1 0 1 1 0 0
1 1 1 1 1 0 1 1 0 0
1 1 1 1 1 1 2 1 1 1
0 0 0 0 0 0 0 0 0 0
0 0 0 0 0 0 0 0 0 0
Maze 147
95 505 3.2916666667 1.9625296936 77 0.377054077205949
16 25 97 26 23 65 5 60 71 47 59 59 91 85 33 16
15 95 96 400 63 400 55 51 41 57 400 51 81 83 13
402 401 401 400 401 400 401 402 402 401 400 402 402 401 402
0 0 0 0 1 0 0 0 0 0
0 0 1 1 1 2 0 0 0 0
0 0 1 1 1 1 0 0 0 0
0 0 1 0 1 1 0 0 0 0
1 1 1 1 1 1 1 0 0 0
1 1 1 1 1 1 1 1 1 1
1 0 1 1 1 1 0 0 0 0
1 0 1 0 1 1 0 0 0 0
1 1 1 1 1 1 0 0 0 0
1 0 0 0 1 1 1 0 0 0
Maze 148
101 40234 3.1724137931 2.1318092796 55 0.390408483727928
2 56 59 98 42 18 19 94 83 48 88 82 96 27 68 2
52 400 58 92 12 400 14 93 43 400 400 92 26 67 62
401 400 402 401 402 400 402 401 402 400 400 401 402 401 401
0 2 0 0 0 0 0 0 0 0
0 1 1 1 1 1 1 1 1 0
0 1 0 1 0 1 1 0 0 0
0 1 0 1 0 1 1 0 0 0
0 1 1 1 1 1 1 1 0 0
0 1 1 1 1 1 1 1 1 0
0 1 1 1 1 1 1 1 0 0
0 1 1 1 0 1 0 1 0 0
0 1 1 1 1 1 1 1 0 0
0 1 1 1 1 1 1 1 0 0
Maze 149
103 305 3.1111111111 2.3604266239 84 0.399701488262495
71 48 39 50 44 96 33 9 90 55 59 63 78 43 38 71
41 38 49 400 94 93 3 89 85 400 53 73 73 33 31
402 402 401 400 401 401 402 401 401 400 402 401 401 402 402
0 0 1 1 1 1 1 1 1 0
0 0 1 0 0 0 0 0 1 0
0 0 1 0 0 0 0 0 1 0
1 1 1 1 1 1 1 1 1 0
1 1 1 1 1 1 1 1 1 1
1 0 1 1 1 1 1 1 1 0
1 0 1 1 1 0 0 0 1 0
2 0 1 1 1 1 1 1 1 0
0 0 1 1 1 1 1 1 1 1
0 0 1 1 1 1 0 0 0 0
Maze 150
95 358 2.9655172414 2.1774865224 53 0.384154943455042
33 37 100 8 69 64 33 35 58 96 28 97 31 4 53 33
400 97 98 68 400 63 400 55 56 26 27 91 1 3 400
400 401 401 401 400 401 400 401 402 402 402 401 402 402 400
1 1 1 1 0 0 0 1 0 0
1 0 1 0 0 0 0 1 0 0
1 0 1 0 0 1 1 1 0 0
1 0 2 1 1 1 1 1 0 0
1 0 1 0 1 1 1 1 0 0
1 0 1 0 1 1 1 1 0 0
1 0 1 1 1 1 1 1 1 0
1 0 0 0 0 1 1 1 0 0
1 0 0 0 0 1 1 1 0 0
1 1 1 1 1 1 1 1 1 1
Maze 151
101 61 3.5348837209 1.8563895707 59 0.395496799521601
48 67 38 34 56 51 83 41 26 71 88 21 85 16 74 48
47 37 400 54 400 81 81 21 21 81 81 81 15 14 44
402 402 400 401 400 401 401 402 402 401 401 401 402 402 402
0 0 0 0 0 0 0 0 0 0
0 0 0 1 1 1 0 0 0 0
1 1 1 1 1 1 0 0 0 0
1 0 0 1 1 1 1 1 0 0
1 0 0 1 1 1 1 2 0 0
1 1 1 1 1 1 1 0 0 0
1 0 0 1 1 0 1 0 0 0
1 0 0 1 1 0 0 0 0 0
1 1 1 1 1 1 1 1 0 0
0 0 0 0 0 0 0 0 0 0
Maze 152
77 397 3.1304347826 2.1908691810 35 0.395717109378619
36 78 95 47 68 94 54 58 97 61 92 92 94 9 48 36
76 75 45 67 64 400 400 57 91 91 400 400 4 8 46
401 402 402 401 402 400 400 402 401 401 400 400 402 402 401
0 0 0 1 1 1 1 1 1 0
0 0 0 1 0 0 0 1 0 0
0 0 0 1 0 0 0 1 0 0
0 0 0 1 0 2 0 1 0 0
0 0 0 1 1 1 1 1 0 0
0 0 0 1 1 1 1 1 0 0
1 0 0 1 1 1 1 1 0 0
1 0 0 1 1 1 1 1 0 0
1 0 0 1 1 0 1 0 0 0
1 1 1 1 1 1 1 0 0 0
Maze 153
97 60 3.0000000000 2.1035508285 77 0.361604591959204
52 100 95 60 17 62 41 49 84 25 12 44 84 86 48 52
92 400 55 57 12 61 400 44 24 22 42 400 400 46 42
401 400 402 401 402 401 400 402 402 401 401 400 400 402 402
0 0 0 0 0 0 0 0 0 0
0 1 1 1 1 1 1 0 0 0
0 1 1 1 1 0 1 0 0 0
0 1 0 1 0 0 1 0 0 0
1 1 1 1 1 1 1 1 1 0
1 2 0 1 1 1 1 1 1 1
1 1 0 1 1 1 0 0 0 0
0 1 0 1 1 1 0 0 0 0
0 1 0 1 1 1 0 0 0 0
0 1 1 1 1 1 1 1 1 1
Maze 154
95 10 3.4800000000 2.0392854515 56 0.380703518608404
5 40 17 3 63 52 72 45 93 4 71 12 45 35 89 5
35 37 13 400 62 400 42 43 3 1 11 42 400 85 85
401 401 401 400 401 400 402 402 402 402 402 401 400 401 401
1 1 1 1 2 0 0 0 0 0
1 1 1 1 1 1 1 0 0 0
1 1 1 0 1 0 1 0 0 0
1 1 1 0 1 1 1 1 1 1
1 1 1 1 1 0 0 0 0 0
1 1 1 0 1 0 0 0 0 0
1 1 1 0 1 0 0 0 0 0
1 1 1 0 1 0 0 0 0 0
0 0 1 0 1 1 1 1 1 0
0 0 1 0 0 0 0 0 0 0
Maze 155
97 52 3.4000000000 2.0553176823 66 0.375289077067005
61 28 22 83 68 90 88 40 11 62 28 94 79 68 62 61
21 400 82 63 88 400 38 31 61 22 24 74 78 400 400
402 400 401 402 401 400 402 401 401 402 402 402 401 400 400
0 0 0 0 0 0 0 0 0 0
1 0 0 0 0 0 0 0 0 0
1 1 1 1 1 1 1 1 0 0
1 1 1 1 1 1 1 1 1 1
1 1 0 1 0 0 0 1 0 0
1 1 0 1 0 0 0 1 0 0
2 1 1 1 1 1 1 1 0 0
0 1 1 1 1 1 1 1 1 0
0 1 1 1 0 0 0 1 1 1
0 0 0 1 0 0 0 0 0 0
Maze 156
109 157 3.0769230769 2.1753695252 97 0.370369367613517
60 44 90 85 40 16 41 4 28 62 60 93 41 48 56 60
54 84 400 35 36 11 1 24 22 52 53 91 400 46 400
401 401 400 402 401 402 402 401 402 402 402 401 400 402 400
1 1 1 1 0 0 0 0 0 0
1 1 1 1 1 1 0 0 0 0
1 1 1 1 1 1 1 1 0 0
1 1 0 0 1 1 1 1 1 1
1 1 1 1 1 1 1 1 0 0
1 1 1 1 1 1 1 1 1 2
1 1 1 1 1 0 0 0 0 0
1 0 1 1 1 0 0 0 0 0
1 0 1 1 1 1 1 1 1 1
1 1 1 0 0 0 0 0 0 0
Maze 157
121 1097 3.0000000000 2.1208458260 117 0.368044067003430
32 98 15 53 58 49 56 8 91 39 12 99 88 18 41 32
92 95 13 400 48 46 6 1 31 32 92 98 400 11 31
401 401 402 400 402 402 402 402 402 401 401 401 400 402 402
1 1 1 1 1 1 1 1 0 0
1 1 1 1 1 1 1 1 0 0
1 1 1 0 1 1 0 1 0 0
1 2 1 1 1 1 1 1 1 0
1 1 1 0 1 1 1 1 1 0
1 1 1 1 1 1 1 1 0 0
1 1 0 0 1 0 0 1 0 0
1 1 0 0 1 0 0 1 0 0
1 1 0 0 1 0 0 1 0 0
1 1 1 1 1 1 1 1 1 0
Maze 158
91 39 3.5000000000 1.9992869340 32 0.375186980728185
22 43 43 40 5 51 92 4 8 2 93 91 40 18 16 22
42 400 33 35 1 91 2 400 400 92 400 31 38 400 12
401 400 402 401 402 401 402 400 400 401 400 402 401 400 402
1 1 1 1 1 1 1 1 0 0
1 1 1 1 1 1 1 1 0 0
1 2 0 0 1 0 0 1 0 0
1 1 1 1 1 1 1 1 1 1
1 1 1 0 0 0 0 0 0 0
1 1 0 0 0 0 0 0 0 0
1 1 0 0 0 0 0 0 0 0
1 1 0 0 0 0 0 0 0 0
1 1 0 0 0 0 0 0 0 0
1 1 1 0 0 0 0 0 0 0
Maze 159
97 54 3.2962962963 2.1843202261 71 0.388151367985853
7 14 7 86 53 75 88 84 29 88 36 61 88 20 57 7
4 4 6 83 73 85 400 24 28 86 31 81 18 17 400
402 402 402 401 401 401 400 402 402 401 402 401 402 402 400
0 0 0 1 1 1 2 0 0 0
0 0 0 1 0 1 1 1 1 1
0 0 0 1 1 1 1 1 1 0
1 1 1 1 1 1 1 1 0 0
1 0 0 1 0 1 1 1 0 0
1 0 1 1 0 1 1 1 0 0
1 0 1 1 0 1 0 1 0 0
1 0 1 1 1 1 0 1 0 0
1 1 1 1 1 1 1 1 0 0
0 0 0 0 0 0 0 0 0 0
Maze 160
85 353 3.2000000000 2.0194133944 45 0.382570553453385
87 77 13 100 46 81 74 88 77 88 47 73 59 65 75 87
400 73 93 96 41 71 84 87 87 87 43 53 55 400 85
400 401 401 401 402 402 401 401 401 401 402 402 402 400 401
0 0 0 0 0 0 0 0 0 0
0 0 1 0 0 0 0 0 0 0
0 0 1 0 0 0 0 0 0 0
0 0 1 0 0 0 0 0 0 0
1 1 1 1 1 1 1 0 0 0
1 0 1 1 1 1 1 1 1 0
1 0 1 0 1 1 1 0 0 0
1 1 1 1 1 1 1 0 0 0
1 0 1 1 1 1 2 1 0 0
0 0 1 1 1 1 1 1 1 1
Maze 161
89 19 2.9818181818 2.2313349286 45 0.382282783566704
29 70 39 33 8 31 66 60 87 97 46 78 34 38 54 29
69 69 400 3 1 61 56 57 400 96 76 74 400 34 24
401 401 400 402 402 401 402 402 400 401 401 401 400 402 402
1 1 1 1 1 1 1 1 0 0
1 0 1 0 0 0 0 0 0 0
1 0 1 1 1 1 1 1 2 0
1 0 1 1 1 1 1 1 1 0
1 0 0 1 0 1 0 0 1 0
1 0 0 1 0 1 1 1 1 1
1 1 1 1 1 1 1 0 1 1
0 0 0 1 1 1 1 1 0 0
0 0 0 0 0 1 1 0 0 0
0 0 0 0 0 1 1 0 0 0
Maze 162
101 711 3.2280701754 2.1609832374 71 0.382620992278307
62 3 92 33 39 94 9 79 7 6 11 47 46 38 28 62
2 2 32 400 34 4 400 77 400 1 41 400 36 400 22
402 402 402 400 402 402 400 401 400 402 401 400 402 400 402
1 1 1 1 1 1 1 1 1 0
1 1 0 1 0 0 1 0 1 0
1 1 1 1 1 1 1 1 1 0
1 1 1 1 1 1 1 1 1 0
1 1 1 1 1 1 1 0 1 0
0 1 0 1 0 0 1 0 1 0
0 2 0 1 0 0 1 0 1 0
0 1 0 1 0 0 1 1 1 0
0 1 0 1 0 0 0 0 0 0
0 1 0 1 0 0 0 0 0 0
Maze 163
121 78 3.4920634921 2.1765482423 141 0.383715916499051
44 65 12 99 72 1 90 28 53 49 4 67 45 91 44 44
64 62 92 92 71 81 88 23 43 44 64 65 41 41 400
401 401 401 401 401 401 401 402 402 401 401 401 402 402 400
1 0 0 1 0 0 0 0 0 0
1 1 0 1 0 0 0 0 0 0
1 1 1 1 1 1 1 1 0 0
1 1 1 1 0 0 0 1 0 0
1 1 1 2 1 1 1 1 1 0
1 1 1 1 1 0 0 1 0 0
1 1 1 1 1 1 1 1 0 0
1 1 0 0 0 0 0 1 0 0
1 1 1 1 1 1 1 1 1 1
1 1 1 1 1 1 1 1 1 0
Maze 164
97 26 3.0196078431 1.9801929812 64 0.383948733818124
84 30 79 25 92 92 62 13 46 29 2 72 27 60 86 84
24 29 75 22 400 400 12 43 26 22 400 22 57 56 400
402 402 401 402 400 400 402 401 402 401 400 402 401 402 400
0 1 0 0 0 0 0 0 0 0
0 1 1 0 0 0 0 0 0 0
0 1 1 1 1 1 1 1 1 1
0 1 1 1 1 1 1 0 1 0
0 1 1 1 1 1 1 0 1 0
0 1 0 1 1 1 1 1 1 1
0 1 0 1 1 1 0 0 1 0
0 1 0 1 1 1 1 1 1 0
0 1 0 2 1 1 0 0 0 0
0 1 0 0 0 0 0 0 0 0
Maze 165
127 67 3.5312500000 2.2306225394 141 0.370675493767691
82 100 71 50 75 48 33 18 51 3 51 79 82 85 29 82
92 91 41 45 45 43 13 11 1 1 71 72 400 25 22
401 401 402 402 402 401 402 402 402 402 401 402 400 402 402
1 1 1 0 0 0 0 0 0 0
1 1 1 1 1 1 1 1 0 0
1 1 1 1 1 1 1 1 1 0
1 1 1 0 1 0 0 0 0 0
1 1 1 1 1 1 1 1 1 1
1 1 0 0 1 0 0 0 0 0
1 1 0 0 1 0 0 0 0 0
1 1 1 1 1 1 1 1 1 0
1 2 1 1 1 0 0 0 0 0
1 1 1 1 1 1 1 1 1 1
Maze 166
111 394 3.0312500000 2.1732826639 94 0.367063312027456
83 12 12 99 20 27 21 80 27 62 34 1 47 34 68 83
82 400 92 19 17 400 71 77 22 32 31 41 44 64 63
401 400 401 402 402 400 401 401 402 402 401 401 401 401 402
1 0 0 0 0 0 0 0 0 0
1 1 0 0 0 0 1 1 1 1
1 1 1 1 1 1 1 0 1 0
1 1 1 1 0 0 1 0 1 0
1 1 1 1 1 1 1 0 1 0
1 1 0 1 0 0 1 0 1 0
1 1 1 1 1 1 1 1 1 0
1 1 1 1 1 1 1 1 1 1
0 1 2 0 0 0 0 0 1 0
0 1 1 1 1 1 1 1 1 0
Maze 167
99 41 3.0740740741 2.0948293652 51 0.363662132651505
60 43 86 87 30 88 61 31 31 20 15 18 41 97 18 60
53 83 400 27 28 81 400 400 11 400 400 11 91 17 58
401 401 400 402 402 401 400 400 402 400 400 402 401 402 401
0 0 0 0 0 0 0 0 0 0
1 1 1 1 1 1 1 1 1 1
1 0 0 0 0 0 1 1 1 1
1 0 0 0 0 0 1 1 0 0
1 0 1 0 0 0 1 1 0 0
1 0 1 1 1 1 1 1 1 2
1 0 1 0 0 0 1 1 0 0
1 0 1 0 0 0 1 1 0 0
1 1 1 1 1 1 1 1 0 0
1 1 1 1 1 1 1 0 0 0
Maze 168
99 166 3.0163934426 2.2492104421 84 0.389822626186094
79 80 76 40 96 14 25 99 27 83 32 66 30 17 30 79
400 400 36 36 94 24 95 97 23 82 62 26 27 27 29
400 400 402 402 401 401 401 401 402 401 401 402 401 401 402
0 0 0 0 0 0 0 0 0 0
0 0 0 1 0 0 1 0 0 0
0 0 1 1 1 1 1 1 1 1
0 1 1 1 1 1 1 1 1 1
0 1 1 1 1 1 1 0 1 0
0 1 1 1 1 1 1 0 1 0
0 1 1 1 1 1 1 0 1 0
0 1 1 1 1 1 1 1 2 1
0 1 1 1 1 1 1 0 0 0
0 0 0 1 1 1 1 1 1 0
Maze 169
103 10 2.8064516129 2.0789205828 60 0.373515947212458
90 20 76 27 5 71 42 8 32 27 84 97 68 59 16 90
400 16 26 25 1 41 2 2 22 24 94 67 58 56 86
400 402 402 401 402 402 402 402 402 402 401 402 402 401 401
1 1 1 1 1 1 1 1 0 0
1 1 0 0 1 1 1 1 1 1
1 1 1 1 1 1 1 0 0 1
1 1 0 1 0 1 0 0 0 1
1 1 0 1 0 1 0 0 0 1
1 0 0 1 0 1 1 1 1 1
1 0 0 1 0 1 1 1 0 1
1 0 0 1 0 1 1 0 0 1
0 0 0 1 0 1 1 1 1 2
0 0 0 1 1 1 1 0 0 0
Maze 170
107 216 3.8333333333 2.0186819560 112 0.383231664172685
41 14 77 14 96 46 49 42 56 32 91 45 93 69 91 41
11 74 74 94 400 400 400 52 52 31 41 43 63 61 400
402 401 401 401 400 400 400 401 401 402 402 402 402 402 400
0 0 0 0 0 0 0 0 0 0
1 1 1 1 0 0 0 0 0 0
1 0 0 1 0 0 0 0 0 0
1 1 0 1 0 0 0 0 0 0
2 1 1 1 1 1 1 1 1 0
1 1 1 1 1 1 0 0 0 0
1 1 1 1 1 1 1 1 1 0
1 0 1 1 1 1 1 0 0 0
1 0 1 1 0 1 0 0 0 0
1 0 1 1 1 1 0 0 0 0
Maze 171
113 101 3.1818181818 2.2810413410 78 0.391738340162199
68 31 34 30 82 62 9 89 96 43 18 83 89 100 53 68
61 400 24 22 400 2 400 86 93 13 13 400 99 93 63
401 400 402 402 400 402 400 402 401 402 402 400 401 401 401
0 1 1 1 1 1 1 1 1 0
0 1 1 1 1 1 1 1 1 0
0 1 1 1 1 1 1 1 1 1
1 1 1 1 0 0 0 0 1 0
1 1 1 0 0 0 0 0 1 0
1 1 1 0 0 0 0 0 1 0
1 1 1 1 1 1 1 2 1 0
0 1 1 0 0 0 0 0 1 0
0 1 1 1 1 1 1 1 1 0
0 0 1 1 1 1 1 1 1 1
Maze 172
77 326 2.5862068966 2.3380720909 25 0.373071512879321
100 49 53 80 60 100 52 43 26 77 58 19 27 35 35 100
99 43 73 400 400 92 42 23 76 57 18 17 25 400 95
401 402 401 400 400 401 402 402 401 402 402 402 402 400 401
0 0 0 0 0 0 0 0 0 0
0 0 0 0 0 0 1 1 1 0
0 0 1 1 1 1 1 1 0 0
0 0 1 0 1 1 0 1 0 0
0 1 1 1 1 1 1 1 1 0
0 1 1 0 1 1 1 1 1 1
0 1 1 0 1 1 1 0 1 1
0 1 1 1 1 1 1 1 1 1
0 1 0 0 1 0 0 0 1 1
0 1 1 1 1 1 1 1 1 2
Maze 173
119 158 3.2835820896 2.2109878094 156 0.370752506192089
27 69 31 80 89 26 96 18 45 10 53 90 87 82 99 27
67 61 71 79 86 400 16 15 5 3 83 400 400 92 97
401 401 401 402 401 400 402 402 402 402 401 400 400 401 401
0 0 1 1 1 1 1 1 1 1
0 0 1 0 1 1 1 1 0 0
0 0 1 0 1 1 2 0 0 0
1 0 1 0 1 1 1 0 0 0
1 0 1 0 1 1 1 0 0 0
1 0 1 0 0 1 1 0 0 0
1 1 1 1 1 1 1 1 1 0
1 1 1 1 1 1 1 1 1 1
0 1 1 1 1 1 1 1 1 1
0 1 1 1 1 1 1 1 1 0
Maze 174
101 321 3.1525423729 2.1849535709 71 0.372851654457953
92 59 12 2 38 89 49 3 45 21 88 97 83 14 93 92
52 52 400 32 88 400 43 43 41 81 87 93 13 13 400
402 401 400 401 401 400 401 401 401 401 402 401 402 402 400
0 1 1 0 0 0 0 0 0 0
0 1 1 1 0 0 0 0 0 0
1 1 1 0 0 0 0 0 0 0
1 1 1 1 1 1 1 1 0 0
1 1 1 1 1 1 1 1 1 0
1 1 1 1 1 1 1 1 1 0
1 1 1 0 0 0 0 1 1 0
1 1 1 0 0 0 0 1 1 0
1 1 1 1 1 1 1 1 1 0
0 2 1 1 1 1 1 0 0 0
Maze 175
91 110 2.4838709677 2.2286107981 44 0.374285816883776
13 64 97 32 14 66 6 5 97 7 74 71 61 21 71 13
63 94 92 12 64 400 400 95 400 4 400 400 400 400 11
401 401 401 402 401 400 400 401 400 402 400 400 400 400 402
0 0 0 1 1 1 1 0 0 0
1 1 2 1 1 1 1 0 0 0
1 1 1 1 1 1 1 0 0 0
1 1 1 1 1 1 1 0 0 0
1 1 1 1 1 1 1 0 0 0
1 1 1 1 1 1 1 0 0 0
1 1 1 1 1 1 1 0 0 0
1 1 1 1 1 0 1 0 0 0
0 1 0 1 1 0 1 0 0 0
0 1 1 1 1 1 1 0 0 0
Maze 176
111 3123 3.1034482759 1.9919046255 99 0.391731556242408
94 27 77 64 61 29 87 1 55 53 69 38 53 30 62 94
24 400 74 400 21 27 81 51 400 63 68 33 23 22 92
402 400 401 400 402 402 401 401 400 401 401 402 402 402 401
1 0 0 0 0 0 0 0 0 0
1 0 0 0 0 0 0 0 0 0
1 1 1 1 1 1 1 1 1 1
1 1 1 1 1 1 1 1 0 0
1 1 1 1 0 0 1 1 0 0
1 1 1 1 1 0 1 1 0 0
1 1 1 1 1 1 1 1 1 0
1 1 0 1 1 1 1 0 0 0
1 1 1 1 1 1 1 0 0 0
0 1 1 2 0 0 0 0 0 0
Maze 177
95 248 2.9655172414 2.2126880212 70 0.394238109122749
76 64 20 89 55 5 4 84 22 37 68 13 65 25 19 76
74 14 19 85 400 400 400 82 32 67 63 63 400 15 16
401 402 402 401 400 400 400 401 401 401 401 401 400 402 402
0 0 0 1 1 0 0 0 0 0
0 0 1 1 1 1 1 1 1 1
0 1 1 1 1 1 0 0 1 0
0 1 1 1 1 1 1 0 1 0
0 1 1 1 1 1 1 0 1 0
0 1 1 1 1 1 1 0 1 0
0 1 1 1 1 1 1 1 1 0
0 1 0 1 1 2 0 0 1 0
0 1 1 1 1 1 1 1 1 0
0 0 0 0 0 0 0 0 0 0
Maze 178
109 135 3.4444444444 2.0604471924 98 0.390830921615584
80 15 12 83 85 52 76 29 75 11 40 27 30 51 30 80
75 400 82 400 82 72 26 25 71 31 37 400 21 21 400
401 400 401 400 401 401 402 402 401 401 401 400 402 402 400
0 0 0 0 0 0 0 0 0 0
1 1 1 1 1 0 0 0 0 0
1 1 1 1 1 1 1 1 1 1
1 1 1 1 1 1 1 1 1 1
1 1 0 0 1 1 0 0 0 1
1 1 0 0 1 1 0 0 0 1
1 1 0 0 1 1 0 0 0 1
1 1 1 1 1 1 1 1 1 2
0 1 1 1 1 0 0 0 0 0
0 0 0 0 0 0 0 0 0 0
Maze 179
87 290 2.8214285714 2.2548680486 50 0.360641638241000
39 69 62 80 38 17 82 59 55 27 25 92 94 98 27 39
400 400 72 78 37 12 52 400 25 400 22 400 400 97 37
400 400 401 401 401 402 402 400 402 400 402 400 400 401 401
0 0 0 0 0 0 0 0 0 0
0 1 1 1 1 1 1 0 0 0
0 1 1 1 1 1 1 0 0 0
0 1 0 0 1 0 1 1 2 0
0 1 0 0 1 0 1 1 1 0
0 1 1 1 1 1 1 1 1 0
0 1 1 1 1 1 1 1 1 0
0 1 1 1 1 1 1 1 1 1
0 1 0 0 0 0 1 0 0 0
0 1 1 1 1 1 1 1 0 0
Maze 180
103 911 3.1320754717 1.9056553389 70 0.373230765782718
80 14 62 79 49 18 54 51 93 38 68 32 83 93 12 80
74 12 72 400 48 14 400 91 33 400 62 82 400 92 72
401 402 401 400 401 402 400 401 402 400 401 401 400 401 401
0 0 0 0 0 0 0 0 0 0
0 1 1 1 1 1 1 1 0 0
0 1 0 1 0 0 0 1 0 0
0 1 1 1 1 1 1 1 0 0
0 1 1 1 0 0 0 1 1 0
1 1 1 1 0 0 0 1 1 0
1 1 1 1 1 1 1 1 1 0
1 1 1 1 1 1 1 1 1 2
1 1 1 0 0 0 0 0 0 0
1 1 1 0 0 0 0 0 0 0
Maze 181
97 35 3.2830188679 2.1089871334 65 0.376242683935580
33 86 33 62 19 23 61 7 86 36 44 87 87 51 72 33
83 83 32 12 13 21 1 6 400 34 84 400 81 71 32
401 401 402 402 402 402 402 402 400 402 401 400 401 401 402
1 1 1 1 1 1 1 0 0 0
1 1 1 1 1 1 1 1 1 0
1 1 1 0 0 1 0 0 0 0
1 1 2 1 1 1 0 0 0 0
1 1 1 1 0 1 0 0 0 0
1 1 1 1 0 1 0 0 0 0
1 1 1 1 0 1 0 0 0 0
1 1 1 1 0 1 0 0 0 0
1 1 1 1 1 1 1 0 0 0
0 0 0 0 0 0 0 0 0 0
Maze 182
105 34 3.5200000000 1.9547832338 85 0.386060381198171
40 3 87 87 64 96 83 7 55 23 66 61 91 90 72 40
33 83 400 84 94 93 3 5 53 63 400 400 81 82 32
401 401 400 401 401 401 402 402 401 401 400 400 402 401 402
0 0 1 1 1 1 1 0 0 0
0 0 1 0 1 0 0 0 0 0
0 0 1 0 1 0 0 0 0 0
0 1 1 1 1 1 1 1 1 2
0 1 1 0 1 0 0 0 0 0
0 1 1 1 1 0 0 0 0 0
1 1 1 1 1 1 0 0 0 0
1 1 1 1 0 0 0 0 0 0
1 1 1 1 1 1 1 1 1 1
1 0 1 1 1 1 0 0 0 0
Maze 183
113 370 3.0746268657 2.2339810839 105 0.394619334729293
100 82 39 11 80 86 42 74 56 77 90 29 80 8 5 100
92 32 31 71 76 82 72 54 76 87 89 79 78 400 95
401 402 401 401 402 401 401 402 401 401 401 401 401 400 401
0 0 0 0 1 1 1 1 0 0
1 0 0 0 1 0 0 1 0 0
1 0 0 0 1 0 0 1 1 0
1 1 1 1 1 1 1 1 1 0
1 1 0 0 1 0 0 1 1 0
1 1 0 1 1 1 0 1 1 0
1 1 0 1 1 1 0 1 1 0
1 1 1 1 1 1 1 1 1 1
0 1 1 1 1 1 1 1 1 1
0 1 1 1 1 1 1 1 1 2
Maze 184
65 6 3.1052631579 1.9266052071 20 0.385719082104048
19 8 38 57 70 26 67 74 4 14 86 26 5 3 10 19
18 400 37 67 66 66 64 400 400 84 400 25 400 400 9
401 400 402 401 401 401 402 400 400 401 400 401 400 400 402
0 0 1 1 1 1 1 1 1 1
0 0 0 1 1 0 0 1 2 0
0 0 0 1 1 1 0 1 0 0
0 0 0 1 0 1 1 1 0 0
0 0 0 1 0 1 1 0 0 0
0 0 0 1 0 1 1 0 0 0
0 0 0 1 1 1 1 1 1 1
0 0 0 1 0 1 0 0 0 0
0 0 0 1 1 1 0 0 0 0
0 0 0 0 0 0 0 0 0 0
Maze 185
85 7 2.9803921569 2.1140733973 44 0.389783396687451
16 36 23 76 83 98 38 11 40 99 80 18 15 10 36 16
400 33 73 73 93 400 31 31 39 79 78 400 5 6 400
400 401 401 402 401 400 401 401 402 402 401 400 402 402 400
0 0 0 0 1 1 1 1 1 1
1 0 0 0 1 2 1 1 0 0
1 0 1 0 0 1 0 1 0 0
1 1 1 1 1 1 1 1 1 1
0 0 1 0 0 0 0 1 1 0
0 0 1 0 0 0 0 1 1 0
0 0 1 0 0 0 0 1 1 0
0 0 1 1 1 1 0 1 1 1
0 0 1 0 0 0 0 1 1 0
0 0 1 1 1 1 1 1 1 0
Maze 186
117 8494 3.1142857143 2.3343847281 147 0.396732762435165
61 4 49 96 32 15 28 61 89 58 53 84 4 69 7 61
1 44 46 92 12 25 21 81 88 400 83 400 64 67 1
402 401 402 401 402 401 402 401 401 400 401 400 401 401 402
1 1 1 1 1 1 1 0 0 0
1 1 1 1 1 0 1 0 0 0
1 1 1 1 1 1 1 1 0 0
1 1 0 1 0 0 1 0 0 0
1 1 0 1 1 1 1 1 1 0
1 1 1 1 1 1 1 1 0 0
2 1 1 1 1 1 1 1 1 0
1 1 1 1 0 1 0 1 0 0
1 1 1 1 1 1 1 1 1 0
0 1 1 1 1 1 0 0 0 0
Maze 187
87 21 3.1698113208 2.2697194264 50 0.362357662844337
48 93 73 48 10 59 43 9 81 22 24 36 27 19 8 48
43 400 43 8 9 53 3 1 21 400 34 26 17 18 400
402 400 402 402 402 401 402 402 402 400 401 402 402 401 400
1 1 1 1 1 1 1 1 1 1
1 0 1 0 0 0 1 1 1 0
1 1 1 1 0 1 1 1 1 0
1 0 1 1 1 1 0 1 1 0
1 0 1 1 1 1 1 2 1 0
1 0 1 1 1 1 1 1 1 0
1 0 1 0 0 0 0 0 0 0
1 0 1 0 0 0 0 0 0 0
1 0 1 0 0 0 0 0 0 0
0 0 1 0 0 0 0 0 0 0
Maze 188
67 11 3.0000000000 2.0370900402 11 0.385783105556414
41 35 33 41 27 18 17 27 84 65 65 12 5 8 84 41
31 400 31 21 17 400 400 24 64 400 62 2 400 4 81
402 400 402 402 402 400 400 402 402 400 401 402 400 402 401
0 1 1 1 1 1 1 1 0 0
0 1 0 1 0 0 1 1 0 0
1 1 1 1 1 1 1 0 0 0
1 1 1 1 1 0 0 0 0 0
2 1 0 1 0 0 0 0 0 0
1 1 0 1 0 0 0 0 0 0
1 1 1 1 1 0 0 0 0 0
1 0 0 1 0 0 0 0 0 0
1 1 1 1 0 0 0 0 0 0
0 0 0 0 0 0 0 0 0 0
Maze 189
111 698 3.1803278689 2.0999868363 87 0.396501017823067
36 20 42 26 8 88 54 29 75 34 61 8 10 85 50 36
16 12 22 6 400 84 24 25 74 31 1 400 5 45 46
402 402 402 402 400 401 402 402 401 402 402 400 402 402 401
1 1 1 1 1 1 1 1 1 1
1 1 1 1 1 1 1 1 1 1
1 1 1 1 1 1 1 1 1 0
1 1 1 1 1 2 0 1 0 0
1 1 0 1 1 1 1 1 1 1
1 0 0 1 1 0 0 1 0 0
1 0 0 1 1 0 0 1 0 0
0 0 0 1 1 0 0 1 0 0
0 0 0 1 1 1 1 1 0 0
0 0 0 0 0 0 0 0 0 0
Maze 190
83 19 3.0612244898 2.1209434717 30 0.377819872708683
69 77 77 20 90 69 55 35 96 89 95 66 42 20 33 69
67 400 17 400 89 65 400 95 86 85 65 62 12 13 63
402 400 402 400 401 401 400 401 402 402 402 401 402 402 401
0 0 0 0 0 0 0 0 0 0
0 1 1 1 1 1 1 1 1 1
0 1 1 0 0 0 1 0 0 1
0 1 1 0 1 0 1 0 0 1
0 1 1 0 1 0 1 0 0 1
0 1 1 0 1 0 1 0 0 1
0 1 1 1 1 1 1 1 2 1
0 0 0 0 1 0 1 0 1 1
0 0 0 0 1 1 1 1 1 1
0 0 0 0 1 1 0 0 0 0
Maze 191
67 78 2.9545454545 2.2733941444 11 0.388451523196103
16 6 25 41 76 87 42 83 64 5 23 63 34 17 46 16
400 5 21 71 86 82 82 63 4 3 400 33 14 16 400
400 402 402 401 401 401 401 402 402 402 400 402 402 402 400
0 0 1 1 1 1 0 0 0 0
0 0 1 1 1 2 1 0 0 0
1 1 1 1 1 1 0 0 0 0
1 0 1 1 0 1 0 0 0 0
1 1 1 1 0 1 0 0 0 0
1 1 1 1 0 0 0 0 0 0
1 1 1 1 0 0 0 0 0 0
1 1 1 1 1 1 0 0 0 0
0 1 1 1 1 1 1 0 0 0
0 0 0 0 0 0 0 0 0 0
Maze 192
113 34 3.0000000000 1.8188491069 78 0.392941035253535
49 2 59 51 13 62 8 78 76 59 12 89 98 38 90 49
42 52 400 11 12 2 400 400 56 52 82 88 400 88 89
401 401 400 402 402 402 400 400 402 401 401 402 400 401 401
0 1 1 1 1 1 1 1 0 0
1 1 1 0 0 0 0 1 0 0
1 1 0 0 0 0 0 1 0 0
1 1 0 0 0 0 0 1 0 0
1 1 1 1 1 1 1 1 2 0
1 1 1 1 1 1 1 1 1 0
0 1 0 0 0 1 0 1 1 0
0 1 0 0 0 1 1 1 1 0
0 1 1 1 1 1 1 1 1 1
0 0 0 0 0 0 0 1 0 0
Maze 193
73 22 3.0000000000 2.0311307638 20 0.384783247761086
45 4 67 38 67 37 32 92 61 72 68 7 50 18 15 45
44 64 37 37 400 400 400 91 71 62 67 47 48 400 400
401 401 402 402 400 400 400 401 401 402 401 401 401 400 400
0 0 0 1 0 0 1 0 0 0
0 0 0 1 1 1 1 1 0 0
0 0 0 1 1 0 1 1 0 0
0 1 1 1 1 1 1 1 0 0
0 1 0 1 2 0 1 1 1 1
0 1 0 1 0 0 1 0 0 0
1 1 1 1 1 1 1 1 0 0
1 1 0 0 0 0 0 0 0 0
1 1 0 0 0 0 0 0 0 0
1 1 0 0 0 0 0 0 0 0
Maze 194
97 14 3.4545454545 1.8965228553 45 0.392755651448423
15 5 9 25 33 58 95 56 23 98 23 56 5 73 92 15
400 400 5 23 53 55 55 53 93 93 53 55 3 72 12
400 400 402 402 401 402 402 401 401 401 401 401 402 402 402
0 0 1 1 1 1 1 1 1 0
0 1 1 1 2 0 0 0 0 0
0 1 1 1 1 0 0 0 0 0
0 1 1 0 1 0 0 0 0 0
0 1 1 0 1 0 0 0 0 0
0 1 1 1 1 1 1 1 0 0
0 1 1 0 1 0 0 0 0 0
0 1 1 0 1 0 0 0 0 0
0 1 1 0 1 0 0 0 0 0
0 1 1 1 1 1 1 1 0 0
Maze 195
127 75 3.9629629630 2.0004090784 137 0.380858168204515
72 19 77 20 31 67 54 23 2 90 31 84 91 42 60 72
12 17 17 11 61 64 53 22 82 81 81 81 41 52 52
402 402 402 402 401 401 401 401 401 401 401 402 402 401 402
0 1 0 0 0 0 0 0 0 0
1 1 1 1 1 1 1 1 1 1
1 1 1 0 0 0 1 0 0 0
1 1 1 0 0 0 1 0 0 0
1 1 1 0 0 0 1 0 0 0
1 1 1 1 1 1 1 1 1 1
1 1 1 1 1 1 1 0 0 0
1 2 0 0 0 0 1 0 0 0
1 1 1 1 1 1 1 1 1 1
1 0 0 0 0 0 0 0 0 0
Maze 196
101 70 3.2916666667 1.8791720734 56 0.371687531099104
71 51 62 63 66 2 96 6 13 9 31 62 7 63 47 71
400 61 400 400 62 92 400 3 3 1 61 2 3 43 41
400 401 400 400 401 401 400 402 402 402 401 402 402 402 402
1 1 1 1 1 1 1 1 1 0
1 1 1 0 0 1 0 0 0 0
1 1 1 0 0 1 0 0 0 0
1 1 1 0 0 1 0 0 0 0
1 1 1 1 1 1 1 0 0 0
1 1 1 0 0 1 0 0 0 0
1 1 1 1 1 1 0 0 0 0
2 1 0 0 0 1 0 0 0 0
0 1 0 0 0 1 0 0 0 0
0 1 1 1 1 1 0 0 0 0
Maze 197
87 288 2.9818181818 2.2866579119 50 0.374227324031513
42 84 67 1 7 50 49 29 40 97 37 41 76 50 41 42
82 64 61 400 47 400 400 39 37 400 31 71 46 400 400
401 402 401 400 401 400 400 401 402 400 402 401 402 400 400
1 1 1 1 1 1 1 0 0 0
1 0 0 0 0 0 1 0 0 0
1 0 0 0 0 0 1 0 1 0
1 1 1 1 1 1 1 1 1 1
1 2 1 1 1 1 1 1 1 1
1 1 0 0 0 1 1 0 0 0
1 1 1 1 1 1 1 0 0 0
1 1 1 1 1 1 1 0 0 0
0 1 1 1 0 0 1 0 0 0
0 0 0 0 0 0 1 0 0 0
Maze 198
95 40 2.9508196721 2.2290065006 65 0.376241680171231
61 29 46 64 14 7 8 44 2 95 68 39 35 24 90 61
21 26 44 400 4 400 4 42 92 65 38 400 34 84 81
402 402 402 400 402 400 402 401 401 402 402 400 401 401 401
0 1 0 1 1 1 1 1 0 0
0 1 0 1 0 0 0 0 0 0
1 1 1 1 1 1 1 1 1 0
1 1 0 1 1 1 1 1 1 0
1 1 1 1 1 1 0 1 0 0
1 1 0 1 0 0 0 1 0 0
2 1 0 1 1 1 1 1 0 0
1 1 0 1 1 0 0 0 0 0
1 1 1 1 1 1 1 1 1 1
0 1 1 1 1 0 0 0 0 0
Maze 199
69 66 3.2105263158 2.1332707033 10 0.363350662203739
33 11 44 63 57 87 17 42 66 71 43 33 24 53 11 33
31 41 43 53 400 400 12 62 61 41 400 23 23 51 31
401 401 402 402 400 400 402 401 402 402 400 402 402 401 401
0 0 0 0 0 0 0 0 0 0
1 1 1 1 1 1 1 0 0 0
1 1 1 1 0 0 1 0 0 0
1 1 2 0 0 0 1 0 0 0
1 1 1 1 0 0 1 0 0 0
1 1 1 1 1 1 1 0 0 0
1 1 1 1 1 1 1 0 0 0
1 0 0 0 0 0 1 0 0 0
0 0 0 0 0 0 1 0 0 0
0 0 0 0 0 0 0 0 0 0
Maze 200
91 199 3.1923076923 2.1500941839 45 0.383950111174933
21 61 23 97 66 59 17 53 45 80 48 27 70 83 36 21
400 21 93 96 56 57 13 43 75 78 47 67 63 33 31
400 402 401 401 402 401 402 402 401 401 401 401 402 402 401
0 0 0 0 0 0 0 0 0 0
0 0 1 1 1 1 1 0 0 0
2 1 1 0 0 0 1 0 0 0
1 1 1 1 1 1 1 0 0 0
1 0 1 1 1 0 1 1 0 0
1 0 1 0 1 1 1 1 1 0
1 0 1 1 1 1 1 1 1 1
0 0 1 0 1 1 1 1 1 1
0 0 1 0 0 1 0 0 0 0
0 0 1 1 1 1 1 0 0 0
