numMazes: 200
mazeSize: 10
Maze 1
107 2566 2.9117647059 2.3364028542 79 0.371663461217496
52 73 76 36 4 100 27 17 92 84 5 60 10 23 96 52
72 400 400 34 94 97 400 12 82 4 55 400 3 93 92
401 400 400 401 401 401 400 402 402 402 401 400 402 401 401
0 0 1 1 1 1 1 1 1 1
0 1 1 1 1 1 1 0 0 1
0 1 1 1 1 0 1 0 0 1
0 1 1 1 1 1 1 0 0 1
0 1 1 1 1 1 1 0 0 1
0 2 1 1 1 1 1 1 1 1
0 1 1 1 0 1 1 0 0 0
0 1 1 1 1 1 1 0 0 0
0 1 1 1 0 0 1 0 0 0
0 1 1 1 1 1 1 1 1 1
Maze 2
73 7 3.0222222222 2.1757616689 13 0.395710610669966
23 14 11 51 64 37 97 89 97 84 98 15 49 61 41 23
13 400 400 61 34 400 87 87 94 94 95 45 41 400 21
402 400 400 401 402 400 402 402 401 401 401 401 402 400 402
0 0 0 0 0 0 0 0 0 0
1 1 1 1 1 0 0 0 0 0
1 1 2 0 1 0 0 0 0 0
1 0 0 1 1 1 1 0 0 0
1 1 1 1 1 1 1 1 1 0
1 0 0 1 1 0 1 0 0 0
1 1 1 1 1 0 1 0 0 0
0 0 0 0 1 0 1 0 0 0
0 0 0 1 1 0 1 1 1 0
0 0 0 1 1 1 1 1 0 0
Maze 3
111 68 3.5686274510 1.9932592952 61 0.390045855714585
43 94 86 92 86 94 38 72 40 56 85 52 100 5 30 43
93 84 82 82 84 34 32 32 36 55 82 92 95 25 23
401 402 402 402 402 402 402 402 402 402 401 401 401 401 402
0 0 0 0 1 0 0 0 0 0
0 0 0 0 1 0 0 0 0 0
0 0 1 1 1 1 1 1 1 1
0 1 1 1 1 1 1 1 1 1
0 1 2 1 1 1 0 0 0 0
0 1 1 1 1 1 0 0 0 0
0 1 1 1 1 0 0 0 0 0
0 1 1 1 1 0 0 0 0 0
0 1 1 1 1 1 0 0 0 0
0 1 1 1 1 1 1 1 1 1
Maze 4
93 466 3.4509803922 2.1194202151 56 0.385514237919240
93 4 83 49 87 58 12 32 72 81 89 36 96 35 74 93
3 3 43 47 57 52 400 400 71 400 86 400 95 34 73
402 402 402 402 402 401 400 400 402 400 401 400 401 402 402
0 0 1 1 0 0 0 0 0 0
0 1 1 0 0 0 0 0 0 0
0 1 1 0 0 0 0 0 0 0
0 1 1 1 1 1 0 0 0 0
0 1 1 1 1 1 1 1 1 0
0 1 1 1 1 1 1 1 0 0
0 1 1 1 1 1 1 0 0 0
1 1 1 1 1 1 1 0 0 0
1 1 1 1 1 1 1 1 1 0
0 0 2 0 1 1 0 0 0 0
Maze 5
123 177 3.2424242424 2.1565006585 112 0.391704570665423
6 77 40 29 22 70 52 90 81 35 80 21 3 72 78 6
76 37 39 400 62 62 82 400 31 75 71 1 2 400 76
401 402 401 400 401 401 401 400 402 401 401 402 402 400 401
1 1 1 0 0 2 0 0 0 0
1 1 0 0 0 1 0 0 0 0
1 1 1 1 1 1 1 1 1 0
1 1 1 1 1 1 1 1 1 1
1 1 0 0 1 1 1 0 0 0
1 1 0 0 1 1 1 0 0 0
1 1 1 1 1 1 1 1 1 1
1 1 1 1 1 1 1 1 1 1
1 1 1 1 1 1 1 1 1 1
0 0 0 0 0 0 0 0 0 0
Maze 6
123 116 3.5600000000 1.8998514678 140 0.399218994491088
36 4 19 81 33 64 50 61 49 85 92 18 84 1 44 36
34 14 11 31 63 44 41 41 45 82 12 14 81 41 34
401 401 402 402 401 402 402 402 402 402 402 402 401 401 402
1 0 0 1 0 0 0 0 0 0
1 1 1 1 1 1 1 1 1 0
1 1 0 1 0 0 0 0 0 0
1 1 1 1 1 2 0 0 0 0
1 1 1 1 1 1 1 1 1 1
1 1 1 1 1 0 0 0 0 0
1 1 1 1 1 0 0 0 0 0
1 1 0 1 1 0 0 0 0 0
1 1 1 1 1 0 0 0 0 0
0 1 0 0 0 0 0 0 0 0
Maze 7
95 759 3.0333333333 2.2802289250 77 0.397874308130495
86 39 2 54 100 80 76 93 97 51 84 15 37 90 59 86
36 32 52 94 400 400 73 400 91 81 14 35 87 89 56
402 401 401 401 400 400 402 400 401 401 402 401 401 401 402
0 1 0 0 0 0 0 0 0 0
0 1 0 1 1 0 0 0 0 0
0 1 0 1 1 0 0 0 0 0
0 1 1 1 1 1 1 1 1 0
0 1 0 1 0 1 1 0 0 0
1 1 1 1 0 1 1 1 1 0
1 0 0 1 0 1 1 0 1 0
1 0 1 1 1 1 1 1 1 1
1 1 1 1 0 2 1 1 1 1
1 1 1 1 1 1 1 1 1 1
Maze 8
99 115 3.7358490566 2.2448174662 56 0.386730673770600
27 30 28 96 6 41 90 3 46 32 66 51 52 21 4 27
400 400 26 400 1 81 83 43 42 62 61 400 51 1 24
400 400 402 400 402 401 401 401 401 401 401 400 401 402 401
1 1 1 1 1 1 0 0 0 0
1 0 1 1 0 1 0 0 0 0
1 0 1 1 1 1 2 1 1 1
1 1 1 0 0 1 0 0 0 0
1 1 1 1 1 1 0 0 0 0
1 1 1 0 0 1 0 0 0 0
1 1 1 1 1 1 0 0 0 0
1 0 1 0 0 1 0 0 0 0
1 1 1 1 1 1 1 1 1 1
0 0 0 0 0 1 0 0 0 0
Maze 9
89 316 3.3600000000 2.1667049426 56 0.385828475799547
73 3 85 17 58 73 62 38 95 78 49 46 11 61 43 73
400 83 15 57 53 72 32 35 75 48 400 41 400 41 400
400 401 402 401 402 401 402 402 402 402 400 401 400 402 400
0 0 1 0 0 0 0 0 0 0
1 0 1 0 1 1 1 0 0 0
1 0 1 0 1 0 1 0 0 0
1 1 1 1 1 1 1 1 0 0
1 1 1 1 1 1 1 1 1 0
1 1 1 1 1 1 1 1 0 0
1 1 1 0 1 0 0 1 0 0
0 1 2 0 1 1 1 1 0 0
0 0 1 1 1 0 0 0 0 0
0 0 0 0 1 0 0 0 0 0
Maze 10
81 22 3.0612244898 2.1882144605 21 0.379891386090973
22 32 65 58 67 59 57 100 3 8 58 25 45 18 73 22
400 62 55 57 57 400 97 93 400 400 55 400 15 13 72
400 401 402 402 402 400 401 401 400 400 401 400 402 402 401
0 0 1 1 1 1 1 1 0 0
0 0 1 1 1 1 1 1 0 0
0 2 1 0 1 0 0 1 0 0
0 1 1 0 1 0 0 1 0 0
0 1 1 0 1 0 0 1 0 0
0 1 1 0 1 1 1 1 1 0
0 1 1 1 1 0 1 0 0 0
0 1 1 0 0 0 1 0 0 0
0 0 1 0 0 0 1 0 0 0
0 0 1 1 1 1 1 1 1 1
Maze 11
95 670 3.7333333333 2.0352447276 66 0.378666946753361
61 51 58 85 16 81 37 84 35 83 71 88 75 43 12 61
400 400 55 15 11 31 34 34 33 81 81 85 73 42 11
400 400 402 402 402 402 402 402 402 401 401 401 401 401 402
0 0 0 0 0 0 0 0 0 0
1 1 1 1 1 1 0 0 0 0
1 1 0 0 1 0 0 0 0 0
1 1 1 1 1 1 1 0 0 0
1 1 1 1 1 0 0 0 0 0
1 1 1 1 1 1 1 1 0 0
2 0 1 1 1 0 0 0 0 0
1 0 1 1 1 0 0 0 0 0
1 1 1 1 1 1 1 1 0 0
0 0 0 0 0 0 0 0 0 0
Maze 12
115 378 3.3818181818 1.9491982592 140 0.392203193789392
3 49 41 37 94 18 2 18 25 52 20 90 81 42 37 3
43 400 31 34 14 12 12 15 22 12 400 400 41 32 33
401 400 402 402 402 401 401 402 402 402 400 400 402 402 401
0 1 2 0 0 0 0 0 0 0
0 1 1 1 1 1 1 1 1 1
0 1 1 1 1 0 0 0 0 1
1 1 1 1 1 1 1 0 0 1
1 1 1 1 1 1 1 1 1 1
1 1 0 1 0 0 0 0 0 1
1 0 0 1 0 0 0 0 0 1
1 0 0 1 0 0 0 0 0 1
1 1 1 1 1 1 1 1 1 1
0 0 0 1 0 0 0 0 0 0
Maze 13
89 150 3.1666666667 2.0720409095 56 0.382666261273865
83 24 84 93 53 16 60 56 39 41 4 67 49 59 17 83
23 400 83 400 13 56 400 36 31 1 64 47 400 57 13
402 400 402 400 402 401 400 402 402 402 401 402 400 401 402
1 1 1 1 0 0 0 0 0 0
1 0 1 1 1 1 1 0 0 0
1 0 1 1 0 1 1 0 0 0
1 1 1 1 1 1 1 1 1 0
1 0 1 1 0 1 1 1 1 0
0 0 1 1 0 1 1 1 1 1
0 0 1 1 1 1 1 0 0 0
0 0 1 1 0 0 0 0 0 0
0 0 2 1 0 0 0 0 0 0
0 0 1 0 0 0 0 0 0 0
Maze 14
101 59 3.2592592593 2.1048243521 62 0.395123954177184
92 32 5 48 40 93 84 66 13 24 70 75 93 6 19 92
400 2 45 38 33 83 64 63 23 64 65 73 3 16 12
400 402 401 402 402 402 402 401 401 401 402 402 402 401 402
0 1 1 1 1 1 0 0 0 0
0 1 1 1 1 1 1 1 1 0
0 1 1 1 1 0 0 0 0 0
0 1 1 1 1 1 1 1 1 1
0 1 1 1 1 1 1 1 0 0
0 1 1 1 0 0 0 0 0 0
0 1 1 1 1 1 1 1 1 1
0 1 1 1 1 0 0 0 0 0
0 1 1 1 0 0 0 0 0 0
0 2 1 0 0 0 0 0 0 0
Maze 15
83 102 3.2083333333 2.1168425665 35 0.388561133105741
72 6 92 95 24 5 35 37 27 83 58 45 22 21 55 72
2 2 400 94 4 400 400 400 23 53 55 42 400 51 52
402 402 400 401 402 400 400 400 402 402 401 401 400 401 402
0 1 1 1 1 1 0 0 0 0
0 1 0 1 1 0 0 0 0 0
1 1 1 1 1 1 1 0 0 0
1 1 1 1 1 1 1 0 0 0
1 1 1 1 1 0 0 0 0 0
1 1 1 1 1 1 1 1 0 0
0 1 1 1 0 0 0 0 0 0
0 2 1 1 0 0 0 0 0 0
0 1 1 1 0 0 0 0 0 0
0 1 1 1 1 0 0 0 0 0
Maze 16
131 97 3.6610169492 2.0159777136 168 0.390914094519835
1 90 98 44 70 15 48 70 72 81 90 42 98 9 78 1
81 88 94 64 65 45 68 62 71 400 82 92 8 8 71
401 402 401 401 401 401 401 402 402 400 401 401 402 402 401
2 0 0 0 0 0 0 1 1 0
1 0 0 0 1 0 0 1 0 0
1 0 0 0 1 0 0 1 0 0
1 0 0 0 1 0 0 1 0 0
1 1 0 1 1 1 1 1 0 0
1 1 0 1 1 0 0 1 0 0
1 1 1 1 1 1 1 1 1 1
1 1 1 1 1 1 1 1 0 0
1 1 1 1 1 1 1 1 1 1
0 1 1 1 1 1 1 1 0 0
Maze 17
121 292 3.5438596491 2.1296092909 96 0.381064986457851
56 34 98 67 1 35 77 5 41 25 49 71 10 24 71 56
54 94 97 61 31 75 75 1 21 45 41 1 4 21 51
401 401 401 401 401 401 401 402 402 401 402 402 402 402 402
1 1 1 1 1 1 1 1 1 1
1 0 0 1 1 0 0 0 0 0
1 1 1 1 1 0 0 0 0 0
1 1 1 1 1 0 0 0 0 0
1 1 1 1 1 1 1 1 1 0
1 1 1 1 1 2 0 0 0 0
1 1 1 1 1 1 1 0 0 0
1 0 0 1 1 1 1 0 0 0
0 0 0 1 0 0 1 0 0 0
0 0 0 1 1 1 1 1 0 0
Maze 18
97 4655 3.0333333333 2.2782642707 71 0.379981847865478
50 83 91 79 60 77 16 33 92 39 89 12 26 25 59 50
43 81 71 59 57 76 13 32 32 400 82 22 400 55 49
402 402 402 402 402 401 402 402 402 400 401 401 400 401 402
0 0 0 0 0 0 0 0 0 0
0 1 1 1 1 1 0 0 0 0
0 1 1 1 1 1 0 0 0 0
0 1 1 1 1 1 1 1 1 0
0 1 1 1 1 1 1 1 1 2
0 1 1 0 1 1 1 1 1 1
0 1 1 0 0 1 1 0 1 0
1 1 1 1 1 1 1 1 1 0
1 1 1 1 1 1 1 1 1 0
1 1 0 0 0 0 0 0 0 0
Maze 19
93 2432 3.2500000000 2.3294971503 50 0.382870637601996
16 45 66 61 49 80 12 39 53 64 9 27 64 72 76 16
15 65 400 41 79 72 32 33 63 4 7 24 62 400 400
402 401 400 402 401 401 401 402 401 402 402 402 402 400 400
0 0 0 1 1 1 1 1 1 0
0 1 0 1 1 2 1 0 0 0
0 1 0 1 1 1 1 0 0 0
0 1 1 1 1 1 1 1 1 0
1 1 1 1 1 1 1 1 1 0
1 1 1 1 1 1 0 0 1 0
1 1 1 1 1 1 0 0 1 0
0 1 1 1 1 1 1 1 1 1
0 0 0 0 0 0 0 0 0 0
0 0 0 0 0 0 0 0 0 0
Maze 20
125 115 3.4444444444 1.8797462093 160 0.385537889764575
71 17 11 89 27 40 64 47 61 69 36 14 91 19 34 71
11 400 81 87 37 34 44 41 400 66 34 11 11 14 31
402 400 401 401 401 402 402 402 400 401 401 402 402 402 402
0 0 0 0 0 0 0 0 0 0
1 1 1 1 1 1 1 1 1 0
1 0 0 1 0 0 1 0 0 0
1 1 1 1 1 1 1 1 1 1
1 1 1 1 1 1 1 0 0 0
1 0 0 1 0 1 1 0 0 0
1 1 1 1 1 1 1 1 1 0
2 0 0 0 0 0 1 0 0 0
1 1 1 1 1 1 1 1 1 0
1 0 0 0 0 0 0 0 0 0
Maze 21
109 1649 3.3103448276 2.0789043078 104 0.395457495118426
70 5 72 39 77 49 68 13 58 94 20 38 57 34 79 70
65 2 32 37 47 48 63 53 54 14 18 37 54 74 69
401 402 402 402 402 402 401 401 402 402 402 402 401 401 402
0 1 1 1 1 0 0 0 0 0
0 1 1 1 1 1 1 1 1 1
0 1 1 1 1 0 0 1 0 0
0 1 1 1 1 1 1 1 1 0
0 1 1 1 1 0 1 1 1 0
0 1 1 1 1 1 1 1 0 0
0 1 1 1 1 1 1 1 1 2
0 1 0 1 1 1 1 1 1 0
0 0 0 1 0 0 0 0 0 0
0 0 0 1 0 0 0 0 0 0
Maze 22
99 6 3.5918367347 2.1484533688 36 0.387974579761753
1 92 31 93 8 63 90 92 85 94 82 39 37 35 2 1
91 91 91 3 3 83 82 82 84 92 32 400 400 32 400
401 401 401 402 402 401 402 402 402 401 402 400 400 401 400
2 1 1 1 1 1 1 1 0 0
1 1 1 0 0 0 0 0 0 0
1 1 1 0 0 0 0 0 0 0
1 1 1 1 1 1 1 1 1 0
1 1 1 0 0 0 0 0 0 0
1 1 1 0 0 0 0 0 0 0
1 1 1 0 0 0 0 0 0 0
1 1 1 0 0 0 0 0 0 0
1 1 1 1 1 1 1 1 1 1
1 1 1 1 0 0 0 0 0 0
Maze 23
97 10 3.2608695652 1.8686328133 71 0.387136183660950
52 15 2 88 48 63 59 75 74 33 15 43 92 42 20 52
12 12 82 400 43 53 55 400 73 13 13 42 400 12 12
402 401 401 400 402 402 402 400 401 402 402 402 400 402 402
0 1 0 0 0 0 0 0 0 0
0 1 1 1 1 1 1 1 1 1
0 1 1 0 0 0 0 0 0 0
0 1 1 0 0 0 0 0 0 0
0 1 1 1 1 1 1 1 0 0
0 2 1 1 1 1 1 1 1 0
0 1 1 0 1 0 0 1 0 0
0 1 1 1 1 0 0 1 0 0
0 1 1 1 1 1 1 1 0 0
0 1 0 0 0 0 0 0 0 0
Maze 24
97 279 2.9677419355 2.2983870875 55 0.370466439544258
2 41 99 28 24 52 26 70 7 14 14 53 1 44 19 2
1 91 98 400 22 22 66 67 4 400 13 51 41 14 12
402 401 401 400 402 402 401 401 402 400 402 401 401 402 401
1 2 0 1 1 1 1 0 0 0
1 1 1 1 1 1 1 1 1 0
1 1 1 1 1 1 1 1 0 0
1 1 1 1 0 1 1 1 0 0
1 1 1 1 0 1 1 1 0 0
1 1 1 0 0 1 1 1 0 0
1 0 0 0 0 1 1 1 1 1
1 0 0 0 0 0 0 1 0 0
1 0 0 0 0 0 0 1 0 0
1 1 1 1 1 1 1 1 1 0
Maze 25
105 128 3.2307692308 2.1215205058 112 0.403304423304646
34 10 47 93 51 91 51 2 55 28 11 61 8 34 19 34
4 7 43 91 400 400 1 52 25 21 400 1 4 14 14
402 402 402 401 400 400 402 401 402 401 400 402 402 402 402
1 1 1 1 1 1 1 1 1 1
1 1 0 1 1 1 1 1 1 0
1 1 1 1 1 1 1 1 0 0
1 1 0 2 1 0 1 0 0 0
1 1 1 1 1 1 1 0 0 0
1 1 1 1 1 0 0 0 0 0
1 0 1 0 0 0 0 0 0 0
1 0 1 0 0 0 0 0 0 0
1 0 1 0 0 0 0 0 0 0
1 1 1 0 0 0 0 0 0 0
Maze 26
75 116 3.0416666667 2.2066798419 22 0.371071867369238
86 50 92 71 43 73 23 61 22 35 77 95 92 87 89 86
46 42 91 41 400 400 21 21 32 75 75 400 82 400 400
402 402 401 402 400 400 402 402 401 401 402 400 402 400 400
0 0 0 0 0 0 0 0 0 0
0 0 0 0 0 0 0 0 0 0
1 1 1 0 0 0 0 0 0 0
1 1 1 1 1 0 0 0 0 0
1 1 1 1 1 1 1 1 1 1
1 1 1 0 1 1 0 0 0 0
1 1 1 0 1 1 0 0 0 0
1 1 1 0 1 1 1 0 0 0
1 1 1 1 1 2 1 1 1 0
1 1 1 1 1 0 0 0 0 0
Maze 27
87 6 3.2765957447 2.0961030859 41 0.402982531186823
14 9 39 5 24 51 92 83 57 43 60 23 74 21 28 14
4 400 35 4 21 91 82 53 53 53 53 73 71 400 24
402 400 401 402 402 401 402 402 401 401 401 401 401 400 401
0 0 0 1 1 1 1 1 1 0
0 0 0 2 1 0 0 0 1 0
1 1 1 1 1 1 1 1 1 0
1 0 1 0 1 1 1 1 1 0
1 0 1 0 0 0 0 0 0 0
1 0 1 1 1 1 1 1 1 1
1 0 1 0 0 0 0 0 0 0
1 1 1 1 0 0 0 0 0 0
1 1 1 0 0 0 0 0 0 0
1 1 0 0 0 0 0 0 0 0
Maze 28
107 1313 2.8450704225 2.3369083181 87 0.387615620920078
9 46 44 87 18 59 61 82 2 55 95 81 18 94 73 9
6 400 84 17 58 51 81 400 52 400 91 11 14 93 3
402 400 401 402 401 402 401 400 401 400 401 402 402 401 402
0 1 1 1 1 1 1 1 2 0
1 1 1 1 1 1 1 1 0 0
1 1 1 1 0 1 1 1 0 0
1 1 1 1 0 1 1 1 0 0
1 1 1 1 1 1 1 1 0 0
1 1 1 1 1 1 1 1 1 0
1 1 1 1 1 0 1 0 0 0
1 1 1 1 1 0 1 0 0 0
1 1 1 1 1 1 1 0 0 0
1 1 1 1 1 0 0 0 0 0
Maze 29
121 241 3.6140350877 1.9900071473 156 0.393045678469702
59 78 56 8 92 3 77 64 48 21 40 13 61 40 86 59
58 76 6 2 2 73 74 44 41 31 33 11 31 36 56
402 401 402 402 402 401 401 402 401 401 401 402 402 402 402
0 1 1 1 1 1 1 1 0 0
1 1 1 0 0 1 0 0 0 0
1 1 1 0 0 1 0 0 0 0
1 1 1 1 1 1 1 1 1 1
1 1 1 1 1 1 1 1 0 0
1 1 1 1 0 1 1 1 2 0
1 1 1 1 0 1 0 1 0 0
0 1 1 1 1 1 1 1 0 0
0 1 0 0 0 1 0 0 0 0
0 1 0 0 0 0 0 0 0 0
Maze 30
111 152 3.6363636364 1.8064313462 72 0.379437434337842
75 70 4 84 23 5 34 30 51 28 52 30 35 11 42 75
65 64 400 83 3 4 24 21 21 22 22 25 31 41 72
402 401 400 401 402 402 402 402 402 402 402 402 401 401 401
0 0 1 1 1 0 0 0 0 0
1 0 1 1 0 0 0 0 0 0
1 1 1 1 1 1 1 1 1 1
1 1 1 1 1 0 0 0 0 0
1 1 1 1 0 0 0 0 0 0
1 1 1 1 0 0 0 0 0 0
0 1 1 1 1 1 1 1 1 1
0 1 1 1 2 0 0 0 0 0
0 0 1 1 0 0 0 0 0 0
0 0 0 0 0 0 0 0 0 0
Maze 31
123 283 3.4193548387 2.1349972058 113 0.375592538813511
41 26 80 96 14 16 74 5 9 91 13 88 53 37 88 41
21 76 76 94 400 14 4 400 1 11 83 83 33 87 81
402 401 402 401 400 402 402 400 402 402 401 401 402 401 401
1 1 1 1 1 1 1 1 1 0
1 1 1 1 1 1 0 0 0 0
1 1 1 1 1 1 0 0 0 0
1 0 1 1 1 1 1 0 0 0
2 0 1 1 0 1 1 0 0 0
1 0 1 1 0 1 1 0 0 0
1 0 1 1 0 1 1 0 0 0
1 0 1 1 0 1 1 1 1 1
1 1 1 1 1 1 1 1 0 0
1 0 0 1 1 1 0 0 0 0
Maze 32
103 386 3.0819672131 2.2337259680 84 0.390826555377902
16 4 82 65 95 81 50 42 82 97 7 83 30 6 3 16
14 2 62 400 91 41 400 400 92 400 3 23 26 400 13
401 402 402 400 401 402 400 400 401 400 402 402 401 400 401
0 1 1 1 1 1 1 0 0 0
0 1 1 1 1 2 1 0 0 0
0 1 1 1 1 1 1 1 1 1
0 1 1 0 0 0 1 0 0 0
1 1 1 1 1 1 1 1 1 1
1 1 1 0 0 0 1 0 0 0
1 1 1 1 1 0 1 0 0 0
1 1 1 0 1 0 1 0 0 0
1 1 1 0 1 0 1 0 0 0
1 1 1 1 1 1 1 0 0 0
Maze 33
113 32 2.9836065574 2.0539805312 87 0.376399178793574
20 1 79 45 86 35 44 70 79 50 19 41 95 7 42 20
11 71 75 85 85 34 64 69 49 49 11 91 5 2 12
401 401 401 401 401 402 401 402 402 401 402 401 402 402 402
1 1 1 1 1 1 1 0 0 0
1 1 1 1 1 1 1 1 1 2
1 1 0 0 1 0 0 0 1 0
1 1 0 1 1 0 0 0 1 0
1 1 0 1 1 0 0 0 1 1
1 0 0 1 1 0 0 0 1 0
1 0 0 1 1 1 1 1 1 1
1 1 1 1 1 1 1 1 1 0
1 0 0 0 1 1 0 0 0 0
1 1 1 1 1 0 0 0 0 0
Maze 34
107 18 3.3469387755 1.9562611118 65 0.387410708973737
82 5 58 3 47 60 99 43 7 82 46 50 23 44 42 82
2 55 53 43 57 59 93 3 2 42 400 43 43 400 400
402 401 401 401 401 402 401 402 402 402 400 401 401 400 400
0 1 1 1 1 1 1 0 0 0
0 1 1 0 1 0 0 0 0 0
0 1 1 0 1 0 0 0 0 0
0 1 1 0 1 0 0 0 0 0
0 1 1 1 1 1 1 1 1 1
0 1 1 1 1 1 1 1 1 1
0 1 1 0 0 0 0 0 1 0
0 1 1 0 0 0 0 0 1 0
0 2 1 0 0 0 0 0 1 0
0 0 1 1 1 1 1 1 1 0
Maze 35
93 511 3.2244897959 2.0578165456 50 0.391020829139066
6 3 25 43 51 49 14 39 60 11 47 57 42 14 69 6
400 23 23 41 41 44 34 59 51 41 400 52 12 64 66
400 401 402 402 402 401 401 401 401 401 400 401 402 401 401
0 0 1 1 1 2 0 0 0 0
1 1 1 1 0 1 0 0 0 0
1 1 1 1 1 1 0 0 0 0
1 1 1 1 1 1 1 1 1 0
1 1 1 1 1 1 1 1 1 0
1 1 1 1 1 1 1 1 1 1
0 0 0 1 1 1 1 1 1 0
0 0 0 0 0 0 0 0 0 0
0 0 0 0 0 0 0 0 0 0
0 0 0 0 0 0 0 0 0 0
Maze 36
93 167 3.3333333333 2.0781833240 45 0.395599232881097
48 32 58 69 83 12 58 37 99 95 66 37 20 47 94 48
42 52 68 63 82 52 57 97 400 65 36 17 17 44 44
401 401 401 402 401 401 401 401 400 402 402 402 402 402 402
0 0 0 0 0 0 0 0 0 0
0 1 0 0 0 0 1 1 1 1
0 1 0 0 0 0 1 0 0 0
0 1 0 0 0 1 1 0 0 0
0 1 1 1 1 1 1 2 0 0
0 1 1 1 1 1 1 1 0 0
0 1 1 1 1 1 1 1 1 0
0 1 1 1 1 0 1 0 0 0
0 1 1 1 1 0 1 0 0 0
0 0 0 1 1 1 1 1 1 0
Maze 37
119 1311 3.1641791045 2.1906107422 127 0.370499009630877
87 66 32 79 9 68 6 79 73 29 61 2 37 68 41 87
86 62 72 400 8 66 76 400 23 21 1 32 67 61 81
401 401 401 400 402 401 401 400 402 402 402 401 401 401 401
1 1 0 0 0 1 0 1 1 0
1 1 0 0 0 1 0 1 1 0
1 1 1 1 1 1 1 1 1 0
1 1 1 1 1 1 1 1 1 0
1 1 1 0 0 1 1 1 1 0
1 1 1 0 0 1 1 1 1 0
1 1 1 1 1 1 1 1 1 0
1 1 1 1 1 1 1 1 1 0
1 1 1 1 1 1 2 0 0 0
0 0 0 0 0 0 0 0 0 0
Maze 38
137 4106 3.4117647059 2.1152830331 244 0.393519329388337
19 33 97 11 58 47 29 99 15 98 49 87 11 78 41 19
13 93 91 51 57 27 400 95 95 48 47 81 71 71 11
402 401 401 401 401 402 400 401 401 402 402 401 401 401 402
0 0 0 0 0 0 0 0 0 0
1 1 1 1 1 1 1 1 2 0
1 0 1 0 1 0 1 1 1 0
1 0 1 0 1 0 1 0 1 0
1 0 1 0 1 0 1 1 1 0
1 1 1 1 1 1 1 1 1 0
1 0 1 0 1 0 1 1 1 0
1 1 1 1 1 1 1 1 1 0
1 1 1 1 1 1 1 1 1 0
1 1 1 1 1 1 1 1 1 0
Maze 39
71 6 2.8837209302 2.0387484804 8 0.362024304335267
100 87 82 92 86 35 66 88 20 6 6 95 95 28 50 100
97 400 400 82 85 65 86 18 16 400 5 400 25 48 400
401 400 400 402 401 401 401 402 401 400 402 400 402 401 400
0 0 0 0 1 1 0 0 0 0
0 0 0 0 1 1 1 1 1 1
0 0 0 0 1 1 1 1 0 0
0 0 0 0 1 0 0 1 0 0
0 0 0 0 1 0 0 1 1 1
0 0 0 0 1 0 0 1 0 1
0 0 0 0 1 1 0 1 0 1
0 0 0 0 1 1 0 1 0 1
0 1 1 1 1 1 1 1 0 1
0 1 0 0 1 0 1 1 1 2
Maze 40
91 64 3.0357142857 2.2136457562 50 0.359100691245553
86 67 25 50 63 94 97 79 30 12 83 51 78 79 33 86
66 65 45 43 93 400 77 29 22 82 81 71 400 73 83
402 401 401 402 401 400 402 402 401 401 401 401 400 401 401
0 0 0 0 0 0 0 0 0 0
0 1 0 0 0 0 0 0 0 0
0 1 1 1 1 1 1 1 1 1
0 1 1 0 1 0 0 0 1 0
0 1 1 1 1 1 1 1 1 1
1 1 1 0 1 0 0 0 1 0
1 1 1 0 1 1 1 0 1 0
1 1 1 1 1 1 1 1 1 0
1 1 1 1 1 2 1 0 0 0
0 0 1 1 1 1 1 0 0 0
Maze 41
115 687 2.8888888889 2.2339810839 131 0.374039659333583
99 29 84 47 40 60 86 23 26 12 88 17 38 91 12 99
400 24 44 37 400 56 83 400 22 82 87 37 31 11 92
400 402 402 402 400 402 401 400 401 401 401 401 402 402 401
0 0 0 0 0 0 0 0 0 0
1 1 0 0 0 0 1 0 0 0
1 1 1 1 1 1 1 1 1 0
1 1 1 1 1 1 1 1 1 1
1 1 1 1 1 1 1 0 1 1
1 1 1 1 0 1 1 1 1 1
1 1 1 1 0 1 1 0 1 0
1 1 1 1 0 1 1 0 1 0
1 1 1 1 1 1 1 1 1 0
1 1 1 1 1 1 1 1 2 0
Maze 42
105 264 3.2500000000 2.2157402060 76 0.402081831723986
57 51 29 64 1 46 54 32 65 100 11 55 19 58 67 57
400 21 24 61 41 44 52 62 95 91 51 15 18 57 400
400 402 402 401 401 402 401 401 401 401 401 402 402 402 400
1 0 0 0 0 0 0 0 0 0
1 0 0 0 1 1 1 1 1 0
1 1 1 1 1 1 1 1 1 0
1 1 0 1 1 0 0 1 0 0
1 1 1 1 1 1 0 1 0 0
1 1 1 1 1 1 2 1 0 0
1 1 1 1 1 0 1 0 0 0
1 0 0 0 1 0 0 0 0 0
1 0 0 0 1 0 0 0 0 0
1 1 1 1 1 1 1 1 1 1
Maze 43
119 10 3.3870967742 2.0820712330 119 0.388186654689021
36 50 3 56 56 92 87 93 29 77 63 95 1 100 83 36
46 43 53 400 52 82 83 23 27 73 93 91 91 93 33
401 401 401 400 402 402 402 402 402 401 401 401 401 401 402
1 0 1 0 0 0 0 0 0 0
1 0 1 0 0 0 0 0 0 0
1 0 1 1 1 1 1 1 1 0
1 0 1 1 1 2 1 0 0 0
1 0 1 1 1 1 1 1 1 1
1 1 1 1 1 1 1 0 0 0
1 1 1 0 0 0 1 0 0 0
1 1 1 1 1 1 1 0 0 0
1 1 1 1 1 1 1 0 0 0
1 1 1 1 1 1 1 1 1 1
Maze 44
131 68 3.9183673469 1.8086782815 162 0.388664987987451
26 82 8 50 63 38 67 39 72 38 9 62 10 86 59 26
22 2 48 43 33 37 37 32 32 8 2 2 6 56 56
402 402 401 402 402 402 402 402 402 402 402 402 402 402 401
0 1 1 1 1 1 1 1 1 1
0 1 0 0 0 1 0 1 0 0
0 1 1 1 1 2 0 1 0 0
0 1 1 1 1 1 1 1 1 0
0 1 1 1 1 1 1 1 1 1
0 1 1 0 0 1 1 1 1 0
0 1 1 0 0 1 1 0 0 0
0 1 0 0 0 1 0 0 0 0
0 1 0 0 0 1 0 0 0 0
0 0 0 0 0 0 0 0 0 0
Maze 45
95 39 3.2653061224 2.0323207542 51 0.390112725091227
86 16 93 23 2 7 63 73 66 33 87 99 41 16 37 86
400 13 400 22 400 3 400 63 63 83 97 91 11 36 36
400 402 400 401 400 402 400 402 401 401 401 401 402 401 402
0 1 1 1 1 1 1 0 0 0
1 1 1 1 1 1 0 0 0 0
1 1 1 0 0 1 0 0 0 0
1 0 1 0 0 1 1 0 0 0
1 0 1 0 0 1 0 0 0 0
1 0 1 0 0 1 0 0 0 0
1 0 1 1 1 1 0 0 0 0
1 0 1 0 0 1 0 0 0 0
1 0 1 1 1 2 1 0 0 0
1 1 1 1 1 1 1 1 1 0
Maze 46
103 34 3.1803278689 2.2512830734 46 0.374448525181097
47 69 35 7 4 4 100 83 4 9 30 10 82 18 53 47
67 65 5 400 400 94 93 3 400 29 400 2 12 13 43
401 401 402 400 400 401 401 402 400 401 400 402 402 402 402
0 1 1 1 1 1 1 1 1 1
0 1 1 1 1 1 1 1 1 1
0 1 1 1 1 0 0 0 1 1
0 1 1 1 1 0 0 0 0 0
0 1 1 1 1 1 2 0 0 0
0 1 1 1 1 0 1 0 0 0
0 1 1 1 1 1 1 1 1 0
0 1 1 1 0 0 0 0 0 0
0 1 1 1 0 0 0 0 0 0
0 0 1 1 1 1 1 1 1 1
Maze 47
105 386 3.1111111111 2.2337259680 98 0.366484207692810
85 33 38 44 95 26 58 18 33 24 10 81 81 70 4 85
83 400 34 94 25 56 400 13 23 4 1 400 61 64 84
401 400 402 401 402 401 400 402 402 402 402 400 402 401 401
1 1 1 1 1 1 1 1 1 1
1 0 1 1 1 1 1 1 0 0
1 0 1 1 1 1 0 1 0 0
1 0 1 1 1 1 1 1 0 0
1 0 1 1 1 1 0 1 0 0
1 0 1 1 1 1 1 1 0 0
1 1 1 1 1 1 1 1 1 1
1 0 1 1 1 0 0 0 0 0
1 0 1 1 2 0 0 0 0 0
0 0 0 1 1 0 0 0 0 0
Maze 48
71 70 3.0500000000 2.0282524032 20 0.367504763347107
64 94 72 79 25 74 12 23 24 54 66 94 87 67 31 64
400 92 400 75 24 72 22 400 400 64 64 84 400 61 61
400 401 400 401 402 401 401 400 400 401 402 402 400 401 401
0 0 0 0 0 0 0 0 0 0
0 1 0 0 0 0 0 0 0 0
0 1 1 1 1 0 0 0 0 0
1 1 0 1 1 0 0 0 0 0
1 1 0 1 1 0 0 0 0 0
1 1 0 1 1 0 0 0 0 0
1 1 1 2 1 1 1 0 0 0
0 1 1 1 1 1 1 1 1 0
0 1 0 1 1 1 1 0 0 0
0 1 1 1 0 0 0 0 0 0
Maze 49
115 83 3.2452830189 1.8526929055 127 0.396520220425229
5 80 91 82 19 36 100 25 26 77 82 37 27 6 89 5
75 71 81 12 16 96 95 400 76 72 32 400 26 86 85
401 402 402 402 402 401 401 400 401 402 402 400 401 401 401
0 0 0 0 2 1 0 0 0 0
0 1 1 1 1 1 1 1 1 0
0 1 0 0 1 1 1 0 0 0
0 1 1 1 1 1 1 0 0 0
0 1 0 0 1 1 0 0 0 0
0 1 0 0 1 1 0 0 0 0
0 1 0 0 1 1 0 0 0 0
1 1 1 1 1 1 1 1 1 1
1 1 0 0 1 1 1 1 1 0
1 0 0 0 1 1 1 1 1 1
Maze 50
111 79 3.0000000000 2.0967417111 112 0.377845919563009
75 100 82 46 64 57 95 60 97 51 14 58 8 64 11 75
95 92 42 44 54 55 55 57 91 11 54 400 4 61 71
401 401 402 402 402 402 402 402 401 402 401 400 402 401 401
0 0 0 1 1 1 1 1 0 0
1 1 1 1 0 0 0 1 0 0
1 0 0 1 0 0 0 1 0 0
1 0 0 1 0 0 0 1 0 0
1 1 1 1 1 1 0 1 0 0
1 1 0 1 1 1 1 1 1 1
1 1 1 1 1 0 1 0 0 0
1 1 1 1 2 0 1 0 0 0
1 1 0 0 1 0 1 0 0 0
1 1 1 1 1 1 1 1 1 1
Maze 51
73 6 3.0000000000 2.0012689387 16 0.363816697995504
14 50 36 5 4 42 32 4 4 14 43 50 43 95 69 14
44 46 35 400 2 400 2 400 400 13 400 400 93 65 64
401 401 401 400 402 400 402 400 400 402 400 400 401 402 401
0 1 1 1 1 0 0 0 0 0
0 1 1 2 1 0 0 0 0 0
0 1 1 1 1 0 0 0 0 0
0 1 1 1 1 1 0 0 0 0
0 1 1 1 1 1 1 1 1 1
0 0 1 1 0 0 0 0 0 0
0 0 1 1 1 1 1 1 1 0
0 0 1 0 1 0 0 0 0 0
0 0 1 0 1 0 0 0 0 0
0 0 1 1 1 0 0 0 0 0
Maze 52
87 302 3.0566037736 2.1701545015 56 0.367380317512830
28 34 53 6 60 47 58 9 15 49 29 59 75 31 93 28
24 33 3 56 57 57 8 5 45 400 400 55 71 91 23
402 402 402 401 401 401 402 402 401 400 400 402 401 401 402
0 0 1 1 1 1 1 1 1 0
0 0 1 0 1 1 0 1 0 0
0 0 1 1 1 1 1 2 1 0
1 0 1 1 1 1 0 1 1 0
1 0 1 0 1 1 1 1 1 0
1 0 1 0 1 1 1 1 1 1
1 0 1 0 1 0 0 0 0 0
1 1 1 1 1 0 0 0 0 0
1 0 1 0 0 0 0 0 0 0
1 1 1 0 0 0 0 0 0 0
Maze 53
103 64 3.2363636364 2.0879421235 70 0.388968275009582
92 3 37 5 63 5 11 8 5 22 29 65 4 40 79 92
2 33 35 3 3 1 1 400 2 400 25 64 34 39 72
402 401 401 402 402 402 402 400 402 400 402 401 401 402 402
1 1 1 1 1 1 1 1 0 0
1 1 1 1 1 0 0 0 0 0
0 1 1 1 1 1 1 1 1 0
0 1 1 1 1 1 1 1 1 1
0 1 1 1 1 0 0 0 1 0
0 1 1 1 1 0 0 0 1 0
0 1 1 1 1 0 0 0 1 0
0 1 1 1 1 1 1 1 1 0
0 1 0 0 0 0 0 0 0 0
0 2 0 0 0 0 0 0 0 0
Maze 54
107 530 3.3928571429 2.0705324397 98 0.388240846942812
85 28 41 85 47 63 60 69 34 78 74 58 86 13 99 85
25 21 81 45 43 53 59 64 74 400 54 56 83 93 95
402 402 401 402 402 402 402 401 401 400 402 402 401 401 401
0 0 0 0 0 0 0 0 0 0
0 0 1 0 0 0 0 0 0 0
1 1 1 1 1 1 1 1 0 0
1 0 1 1 1 0 0 0 0 0
1 0 1 1 1 1 1 0 0 0
1 0 1 1 1 1 1 1 1 1
1 0 1 1 1 1 1 1 1 0
1 0 1 1 1 1 1 1 0 0
1 1 1 1 2 1 0 0 0 0
0 0 1 1 1 1 1 1 1 0
Maze 55
113 32 3.5833333333 1.7967930807 69 0.376931598023488
84 50 89 13 83 8 10 62 24 94 14 50 22 22 12 84
44 49 83 400 3 400 2 22 400 400 44 42 400 400 82
402 402 401 400 402 400 402 402 400 400 401 401 400 400 401
0 1 1 1 1 1 1 1 1 1
0 1 1 1 0 0 0 0 0 0
0 1 1 1 0 0 0 0 0 0
0 1 1 1 0 0 0 0 0 0
0 1 1 1 1 1 1 1 1 1
0 1 1 1 0 0 0 0 1 0
0 1 1 1 0 0 0 0 1 0
0 1 1 1 0 0 0 0 1 0
0 1 1 2 1 1 1 1 1 0
0 0 0 1 0 0 0 0 0 0
Maze 56
91 7 3.0416666667 2.0055919533 36 0.372138058774635
40 40 52 68 46 99 83 81 39 28 62 1 32 42 82 40
400 32 62 66 96 93 400 31 38 22 61 31 400 400 32
400 402 401 401 401 401 400 402 401 402 401 401 400 400 402
1 0 0 0 0 0 0 0 0 0
1 0 0 0 0 0 0 0 0 0
1 1 1 1 1 1 1 1 0 0
1 1 1 1 1 1 1 1 1 2
1 1 0 0 0 1 0 0 0 0
1 1 0 0 0 1 0 0 0 0
1 1 1 1 1 1 1 1 0 0
1 1 0 0 0 1 0 0 0 0
1 1 1 0 0 1 0 0 0 0
0 0 1 1 1 1 1 1 1 0
Maze 57
115 2003874 3.5238095238 2.3136787614 133 0.383547391894041
88 38 11 50 10 53 66 10 30 4 69 19 57 73 20 88
400 31 41 400 3 63 6 400 24 64 400 17 53 13 18
400 401 401 400 402 401 402 400 401 401 400 402 402 402 402
0 0 1 1 1 1 1 1 1 1
1 0 1 1 1 1 1 1 1 1
1 0 1 1 1 1 1 1 1 1
1 1 1 1 1 1 1 1 1 1
1 1 1 1 1 1 1 1 1 1
0 0 1 1 1 1 1 1 1 0
0 0 1 1 1 1 1 1 1 0
0 0 1 0 0 0 0 1 0 0
0 0 0 0 0 0 0 2 0 0
0 0 0 0 0 0 0 0 0 0
Maze 58
97 50 3.1578947368 2.2757243445 60 0.373012536754903
66 59 94 11 100 49 4 26 16 24 25 88 25 71 73 66
56 54 91 91 99 44 24 400 14 400 85 85 21 400 63
402 402 401 401 401 401 401 400 402 400 401 401 402 400 402
0 0 0 1 0 0 0 0 0 0
1 0 0 1 1 1 0 0 0 0
1 1 1 1 1 1 0 0 0 0
1 0 0 1 1 0 0 0 0 0
1 0 0 1 1 1 1 1 1 0
1 0 0 1 1 1 1 1 1 0
1 0 1 1 1 2 0 0 1 0
1 1 1 1 1 0 0 0 1 0
1 0 0 1 1 1 1 1 1 0
1 1 1 1 1 1 1 1 1 1
Maze 59
105 43 3.2653061224 1.8560210372 72 0.386467334301944
85 89 13 82 18 24 96 88 12 94 69 38 18 90 87 85
400 83 12 12 14 94 86 82 92 64 68 400 88 400 400
400 401 402 402 402 401 402 401 401 402 401 400 401 400 400
0 0 0 0 0 0 0 0 0 0
0 1 1 1 1 1 1 1 0 0
0 1 1 1 0 0 0 1 0 0
0 1 1 1 0 0 0 1 0 0
0 1 1 1 0 0 0 1 0 0
0 1 1 1 0 0 0 1 0 0
0 1 1 1 1 1 1 1 1 0
0 1 1 1 0 0 0 1 0 0
0 1 1 1 2 1 1 1 1 1
0 1 1 1 1 1 0 0 0 0
Maze 60
103 18 2.9655172414 2.1162445594 70 0.385290014772848
61 85 57 46 94 19 17 62 93 16 87 66 40 66 18 61
81 55 56 44 14 400 12 92 13 86 86 36 36 16 11
401 402 401 402 402 400 402 401 402 401 401 402 402 402 402
0 0 0 0 0 0 0 0 0 0
1 1 1 1 1 1 1 1 1 0
1 1 1 1 0 1 0 0 0 0
1 1 1 1 0 1 1 1 1 1
1 1 1 1 1 1 0 0 0 0
1 1 1 1 1 1 1 0 0 0
2 1 1 1 1 1 0 0 0 0
1 1 1 1 1 1 0 0 0 0
1 1 1 1 1 1 1 0 0 0
0 1 1 1 0 0 0 0 0 0
Maze 61
111 42 3.1228070175 2.0923689741 104 0.374577252281538
29 76 67 17 72 20 16 18 52 21 6 21 97 57 1 29
26 66 400 12 12 400 400 12 51 1 1 91 400 51 21
402 402 400 402 402 400 400 402 401 402 402 401 400 401 401
1 1 1 1 1 1 0 0 0 0
1 1 1 1 1 1 1 1 1 1
1 1 1 1 1 1 1 1 2 0
1 1 0 0 0 1 1 0 0 0
1 1 0 0 0 1 1 0 0 0
1 1 1 1 1 1 1 0 0 0
1 1 0 0 0 1 1 0 0 0
1 1 0 0 0 1 1 0 0 0
1 0 0 0 0 0 1 0 0 0
1 1 1 1 1 1 1 0 0 0
Maze 62
93 285 3.0638297872 1.9447890740 32 0.378811235635570
56 22 17 84 43 12 19 63 81 72 54 18 66 71 97 56
52 12 14 83 42 400 13 61 71 52 14 16 61 91 96
401 402 402 401 401 400 402 402 402 402 402 402 402 401 401
0 0 0 0 0 0 0 0 0 0
0 1 1 1 1 1 1 1 1 0
0 1 1 1 0 1 0 0 0 0
0 1 1 1 0 1 0 0 0 0
0 1 1 1 0 1 0 0 0 0
0 1 1 1 1 2 0 0 0 0
1 1 1 1 1 1 0 0 0 0
1 1 1 1 0 1 0 0 0 0
1 0 1 1 0 1 0 0 0 0
1 1 1 1 1 1 1 0 0 0
Maze 63
103 42 3.2653061224 1.9523029392 60 0.390998189657561
93 97 63 48 58 91 11 11 99 78 77 53 100 74 39 93
400 93 43 400 51 400 400 91 98 400 73 93 94 34 33
400 401 402 400 402 400 400 401 401 400 401 401 401 402 402
0 0 0 0 0 0 0 0 0 0
1 0 0 0 0 0 0 0 0 0
1 0 0 0 0 0 0 0 0 0
1 0 1 1 1 1 1 1 1 0
1 0 1 1 1 1 1 1 0 0
1 1 1 1 1 1 1 1 0 0
1 0 1 1 0 0 0 0 0 0
1 0 1 1 1 1 1 1 0 0
1 0 1 1 0 0 0 1 0 0
1 1 2 1 1 1 1 1 1 1
Maze 64
125 481 2.7733333333 2.2647499908 174 0.383385741690270
72 62 97 1 2 86 19 93 82 22 67 10 23 90 39 72
400 92 91 400 82 16 13 92 400 62 7 3 83 89 32
400 401 401 400 401 402 402 401 400 401 402 402 401 401 402
1 1 1 1 1 1 1 1 1 1
1 1 1 1 1 1 1 1 1 0
1 1 1 0 0 1 1 0 0 0
1 1 1 1 1 1 1 1 1 0
1 1 1 0 0 1 1 0 1 0
1 1 1 0 0 1 1 0 1 0
1 1 1 1 1 1 1 0 1 0
1 2 1 0 0 1 0 0 1 0
1 1 1 1 1 1 1 1 1 1
1 1 1 1 1 1 1 0 0 0
Maze 65
101 41 2.8620689655 2.0813772350 51 0.374550427690574
81 94 84 72 53 10 24 33 95 46 93 51 100 57 8 81
91 400 82 52 3 4 23 93 45 43 91 91 97 7 1
401 400 401 402 402 402 402 401 402 402 401 401 401 402 402
1 1 1 1 1 1 1 1 1 1
1 0 1 1 0 0 1 0 0 0
1 0 1 1 0 0 1 0 0 0
1 0 1 0 0 0 1 0 0 0
1 0 1 1 1 1 1 0 0 0
1 1 1 0 1 0 1 0 0 0
1 1 1 0 1 0 1 0 0 0
1 1 1 0 1 0 1 0 0 0
2 1 1 1 1 0 1 0 0 0
1 1 1 1 1 1 1 1 1 1
Maze 66
103 1541 3.6981132075 2.1775736601 60 0.396767006635339
17 46 39 84 2 55 6 13 69 14 18 30 53 5 67 17
16 36 34 82 52 5 3 63 64 400 28 23 3 65 400
402 402 402 401 401 402 402 401 401 400 401 402 402 401 400
0 1 1 1 1 1 0 0 0 0
0 1 1 1 1 1 2 1 0 0
0 1 1 1 1 1 1 1 1 1
0 1 1 1 1 1 1 1 1 0
0 1 1 1 1 1 1 0 0 0
0 1 1 1 1 0 1 0 0 0
0 1 1 1 1 1 1 1 1 0
0 1 0 1 0 0 0 0 0 0
0 1 1 1 0 0 0 0 0 0
0 0 0 0 0 0 0 0 0 0
Maze 67
105 73 2.8387096774 2.0935368512 97 0.407169071159717
52 18 45 58 2 19 77 49 99 75 81 6 60 16 25 52
12 15 55 52 12 17 47 400 95 71 1 56 56 15 22
402 402 401 401 401 402 402 400 401 402 402 401 401 402 402
1 1 1 1 1 1 0 0 0 0
1 1 1 1 1 1 1 1 1 0
1 1 1 1 1 1 1 0 0 0
1 1 0 0 1 1 1 0 0 0
1 1 0 0 1 1 1 1 1 0
1 2 1 1 1 1 1 1 1 1
1 0 0 0 0 0 1 0 1 0
1 1 1 1 1 0 1 0 1 0
1 0 0 0 1 0 0 0 1 0
0 0 0 0 1 1 1 1 1 0
Maze 68
123 186 3.1818181818 2.2673324483 123 0.399668414357961
7 19 48 13 76 21 74 94 41 68 22 99 17 91 5 7
17 18 43 73 71 71 400 91 61 62 92 97 11 1 400
401 402 401 401 401 401 400 401 401 401 401 401 402 402 400
1 1 1 1 1 1 2 0 0 0
1 1 1 1 1 1 1 1 1 0
1 1 1 0 0 0 1 1 0 0
1 1 1 0 0 0 1 1 0 0
1 1 1 1 1 1 1 1 0 0
1 1 1 0 0 0 1 0 0 0
1 1 1 1 1 1 1 1 0 0
1 1 1 1 1 1 1 0 0 0
1 1 0 1 0 0 1 0 0 0
1 1 1 1 1 1 1 1 1 0
Maze 69
99 73 2.7058823529 2.3828947921 77 0.377331133660581
37 67 19 99 7 75 63 75 70 68 90 13 82 21 74 37
400 17 400 97 5 73 73 65 400 88 83 12 81 71 34
400 402 400 401 402 401 401 402 400 401 401 402 401 401 402
0 0 0 0 1 1 1 0 0 0
0 1 1 0 1 0 1 1 1 0
1 1 1 0 1 0 1 0 1 0
1 1 1 1 1 1 2 0 1 0
1 1 1 1 1 0 1 0 1 0
1 1 1 1 1 0 1 0 1 0
1 1 1 1 1 1 1 1 1 1
1 1 1 1 1 0 1 1 1 0
1 1 1 1 1 1 1 1 1 1
0 0 0 0 0 0 1 1 1 0
Maze 70
99 13 3.3928571429 2.1971563403 60 0.397226788345732
16 73 39 51 30 32 36 76 100 44 55 58 57 4 10 16
13 33 31 21 22 400 400 96 94 54 400 400 54 400 6
402 402 402 402 402 400 400 401 401 401 400 400 401 400 402
0 0 0 1 1 1 1 1 1 1
0 0 1 1 1 2 0 0 0 0
1 1 1 1 1 1 1 1 1 1
1 1 1 1 1 1 1 1 1 0
1 0 1 1 0 1 0 0 0 0
1 0 1 1 1 1 1 1 0 0
0 0 1 1 0 1 0 0 0 0
0 0 1 1 0 1 0 0 0 0
0 0 0 1 0 1 0 0 0 0
0 0 0 1 1 1 1 1 1 1
Maze 71
83 25 2.8235294118 2.1525993444 25 0.368943023429314
37 45 62 26 89 34 84 64 28 28 18 92 87 49 60 37
35 42 22 86 84 400 400 24 400 400 12 82 47 59 57
402 402 402 401 401 400 400 402 400 400 402 402 402 401 401
0 0 0 0 0 0 0 0 0 0
0 1 1 1 1 1 1 1 0 0
0 1 1 1 1 1 1 1 0 0
0 1 0 1 1 1 2 0 0 0
0 1 1 1 1 1 1 1 1 0
0 1 0 1 0 1 1 1 1 1
0 1 0 1 0 1 1 0 0 0
0 1 0 1 0 1 1 0 0 0
0 1 1 1 1 1 1 1 1 0
0 1 0 0 0 0 0 0 0 0
Maze 72
105 12 2.9803921569 1.7858226837 98 0.396194367671779
40 21 39 39 90 11 39 40 62 36 15 77 59 3 3 40
31 31 400 89 81 31 400 32 32 35 75 57 53 400 33
401 401 400 401 401 401 400 402 402 401 401 402 401 400 401
0 0 1 0 0 0 0 0 0 0
1 0 1 0 1 0 0 0 0 0
1 0 1 0 1 0 0 0 0 0
1 1 1 1 1 1 1 1 1 2
1 1 1 0 1 0 0 0 1 0
1 1 1 1 1 1 1 1 1 0
1 1 0 0 1 0 1 0 1 0
1 0 0 0 1 1 1 0 1 0
1 1 1 1 1 1 1 1 1 1
0 0 0 0 0 0 0 0 0 0
Maze 73
111 436 3.8545454545 2.1603806102 78 0.372890484605657
65 63 79 80 4 8 73 30 85 5 9 38 61 34 99 65
400 73 400 74 400 3 23 25 400 400 8 31 31 94 95
400 401 400 401 400 402 402 402 400 400 402 402 402 401 401
0 0 1 1 1 1 1 1 1 0
0 0 1 1 1 0 0 1 0 0
0 0 1 1 1 1 1 1 1 1
1 1 1 1 1 1 1 1 0 0
1 0 1 1 1 0 0 0 0 0
1 0 1 1 1 0 0 0 0 0
1 0 1 1 2 0 0 0 0 0
0 0 1 1 1 1 1 1 1 1
0 0 0 1 1 0 0 0 0 0
0 0 0 1 1 1 1 1 1 0
Maze 74
91 177 3.2800000000 2.1110656681 39 0.411100439135756
18 58 95 92 22 83 76 21 26 100 86 79 93 96 100 18
400 55 400 400 82 73 71 400 96 96 76 73 400 400 98
400 402 400 400 401 402 401 400 401 401 402 402 400 400 401
0 0 0 0 0 0 0 0 0 0
0 0 0 0 0 0 0 2 0 0
1 1 1 1 1 1 0 1 0 0
1 1 0 0 0 1 0 1 0 0
1 1 0 0 0 1 0 1 0 0
1 1 0 0 1 1 1 1 0 0
1 1 0 0 1 1 0 1 0 0
1 1 1 1 1 1 1 1 1 0
0 1 1 0 1 1 0 1 0 0
0 1 1 1 1 1 1 1 1 1
Maze 75
113 21 3.4736842105 2.1255964319 59 0.374979656514748
56 96 84 23 10 34 20 1 96 41 25 44 100 14 55 56
400 94 83 3 4 14 11 91 91 21 24 94 94 54 400
400 401 401 402 402 402 401 401 401 402 402 401 401 401 400
1 0 1 1 1 1 1 1 1 1
1 1 1 1 1 1 1 1 1 1
1 1 1 1 1 0 0 0 0 0
1 0 1 1 0 0 0 0 0 0
1 0 1 1 0 0 0 0 0 0
1 0 1 1 1 2 0 0 0 0
1 0 1 1 0 1 0 0 0 0
1 0 1 1 0 1 0 0 0 0
1 0 1 1 0 1 0 0 0 0
1 1 1 1 1 1 1 1 1 1
Maze 76
99 647 3.6078431373 2.0572046726 84 0.383806278985879
59 93 55 42 40 6 90 25 13 76 68 77 83 94 14 59
53 53 52 32 36 86 85 23 73 66 67 73 93 400 54
402 402 401 402 401 401 401 401 401 402 402 402 401 400 401
0 0 0 0 0 1 0 0 0 0
0 0 1 1 0 1 0 0 0 0
0 0 1 1 1 1 0 0 0 0
0 1 1 1 1 1 1 1 1 1
0 1 1 1 1 1 0 0 0 0
0 1 1 1 1 1 1 1 2 0
0 0 1 1 1 1 1 1 0 0
0 0 1 1 1 1 1 0 0 0
0 0 1 1 1 1 1 1 1 1
0 0 1 1 0 0 0 0 0 0
Maze 77
97 77 3.4615384615 2.1870597596 43 0.359431455949387
3 23 77 10 10 16 81 3 22 45 2 53 81 86 90 3
400 73 7 400 6 11 1 2 42 42 52 51 400 400 83
400 401 402 400 402 402 402 402 401 401 401 402 400 400 401
1 1 2 0 0 1 1 1 1 1
1 1 1 1 1 1 1 0 0 0
1 1 1 0 0 0 1 0 0 0
1 1 1 0 0 0 1 0 0 0
1 1 1 1 1 0 1 0 0 0
1 1 1 0 0 0 1 0 0 0
1 0 1 0 0 0 1 0 0 0
1 0 1 1 1 1 1 0 0 0
1 1 1 1 1 1 1 1 1 1
0 0 0 0 0 0 0 0 0 0
Maze 78
93 958 3.0344827586 2.2327820968 50 0.391031877791473
38 55 93 86 89 100 64 15 70 11 28 89 25 16 30 38
35 53 83 400 99 94 14 65 61 21 88 85 15 26 28
402 402 402 400 401 401 402 401 401 401 401 401 402 401 402
0 0 0 0 0 0 0 0 0 0
1 0 0 1 1 1 0 0 0 0
1 1 1 1 1 1 1 1 1 1
1 0 0 1 1 1 1 2 0 0
1 0 0 1 1 0 0 1 0 0
1 0 1 1 1 0 0 1 0 0
1 1 1 1 1 1 1 1 1 1
0 0 1 1 1 0 0 1 0 0
0 0 1 1 1 1 1 1 1 0
0 0 1 1 1 1 1 1 1 1
Maze 79
97 364 2.8620689655 2.1903618002 58 0.391388988328312
44 21 11 57 79 11 30 87 92 53 32 18 76 65 92 44
41 400 51 77 71 21 27 82 52 52 12 16 75 62 42
401 400 401 401 401 401 402 402 402 401 402 402 401 402 402
0 0 0 0 0 0 0 0 0 0
1 1 1 1 1 1 1 1 0 0
1 1 1 1 1 1 1 1 1 1
1 1 0 0 0 1 1 0 0 0
1 1 1 2 0 1 1 0 0 0
1 1 1 1 1 1 1 0 0 0
1 1 1 1 1 1 1 0 0 0
1 1 1 1 1 1 1 1 1 0
0 1 1 1 1 1 1 0 0 0
0 1 0 0 0 0 0 0 0 0
Maze 80
79 7 2.9361702128 2.1148712311 17 0.406290998466969
64 31 70 88 71 81 87 43 30 89 99 69 99 84 93 64
61 61 68 81 400 400 83 23 29 400 400 400 94 83 63
401 401 402 401 400 400 401 402 402 400 400 400 401 402 402
0 0 0 0 0 0 0 0 0 0
0 0 0 0 0 0 0 0 0 0
0 0 1 1 1 1 1 1 1 1
1 0 1 0 0 0 0 0 1 0
1 0 1 0 0 0 0 0 1 0
1 0 1 0 0 0 0 0 1 0
1 1 1 2 1 1 1 1 1 1
1 0 1 0 0 0 0 1 1 0
1 1 1 1 1 1 1 1 1 0
0 0 1 1 1 1 1 1 1 0
Maze 81
85 4 2.6896551724 2.3491125826 38 0.360851043401345
53 94 82 88 31 87 86 20 8 9 10 22 74 36 27 53
93 92 400 81 81 400 16 18 400 400 2 72 34 26 23
401 401 400 401 401 400 402 401 400 400 402 401 402 402 402
0 1 1 1 1 1 1 1 1 1
0 1 0 0 0 1 1 1 1 1
0 1 1 1 1 1 1 0 0 0
1 1 1 1 1 1 0 0 0 0
1 1 1 1 0 1 0 0 0 0
1 1 2 1 0 1 0 0 0 0
1 1 1 1 0 1 0 0 0 0
1 1 1 1 0 1 0 0 0 0
1 1 1 1 1 1 1 1 0 0
0 1 1 1 0 0 0 0 0 0
Maze 82
89 1648 3.0909090909 2.2175054495 56 0.375314550273257
69 43 12 17 85 76 50 72 75 61 36 3 22 94 57 69
63 42 400 15 75 46 42 400 71 31 33 2 92 54 67
401 401 400 402 402 402 402 400 401 402 401 402 401 402 401
0 1 1 0 0 0 0 0 0 0
0 1 1 1 1 1 1 0 0 0
0 1 1 0 1 0 0 0 0 0
1 1 1 1 1 1 0 0 0 0
1 1 1 1 1 1 1 1 1 1
1 1 1 1 1 1 1 0 0 0
1 1 1 1 1 1 1 1 2 0
1 1 1 1 1 1 0 0 0 0
0 1 0 1 1 0 0 0 0 0
0 1 1 1 0 0 0 0 0 0
Maze 83
127 19 2.7164179104 1.9932592952 143 0.379627981384528
86 17 91 7 61 100 30 30 51 71 49 77 84 21 98 86
16 11 1 1 91 400 400 21 400 41 47 74 81 91 96
402 402 402 402 401 400 400 402 400 402 402 402 401 401 401
1 1 1 1 1 1 1 0 0 0
1 1 1 1 1 1 1 0 0 0
1 1 1 1 1 1 1 1 1 1
1 0 0 0 0 1 0 0 0 1
1 1 1 1 1 1 1 1 1 1
1 0 0 0 0 1 1 0 0 1
1 0 0 0 0 1 1 0 0 1
1 0 0 1 1 1 1 0 0 1
1 1 1 1 0 2 0 0 0 1
1 1 1 1 1 1 1 1 1 1
Maze 84
115 1344 3.4516129032 2.2590819950 107 0.390406605810848
49 1 39 54 12 11 68 56 67 83 28 20 87 12 90 49
41 31 34 52 400 61 66 66 63 23 18 17 82 82 89
401 401 402 401 400 401 401 401 402 402 402 402 401 401 401
1 0 0 0 0 0 0 0 0 0
1 1 0 0 0 0 1 1 1 1
1 1 1 1 1 1 1 1 0 0
1 1 1 1 1 1 1 1 1 0
1 1 1 1 1 1 1 1 2 0
1 1 1 1 0 1 1 0 1 0
1 1 1 1 1 1 1 1 1 0
0 1 1 0 0 0 1 0 1 0
0 1 1 1 1 1 1 1 1 1
0 0 0 0 0 0 0 0 0 0
Maze 85
81 60 2.5762711864 2.2888337213 30 0.373692310785600
8 65 96 91 41 21 38 9 14 3 86 79 7 49 40 8
5 95 400 400 400 31 8 4 13 83 76 77 47 39 38
402 401 400 400 400 401 402 402 401 401 402 401 401 402 401
0 0 1 1 1 1 1 2 1 0
0 0 1 1 1 0 1 1 0 0
1 0 1 0 1 0 1 1 0 0
1 1 1 1 1 1 1 1 1 1
1 0 1 0 1 0 1 1 1 0
1 0 1 0 1 0 1 0 0 0
1 0 1 0 1 0 1 0 0 0
1 0 1 0 1 1 1 1 1 0
1 0 1 1 1 1 0 0 0 0
1 1 1 1 1 1 0 0 0 0
Maze 86
95 30 3.0158730159 2.3655907442 59 0.354868322691192
99 20 99 99 76 29 97 7 21 25 25 51 84 13 58 99
19 19 400 96 26 27 400 1 400 400 21 81 83 53 98
402 402 400 401 402 402 400 402 400 400 402 401 401 401 401
1 1 1 1 1 1 1 0 0 0
1 0 1 0 0 0 1 0 1 1
1 1 1 1 1 1 1 1 1 0
1 0 1 0 0 1 1 0 1 0
1 0 1 0 0 1 1 0 1 0
1 0 1 1 1 1 1 1 1 0
1 0 1 0 0 1 1 1 1 0
1 0 1 0 0 1 1 1 1 0
1 1 1 1 0 1 1 1 1 0
0 0 0 0 0 1 1 1 2 0
Maze 87
101 41 3.0819672131 2.2654447277 58 0.397354392536582
34 45 46 47 16 20 23 41 30 99 42 89 17 89 21 34
44 400 400 46 400 13 21 21 29 92 82 87 87 81 31
401 400 400 401 400 402 402 402 402 401 401 401 401 401 401
0 0 0 0 0 0 0 0 0 0
0 0 1 1 1 1 1 1 1 1
1 1 1 1 1 1 1 1 1 1
1 1 1 2 0 1 1 0 1 0
1 1 0 1 1 1 1 0 1 0
1 1 0 0 0 0 1 0 1 0
1 1 0 0 0 0 1 0 1 0
1 1 0 0 0 0 1 0 1 0
1 1 1 1 1 1 1 1 1 0
0 1 1 1 1 1 1 1 1 0
Maze 88
91 74 2.7936507937 2.3462816181 45 0.375771171556816
100 12 66 35 15 43 84 84 7 7 43 81 4 60 60 100
92 62 65 400 13 83 400 4 400 3 41 1 54 400 400
401 401 401 400 402 401 400 402 400 402 402 402 401 400 400
1 1 1 1 1 1 1 0 0 0
1 1 1 1 1 0 0 0 0 0
1 1 1 1 1 0 0 0 0 0
1 1 1 1 1 0 0 0 0 0
1 1 1 1 1 0 0 0 0 0
1 1 1 1 1 1 1 1 1 1
1 1 1 1 1 1 0 0 0 1
1 1 1 1 0 0 0 0 0 1
1 1 1 1 0 0 0 0 0 1
0 1 1 1 1 1 1 1 1 2
Maze 89
117 36 3.5111111111 1.7461446473 117 0.390066913217582
43 98 3 53 69 3 65 24 83 29 17 59 84 26 86 43
93 93 400 63 63 63 64 23 23 27 57 54 24 400 83
401 401 400 401 401 401 401 402 402 401 401 402 402 400 401
0 0 1 0 0 0 0 0 0 0
0 0 1 0 0 0 1 0 0 0
0 0 1 1 1 1 1 1 1 0
0 0 1 1 0 1 1 0 0 0
0 0 2 1 0 1 1 0 0 0
0 0 1 1 1 1 1 1 1 0
0 0 1 1 1 1 1 1 1 0
0 0 1 1 0 1 0 0 0 0
0 0 1 1 1 1 0 0 0 0
0 0 1 1 1 1 1 1 0 0
Maze 90
95 1554 2.9473684211 2.0323207542 77 0.373353252771123
33 87 7 31 76 32 39 78 27 77 82 62 54 96 58 33
83 400 1 71 72 400 38 77 400 72 400 52 94 56 53
401 400 402 401 401 400 402 401 400 402 400 402 401 402 401
1 1 1 1 1 1 1 0 0 0
1 0 0 0 0 0 1 0 0 0
1 0 0 0 0 0 1 0 0 0
1 1 2 1 1 1 1 1 1 0
1 1 1 0 0 0 1 1 0 0
1 1 1 1 1 1 1 1 0 0
1 1 1 1 0 1 1 1 0 0
1 1 1 1 1 1 1 1 0 0
0 1 1 1 1 1 1 0 0 0
0 0 0 1 1 1 0 0 0 0
Maze 91
93 119 3.3181818182 1.8761377231 56 0.387860037786389
68 43 86 62 54 5 29 88 5 64 70 65 76 86 4 68
63 83 82 52 4 25 28 85 4 400 400 75 400 84 64
401 401 401 402 402 401 402 401 402 400 400 401 400 401 401
0 0 0 1 1 0 0 0 0 0
0 0 0 1 1 0 0 0 0 0
0 0 0 1 1 1 1 1 1 0
0 0 0 1 1 0 0 1 0 0
0 0 1 1 1 0 0 1 0 0
0 1 1 1 1 0 0 1 0 0
0 1 1 1 1 1 1 2 1 1
0 1 1 1 1 1 0 1 0 0
0 1 1 1 1 1 1 1 0 0
0 0 0 0 0 0 0 0 0 0
Maze 92
99 72 3.4166666667 2.0523633414 59 0.366103179989840
6 39 100 9 1 5 1 9 13 77 19 19 21 19 49 6
36 99 99 400 400 400 400 3 73 17 400 11 11 400 46
401 401 401 400 400 400 400 402 401 402 400 402 402 400 401
1 1 1 1 1 2 1 1 1 0
1 1 1 1 1 1 1 1 1 0
1 0 1 0 0 1 1 0 1 0
0 0 1 0 0 1 1 1 1 0
0 0 1 0 0 1 1 1 1 0
0 0 1 0 0 0 1 0 1 0
0 0 1 0 0 0 1 0 1 0
0 0 1 1 1 1 1 0 1 0
0 0 0 0 0 0 0 0 1 0
0 0 0 0 0 0 0 0 1 1
Maze 93
93 43 2.7857142857 2.1009189107 39 0.364502811316944
53 6 76 96 100 60 18 76 93 14 4 32 9 44 88 53
3 400 400 400 400 58 16 73 13 400 2 2 4 84 83
402 400 400 400 400 401 402 402 402 400 402 402 402 401 401
0 1 1 1 1 1 1 1 1 0
0 1 1 1 0 1 1 1 0 0
0 1 1 1 0 1 0 1 0 0
0 1 1 1 0 1 0 1 0 0
0 0 1 1 0 1 0 1 0 0
0 0 2 1 0 1 0 1 1 1
0 0 1 1 0 1 0 0 0 1
0 0 1 1 1 1 0 0 0 1
0 0 1 1 1 1 1 1 0 1
0 0 1 0 0 1 1 1 1 1
Maze 94
101 349 3.1538461538 1.9534565163 71 0.371231419909261
23 83 3 60 10 48 16 57 18 83 27 68 61 72 47 23
400 400 53 400 8 46 56 17 13 23 67 400 71 42 43
400 400 401 400 402 401 401 402 402 402 401 400 401 402 401
0 0 1 0 0 0 0 1 1 1
0 0 1 1 1 1 1 1 0 1
0 0 2 1 1 1 1 1 0 1
0 0 1 0 0 1 1 1 0 1
0 1 1 1 1 1 1 1 0 1
0 1 1 1 1 1 1 1 1 1
1 1 1 1 1 1 1 1 0 0
1 1 1 0 0 0 0 0 0 0
0 0 1 0 0 0 0 0 0 0
0 0 0 0 0 0 0 0 0 0
Maze 95
99 914 3.1000000000 2.2679264913 84 0.379992942377232
71 97 3 6 66 56 5 43 70 37 32 82 75 7 89 71
91 93 400 400 400 55 3 63 67 400 400 72 5 87 81
401 401 400 400 400 401 402 401 401 400 400 402 402 401 401
0 0 1 1 1 1 1 0 0 0
0 0 1 0 1 1 1 0 0 0
0 0 1 0 1 1 1 0 0 0
0 1 1 1 1 1 1 0 0 0
0 1 1 0 1 1 1 0 0 0
0 1 1 0 1 1 1 0 0 0
0 1 1 1 1 1 1 1 1 1
2 1 1 1 1 0 1 0 0 0
1 1 1 1 1 1 1 1 1 0
1 1 1 1 1 1 1 0 0 0
Maze 96
113 325 3.0285714286 2.2479421668 105 0.385876253030340
49 12 4 23 28 6 73 20 7 88 2 33 40 91 96 49
42 2 3 400 26 3 13 17 87 82 32 400 31 400 46
401 402 402 400 401 402 402 401 401 401 401 400 402 400 402
0 1 1 1 1 1 1 0 0 0
0 1 1 1 1 1 1 1 1 1
0 1 1 1 1 1 1 1 0 0
1 1 1 1 1 1 1 1 1 1
1 1 1 1 1 1 1 1 2 0
1 1 1 0 0 1 1 0 0 0
1 1 1 0 0 1 1 0 0 0
1 1 1 0 0 1 1 0 0 0
1 1 1 1 1 1 1 1 0 0
1 1 1 1 1 1 0 0 0 0
Maze 97
105 97 3.4181818182 2.1380182894 80 0.382773725784279
56 100 44 89 10 99 30 87 69 5 7 65 39 20 26 56
96 94 84 9 9 29 27 67 65 400 5 35 19 16 400
401 401 401 402 402 402 402 402 401 400 402 402 402 402 400
0 0 0 0 1 1 1 0 1 1
0 0 0 0 1 1 1 1 1 1
0 0 0 0 1 1 1 1 1 1
0 0 0 0 1 1 1 1 1 0
0 0 0 1 1 1 1 0 1 0
0 0 0 1 1 2 1 0 1 0
0 0 0 1 1 1 1 1 1 0
0 0 0 1 0 1 1 0 1 0
0 0 0 1 1 1 1 1 1 0
0 0 0 1 1 1 1 1 1 1
Maze 98
113 113 3.2131147541 2.1202176958 61 0.395017416634258
2 14 71 87 94 4 78 13 37 10 80 11 17 74 82 2
12 11 81 84 400 74 73 33 7 400 71 400 14 72 400
401 402 401 402 400 401 401 401 402 400 401 400 402 402 400
0 2 0 1 0 0 1 1 1 1
1 1 1 1 1 1 1 0 0 1
1 1 1 1 0 0 1 0 0 1
1 1 1 1 1 1 1 0 0 1
1 1 1 1 0 0 0 0 0 1
1 1 1 1 0 0 0 0 0 1
1 1 1 1 0 0 0 0 0 1
1 1 1 1 1 1 1 1 1 1
1 1 1 1 1 1 1 0 0 0
0 0 0 1 0 0 0 0 0 0
Maze 99
121 42 3.2363636364 1.8661134759 125 0.390878865242714
43 31 7 22 18 81 9 92 60 9 72 61 67 85 74 43
41 1 2 12 11 1 2 52 59 2 71 400 65 84 73
401 402 402 402 402 402 402 402 401 402 401 400 402 401 401
1 1 1 1 1 1 1 1 1 0
1 1 1 1 1 1 1 1 1 0
1 1 0 0 0 0 0 0 1 0
1 1 0 0 0 0 0 0 1 0
1 1 2 0 0 0 0 0 1 0
1 1 1 1 1 1 1 1 1 1
1 1 1 1 1 1 1 0 0 0
1 1 1 1 1 0 0 0 0 0
1 1 0 1 1 0 0 0 0 0
0 1 0 0 0 0 0 0 0 0
Maze 100
89 21 2.8727272727 2.1156724699 50 0.402953577171820
18 34 95 81 15 12 56 4 99 96 48 9 8 59 30 18
14 94 91 11 400 52 54 94 400 46 8 400 58 29 28
402 401 401 402 400 401 401 401 400 402 402 400 401 402 401
0 0 0 1 0 0 0 1 1 0
1 1 1 1 1 1 1 2 0 0
1 1 0 1 0 0 0 1 1 1
1 1 0 1 0 0 0 1 1 0
1 1 0 1 0 1 1 1 1 0
1 1 1 1 1 1 0 1 1 0
1 0 0 1 0 1 0 0 0 0
1 0 0 1 0 1 0 0 0 0
1 0 0 1 0 1 0 0 0 0
1 1 1 1 1 1 1 1 1 0
Maze 101
81 149 2.9811320755 2.2923517475 26 0.387334632900272
16 79 32 28 83 86 39 74 74 97 77 55 45 16 20 16
76 72 22 23 400 36 34 400 94 400 75 400 15 400 400
401 401 402 402 400 402 402 400 401 400 401 400 402 400 400
0 0 0 0 0 0 0 0 0 0
0 0 0 0 1 2 1 1 1 1
0 1 1 1 1 1 1 1 0 0
0 1 1 1 1 1 1 1 1 0
0 1 1 1 1 1 0 0 0 0
0 1 1 1 1 1 0 0 0 0
0 1 1 1 1 1 0 0 0 0
0 1 1 1 1 1 1 1 1 0
0 0 1 1 1 1 1 0 0 0
0 0 0 1 1 1 1 0 0 0
Maze 102
115 161 3.4615384615 2.0778394245 112 0.390597680605771
4 21 91 31 65 13 71 40 76 66 11 89 2 54 55 4
1 400 400 61 63 11 31 36 400 61 81 82 52 400 54
402 400 400 401 401 402 402 402 400 401 401 401 401 400 401
1 1 1 2 0 0 0 0 0 0
1 1 1 1 0 0 0 0 0 0
1 1 1 1 0 0 0 0 0 0
1 1 1 1 1 1 1 1 1 1
1 1 1 1 0 1 0 0 0 0
1 1 1 1 1 1 0 0 0 0
1 1 1 1 1 1 0 0 0 0
1 1 0 0 0 1 0 0 0 0
1 1 1 1 1 1 1 1 1 0
1 0 0 0 0 0 0 0 0 0
Maze 103
99 142 3.1481481481 2.0638631072 53 0.378017165626466
58 32 57 35 48 16 2 52 49 70 23 68 17 10 1 58
52 52 55 45 46 12 400 42 69 63 63 67 7 400 51
401 401 401 401 401 401 400 402 401 401 401 401 402 400 401
1 1 1 1 1 1 1 1 1 1
1 1 1 1 1 1 1 0 0 0
1 1 1 0 0 1 1 0 0 0
1 1 1 0 1 1 1 0 0 0
1 1 1 1 1 1 1 1 1 0
1 1 1 1 1 1 1 2 1 0
0 0 1 1 1 1 1 1 1 1
0 0 0 0 0 0 0 0 0 0
0 0 0 0 0 0 0 0 0 0
0 0 0 0 0 0 0 0 0 0
Maze 104
109 29 3.0000000000 2.0644929671 60 0.381997566961453
20 28 10 34 89 32 54 99 52 35 17 54 1 12 89 20
18 8 4 84 82 52 94 92 32 15 14 51 11 82 19
402 402 402 401 401 401 401 401 402 402 402 401 401 401 402
1 0 0 1 1 1 1 1 1 1
1 1 0 1 1 1 1 1 1 2
1 1 0 1 1 0 0 1 1 0
1 1 1 1 1 0 0 0 1 0
1 1 0 1 0 0 0 0 1 0
1 1 1 1 0 0 0 0 1 0
0 1 0 1 0 0 0 0 1 0
0 1 0 1 0 0 0 0 1 0
0 1 1 1 1 1 1 1 1 0
0 1 1 1 1 1 1 1 1 0
Maze 105
105 74 3.1764705882 1.9800858054 66 0.387228634938341
4 8 16 3 51 1 20 82 1 43 28 30 1 12 86 4
400 6 13 1 400 11 12 81 41 23 400 21 11 82 84
400 402 401 402 400 401 402 401 401 402 400 401 401 401 401
1 1 1 2 1 1 1 1 0 0
1 1 1 1 1 1 1 1 1 1
1 1 1 1 1 1 1 1 1 1
1 1 1 1 0 0 0 0 0 0
1 1 1 1 0 0 0 0 0 0
1 1 0 1 0 0 0 0 0 0
1 1 0 1 0 0 0 0 0 0
1 1 0 1 0 0 0 0 0 0
1 1 1 1 1 1 0 0 0 0
0 0 0 0 0 0 0 0 0 0
Maze 106
111 18 2.9696969697 2.2753215449 83 0.420669111997292
43 92 11 64 84 11 82 26 98 8 100 95 27 39 20 43
42 91 61 400 81 81 22 96 400 98 400 25 37 19 13
402 401 401 400 401 401 402 401 400 401 400 402 401 402 402
0 0 0 0 0 0 0 1 0 0
1 0 1 1 1 1 1 1 1 1
1 1 1 1 1 1 1 1 1 0
1 1 1 0 1 1 1 1 1 0
1 1 2 0 1 1 0 1 0 0
1 1 0 0 1 1 0 1 0 0
1 1 1 1 1 1 0 1 0 0
1 1 0 1 1 1 0 1 0 0
1 1 1 1 1 1 0 1 0 0
1 1 0 0 1 1 1 1 1 1
Maze 107
93 6 3.2000000000 1.8269230695 41 0.381445585185382
35 38 55 40 22 41 5 92 12 36 78 95 52 37 7 35
400 35 35 32 21 1 2 400 32 76 75 92 32 400 5
400 402 402 401 402 402 402 400 401 401 402 401 402 400 402
1 1 1 1 1 1 1 0 0 0
1 1 0 0 1 0 1 0 0 0
1 1 0 0 1 0 1 0 0 0
1 1 1 1 2 1 1 1 1 1
1 1 0 0 1 1 0 0 0 0
0 1 0 0 1 1 0 0 0 0
0 1 0 0 0 1 0 0 0 0
0 1 0 0 1 1 1 1 0 0
0 1 0 0 1 0 0 0 0 0
0 1 1 1 1 0 0 0 0 0
Maze 108
83 54 3.2156862745 2.1450939769 23 0.372965855668030
65 77 4 37 59 69 6 81 5 5 19 7 49 45 15 65
75 74 34 57 400 66 1 1 400 15 17 47 400 400 400
401 401 401 401 400 401 402 402 400 401 401 401 400 400 400
1 1 1 1 1 1 1 0 0 0
1 0 0 1 1 1 1 1 1 0
1 0 0 1 1 1 1 0 0 0
1 0 0 1 1 1 1 0 0 0
1 0 0 1 1 1 1 1 1 0
1 0 0 1 1 1 1 1 1 0
1 0 0 1 2 1 1 1 1 0
1 0 0 1 1 1 1 0 0 0
1 0 0 0 0 0 0 0 0 0
0 0 0 0 0 0 0 0 0 0
Maze 109
95 22 2.9433962264 1.9282406441 54 0.371321465589952
57 80 87 23 7 42 12 40 7 31 42 85 63 3 20 57
77 77 83 3 2 400 32 37 1 41 82 83 400 13 17
401 402 401 402 402 400 401 401 402 401 401 401 400 401 402
1 1 1 1 1 1 1 0 0 0
1 1 1 1 1 1 1 1 1 1
1 1 1 0 0 0 1 0 0 0
1 1 1 1 1 1 1 1 1 1
1 1 1 0 0 0 1 0 0 0
0 1 1 0 0 0 2 0 0 0
0 1 1 0 0 0 1 0 0 0
0 1 1 0 0 0 1 1 1 1
0 1 1 1 1 1 1 0 0 0
0 0 0 0 0 0 0 0 0 0
Maze 110
133 10 3.1600000000 1.5857511793 106 0.382439942356860
25 10 64 85 18 27 34 10 64 93 21 98 1 97 51 25
5 4 84 15 17 24 4 4 63 91 91 91 91 91 21
402 402 401 402 402 402 402 402 402 401 401 401 401 401 402
1 0 0 1 1 1 1 1 1 1
1 0 0 1 1 1 1 1 0 0
1 1 1 1 2 1 1 0 0 0
1 0 0 1 1 0 0 0 0 0
1 0 0 1 1 0 0 0 0 0
1 0 0 1 1 0 0 0 0 0
1 0 1 1 1 0 0 0 0 0
1 0 1 1 1 0 0 0 0 0
1 0 1 1 1 0 0 0 0 0
1 1 1 1 1 1 1 1 0 0
Maze 111
117 587 3.3000000000 2.0573125336 113 0.391693514062498
100 53 19 59 16 70 91 69 4 27 23 34 10 37 6 100
93 13 400 56 66 61 61 64 24 400 33 4 7 36 96
401 402 400 401 401 402 402 401 401 400 401 402 402 401 401
0 0 0 1 1 1 1 1 1 1
0 0 1 1 1 1 1 1 1 0
0 0 1 1 1 1 1 0 1 0
0 0 1 1 0 1 1 0 1 0
0 0 1 1 0 1 0 0 1 0
0 0 1 1 0 1 1 1 1 0
1 1 1 1 1 1 1 1 1 1
1 0 1 0 0 1 0 0 0 0
1 0 1 0 0 1 0 0 0 0
1 0 1 1 1 1 1 1 1 2
Maze 112
109 8 3.4782608696 1.7906684733 49 0.389672768970838
21 89 21 46 62 62 78 71 39 40 25 38 15 53 79 21
81 81 41 42 400 72 400 31 400 35 35 35 13 73 71
401 401 401 402 400 401 400 402 400 401 401 401 402 401 401
0 0 0 0 0 0 0 0 0 0
0 0 1 1 1 0 0 0 0 0
2 0 1 0 1 0 0 0 0 0
1 1 1 1 1 1 1 1 1 1
1 1 1 1 1 1 0 0 0 0
1 1 1 0 0 0 0 0 0 0
1 1 1 0 0 0 0 0 0 0
1 1 1 1 1 1 1 1 1 0
1 1 1 1 1 1 1 1 1 0
0 0 0 0 0 0 0 0 0 0
Maze 113
93 177 3.4042553191 2.1263750885 40 0.390638121825737
55 54 8 55 87 21 36 42 57 83 52 91 43 90 89 55
400 4 5 85 81 31 32 52 53 82 51 41 83 400 85
400 402 402 401 401 401 402 401 402 401 402 402 401 400 401
0 0 0 1 1 1 1 1 0 0
0 0 0 1 1 0 0 0 0 0
1 0 0 1 1 0 0 0 0 0
1 1 1 1 1 1 0 0 0 0
1 1 1 1 1 0 0 0 0 0
1 1 1 1 2 1 1 0 0 0
1 1 1 0 1 0 0 0 0 0
1 1 1 0 1 0 0 0 0 0
1 1 1 1 1 1 1 1 1 1
1 0 0 0 0 0 0 0 0 0
Maze 114
93 245 3.6086956522 2.0145797774 45 0.374058090603216
65 47 73 88 87 36 100 48 52 27 24 57 23 76 14 65
45 43 83 400 86 96 98 42 22 400 54 53 73 74 64
402 402 401 400 401 401 401 402 402 400 401 401 401 401 401
0 0 0 0 0 0 0 0 0 0
0 0 0 1 0 0 0 0 0 0
0 1 1 1 1 1 1 0 0 0
0 1 1 1 0 1 0 0 0 0
0 1 1 1 1 1 1 1 0 0
0 1 1 1 1 1 1 1 0 0
0 0 1 1 2 1 0 1 0 0
0 0 1 1 1 1 0 1 0 0
0 0 1 1 1 1 1 1 0 0
0 0 0 0 0 1 1 1 1 1
Maze 115
97 47 3.6000000000 1.8379155412 37 0.399350620429377
89 75 31 80 21 83 70 97 28 78 86 68 70 64 77 89
85 71 71 71 81 63 67 27 400 76 66 400 400 74 87
401 401 401 401 401 402 402 402 400 402 402 400 400 401 401
0 0 0 0 0 0 0 0 0 0
0 0 0 0 0 0 0 0 0 0
1 0 0 0 0 0 1 1 0 0
1 0 0 0 0 0 1 1 0 0
1 0 0 0 0 0 1 1 0 0
1 0 0 0 0 0 1 1 0 0
1 0 1 1 1 1 1 1 1 1
1 1 1 1 1 1 1 1 1 1
1 1 1 0 1 1 1 1 2 0
0 0 0 0 0 0 1 0 0 0
Maze 116
103 33 3.0526315789 2.1005204137 62 0.383562963836032
72 80 31 81 96 83 95 7 43 75 7 97 88 98 12 72
400 71 400 91 93 93 5 3 73 5 400 87 400 92 400
400 401 400 401 401 401 402 402 401 402 400 402 400 401 400
0 0 1 1 1 1 1 0 0 0
0 1 1 0 1 0 1 0 0 0
0 1 1 0 1 0 1 0 0 0
1 1 1 0 1 0 1 0 0 0
1 1 1 0 1 0 1 0 0 0
1 1 1 0 1 0 1 0 0 0
1 1 1 0 1 0 1 0 0 0
1 2 1 1 1 1 1 1 1 1
1 1 1 0 1 0 1 1 0 0
1 1 1 1 1 1 1 1 0 0
Maze 117
101 1321 2.8358208955 2.3682877733 77 0.400698578218916
40 100 5 66 84 93 14 59 62 87 96 39 99 18 15 40
400 95 65 64 83 13 54 52 82 86 36 400 98 400 35
400 401 401 402 402 402 401 402 401 402 402 400 401 400 401
0 0 0 0 1 0 0 0 0 0
0 0 1 1 1 1 1 1 0 0
0 0 1 1 1 0 0 1 0 0
0 0 1 1 1 1 1 1 1 2
0 0 1 1 1 1 0 1 1 1
0 1 1 1 1 1 1 1 1 1
0 1 1 1 1 1 0 1 1 1
0 1 1 1 1 1 0 1 1 1
0 1 1 1 1 1 1 1 1 1
0 0 1 0 1 1 1 1 1 1
Maze 118
87 25 3.4666666667 2.0247688549 50 0.386493064413146
69 25 76 36 3 63 87 54 34 68 41 92 35 52 62 69
65 75 400 33 400 83 84 400 64 61 91 32 32 400 400
401 401 400 401 400 401 401 400 401 401 401 402 402 400 400
0 0 1 0 0 0 0 0 0 0
0 0 1 0 0 0 0 0 0 0
0 0 1 0 1 0 0 0 0 0
0 1 1 1 1 1 0 0 0 0
1 1 1 1 1 1 0 0 0 0
1 1 1 1 1 1 0 0 0 0
1 1 1 1 1 1 1 1 2 0
1 1 1 1 1 1 0 0 0 0
1 1 1 1 1 1 1 0 0 0
1 1 0 0 0 0 0 0 0 0
Maze 119
103 716 3.2982456140 2.1318092796 77 0.378416842494486
74 59 6 60 50 14 82 37 56 51 3 86 25 66 38 74
54 56 56 400 44 12 32 36 400 1 83 85 65 36 34
402 401 401 400 401 402 402 402 400 402 401 401 401 402 402
1 1 1 0 0 1 0 0 0 0
1 1 1 1 0 1 0 0 0 0
1 1 1 1 1 1 0 0 0 0
1 1 1 1 1 1 1 1 0 0
1 1 1 1 1 1 1 1 1 1
1 1 1 1 1 1 1 1 1 1
0 1 1 1 1 1 0 0 0 0
0 1 1 2 1 0 0 0 0 0
0 1 1 1 1 1 0 0 0 0
0 0 0 0 0 0 0 0 0 0
Maze 120
99 4 3.6000000000 1.8377695075 50 0.390636555606663
79 69 84 52 20 82 88 83 66 35 90 44 68 46 35 79
400 64 82 12 12 400 400 63 65 85 84 64 66 45 75
400 402 401 402 402 400 400 402 401 401 401 401 401 401 401
0 0 0 0 0 0 0 0 0 0
0 1 1 1 1 1 1 1 1 1
0 1 0 0 0 0 0 0 0 0
0 1 0 0 1 0 0 0 0 0
0 1 0 1 1 1 0 0 0 0
0 1 0 1 1 1 0 0 0 0
0 1 1 1 1 1 1 1 1 0
0 1 1 1 1 1 1 1 2 0
0 1 1 1 1 1 1 1 1 1
0 0 0 0 0 0 0 0 0 0
Maze 121
81 66 3.0666666667 2.0663452372 19 0.366882614204427
72 42 67 7 48 12 6 4 48 72 93 78 36 64 76 72
400 62 400 47 42 2 400 44 42 92 73 76 34 74 400
400 401 400 401 401 402 400 401 402 401 402 401 402 401 400
0 1 1 1 1 1 1 0 0 0
0 1 0 1 0 0 1 0 0 0
0 1 0 1 0 0 1 0 0 0
0 1 0 1 1 1 1 0 0 0
0 1 1 1 1 1 1 1 0 0
0 1 0 1 0 1 1 0 0 0
0 1 1 1 1 1 1 0 0 0
0 2 1 1 1 1 1 1 0 0
0 1 1 0 0 0 0 0 0 0
0 1 1 0 0 0 0 0 0 0
Maze 122
107 152 3.4516129032 2.3288585224 97 0.392693106611003
41 91 17 17 2 62 57 79 5 9 46 93 89 13 29 41
400 11 400 12 400 52 77 75 400 6 43 83 83 23 21
400 402 400 401 400 402 401 401 400 402 402 402 401 401 402
0 1 0 0 1 1 1 1 1 0
1 1 1 1 1 1 1 0 0 0
1 1 1 1 1 1 1 1 1 0
1 1 1 0 1 1 0 0 0 0
2 1 1 1 1 1 0 0 0 0
1 1 1 1 1 1 1 0 0 0
1 1 1 0 1 0 1 0 0 0
1 0 1 0 1 1 1 1 1 0
1 0 1 1 1 1 1 1 1 0
1 0 1 0 0 0 0 0 0 0
Maze 123
111 379 3.0476190476 2.0639076597 90 0.386215477787811
16 85 9 69 49 73 16 81 92 82 9 46 80 92 23 16
15 5 400 400 43 13 11 91 400 2 6 76 72 22 13
402 402 400 400 402 402 402 401 400 402 402 401 402 402 402
0 1 1 1 1 1 1 1 1 0
1 1 1 1 1 2 0 0 1 0
1 1 1 0 1 1 0 0 1 0
1 1 1 0 1 1 0 0 1 0
1 1 1 1 1 1 1 1 1 0
1 1 1 0 1 1 0 0 1 0
1 1 1 0 1 1 0 0 1 0
1 1 1 1 1 1 1 1 1 1
1 1 0 0 1 0 0 0 0 0
1 1 0 0 0 0 0 0 0 0
Maze 124
91 7 3.0181818182 2.2069336866 44 0.391271735135597
85 46 50 92 93 55 60 98 2 1 11 1 30 4 28 85
45 400 42 400 53 400 58 92 400 400 400 21 24 24 25
402 400 402 400 402 400 402 401 400 400 400 401 401 401 402
1 1 0 1 0 0 0 0 0 0
1 1 0 1 0 0 0 0 0 0
1 1 1 1 1 1 1 1 1 1
0 1 0 0 1 0 0 0 0 0
0 1 1 1 1 1 1 1 1 1
0 1 1 1 1 1 1 1 1 1
0 1 1 0 1 0 0 1 0 0
0 1 1 0 1 0 0 1 0 0
0 1 1 0 2 0 0 1 0 0
0 1 1 1 1 1 1 1 0 0
Maze 125
105 1316 2.8529411765 2.2692599176 98 0.373792181662276
32 82 37 89 20 57 46 91 68 80 53 22 16 64 98 32
400 32 87 19 17 56 41 61 78 73 52 12 14 94 92
400 402 401 402 402 401 402 402 401 401 401 402 402 401 401
0 0 0 0 0 0 0 0 0 0
0 1 1 1 1 1 1 1 1 1
0 1 0 1 0 0 1 0 1 0
0 2 1 1 1 1 1 0 1 0
1 1 1 1 1 1 1 0 1 0
1 1 1 1 0 1 1 0 1 0
1 1 1 1 1 1 1 1 1 0
1 1 1 1 1 1 1 1 1 1
1 1 0 1 0 0 1 1 1 0
1 1 1 1 1 1 1 1 0 0
Maze 126
67 8 2.9047619048 2.1423097210 11 0.376949959628396
74 68 3 61 43 21 14 56 45 44 54 40 29 68 73 74
64 63 1 41 41 11 54 55 400 400 34 39 28 63 400
402 401 402 402 401 402 401 401 400 400 402 401 402 402 400
1 1 1 0 0 0 0 0 0 0
1 1 1 1 0 0 0 0 0 0
1 0 1 1 0 0 0 1 1 0
1 0 1 1 1 1 1 1 1 1
1 1 1 1 1 0 0 1 0 0
1 0 1 1 1 1 0 1 0 0
1 0 1 1 1 1 1 1 0 0
0 0 1 2 0 0 0 0 0 0
0 0 0 0 0 0 0 0 0 0
0 0 0 0 0 0 0 0 0 0
Maze 127
109 1497 3.3559322034 2.2105121502 81 0.379760243898648
63 61 78 94 88 11 20 64 46 7 54 95 5 86 27 63
400 71 74 84 81 400 14 44 6 4 94 400 85 26 23
400 401 402 402 401 400 402 402 402 402 401 400 401 402 402
0 0 0 1 1 1 1 0 0 0
1 1 1 1 1 1 1 1 1 1
1 0 1 1 1 1 1 0 0 0
1 0 1 1 1 1 0 0 0 0
1 0 1 1 1 1 0 0 0 0
1 0 1 1 1 1 0 0 0 0
1 1 2 1 1 1 0 0 0 0
1 1 1 1 1 1 1 1 0 0
1 1 1 1 1 1 1 1 0 0
0 0 0 1 1 0 0 0 0 0
Maze 128
115 156 3.1475409836 2.1732826639 125 0.375098189132357
47 99 1 100 65 19 9 70 26 43 34 33 57 21 93 47
97 91 91 95 15 400 69 66 23 33 400 53 51 91 43
401 401 401 401 402 400 401 401 402 402 400 401 401 401 402
1 0 0 0 0 0 0 0 1 0
1 0 0 0 1 1 1 1 1 0
1 0 1 1 1 1 0 0 1 0
1 0 1 1 1 1 0 0 1 0
1 0 1 1 1 1 2 0 1 0
1 1 1 1 1 1 1 0 1 0
1 0 1 0 1 1 1 1 1 1
1 0 1 0 1 0 1 0 0 0
1 0 1 0 1 0 1 0 0 0
1 1 1 1 1 1 1 1 1 1
Maze 129
91 7 2.8571428571 1.9977524024 45 0.357706844399562
32 97 90 19 75 37 36 52 6 42 66 15 32 5 4 32
92 87 89 15 35 400 32 2 2 62 65 12 2 400 2
401 402 401 402 402 400 402 402 402 401 401 402 402 400 402
0 1 1 1 1 1 0 0 0 0
0 1 1 1 1 1 1 1 1 0
0 1 0 0 1 0 0 0 1 0
0 2 1 1 1 1 1 0 1 0
0 1 0 0 1 0 0 0 1 0
0 1 0 0 1 0 0 0 1 0
0 1 1 1 1 1 0 0 1 0
0 1 0 0 1 0 0 0 1 0
0 1 0 0 0 0 1 1 1 1
0 1 1 1 1 1 1 0 0 0
Maze 130
65 40 3.0256410256 2.0286214170 16 0.373040446371751
46 73 83 71 71 64 78 40 55 63 35 26 6 79 16 46
43 400 81 400 61 74 38 35 53 33 25 400 76 76 400
402 400 401 400 402 401 402 402 402 402 402 400 401 401 400
0 0 0 0 0 1 0 0 0 0
0 0 0 0 0 1 0 0 0 0
0 0 0 0 1 1 0 0 0 0
0 0 1 1 1 1 1 1 1 1
0 0 1 1 1 2 0 1 0 0
0 0 1 1 1 1 0 1 0 0
1 1 1 1 0 1 0 1 0 0
1 0 1 1 1 1 1 1 1 0
1 1 1 0 0 0 0 0 0 0
0 0 0 0 0 0 0 0 0 0
Maze 131
85 52 3.1153846154 2.1425375218 50 0.397276557653029
68 69 83 29 2 37 16 87 5 37 40 50 18 30 10 68
400 63 23 22 32 36 86 85 35 400 400 48 28 400 8
400 402 402 401 401 401 401 401 401 400 400 401 401 400 402
0 1 0 0 1 0 0 1 1 1
0 1 0 0 1 1 0 1 0 1
0 1 1 1 1 1 1 1 1 1
0 1 1 1 1 1 1 1 1 1
0 0 1 0 1 1 0 1 1 1
0 0 1 0 1 1 0 1 0 0
0 0 1 1 1 1 1 2 1 0
0 0 1 0 1 1 0 0 0 0
0 0 1 0 1 1 1 0 0 0
0 0 0 0 0 0 0 0 0 0
Maze 132
87 49 3.3600000000 2.2215787790 45 0.376732518833565
96 9 44 47 82 43 26 98 61 56 32 64 65 65 54 96
6 4 400 42 42 23 96 91 51 52 62 400 400 64 94
402 402 400 402 402 402 401 401 402 401 401 400 400 401 401
0 0 0 1 1 1 1 1 1 0
0 0 0 1 0 1 0 0 0 0
0 0 1 1 1 1 0 0 0 0
0 1 1 1 0 1 0 0 0 0
0 1 1 1 1 1 1 0 0 0
1 1 1 1 1 1 0 0 0 0
1 1 1 1 1 1 0 0 0 0
1 1 0 1 0 1 0 0 0 0
1 1 0 1 0 1 0 0 0 0
1 1 1 1 1 2 1 1 0 0
Maze 133
93 30 2.9411764706 2.0042468333 26 0.402531843664247
27 21 1 39 25 89 71 33 72 17 75 32 42 52 5 27
400 400 31 35 85 81 31 32 12 15 72 400 400 2 25
400 400 401 401 401 401 402 402 402 402 401 400 400 402 401
1 1 1 1 1 0 0 0 0 0
1 1 1 1 1 1 1 0 0 0
1 1 1 1 1 1 2 0 0 0
1 1 1 1 1 1 1 1 1 0
1 1 0 0 1 0 0 0 0 0
1 1 0 0 1 0 0 0 0 0
1 1 0 0 1 0 0 0 0 0
1 1 1 1 1 0 0 0 0 0
1 1 1 1 1 1 1 1 1 0
0 0 0 0 0 0 0 0 0 0
Maze 134
67 65 3.0000000000 2.2440558656 16 0.391145419106538
14 6 28 42 62 44 45 75 52 31 78 18 19 24 65 14
4 26 22 400 42 400 400 72 51 71 400 400 14 64 64
402 401 402 400 402 400 400 401 401 401 400 400 402 401 401
0 0 0 1 1 1 0 0 0 0
0 0 0 2 1 1 1 1 1 0
0 1 1 1 1 1 1 1 0 0
1 1 0 1 0 0 0 1 0 0
1 1 1 1 1 0 0 1 0 0
1 1 0 1 1 0 0 1 0 0
1 1 0 1 1 0 0 1 0 0
1 1 1 1 1 1 1 1 0 0
0 0 0 0 0 0 0 0 0 0
0 0 0 0 0 0 0 0 0 0
Maze 135
95 1666 2.9180327869 2.1774865224 65 0.380810273749555
20 36 23 54 94 17 48 80 80 85 8 33 68 86 51 20
16 33 53 400 14 47 78 400 75 5 3 63 66 81 11
402 401 401 400 402 401 401 400 402 402 402 401 402 401 402
0 0 1 1 1 1 1 1 0 0
1 1 1 1 1 1 1 1 1 2
1 0 1 1 1 1 1 0 0 0
1 0 1 1 1 1 1 0 0 0
1 0 1 1 1 0 1 1 0 0
1 0 1 1 1 0 0 1 0 0
1 0 1 1 1 1 1 1 0 0
1 0 0 1 1 1 1 1 1 1
1 1 1 1 1 1 0 0 0 0
0 0 0 1 0 0 0 0 0 0
Maze 136
75 66 3.4883720930 2.2636682803 35 0.402081051587458
34 1 44 83 26 48 18 77 47 15 34 19 50 29 22 34
31 41 43 23 46 400 17 400 45 14 14 49 49 400 32
401 401 402 402 401 400 402 400 401 402 402 401 401 400 401
1 0 0 0 0 0 0 0 0 0
1 0 0 1 1 1 1 1 1 0
1 1 1 1 1 1 1 1 1 0
1 1 1 2 1 1 1 1 1 0
1 1 1 1 1 1 1 1 1 1
0 0 1 0 0 0 1 0 0 0
0 0 1 0 0 0 1 0 0 0
0 0 1 0 0 0 1 0 0 0
0 0 1 0 0 0 0 0 0 0
0 0 0 0 0 0 0 0 0 0
Maze 137
113 1634 3.5172413793 2.1202176958 112 0.379050635386428
47 34 98 70 87 18 95 77 45 71 27 85 51 39 2 47
44 94 68 67 17 15 75 75 41 21 25 81 31 32 42
401 401 402 402 402 402 402 401 402 402 402 401 402 401 401
0 1 0 0 0 0 0 0 0 0
0 1 0 0 1 1 1 1 0 0
1 1 1 1 1 1 1 0 0 0
1 1 1 1 1 1 1 1 1 0
1 1 1 1 1 1 2 0 0 0
1 0 0 1 1 0 1 0 0 0
1 0 0 1 1 0 1 1 1 1
1 0 0 1 1 1 1 1 0 0
1 1 1 1 1 0 1 1 0 0
0 0 0 1 1 1 1 1 0 0
Maze 138
81 163 2.8000000000 1.8080520825 26 0.369428881549927
77 30 65 69 10 50 27 39 27 94 77 30 37 38 44 77
27 25 400 9 400 47 37 37 24 74 27 27 400 34 74
402 402 400 402 400 401 401 401 402 402 402 402 400 402 401
0 0 0 0 0 0 0 0 1 1
0 0 0 0 0 0 0 0 1 1
0 0 0 1 1 1 1 1 1 1
0 0 0 1 1 1 1 1 1 1
0 0 0 1 1 0 1 1 1 1
0 0 0 1 1 0 1 0 1 0
0 0 0 1 1 1 1 1 1 0
0 0 0 1 1 1 2 0 0 0
0 0 0 1 0 0 0 0 0 0
0 0 0 1 0 0 0 0 0 0
Maze 139
109 527 3.6363636364 2.1053300445 96 0.396866318193286
9 93 44 7 86 16 37 61 80 96 24 58 52 72 43 9
3 43 4 6 400 36 31 71 76 94 54 400 400 42 3
402 402 402 402 400 401 402 401 402 401 401 400 400 402 402
0 0 1 1 1 1 1 1 2 0
0 0 1 1 0 1 0 0 0 0
0 0 1 1 0 1 0 0 0 0
1 1 1 1 1 1 1 0 0 0
1 1 1 1 0 1 0 0 0 0
1 1 1 1 1 1 1 1 0 0
1 1 1 1 0 1 0 0 0 0
1 1 1 1 1 1 1 1 1 1
0 0 1 1 0 1 0 0 0 0
0 0 1 1 1 1 0 0 0 0
Maze 140
75 10 3.4375000000 1.8208033805 30 0.373078143443543
59 43 95 78 65 65 57 76 65 15 93 55 83 27 45 59
53 93 75 75 400 55 56 75 400 13 53 53 23 25 55
401 401 402 401 400 402 402 401 400 402 402 402 402 402 401
0 0 0 0 0 0 0 0 0 0
0 0 1 1 1 0 0 0 0 0
0 0 1 1 1 1 1 0 0 0
0 0 1 0 1 0 0 0 0 0
0 0 1 0 1 0 0 0 0 0
0 0 1 1 1 1 1 1 2 0
0 0 1 0 1 1 0 0 0 0
0 0 1 0 1 1 1 1 0 0
0 0 1 0 1 0 0 0 0 0
0 0 1 1 1 0 0 0 0 0
Maze 141
87 39 3.0697674419 1.8703771110 50 0.389232828806802
95 75 69 58 79 14 5 86 71 80 35 15 88 16 45 95
400 65 68 78 74 4 85 81 400 75 400 85 86 15 400
400 402 401 401 401 402 401 401 400 401 400 401 401 402 400
0 0 0 1 1 0 0 0 0 0
0 0 0 1 1 1 0 0 0 0
0 0 0 1 1 1 0 0 0 0
0 0 0 1 1 1 0 0 0 0
0 0 0 1 1 1 0 0 0 0
0 0 0 1 1 1 0 1 0 0
0 0 0 1 1 1 1 1 1 0
1 1 1 1 1 1 1 1 1 1
1 1 1 1 1 1 1 1 0 0
0 0 0 0 2 0 0 0 0 0
Maze 142
121 386 3.5185185185 1.8484291358 131 0.388493478679185
31 69 85 39 76 39 32 70 28 3 70 24 30 8 78 31
61 65 35 36 36 400 62 68 23 63 64 400 28 400 71
401 402 402 402 402 400 401 401 401 401 401 400 401 400 401
0 0 1 0 0 0 0 1 0 0
0 0 1 0 0 0 0 1 0 0
0 0 1 1 1 1 1 1 1 1
2 1 1 1 1 1 1 1 1 0
1 1 1 1 1 1 0 1 0 0
1 1 1 1 1 1 0 1 0 0
1 1 1 1 1 1 1 1 1 1
1 1 1 1 1 1 1 1 0 0
0 0 0 0 1 0 0 0 0 0
0 0 0 0 0 0 0 0 0 0
Maze 143
87 69 3.4222222222 2.0720409095 56 0.380879584645993
59 59 97 6 70 36 39 40 14 96 75 90 8 69 38 59
400 57 96 66 66 400 400 34 94 95 85 88 68 68 58
400 402 401 401 401 400 400 401 401 401 401 401 401 401 401
0 0 0 0 0 1 0 1 0 0
0 0 0 1 0 1 0 1 0 0
0 0 0 1 0 1 0 1 0 0
0 0 0 1 1 1 1 1 1 1
0 0 0 1 0 1 0 1 0 0
0 0 0 1 0 1 1 1 2 0
0 0 0 1 0 1 1 1 1 1
0 0 0 1 1 1 1 1 0 0
0 0 0 1 1 1 1 1 1 1
0 0 0 1 1 1 1 0 0 0
Maze 144
97 918 3.5600000000 2.1547848641 71 0.398199122744833
76 1 77 43 70 49 83 44 38 88 88 44 60 25 25 76
71 71 73 63 69 43 43 34 400 400 84 54 55 400 75
401 401 401 401 401 402 402 402 400 400 401 401 401 400 401
1 0 0 0 0 0 0 0 0 0
1 0 0 0 0 0 0 0 0 0
1 0 0 0 1 0 0 0 0 0
1 0 0 1 1 1 1 1 0 0
1 0 1 1 1 1 1 1 1 0
1 0 1 1 1 1 1 1 1 1
1 0 1 1 1 1 1 1 1 1
1 1 1 1 1 2 1 1 0 0
0 0 1 1 1 1 1 1 0 0
0 0 0 0 0 0 0 0 0 0
Maze 145
99 755 3.4642857143 2.2912421463 60 0.391009160259684
48 45 20 72 93 28 61 5 84 22 35 39 36 42 44 48
400 15 12 92 23 21 1 4 82 32 400 400 32 400 400
400 402 402 401 402 402 402 402 401 401 400 400 402 400 400
1 1 1 1 1 0 0 0 0 0
1 1 1 1 1 1 1 1 1 1
1 1 1 1 1 1 1 1 0 0
1 1 1 1 1 1 1 1 1 0
1 1 1 1 1 1 1 2 0 0
1 1 1 1 0 0 0 0 0 0
1 1 1 1 0 0 0 0 0 0
0 1 1 1 0 0 0 0 0 0
0 1 1 1 0 0 0 0 0 0
0 1 1 0 0 0 0 0 0 0
Maze 146
123 96 3.3548387097 2.0945459762 139 0.382258695705452
39 59 34 17 51 53 57 93 30 74 9 31 60 47 92 39
400 54 14 11 400 400 53 23 24 4 1 51 57 42 32
400 401 402 402 400 400 402 402 402 402 402 401 401 402 402
1 1 1 1 1 1 1 1 1 0
1 1 1 1 1 1 1 0 0 0
1 0 1 1 1 1 1 1 1 1
1 1 1 1 1 1 1 1 2 0
1 1 1 1 1 1 1 0 1 0
1 1 1 1 1 1 1 1 1 1
0 1 1 1 0 0 0 0 0 0
0 1 1 1 0 0 0 0 0 0
0 1 1 0 0 0 0 0 0 0
0 1 1 0 0 0 0 0 0 0
Maze 147
99 37 2.8813559322 2.1275846358 55 0.370473242895034
3 7 41 89 30 11 30 23 3 13 55 34 88 10 16 3
400 1 81 29 21 21 400 400 400 53 54 84 8 6 13
400 402 401 402 401 401 400 400 400 401 401 401 402 402 401
1 1 2 1 1 1 1 1 1 1
1 0 1 1 1 1 0 1 0 0
1 1 1 1 1 1 1 1 1 1
1 0 1 1 0 0 0 1 1 0
1 0 1 1 0 0 0 1 1 0
1 0 1 1 1 0 0 1 1 0
1 0 0 1 0 0 0 1 1 0
1 0 0 1 0 0 0 1 1 0
1 1 1 1 1 1 1 1 1 0
0 0 0 0 0 0 0 0 0 0
Maze 148
111 23 3.0740740741 1.8732851390 70 0.380744213315472
32 83 68 10 83 82 99 93 22 9 3 86 8 13 55 32
82 63 8 3 400 92 400 92 2 400 83 6 3 53 52
401 402 402 402 400 401 400 401 402 400 401 402 402 401 401
0 1 1 1 1 1 1 1 1 1
0 1 1 0 0 1 0 1 0 0
0 1 1 0 0 1 0 1 0 0
0 2 1 0 0 1 0 1 0 0
0 1 1 0 0 1 0 1 0 0
0 1 1 1 1 1 0 1 0 0
0 1 1 1 1 1 1 1 0 0
0 1 1 0 0 1 0 0 0 0
0 1 1 1 1 1 0 0 0 0
0 1 1 1 1 1 1 1 1 0
Maze 149
109 70 3.4237288136 2.2193299396 120 0.396230083519035
12 3 41 62 50 73 6 95 70 34 19 73 40 39 43 12
2 1 61 42 43 3 5 65 64 14 13 33 400 33 42
402 402 401 402 402 402 402 402 401 402 402 402 400 402 401
1 1 1 1 1 1 0 0 0 0
1 2 1 1 1 1 1 1 1 0
1 1 1 1 1 0 0 0 0 0
1 1 1 1 1 1 1 1 1 1
1 1 1 1 1 1 1 1 1 1
1 1 1 1 1 0 0 0 0 0
1 1 1 1 1 1 1 1 1 1
0 0 1 0 1 0 0 0 0 0
0 0 0 0 1 0 0 0 0 0
0 0 0 0 1 0 0 0 0 0
Maze 150
111 92 3.3666666667 2.2481381577 99 0.407945087573076
43 19 15 34 17 100 31 89 62 58 81 71 48 5 53 43
13 400 14 14 97 91 81 82 52 51 400 41 45 3 400
402 400 402 402 401 401 401 401 402 402 400 402 401 402 400
0 0 1 1 1 0 0 0 0 0
0 0 1 1 1 1 1 1 1 0
0 0 1 1 1 0 1 0 0 0
1 0 1 1 1 0 1 0 0 0
1 1 2 1 1 1 1 1 0 0
1 1 1 1 1 1 1 1 0 0
1 1 0 0 0 0 1 0 0 0
1 1 0 0 0 0 1 0 0 0
1 1 1 1 1 1 1 1 1 0
1 1 1 1 1 1 1 1 1 1
Maze 151
99 97 3.3214285714 2.1535709140 77 0.373681241001237
73 91 49 5 86 65 86 88 10 37 12 44 8 34 69 73
71 41 45 85 85 85 400 8 7 32 42 4 4 64 63
402 402 401 401 401 401 400 402 402 401 401 402 402 401 402
0 0 0 1 1 1 1 1 1 1
0 1 0 1 1 0 1 1 0 0
0 1 0 1 1 0 1 1 0 0
0 1 1 1 1 1 1 1 0 0
1 1 1 1 1 1 1 1 1 0
1 0 0 1 1 0 0 1 0 0
1 0 1 1 1 1 1 1 1 0
1 1 2 0 1 0 0 1 0 0
1 0 0 0 1 1 1 1 0 0
1 0 0 0 0 0 0 0 0 0
Maze 152
83 31 3.0638297872 2.1677188952 26 0.369802252412914
73 43 31 10 58 57 20 33 74 1 71 73 55 5 63 73
400 41 1 8 400 17 13 73 71 400 400 53 400 3 400
400 401 402 402 400 402 402 401 401 400 400 402 400 402 400
1 1 1 1 1 1 1 1 1 1
1 0 1 1 1 1 1 1 1 1
1 0 1 0 1 0 1 1 0 0
1 0 1 0 1 0 1 1 0 0
1 1 1 0 1 0 1 1 0 0
1 0 1 1 1 0 1 1 0 0
1 0 1 0 0 0 0 0 0 0
1 1 2 1 0 0 0 0 0 0
0 0 0 0 0 0 0 0 0 0
0 0 0 0 0 0 0 0 0 0
Maze 153
103 87 3.6666666667 1.9651274493 40 0.380219107250236
6 72 66 35 88 56 14 9 85 34 87 55 33 95 12 6
2 62 65 85 86 54 4 5 84 84 85 53 93 92 2
402 402 401 401 401 401 402 402 401 401 401 401 401 401 402
0 1 1 1 1 2 1 1 1 0
0 1 0 1 1 0 0 0 0 0
0 1 0 1 1 0 0 0 0 0
0 1 1 1 1 0 0 0 0 0
0 1 1 1 1 0 0 0 0 0
0 1 1 1 1 1 0 0 0 0
0 1 1 1 1 1 0 0 0 0
0 1 1 1 1 1 0 0 0 0
0 1 1 1 1 1 1 1 0 0
0 1 1 1 1 0 0 0 0 0
Maze 154
105 1593 3.3461538462 2.0466653702 98 0.385899498239837
11 12 45 88 92 13 87 31 77 16 35 23 81 89 47 11
400 42 85 82 12 83 81 71 76 15 33 21 400 87 41
400 401 401 402 402 401 401 401 401 402 401 402 400 401 401
0 0 0 0 0 0 0 0 0 0
2 1 1 0 1 1 0 0 0 0
1 1 1 0 1 1 0 0 0 0
1 1 1 1 1 1 0 0 0 0
1 1 1 1 1 1 1 0 0 0
1 1 1 0 1 1 1 0 0 0
1 1 1 0 1 1 1 0 0 0
1 1 1 1 1 1 1 0 0 0
1 1 1 1 1 1 1 1 1 0
0 1 0 0 0 0 0 0 0 0
Maze 155
95 64 2.9333333333 2.2355528297 65 0.390132941115585
38 23 66 53 93 36 58 32 14 13 77 51 7 35 98 38
33 63 63 400 33 56 52 12 400 73 71 1 5 95 400
401 401 401 400 402 401 401 402 400 401 401 402 402 401 400
1 1 1 1 1 1 1 0 0 0
1 1 1 1 1 0 0 0 0 0
1 1 1 0 1 0 0 0 0 0
1 1 1 1 1 1 1 2 0 0
1 1 1 0 1 1 0 1 0 0
1 1 1 1 1 1 1 1 0 0
1 0 1 1 1 1 0 1 0 0
1 1 1 1 1 1 1 1 0 0
0 0 1 0 1 0 0 1 0 0
0 0 1 0 1 1 1 1 0 0
Maze 156
75 12 2.8750000000 2.2330607497 30 0.392381285730719
37 45 38 77 13 12 6 57 59 87 83 22 80 80 75 37
35 35 37 73 400 2 56 400 57 400 82 72 400 400 35
402 402 402 401 400 402 401 400 402 400 401 401 400 400 402
0 1 1 1 1 1 0 0 0 0
0 1 1 0 0 1 0 0 0 0
0 1 1 0 0 1 0 0 0 0
0 1 1 0 1 1 2 1 0 0
0 1 1 0 1 1 1 0 0 0
0 1 1 0 1 1 1 1 1 0
0 1 1 0 1 0 1 0 0 0
0 1 1 1 1 1 1 1 1 1
0 1 1 1 1 1 1 0 0 0
0 0 0 0 0 0 0 0 0 0
Maze 157
107 525 2.8615384615 2.2068136069 105 0.380684466044945
31 69 79 30 61 20 98 7 75 76 94 86 70 30 68 31
61 400 29 21 11 18 97 5 400 74 84 66 400 28 61
401 400 402 402 402 402 401 402 400 402 402 402 400 402 401
0 0 0 0 1 1 1 0 0 0
1 1 1 1 1 1 1 1 1 1
1 1 1 1 1 1 1 1 1 1
2 0 0 0 1 0 1 1 1 1
1 0 0 0 1 0 1 1 1 1
1 0 0 0 1 0 1 1 1 1
1 1 1 1 1 1 1 1 1 1
0 0 0 1 1 1 1 1 1 0
0 0 0 1 1 1 1 1 0 0
0 0 0 1 0 0 1 1 0 0
Maze 158
115 67 3.1785714286 2.1260765237 148 0.384122700670281
81 83 31 80 89 67 31 36 91 76 53 28 81 58 5 81
400 81 71 79 87 61 400 31 71 73 23 21 51 55 1
400 401 401 402 401 401 400 402 402 401 402 402 402 401 402
1 1 1 1 1 0 0 0 0 0
1 0 0 0 1 0 0 0 0 0
1 1 1 1 1 1 1 1 0 0
1 1 1 1 1 1 0 0 0 0
1 0 1 0 1 0 0 0 0 0
1 1 1 1 1 1 1 1 0 0
1 1 1 1 1 1 1 0 0 0
1 1 1 1 1 1 1 1 1 1
2 1 1 0 0 0 1 1 1 0
1 0 0 0 0 0 0 0 0 0
Maze 159
113 163 3.2542372881 2.0578959924 105 0.386518624339592
99 30 93 35 80 72 38 21 21 38 38 33 6 86 5 99
29 23 33 75 400 32 31 400 31 400 400 3 400 85 95
402 402 402 401 400 402 401 400 401 400 400 402 400 401 401
0 0 1 1 1 1 0 0 0 0
0 0 1 0 1 1 0 0 0 0
1 0 1 1 1 1 1 1 1 1
1 1 1 1 1 1 1 1 1 0
0 1 1 0 1 1 0 0 1 0
0 1 1 0 1 1 0 0 1 0
0 1 1 0 1 1 0 0 1 0
0 1 1 1 1 1 1 1 1 1
0 0 1 0 1 1 0 0 1 0
0 0 1 0 1 1 1 1 2 0
Maze 160
101 194 2.8923076923 2.1728967634 56 0.389989539567503
2 89 28 45 56 97 57 75 32 59 70 8 100 91 14 2
82 88 25 55 96 400 55 72 52 69 68 98 400 11 12
401 401 402 401 401 400 402 401 401 401 401 401 400 402 401
0 2 0 0 0 0 0 1 0 0
1 1 1 1 0 0 0 1 0 0
1 1 0 0 1 1 1 1 0 0
1 1 0 0 1 0 0 1 0 0
1 1 0 0 1 0 0 1 0 0
1 1 1 1 1 1 1 1 1 0
1 1 0 0 1 1 1 1 1 1
1 1 1 1 1 1 1 1 0 0
1 1 1 1 1 1 1 1 1 0
1 1 1 1 1 1 1 1 1 1
Maze 161
123 192 3.3703703704 1.7944783811 140 0.398300089486722
52 97 14 33 15 89 81 99 4 97 74 29 97 73 47 52
92 94 13 13 85 400 91 94 94 94 24 27 93 43 42
401 401 402 402 401 400 401 401 401 401 402 402 401 402 402
0 0 0 1 0 0 0 0 0 0
0 0 1 1 1 0 0 0 0 0
0 0 1 1 1 1 1 1 1 0
0 0 1 1 1 0 1 0 0 0
0 1 1 1 1 1 1 0 0 0
0 2 1 1 1 0 1 0 0 0
0 1 1 1 1 0 1 0 0 0
0 1 1 1 1 0 1 0 0 0
1 1 1 1 1 1 1 1 1 0
1 1 1 1 1 1 1 1 1 0
Maze 162
107 614 3.3454545455 2.0023486013 98 0.382860905609403
7 80 11 38 65 19 12 18 59 37 44 19 46 72 67 7
77 71 31 35 15 400 400 58 57 34 14 16 42 62 400
401 401 401 402 402 400 400 401 401 402 402 402 402 402 400
0 0 0 0 0 0 2 0 0 0
1 1 1 1 1 1 1 1 1 0
1 0 0 1 1 1 1 1 0 0
1 1 1 1 1 1 1 1 0 0
1 1 1 1 1 1 1 1 0 0
1 1 0 0 1 0 1 1 1 0
1 1 1 1 1 1 1 0 0 0
1 1 1 1 1 1 1 1 1 1
0 0 0 0 0 0 0 0 0 0
0 0 0 0 0 0 0 0 0 0
Maze 163
109 628 3.4137931034 2.1042567993 78 0.385091601165037
75 48 48 42 74 60 64 94 7 90 92 20 19 73 90 75
45 400 400 72 54 54 400 4 87 82 12 400 13 83 85
402 400 400 401 402 402 400 402 401 402 402 400 402 401 401
0 0 0 1 1 1 1 0 0 0
0 1 1 1 1 1 1 1 1 1
0 1 1 1 0 0 1 0 0 0
0 1 1 1 0 0 1 0 0 0
0 1 1 1 1 1 1 1 0 0
0 1 1 1 1 1 1 1 1 1
0 1 1 1 1 0 1 0 0 0
0 1 1 1 2 0 1 0 0 0
0 1 1 1 1 1 1 1 1 1
0 1 0 1 0 0 0 0 0 0
Maze 164
73 18 3.3333333333 1.9880734034 16 0.377834563787490
32 29 45 48 36 72 93 39 36 38 32 41 53 77 73 32
22 25 400 46 32 92 33 400 400 400 31 51 73 400 72
402 402 400 401 402 401 402 400 400 400 402 401 401 400 401
0 0 0 0 0 0 0 0 0 0
0 0 0 0 0 0 0 0 0 0
0 1 1 1 1 1 1 1 1 0
1 2 1 1 1 1 1 1 1 0
1 1 1 0 1 1 1 1 0 0
1 1 1 0 0 0 0 0 0 0
0 1 1 0 0 0 0 0 0 0
0 1 1 1 1 1 1 0 0 0
0 1 1 0 0 0 0 0 0 0
0 1 1 0 0 0 0 0 0 0
Maze 165
87 212 3.4545454545 2.0259758536 50 0.382775968202022
35 51 61 81 27 87 9 4 57 9 56 75 40 45 54 35
31 400 400 21 400 7 400 54 7 6 55 35 35 44 34
402 400 400 402 400 402 400 401 402 402 402 402 402 402 402
0 0 0 1 1 1 1 1 1 0
0 0 0 1 0 1 1 0 0 0
1 1 1 1 1 1 1 0 0 0
1 1 1 1 2 1 1 1 1 1
1 0 0 1 1 1 1 0 0 0
1 0 0 1 1 1 1 0 0 0
1 0 0 0 1 0 1 0 0 0
1 0 0 0 1 0 1 0 0 0
1 0 0 0 0 0 1 0 0 0
0 0 0 0 0 0 0 0 0 0
Maze 166
107 105 3.3846153846 1.9708340383 105 0.375923388730962
85 98 59 27 67 22 88 45 90 27 33 56 1 28 22 85
95 58 57 400 62 82 85 85 87 23 53 51 21 400 82
401 402 401 400 401 401 401 401 401 402 401 401 401 400 401
1 0 0 0 0 0 0 0 0 0
1 0 0 0 0 0 0 0 0 0
1 1 1 1 1 1 1 1 0 0
1 1 1 0 0 0 1 0 0 0
1 1 1 0 1 0 1 0 0 0
1 1 1 1 1 1 1 1 1 0
0 1 1 1 1 1 1 1 0 0
0 1 0 0 1 0 1 1 0 0
0 1 1 1 2 1 1 1 1 1
0 0 0 0 1 1 1 1 0 0
Maze 167
87 18 3.3953488372 2.0151873563 50 0.363717574965266
41 41 77 48 19 46 47 13 62 14 77 21 21 48 81 41
400 71 47 18 16 400 43 12 12 74 71 400 41 41 400
400 401 402 402 402 400 401 402 402 401 401 400 401 402 400
0 0 0 0 0 0 0 0 0 0
0 1 1 1 0 1 1 1 1 0
1 1 1 1 0 1 0 1 0 0
1 1 1 1 0 1 0 1 0 0
2 1 1 1 1 1 1 1 0 0
1 1 0 1 0 0 1 0 0 0
1 1 0 1 0 0 1 0 0 0
1 1 1 1 1 1 1 0 0 0
1 0 0 0 0 0 0 0 0 0
0 0 0 0 0 0 0 0 0 0
Maze 168
105 740 3.2258064516 2.2481381577 87 0.390905350635709
35 93 29 60 15 3 39 95 62 38 68 69 16 90 34 35
33 23 59 55 13 33 35 92 32 400 400 66 86 84 400
402 402 401 401 401 401 402 401 402 400 400 401 401 401 400
0 0 1 0 0 0 0 0 0 0
0 0 1 1 1 1 0 0 0 0
0 0 1 1 1 1 1 1 1 0
0 1 1 1 2 1 1 1 1 0
0 1 1 1 1 1 0 1 1 0
0 1 1 1 1 1 1 1 1 1
0 1 1 1 1 1 1 1 1 0
0 1 1 1 1 1 0 0 0 0
0 1 1 1 1 1 1 1 1 1
0 1 1 1 1 0 0 0 0 0
Maze 169
99 411 3.0175438596 2.1522219506 60 0.368638810166339
92 58 15 82 43 10 86 4 24 3 71 53 2 32 31 92
52 55 12 42 3 6 84 400 23 1 51 52 400 400 91
402 401 402 402 402 402 401 400 401 402 402 401 400 400 401
1 1 1 1 1 1 1 1 1 1
1 1 1 1 1 1 0 0 0 0
1 1 1 1 1 1 0 0 0 0
1 1 1 1 1 1 0 0 0 0
1 1 1 1 1 1 0 0 0 0
1 1 1 1 1 1 1 1 0 0
1 1 0 1 0 1 0 0 0 0
1 1 0 1 0 1 0 0 0 0
1 1 0 1 1 1 0 0 0 0
1 2 0 0 0 0 0 0 0 0
Maze 170
117 1637 3.3015873016 2.1107358740 133 0.390952031400879
49 86 66 41 19 16 2 88 99 20 24 90 13 39 13 49
46 400 61 11 400 12 82 98 19 14 84 83 33 33 43
402 400 401 402 400 401 401 401 402 402 401 401 401 401 401
0 1 0 0 0 0 0 0 0 0
1 1 1 1 1 1 1 1 1 1
1 1 1 1 0 0 0 0 1 0
1 1 1 1 1 1 1 1 1 0
1 1 1 1 1 1 1 1 2 0
1 1 1 1 0 1 0 0 1 0
1 1 1 1 1 1 0 0 1 0
0 1 1 1 0 1 0 0 1 0
0 1 1 1 1 1 1 1 1 1
0 0 0 0 0 0 0 1 1 0
Maze 171
85 70 2.9259259259 2.2377515472 41 0.381721623405992
6 23 11 71 62 67 88 8 38 73 88 83 65 28 90 6
3 21 400 61 400 87 400 400 33 83 400 63 25 88 86
402 401 400 402 400 401 400 400 402 401 400 402 402 401 401
0 0 1 1 1 2 0 1 0 0
1 0 1 0 0 1 0 1 0 0
1 1 1 0 1 1 1 1 0 0
1 0 1 1 1 1 1 1 0 0
1 0 1 0 1 1 0 1 0 0
1 0 1 0 1 1 0 1 0 0
1 1 1 1 1 1 1 1 0 0
1 0 1 0 0 1 1 1 0 0
0 0 1 1 1 1 1 1 1 1
0 0 0 0 0 0 0 0 0 0
Maze 172
115 32 3.0312500000 2.0937598578 125 0.397858097390028
89 66 19 42 3 81 20 58 34 58 24 96 62 7 48 89
86 16 12 2 1 11 18 54 54 54 94 92 2 47 88
401 402 402 402 402 402 402 401 401 401 401 401 402 401 401
1 1 1 1 1 1 1 0 0 0
1 1 1 1 1 1 1 1 1 1
1 1 0 1 0 1 1 1 0 0
1 1 0 1 0 1 1 1 0 0
1 1 0 1 0 1 1 1 0 0
1 1 0 1 1 1 1 1 0 0
1 1 0 1 0 1 0 1 0 0
1 1 0 1 0 1 0 1 0 0
1 1 0 1 0 1 1 1 2 0
0 1 1 1 1 1 0 0 0 0
Maze 173
99 97 3.4909090909 2.2890717499 71 0.378323308947213
17 37 85 11 98 83 18 16 14 55 14 83 54 82 79 17
400 35 81 91 93 13 400 400 54 54 13 53 52 72 77
400 402 401 401 401 402 400 400 401 401 402 402 402 402 401
0 0 0 0 0 0 0 0 0 0
1 0 1 1 1 1 2 1 0 0
1 0 1 1 0 0 1 0 0 0
1 0 1 1 1 1 1 0 0 0
1 0 1 1 1 0 1 0 0 0
1 1 1 1 1 0 1 0 0 0
1 1 1 0 1 0 1 0 0 0
1 1 1 1 1 1 1 1 1 0
1 1 1 1 1 0 0 0 0 0
1 1 1 1 1 1 1 1 0 0
Maze 174
91 70 3.2340425532 2.0673024749 45 0.390015773829485
65 71 27 45 89 63 73 11 36 66 87 13 98 96 93 65
61 21 25 85 83 400 71 31 400 86 83 93 400 400 63
402 402 402 401 401 400 401 401 400 401 401 401 400 400 402
0 0 0 0 0 0 0 0 0 0
1 0 1 0 0 0 0 0 0 0
1 1 1 1 1 1 1 0 0 0
1 1 1 1 1 1 0 0 0 0
1 0 1 0 1 1 0 0 0 0
1 0 1 0 1 1 0 0 0 0
1 1 1 1 2 1 0 0 0 0
1 1 1 0 1 1 0 0 0 0
0 0 1 1 1 1 1 1 1 0
0 0 1 1 1 1 1 1 0 0
Maze 175
95 22 3.6086956522 2.0211126695 48 0.372339720791777
41 63 91 87 53 6 43 38 32 63 12 54 88 84 99 41
61 61 81 83 3 3 33 400 62 62 52 84 400 94 91
401 402 402 401 402 402 402 400 401 401 401 401 400 401 401
0 0 1 1 1 1 0 0 0 0
0 1 1 0 0 0 0 0 0 0
0 1 1 0 0 0 0 0 0 0
0 1 1 1 1 1 1 1 0 0
2 1 1 0 0 0 0 0 0 0
1 1 1 1 0 0 0 0 0 0
1 1 1 1 0 0 0 0 0 0
1 0 1 1 0 0 0 0 0 0
1 1 1 1 1 1 1 1 0 0
1 1 1 1 1 1 1 1 1 0
Maze 176
77 43 3.7058823529 1.8498720495 35 0.394615864440793
34 63 62 49 23 77 27 69 73 69 55 62 73 3 3 34
33 400 42 43 73 400 67 63 63 65 52 72 400 400 33
402 400 402 401 401 400 401 402 402 401 402 401 400 400 401
0 0 1 0 0 0 0 0 0 0
0 0 1 0 0 0 0 0 0 0
0 0 1 0 0 0 1 0 0 0
0 0 1 2 0 0 1 0 0 0
0 1 1 1 1 1 1 1 1 0
0 1 1 1 1 0 1 0 0 0
0 1 1 1 1 1 1 1 1 0
0 1 1 1 1 1 1 0 0 0
0 0 0 0 0 0 0 0 0 0
0 0 0 0 0 0 0 0 0 0
Maze 177
101 601 3.6250000000 1.9968846417 60 0.386891531024057
85 23 39 86 50 93 95 59 38 3 64 39 7 80 96 85
83 33 36 46 43 400 55 58 33 63 34 37 77 76 95
401 401 402 402 402 400 402 401 401 401 402 401 401 402 401
0 0 1 0 0 0 1 0 0 0
0 0 1 0 0 0 1 0 0 0
0 0 1 0 0 0 1 0 0 0
0 0 1 1 1 1 1 1 1 0
0 0 1 1 1 1 1 1 1 1
0 0 1 1 1 1 1 1 1 0
0 0 1 1 1 1 1 0 0 0
0 0 1 0 1 1 1 1 1 1
0 0 1 1 2 1 0 0 0 0
0 0 1 1 1 1 0 0 0 0
Maze 178
111 177 3.0689655172 1.9981708149 85 0.400420377644128
5 9 14 78 93 88 52 9 97 14 86 55 9 50 49 5
400 4 74 73 83 82 2 7 94 84 85 5 49 400 45
400 402 401 402 402 401 402 402 401 401 401 402 401 400 401
0 1 1 1 2 1 1 1 1 0
0 1 0 1 1 0 1 0 1 0
0 1 0 1 1 0 1 0 1 0
0 1 0 1 1 0 1 0 1 0
0 1 0 1 1 1 1 1 1 1
0 1 0 1 1 0 1 0 0 0
0 1 0 1 1 0 1 0 0 0
0 1 1 1 1 1 1 1 0 0
0 1 1 1 1 1 1 1 0 0
0 0 1 1 1 1 1 0 0 0
Maze 179
85 61 3.1111111111 2.0206224498 45 0.381789687783361
58 79 31 35 78 68 69 22 53 56 51 16 75 66 92 58
78 71 400 75 400 400 62 52 400 400 11 15 65 62 52
401 401 400 401 400 400 401 401 400 400 402 402 402 402 402
0 0 0 0 0 0 0 0 0 0
1 1 1 1 1 1 0 0 0 0
1 1 0 0 1 0 0 0 0 0
1 1 1 1 1 0 0 0 0 0
1 1 0 0 1 0 0 0 0 0
1 1 1 1 1 1 1 2 0 0
1 1 1 1 1 1 1 1 1 0
1 1 1 1 1 1 1 1 1 0
0 1 0 0 0 0 0 0 0 0
0 1 0 0 0 0 0 0 0 0
Maze 180
91 124 3.3962264151 2.2145947577 56 0.390600642471546
24 70 54 53 51 48 75 1 56 78 49 88 6 29 7 24
64 64 400 400 41 45 71 51 76 48 48 86 26 27 4
401 401 400 400 402 402 401 401 401 402 402 401 401 401 402
1 0 0 1 1 1 1 0 0 0
1 0 0 1 0 1 1 0 0 0
1 0 0 2 0 1 1 1 1 0
1 0 0 1 0 1 0 0 0 0
1 1 1 1 1 1 1 1 1 0
1 1 1 1 1 1 0 1 0 0
1 0 0 1 1 1 1 1 1 1
1 1 1 1 1 1 1 1 0 0
0 0 0 0 0 1 1 1 0 0
0 0 0 0 0 0 0 0 0 0
Maze 181
97 65 2.8529411765 2.4750763158 59 0.371326831276119
86 19 48 96 85 9 10 63 83 51 99 40 57 22 45 86
16 18 46 95 5 400 3 400 81 91 39 37 52 42 85
402 402 402 401 402 400 402 400 401 401 402 402 401 401 401
0 0 1 1 1 1 1 1 1 1
0 0 1 0 1 1 1 1 1 0
0 1 1 0 1 1 0 1 0 0
0 1 1 0 1 1 1 1 1 1
0 1 1 1 1 1 1 1 1 0
1 1 1 1 1 1 1 0 1 0
1 0 1 0 1 1 0 0 1 0
1 0 1 0 1 1 0 0 1 0
1 1 1 0 1 2 0 0 1 0
1 1 1 1 1 1 1 1 1 0
Maze 182
71 104 3.0666666667 2.2549375760 16 0.380534393420230
51 36 45 26 43 81 74 34 42 11 43 99 100 87 69 51
31 35 25 23 41 71 400 32 41 41 93 400 97 67 61
402 402 402 402 402 402 400 402 401 401 401 400 401 402 401
0 0 0 0 0 0 0 0 0 0
1 0 0 0 0 0 0 0 0 0
1 0 1 1 1 1 0 0 0 0
1 1 1 1 1 1 0 0 0 0
1 1 1 1 1 0 0 0 0 0
2 0 1 1 0 0 0 0 0 0
1 1 1 1 1 1 1 1 1 0
1 1 1 1 0 0 1 0 0 0
1 0 1 0 0 0 1 0 0 0
0 0 1 1 1 1 1 1 1 1
Maze 183
75 19 2.7916666667 2.2330607497 30 0.365767817109063
3 59 50 88 7 16 88 47 43 75 94 62 82 83 55 3
53 49 48 87 6 86 87 400 73 74 92 400 400 53 53
401 402 402 401 402 401 401 400 401 402 401 400 400 402 401
0 0 2 0 0 1 1 0 0 0
0 0 1 0 0 1 1 0 0 0
0 0 1 0 0 1 1 0 0 0
0 0 1 0 0 1 1 0 0 0
0 0 1 1 1 1 1 1 1 1
0 0 1 1 1 1 1 1 1 0
0 1 1 0 0 1 1 1 0 0
0 1 1 1 1 1 1 1 0 0
0 1 1 1 0 1 1 1 0 0
0 1 1 1 0 0 0 0 0 0
Maze 184
99 53 2.9677419355 2.3294971503 60 0.390777448342793
51 11 19 31 35 49 69 13 1 23 79 97 29 92 21 51
400 400 11 400 45 400 63 11 21 73 77 27 22 91 400
400 400 402 400 401 400 401 401 401 401 402 402 402 401 400
1 0 0 0 0 0 0 0 0 0
1 1 1 1 1 1 1 1 1 0
1 1 1 1 1 1 1 1 1 0
1 1 1 1 1 0 1 0 0 0
1 1 1 0 1 1 1 1 1 0
2 1 1 0 0 0 1 0 1 0
1 1 1 1 1 1 1 1 1 0
1 1 1 1 1 1 1 1 1 0
1 1 0 0 0 0 1 0 0 0
1 1 0 0 0 0 1 0 0 0
Maze 185
127 339 3.7288135593 2.1260918281 162 0.384395436419972
37 43 56 99 51 94 60 33 96 40 7 65 3 69 81 37
33 53 96 91 91 54 53 93 36 37 5 63 63 61 31
402 401 401 401 401 402 401 401 402 401 402 401 401 402 402
0 0 1 0 1 1 1 0 0 0
0 0 1 0 1 0 1 0 0 0
0 0 1 0 1 0 1 0 0 0
1 1 1 1 1 1 2 1 1 1
1 0 1 0 1 1 0 0 0 0
1 0 1 1 1 1 1 1 1 1
1 1 1 1 1 1 1 1 1 0
1 0 1 1 0 1 0 0 0 0
1 0 1 1 0 1 0 0 0 0
1 1 1 1 1 1 1 1 1 0
Maze 186
101 7 3.0312500000 2.3279295835 66 0.376780553400822
42 7 24 90 73 15 56 45 27 35 56 77 11 82 99 42
2 4 84 83 13 55 55 25 25 55 76 71 81 92 92
402 402 401 401 402 401 401 402 402 401 401 401 401 401 401
0 1 1 1 1 1 1 0 0 0
1 1 1 1 1 0 0 0 0 0
1 1 1 1 1 1 1 0 0 0
1 1 1 1 1 0 0 0 0 0
1 2 1 1 1 0 0 0 0 0
1 1 1 1 1 1 0 0 0 0
1 1 1 1 0 1 0 0 0 0
1 1 1 1 1 1 1 0 0 0
1 1 1 1 1 1 1 1 1 1
0 1 1 1 1 1 1 1 1 0
Maze 187
115 246 3.7826086957 1.8935493849 97 0.370884876945288
54 71 78 4 75 10 71 5 62 42 7 54 44 71 23 54
51 400 74 74 5 1 1 2 400 2 4 400 41 21 53
402 400 401 401 402 402 402 402 400 402 402 400 402 402 401
1 1 1 1 1 1 1 1 1 1
1 1 0 1 1 0 0 0 0 0
1 1 1 1 1 0 0 0 0 0
1 1 1 1 1 0 0 0 0 0
1 1 1 1 1 0 0 0 0 0
1 1 1 2 1 0 0 0 0 0
1 1 0 1 1 0 0 0 0 0
1 1 1 1 1 1 1 1 0 0
0 0 0 0 0 0 0 0 0 0
0 0 0 0 0 0 0 0 0 0
Maze 188
79 60 3.6410256410 2.0096680264 30 0.410566053163921
22 3 15 44 75 33 94 12 13 42 49 84 27 33 54 22
2 13 14 74 73 93 92 400 12 400 44 24 23 53 52
402 401 402 401 401 401 401 400 402 400 402 402 402 401 401
0 1 1 0 0 0 0 0 0 0
0 1 1 1 1 0 0 0 0 0
0 2 1 1 1 1 1 0 0 0
0 1 1 1 0 0 0 0 0 0
0 1 1 1 1 1 1 1 1 0
0 1 1 1 0 0 0 0 0 0
0 1 1 1 0 0 0 0 0 0
0 1 1 1 1 0 0 0 0 0
0 1 1 1 0 0 0 0 0 0
0 1 1 1 0 0 0 0 0 0
Maze 189
85 41 3.0588235294 2.0961030859 45 0.359982505475107
59 82 55 61 62 74 6 75 75 7 12 26 44 51 90 59
52 52 51 400 72 4 5 400 5 2 22 24 41 81 89
402 402 402 400 401 402 402 400 402 402 401 402 402 401 401
0 1 1 1 1 1 1 0 0 0
0 1 0 1 1 0 0 0 0 0
0 1 1 1 1 1 0 0 0 0
0 0 0 1 1 0 0 0 0 0
1 1 1 1 1 0 0 0 0 0
1 1 1 1 1 1 1 1 2 0
1 1 0 1 1 0 0 0 1 0
1 1 1 1 1 0 0 0 1 0
1 1 1 1 1 1 1 1 1 1
0 0 0 0 0 0 0 0 0 0
Maze 190
89 340 3.3877551020 2.1425375218 36 0.393836437642357
41 71 73 39 53 23 65 31 20 96 88 15 33 44 25 41
400 400 33 33 400 63 61 11 16 86 85 13 43 24 21
400 400 402 402 400 401 401 402 402 402 401 402 401 402 402
0 0 0 0 0 0 0 0 0 0
1 1 1 1 1 1 1 1 1 1
1 1 1 1 1 1 0 0 0 0
1 0 1 1 1 1 1 1 1 0
2 0 1 1 1 1 0 0 0 0
1 0 1 0 1 1 0 0 0 0
1 1 1 1 1 1 0 0 0 0
1 1 1 0 1 1 0 0 0 0
0 0 0 0 1 1 1 1 0 0
0 0 0 0 0 1 0 0 0 0
Maze 191
131 1050 3.0684931507 2.2482853906 182 0.383507994259188
91 46 99 30 83 50 66 59 17 85 2 7 99 62 48 91
41 96 29 23 43 46 56 57 15 82 400 97 92 42 41
402 401 402 402 402 402 402 401 402 401 400 401 401 402 402
0 1 1 1 1 1 1 0 0 0
0 1 0 0 1 1 1 0 0 0
0 1 1 1 1 1 1 1 1 1
0 1 1 0 1 0 1 0 1 0
1 1 1 1 1 1 1 1 1 1
1 1 1 0 1 1 1 1 1 0
1 1 1 0 1 1 1 0 1 0
1 1 1 0 1 1 1 0 1 0
1 1 1 1 1 1 1 0 1 0
2 1 1 1 1 1 1 1 1 0
Maze 192
95 529 3.3333333333 2.0263695460 71 0.383326914422890
84 49 70 12 75 61 56 41 22 14 94 12 23 93 78 84
44 69 62 72 71 51 51 21 12 400 92 22 400 73 74
402 401 401 401 401 402 401 402 402 400 401 401 400 402 402
0 0 0 0 0 0 0 0 0 0
0 1 1 1 0 0 0 0 0 0
1 1 1 1 0 0 0 0 0 0
1 1 1 1 0 0 0 0 0 0
1 1 1 1 1 1 1 1 1 0
1 1 1 1 1 1 0 0 1 0
1 1 1 1 1 1 1 1 1 1
1 1 1 1 1 1 1 1 0 0
0 1 1 2 0 0 0 0 0 0
0 1 1 1 0 0 0 0 0 0
Maze 193
105 64 2.9705882353 2.3288585224 120 0.387386817354942
18 10 21 88 48 17 77 64 4 74 49 23 69 70 72 18
8 1 81 400 47 400 74 400 400 44 43 63 400 62 12
402 402 401 400 401 400 401 400 400 402 401 401 400 402 402
1 1 1 1 1 1 1 1 1 1
1 1 1 1 1 1 1 2 0 0
1 1 1 1 0 0 1 0 0 0
1 1 1 1 0 0 1 0 0 0
1 1 1 1 1 1 1 1 1 0
1 1 1 1 0 0 1 1 0 0
1 1 1 1 1 1 1 1 1 1
1 1 0 1 1 1 1 1 0 0
1 1 1 1 1 1 1 1 0 0
0 0 0 0 0 0 0 0 0 0
Maze 194
141 628 3.8333333333 1.9408260808 236 0.391071194146874
98 57 65 50 63 11 89 15 57 94 40 91 40 72 27 98
97 55 45 43 61 81 85 55 54 34 31 31 32 22 97
401 402 402 402 401 401 401 401 402 402 402 402 402 402 401
0 0 0 0 0 0 0 0 0 0
1 0 0 0 1 0 0 0 0 0
1 1 1 1 1 1 1 0 0 0
1 1 1 1 1 1 1 1 1 1
1 1 1 1 1 1 1 1 1 1
1 1 1 1 1 1 1 0 0 0
1 1 1 1 1 0 1 0 0 0
1 1 0 1 1 0 1 0 0 0
1 1 1 1 1 1 1 1 1 0
1 0 0 1 0 0 1 2 0 0
Maze 195
111 21 4.0444444444 1.9194884176 80 0.382819678105412
100 37 59 97 25 87 45 1 40 61 23 49 53 38 77 100
97 57 57 95 85 85 41 31 31 21 43 43 33 37 97
401 401 402 401 401 401 401 401 402 402 401 402 402 402 401
1 0 0 0 0 0 0 0 0 0
1 0 0 0 0 0 0 0 0 0
1 1 1 0 1 0 0 0 0 0
1 1 1 1 1 1 1 1 1 1
1 1 1 1 1 1 1 1 1 0
1 0 1 0 1 0 1 1 1 0
1 0 0 0 1 0 1 0 0 0
0 0 0 0 1 0 1 0 0 0
0 0 0 0 1 1 1 0 0 0
0 0 0 0 1 1 1 1 1 2
Maze 196
93 120 3.3500000000 1.8067168243 50 0.378050945248563
3 65 28 61 84 67 45 3 61 51 31 29 11 66 14 3
63 25 21 81 64 65 43 1 400 400 21 21 61 64 13
401 402 402 401 402 401 401 402 400 400 402 401 401 401 401
1 1 2 0 0 0 0 0 0 0
1 0 1 1 0 0 0 0 0 0
1 1 1 1 1 1 1 1 1 0
1 0 1 1 1 0 0 0 0 0
1 0 1 1 1 0 0 0 0 0
1 0 1 1 1 0 0 0 0 0
1 1 1 1 1 1 1 0 0 0
1 0 0 1 0 0 0 0 0 0
1 1 1 1 0 0 0 0 0 0
0 0 0 0 0 0 0 0 0 0
Maze 197
101 215 2.9841269841 2.2679264913 65 0.394255508473054
53 8 86 68 28 97 34 90 88 25 23 51 6 49 73 53
3 6 66 400 27 94 84 400 85 400 21 1 46 43 400
402 402 402 400 402 401 401 400 401 400 402 402 401 402 400
1 1 1 1 1 1 1 1 0 0
1 0 1 0 0 1 0 0 0 0
1 1 1 1 1 1 1 1 0 0
1 0 1 1 1 1 1 1 0 0
1 0 1 1 1 1 1 1 1 0
1 0 2 1 1 1 1 1 0 0
0 0 1 1 1 1 1 1 0 0
0 0 1 1 1 1 1 0 0 0
0 0 0 1 1 1 1 1 1 1
0 0 0 1 1 1 1 0 0 0
Maze 198
89 3 3.3600000000 2.2136457562 50 0.370966402156713
43 88 23 9 72 76 85 47 50 68 68 58 15 55 80 43
83 83 3 2 400 75 45 400 48 400 400 55 400 75 73
401 401 402 402 400 402 402 400 402 400 400 401 400 401 401
0 1 1 1 1 1 1 1 1 0
0 1 1 0 1 0 0 0 0 0
0 1 1 0 1 0 0 0 0 0
0 1 1 0 1 0 0 0 0 0
0 1 2 0 1 1 1 1 1 1
0 1 1 0 1 1 1 1 0 0
0 1 1 0 1 0 0 1 0 0
0 1 1 1 1 1 1 1 1 1
0 0 1 1 1 1 1 1 0 0
0 0 0 0 0 0 0 0 0 0
Maze 199
97 140 3.1785714286 2.2421410072 71 0.382619496313950
50 56 16 51 52 81 26 89 20 35 64 93 13 59 16 50
46 400 11 400 51 21 86 19 15 34 63 400 53 56 46
402 400 402 400 402 402 401 402 402 402 402 400 401 401 401
0 0 0 0 0 0 0 0 0 0
1 1 1 1 1 1 1 1 1 1
1 1 1 1 1 1 0 0 1 0
1 0 1 1 1 1 0 0 1 0
1 0 1 1 0 1 1 1 1 2
1 1 1 1 1 1 1 1 1 0
1 0 1 1 0 1 0 0 1 0
1 0 1 0 0 1 0 0 1 0
1 0 1 0 0 1 1 1 1 0
0 0 1 0 0 0 0 0 0 0
Maze 200
87 1010 3.5000000000 2.1056386369 50 0.395113095672925
13 46 27 21 14 38 76 35 51 24 55 81 20 38 19 13
43 26 400 11 34 36 75 31 21 54 51 11 18 18 400
401 402 400 402 401 402 401 402 402 401 402 402 402 402 400
0 0 0 0 0 0 0 0 0 0
1 1 2 1 1 1 1 1 1 1
1 1 1 1 1 1 1 1 0 0
1 1 1 1 1 1 1 1 0 0
1 0 1 1 1 1 0 0 0 0
1 1 1 1 1 1 0 0 0 0
1 0 0 0 1 1 0 0 0 0
1 0 0 0 1 1 0 0 0 0
1 0 0 0 0 0 0 0 0 0
0 0 0 0 0 0 0 0 0 0
