numMazes: 200
mazeSize: 10
Maze 1
109 160 3.5600000000 2.0398564191 104 0.388428286552378
37 81 45 68 74 38 12 86 45 14 57 91 16 24 59 37
31 41 65 64 34 32 82 85 44 54 51 11 14 54 57
402 402 401 402 402 401 401 401 401 401 402 402 402 401 401
0 0 0 0 0 0 0 0 0 0
1 1 1 1 1 1 0 0 0 0
1 1 0 1 0 0 0 0 0 0
1 1 1 1 1 1 2 1 0 0
1 1 1 1 1 0 1 0 0 0
1 1 1 1 1 1 1 1 1 0
1 1 0 1 1 1 1 1 0 0
1 1 0 1 1 0 0 0 0 0
1 1 1 1 1 1 0 0 0 0
1 0 0 0 0 0 0 0 0 0
Maze 2
87 164 3.2307692308 2.2772094276 31 0.387384857506201
31 53 24 46 63 86 92 53 1 30 46 18 5 97 96 31
51 23 44 43 83 82 52 51 21 26 16 15 95 400 91
401 402 401 402 401 402 402 401 401 402 402 401 401 400 401
1 0 0 0 1 0 0 0 0 0
1 0 0 0 1 1 1 1 0 0
1 1 1 1 1 1 1 1 1 1
2 0 1 1 1 1 0 0 0 0
1 0 1 1 1 1 0 0 0 0
1 1 1 0 1 0 0 0 0 0
1 1 1 0 1 0 0 0 0 0
1 1 1 0 1 0 0 0 0 0
1 1 1 1 1 1 0 0 0 0
1 1 1 1 1 1 1 0 0 0
Maze 3
99 110 2.7719298246 2.0297752770 71 0.379600435148629
13 96 38 38 54 15 8 2 76 10 50 59 83 35 10 13
93 36 400 34 14 5 400 72 6 400 49 53 33 5 3
401 402 400 402 402 402 400 401 402 400 402 402 402 402 402
0 1 1 1 1 1 1 1 1 1
0 1 2 1 1 1 0 0 0 1
0 1 1 1 1 1 0 0 0 1
0 1 1 1 1 1 1 1 0 1
0 1 1 1 0 1 0 0 1 1
0 1 1 1 1 1 1 1 1 0
0 1 1 0 0 1 0 0 0 0
0 1 1 1 1 1 0 0 0 0
0 0 1 0 0 1 0 0 0 0
0 0 1 1 1 1 0 0 0 0
Maze 4
101 844 3.0545454545 2.0238695693 84 0.384899152364888
94 95 19 76 48 68 62 6 87 14 43 67 32 60 67 94
400 15 16 46 400 400 2 86 84 13 63 62 52 57 64
400 402 402 402 400 400 402 401 401 402 401 401 401 402 402
0 1 1 1 1 1 0 0 0 0
0 1 1 1 1 1 1 1 1 0
0 1 1 1 1 1 0 0 0 0
0 1 1 1 1 1 0 0 0 0
0 1 1 1 1 1 1 1 0 0
0 1 1 1 1 1 1 1 1 1
0 1 1 1 1 1 1 1 0 0
0 0 0 1 1 1 0 0 0 0
0 0 0 1 1 1 1 0 0 0
0 0 0 2 1 0 0 0 0 0
Maze 5
117 33 3.5000000000 2.0281474630 139 0.380731017993465
99 21 50 90 64 94 89 4 49 48 81 37 38 86 52 99
91 41 400 84 400 84 84 44 400 41 31 400 36 82 92
401 401 400 401 400 402 401 401 400 402 402 400 402 401 401
0 0 0 1 0 0 0 0 0 0
0 0 0 1 0 0 0 0 0 0
1 0 0 1 0 0 0 0 0 0
1 1 1 1 1 1 1 1 0 0
1 1 1 1 1 1 1 1 1 1
1 1 0 1 0 1 0 0 0 1
1 1 0 1 0 1 0 0 0 1
1 1 0 1 0 1 0 0 0 1
1 1 1 1 1 1 1 1 1 1
1 1 1 1 1 1 1 1 2 0
Maze 6
83 77 2.9615384615 2.1842552171 23 0.378077091823048
58 16 2 22 37 96 80 20 98 67 66 29 55 95 25 58
56 12 400 32 36 76 400 18 97 400 26 25 400 400 55
401 401 400 401 402 402 400 402 401 400 402 402 400 400 401
0 1 0 0 0 0 0 0 0 0
0 1 1 1 1 1 0 1 1 1
0 1 0 0 1 1 1 1 1 1
0 1 1 1 1 1 1 1 0 1
0 0 0 0 1 1 0 1 0 1
0 0 0 0 1 1 1 2 0 1
0 0 0 0 1 1 1 1 0 1
0 0 0 0 1 1 1 1 1 1
0 0 0 0 1 1 1 1 0 0
0 0 0 0 1 1 1 1 0 0
Maze 7
87 122 3.5652173913 2.1456267315 45 0.379295999630387
27 53 67 2 34 79 65 16 57 15 61 15 25 66 56 27
23 63 62 32 74 75 15 56 55 11 11 400 65 400 26
402 401 401 401 401 401 402 401 401 402 402 400 401 400 402
0 1 0 0 0 0 0 0 0 0
1 1 1 1 1 1 0 0 0 0
1 1 1 1 1 1 2 0 0 0
1 1 1 1 1 1 0 0 0 0
1 1 1 1 1 1 0 0 0 0
1 1 1 1 1 1 1 0 0 0
1 1 1 1 1 1 1 0 0 0
0 0 0 1 1 1 1 1 1 0
0 0 0 0 0 0 0 0 0 0
0 0 0 0 0 0 0 0 0 0
Maze 8
85 19 2.8301886792 2.1738157887 45 0.390375385869346
21 71 66 62 39 16 24 54 95 42 44 59 14 57 7 21
400 61 400 32 36 14 400 94 92 400 54 54 54 400 1
400 402 400 402 401 402 400 401 401 400 401 401 401 400 402
1 1 1 1 1 1 1 0 0 0
1 0 0 1 1 1 1 0 0 0
2 0 0 1 0 1 1 0 0 0
1 1 1 1 1 1 1 1 1 0
1 1 1 1 0 0 1 0 0 0
1 1 0 1 1 1 1 1 1 0
1 1 1 1 1 1 0 0 0 0
1 1 0 1 0 0 0 0 0 0
0 1 0 1 0 0 0 0 0 0
0 1 1 1 1 0 0 0 0 0
Maze 9
91 33 2.6551724138 2.0831011958 36 0.371883401427465
17 76 84 46 79 34 89 67 77 2 71 98 27 45 17 17
16 74 44 76 74 84 87 400 72 1 91 97 25 15 400
402 402 402 401 401 401 401 400 401 402 401 401 402 402 400
1 1 0 0 0 0 0 0 0 0
1 1 0 0 1 1 2 0 0 0
1 1 0 0 1 1 1 0 0 0
1 1 0 1 1 1 1 0 0 0
1 1 0 1 1 1 1 0 0 0
1 1 0 1 0 1 1 0 0 0
1 1 0 1 0 1 1 0 0 0
1 1 1 1 1 1 1 1 1 0
1 0 0 1 1 1 1 1 1 0
1 1 1 1 1 1 1 1 0 0
Maze 10
87 22 3.0000000000 2.1072514725 45 0.386962603171893
49 83 76 69 52 63 77 85 92 1 15 52 82 20 37 49
43 73 66 62 62 73 75 82 91 11 12 400 12 17 47
402 402 402 401 401 401 402 402 401 401 402 400 402 402 401
1 0 0 0 0 0 0 0 0 0
1 1 1 1 1 1 1 1 1 1
1 1 0 0 0 0 1 0 0 0
1 1 0 0 0 0 1 0 0 0
1 1 1 1 1 1 1 1 2 0
1 1 1 0 0 0 0 0 0 0
1 1 1 1 1 1 1 1 1 0
1 1 1 1 1 1 1 0 0 0
1 1 1 1 1 0 0 0 0 0
1 1 0 0 0 0 0 0 0 0
Maze 11
83 217 2.6000000000 2.2871145339 30 0.384930669429561
61 66 59 47 92 87 25 51 71 3 9 9 79 43 22 61
400 56 57 42 82 85 21 400 1 400 400 400 73 42 21
400 402 401 402 402 401 402 400 402 400 400 400 401 401 402
1 1 1 1 1 1 1 1 1 0
1 0 0 0 0 0 0 0 1 0
1 1 1 1 1 0 0 0 1 0
1 1 0 0 1 0 0 0 1 0
1 1 1 1 1 1 1 0 1 0
1 1 1 0 1 1 1 1 1 0
2 1 1 1 1 1 0 0 1 0
1 1 1 1 1 1 1 1 1 0
0 1 1 1 1 1 1 0 0 0
0 1 0 0 0 0 0 0 0 0
Maze 12
79 33 2.8979591837 2.2073402913 21 0.370793171732785
98 70 45 7 6 19 39 96 3 83 36 34 23 48 99 98
68 65 5 400 16 400 36 93 400 33 400 33 43 98 400
402 401 402 400 401 400 402 401 400 402 400 401 401 401 400
0 0 1 0 1 1 1 0 0 0
0 0 1 0 1 1 1 1 1 0
0 0 1 0 1 0 0 0 1 0
0 0 1 1 1 1 1 1 1 0
0 0 1 1 1 1 1 1 0 0
0 0 1 0 1 1 0 1 0 0
0 0 1 0 1 1 1 1 1 1
0 0 1 0 0 1 0 1 0 0
0 0 1 0 0 1 0 1 0 0
0 0 1 1 1 1 0 2 1 0
Maze 13
111 23 3.8039215686 2.0759451870 62 0.371073441592250
62 76 44 39 92 15 12 33 51 9 81 87 71 63 89 62
72 74 34 32 12 400 32 31 1 1 400 81 61 83 82
401 401 402 402 402 400 401 402 402 402 400 401 402 401 401
1 1 1 1 1 1 1 1 1 0
1 1 1 1 1 0 0 0 0 0
1 1 0 0 0 0 0 0 0 0
1 1 1 1 1 1 1 1 1 0
1 1 0 1 0 0 0 0 0 0
1 1 0 1 0 0 0 0 0 0
1 2 1 1 0 0 0 0 0 0
1 1 1 1 1 1 0 0 0 0
1 1 1 1 1 1 1 1 1 0
0 1 0 0 0 0 0 0 0 0
Maze 14
71 31 2.6086956522 2.0731953087 13 0.395965269956253
67 27 3 41 73 34 38 20 26 77 29 78 18 46 47 67
400 23 1 71 33 400 18 16 76 27 28 400 16 400 400
400 401 402 401 402 400 402 402 401 402 402 400 402 400 400
1 1 1 0 0 0 0 0 0 0
1 0 1 0 0 1 1 1 1 1
1 0 1 1 1 1 1 1 1 0
1 0 1 1 1 1 1 1 0 0
1 0 1 0 0 1 1 1 0 0
1 0 1 0 0 1 1 1 0 0
1 0 1 0 0 1 2 1 0 0
1 1 1 0 0 1 1 1 0 0
0 0 0 0 0 0 0 0 0 0
0 0 0 0 0 0 0 0 0 0
Maze 15
109 18 3.2549019608 1.8394451024 78 0.396362591518853
2 21 48 6 92 88 73 32 88 21 2 15 22 59 74 2
1 41 46 2 82 83 72 82 81 1 12 12 52 54 72
402 401 401 402 402 401 401 401 401 402 401 402 401 402 401
1 2 1 1 1 1 0 0 0 0
1 1 1 1 1 1 0 0 0 0
1 1 0 0 0 1 0 0 0 0
1 1 0 0 0 1 0 0 0 0
1 1 1 1 1 1 1 1 0 0
1 1 1 1 1 1 1 1 1 0
1 1 0 1 0 0 0 0 0 0
1 1 1 1 0 0 0 0 0 0
1 1 1 1 1 1 1 1 0 0
0 1 0 0 0 0 0 0 0 0
Maze 16
115 117 3.0181818182 1.8636831187 93 0.390225484688159
100 70 37 94 9 48 98 17 5 74 89 93 18 54 8 100
400 67 34 4 8 400 97 15 4 84 83 13 14 4 98
400 401 402 402 402 400 401 401 402 401 402 402 402 402 401
0 0 0 1 1 1 1 1 1 0
0 0 1 1 1 1 1 1 0 0
0 0 1 1 0 0 1 1 0 0
0 0 1 1 1 1 1 1 0 0
0 0 1 1 0 0 1 1 0 0
0 0 1 1 0 0 1 1 0 0
0 0 1 1 0 0 1 1 1 1
0 0 1 1 0 0 1 1 0 1
0 0 1 1 1 1 1 1 1 1
0 0 1 1 0 0 1 1 1 2
Maze 17
101 704 3.1785714286 2.0846340683 64 0.394022684490489
22 78 34 11 50 9 59 26 90 60 64 29 80 85 74 22
72 74 31 41 49 400 56 86 400 54 24 79 75 84 72
401 401 401 401 401 400 401 401 400 402 402 401 402 401 401
0 0 0 0 0 0 0 0 1 0
1 0 0 0 0 0 0 0 1 0
1 2 0 1 1 1 1 1 1 0
1 1 1 1 0 1 0 0 1 0
1 1 1 1 1 1 1 1 1 1
0 1 0 1 1 1 1 1 1 1
0 1 0 1 0 1 0 0 1 1
0 1 1 1 1 1 1 1 1 1
0 0 0 1 1 1 1 1 1 1
0 0 0 0 0 0 0 0 0 0
Maze 18
85 326 3.6279069767 2.0493837165 41 0.384712958547088
95 34 66 62 58 52 45 80 25 75 33 4 35 90 90 95
94 64 400 52 400 42 75 75 400 73 3 34 85 400 85
401 401 400 402 400 402 401 401 400 401 402 401 401 400 402
0 0 1 1 0 0 0 0 0 0
0 0 1 1 0 0 0 0 0 0
0 0 1 1 1 0 0 0 0 0
0 0 1 1 1 0 0 0 0 0
0 1 1 1 1 0 0 0 0 0
0 1 1 1 1 1 1 1 0 0
0 1 1 1 1 1 0 0 0 0
0 0 1 1 1 1 1 1 1 1
0 0 0 1 1 1 1 1 1 1
0 0 0 1 2 0 0 0 0 0
Maze 19
119 992 3.7090909091 2.0233356731 117 0.393932727106509
56 71 28 42 98 34 83 38 91 96 18 17 96 14 53 56
51 21 22 92 94 33 33 31 400 16 400 16 94 13 400
402 402 402 401 401 402 402 402 400 402 400 402 401 402 400
0 0 0 0 0 0 0 0 0 0
0 0 1 1 0 1 1 1 0 0
1 1 1 1 1 1 1 1 0 0
1 1 1 1 1 1 1 1 0 0
1 1 1 1 0 1 0 0 0 0
1 1 1 1 1 2 0 0 0 0
1 1 1 1 0 1 0 0 0 0
1 1 1 1 0 1 0 0 0 0
1 1 1 1 0 1 0 0 0 0
1 1 1 1 1 1 1 1 0 0
Maze 20
65 112 2.8780487805 2.1846692183 13 0.386584221443725
26 56 31 35 16 17 47 62 55 62 15 33 34 44 88 26
400 51 400 15 400 400 42 52 52 12 13 400 400 84 86
400 401 400 402 400 400 402 402 402 402 402 400 400 401 401
0 0 0 0 0 0 0 0 0 0
0 1 1 1 1 1 1 0 0 0
0 1 1 0 1 2 1 0 0 0
1 1 1 1 1 1 1 0 0 0
1 1 1 1 1 1 1 0 0 0
1 1 1 1 1 1 0 0 0 0
0 1 0 1 0 1 0 0 0 0
0 0 0 1 0 1 0 0 0 0
0 0 0 1 1 1 1 1 0 0
0 0 0 0 0 0 0 0 0 0
Maze 21
109 536 3.2068965517 2.0435833212 94 0.390803140304053
16 56 73 60 93 16 69 30 68 91 96 20 65 63 84 16
400 53 53 53 13 66 29 28 61 400 16 15 400 83 14
400 402 402 402 402 401 402 402 402 400 402 402 400 401 402
0 0 0 0 0 0 0 0 0 0
0 0 1 1 1 2 1 1 1 1
0 0 1 1 1 1 0 1 1 1
0 0 1 1 1 1 0 1 1 0
0 0 1 1 1 1 0 1 1 0
0 0 1 1 1 1 1 1 1 1
1 1 1 1 1 1 1 1 1 0
1 0 1 1 0 1 0 0 0 0
1 0 1 1 0 1 0 0 0 0
1 1 1 1 1 1 0 0 0 0
Maze 22
83 69 2.9387755102 2.1487713076 30 0.378807853595662
76 91 26 36 75 27 56 4 26 20 1 23 27 58 50 76
71 21 400 35 25 26 54 24 16 11 21 400 57 48 46
402 402 400 402 402 402 401 401 402 401 401 400 401 402 402
1 0 0 1 0 0 0 0 0 0
1 1 1 1 1 1 1 1 1 1
1 1 1 1 1 1 1 0 0 0
1 0 0 1 1 1 1 0 0 0
1 0 0 1 1 1 1 1 1 1
1 0 0 1 1 1 1 1 0 0
1 0 0 0 1 1 0 0 0 0
1 1 1 1 1 2 0 0 0 0
1 0 0 0 0 0 0 0 0 0
1 0 0 0 0 0 0 0 0 0
Maze 23
73 12 2.6250000000 2.2343625892 16 0.381668686490944
94 65 61 4 36 67 75 65 35 68 64 72 69 18 73 94
64 400 1 34 66 65 400 400 65 400 62 62 68 13 93
402 400 402 401 401 402 400 400 401 400 402 402 401 402 401
1 1 1 1 0 0 0 0 0 0
1 0 1 1 1 1 1 1 0 0
1 0 1 1 0 0 0 1 0 0
1 0 1 1 1 1 0 1 0 0
1 0 1 0 1 1 0 1 0 0
1 0 1 0 1 1 0 1 0 0
1 1 1 1 1 1 1 1 1 0
0 1 1 1 1 0 0 0 0 0
0 0 1 1 0 0 0 0 0 0
0 0 1 2 0 0 0 0 0 0
Maze 24
123 356 3.1929824561 1.8889551395 113 0.386250458153762
46 6 61 79 51 94 17 41 22 80 46 15 91 40 16 46
400 1 71 71 91 14 11 21 72 76 45 11 31 36 400
400 402 401 401 401 402 402 402 401 401 401 402 402 401 400
1 1 1 1 1 1 0 0 0 0
1 1 1 1 1 1 1 0 0 0
1 1 0 1 1 1 0 0 0 0
1 1 1 1 1 1 1 1 1 1
1 1 0 1 1 2 0 0 0 0
1 1 0 1 0 1 0 0 0 0
1 1 0 1 0 1 0 0 0 0
1 1 1 1 1 1 1 1 1 1
1 0 0 1 0 0 0 0 0 0
1 1 1 1 0 0 0 0 0 0
Maze 25
115 1843 3.7142857143 2.1495722948 148 0.388492383011490
60 43 70 83 87 21 49 37 71 42 95 38 87 87 12 60
53 63 63 400 81 41 47 31 41 92 35 37 400 82 52
401 401 402 400 401 401 401 402 402 401 402 402 400 401 401
0 0 0 0 0 0 0 0 0 0
0 1 0 0 0 0 0 0 0 0
1 1 0 0 0 0 0 0 0 0
1 1 1 1 1 1 1 1 0 0
1 1 1 1 1 1 1 1 1 0
1 1 1 1 1 1 1 1 1 2
1 1 1 1 1 1 1 1 1 1
1 1 1 0 1 0 1 0 0 0
1 1 1 1 1 1 1 0 0 0
0 1 1 1 1 0 0 0 0 0
Maze 26
83 10 2.6101694915 2.2676108397 26 0.364991655374649
84 31 15 86 68 55 25 100 28 46 37 6 33 2 63 84
81 11 85 66 65 400 95 98 26 36 36 3 32 62 83
401 402 401 402 401 400 401 401 402 402 401 402 401 401 401
0 1 1 1 1 1 0 0 0 0
1 1 1 1 1 1 0 0 0 0
1 1 1 0 1 1 1 1 0 0
1 1 1 0 1 1 1 1 0 0
1 1 0 0 1 1 0 1 0 0
1 1 0 0 1 0 0 1 0 0
1 1 1 0 1 1 1 1 0 0
1 0 1 0 1 1 0 1 0 0
1 1 1 2 1 1 0 1 0 0
0 0 0 0 1 1 1 1 1 1
Maze 27
79 2 2.9803921569 2.3700898871 23 0.368923387907922
42 65 100 45 56 68 66 93 11 16 14 3 51 28 44 42
62 95 95 55 66 400 63 91 400 400 13 1 21 24 400
401 401 401 401 401 400 402 401 400 400 401 402 402 402 400
1 1 1 0 0 0 0 0 0 0
1 1 1 1 1 1 0 0 0 0
1 1 1 1 1 1 1 1 0 0
1 0 0 1 0 0 0 0 0 0
1 2 1 1 1 0 0 0 0 0
1 1 0 0 1 1 0 0 0 0
1 1 1 1 1 1 1 1 0 0
1 0 1 0 1 0 0 0 0 0
1 0 1 0 1 0 0 0 0 0
1 1 1 0 1 1 1 1 1 1
Maze 28
105 279 3.0508474576 2.0879421235 105 0.388988619209993
64 93 38 86 18 85 81 7 68 86 20 27 84 95 34 64
63 33 36 16 15 400 1 67 66 16 17 24 94 94 400
402 402 402 402 402 400 402 401 402 402 402 402 401 401 400
1 1 1 1 1 1 1 0 0 0
1 0 0 0 1 1 1 1 1 1
1 0 0 1 1 1 1 0 0 0
1 0 1 1 1 1 1 1 0 0
1 0 1 1 1 1 1 0 0 0
1 0 1 1 1 1 1 0 0 0
1 0 1 2 1 1 1 1 0 0
1 0 1 1 1 1 0 0 0 0
1 1 1 1 1 1 0 0 0 0
0 0 1 1 1 0 0 0 0 0
Maze 29
93 24 2.8461538462 1.9503533590 44 0.377698419849598
53 38 68 18 71 67 52 26 95 61 64 32 92 67 61 53
33 400 400 11 61 62 22 25 91 400 62 400 62 400 51
402 400 400 402 402 401 402 402 401 400 401 400 402 400 402
0 0 0 0 0 0 0 0 0 0
1 1 1 1 1 1 1 1 0 0
1 1 1 1 1 1 0 1 0 0
1 1 1 1 1 1 1 1 0 0
1 1 1 0 1 0 0 1 0 0
1 1 2 0 1 0 0 1 0 0
1 1 1 1 1 1 1 1 0 0
1 1 0 0 1 0 0 0 0 0
1 1 0 0 1 0 0 0 0 0
1 1 1 1 1 0 0 0 0 0
Maze 30
103 424 3.1612903226 2.2096383572 65 0.379438339761710
20 1 23 83 84 92 90 26 85 16 82 81 36 94 6 20
11 21 400 400 82 82 86 25 15 12 400 31 34 4 16
401 401 400 400 402 402 401 402 402 402 400 402 402 402 401
1 0 0 1 1 1 0 0 0 0
1 1 1 1 1 1 1 1 1 2
1 1 1 1 1 1 0 0 0 0
1 1 1 1 1 1 0 0 0 0
1 1 1 1 1 1 0 0 0 0
1 1 1 1 1 1 0 0 0 0
1 1 1 1 1 1 0 0 0 0
1 1 1 1 1 1 0 0 0 0
1 1 1 1 1 1 1 1 1 1
0 1 0 1 0 0 0 0 0 0
Maze 31
79 33 2.8461538462 2.2093666134 35 0.390270304170544
2 71 66 94 84 58 36 44 13 23 66 98 65 27 74 2
1 61 64 400 54 56 34 43 400 63 96 95 25 24 72
402 402 402 400 402 401 402 401 400 401 401 401 402 402 401
1 2 0 0 0 0 0 0 0 0
1 1 1 0 0 0 0 0 0 0
1 1 1 1 1 1 1 0 0 0
1 1 1 1 1 1 0 0 0 0
1 1 1 1 1 1 0 0 0 0
1 1 1 1 1 1 1 1 0 0
1 1 1 1 1 1 0 0 0 0
1 1 1 1 1 1 0 0 0 0
0 0 0 1 1 1 0 0 0 0
0 0 0 1 1 1 1 1 0 0
Maze 32
121 326 3.4285714286 2.1328028490 148 0.398449723745585
47 27 52 4 93 4 89 92 4 72 41 47 51 30 100 47
400 22 2 3 3 84 82 2 2 71 400 41 21 400 97
400 402 402 402 402 401 402 402 402 401 400 402 402 400 401
0 1 1 1 0 0 0 0 0 0
0 1 1 1 0 0 0 0 0 0
1 1 1 1 1 1 1 1 1 1
1 1 1 1 0 0 1 0 0 1
1 1 1 1 1 1 2 0 0 1
1 1 1 1 0 0 1 0 0 1
1 1 1 1 0 0 1 0 0 1
1 1 1 1 0 0 1 0 0 1
0 1 1 1 1 1 1 1 1 1
0 1 1 0 0 0 1 1 1 1
Maze 33
115 188 3.4545454545 1.9769562613 147 0.383607157098153
49 83 86 88 4 44 83 35 71 67 11 98 60 81 94 49
43 400 400 84 400 43 33 31 61 61 91 58 51 91 44
402 400 400 401 400 402 402 402 402 401 401 402 402 401 402
0 0 0 1 0 0 0 0 0 0
1 0 0 1 0 0 0 0 0 0
1 0 0 1 0 0 0 0 0 0
1 1 1 1 1 0 0 0 0 0
1 0 1 1 1 1 1 1 2 0
1 1 1 1 1 1 1 1 1 1
1 1 1 1 1 1 1 1 0 0
1 0 1 1 0 0 0 1 0 0
1 0 1 1 1 1 1 1 0 0
1 1 1 1 1 1 1 1 0 0
Maze 34
63 7 2.5581395349 2.1643131167 10 0.379508025892744
87 83 16 51 42 14 31 11 24 35 55 45 59 30 87 87
400 13 11 41 12 11 400 21 34 400 400 55 29 27 400
400 402 402 402 402 402 400 401 401 400 400 401 402 402 400
0 0 0 0 0 0 0 0 0 0
1 1 1 1 1 1 0 0 0 0
1 1 1 1 0 0 1 1 1 1
1 1 1 1 1 0 1 0 1 0
1 1 1 0 1 0 1 0 1 0
1 0 1 0 1 1 1 1 1 0
0 0 1 0 0 0 1 0 0 0
0 0 1 0 0 0 1 0 0 0
0 0 1 1 1 1 2 0 0 0
0 0 0 0 0 0 0 0 0 0
Maze 35
83 140 2.9629629630 2.2847533338 30 0.355161040960989
98 83 56 66 76 17 77 99 39 26 13 80 73 44 51 98
93 53 400 400 16 400 97 400 36 23 73 400 43 41 91
401 402 400 400 402 400 401 400 401 401 401 400 402 402 401
0 0 0 0 0 0 0 0 0 0
0 0 1 0 0 1 1 0 0 0
0 0 1 1 1 1 1 0 0 0
0 0 1 0 0 1 1 1 1 0
1 1 1 1 0 1 1 0 1 0
1 0 1 1 1 1 1 0 1 0
1 0 1 0 0 1 1 0 1 0
1 0 1 1 1 1 1 1 1 1
1 0 1 0 0 0 1 0 1 0
1 1 1 1 1 1 1 2 1 0
Maze 36
87 239 2.8275862069 2.2258788001 36 0.391257512783807
20 37 53 61 1 12 68 78 9 47 34 77 29 5 54 20
17 33 51 400 11 62 400 8 7 44 74 27 25 4 14
402 402 402 400 401 401 400 402 402 401 401 402 401 402 402
1 0 0 1 1 0 1 1 1 0
1 1 0 1 1 1 1 1 1 2
1 1 0 1 1 1 1 1 1 0
1 1 1 1 1 1 1 1 0 0
1 1 1 1 1 1 1 1 0 0
1 1 1 1 0 0 1 1 0 0
1 1 1 1 1 1 1 1 0 0
0 0 0 1 1 1 1 1 0 0
0 0 0 0 0 0 0 0 0 0
0 0 0 0 0 0 0 0 0 0
Maze 37
97 270 2.6666666667 2.1112953808 47 0.390669260927583
75 17 69 78 81 18 89 48 100 40 7 49 94 63 44 75
15 67 68 71 11 88 88 98 400 37 47 44 93 43 74
402 401 402 402 402 401 401 401 400 401 401 402 401 402 401
0 0 0 0 0 0 1 0 0 0
1 1 1 1 1 1 1 1 0 0
1 0 0 0 1 0 1 1 0 0
1 0 0 0 1 0 1 1 1 1
1 0 1 1 1 1 1 1 1 1
1 0 1 1 1 0 1 1 0 1
1 0 1 1 1 0 1 1 1 1
1 1 1 1 2 1 1 1 0 1
1 0 1 1 0 0 0 1 1 1
0 0 1 1 0 0 0 1 1 1
Maze 38
79 290 3.1818181818 2.0708638520 30 0.389327038417351
61 60 35 39 17 78 87 84 38 64 55 68 9 47 43 61
51 55 400 37 77 77 400 34 34 54 65 8 7 400 41
402 401 400 401 401 402 400 402 402 402 401 402 402 400 402
0 0 0 0 0 0 1 1 1 0
0 0 0 0 0 0 1 1 0 0
0 0 0 0 0 0 1 1 0 0
0 0 0 1 1 1 1 1 1 0
1 1 1 1 1 1 1 1 0 0
1 1 1 1 1 1 1 1 1 1
2 0 0 1 1 1 1 1 0 0
0 0 0 1 0 0 1 1 0 0
0 0 0 1 1 1 1 0 0 0
0 0 0 0 0 0 0 0 0 0
Maze 39
115 40 3.3818181818 1.9578710623 148 0.369136912831258
80 80 51 46 90 63 47 90 93 30 32 13 73 4 81 80
400 71 41 86 83 43 87 83 23 22 12 400 3 1 71
400 401 402 401 401 402 401 402 402 402 402 400 402 402 402
1 1 1 1 0 0 0 0 0 0
1 1 1 0 0 0 0 0 0 0
1 1 1 1 1 1 1 1 1 1
1 1 1 0 0 0 0 0 0 0
1 1 1 1 1 1 1 0 0 0
1 0 1 0 0 1 1 0 0 0
1 0 1 0 0 1 1 0 0 0
1 1 1 1 1 1 1 1 1 2
1 0 1 1 1 1 1 1 1 1
0 0 1 0 0 0 0 0 0 0
Maze 40
81 143 3.3488372093 2.1338482875 22 0.389931905968314
4 46 56 21 94 29 57 15 27 75 75 41 48 45 54 4
44 400 51 91 24 27 55 25 25 400 71 400 400 44 400
401 400 401 401 402 402 401 401 402 400 401 400 400 402 400
0 0 0 2 0 0 0 0 0 0
0 0 0 1 1 0 0 0 0 0
1 0 0 1 1 1 1 1 1 0
1 0 0 1 1 0 1 0 0 0
1 1 1 1 1 1 1 1 0 0
1 1 1 1 1 1 1 0 0 0
1 0 0 1 1 0 0 0 0 0
1 1 1 1 1 0 0 0 0 0
1 0 0 1 0 0 0 0 0 0
1 1 1 1 0 0 0 0 0 0
Maze 41
87 20 2.8888888889 2.2187500000 45 0.392002580802015
18 31 93 25 60 17 50 59 60 52 17 6 47 78 7 18
11 91 23 55 57 47 49 400 400 12 16 46 77 77 17
402 401 402 401 401 401 402 400 400 402 401 401 401 401 401
0 0 0 0 0 1 1 0 0 0
1 1 1 1 1 1 1 2 0 0
1 1 1 1 1 1 1 0 0 0
1 1 1 0 1 1 1 0 0 0
1 1 1 0 1 1 1 1 1 1
1 1 1 1 1 1 1 1 1 1
1 0 1 0 0 0 1 0 0 0
1 0 1 0 0 0 1 1 0 0
1 0 1 0 0 0 0 0 0 0
1 1 1 0 0 0 0 0 0 0
Maze 42
87 416 3.1538461538 2.2243968588 50 0.384516009834479
6 29 7 13 48 93 77 44 7 2 32 23 22 38 90 6
26 27 3 43 43 73 74 4 400 400 22 400 32 88 86
401 401 402 401 402 402 401 402 400 400 402 400 401 401 401
0 1 1 1 1 2 1 0 0 0
0 1 1 1 0 1 1 0 0 0
0 1 1 1 0 1 1 1 1 0
0 1 1 1 1 1 1 1 0 0
0 0 1 1 1 1 1 1 0 0
0 0 1 1 0 1 0 1 0 0
0 0 1 1 0 1 0 1 0 0
0 0 1 1 1 1 1 1 0 0
0 0 1 0 0 1 1 1 1 1
0 0 1 0 0 0 0 0 0 0
Maze 43
91 21 3.2075471698 2.1670090362 50 0.370256192505153
40 50 66 89 64 21 55 18 20 65 50 26 2 33 86 40
400 46 86 84 61 51 15 400 15 45 46 22 32 83 36
400 402 401 401 401 401 402 400 402 402 401 401 401 401 402
0 1 0 0 0 0 0 0 0 0
0 1 0 0 1 1 1 1 1 1
1 1 1 1 1 1 0 0 0 0
1 1 1 0 1 1 1 1 1 2
1 0 1 0 1 1 1 1 1 1
1 1 1 1 1 1 0 0 0 0
1 1 1 1 1 1 0 0 0 0
0 0 1 1 0 1 0 0 0 0
0 0 1 1 1 1 1 1 1 0
0 0 0 0 0 0 0 0 0 0
Maze 44
61 22 2.8500000000 2.2440963605 2 0.349355182606075
53 11 12 32 43 63 95 98 78 11 7 3 21 42 65 53
51 400 400 42 400 93 400 400 71 1 400 1 41 62 63
401 400 400 401 400 401 400 400 401 402 400 402 401 401 401
1 1 1 1 1 1 1 0 0 0
1 1 0 0 0 0 0 0 0 0
1 1 0 0 0 0 0 0 0 0
1 1 0 0 0 0 0 0 0 0
1 1 1 0 0 0 0 0 0 0
1 1 2 0 0 0 0 0 0 0
1 1 1 1 1 0 0 0 0 0
1 1 1 1 1 1 1 1 0 0
0 0 1 0 0 0 0 1 0 0
0 0 1 1 1 1 1 1 0 0
Maze 45
99 14 3.3877551020 2.0876399738 55 0.370806397525641
25 22 24 67 72 21 89 44 7 71 74 62 21 69 17 25
400 400 64 62 71 81 84 4 1 400 72 61 61 67 15
400 400 401 402 401 401 401 402 402 400 401 401 401 401 402
1 1 1 1 1 1 1 0 0 0
1 0 0 1 1 1 1 0 0 0
1 1 1 1 2 0 1 0 0 0
1 0 0 1 0 0 1 0 0 0
1 0 0 1 0 0 1 0 0 0
1 0 0 1 0 0 1 0 0 0
1 1 1 1 1 1 1 1 1 0
1 1 1 1 0 0 0 0 0 0
1 1 1 1 1 1 1 1 1 0
0 0 0 0 0 0 0 0 0 0
Maze 46
93 39 3.4042553191 2.0042468333 41 0.395072513693224
4 27 95 11 14 42 51 79 15 5 24 8 95 2 12 4
24 25 91 400 12 41 71 75 400 4 4 5 92 400 2
401 402 401 400 402 402 401 401 400 402 402 402 401 400 402
0 1 1 2 1 1 1 1 0 0
1 1 1 1 1 0 0 0 0 0
1 1 0 1 1 1 1 0 0 0
1 1 0 0 1 0 0 0 0 0
1 1 0 0 1 0 0 0 0 0
1 1 0 0 1 0 0 0 0 0
1 1 0 0 1 0 0 0 0 0
1 1 1 1 1 1 1 1 1 0
1 1 0 0 1 0 0 0 0 0
1 1 1 1 1 0 0 0 0 0
Maze 47
111 164 3.3214285714 2.0912913095 99 0.399136182565029
60 19 55 81 63 7 24 48 87 43 31 88 51 50 23 60
59 15 51 61 3 4 44 47 83 41 81 81 41 43 53
401 402 402 402 402 402 401 402 401 401 401 401 402 401 401
0 0 1 1 1 1 1 0 0 0
0 0 1 1 1 1 1 1 1 0
0 0 1 1 1 0 0 0 1 0
1 0 1 1 1 0 0 0 1 0
1 1 1 1 1 1 1 1 1 1
1 1 1 1 1 1 1 1 1 2
1 1 1 0 0 0 1 0 0 0
1 0 1 0 0 0 1 0 0 0
1 1 1 1 1 1 1 1 0 0
0 0 0 0 0 0 0 0 0 0
Maze 48
97 25 3.0508474576 2.2318449562 66 0.401971643168583
28 84 1 6 23 78 78 80 64 68 95 40 14 76 30 28
24 81 400 3 73 400 400 74 400 65 35 34 74 26 400
402 401 400 402 401 400 400 401 400 402 402 401 401 402 400
1 1 1 1 1 1 0 0 0 0
1 0 1 1 0 0 0 0 0 0
1 0 1 1 1 1 1 2 1 1
1 0 1 1 1 1 1 1 1 1
1 0 1 1 1 1 0 0 0 0
1 0 1 1 1 1 0 0 0 0
1 0 1 1 1 1 1 1 0 0
1 0 1 1 1 1 1 1 1 1
1 1 1 1 1 0 0 0 0 0
0 0 0 0 1 0 0 0 0 0
Maze 49
99 275 2.8333333333 2.1547848641 60 0.354443406844398
86 65 42 32 72 87 17 86 89 30 19 91 59 2 31 86
85 62 400 400 82 400 16 400 29 29 11 51 52 1 81
401 401 400 400 401 400 402 400 402 401 402 402 401 402 401
1 1 0 0 0 0 0 0 0 0
1 1 1 1 1 1 1 1 1 0
1 1 0 0 0 1 1 0 1 1
1 1 0 0 0 1 1 0 1 0
1 1 0 0 0 1 1 0 1 0
1 1 1 1 1 1 1 1 1 0
1 1 1 1 1 1 1 0 1 0
1 1 0 0 1 1 1 0 1 0
1 1 1 1 1 2 1 1 1 0
1 0 0 0 0 0 0 0 0 0
Maze 50
101 68 2.9122807018 2.0308739810 71 0.379052655989679
23 84 84 78 81 12 48 67 10 79 33 62 5 93 41 23
83 400 74 71 11 42 47 7 9 73 32 2 3 91 21
401 400 402 402 402 401 402 402 402 401 402 402 402 401 402
0 1 1 1 1 0 1 1 1 1
1 1 1 0 0 0 1 0 1 0
1 1 2 0 0 0 1 0 1 0
1 1 1 0 0 0 1 0 1 0
1 1 1 1 1 1 1 1 1 0
1 1 1 0 0 0 1 0 1 0
1 1 1 0 0 0 1 0 1 0
1 1 1 1 1 1 1 1 1 0
1 0 1 1 0 0 0 0 0 0
1 1 1 0 0 0 0 0 0 0
Maze 51
71 61 2.7727272727 2.0464286464 20 0.386527459843004
54 72 26 87 68 58 48 37 35 42 70 28 99 27 56 54
52 22 86 67 400 400 47 400 32 62 68 98 97 26 400
402 402 401 402 400 400 401 400 402 401 401 401 401 402 400
0 0 0 0 0 0 0 0 0 0
0 0 0 0 0 0 0 0 0 0
0 1 1 1 1 1 1 1 0 0
0 1 1 1 1 1 1 1 0 0
0 1 0 0 0 1 1 1 0 0
0 1 1 2 1 1 1 1 0 0
0 1 1 1 1 1 1 1 1 1
0 1 0 0 0 1 1 1 0 0
0 0 0 0 0 1 1 1 0 0
0 0 0 0 0 0 1 1 1 0
Maze 52
109 306 3.3448275862 2.1301018058 112 0.402019384111794
26 7 83 15 87 13 1 85 60 49 88 46 89 67 81 26
6 3 13 85 83 11 81 55 59 48 86 86 87 61 21
402 402 402 401 401 401 401 402 401 402 401 401 401 402 402
1 0 1 1 1 1 1 0 0 0
1 1 1 1 1 1 0 0 0 0
1 1 1 1 1 2 0 0 0 0
1 0 1 0 1 0 0 0 0 0
1 0 1 0 1 1 0 1 1 0
1 0 1 0 1 1 1 1 1 1
1 1 1 1 1 1 1 1 0 0
1 0 1 0 1 1 1 1 0 0
1 1 1 1 1 1 1 1 1 0
0 0 0 0 0 0 0 0 0 0
Maze 53
99 132 3.1914893617 1.8983135602 40 0.379064710417615
61 74 30 81 22 12 40 28 61 80 90 29 25 72 54 61
71 24 21 21 400 32 38 21 71 400 89 400 22 52 51
401 402 402 402 400 401 401 402 401 400 401 400 402 402 402
0 0 0 0 0 0 0 0 0 0
0 1 0 0 0 0 0 0 0 0
1 1 1 1 1 1 1 1 1 1
1 1 1 1 1 1 1 1 1 1
1 1 0 1 0 0 0 0 1 0
1 1 1 1 0 0 0 0 1 0
2 1 0 1 0 0 0 0 1 0
1 1 1 1 1 1 1 1 1 1
1 0 0 0 0 0 0 0 1 1
0 0 0 0 0 0 0 0 0 0
Maze 54
115 54 3.2758620690 2.0331020648 113 0.378846756608921
99 52 84 58 20 2 94 83 70 54 94 41 83 19 94 99
92 82 54 18 12 92 93 63 64 400 91 81 13 14 400
401 401 402 402 401 401 401 402 401 400 401 401 402 402 400
0 1 0 0 0 0 0 0 0 0
0 1 1 1 1 1 1 1 1 1
0 1 1 1 0 0 0 1 0 0
0 1 1 1 0 0 0 1 0 0
1 1 1 1 0 0 0 1 0 0
1 1 1 1 1 1 1 1 0 0
1 1 1 1 1 1 1 1 1 1
1 1 1 1 0 0 0 0 0 0
1 1 1 1 0 0 0 0 0 0
1 1 1 1 1 1 1 1 2 0
Maze 55
89 448 3.3200000000 2.1667049426 35 0.422314933158103
31 45 11 54 45 76 92 68 83 27 98 86 57 19 45 31
41 41 51 44 75 72 62 63 23 97 96 56 17 15 41
401 401 401 402 401 402 402 402 402 401 401 402 402 402 401
0 0 0 0 0 0 0 0 0 0
1 0 0 0 1 1 1 1 1 0
1 0 1 1 1 1 1 0 0 0
2 0 1 0 1 0 1 0 0 0
1 1 1 1 1 0 1 0 0 0
1 1 1 1 1 1 1 0 0 0
0 1 1 1 1 1 1 1 0 0
0 1 1 1 1 1 1 0 0 0
0 1 1 0 0 1 1 0 0 0
0 1 0 0 0 1 1 1 0 0
Maze 56
95 18 3.5000000000 1.9096162670 57 0.379473958484128
51 17 72 95 33 73 4 32 19 11 63 63 94 58 65 51
11 12 92 93 400 3 2 12 400 61 400 93 54 55 61
402 402 401 401 400 402 402 402 400 401 400 401 402 402 401
0 1 1 1 0 0 0 0 0 0
1 1 1 1 1 1 1 1 1 0
1 1 1 0 0 0 0 0 0 0
1 1 1 0 0 0 0 0 0 0
1 1 1 0 0 0 0 0 0 0
2 1 1 1 1 1 1 1 0 0
1 1 1 1 1 0 0 0 0 0
0 1 1 1 0 0 0 0 0 0
0 1 1 1 0 0 0 0 0 0
0 1 1 1 1 0 0 0 0 0
Maze 57
85 25 2.8000000000 2.2057836679 39 0.412957289580629
28 57 86 96 92 71 2 5 76 84 42 97 67 99 2 28
27 56 400 400 91 1 400 75 74 82 92 400 97 92 22
402 402 400 400 401 402 400 401 402 401 401 400 401 401 401
1 1 1 1 1 0 0 0 0 0
1 1 0 0 1 0 0 0 0 0
1 1 1 1 1 1 1 2 0 0
1 1 0 0 1 0 1 0 0 0
1 1 0 0 1 0 1 0 0 0
1 1 0 0 1 1 1 0 0 0
1 1 0 0 1 1 1 0 0 0
1 1 0 1 1 1 1 0 0 0
1 1 1 1 0 1 1 0 0 0
1 1 1 1 1 1 1 1 1 0
Maze 58
95 311 3.2142857143 2.3796756558 66 0.370750083953157
83 11 55 79 29 13 52 37 28 34 97 14 73 69 66 83
81 51 75 400 23 12 32 27 24 94 94 13 63 400 63
401 401 401 400 401 402 402 402 402 401 401 402 402 400 402
0 0 0 0 0 0 0 0 0 0
1 1 1 1 0 0 0 0 0 0
1 1 1 1 1 1 1 1 1 0
1 1 1 1 1 1 1 0 1 0
1 1 1 1 0 0 0 0 1 0
1 1 1 1 1 0 0 0 1 0
1 0 1 1 1 1 1 1 1 0
1 0 1 1 1 1 1 1 1 0
1 1 2 1 0 0 0 0 0 0
0 0 0 1 1 1 1 0 0 0
Maze 59
137 17634 3.4864864865 2.3886674685 187 0.384379930694553
69 100 97 30 81 60 61 62 10 44 88 45 83 80 1 69
99 400 27 21 51 51 400 2 4 84 85 43 73 71 61
401 400 402 402 402 402 400 402 402 401 401 402 402 401 401
1 1 1 1 1 1 1 1 1 1
1 1 0 1 0 0 0 0 0 0
1 1 1 1 1 1 1 1 1 1
1 1 0 1 0 0 1 0 0 0
1 1 1 1 1 0 1 0 0 0
1 1 1 1 1 1 1 1 1 1
1 1 1 1 1 1 1 1 2 0
1 1 1 1 1 1 1 1 1 1
1 0 1 1 1 1 1 1 1 0
0 0 0 0 0 0 1 1 1 1
Maze 60
91 6 3.0769230769 2.0529113234 32 0.368286170675014
96 100 62 93 59 40 64 88 63 56 58 79 77 59 21 96
400 92 92 53 39 34 84 83 53 400 78 400 57 51 91
400 401 401 402 402 402 401 401 402 400 401 400 402 401 401
0 0 0 0 0 0 0 0 0 0
0 0 0 0 0 0 0 0 0 0
1 0 0 0 0 0 0 0 0 0
1 0 0 1 1 1 1 1 1 1
1 0 0 1 0 0 0 0 1 0
1 1 1 1 1 1 1 1 1 0
1 1 1 1 0 0 1 1 0 0
1 1 1 1 0 0 1 1 1 0
1 1 1 1 1 1 1 1 0 0
1 1 1 1 1 2 1 1 1 1
Maze 61
97 864 3.2542372881 2.2824814928 65 0.393508964784245
46 94 30 81 80 66 8 50 50 88 66 96 15 18 44 46
44 24 21 71 76 6 48 400 48 86 400 95 400 14 400
402 402 402 402 401 402 401 400 402 401 400 401 400 402 400
0 0 0 0 0 1 1 1 0 0
0 0 0 1 1 1 1 1 0 0
1 1 1 1 1 1 1 1 1 1
1 0 0 1 1 1 0 1 0 0
1 0 0 1 1 2 0 1 1 1
1 0 0 1 1 1 0 1 0 0
1 0 0 1 1 1 0 1 0 0
1 1 1 1 1 1 1 1 1 1
1 0 0 1 1 1 1 1 0 0
0 0 0 1 1 1 0 0 0 0
Maze 62
79 5 3.1162790698 1.9983658565 30 0.363478030816719
67 85 50 69 74 36 51 6 22 56 94 35 54 44 44 67
65 45 49 64 34 31 1 2 52 54 34 34 400 400 64
402 402 402 402 402 402 402 402 401 402 402 402 400 400 401
1 1 1 1 1 1 0 0 0 0
1 1 0 0 0 0 0 0 0 0
1 1 0 0 0 0 0 0 0 0
1 1 1 1 1 1 0 0 0 0
1 1 0 1 1 1 1 1 1 1
1 1 1 1 1 1 0 0 1 0
0 0 0 1 1 1 2 1 1 0
0 0 0 1 1 0 0 0 0 0
0 0 0 1 1 0 0 0 0 0
0 0 0 1 0 0 0 0 0 0
Maze 63
101 37 2.9180327869 2.2487714482 56 0.371405556866558
88 45 49 20 10 61 75 69 86 51 18 56 39 41 11 88
85 400 19 400 1 71 65 66 81 11 16 36 31 400 81
401 400 402 400 402 401 402 402 401 402 402 402 402 400 401
1 1 1 1 1 1 1 1 1 1
1 1 1 1 1 1 1 1 1 1
1 0 0 0 0 1 0 0 1 0
1 1 1 1 1 1 1 1 1 0
1 0 0 0 1 1 1 1 1 0
1 0 0 0 1 1 0 0 0 0
1 0 0 0 1 1 1 1 1 0
1 1 1 1 1 1 0 0 0 0
1 1 1 1 1 1 1 2 0 0
0 0 0 0 0 0 0 0 0 0
Maze 64
117 2230 3.5081967213 2.2143702592 127 0.381609383873552
71 40 47 90 5 43 86 30 28 71 5 89 79 17 47 71
31 37 87 85 3 83 26 400 21 1 85 400 77 400 41
402 402 401 401 402 401 402 400 402 402 401 400 401 400 402
1 1 1 1 1 0 0 0 0 0
1 0 1 0 1 0 1 0 0 0
1 1 1 1 1 1 1 1 1 1
1 1 1 1 1 1 1 1 1 1
1 1 1 1 1 1 1 0 0 0
1 0 1 0 1 1 1 0 0 0
1 0 1 0 1 1 1 0 0 0
2 0 1 0 1 1 1 1 1 0
0 0 1 1 1 1 1 1 1 1
0 0 0 0 0 0 0 0 0 0
Maze 65
83 12 2.6666666667 2.1209434717 30 0.393180072082073
28 87 33 82 94 33 82 6 45 27 54 75 95 58 78 28
27 83 32 92 93 32 2 5 25 24 74 400 55 400 400
402 401 402 401 401 402 402 402 402 402 401 400 402 400 400
0 1 1 1 1 1 0 0 0 0
0 1 0 0 1 0 0 0 0 0
0 1 0 1 1 1 1 2 0 0
0 1 1 1 1 0 1 1 0 0
0 1 1 1 1 0 1 1 0 0
0 1 1 1 1 1 1 1 0 0
0 1 1 1 1 0 1 1 0 0
0 1 1 1 1 0 1 1 0 0
0 1 1 1 1 1 1 0 0 0
0 1 1 1 1 0 0 0 0 0
Maze 66
89 206 2.9090909091 2.2076582294 44 0.383618054793733
77 95 17 80 86 54 62 98 86 77 81 16 94 100 77 77
75 15 77 76 84 52 92 96 76 71 11 14 400 97 400
402 402 401 402 401 402 401 401 402 402 402 402 400 401 400
0 0 0 0 0 0 0 0 0 0
1 1 1 1 1 1 1 0 0 0
1 0 0 1 1 0 1 0 0 0
1 0 0 1 1 0 1 0 0 0
1 0 0 1 1 0 1 0 0 0
1 1 1 1 1 0 1 0 0 0
1 1 0 1 1 0 1 0 0 0
1 1 1 1 1 1 2 1 1 1
1 1 0 1 1 1 1 0 0 0
0 1 1 1 1 1 1 1 1 1
Maze 67
123 273 3.0704225352 2.1552395810 148 0.393170803311805
47 64 33 79 92 49 2 21 99 9 20 85 23 40 63 47
44 63 73 72 42 42 1 91 400 19 15 83 33 33 43
402 401 401 402 402 401 402 401 400 401 402 401 401 402 402
1 1 0 0 0 0 0 0 1 0
1 1 0 0 1 1 1 1 1 1
1 1 1 0 1 0 0 0 1 0
1 1 1 1 1 1 1 1 1 1
1 1 1 1 1 1 2 1 1 0
1 1 1 1 1 0 0 0 1 0
1 1 1 1 1 0 0 0 1 0
1 1 1 1 1 1 1 1 1 0
1 1 1 1 1 0 0 0 1 0
1 1 1 1 1 1 1 1 1 0
Maze 68
89 15 3.1428571429 1.8845903060 45 0.372920483594262
5 95 54 59 65 64 19 20 74 4 44 60 84 92 93 5
400 94 400 55 400 14 400 14 400 400 54 54 82 400 3
400 401 400 402 400 402 400 402 400 400 401 402 402 400 402
0 0 1 1 2 0 0 0 0 0
0 0 1 1 1 1 1 1 1 1
0 0 1 1 1 0 0 0 0 0
0 0 1 1 1 0 0 0 0 0
0 0 1 1 1 0 0 0 0 0
0 0 1 1 1 1 1 1 1 1
0 0 1 1 1 0 0 0 0 0
0 0 1 1 1 0 0 0 0 0
0 1 1 1 1 0 0 0 0 0
0 1 1 1 1 0 0 0 0 0
Maze 69
75 4 2.8750000000 2.1987059689 35 0.383361957724971
94 86 32 83 94 44 85 6 59 89 39 18 7 47 27 94
84 82 82 93 400 84 5 56 400 400 38 17 400 400 24
402 401 401 401 400 401 402 401 400 400 401 401 400 400 402
0 0 0 0 1 1 1 0 0 0
0 0 0 0 1 1 1 1 0 0
0 0 0 1 1 1 1 1 0 0
0 1 0 1 1 1 1 1 1 0
0 1 0 1 1 1 1 0 1 0
0 1 0 1 1 1 1 1 1 0
0 1 0 1 1 0 0 0 1 0
0 1 0 1 1 0 0 0 1 0
0 1 1 1 1 1 0 0 1 0
0 0 1 2 0 0 0 0 0 0
Maze 70
103 345 3.2068965517 2.2279068081 60 0.400369872803696
69 43 42 91 17 63 8 49 92 38 27 33 18 67 48 69
63 400 41 11 13 3 48 42 32 37 23 13 17 47 68
401 400 402 402 402 402 401 402 402 401 402 402 402 402 401
0 0 1 1 1 1 1 1 0 0
1 1 1 1 1 1 1 1 0 0
1 0 1 1 1 1 1 1 0 0
1 1 1 1 1 1 1 1 0 0
1 1 1 1 1 1 1 1 1 0
1 1 1 0 0 0 1 1 0 0
1 1 1 1 1 1 1 1 2 0
1 1 0 0 0 0 0 0 0 0
1 1 0 0 0 0 0 0 0 0
1 1 0 0 0 0 0 0 0 0
Maze 71
87 37 3.0476190476 1.8147373709 32 0.388500684608408
62 3 9 4 14 3 8 46 82 63 95 46 61 64 9 62
2 400 400 400 13 400 6 42 62 93 45 41 400 4 2
402 400 400 400 401 400 402 402 402 401 402 402 400 402 402
0 1 1 1 1 1 1 1 1 0
0 1 1 1 0 1 0 0 0 0
0 1 0 1 0 1 0 0 0 0
0 1 0 1 0 1 0 0 0 0
1 1 1 1 1 1 0 0 0 0
1 1 0 1 1 0 0 0 0 0
1 2 1 1 1 0 0 0 0 0
0 1 1 0 1 0 0 0 0 0
0 1 1 0 1 0 0 0 0 0
0 0 1 1 1 0 0 0 0 0
Maze 72
81 218 3.2272727273 2.0637218626 35 0.380124812266547
53 58 18 79 61 38 25 51 51 59 25 57 66 84 24 53
400 400 78 71 31 35 21 400 400 55 55 56 64 400 23
400 400 401 401 402 401 402 400 400 401 401 402 402 400 402
0 0 0 0 0 0 0 0 0 0
0 0 0 0 0 0 0 1 0 0
1 1 1 1 1 0 0 1 0 0
1 1 1 1 1 1 1 1 0 0
1 0 1 1 1 0 0 1 0 0
1 1 2 1 1 1 1 1 1 0
1 0 0 1 1 1 0 1 0 0
1 1 1 1 1 1 1 1 1 0
0 0 0 1 0 0 0 0 0 0
0 0 0 0 0 0 0 0 0 0
Maze 73
69 42 2.7727272727 2.0390548745 20 0.356500308774628
29 57 42 46 45 56 54 70 5 15 13 51 77 47 65 29
27 52 400 400 55 400 64 65 400 400 11 71 400 45 25
402 401 400 400 401 400 401 401 400 400 402 401 400 402 402
0 0 0 0 1 0 0 0 0 0
1 1 1 1 1 0 0 0 0 0
1 0 0 0 1 1 1 1 2 0
1 0 0 0 1 0 1 0 0 0
1 1 1 1 1 1 1 0 0 0
1 1 1 1 1 1 1 0 0 0
1 0 0 1 1 1 1 1 1 1
1 1 1 1 1 1 1 0 0 0
0 0 0 0 0 0 0 0 0 0
0 0 0 0 0 0 0 0 0 0
Maze 74
111 75 3.0476190476 2.0893880012 70 0.388676391116375
35 12 7 67 45 100 91 6 75 86 5 52 16 88 42 35
32 2 400 65 95 400 1 5 85 85 2 12 86 82 32
401 402 400 401 401 400 402 402 401 401 402 402 401 401 402
1 1 1 1 1 1 1 0 0 0
1 1 1 1 1 1 1 0 0 0
1 1 0 0 1 1 1 0 0 0
1 1 1 1 2 1 1 0 0 0
1 1 0 0 1 1 1 0 0 0
1 1 0 0 1 1 1 0 0 0
1 1 0 0 1 1 1 0 0 0
1 1 0 0 1 1 0 0 0 0
1 1 1 1 1 1 1 1 0 0
1 1 1 1 1 1 1 1 1 1
Maze 75
117 847 3.2000000000 2.1783309179 131 0.376937368213475
31 28 48 36 18 82 79 9 73 45 39 22 78 42 70 31
21 400 46 16 12 72 400 3 43 35 32 72 72 62 61
402 400 401 402 402 402 400 402 402 402 401 401 401 401 401
0 0 1 1 1 1 1 1 1 0
0 1 1 1 1 1 1 1 1 0
1 1 1 1 1 1 1 1 1 0
2 1 1 1 1 1 1 1 1 0
1 1 1 1 1 1 1 1 1 0
1 1 1 0 0 0 0 0 1 0
1 1 1 1 1 1 1 1 1 1
0 1 1 1 1 1 1 1 1 0
0 1 0 0 0 0 0 0 0 0
0 0 0 0 0 0 0 0 0 0
Maze 76
107 577 3.1612903226 2.1879236119 92 0.402618289378796
46 22 10 76 22 86 18 74 98 95 20 27 89 55 55 46
42 2 6 72 82 16 14 94 400 15 17 87 85 400 45
401 402 402 401 401 402 402 401 400 402 402 401 401 400 402
0 1 1 1 1 1 1 1 1 1
0 1 0 1 1 1 1 1 1 1
0 1 0 1 1 1 1 0 0 0
0 1 0 1 1 1 1 0 0 0
0 1 1 1 1 2 1 0 0 0
0 1 0 1 1 1 1 0 0 0
0 1 0 1 1 1 1 0 0 0
0 1 1 1 1 1 1 0 0 0
0 1 1 1 1 1 1 1 1 0
0 0 0 1 1 1 1 1 0 0
Maze 77
115 54 3.7254901961 1.9840914103 119 0.392729519938740
37 84 27 29 2 100 44 49 51 25 37 52 7 32 3 37
34 24 400 22 92 94 400 41 21 35 32 2 2 2 33
402 402 400 401 401 401 400 402 402 401 402 402 402 402 401
0 1 1 1 1 1 1 0 0 0
0 1 1 0 0 0 0 0 0 0
1 1 1 1 1 1 1 1 1 0
1 1 1 1 1 1 2 0 0 0
1 1 1 1 1 1 1 1 1 0
1 1 0 1 0 0 0 0 0 0
0 1 0 1 0 0 0 0 0 0
0 1 0 1 0 0 0 0 0 0
0 1 0 1 0 0 0 0 0 0
0 1 1 1 1 1 1 1 1 1
Maze 78
71 22 3.0232558140 2.0464286464 12 0.374964674772414
35 74 65 67 77 88 64 72 18 94 93 80 95 46 55 35
34 64 400 400 87 84 62 12 14 400 73 75 45 45 400
402 402 400 400 401 401 402 402 402 400 402 402 402 402 400
0 0 0 0 0 0 0 0 0 0
0 1 1 1 1 1 1 1 0 0
0 1 0 1 0 0 0 0 0 0
0 1 0 1 2 0 0 0 0 0
0 1 0 1 1 1 0 0 0 0
0 1 0 1 1 0 0 0 0 0
0 1 1 1 1 1 1 0 0 0
0 1 1 1 1 1 1 1 1 1
0 0 1 1 1 1 1 1 0 0
0 0 1 1 1 0 0 0 0 0
Maze 79
73 237 3.1904761905 2.2119288269 16 0.399799957717110
42 17 38 22 26 64 34 37 77 36 17 45 78 12 2 42
12 37 32 400 24 400 400 400 76 16 15 75 72 400 400
402 401 401 400 402 400 400 400 401 402 402 401 401 400 400
0 1 0 0 0 0 0 0 0 0
0 1 1 1 1 1 1 0 0 0
0 1 1 1 1 1 1 0 0 0
0 1 1 1 1 1 1 1 0 0
0 2 0 1 1 1 1 0 0 0
0 1 0 1 1 1 1 0 0 0
0 1 0 1 1 1 1 0 0 0
0 1 1 1 1 1 1 1 0 0
0 0 0 0 0 0 0 0 0 0
0 0 0 0 0 0 0 0 0 0
Maze 80
121 647 3.3898305085 1.9853425442 148 0.386381704227939
27 71 69 46 44 100 65 35 59 5 90 28 11 60 4 27
21 61 66 400 94 95 400 55 55 85 88 21 51 54 24
402 402 401 400 401 401 400 401 401 401 401 401 401 401 401
0 0 0 1 1 0 0 0 0 0
1 0 0 1 1 0 0 0 0 0
1 1 1 1 1 1 2 1 0 0
1 0 0 1 1 0 0 1 0 0
1 0 0 1 1 1 0 1 0 0
1 1 1 1 1 1 1 1 1 1
1 1 1 1 1 1 1 1 1 0
1 0 0 1 1 0 0 1 0 0
0 0 0 1 1 1 1 1 1 1
0 0 0 1 1 1 1 1 1 1
Maze 81
113 4 3.3703703704 1.9444747037 72 0.393124611217357
65 82 9 92 80 66 88 73 92 59 35 12 19 34 92 65
62 2 2 72 76 86 83 72 52 55 32 400 14 32 62
402 402 402 402 401 401 401 402 402 401 401 400 402 402 402
0 1 1 1 1 1 1 1 1 0
0 1 1 1 1 1 1 1 1 0
0 1 0 1 0 0 0 0 0 0
0 1 1 1 1 0 0 0 0 0
0 1 0 0 1 0 0 0 0 0
0 1 1 1 1 1 1 1 1 0
0 1 1 1 2 1 0 0 0 0
0 1 1 1 1 1 1 1 1 1
0 1 1 1 1 1 1 1 0 0
0 1 0 0 0 0 0 0 0 0
Maze 82
95 36 3.1379310345 2.2573010794 71 0.356350819022350
96 99 60 48 45 46 31 13 66 77 7 70 31 9 21 96
400 59 58 400 400 41 11 63 76 400 67 61 1 1 91
400 402 401 400 400 401 402 401 401 400 401 401 402 402 401
1 1 1 1 1 1 1 1 1 0
1 1 1 0 0 0 1 0 0 0
1 0 1 0 0 0 1 0 0 0
1 0 1 0 0 0 1 0 0 0
1 1 1 1 1 1 1 1 0 0
1 0 1 0 0 0 1 1 1 1
1 1 1 1 1 1 1 1 1 1
1 0 0 0 0 1 1 0 1 0
1 0 0 0 0 0 0 0 1 0
1 1 1 1 1 2 1 1 1 0
Maze 83
89 152 3.0000000000 2.1702024648 32 0.353806208030573
88 43 24 25 64 75 71 87 9 82 46 71 86 83 67 88
83 23 400 24 74 400 81 7 2 42 41 81 400 63 87
401 402 400 402 401 400 401 402 402 402 402 401 400 402 401
0 1 1 1 1 1 1 1 1 0
0 1 0 0 0 0 1 0 0 0
0 1 1 1 1 0 1 0 0 0
0 1 1 1 0 0 1 0 0 0
1 1 1 1 1 1 1 0 0 0
1 1 1 1 0 0 1 0 0 0
1 1 1 1 1 1 1 0 0 0
1 1 1 1 1 0 1 0 0 0
1 1 1 1 1 1 1 2 0 0
0 0 0 0 0 0 0 0 0 0
Maze 84
99 368 2.9687500000 2.2912421463 66 0.392937913223869
77 75 4 70 97 90 35 46 93 88 49 71 31 10 20 77
400 74 64 67 87 85 45 43 83 48 41 400 1 400 17
400 401 401 402 402 401 401 402 402 402 402 400 402 400 402
1 1 1 1 1 1 1 1 1 1
1 0 0 1 0 0 1 1 1 1
1 0 0 1 0 0 1 0 0 0
1 0 0 1 1 0 1 0 0 0
1 1 1 1 1 1 1 1 1 0
1 0 1 1 1 0 1 1 0 0
1 0 1 1 1 1 1 1 1 1
1 0 1 1 1 1 2 1 0 0
0 0 1 1 1 1 1 1 1 1
0 0 1 0 0 0 1 0 0 0
Maze 85
87 24 3.3809523810 1.9070121524 50 0.388015698660638
30 39 12 57 25 57 41 55 60 60 36 73 6 53 50 30
29 32 52 55 55 51 51 400 400 56 33 3 3 43 400
402 401 401 401 401 401 401 400 400 401 402 402 402 402 400
0 0 1 1 1 1 0 0 0 0
0 1 1 0 0 0 0 0 0 0
0 1 1 0 1 0 0 0 1 2
0 1 1 1 1 1 1 1 1 1
1 1 1 1 1 1 1 1 1 1
1 1 1 1 1 1 1 1 1 1
0 0 1 0 0 0 0 0 0 0
0 0 1 0 0 0 0 0 0 0
0 0 0 0 0 0 0 0 0 0
0 0 0 0 0 0 0 0 0 0
Maze 86
83 14 3.0222222222 1.9983658565 26 0.372518564671527
46 93 70 98 82 41 3 51 5 25 47 64 66 33 65 46
43 63 68 92 81 1 1 1 400 45 44 400 63 63 45
402 402 402 401 401 402 402 402 400 401 402 400 401 401 402
1 1 1 1 1 0 0 0 0 0
1 0 0 0 1 0 0 0 0 0
1 0 0 0 1 0 0 0 0 0
1 0 1 0 1 0 0 0 0 0
1 0 1 1 1 2 1 0 0 0
1 0 1 1 1 0 0 0 0 0
1 0 1 1 1 1 1 1 1 1
1 0 1 0 0 0 0 1 0 0
1 1 1 0 0 0 0 1 0 0
0 1 1 1 1 1 1 1 0 0
Maze 87
71 20 2.7450980392 2.3411370782 20 0.384497751847760
26 46 50 48 21 11 91 72 87 93 4 69 89 89 56 26
400 400 400 41 400 400 71 82 83 3 64 400 400 86 400
400 400 400 401 400 400 402 401 402 402 401 400 400 401 400
0 0 1 1 0 0 0 0 0 0
1 0 1 1 0 0 0 0 0 0
1 0 1 1 0 2 0 0 0 0
1 0 1 1 0 1 0 0 0 0
1 1 1 1 1 1 1 1 1 1
1 0 1 1 0 1 0 0 0 0
1 0 1 1 1 1 1 1 1 0
1 1 1 0 0 1 0 0 1 0
1 1 1 1 1 1 1 1 1 0
1 0 1 0 0 0 0 0 0 0
Maze 88
99 826 2.8253968254 2.2220108319 55 0.367886534170831
16 14 87 52 30 60 25 20 75 96 17 81 73 76 38 16
400 84 82 22 400 55 15 15 95 16 11 71 400 36 36
400 401 401 402 400 401 402 402 401 402 402 402 400 402 401
0 0 0 0 0 0 0 0 0 0
1 1 1 1 1 2 1 1 1 1
1 1 1 1 1 1 1 1 1 1
1 1 0 1 1 1 1 1 0 1
1 1 0 1 1 1 0 0 0 1
1 1 0 1 1 1 1 1 1 1
1 1 0 1 1 1 0 0 0 0
1 1 1 1 1 1 0 0 0 0
1 1 1 1 1 1 1 0 0 0
0 0 0 0 1 1 0 0 0 0
Maze 89
97 213 3.7142857143 2.1382786214 71 0.387202648876280
73 43 3 21 61 33 60 45 19 56 7 39 64 31 9 73
400 400 1 400 31 53 55 15 16 6 37 34 61 1 3
400 400 402 400 402 401 401 402 402 402 401 402 401 402 402
1 1 1 1 1 1 1 1 1 0
1 0 1 0 1 1 1 1 1 0
1 0 1 0 1 1 1 0 0 0
1 1 1 1 1 1 1 1 1 0
1 0 1 1 1 1 0 0 0 0
1 0 1 1 1 1 1 1 1 1
1 1 1 1 0 0 0 0 0 0
0 0 2 0 0 0 0 0 0 0
0 0 0 0 0 0 0 0 0 0
0 0 0 0 0 0 0 0 0 0
Maze 90
101 173 3.2962962963 2.0846340683 71 0.393569507585391
93 31 36 33 94 59 2 34 87 96 48 32 42 62 19 93
91 400 400 93 54 52 32 84 86 46 42 400 400 12 13
401 400 400 401 402 401 401 401 402 402 401 400 400 402 402
0 1 0 0 0 0 0 0 0 0
0 1 1 1 1 1 1 1 1 0
0 1 1 0 0 0 0 0 0 0
1 1 1 1 1 1 0 0 0 0
1 1 1 1 1 1 1 1 0 0
1 1 1 1 1 1 1 1 1 0
1 1 1 1 0 1 0 0 0 0
1 0 1 1 0 1 0 0 0 0
1 0 1 1 1 1 1 0 0 0
1 1 2 1 0 1 0 0 0 0
Maze 91
111 169 3.3584905660 1.9171777012 70 0.377513104881983
94 99 37 32 6 26 41 65 83 3 68 96 34 100 4 94
400 97 400 2 400 21 61 63 400 63 66 94 94 94 400
400 401 400 402 400 402 401 402 400 401 402 401 401 401 400
0 1 1 1 1 1 0 0 0 0
0 1 1 1 0 1 0 0 0 0
1 1 1 1 1 1 0 0 0 0
1 1 1 1 1 1 1 0 0 0
1 0 1 1 0 0 1 0 0 0
1 0 1 1 0 0 1 0 0 0
1 1 1 1 1 1 1 1 0 0
0 0 1 1 0 1 1 0 0 0
0 0 1 1 0 1 1 0 0 0
0 0 0 2 1 1 1 1 1 1
Maze 92
103 123 2.9285714286 2.2034033850 54 0.396618685553632
53 1 81 87 74 1 96 33 7 40 11 43 15 36 67 53
51 400 400 84 71 91 93 3 37 31 41 13 35 66 63
401 400 400 401 401 401 401 402 401 401 401 402 401 401 401
1 0 1 1 1 1 1 0 0 0
1 0 1 1 1 0 1 0 0 0
1 0 1 0 1 0 1 0 0 0
1 1 1 1 1 1 1 1 1 1
1 1 1 0 0 1 0 0 0 0
1 1 2 0 0 1 0 0 0 0
1 0 1 1 1 1 1 0 0 0
1 1 1 1 0 0 0 0 0 0
1 1 1 1 1 1 1 0 0 0
1 1 1 1 1 1 0 0 0 0
Maze 93
103 11 3.1000000000 2.1950160786 60 0.395786412858255
73 25 19 80 55 44 99 71 97 25 22 72 16 9 95 73
23 15 79 75 54 94 91 91 95 400 400 12 6 5 93
402 402 401 401 401 401 401 401 401 400 400 402 402 402 401
0 0 0 0 1 1 1 1 1 0
0 1 1 1 1 1 1 1 1 0
0 1 1 1 1 0 0 0 1 0
0 1 1 0 1 0 0 0 1 0
0 1 1 1 1 0 0 0 1 0
0 1 1 1 1 0 0 0 1 0
0 1 1 1 1 0 0 0 1 0
1 1 2 1 1 1 1 1 1 1
1 0 1 1 1 0 0 0 0 0
1 1 1 1 1 1 1 1 1 0
Maze 94
113 46 3.0645161290 2.1640916832 85 0.382818422306858
18 79 40 40 92 31 92 56 12 66 30 54 11 96 7 18
78 39 400 32 91 91 52 52 62 26 24 51 91 6 17
401 402 400 402 401 401 402 401 401 402 402 401 401 402 401
0 0 0 0 0 1 1 0 0 0
1 1 0 0 0 1 1 2 0 0
1 1 0 1 1 1 1 1 1 1
1 1 1 1 1 1 1 1 1 1
1 1 0 1 0 1 0 1 1 0
1 1 1 1 1 1 0 1 1 0
1 1 1 1 1 1 0 1 1 0
1 1 0 0 0 1 0 1 1 0
1 1 0 0 0 1 0 0 0 0
1 1 1 1 1 1 0 0 0 0
Maze 95
99 59 2.8524590164 2.2157402060 60 0.382820283535373
45 27 11 97 86 100 23 9 13 10 30 96 68 38 32 45
25 21 91 96 96 93 3 3 3 400 26 66 400 400 42
402 401 401 401 401 401 402 402 402 400 402 402 400 400 401
0 0 1 1 1 1 1 1 1 1
1 0 1 0 0 0 0 0 0 1
1 1 1 1 1 1 1 1 1 1
1 1 1 1 1 1 1 1 0 0
1 1 1 1 2 1 0 1 0 0
1 0 1 0 0 1 0 1 0 0
1 0 1 0 0 1 1 1 0 0
1 0 1 0 0 1 0 0 0 0
1 0 1 0 0 1 0 0 0 0
1 1 1 1 1 1 1 1 1 1
Maze 96
103 23 3.3333333333 1.9913500899 60 0.386528566541466
70 81 64 81 15 23 35 90 84 72 82 18 3 48 72 70
61 61 61 11 13 33 85 400 82 400 12 13 43 42 62
402 402 402 402 402 401 401 400 401 400 402 401 401 402 402
0 0 1 0 0 0 0 0 0 0
1 1 1 1 1 1 1 1 0 0
1 1 1 0 0 0 0 0 0 0
1 1 1 1 1 0 0 0 0 0
1 1 1 1 1 1 1 1 0 0
1 1 0 0 1 0 0 0 0 0
1 1 1 1 1 1 1 1 1 2
1 1 0 0 1 0 0 0 0 0
1 1 1 1 1 1 1 1 1 1
0 0 0 0 0 0 0 0 0 0
Maze 97
105 94 2.8307692308 2.2336119101 86 0.398514460592819
86 94 66 23 1 5 97 100 24 58 36 87 62 99 10 86
84 64 63 21 400 95 400 94 54 56 86 82 92 9 6
402 402 401 401 400 401 400 401 401 401 401 401 401 402 402
1 1 1 1 1 1 1 1 1 1
1 0 0 0 1 1 0 0 1 0
1 1 1 1 1 1 0 0 1 0
0 0 1 1 1 1 0 0 1 0
0 0 1 1 1 1 0 0 1 0
0 0 1 1 1 1 1 1 1 0
0 1 1 1 1 1 0 0 1 0
0 1 0 1 1 1 0 0 1 0
0 1 1 1 1 2 1 0 1 0
0 1 1 1 1 1 1 1 1 1
Maze 98
91 213 3.0416666667 1.9986791005 32 0.400486653031933
53 20 98 95 71 97 53 81 89 98 78 81 72 97 42 53
13 18 400 91 91 93 51 400 88 400 71 71 92 92 52
402 402 400 401 401 401 402 400 402 400 402 402 401 401 401
0 0 0 0 0 0 0 0 0 0
0 0 1 1 1 1 1 1 1 1
0 0 1 0 0 0 0 1 0 0
0 0 1 0 0 0 0 1 0 0
0 1 1 0 0 0 0 1 0 0
1 1 2 0 0 0 0 1 0 0
1 1 1 0 0 0 0 1 0 0
1 1 1 1 1 1 1 1 0 0
1 1 1 1 1 1 1 1 1 0
1 1 1 1 1 1 1 1 0 0
Maze 99
97 33 2.8333333333 2.2254194555 71 0.367272552806487
98 54 55 94 17 84 42 39 50 7 61 55 90 48 90 98
94 400 54 14 14 82 32 49 47 1 51 85 88 88 88
401 400 402 402 402 401 402 401 401 402 402 401 401 401 402
1 1 1 1 1 1 1 0 0 0
1 0 0 1 1 1 1 0 0 0
1 0 0 1 0 0 1 0 0 0
1 1 1 1 1 1 1 1 1 0
1 1 0 1 0 0 1 1 1 1
1 1 1 1 1 0 0 1 0 0
1 1 0 1 1 0 0 1 0 0
0 1 0 1 1 0 0 1 0 0
0 1 1 1 1 1 1 1 1 1
0 0 0 1 1 1 1 2 0 0
Maze 100
97 424 3.3076923077 2.0813772350 77 0.385509143781547
4 26 9 66 87 7 95 24 78 94 35 35 31 52 70 4
24 6 6 86 400 5 94 74 74 34 400 400 51 62 64
401 402 402 401 400 402 401 401 402 402 400 400 401 401 401
0 0 0 2 1 1 1 1 1 0
0 0 0 1 1 1 1 0 0 0
0 0 0 1 1 1 1 0 0 0
1 1 1 1 1 1 1 0 0 0
1 0 0 1 1 1 1 0 0 0
1 1 0 1 1 1 1 0 0 0
0 1 1 1 1 1 1 1 1 1
0 0 0 1 1 1 1 1 0 0
0 0 0 1 1 1 1 0 0 0
0 0 0 1 1 0 0 0 0 0
Maze 101
93 38 2.7692307692 1.9986791005 50 0.377818562128544
91 19 20 48 67 19 34 43 33 75 91 45 86 19 83 91
11 400 18 47 17 14 33 400 73 71 41 85 16 13 81
402 400 402 402 402 402 402 400 401 402 402 401 402 402 402
0 0 0 0 0 0 0 0 0 0
1 1 1 1 1 1 1 1 1 1
1 0 1 1 0 1 1 1 0 0
1 0 1 1 0 1 1 1 0 0
1 1 1 1 1 1 1 1 0 0
1 0 1 0 1 1 1 0 0 0
1 0 1 0 1 1 1 0 0 0
1 1 1 1 1 1 0 0 0 0
1 1 1 0 1 1 0 0 0 0
2 0 0 0 0 0 0 0 0 0
Maze 102
87 36 2.7741935484 2.3108787080 40 0.389872867478281
90 36 17 71 62 91 74 92 90 100 28 48 3 55 40 90
86 16 11 61 61 71 72 82 400 98 400 43 53 35 400
401 402 402 402 402 402 402 402 400 401 400 401 401 402 400
0 0 1 0 0 0 0 0 0 0
1 1 1 1 1 1 1 0 0 0
1 0 1 0 0 1 0 1 0 0
1 0 1 0 1 1 1 1 1 1
1 0 1 1 1 1 1 1 0 1
1 0 1 1 1 1 0 1 0 1
1 1 0 0 0 1 0 1 0 1
1 1 1 1 0 1 0 1 0 1
1 1 1 1 1 1 1 1 1 2
1 1 0 0 0 0 0 1 1 1
Maze 103
99 42 2.9354838710 2.2654447277 49 0.374574041261220
48 59 36 9 82 44 37 74 17 81 84 45 92 100 97 48
58 56 6 2 42 34 34 14 11 400 44 42 400 400 47
401 401 402 402 402 402 402 402 402 400 402 402 400 400 402
0 1 1 1 1 1 1 1 1 0
1 1 1 1 1 1 1 0 0 0
1 1 0 1 0 1 0 0 0 0
1 1 0 1 1 1 1 0 0 0
1 1 1 1 1 1 1 2 0 0
1 1 0 1 0 1 1 1 1 0
1 1 0 1 0 0 1 0 0 0
1 1 0 1 0 0 1 0 0 0
1 1 1 1 0 0 1 0 0 0
0 1 1 1 1 1 1 1 1 1
Maze 104
71 11 3.6000000000 1.9557162636 13 0.360049723003352
11 36 66 86 57 45 59 26 28 18 14 20 45 28 61 11
31 400 400 56 55 55 56 400 400 400 400 15 25 21 400
401 400 400 402 401 401 401 400 400 400 400 402 402 402 400
0 0 0 0 0 0 0 0 0 0
2 0 0 1 1 1 1 1 1 1
1 1 1 1 1 1 1 1 0 0
1 1 1 1 1 1 0 0 0 0
1 0 0 0 1 1 0 0 0 0
1 0 0 0 1 1 1 1 1 0
1 0 0 0 0 1 0 0 0 0
0 0 0 0 0 1 0 0 0 0
0 0 0 0 0 1 0 0 0 0
0 0 0 0 0 0 0 0 0 0
Maze 105
99 67 3.0526315789 2.0755034841 70 0.390857218087413
75 68 73 28 34 4 77 14 45 80 93 21 47 60 100 75
65 63 23 24 400 74 74 44 75 73 91 41 57 400 95
402 402 402 402 400 401 401 401 401 402 401 401 401 400 401
0 0 0 1 0 0 0 0 0 0
0 0 0 1 0 0 0 0 0 0
1 0 1 1 1 1 1 1 0 0
1 0 1 1 0 0 0 0 0 0
1 1 1 1 1 1 1 0 0 0
1 0 1 1 1 0 1 1 1 1
1 0 1 1 1 1 1 1 0 1
1 0 1 1 2 1 1 1 1 1
1 0 1 0 1 0 0 0 0 1
1 1 1 0 1 1 1 1 1 1
Maze 106
95 845 3.1764705882 2.2007686967 66 0.377130587721660
63 11 55 27 59 41 5 48 68 26 11 86 94 47 69 63
61 51 25 57 51 1 45 400 66 21 81 84 44 67 400
401 401 402 401 401 402 401 400 401 401 401 402 402 401 400
1 1 1 1 1 0 0 0 0 0
1 0 0 0 1 0 0 0 0 0
1 1 1 1 1 1 1 0 0 0
1 0 0 0 1 1 1 0 0 0
1 0 0 1 1 1 1 1 0 0
1 1 1 1 1 1 1 1 1 0
1 1 2 1 1 1 1 1 1 0
1 0 0 1 0 0 0 0 0 0
1 1 1 1 1 1 0 0 0 0
0 0 0 1 0 0 0 0 0 0
Maze 107
107 449 2.9850746269 2.2481381577 105 0.399169079492532
7 97 25 12 77 83 66 15 89 30 18 98 41 55 50 7
400 95 22 72 73 63 65 85 29 28 400 91 51 45 47
400 401 401 401 402 402 401 401 402 401 400 401 401 402 401
0 0 0 0 0 0 2 0 0 0
0 1 0 0 1 0 1 1 0 0
0 1 1 1 1 0 1 1 1 1
0 1 0 0 1 0 1 1 1 0
1 1 0 0 1 1 1 1 1 1
1 1 1 1 1 0 1 1 1 0
1 1 1 1 1 1 1 1 1 0
1 1 1 1 1 1 1 1 1 0
1 0 1 0 1 1 1 1 1 0
1 1 1 1 1 1 1 1 0 0
Maze 108
111 144 3.5925925926 2.0731022205 99 0.392141571893838
27 10 82 39 87 15 42 5 30 63 38 75 84 55 52 27
7 2 32 37 85 12 2 25 23 33 35 74 54 400 22
402 402 402 402 401 402 402 401 402 402 402 402 402 400 402
0 1 1 1 1 1 1 1 1 1
0 1 1 1 1 0 1 0 0 0
0 1 1 1 1 1 2 1 1 1
0 1 1 1 1 1 1 1 1 0
0 1 1 0 1 0 1 0 0 0
0 1 1 1 1 0 1 0 0 0
0 1 1 1 1 0 1 0 0 0
0 1 0 1 1 0 1 0 0 0
0 1 0 1 1 1 1 0 0 0
0 0 0 0 0 0 0 0 0 0
Maze 109
79 32 3.0000000000 2.1085041588 30 0.381260298978823
38 89 27 72 54 54 64 73 68 9 68 18 50 74 59 38
88 87 22 52 400 400 63 63 8 8 400 48 44 54 58
401 401 402 402 400 400 402 402 402 402 400 401 402 402 401
0 0 0 0 0 0 0 1 1 0
0 0 0 0 0 0 0 1 0 0
0 1 1 1 1 1 1 1 0 0
0 1 0 0 0 0 1 2 0 0
0 1 0 1 1 1 1 1 1 1
0 1 1 1 1 1 1 1 1 0
0 1 1 1 1 1 1 1 0 0
0 1 1 1 0 0 1 1 0 0
0 0 0 0 0 0 1 1 1 0
0 0 0 0 0 0 0 0 0 0
Maze 110
105 96 3.4339622642 2.1005204137 85 0.373645478956855
86 49 75 80 98 47 35 61 35 90 62 30 30 11 89 86
46 45 400 78 97 45 31 31 85 82 22 400 21 81 400
402 402 400 402 401 401 402 402 401 401 402 400 401 401 400
0 0 0 0 0 0 0 0 0 0
1 0 0 0 0 0 0 0 0 0
1 1 1 1 1 1 1 1 1 1
1 1 1 1 1 0 0 0 0 0
1 1 0 0 1 1 1 1 1 0
1 1 0 0 1 1 1 0 0 0
1 1 0 0 1 1 1 0 0 0
1 1 0 0 1 1 1 1 1 1
1 1 1 1 1 2 1 1 1 1
0 0 0 0 0 0 1 1 0 0
Maze 111
91 705 2.9642857143 2.2175054495 50 0.368820698021817
92 59 26 97 98 15 53 57 27 50 61 87 34 32 91 92
52 56 96 400 95 13 400 400 47 41 81 84 400 31 400
402 401 401 400 401 402 400 400 401 402 401 401 400 402 400
0 0 0 0 0 0 0 0 0 0
0 0 1 1 1 0 0 0 0 0
0 0 1 0 1 1 1 0 0 0
1 1 1 1 1 1 1 0 0 0
1 1 1 1 1 1 1 1 1 1
1 1 1 1 1 1 1 1 1 0
1 1 0 1 1 1 0 0 0 0
1 1 0 1 1 1 0 0 0 0
1 1 1 1 1 1 1 0 0 0
1 2 0 0 1 1 1 1 0 0
Maze 112
97 234 3.1578947368 2.2539504741 84 0.394602724337619
4 3 45 16 48 22 20 94 96 74 74 8 80 21 45 4
400 43 15 46 42 12 14 400 94 400 4 78 71 41 44
400 401 402 401 401 402 402 400 401 400 402 401 401 401 401
0 0 1 2 1 1 1 1 0 0
0 1 1 1 1 1 1 1 1 1
1 1 1 1 1 1 0 1 0 0
1 1 1 1 1 1 0 1 0 0
1 1 1 1 1 1 1 1 0 0
1 0 0 1 0 0 0 1 0 0
1 0 0 1 0 0 0 1 0 0
1 1 1 1 1 1 1 1 1 1
0 0 0 1 0 0 0 0 0 0
0 0 0 1 1 1 0 0 0 0
Maze 113
109 12 3.3877551020 1.8416713196 80 0.377384765660417
87 32 100 86 12 29 62 97 97 95 64 89 31 73 46 87
82 92 96 82 22 22 92 400 400 94 84 81 71 43 86
401 401 401 401 401 402 401 400 400 401 401 401 401 402 401
0 0 0 0 0 0 0 0 0 0
0 1 0 0 0 0 0 0 0 0
0 1 1 1 1 1 1 1 1 0
1 1 0 0 0 0 0 0 0 0
1 1 1 1 1 1 0 0 0 0
1 1 1 0 0 1 0 0 0 0
1 1 1 1 0 1 0 0 0 0
1 1 1 1 0 1 0 0 0 0
1 1 1 1 1 1 2 1 1 0
0 1 1 1 1 1 1 1 1 1
Maze 114
117 34 3.8139534884 1.6986169344 114 0.385829380168460
51 55 92 10 52 39 41 37 47 1 54 62 61 10 24 51
400 52 2 2 32 31 31 400 41 51 52 400 1 4 21
400 402 402 402 402 402 402 400 401 401 402 400 402 402 402
1 1 1 1 1 1 1 1 1 1
1 1 0 1 0 0 0 0 0 0
1 1 1 1 0 0 0 0 0 0
1 1 1 1 1 1 1 1 1 0
1 1 1 1 1 1 1 0 0 0
2 1 1 1 1 0 0 0 0 0
1 1 0 0 0 0 0 0 0 0
0 1 0 0 0 0 0 0 0 0
0 1 0 0 0 0 0 0 0 0
0 1 0 0 0 0 0 0 0 0
Maze 115
91 62 2.7142857143 2.0565098260 50 0.382522424795412
79 69 22 96 8 44 85 23 7 48 76 66 6 34 49 79
400 62 92 6 4 84 83 3 47 46 400 400 4 44 400
400 401 401 402 402 401 401 402 401 402 400 400 402 401 400
0 0 1 1 1 1 1 1 0 0
0 0 1 1 0 1 1 0 0 0
0 1 1 1 0 1 1 0 0 0
0 1 1 1 0 1 1 0 0 0
0 1 1 1 1 1 1 1 1 0
0 1 1 1 0 1 0 0 1 0
0 1 1 1 1 1 1 1 1 0
0 1 1 1 0 1 0 0 2 0
0 1 1 1 1 1 0 0 0 0
0 1 1 1 1 1 0 0 0 0
Maze 116
87 19 3.3913043478 2.1029670512 28 0.383659774909886
17 30 29 87 98 62 25 41 37 21 71 34 26 100 17 17
27 400 27 97 92 22 21 31 31 400 31 24 96 97 400
401 400 402 401 401 402 402 402 401 400 402 402 401 401 400
0 0 0 0 0 0 0 0 0 0
0 0 0 0 0 0 2 0 0 0
1 1 1 1 1 1 1 1 1 1
1 1 1 1 1 1 1 0 0 0
1 1 0 0 0 1 1 0 0 0
1 1 0 0 0 1 1 0 0 0
1 1 0 0 0 1 1 0 0 0
1 1 0 0 0 1 1 0 0 0
0 1 0 0 0 1 1 0 0 0
0 1 1 1 1 1 1 1 1 1
Maze 117
93 58 2.9285714286 2.1639973307 29 0.387882226097803
35 34 99 23 11 87 54 10 20 25 87 3 13 15 33 35
400 94 93 21 81 84 4 400 15 85 83 400 400 13 400
400 401 401 401 401 401 402 400 402 401 401 400 400 402 400
0 0 1 1 1 1 1 1 1 1
1 0 1 1 1 1 1 1 1 1
1 1 1 1 1 0 0 0 0 0
1 0 1 1 2 0 0 0 0 0
1 0 1 1 1 0 0 0 0 0
1 0 1 1 1 0 0 0 0 0
1 0 1 1 1 0 0 0 0 0
1 0 1 1 1 0 0 0 0 0
1 1 1 1 1 1 1 0 0 0
0 0 1 1 1 1 1 1 1 0
Maze 118
101 178 3.5217391304 1.9147952737 71 0.374030120803201
74 92 39 49 19 28 20 82 3 13 47 51 26 52 19 74
72 32 400 400 18 18 12 2 400 43 41 21 22 12 14
402 402 400 400 402 402 402 402 400 401 402 402 402 402 402
0 1 1 0 0 0 0 0 0 0
0 1 1 1 1 1 1 1 1 1
1 1 1 1 1 1 0 1 1 0
1 1 1 1 1 1 1 1 1 0
1 1 1 1 1 1 1 0 1 0
1 1 0 1 0 0 0 0 0 0
0 1 0 1 0 0 0 0 0 0
0 1 1 2 0 0 0 0 0 0
0 1 0 0 0 0 0 0 0 0
0 1 0 0 0 0 0 0 0 0
Maze 119
101 101 3.0847457627 2.2126880212 53 0.396556644687709
11 2 86 63 89 34 36 61 70 58 80 54 81 5 19 11
1 82 83 83 84 400 31 400 68 78 74 51 1 15 400
402 401 401 401 401 400 402 400 401 401 401 402 402 401 400
1 1 1 1 1 0 0 0 0 0
2 1 1 1 1 1 1 1 1 0
1 1 0 0 0 0 0 0 0 0
1 1 1 1 1 1 0 0 0 0
1 1 0 1 0 0 0 0 0 0
1 1 1 1 0 0 0 1 0 0
1 1 1 1 1 1 1 1 1 1
1 1 1 1 1 1 1 1 1 1
1 1 1 1 1 1 1 1 1 0
0 0 0 0 0 0 0 0 0 0
Maze 120
97 770 3.1785714286 2.2225016104 77 0.381485369853670
96 66 51 67 20 40 52 88 68 11 47 5 19 26 80 96
400 61 61 17 400 32 82 400 61 41 45 15 16 76 76
400 401 401 402 400 402 401 400 401 401 401 401 402 401 402
0 0 0 0 1 0 0 0 0 0
1 0 0 0 1 1 1 1 1 1
1 0 0 0 1 1 1 0 0 1
1 1 1 1 1 1 1 1 1 1
1 1 1 1 1 1 1 0 0 0
1 1 0 0 0 1 1 0 0 0
1 1 1 1 1 1 1 1 0 0
0 1 0 0 0 1 1 1 1 1
0 1 1 1 1 1 1 1 0 0
0 0 0 0 0 2 0 0 0 0
Maze 121
97 39 3.2549019608 2.0565098260 58 0.382169622973026
39 55 86 96 79 94 5 49 81 31 61 18 26 95 17 39
35 85 400 76 74 4 45 41 400 400 11 16 25 15 37
402 401 400 402 402 402 401 402 400 400 402 402 402 402 401
0 0 0 1 1 0 0 0 0 0
1 1 1 1 1 1 1 1 0 0
1 0 0 1 1 1 1 0 0 0
1 0 0 1 1 1 1 1 2 0
1 1 1 1 1 1 1 1 1 0
1 0 0 1 1 0 0 0 0 0
1 0 0 1 1 0 0 0 0 0
1 0 0 1 1 1 1 1 1 0
1 0 0 1 1 1 0 0 0 0
0 0 0 1 1 1 0 0 0 0
Maze 122
105 13 2.6969696970 2.2217810464 98 0.373722316304656
82 47 72 64 67 75 57 95 41 40 90 9 71 35 58 82
42 42 62 400 65 55 55 91 31 400 89 1 31 55 52
402 402 402 400 402 402 402 401 402 400 401 402 402 401 402
1 1 1 1 1 1 1 1 1 0
1 0 0 0 0 0 0 0 1 0
1 0 0 0 0 0 0 0 1 0
1 1 1 1 1 1 1 1 1 1
1 1 1 1 1 1 1 0 1 1
1 1 1 1 1 1 1 1 1 1
1 1 1 1 1 1 1 0 1 1
1 1 0 0 1 0 0 0 1 1
1 2 0 0 1 0 0 0 1 1
1 1 1 1 1 0 0 0 0 0
Maze 123
105 392 3.1666666667 2.1833543510 87 0.383743406103438
79 51 13 99 5 84 94 72 83 84 10 39 23 79 96 79
71 11 93 95 4 400 92 82 400 4 9 33 73 76 76
401 402 401 401 402 400 401 401 400 402 402 401 401 402 402
0 0 0 1 1 1 1 1 1 1
1 1 1 1 1 0 0 0 1 0
1 0 1 1 1 0 0 0 1 0
1 0 1 1 1 1 1 1 1 0
1 0 1 1 1 0 0 0 0 0
1 0 1 1 1 0 0 0 0 0
1 0 1 1 1 0 0 0 0 0
1 1 1 1 1 1 1 1 2 0
0 1 1 1 1 1 0 0 0 0
0 1 1 1 1 1 1 1 1 0
Maze 124
109 26 2.9846153846 2.2753215449 91 0.358430147419681
66 31 70 53 100 10 91 52 51 44 4 65 98 15 26 66
61 61 63 93 400 1 51 400 41 400 64 95 95 25 400
401 401 401 401 400 402 402 400 402 400 401 401 401 401 400
1 1 1 1 1 1 1 1 1 1
1 0 0 1 1 0 0 0 0 1
1 0 0 1 1 1 0 0 0 1
1 0 0 1 1 1 0 0 0 1
1 1 1 1 1 1 0 0 0 1
1 1 1 1 1 1 0 0 0 1
1 1 1 1 1 2 1 1 1 1
1 0 1 0 1 0 0 0 0 1
1 0 1 0 1 0 0 0 0 1
1 0 1 1 1 1 1 1 1 1
Maze 125
117 58 3.1724137931 1.8923838870 105 0.380416326813418
57 63 50 25 90 97 52 19 63 18 51 48 50 14 68 57
53 43 45 85 87 92 12 13 13 11 41 400 44 64 67
402 402 401 401 402 401 402 402 402 402 402 400 401 401 401
0 0 0 0 0 0 0 0 0 0
1 1 1 1 1 1 1 1 1 0
1 1 1 1 1 0 0 0 0 0
1 1 1 1 1 0 0 0 0 0
1 1 1 1 1 1 1 1 1 1
1 1 1 1 1 1 2 0 0 0
0 1 1 1 1 1 1 1 0 0
0 1 0 0 1 0 0 0 0 0
0 1 0 0 1 1 1 1 1 1
0 1 1 1 1 1 1 0 0 0
Maze 126
97 3728 3.0769230769 2.0813323489 60 0.373109483407429
63 22 7 78 44 8 61 6 35 61 55 88 68 33 31 63
62 2 77 74 4 1 1 5 31 51 85 400 63 400 61
401 402 401 401 402 402 402 402 402 402 401 400 401 400 401
1 1 1 1 1 1 1 1 0 0
1 1 0 1 1 0 1 0 0 0
1 1 0 1 1 0 1 0 0 0
1 1 1 1 1 0 1 0 0 0
1 1 1 1 0 0 1 0 0 0
1 1 1 1 1 0 1 0 0 0
1 1 2 1 1 1 1 1 0 0
0 0 0 1 1 1 1 1 0 0
0 0 0 0 1 1 1 1 0 0
0 0 0 0 0 0 0 0 0 0
Maze 127
87 105 2.7118644068 2.2453530182 45 0.367374798822512
21 36 73 60 70 10 28 9 12 17 98 54 24 20 40 21
31 33 53 400 400 8 8 2 400 97 94 400 14 400 31
401 402 402 400 400 402 402 402 400 401 401 400 402 400 401
0 1 1 1 1 1 1 1 1 1
0 1 1 1 1 1 1 1 1 1
2 0 0 1 0 0 1 1 0 1
1 1 1 1 1 1 1 1 1 1
0 0 1 1 0 0 1 0 0 1
0 0 1 1 1 1 1 1 1 1
0 0 1 1 0 0 1 0 0 1
0 0 1 1 0 0 1 0 0 0
0 0 0 1 0 0 1 0 0 0
0 0 0 1 1 1 1 1 0 0
Maze 128
87 86 3.3181818182 1.9755145026 50 0.395237553120312
6 34 50 35 5 34 61 16 40 88 50 31 5 55 56 6
4 44 45 400 4 31 11 36 38 48 41 1 400 400 400
402 401 401 400 402 402 402 401 402 402 401 402 400 400 400
1 1 1 1 1 2 0 0 0 0
1 1 1 1 1 1 0 0 0 0
1 0 0 1 1 1 0 0 0 0
1 1 1 1 1 1 1 1 1 1
1 1 1 1 1 1 1 1 1 1
1 0 0 0 1 1 0 1 0 0
1 0 0 0 0 0 0 1 0 0
0 0 0 0 0 0 0 1 0 0
0 0 0 0 0 0 0 1 0 0
0 0 0 0 0 0 0 0 0 0
Maze 129
111 40 3.2400000000 1.7851964739 91 0.376731894400766
14 76 84 77 9 33 41 44 9 75 14 4 78 1 49 14
74 74 74 7 3 31 400 4 5 74 400 74 71 41 44
401 402 402 402 402 402 400 402 402 401 400 401 401 401 401
1 0 1 1 1 1 1 1 1 0
1 0 1 2 1 0 1 0 0 0
1 0 1 1 1 0 1 0 0 0
1 1 1 1 1 0 1 0 0 0
1 1 1 1 1 1 1 1 1 0
1 0 0 1 1 0 1 0 0 0
1 0 0 1 1 0 1 0 0 0
1 1 1 1 1 1 1 1 0 0
0 0 0 1 0 0 0 0 0 0
0 0 0 0 0 0 0 0 0 0
Maze 130
101 178 3.1538461538 2.0383100066 55 0.382478471533242
89 60 90 41 58 61 91 32 79 30 77 76 21 75 47 89
59 400 81 51 51 400 31 72 29 27 400 71 71 45 87
402 400 401 401 402 400 402 401 402 402 400 401 401 402 401
0 0 0 0 0 0 0 0 0 0
0 0 0 0 0 0 0 0 0 0
1 0 0 0 0 0 1 1 1 1
1 1 0 0 0 0 1 0 1 0
1 1 0 0 1 1 1 0 1 0
1 1 1 1 1 1 1 1 1 1
1 1 0 0 1 0 1 0 1 1
1 1 1 1 1 1 1 1 1 1
1 1 1 1 1 1 1 1 2 1
1 0 0 0 0 0 0 0 0 0
Maze 131
67 24 3.0526315789 2.0370900402 13 0.379993286923935
58 7 29 18 28 39 35 28 33 38 40 88 51 71 37 58
57 27 28 400 38 400 25 23 400 400 38 81 400 31 57
401 401 401 400 401 400 402 402 400 400 402 401 400 402 401
0 0 0 0 0 0 1 0 0 0
0 0 0 0 0 0 1 1 0 0
0 0 1 1 1 1 1 1 1 0
1 1 1 1 1 1 1 1 1 1
1 0 0 0 0 0 1 1 0 0
1 0 0 0 0 0 1 2 0 0
1 0 0 0 0 0 0 1 0 0
1 0 0 0 0 0 0 1 0 0
1 1 1 1 1 1 1 1 0 0
0 0 0 0 0 0 0 0 0 0
Maze 132
75 78 3.3333333333 1.9925772843 26 0.378767614622908
27 72 89 66 35 2 12 22 55 65 29 66 26 53 38 27
22 82 86 65 32 400 400 52 400 25 26 400 23 33 37
402 401 401 401 401 400 400 401 400 402 402 400 402 402 401
0 1 0 0 0 0 0 0 0 0
0 1 0 0 0 0 0 0 0 0
0 1 1 1 1 1 2 1 1 0
0 1 1 1 1 1 1 1 0 0
0 1 1 0 1 1 0 0 0 0
0 1 1 1 1 1 0 0 0 0
0 1 0 0 1 1 0 0 0 0
0 1 0 0 0 1 0 0 0 0
0 1 1 1 1 1 1 1 1 0
0 0 0 0 0 0 0 0 0 0
Maze 133
107 13 3.0158730159 2.1285007614 83 0.375636226733589
15 74 26 39 70 17 77 24 76 32 9 62 1 13 85 15
14 24 36 69 67 400 74 74 72 2 2 61 11 83 400
402 402 401 401 401 400 401 401 401 402 402 401 401 401 400
1 1 1 1 1 1 1 1 1 0
1 1 1 1 2 0 1 0 0 0
1 1 1 1 1 1 1 0 0 0
1 1 1 1 1 1 1 1 1 0
1 1 1 1 1 0 1 0 1 0
1 1 1 1 1 0 1 0 1 0
1 1 1 1 1 0 1 1 1 1
0 1 1 1 1 1 1 0 0 0
0 0 1 1 1 0 0 0 0 0
0 0 0 0 0 0 0 0 0 0
Maze 134
77 225 2.7924528302 2.2871145339 26 0.374275454729515
29 80 74 85 75 3 13 40 8 27 4 26 87 67 72 29
79 400 84 400 73 400 33 38 7 24 24 86 400 62 22
401 400 401 400 401 400 401 401 402 401 401 401 400 402 402
0 0 1 1 0 0 1 1 0 0
0 0 1 1 0 0 1 1 0 0
0 1 1 1 1 1 1 1 2 0
0 1 1 1 1 1 1 1 1 1
0 1 1 0 0 1 0 0 1 0
0 1 1 0 0 1 0 0 1 0
0 1 1 1 1 1 1 0 1 0
0 1 1 1 1 1 1 1 1 1
0 0 0 1 1 1 1 0 0 0
0 0 0 0 0 0 0 0 0 0
Maze 135
99 66 3.0909090909 2.0141134552 54 0.379768081238350
19 42 90 73 76 48 29 24 68 61 24 84 51 23 52 19
12 82 83 400 46 28 400 64 400 21 400 81 21 22 12
402 401 401 400 402 402 400 401 400 402 400 401 402 402 402
0 0 0 0 0 0 0 0 0 0
0 1 1 1 1 1 1 1 2 0
1 1 1 1 1 1 1 1 1 0
1 1 0 1 0 0 0 1 0 0
1 1 0 1 0 1 1 1 0 0
1 1 0 1 0 1 0 0 0 0
1 1 1 1 1 1 1 1 0 0
1 1 1 1 1 1 0 0 0 0
1 1 1 1 1 1 1 1 1 1
0 0 0 0 0 0 0 0 0 0
Maze 136
111 41 3.5918367347 1.9221966361 112 0.395929609024600
71 84 36 73 11 21 91 39 83 5 88 82 84 70 35 71
81 34 33 71 400 400 31 33 3 85 400 400 64 65 31
401 402 402 401 400 400 402 402 402 401 400 400 402 401 402
0 0 1 1 1 0 0 0 0 0
1 0 1 0 1 0 0 0 0 0
1 0 1 0 1 0 0 0 0 0
1 1 1 1 1 1 1 1 1 0
1 0 1 1 1 0 0 0 0 0
1 0 1 1 1 0 0 0 0 0
1 0 1 1 1 1 1 1 1 1
2 1 1 1 1 0 0 0 0 0
1 1 1 1 1 1 1 1 0 0
1 0 0 0 0 0 0 0 0 0
Maze 137
93 886 3.0847457627 2.3807185978 41 0.372897781475756
97 33 26 79 64 17 11 8 40 50 25 13 57 37 4 97
93 23 76 74 14 400 1 38 400 45 23 53 400 34 94
401 402 401 401 402 400 402 401 400 401 401 401 400 401 401
1 1 1 1 1 1 1 1 0 0
1 1 1 1 1 1 1 1 0 0
0 0 1 1 1 1 0 1 0 0
0 0 1 1 1 1 1 1 1 1
0 0 1 1 1 1 1 1 1 1
0 0 1 1 1 1 1 0 0 0
0 0 1 1 0 1 0 0 0 0
0 0 1 1 1 1 1 1 1 0
0 0 1 1 0 0 0 0 0 0
0 0 1 1 1 1 2 0 0 0
Maze 138
103 103 2.8474576271 2.1839035784 70 0.394132986036844
91 5 85 15 19 69 58 68 21 83 58 90 48 96 21 91
1 400 400 400 400 68 400 61 81 53 88 88 46 91 400
402 400 400 400 400 401 400 401 401 402 401 401 402 401 400
1 1 1 1 1 0 0 0 0 0
1 0 0 0 1 1 1 1 1 0
1 0 0 0 1 0 0 0 1 0
1 0 0 0 1 0 0 0 1 0
1 0 0 0 1 1 1 1 1 0
1 0 1 1 1 1 1 1 1 0
1 1 1 1 1 1 1 1 1 0
1 0 1 0 1 1 0 1 0 0
1 1 1 0 1 1 0 1 1 1
2 1 1 1 1 1 0 0 0 0
Maze 139
89 37 3.1739130435 2.0236867103 45 0.400974162783487
22 5 19 76 52 3 62 55 58 91 51 55 19 50 2 22
2 15 16 72 2 2 52 400 51 400 400 15 49 42 400
402 401 402 401 402 402 402 400 402 400 400 402 401 401 400
0 1 1 1 1 0 0 0 0 0
0 1 0 0 1 1 1 1 1 0
0 2 0 0 1 1 0 0 1 0
0 1 0 0 1 1 0 0 1 0
0 1 1 1 1 1 1 1 1 1
1 1 1 1 1 1 1 1 0 0
1 1 0 0 0 1 0 0 0 0
1 1 1 1 1 1 0 0 0 0
1 0 0 0 0 0 0 0 0 0
1 0 0 0 0 0 0 0 0 0
Maze 140
101 188 3.6444444444 1.9324955550 60 0.389846379291549
36 66 26 100 35 37 70 33 85 100 73 89 23 24 84 36
400 400 96 95 400 67 63 83 95 93 83 83 400 400 34
400 400 401 401 400 401 401 401 401 401 401 401 400 400 402
0 0 0 0 0 0 0 0 0 0
0 0 0 0 0 0 0 0 0 0
0 0 1 1 0 1 0 0 0 0
0 0 1 1 1 2 1 0 0 0
0 0 1 1 1 1 1 0 0 0
0 0 1 1 1 1 1 0 0 0
0 0 1 1 1 1 1 1 1 1
0 0 1 1 1 1 0 0 0 0
0 0 1 1 1 1 1 1 1 0
0 0 1 1 1 1 1 1 1 1
Maze 141
77 108 2.8510638298 2.1525783848 23 0.398718681709453
55 32 96 72 49 39 59 93 82 39 20 60 79 67 37 55
52 92 92 42 400 400 53 92 32 19 400 59 77 400 35
401 401 401 402 400 400 402 401 402 402 400 402 401 400 402
0 0 0 0 0 0 0 0 0 0
0 0 0 0 0 0 0 0 1 1
0 0 0 0 0 0 0 0 1 1
0 1 1 1 1 1 1 1 1 1
0 1 1 1 1 1 1 1 1 1
0 1 1 1 2 1 1 1 1 1
0 1 1 0 0 0 1 0 1 0
0 1 1 0 0 0 1 1 1 0
0 1 1 0 0 0 0 0 0 0
0 1 1 1 1 1 0 0 0 0
Maze 142
95 64 3.2075471698 2.1870597596 60 0.375226325361739
64 31 30 77 85 74 4 87 13 28 27 82 41 96 94 64
61 21 27 75 84 400 84 83 23 400 22 81 91 400 400
401 402 402 402 401 400 401 401 401 400 402 401 401 400 400
0 0 0 1 0 0 0 0 0 0
0 0 1 1 0 0 0 0 0 0
1 1 1 1 1 1 1 1 1 1
1 1 1 1 0 0 1 0 0 0
1 1 1 1 0 0 1 0 0 0
1 1 1 1 0 0 1 0 0 0
1 1 1 2 0 0 1 0 0 0
1 1 1 1 1 1 1 0 0 0
1 1 1 1 1 1 1 0 0 0
1 1 1 1 1 1 0 0 0 0
Maze 143
99 13 3.2413793103 2.2501375513 60 0.376087922539497
82 100 21 55 40 36 36 10 39 40 85 55 93 69 24 82
92 91 51 35 400 400 6 9 400 35 400 53 63 64 22
401 401 401 402 400 400 402 402 400 402 400 402 402 401 402
0 0 0 0 0 1 1 1 1 1
0 0 0 0 0 1 0 0 1 0
1 1 1 1 0 1 0 0 1 0
1 1 0 1 1 1 1 1 1 1
1 1 0 1 1 0 0 0 0 0
1 1 1 1 1 0 0 0 0 0
1 1 1 1 1 1 1 1 1 0
1 1 1 0 1 0 0 0 0 0
1 2 1 0 1 0 0 0 0 0
1 1 1 1 1 1 1 1 1 1
Maze 144
89 39 3.2765957447 2.0048679406 38 0.372204873789683
65 48 10 44 29 12 67 81 65 79 46 48 30 15 56 65
45 8 4 24 22 62 61 61 75 76 400 28 25 55 55
402 402 402 402 401 401 402 402 401 401 400 402 401 401 402
0 0 0 1 1 1 1 1 1 1
0 1 0 1 1 0 0 1 0 0
0 1 1 1 1 1 1 1 1 1
0 1 0 1 1 0 0 1 0 0
0 1 0 1 1 1 1 1 0 0
0 1 0 0 1 1 0 0 0 0
1 1 1 1 2 1 1 0 0 0
1 0 0 0 1 1 1 1 1 0
1 0 0 0 0 0 0 0 0 0
0 0 0 0 0 0 0 0 0 0
Maze 145
95 25 3.5294117647 2.1472868302 66 0.376990329269768
62 48 85 79 3 37 76 86 75 92 1 90 36 46 46 62
42 45 75 73 33 36 400 85 72 91 81 86 400 400 42
402 402 402 401 401 402 400 401 402 401 401 401 400 400 402
1 0 1 0 0 0 0 0 0 0
1 0 1 0 0 0 0 0 0 0
1 0 1 0 0 0 0 0 0 0
1 0 1 1 1 1 1 0 0 0
1 1 1 1 1 1 1 1 0 0
1 1 1 0 1 1 0 0 0 0
1 2 1 0 1 1 0 0 0 0
1 1 1 1 1 1 1 1 1 0
1 1 1 1 1 1 1 1 1 1
1 1 0 0 0 0 0 0 0 0
Maze 146
113 40 3.4385964912 2.1137170656 104 0.397871498572130
5 71 84 22 97 23 98 57 30 5 87 35 42 34 30 5
1 81 82 92 93 93 97 27 25 85 85 32 32 24 25
402 401 401 401 401 401 401 402 401 401 401 402 402 402 401
1 1 1 1 2 0 0 0 0 0
1 0 0 0 1 0 0 0 0 0
1 1 1 1 1 1 1 1 1 1
1 1 1 1 1 0 1 0 0 0
1 1 1 0 1 0 1 0 0 0
1 1 1 0 1 0 1 0 0 0
1 1 1 0 1 0 1 0 0 0
1 1 1 0 1 0 1 0 0 0
1 1 1 1 1 1 1 0 0 0
0 1 1 1 1 1 1 1 0 0
Maze 147
113 292 3.0163934426 1.9690883076 92 0.369926840724874
22 70 58 68 20 73 50 60 9 93 88 25 13 86 50 22
62 68 400 18 13 43 400 59 3 83 85 23 83 46 42
401 401 400 402 402 402 400 401 402 402 401 401 401 402 401
0 0 1 1 1 1 1 1 1 0
0 0 1 1 1 1 1 1 1 1
0 2 1 1 1 0 0 1 1 0
0 1 1 0 1 0 0 1 1 0
0 1 1 1 1 1 1 1 1 1
0 1 1 0 1 1 0 1 1 1
0 1 1 1 1 1 1 1 1 1
0 0 1 0 1 1 0 0 0 0
0 0 1 1 1 1 1 1 0 0
0 0 1 0 0 0 0 0 0 0
Maze 148
75 23 3.0000000000 2.2038416758 35 0.374378524875138
64 94 3 19 85 60 44 72 41 56 75 87 87 66 44 64
400 93 13 15 55 54 42 71 51 55 85 400 86 64 400
400 401 401 402 402 401 402 401 401 402 401 400 401 401 400
0 0 1 0 0 0 0 0 0 0
0 0 1 1 1 1 1 1 1 0
0 0 1 0 1 0 0 0 0 0
0 0 1 0 1 0 0 0 0 0
1 1 1 1 1 0 0 0 0 0
1 1 1 1 1 1 1 1 1 1
1 1 1 2 1 1 0 0 0 0
1 1 1 1 1 1 0 0 0 0
0 0 1 1 1 1 1 0 0 0
0 0 1 1 0 0 0 0 0 0
Maze 149
93 117 2.7419354839 2.4529535883 50 0.399613270778727
70 63 59 89 51 78 36 99 41 31 54 74 51 27 50 70
400 53 400 81 71 76 96 91 400 51 400 71 21 47 400
400 402 400 401 401 401 401 401 400 401 400 401 402 401 400
0 0 0 0 0 0 0 0 0 0
0 0 0 0 0 0 0 0 0 0
1 1 1 1 1 1 1 0 0 0
1 0 0 0 0 1 1 0 0 0
1 0 0 0 0 1 1 1 1 1
1 1 1 1 1 1 1 1 1 1
1 0 1 1 1 1 1 1 1 2
1 1 1 1 1 1 1 1 1 0
1 1 1 1 1 1 1 1 1 0
1 1 1 1 1 1 1 1 1 0
Maze 150
83 24 3.5652173913 2.2693307184 25 0.396736877027403
64 43 1 34 41 83 74 81 49 48 14 3 70 66 17 64
63 41 31 31 81 73 71 41 400 44 13 63 400 16 14
401 401 401 402 401 402 402 402 400 401 401 401 400 402 402
1 0 1 0 0 0 0 0 0 0
1 0 1 1 1 1 1 0 0 0
1 0 1 1 0 1 0 0 0 0
1 1 1 1 0 1 0 0 0 0
1 1 1 1 1 1 1 1 1 0
1 0 1 1 0 1 0 0 0 0
1 0 1 2 1 1 1 1 1 1
1 1 1 1 0 0 0 0 0 0
1 1 1 0 0 0 0 0 0 0
0 0 0 0 0 0 0 0 0 0
Maze 151
99 5499 3.0967741935 2.3362168682 77 0.403967500797903
25 12 4 77 71 37 27 93 58 95 75 7 99 62 33 25
22 2 74 400 31 400 23 53 55 400 5 97 92 32 23
401 402 401 400 402 400 402 402 402 400 402 401 401 402 402
0 1 1 1 1 1 1 0 0 0
0 1 0 1 1 0 1 0 0 0
0 1 1 1 2 1 1 0 0 0
1 1 1 1 1 1 1 0 0 0
1 1 1 1 1 0 1 0 0 0
1 1 1 1 1 1 1 1 0 0
1 1 1 1 1 0 1 0 0 0
1 1 1 1 1 1 1 0 0 0
0 1 1 0 1 0 1 0 0 0
0 1 1 1 1 1 1 1 1 0
Maze 152
89 71 3.2244897959 2.2548987742 50 0.381699850749998
18 91 92 29 21 18 38 44 81 42 55 76 67 13 12 18
11 400 22 400 11 400 34 41 41 52 75 66 63 400 400
402 400 402 400 402 400 402 402 402 401 401 402 401 400 400
0 0 0 0 0 0 0 0 0 0
1 1 1 1 1 1 1 2 0 0
1 1 1 1 1 1 1 1 1 0
1 1 1 1 1 1 1 1 0 0
1 1 1 1 0 0 0 0 0 0
1 1 1 1 1 0 0 0 0 0
1 1 1 1 1 1 1 0 0 0
1 1 0 0 1 1 0 0 0 0
1 1 0 0 0 0 0 0 0 0
1 1 0 0 0 0 0 0 0 0
Maze 153
95 620 2.8125000000 2.3680745488 64 0.377117151577859
66 97 32 45 36 20 19 78 63 99 29 73 18 56 51 66
96 92 42 35 16 400 18 73 93 400 23 13 16 400 61
401 401 401 402 402 400 402 401 401 400 402 402 402 400 401
0 0 0 0 0 0 0 0 0 0
0 0 1 1 1 1 1 1 1 1
0 0 1 1 1 1 1 1 1 0
0 1 1 0 1 1 0 1 1 0
0 1 1 1 1 1 0 1 1 0
1 1 1 1 1 1 0 1 1 0
1 1 1 1 1 2 0 1 1 0
0 1 1 1 1 1 1 1 1 0
0 1 1 0 0 1 0 0 1 0
0 1 1 1 1 1 1 1 1 0
Maze 154
107 212 3.6296296296 2.0502229881 92 0.394321812504846
47 23 72 40 81 85 91 23 12 100 36 77 15 24 42 47
43 22 32 31 400 81 21 22 92 96 76 75 14 22 400
401 402 402 402 400 402 402 401 401 401 401 401 402 402 400
0 0 0 0 0 0 0 0 0 0
0 1 0 1 1 0 0 0 0 0
1 1 1 1 1 0 0 0 0 0
1 1 1 1 1 1 1 1 1 1
1 1 1 1 1 1 2 0 0 0
1 1 0 0 1 1 0 0 0 0
1 1 0 0 1 1 0 0 0 0
1 1 0 0 1 1 1 0 0 0
1 1 1 1 1 1 0 0 0 0
1 1 1 1 1 1 1 1 1 1
Maze 155
97 60 3.5454545455 1.8912231790 55 0.388830476798150
43 50 53 3 68 25 44 100 69 3 94 65 35 59 53 43
400 43 400 63 65 24 94 99 63 93 64 400 55 400 400
400 402 400 401 401 402 401 401 401 401 402 400 401 400 400
0 0 1 0 0 0 0 0 0 0
0 0 1 0 0 0 0 0 0 0
0 0 1 1 1 0 0 0 0 0
0 0 1 1 1 0 0 0 0 0
0 0 2 1 1 1 1 1 1 1
0 0 1 1 1 1 1 1 1 0
0 0 1 1 1 1 1 1 1 0
0 0 1 1 0 0 0 0 1 0
0 0 1 1 0 0 0 0 1 0
0 0 1 1 1 1 1 1 1 1
Maze 156
87 660 2.7096774194 2.3288451324 45 0.368343560472617
55 62 70 50 24 27 5 22 99 17 17 64 31 16 23 55
52 400 400 44 400 25 2 92 97 400 14 61 11 13 53
402 400 400 401 400 401 402 401 401 400 402 401 402 402 401
0 1 1 1 1 0 0 0 0 0
1 1 1 1 1 1 1 0 0 0
1 1 1 1 1 1 1 0 0 0
1 1 1 1 0 0 1 0 0 0
1 1 1 1 1 1 1 1 1 1
1 1 1 1 2 0 1 0 0 1
1 1 1 1 1 1 1 1 1 1
0 1 0 0 0 0 1 0 0 0
0 1 0 0 0 0 1 0 0 0
0 1 1 1 1 1 1 1 1 0
Maze 157
101 50 3.5102040816 2.0302837069 66 0.384516028766444
94 94 16 13 39 12 42 77 64 48 91 37 23 88 54 94
400 14 400 33 32 400 72 74 44 41 31 33 83 84 400
400 402 400 401 401 400 401 401 402 402 402 401 401 401 400
0 0 0 0 0 0 0 0 0 0
0 1 1 1 1 1 0 0 0 0
0 1 1 1 0 0 0 0 0 0
1 1 1 1 1 1 1 1 1 0
1 1 1 1 1 1 1 1 0 0
1 1 1 1 0 0 0 0 0 0
1 1 1 1 0 0 0 0 0 0
1 1 1 1 1 1 1 0 0 0
1 0 1 1 1 1 1 1 0 0
1 0 0 2 0 0 0 0 0 0
Maze 158
87 222 2.7419354839 2.3158104283 50 0.375449524566525
20 29 20 84 98 48 44 72 92 55 96 8 83 35 28 20
19 19 14 94 400 400 42 400 52 95 6 3 33 25 18
402 402 402 401 400 400 402 400 402 401 402 402 402 402 402
0 0 1 1 1 1 1 1 0 0
0 0 1 1 1 1 1 1 1 2
0 0 1 1 1 1 1 1 1 0
0 0 1 1 1 1 0 0 0 0
0 1 1 1 1 1 1 1 0 0
0 1 1 1 1 1 0 1 0 0
0 1 1 1 1 1 0 1 0 0
0 1 1 1 1 1 0 1 0 0
0 1 1 1 1 1 0 1 0 0
0 1 0 1 1 1 1 1 0 0
Maze 159
97 114 3.6585365854 1.8845903060 60 0.393786905703928
38 2 91 65 14 13 36 1 50 83 44 11 13 35 42 38
32 1 61 64 400 33 31 41 43 43 41 400 33 32 32
401 402 402 401 400 401 401 401 402 402 401 400 401 402 402
1 1 0 0 0 0 0 0 0 0
1 1 1 1 0 0 0 0 0 0
1 1 1 1 0 0 0 0 0 0
1 1 1 1 1 1 1 2 0 0
1 1 1 1 1 1 1 1 1 1
1 0 1 1 0 0 0 0 0 0
1 1 1 1 1 0 0 0 0 0
1 0 1 0 0 0 0 0 0 0
1 0 1 0 0 0 0 0 0 0
1 0 0 0 0 0 0 0 0 0
Maze 160
99 463 3.0819672131 2.1876928616 64 0.387778755670553
79 29 57 42 18 86 29 34 94 83 86 62 78 81 25 79
400 27 52 12 16 26 24 400 93 400 82 72 71 21 75
400 402 401 402 402 402 402 400 401 400 401 401 402 402 401
0 0 0 0 0 0 0 0 0 0
0 1 1 1 1 1 1 1 0 0
1 1 1 1 1 1 1 1 1 0
1 1 0 1 1 1 1 0 1 0
1 1 0 1 1 1 1 0 1 0
1 1 1 1 1 1 1 0 1 0
1 1 0 1 1 1 0 0 1 0
1 1 1 1 1 1 1 1 2 0
1 1 1 1 1 1 0 0 0 0
0 0 1 1 0 0 0 0 0 0
Maze 161
109 274 3.3703703704 2.1336290192 78 0.382718670846036
34 58 71 72 29 91 16 31 24 43 31 83 28 18 96 34
54 51 400 22 21 11 11 21 23 41 81 23 400 16 94
401 402 400 402 402 402 402 402 402 401 401 402 400 402 401
0 0 0 0 0 0 0 0 0 0
1 1 1 1 1 1 1 1 0 0
1 1 1 1 1 1 1 1 1 0
1 1 1 2 0 1 0 0 0 0
1 1 1 1 0 1 0 0 0 0
1 1 1 1 1 1 1 1 0 0
1 1 1 1 0 1 0 0 0 0
1 1 1 1 0 1 0 0 0 0
1 1 1 1 0 1 0 0 0 0
1 0 0 1 1 1 0 0 0 0
Maze 162
91 77 3.0000000000 2.0565098260 56 0.377924193817809
48 77 26 57 80 54 9 86 70 60 96 17 18 63 75 48
47 76 56 77 74 4 6 66 400 56 16 400 13 73 45
402 401 401 401 401 402 402 402 400 402 402 400 402 401 402
0 0 0 1 1 1 1 1 1 0
0 0 1 1 1 1 1 1 0 0
0 0 1 1 0 1 0 0 0 0
0 0 1 1 0 1 0 0 0 0
0 0 1 1 1 1 1 2 0 0
0 0 1 1 1 1 1 1 1 1
0 0 1 1 1 1 1 1 1 1
0 0 1 1 1 1 1 1 1 1
0 0 0 0 0 1 0 0 0 0
0 0 0 0 0 1 0 0 0 0
Maze 163
91 188 2.8437500000 2.4011477231 40 0.365610034862447
4 19 14 98 9 70 50 6 43 79 80 99 81 64 3 4
14 400 94 8 69 400 46 3 73 400 79 91 61 63 400
401 400 401 402 401 400 401 402 401 400 402 401 402 401 400
0 0 1 2 1 1 0 1 1 0
0 0 1 1 1 1 1 1 1 0
0 0 1 1 0 1 0 1 1 0
0 0 1 1 0 1 0 1 1 0
0 0 1 1 0 1 1 1 1 1
0 0 1 1 0 0 0 1 1 1
1 1 1 1 0 0 0 1 1 1
1 0 1 1 1 1 1 1 1 1
1 0 0 1 0 0 0 1 1 0
1 1 1 1 1 1 1 1 1 0
Maze 164
89 1371 3.2800000000 2.1239033607 56 0.383141730520267
94 17 57 42 49 87 72 33 39 3 58 74 95 56 76 94
14 400 52 400 47 82 32 400 33 53 54 94 55 400 74
402 400 401 400 402 401 402 400 401 401 402 401 402 400 402
0 0 1 0 0 0 0 0 0 0
0 0 1 1 1 1 1 0 0 0
0 0 1 1 0 0 1 0 0 0
0 1 1 1 1 1 1 1 1 0
0 1 1 1 1 1 1 1 1 0
0 1 1 1 1 1 1 1 0 0
0 1 0 1 1 1 1 0 0 0
0 1 0 1 1 1 1 0 0 0
0 1 1 1 1 1 1 0 0 0
0 0 0 2 1 0 0 0 0 0
Maze 165
87 37 2.7924528302 2.0559191449 45 0.406600132932168
62 71 24 54 38 83 94 87 40 84 10 18 10 49 53 62
61 21 400 34 33 93 84 37 34 4 8 8 9 43 52
402 402 400 402 402 401 402 402 402 402 402 402 402 402 402
0 0 0 1 1 1 1 1 1 1
0 0 0 1 0 0 0 1 1 0
1 1 1 1 0 0 0 0 1 0
1 0 1 1 1 1 1 1 1 1
1 0 1 1 1 1 1 1 1 0
1 1 1 1 0 0 1 0 0 0
1 2 1 1 0 0 1 0 0 0
1 0 1 1 0 0 1 0 0 0
0 0 1 1 1 1 1 0 0 0
0 0 1 1 0 0 0 0 0 0
Maze 166
65 14 2.5531914894 2.2348620402 20 0.360861792064044
52 62 83 69 58 14 18 7 23 38 20 35 16 17 3 52
400 82 63 68 54 400 17 3 33 18 15 15 400 13 2
400 401 402 401 401 400 401 402 401 402 402 402 400 401 402
0 1 1 1 1 1 1 0 0 0
0 1 1 1 1 1 1 1 1 1
0 1 1 1 1 0 0 1 0 0
0 1 1 1 1 1 1 1 0 0
0 1 0 1 0 0 0 0 0 0
0 2 0 1 1 1 1 1 0 0
0 1 1 1 1 1 1 1 1 0
0 1 1 0 0 0 0 0 0 0
0 1 1 0 0 0 0 0 0 0
0 0 0 0 0 0 0 0 0 0
Maze 167
99 14 3.1538461538 2.1870597596 53 0.410104194385016
12 47 1 66 41 85 79 44 81 61 72 45 52 20 30 12
42 41 61 61 81 75 74 41 400 71 42 42 12 400 22
401 401 401 401 401 402 401 402 400 401 402 402 402 400 401
1 0 0 0 0 0 0 0 0 0
1 2 1 1 1 1 1 1 1 1
1 1 1 1 1 1 1 1 1 1
1 1 0 0 0 0 0 0 0 0
1 1 1 1 1 1 1 0 0 0
1 1 0 1 0 0 0 0 0 0
1 1 1 1 1 1 0 0 0 0
1 1 0 1 1 1 1 1 1 0
1 1 1 1 1 0 0 0 0 0
0 0 0 0 0 0 0 0 0 0
Maze 168
93 10 3.1764705882 2.1089871334 40 0.357228129558585
98 48 37 44 20 62 17 8 20 8 92 66 91 73 79 98
400 47 34 14 12 12 7 18 18 2 62 61 71 400 78
400 401 402 402 402 402 402 401 401 402 402 402 402 400 402
0 1 1 1 1 1 1 1 0 0
0 1 1 1 1 1 1 1 1 1
0 1 0 1 0 0 0 0 0 0
0 1 0 1 1 1 1 0 0 0
0 1 0 1 0 0 1 1 0 0
0 1 0 0 0 0 0 1 0 0
1 1 1 1 1 1 0 1 0 0
1 1 1 1 1 1 1 1 1 0
1 1 0 0 0 0 0 1 0 0
1 1 0 0 0 0 0 2 0 0
Maze 169
109 11 3.0344827586 1.9496552170 105 0.378987770289914
13 30 13 29 78 16 5 74 86 55 30 81 41 5 92 13
23 23 23 28 76 15 4 84 85 25 21 400 1 2 12
401 401 401 402 401 401 402 401 401 402 402 400 402 402 402
1 1 1 1 1 0 0 0 0 0
1 1 2 1 1 1 0 0 0 0
1 1 1 1 1 1 1 1 1 1
1 1 0 1 1 1 0 1 0 0
1 1 0 1 1 1 0 1 0 0
1 1 0 1 1 1 0 1 0 0
1 1 0 1 1 1 0 1 0 0
1 1 0 1 1 1 1 1 0 0
1 1 0 1 1 1 0 0 0 0
0 1 0 0 0 0 0 0 0 0
Maze 170
127 19 3.4339622642 1.8025561151 128 0.378724957042901
41 74 41 75 72 88 83 72 20 89 4 82 19 52 98 41
71 71 71 400 82 400 82 12 19 84 2 12 12 92 91
401 401 401 400 401 400 401 402 402 401 402 402 402 401 401
0 1 1 1 0 0 0 0 0 0
0 1 1 1 1 1 1 1 1 1
0 1 0 1 0 0 0 0 1 0
0 1 0 1 0 0 0 0 1 0
2 1 0 1 0 0 0 0 1 0
1 1 0 1 0 0 0 0 1 0
1 1 0 1 0 0 0 0 1 0
1 1 1 1 1 0 0 0 1 0
1 1 1 1 1 1 1 1 1 0
1 1 1 1 1 1 1 1 0 0
Maze 171
149 130 3.9677419355 2.0093932929 178 0.385116518472014
15 71 75 82 10 75 81 51 20 54 30 83 10 61 80 15
11 400 72 2 5 71 400 11 14 24 23 3 1 71 75
402 400 402 402 402 402 400 402 402 402 402 402 402 401 401
1 1 1 1 1 1 1 1 1 1
1 1 1 1 2 1 1 1 1 1
1 1 1 1 1 1 1 1 1 1
1 1 1 1 1 0 0 0 0 0
1 1 1 1 1 0 0 0 0 0
1 1 1 1 1 0 0 0 0 0
1 1 1 0 1 0 0 0 0 0
1 1 1 1 1 1 1 1 1 1
1 1 1 0 0 0 0 0 0 0
0 0 0 0 0 0 0 0 0 0
Maze 172
107 212 3.2962962963 1.9599405581 81 0.391601743630461
33 59 90 2 99 64 73 51 34 51 98 60 29 90 89 33
53 89 82 92 94 63 71 31 31 91 58 59 89 400 83
401 401 401 401 401 402 401 402 402 401 402 401 401 400 401
0 1 0 0 0 0 0 0 0 0
0 1 0 0 0 0 0 0 0 0
0 1 0 0 0 0 0 0 1 0
1 1 2 1 0 0 0 0 1 0
1 1 1 0 0 0 0 0 1 0
1 1 1 1 1 1 1 1 1 1
1 1 1 1 0 0 0 1 1 0
1 1 1 1 0 0 0 1 1 0
1 1 1 1 1 1 1 1 1 1
1 1 1 1 1 1 1 1 1 0
Maze 173
121 93 3.3770491803 2.0951251178 101 0.398098202873335
73 9 32 63 61 98 95 4 96 11 18 5 64 100 28 73
3 2 62 400 91 400 94 94 91 400 15 4 94 98 23
402 402 401 400 401 400 401 401 401 400 401 402 401 401 402
0 1 1 1 1 1 1 1 1 0
1 1 1 1 1 1 1 1 0 0
1 1 1 1 1 1 1 1 0 0
1 1 1 1 0 0 0 1 0 0
1 1 1 1 0 0 0 1 0 0
1 1 1 1 0 0 0 1 0 0
1 1 1 1 0 0 0 1 0 0
1 0 2 1 0 0 0 1 0 0
1 0 0 1 0 0 0 1 0 0
1 1 1 1 1 1 1 1 1 1
Maze 174
101 2545 2.9491525424 2.1754232752 71 0.373060620104160
11 76 49 84 90 48 73 58 17 4 25 72 87 28 63 11
71 46 44 400 88 43 53 57 14 24 22 82 27 23 61
401 402 402 400 401 402 402 401 401 401 402 401 402 402 401
0 0 0 1 0 0 0 0 0 0
2 0 0 1 1 1 1 0 0 0
1 1 1 1 1 1 1 1 0 0
1 1 1 0 0 0 1 0 0 0
1 1 1 1 1 1 1 1 1 0
1 1 1 1 1 1 1 1 0 0
1 1 1 1 0 1 1 1 0 0
1 1 1 1 1 1 1 1 0 0
0 1 1 1 1 1 1 1 1 1
0 0 0 0 0 0 0 0 0 0
Maze 175
113 715 3.2380952381 2.1906107422 97 0.384012220989208
90 22 29 83 69 20 42 59 83 55 69 96 48 7 40 90
82 400 23 63 19 12 52 53 53 65 66 46 47 37 400
401 400 402 402 402 402 401 402 402 401 402 402 401 401 400
0 0 0 0 0 0 1 0 0 0
0 1 1 1 1 1 1 1 1 1
0 1 1 1 1 1 1 1 1 0
0 1 1 0 0 0 1 1 1 1
0 1 1 0 0 1 1 1 1 1
0 1 1 1 1 1 1 1 1 1
0 1 1 1 1 1 1 1 1 1
0 1 1 0 0 1 0 0 0 1
0 1 1 1 1 1 1 1 1 2
0 0 0 0 0 1 0 0 0 0
Maze 176
113 116 3.3220338983 2.1107027785 77 0.388429366607957
41 85 91 60 21 28 13 58 73 18 88 65 46 88 99 41
81 81 51 51 400 23 53 53 13 400 85 45 86 98 91
401 402 402 401 400 401 401 402 402 400 401 402 401 401 401
0 0 0 0 0 0 0 0 0 0
0 0 1 1 1 1 1 1 0 0
1 1 1 1 1 1 1 1 0 0
1 0 1 0 0 0 0 1 0 0
2 0 1 0 1 1 0 1 0 0
1 1 1 1 1 1 1 1 1 1
1 0 1 0 1 1 0 1 0 0
1 0 1 0 1 1 0 1 0 0
1 1 1 1 1 1 1 1 0 0
1 1 1 1 1 1 1 1 1 0
Maze 177
79 39 3.1111111111 2.0374628221 26 0.392400649905180
5 44 60 61 84 54 87 65 19 44 53 34 18 39 48 5
4 54 51 81 400 84 85 15 14 43 33 14 38 38 45
402 401 402 401 400 401 401 402 402 402 402 402 401 402 401
0 0 0 1 2 0 0 0 0 0
0 0 0 1 1 1 1 1 1 0
0 0 0 1 1 0 0 1 0 0
0 0 1 1 1 0 0 1 1 0
0 0 1 1 1 1 1 1 0 0
1 1 1 1 1 1 1 1 1 1
1 0 0 1 1 0 0 0 0 0
1 0 0 1 1 0 0 0 0 0
1 1 1 1 1 1 1 0 0 0
0 0 0 0 0 0 0 0 0 0
Maze 178
87 45 3.1923076923 2.2087334001 45 0.375852730382788
71 91 86 94 78 63 35 11 22 8 75 25 11 28 96 71
400 81 84 74 73 33 31 21 2 5 400 21 21 26 91
400 402 402 402 401 402 401 401 402 402 400 401 401 402 401
0 1 1 1 1 1 1 1 0 0
1 1 0 0 1 0 0 0 0 0
1 1 1 1 1 1 1 1 0 0
1 1 1 1 1 1 0 0 0 0
0 0 1 0 1 1 0 0 0 0
0 0 1 0 1 1 0 0 0 0
0 0 1 0 1 1 0 0 0 0
2 0 1 1 1 1 1 1 0 0
1 1 1 1 1 1 0 0 0 0
1 1 1 1 1 1 0 0 0 0
Maze 179
97 139 2.9411764706 1.9523029392 84 0.407731887259775
53 3 27 62 2 57 76 82 8 40 52 50 30 24 12 53
400 23 22 400 52 56 72 2 38 32 42 400 400 22 52
400 401 402 400 401 402 402 402 401 402 402 400 400 401 401
0 1 1 1 1 1 1 1 0 0
0 1 1 0 0 0 0 1 0 0
0 1 1 1 1 1 1 1 1 1
0 1 1 1 1 1 1 1 1 1
0 1 1 1 1 1 1 1 1 1
0 1 2 1 1 1 1 0 0 0
0 1 0 0 0 1 0 0 0 0
0 1 1 1 1 1 0 0 0 0
0 1 0 0 0 0 0 0 0 0
0 0 0 0 0 0 0 0 0 0
Maze 180
119 757 3.8000000000 2.2245404411 135 0.372700939119607
59 85 30 48 100 37 39 99 29 94 17 41 14 69 32 59
55 25 28 98 97 400 400 400 24 14 11 11 64 62 52
402 402 402 401 401 400 400 400 402 402 402 402 401 401 401
0 0 0 0 0 0 0 0 0 0
1 1 1 1 1 1 1 0 0 0
1 0 0 1 1 1 1 1 1 1
1 1 0 1 1 0 1 1 1 0
1 1 0 1 1 0 1 1 1 0
0 1 1 1 1 1 1 1 2 0
0 1 1 1 1 1 1 1 1 0
0 0 0 1 1 0 1 1 1 0
0 0 0 1 1 0 1 1 1 0
0 0 0 1 0 0 1 1 1 1
Maze 181
101 14 2.7636363636 1.8807195293 50 0.383506072791315
36 48 73 2 11 87 19 49 62 48 33 3 89 77 23 36
46 43 72 1 81 17 400 42 42 43 400 83 87 73 33
401 402 401 402 401 402 400 402 402 401 400 401 401 401 401
1 1 1 0 0 0 0 0 0 0
1 1 1 0 0 0 1 1 1 0
1 1 1 0 0 0 1 0 1 0
1 1 1 1 1 2 1 0 1 0
1 1 1 1 1 1 1 1 1 0
1 1 1 0 0 0 1 0 0 0
1 1 1 0 0 0 1 0 0 0
1 1 1 1 1 1 1 0 0 0
1 1 1 1 1 1 1 1 1 0
0 0 0 0 0 0 0 0 0 0
Maze 182
85 46 2.8750000000 1.9626641082 45 0.375800511145718
21 68 72 66 72 67 46 7 42 46 85 38 40 10 37 21
61 62 62 62 62 66 6 2 400 45 35 400 400 7 31
401 402 402 402 402 401 402 402 400 402 402 400 400 402 401
0 1 1 1 1 1 1 1 1 1
0 1 0 0 0 1 1 0 0 1
2 1 0 0 0 1 1 0 0 1
1 1 1 1 1 1 1 1 1 1
1 1 1 1 1 1 0 0 0 0
1 0 0 0 1 1 0 0 0 0
1 1 1 1 1 1 1 1 0 0
0 1 0 0 1 0 0 0 0 0
0 0 0 0 1 0 0 0 0 0
0 0 0 0 0 0 0 0 0 0
Maze 183
113 80 3.1698113208 1.9587740159 112 0.382043674086123
63 76 3 31 16 59 53 5 81 24 97 15 17 81 21 63
73 73 1 11 56 400 3 1 21 94 95 400 11 400 61
401 401 402 402 401 400 402 402 402 401 401 400 402 400 401
1 1 1 1 1 0 0 0 0 0
1 1 1 1 1 1 1 0 0 0
1 1 1 1 1 1 0 0 0 0
1 0 1 1 1 1 0 0 0 0
1 0 1 1 1 1 0 0 0 0
1 0 1 1 1 1 1 1 1 0
1 1 2 1 1 0 0 0 0 0
1 0 1 1 1 1 0 0 0 0
1 0 0 1 1 0 0 0 0 0
0 0 0 1 1 1 1 0 0 0
Maze 184
101 1065 3.2542372881 2.2782642707 71 0.375799487324977
45 39 82 46 64 58 5 91 73 15 21 43 98 96 17 45
35 32 42 44 54 55 1 71 13 11 41 93 400 16 15
402 402 402 402 402 401 402 402 402 402 401 401 400 402 402
1 1 1 1 1 0 0 0 0 0
1 1 1 1 1 1 1 0 0 0
1 0 1 0 1 1 0 0 0 0
1 1 1 1 1 1 1 1 1 0
1 1 1 1 2 1 0 0 0 0
1 1 1 1 1 1 1 1 0 0
1 1 1 1 0 1 0 0 0 0
1 1 1 0 0 1 0 0 0 0
1 1 1 0 0 1 0 0 0 0
1 0 1 1 1 1 1 1 0 0
Maze 185
111 41634 3.4444444444 2.0231479501 104 0.398606227155640
7 95 13 8 47 32 66 47 52 16 79 4 48 72 26 7
5 93 3 7 42 62 46 42 12 76 74 44 42 22 6
402 401 402 402 401 401 402 402 402 401 401 401 402 402 402
0 0 1 1 1 1 2 1 0 0
0 1 1 1 1 1 1 0 0 0
0 1 1 1 1 1 1 0 0 0
0 1 1 1 1 1 1 0 0 0
0 1 1 1 1 1 1 1 0 0
0 1 1 1 1 1 0 0 0 0
0 1 1 1 1 1 0 0 0 0
0 1 1 1 1 1 1 1 1 0
0 0 1 0 1 0 0 0 0 0
0 0 1 1 1 0 0 0 0 0
Maze 186
117 529 3.6785714286 2.0810217030 140 0.397079748236946
5 86 12 39 64 93 50 63 73 17 23 6 45 10 87 5
85 82 32 34 63 43 43 400 13 13 3 5 5 7 85
401 401 401 402 402 402 402 400 402 402 402 402 402 402 401
0 0 1 1 2 1 1 1 1 1
0 1 1 1 1 1 1 0 0 0
0 1 1 0 1 0 1 0 0 0
0 1 1 1 1 1 1 1 1 0
0 1 1 1 1 1 1 1 1 1
0 1 1 1 1 0 1 0 0 0
0 1 1 1 1 0 1 0 0 0
0 1 1 0 1 0 1 0 0 0
0 1 1 1 1 1 1 0 0 0
0 0 1 0 0 0 0 0 0 0
Maze 187
105 43 3.1746031746 2.2425627421 84 0.389924277919091
72 60 12 13 8 70 5 77 43 53 43 80 89 21 15 72
52 52 400 3 68 65 75 73 400 400 73 79 81 11 12
402 401 400 402 401 401 401 401 400 400 401 402 401 402 402
0 0 1 1 1 1 1 1 0 0
1 1 1 1 1 0 0 1 0 0
1 1 0 0 1 0 0 1 0 0
1 1 0 0 1 0 0 1 0 0
1 1 1 0 1 0 0 1 0 0
1 1 1 1 1 1 1 1 1 1
1 1 1 0 1 1 1 1 1 1
1 2 1 1 1 1 1 1 1 1
1 1 1 1 1 1 1 1 1 0
0 0 0 0 0 0 0 0 0 0
Maze 188
117 16 3.2615384615 2.1892069608 113 0.360284599477021
92 99 19 100 80 75 9 52 40 1 34 91 4 26 22 92
400 400 99 400 400 5 2 32 31 31 31 1 24 400 400
400 400 401 400 400 402 402 402 401 401 402 402 401 400 400
1 1 1 1 1 1 1 1 1 0
1 1 0 1 1 0 0 0 1 0
1 1 1 1 1 1 0 0 1 0
1 1 1 1 1 1 1 1 1 1
1 1 0 0 1 0 0 0 1 0
1 1 0 0 1 0 0 0 1 0
1 1 0 0 1 0 0 0 1 0
1 1 0 0 1 1 1 1 1 1
1 1 0 0 0 0 0 0 1 1
1 2 1 1 1 1 1 1 1 1
Maze 189
87 25 3.5348837209 2.0779121509 31 0.371730481272772
91 32 22 16 76 18 69 26 43 44 18 17 1 30 42 91
31 400 12 400 16 68 66 23 400 14 400 11 21 22 41
402 400 402 400 402 401 401 402 400 402 400 401 401 402 402
1 0 0 0 0 0 0 0 0 0
1 1 1 1 1 1 1 1 0 0
1 1 1 1 1 1 1 1 1 1
1 1 1 1 0 1 0 1 0 0
1 1 1 1 0 1 0 1 0 0
1 0 0 0 0 1 0 1 0 0
1 0 0 0 0 1 1 1 1 0
1 0 0 0 0 1 0 0 0 0
1 0 0 0 0 0 0 0 0 0
2 0 0 0 0 0 0 0 0 0
Maze 190
113 1970 3.7454545455 2.1457624873 112 0.388877567342466
71 79 3 58 91 52 20 26 65 33 12 48 45 86 17 71
400 73 53 51 51 12 16 25 63 32 42 400 85 16 11
400 401 401 402 402 402 402 402 401 401 401 400 401 402 402
0 0 1 0 0 0 0 0 0 0
1 1 1 1 1 1 1 1 1 1
1 1 1 0 1 1 0 0 0 0
1 1 1 0 1 1 0 0 0 0
1 1 1 1 1 1 1 1 0 0
1 1 1 1 1 1 1 1 0 0
1 0 1 1 1 1 0 0 0 0
2 1 1 1 1 1 1 1 1 0
1 0 0 0 1 1 0 0 0 0
1 0 0 0 0 0 0 0 0 0
Maze 191
99 81 3.1578947368 2.2157402060 70 0.376372430428648
21 94 13 99 68 36 5 34 2 70 42 44 66 49 33 21
91 93 93 98 66 35 4 32 62 62 400 64 46 43 31
401 401 401 401 401 401 402 401 401 401 400 401 402 401 401
0 1 0 1 1 0 0 0 0 0
0 1 1 1 1 0 0 0 0 0
2 1 1 1 1 0 0 0 0 0
1 1 1 1 1 1 0 0 0 0
1 1 1 1 1 1 1 1 1 0
1 1 1 1 0 1 0 0 0 0
1 1 1 1 1 1 1 1 1 1
1 0 1 0 0 0 0 1 0 0
1 0 1 0 0 0 0 1 0 0
1 1 1 1 1 1 1 1 1 0
Maze 192
91 37 3.2452830189 2.2642404302 50 0.382310825288266
97 83 12 4 28 55 18 45 1 47 27 59 24 77 37 97
93 82 2 24 25 15 15 41 41 400 57 54 74 400 400
401 401 402 401 402 402 402 401 401 400 401 401 401 400 400
1 1 1 1 0 0 0 0 0 0
1 1 0 1 1 1 1 1 0 0
1 1 0 1 1 1 1 1 0 0
1 1 0 1 1 0 1 0 0 0
1 1 1 1 1 1 1 0 0 0
0 1 0 1 1 1 1 1 1 0
0 1 0 1 0 0 1 0 0 0
0 1 0 1 1 1 1 0 0 0
0 1 1 0 0 0 1 0 0 0
0 0 1 1 1 1 2 0 0 0
Maze 193
93 337 3.5416666667 2.0959983016 56 0.382700590926690
33 28 57 18 83 3 51 31 37 62 72 7 55 73 11 33
23 27 17 13 400 1 400 400 32 400 2 5 53 71 31
402 402 402 402 400 402 400 400 402 400 402 402 402 401 401
1 1 1 1 1 1 1 0 0 0
1 1 1 1 1 1 1 1 0 0
1 1 1 1 1 1 1 1 0 0
1 1 2 1 1 1 1 0 0 0
1 1 1 0 1 0 1 0 0 0
1 1 1 1 1 0 1 0 0 0
1 1 1 0 0 0 0 0 0 0
1 1 1 0 0 0 0 0 0 0
0 0 1 0 0 0 0 0 0 0
0 0 0 0 0 0 0 0 0 0
Maze 194
115 54 3.6727272727 1.9985450506 132 0.390285751569374
25 72 93 37 89 76 4 75 38 73 88 21 29 93 22 25
22 92 33 87 86 74 74 35 33 83 81 400 23 92 400
402 401 402 401 401 401 401 402 402 401 401 400 402 401 400
0 0 0 1 0 0 0 0 0 0
0 0 0 1 0 0 0 0 0 0
1 1 1 1 2 1 1 1 1 0
1 1 1 1 1 1 1 1 0 0
1 1 1 1 1 0 1 0 0 0
1 1 1 1 1 0 1 0 0 0
1 1 1 1 1 0 1 0 0 0
1 1 1 1 1 1 1 0 0 0
1 1 1 1 1 1 1 1 1 0
0 1 1 0 0 0 0 0 0 0
Maze 195
109 2470 3.2615384615 2.2817242402 112 0.397595446061859
8 80 94 94 89 84 12 60 35 79 40 94 33 20 70 8
78 74 400 84 400 82 52 55 75 39 34 93 13 400 68
401 402 400 402 400 401 401 401 401 402 402 401 402 400 401
0 0 0 0 0 0 0 2 0 0
0 1 1 1 1 1 1 1 1 1
0 1 1 0 0 0 0 1 0 1
0 1 1 1 1 1 1 1 1 1
0 1 1 1 1 0 0 1 1 1
0 1 1 1 1 1 1 1 1 1
0 1 1 1 1 0 0 1 1 1
0 1 1 1 1 1 1 1 1 1
0 1 1 1 1 1 1 1 1 0
0 0 1 1 0 0 0 0 0 0
Maze 196
103 67 2.8253968254 2.1916914755 51 0.381301176441415
75 14 76 22 31 93 85 93 90 30 72 86 35 70 10 75
74 74 72 21 91 83 83 83 400 22 82 85 65 400 5
401 401 401 402 401 402 402 402 400 402 401 401 401 400 402
0 0 0 0 1 1 1 1 1 1
0 0 0 1 1 0 0 0 0 1
1 1 1 1 1 1 1 1 1 1
1 1 0 1 1 0 0 0 0 1
1 1 0 1 1 0 0 0 0 1
1 1 0 1 1 0 0 0 0 1
1 1 0 1 1 1 1 1 1 1
1 1 1 1 2 1 0 0 0 1
1 1 1 1 1 1 1 1 1 1
1 1 1 0 0 0 0 0 0 0
Maze 197
97 94 2.7301587302 2.1872580440 64 0.366063797935236
61 91 98 29 48 87 3 41 72 82 99 27 83 50 70 61
400 400 28 28 47 83 1 71 400 92 97 23 43 400 400
400 400 402 402 402 401 402 401 400 401 401 402 402 400 400
1 1 1 0 0 0 0 0 0 0
1 0 1 0 0 0 0 0 0 0
1 0 1 1 1 1 1 1 1 0
1 0 1 0 0 0 1 1 0 0
1 0 1 1 1 1 1 1 1 1
1 0 1 0 0 0 1 1 0 1
2 1 1 1 1 1 1 1 1 1
1 1 1 0 0 0 1 1 0 0
1 1 1 1 1 1 1 1 0 0
1 1 1 1 1 1 1 1 1 0
Maze 198
85 57 3.5609756098 1.9564757054 36 0.375593982042499
33 70 62 46 64 51 41 53 29 14 36 1 26 14 57 33
63 400 42 44 61 400 51 23 24 34 31 21 24 54 53
401 400 402 402 401 400 401 402 401 401 401 401 401 401 401
1 0 0 0 0 0 0 0 0 0
1 0 0 1 0 0 0 0 0 0
1 1 1 1 1 1 1 1 1 0
1 1 2 1 1 1 0 0 0 0
1 1 1 1 1 1 0 0 0 0
1 1 1 1 1 1 1 0 0 0
1 1 1 1 1 1 1 1 1 1
0 0 0 0 0 0 0 0 0 0
0 0 0 0 0 0 0 0 0 0
0 0 0 0 0 0 0 0 0 0
Maze 199
99 32 2.8064516129 2.1719068963 55 0.358950655633303
55 49 48 46 47 83 90 49 87 20 1 90 32 4 75 55
45 400 400 400 43 400 89 47 17 11 81 82 2 74 400
402 400 400 400 402 400 401 402 402 401 401 401 402 401 400
1 1 1 1 0 0 0 0 0 0
1 1 1 1 1 1 1 1 1 1
1 1 0 1 0 0 1 0 0 0
1 1 0 1 0 0 1 0 0 0
1 1 1 1 1 1 1 1 1 0
1 1 1 1 2 0 1 0 1 0
1 1 1 1 1 0 1 0 1 0
1 1 1 1 1 0 1 0 1 0
1 1 1 1 1 1 1 1 1 1
0 0 0 0 0 0 0 0 0 0
Maze 200
85 269 2.8474576271 2.3108787080 31 0.377449054962504
12 90 80 36 61 96 93 69 48 55 57 28 76 82 92 12
82 400 76 31 91 400 63 68 45 400 27 26 72 400 400
401 400 401 402 401 400 402 401 402 400 402 402 402 400 400
0 0 0 0 0 0 0 0 0 0
0 2 0 0 0 0 0 0 0 0
0 1 0 0 0 1 1 1 0 0
1 1 1 1 1 1 1 0 0 0
1 1 0 0 1 1 1 1 0 0
1 1 0 0 1 1 1 1 0 0
1 1 1 1 1 1 1 1 1 0
1 1 1 1 1 1 1 1 1 1
1 1 1 1 1 1 1 1 1 1
1 1 1 1 1 1 0 0 0 0
